-2.6645367412140573 0.8953229398663697
-2.472843450479233 0.8937639198218262
-2.1661341853035143 0.8844097995545657
-1.9872204472843449 0.867260579064588
-1.7955271565495203 0.8485523385300667
-1.6038338658146962 0.820489977728285
-1.5271565495207664 0.7971046770601335
-1.4249201277955272 0.7752783964365255
-1.3354632587859423 0.744097995545657
-1.2715654952076676 0.722271714922049
-1.1948881789137378 0.6926503340757237
-1.130990415335463 0.6567928730512249
-1.0159744408945688 0.6053452115812918
-0.939297124600639 0.566369710467706
-0.8753993610223638 0.5289532293986637
-0.7987220447284344 0.4930957683741648
-0.7092651757188495 0.4478841870824054
-0.6325878594249197 0.4026726057906459
-0.5175718849840254 0.3496659242761694
-0.4153354632587858 0.3044543429844099
-0.2747603833865808 0.26236080178173715
-0.14696485623003142 0.23741648106904245
-0.03194888178913757 0.22962138084632522
0.1086261980830674 0.24053452115812923
0.26198083067092703 0.2779510022271716
0.38977635782747555 0.3262806236080179
0.5303514376996805 0.3964365256124722
0.6453674121405752 0.4619153674832962
0.7476038338658144 0.5118040089086859
0.8370607028753998 0.5648106904231626
0.939297124600639 0.6131403118040089
1.0670926517571884 0.6630289532293987
1.1948881789137387 0.7051224944320713
1.4121405750798726 0.7550111358574609
1.6293929712460073 0.8064587973273942
1.9105431309904155 0.8485523385300667
2.140575079872205 0.8797327394209353
2.383386581469648 0.8937639198218262
2.6134185303514386 0.8999999999999999
2.881789137380192 0.9015590200445434
