1.000000 -100.000000 -100.000000
-0.050000 -4.500000 0.994980
-0.050000 -4.400000 0.994829
-0.050000 -4.300000 0.994674
-0.050000 -4.200000 0.994672
-0.050000 -4.100000 0.994412
-0.050000 -4.000000 0.994210
-0.050000 -3.900000 0.994754
-0.050000 -3.800000 0.995476
-0.050000 -3.700000 0.995712
-0.050000 -3.600000 0.994637
-0.050000 -3.500000 0.993045
-0.050000 -3.400000 0.992173
-0.050000 -3.300000 0.991147
-0.050000 -3.200000 0.980545
-0.050000 -3.100000 0.699374
-0.050000 -3.000000 0.607301
-0.050000 -2.900000 0.699374
-0.050000 -2.800000 0.980545
-0.050000 -2.700000 0.991147
-0.050000 -2.600000 0.992173
-0.050000 -2.500000 0.993045
-0.050000 -2.400000 0.994637
-0.050000 -2.300000 0.995712
-0.050000 -2.200000 0.995476
-0.050000 -2.100000 0.994754
-0.050000 -2.000000 0.994210
-0.050000 -1.900000 0.994412
-0.050000 -1.800000 0.994672
-0.050000 -1.700000 0.994674
-0.050000 -1.600000 0.994829
-0.050000 -1.500000 0.994980
-0.050000 -1.400000 0.994829
-0.050000 -1.300000 0.994674
-0.050000 -1.200000 0.994672
-0.050000 -1.100000 0.994412
-0.050000 -1.000000 0.994210
-0.050000 -0.900000 0.994754
-0.050000 -0.800000 0.995476
-0.050000 -0.700000 0.995712
-0.050000 -0.600000 0.994637
-0.050000 -0.500000 0.993045
-0.050000 -0.400000 0.992173
-0.050000 -0.300000 0.991147
-0.050000 -0.200000 0.980545
-0.050000 -0.100000 0.699374
-0.050000 0.000000 0.607301
-0.050000 0.100000 0.699374
-0.050000 0.200000 0.980545
-0.050000 0.300000 0.991147
-0.050000 0.400000 0.992173
-0.050000 0.500000 0.993045
-0.050000 0.600000 0.994637
-0.050000 0.700000 0.995712
-0.050000 0.800000 0.995476
-0.050000 0.900000 0.994754
-0.050000 1.000000 0.994210
-0.050000 1.100000 0.994412
-0.050000 1.200000 0.994672
-0.050000 1.300000 0.994674
-0.050000 1.400000 0.994829
-0.050000 1.500000 0.994980
-0.050000 1.600000 0.994829
-0.050000 1.700000 0.994674
-0.050000 1.800000 0.994672
-0.050000 1.900000 0.994412
-0.050000 2.000000 0.994210
-0.050000 2.100000 0.994754
-0.050000 2.200000 0.995476
-0.050000 2.300000 0.995712
-0.050000 2.400000 0.994637
-0.050000 2.500000 0.993045
-0.050000 2.600000 0.992173
-0.050000 2.700000 0.991147
-0.050000 2.800000 0.980545
-0.050000 2.900000 0.699374
-0.050000 3.000000 0.607301
-0.050000 3.100000 0.699374
-0.050000 3.200000 0.980545
-0.050000 3.300000 0.991147
-0.050000 3.400000 0.992173
-0.050000 3.500000 0.993045
-0.050000 3.600000 0.994637
-0.050000 3.700000 0.995712
-0.050000 3.800000 0.995476
-0.050000 3.900000 0.994754
-0.050000 4.000000 0.994210
-0.050000 4.100000 0.994412
-0.050000 4.200000 0.994672
-0.050000 4.300000 0.994674
-0.050000 4.400000 0.994829
0.050000 -4.500000 0.994980
0.050000 -4.400000 0.994829
0.050000 -4.300000 0.994674
0.050000 -4.200000 0.994672
0.050000 -4.100000 0.994412
0.050000 -4.000000 0.994210
0.050000 -3.900000 0.994754
0.050000 -3.800000 0.995476
0.050000 -3.700000 0.995712
0.050000 -3.600000 0.994637
0.050000 -3.500000 0.993045
0.050000 -3.400000 0.992173
0.050000 -3.300000 0.991147
0.050000 -3.200000 0.980545
0.050000 -3.100000 0.699374
0.050000 -3.000000 0.607301
0.050000 -2.900000 0.699374
0.050000 -2.800000 0.980545
0.050000 -2.700000 0.991147
0.050000 -2.600000 0.992173
0.050000 -2.500000 0.993045
0.050000 -2.400000 0.994637
0.050000 -2.300000 0.995712
0.050000 -2.200000 0.995476
0.050000 -2.100000 0.994754
0.050000 -2.000000 0.994210
0.050000 -1.900000 0.994412
0.050000 -1.800000 0.994672
0.050000 -1.700000 0.994674
0.050000 -1.600000 0.994829
0.050000 -1.500000 0.994980
0.050000 -1.400000 0.994829
0.050000 -1.300000 0.994674
0.050000 -1.200000 0.994672
0.050000 -1.100000 0.994412
0.050000 -1.000000 0.994210
0.050000 -0.900000 0.994754
0.050000 -0.800000 0.995476
0.050000 -0.700000 0.995712
0.050000 -0.600000 0.994637
0.050000 -0.500000 0.993045
0.050000 -0.400000 0.992173
0.050000 -0.300000 0.991147
0.050000 -0.200000 0.980545
0.050000 -0.100000 0.699374
0.050000 0.000000 0.607301
0.050000 0.100000 0.699374
0.050000 0.200000 0.980545
0.050000 0.300000 0.991147
0.050000 0.400000 0.992173
0.050000 0.500000 0.993045
0.050000 0.600000 0.994637
0.050000 0.700000 0.995712
0.050000 0.800000 0.995476
0.050000 0.900000 0.994754
0.050000 1.000000 0.994210
0.050000 1.100000 0.994412
0.050000 1.200000 0.994672
0.050000 1.300000 0.994674
0.050000 1.400000 0.994829
0.050000 1.500000 0.994980
0.050000 1.600000 0.994829
0.050000 1.700000 0.994674
0.050000 1.800000 0.994672
0.050000 1.900000 0.994412
0.050000 2.000000 0.994210
0.050000 2.100000 0.994754
0.050000 2.200000 0.995476
0.050000 2.300000 0.995712
0.050000 2.400000 0.994637
0.050000 2.500000 0.993045
0.050000 2.600000 0.992173
0.050000 2.700000 0.991147
0.050000 2.800000 0.980545
0.050000 2.900000 0.699374
0.050000 3.000000 0.607301
0.050000 3.100000 0.699374
0.050000 3.200000 0.980545
0.050000 3.300000 0.991147
0.050000 3.400000 0.992173
0.050000 3.500000 0.993045
0.050000 3.600000 0.994637
0.050000 3.700000 0.995712
0.050000 3.800000 0.995476
0.050000 3.900000 0.994754
0.050000 4.000000 0.994210
0.050000 4.100000 0.994412
0.050000 4.200000 0.994672
0.050000 4.300000 0.994674
0.050000 4.400000 0.994829
