5.000000 -100.000000 -100.000000
-0.050000 -4.450000 0.613150
-0.050000 -4.350000 0.615503
-0.050000 -4.250000 0.577894
-0.050000 -4.150000 0.561753
-0.050000 -4.050000 0.533359
-0.050000 -3.950000 0.522168
-0.050000 -3.849999 0.497524
-0.050000 -3.749999 0.461310
-0.050000 -3.649999 0.439992
-0.050000 -3.549999 0.432858
-0.050000 -3.449998 0.416052
-0.050000 -3.349998 0.414590
-0.050000 -3.249999 0.410630
-0.050000 -3.149999 0.412115
-0.050000 -3.049999 0.406128
-0.050000 -2.950001 0.406128
-0.050000 -2.850001 0.412115
-0.050000 -2.750001 0.410630
-0.050000 -2.650002 0.414590
-0.050000 -2.550002 0.416052
-0.050000 -2.450001 0.432858
-0.050000 -2.350001 0.439992
-0.050000 -2.250001 0.461310
-0.050000 -2.150001 0.497524
-0.050000 -2.050000 0.522168
-0.050000 -1.950000 0.533359
-0.050000 -1.850000 0.561753
-0.050000 -1.750000 0.577894
-0.050000 -1.650000 0.615503
-0.050000 -1.550000 0.613150
-0.050000 -1.450000 0.613150
-0.050000 -1.350000 0.615503
-0.050000 -1.250000 0.577894
-0.050000 -1.150000 0.561753
-0.050000 -1.050000 0.533359
-0.050000 -0.950000 0.522168
-0.050000 -0.849999 0.497524
-0.050000 -0.749999 0.461310
-0.050000 -0.649999 0.439992
-0.050000 -0.549999 0.432858
-0.050000 -0.449998 0.416052
-0.050000 -0.349998 0.414590
-0.050000 -0.249999 0.410630
-0.050000 -0.149999 0.412115
-0.050000 -0.049999 0.406128
-0.050000 0.049999 0.406128
-0.050000 0.149999 0.412115
-0.050000 0.249999 0.410630
-0.050000 0.349998 0.414590
-0.050000 0.449998 0.416052
-0.050000 0.549999 0.432858
-0.050000 0.649999 0.439992
-0.050000 0.749999 0.461310
-0.050000 0.849999 0.497524
-0.050000 0.950000 0.522168
-0.050000 1.050000 0.533359
-0.050000 1.150000 0.561753
-0.050000 1.250000 0.577894
-0.050000 1.350000 0.615503
-0.050000 1.450000 0.613150
-0.050000 1.550000 0.613150
-0.050000 1.650000 0.615503
-0.050000 1.750000 0.577894
-0.050000 1.850000 0.561753
-0.050000 1.950000 0.533359
-0.050000 2.050000 0.522168
-0.050000 2.150001 0.497524
-0.050000 2.250001 0.461310
-0.050000 2.350001 0.439992
-0.050000 2.450001 0.432858
-0.050000 2.550002 0.416052
-0.050000 2.650002 0.414590
-0.050000 2.750001 0.410630
-0.050000 2.850001 0.412115
-0.050000 2.950001 0.406128
-0.050000 3.049999 0.406128
-0.050000 3.149999 0.412115
-0.050000 3.249999 0.410630
-0.050000 3.349998 0.414590
-0.050000 3.449998 0.416052
-0.050000 3.549999 0.432858
-0.050000 3.649999 0.439992
-0.050000 3.749999 0.461310
-0.050000 3.849999 0.497524
-0.050000 3.950000 0.522168
-0.050000 4.050000 0.533359
-0.050000 4.150000 0.561753
-0.050000 4.250000 0.577894
-0.050000 4.350000 0.615503
-0.050000 4.449219 0.613054
0.050000 -4.450000 0.613150
0.050000 -4.350000 0.615503
0.050000 -4.250000 0.577894
0.050000 -4.150000 0.561753
0.050000 -4.050000 0.533359
0.050000 -3.950000 0.522168
0.050000 -3.849999 0.497524
0.050000 -3.749999 0.461310
0.050000 -3.649999 0.439992
0.050000 -3.549999 0.432858
0.050000 -3.449998 0.416052
0.050000 -3.349998 0.414590
0.050000 -3.249999 0.410630
0.050000 -3.149999 0.412115
0.050000 -3.049999 0.406128
0.050000 -2.950001 0.406128
0.050000 -2.850001 0.412115
0.050000 -2.750001 0.410630
0.050000 -2.650002 0.414590
0.050000 -2.550002 0.416052
0.050000 -2.450001 0.432858
0.050000 -2.350001 0.439992
0.050000 -2.250001 0.461310
0.050000 -2.150001 0.497524
0.050000 -2.050000 0.522168
0.050000 -1.950000 0.533359
0.050000 -1.850000 0.561753
0.050000 -1.750000 0.577894
0.050000 -1.650000 0.615503
0.050000 -1.550000 0.613150
0.050000 -1.450000 0.613150
0.050000 -1.350000 0.615503
0.050000 -1.250000 0.577894
0.050000 -1.150000 0.561753
0.050000 -1.050000 0.533359
0.050000 -0.950000 0.522168
0.050000 -0.849999 0.497524
0.050000 -0.749999 0.461310
0.050000 -0.649999 0.439992
0.050000 -0.549999 0.432858
0.050000 -0.449998 0.416052
0.050000 -0.349998 0.414590
0.050000 -0.249999 0.410630
0.050000 -0.149999 0.412115
0.050000 -0.049999 0.406128
0.050000 0.049999 0.406128
0.050000 0.149999 0.412115
0.050000 0.249999 0.410630
0.050000 0.349998 0.414590
0.050000 0.449998 0.416052
0.050000 0.549999 0.432858
0.050000 0.649999 0.439992
0.050000 0.749999 0.461310
0.050000 0.849999 0.497524
0.050000 0.950000 0.522168
0.050000 1.050000 0.533359
0.050000 1.150000 0.561753
0.050000 1.250000 0.577894
0.050000 1.350000 0.615503
0.050000 1.450000 0.613150
0.050000 1.550000 0.613150
0.050000 1.650000 0.615503
0.050000 1.750000 0.577894
0.050000 1.850000 0.561753
0.050000 1.950000 0.533359
0.050000 2.050000 0.522168
0.050000 2.150001 0.497524
0.050000 2.250001 0.461310
0.050000 2.350001 0.439992
0.050000 2.450001 0.432858
0.050000 2.550002 0.416052
0.050000 2.650002 0.414590
0.050000 2.750001 0.410630
0.050000 2.850001 0.412115
0.050000 2.950001 0.406128
0.050000 3.049999 0.406128
0.050000 3.149999 0.412115
0.050000 3.249999 0.410630
0.050000 3.349998 0.414590
0.050000 3.449998 0.416052
0.050000 3.549999 0.432858
0.050000 3.649999 0.439992
0.050000 3.749999 0.461310
0.050000 3.849999 0.497524
0.050000 3.950000 0.522168
0.050000 4.050000 0.533359
0.050000 4.150000 0.561753
0.050000 4.250000 0.577894
0.050000 4.350000 0.615503
0.050000 4.449219 0.613054
