10.000000 -100.000000 -100.000000
-0.100000 -1640.000000 0.000000
-0.100000 -1620.000000 0.000000
-0.100000 -1600.000000 0.000000
-0.100000 -1580.000000 0.000000
-0.100000 -1560.000000 0.000000
-0.100000 -1540.000000 0.000000
-0.100000 -1520.000000 0.000000
-0.100000 -1500.000000 0.000000
-0.100000 -1480.000000 0.000000
-0.100000 -1460.000000 0.000000
-0.100000 -1440.000000 0.000000
-0.100000 -1420.000000 0.000000
-0.100000 -1400.000000 0.000000
-0.100000 -1380.000000 0.000000
-0.100000 -1360.000000 0.000000
-0.100000 -1340.000000 0.000000
-0.100000 -1320.000000 0.000000
-0.100000 -1300.000000 0.000000
-0.100000 -1280.000000 0.000000
-0.100000 -1260.000000 0.000000
-0.100000 -1240.000000 0.000000
-0.100000 -1220.000000 0.000000
-0.100000 -1200.000000 0.000000
-0.100000 -1180.000000 0.000000
-0.100000 -1160.000000 0.000000
-0.100000 -1140.000000 0.000000
-0.100000 -1120.000000 0.000000
-0.100000 -1100.000000 0.000000
-0.100000 -1080.000000 0.000000
-0.100000 -1060.000000 0.000000
-0.100000 -1040.000000 0.000000
-0.100000 -1020.000000 0.000000
-0.100000 -1000.000000 0.000000
-0.100000 -980.000000 0.000000
-0.100000 -960.000000 0.000000
-0.100000 -940.000000 0.000000
-0.100000 -920.000000 0.000000
-0.100000 -900.000000 0.000000
-0.100000 -880.000000 0.000000
-0.100000 -860.000000 0.000000
-0.100000 -840.000000 0.000000
-0.100000 -820.000000 0.000000
-0.100000 -800.000000 0.000000
-0.100000 -780.000000 0.000000
-0.100000 -760.000000 0.000000
-0.100000 -740.000000 0.000000
-0.100000 -720.000000 0.000000
-0.100000 -700.000000 0.000000
-0.100000 -680.000000 0.000000
-0.100000 -660.000000 0.000000
-0.100000 -640.000000 0.000000
-0.100000 -620.000000 0.000000
-0.100000 -600.000000 0.000000
-0.100000 -580.000000 0.000000
-0.100000 -560.000000 0.000000
-0.100000 -540.000000 0.000000
-0.100000 -520.000000 0.000000
-0.100000 -500.000000 0.000000
-0.100000 -480.000000 0.000000
-0.100000 -460.000000 0.000000
-0.100000 -440.000000 0.000000
-0.100000 -420.000000 0.000000
-0.100000 -400.000000 0.000000
-0.100000 -380.000000 0.000000
-0.100000 -360.000000 0.000000
-0.100000 -340.000000 0.000000
-0.100000 -320.000000 0.000000
-0.100000 -300.000000 0.000000
-0.100000 -280.000000 0.000000
-0.100000 -260.000000 0.000000
-0.100000 -240.000000 0.000000
-0.100000 -220.000000 0.000000
-0.100000 -200.000000 0.000000
-0.100000 -180.000000 0.000000
-0.100000 -160.000000 0.000000
-0.100000 -140.000000 0.000000
-0.100000 -120.000000 0.000000
-0.100000 -100.000000 0.000000
-0.100000 -80.000000 0.000000
-0.100000 -60.000000 0.000000
-0.100000 -40.000000 0.000000
-0.100000 -20.000000 0.000000
-0.100000 0.000000 0.000000
-0.100000 20.000000 0.000000
-0.100000 40.000000 0.000000
-0.100000 60.000000 0.000000
-0.100000 80.000000 0.000000
-0.100000 100.000000 0.000000
-0.100000 120.000000 0.000000
-0.100000 140.000000 0.000000
-0.100000 160.000000 0.000000
-0.100000 180.000000 0.000000
-0.100000 200.000000 0.000000
-0.100000 220.000000 0.000000
-0.100000 240.000000 0.000000
-0.100000 260.000000 0.000000
-0.100000 280.000000 0.000000
-0.100000 300.000000 0.000000
-0.100000 320.000000 0.000000
-0.100000 340.000000 0.000000
-0.100000 360.000000 0.000000
-0.100000 380.000000 0.000000
-0.100000 400.000000 0.000000
-0.100000 420.000000 0.000000
-0.100000 440.000000 0.000000
-0.100000 460.000000 0.000000
-0.100000 480.000000 0.000000
-0.100000 500.000000 0.000000
-0.100000 520.000000 0.000000
-0.100000 540.000000 0.000000
-0.100000 560.000000 0.000000
-0.100000 580.000000 0.000000
-0.100000 600.000000 0.000000
-0.100000 620.000000 0.000000
-0.100000 640.000000 0.000000
-0.100000 660.000000 0.000000
-0.100000 680.000000 0.000000
-0.100000 700.000000 0.000000
-0.100000 720.000000 0.000000
-0.100000 740.000000 0.000000
-0.100000 760.000000 0.000000
-0.100000 780.000000 0.000000
-0.100000 800.000000 0.000000
-0.100000 820.000000 0.000000
-0.100000 840.000000 0.000000
-0.100000 860.000000 0.000000
-0.100000 880.000000 0.000000
-0.100000 900.000000 0.000000
-0.100000 920.000000 0.000000
-0.100000 940.000000 0.000000
-0.100000 960.000000 0.000000
-0.100000 980.000000 0.000000
-0.100000 1000.000000 0.000000
-0.100000 1020.000000 0.000000
-0.100000 1040.000000 0.000000
-0.100000 1060.000000 0.000000
-0.100000 1080.000000 0.000000
-0.100000 1100.000000 0.000000
-0.100000 1120.000000 0.000000
-0.100000 1140.000000 0.000000
-0.100000 1160.000000 0.000000
-0.100000 1180.000000 0.000000
-0.100000 1200.000000 0.000000
-0.100000 1220.000000 0.000000
-0.100000 1240.000000 0.000000
-0.100000 1260.000000 0.000000
-0.100000 1280.000000 0.000000
-0.100000 1300.000000 0.000000
-0.100000 1320.000000 0.000000
-0.100000 1340.000000 0.000000
-0.100000 1360.000000 0.000000
-0.100000 1380.000000 0.000000
-0.100000 1400.000000 0.000000
-0.100000 1420.000000 0.000000
-0.100000 1440.000000 0.000000
-0.100000 1460.000000 0.000000
-0.100000 1480.000000 0.000000
-0.100000 1500.000000 0.000000
-0.100000 1520.000000 0.000000
-0.100000 1540.000000 0.000000
-0.100000 1560.000000 0.000000
-0.100000 1580.000000 0.000000
-0.100000 1600.000000 0.000000
-0.100000 1620.000000 0.000000
-0.100000 1640.000000 0.000000
0.100000 -1640.000000 0.000000
0.100000 -1620.000000 0.000000
0.100000 -1600.000000 0.000000
0.100000 -1580.000000 0.000000
0.100000 -1560.000000 0.000000
0.100000 -1540.000000 0.000000
0.100000 -1520.000000 0.000000
0.100000 -1500.000000 0.000000
0.100000 -1480.000000 0.000000
0.100000 -1460.000000 0.000000
0.100000 -1440.000000 0.000000
0.100000 -1420.000000 0.000000
0.100000 -1400.000000 0.000000
0.100000 -1380.000000 0.000000
0.100000 -1360.000000 0.000000
0.100000 -1340.000000 0.000000
0.100000 -1320.000000 0.000000
0.100000 -1300.000000 0.000000
0.100000 -1280.000000 0.000000
0.100000 -1260.000000 0.000000
0.100000 -1240.000000 0.000000
0.100000 -1220.000000 0.000000
0.100000 -1200.000000 0.000000
0.100000 -1180.000000 0.000000
0.100000 -1160.000000 0.000000
0.100000 -1140.000000 0.000000
0.100000 -1120.000000 0.000000
0.100000 -1100.000000 0.000000
0.100000 -1080.000000 0.000000
0.100000 -1060.000000 0.000000
0.100000 -1040.000000 0.000000
0.100000 -1020.000000 0.000000
0.100000 -1000.000000 0.000000
0.100000 -980.000000 0.000000
0.100000 -960.000000 0.000000
0.100000 -940.000000 0.000000
0.100000 -920.000000 0.000000
0.100000 -900.000000 0.000000
0.100000 -880.000000 0.000000
0.100000 -860.000000 0.000000
0.100000 -840.000000 0.000000
0.100000 -820.000000 0.000000
0.100000 -800.000000 0.000000
0.100000 -780.000000 0.000000
0.100000 -760.000000 0.000000
0.100000 -740.000000 0.000000
0.100000 -720.000000 0.000000
0.100000 -700.000000 0.000000
0.100000 -680.000000 0.000000
0.100000 -660.000000 0.000000
0.100000 -640.000000 0.000000
0.100000 -620.000000 0.000000
0.100000 -600.000000 0.000000
0.100000 -580.000000 0.000000
0.100000 -560.000000 0.000000
0.100000 -540.000000 0.000000
0.100000 -520.000000 0.000000
0.100000 -500.000000 0.000000
0.100000 -480.000000 0.000000
0.100000 -460.000000 0.000000
0.100000 -440.000000 0.000000
0.100000 -420.000000 0.000000
0.100000 -400.000000 0.000000
0.100000 -380.000000 0.000000
0.100000 -360.000000 0.000000
0.100000 -340.000000 0.000000
0.100000 -320.000000 0.000000
0.100000 -300.000000 0.000000
0.100000 -280.000000 0.000000
0.100000 -260.000000 0.000000
0.100000 -240.000000 0.000000
0.100000 -220.000000 0.000000
0.100000 -200.000000 0.000000
0.100000 -180.000000 0.000000
0.100000 -160.000000 0.000000
0.100000 -140.000000 0.000000
0.100000 -120.000000 0.000000
0.100000 -100.000000 0.000000
0.100000 -80.000000 0.000000
0.100000 -60.000000 0.000000
0.100000 -40.000000 0.000000
0.100000 -20.000000 0.000000
0.100000 0.000000 0.000000
0.100000 20.000000 0.000000
0.100000 40.000000 0.000000
0.100000 60.000000 0.000000
0.100000 80.000000 0.000000
0.100000 100.000000 0.000000
0.100000 120.000000 0.000000
0.100000 140.000000 0.000000
0.100000 160.000000 0.000000
0.100000 180.000000 0.000000
0.100000 200.000000 0.000000
0.100000 220.000000 0.000000
0.100000 240.000000 0.000000
0.100000 260.000000 0.000000
0.100000 280.000000 0.000000
0.100000 300.000000 0.000000
0.100000 320.000000 0.000000
0.100000 340.000000 0.000000
0.100000 360.000000 0.000000
0.100000 380.000000 0.000000
0.100000 400.000000 0.000000
0.100000 420.000000 0.000000
0.100000 440.000000 0.000000
0.100000 460.000000 0.000000
0.100000 480.000000 0.000000
0.100000 500.000000 0.000000
0.100000 520.000000 0.000000
0.100000 540.000000 0.000000
0.100000 560.000000 0.000000
0.100000 580.000000 0.000000
0.100000 600.000000 0.000000
0.100000 620.000000 0.000000
0.100000 640.000000 0.000000
0.100000 660.000000 0.000000
0.100000 680.000000 0.000000
0.100000 700.000000 0.000000
0.100000 720.000000 0.000000
0.100000 740.000000 0.000000
0.100000 760.000000 0.000000
0.100000 780.000000 0.000000
0.100000 800.000000 0.000000
0.100000 820.000000 0.000000
0.100000 840.000000 0.000000
0.100000 860.000000 0.000000
0.100000 880.000000 0.000000
0.100000 900.000000 0.000000
0.100000 920.000000 0.000000
0.100000 940.000000 0.000000
0.100000 960.000000 0.000000
0.100000 980.000000 0.000000
0.100000 1000.000000 0.000000
0.100000 1020.000000 0.000000
0.100000 1040.000000 0.000000
0.100000 1060.000000 0.000000
0.100000 1080.000000 0.000000
0.100000 1100.000000 0.000000
0.100000 1120.000000 0.000000
0.100000 1140.000000 0.000000
0.100000 1160.000000 0.000000
0.100000 1180.000000 0.000000
0.100000 1200.000000 0.000000
0.100000 1220.000000 0.000000
0.100000 1240.000000 0.000000
0.100000 1260.000000 0.000000
0.100000 1280.000000 0.000000
0.100000 1300.000000 0.000000
0.100000 1320.000000 0.000000
0.100000 1340.000000 0.000000
0.100000 1360.000000 0.000000
0.100000 1380.000000 0.000000
0.100000 1400.000000 0.000000
0.100000 1420.000000 0.000000
0.100000 1440.000000 0.000000
0.100000 1460.000000 0.000000
0.100000 1480.000000 0.000000
0.100000 1500.000000 0.000000
0.100000 1520.000000 0.000000
0.100000 1540.000000 0.000000
0.100000 1560.000000 0.000000
0.100000 1580.000000 0.000000
0.100000 1600.000000 0.000000
0.100000 1620.000000 0.000000
0.100000 1640.000000 0.000000
-0.100000 -1640.000000 5.545317
-0.100000 -1620.000000 6.951657
-0.100000 -1600.000000 7.612657
-0.100000 -1580.000000 7.854678
-0.100000 -1560.000000 8.333062
-0.100000 -1540.000000 7.610596
-0.100000 -1520.000000 6.617123
-0.100000 -1500.000000 6.051710
-0.100000 -1480.000000 6.005017
-0.100000 -1460.000000 6.594423
-0.100000 -1440.000000 6.179949
-0.100000 -1420.000000 6.167935
-0.100000 -1400.000000 6.641011
-0.100000 -1380.000000 7.305084
-0.100000 -1360.000000 7.878321
-0.100000 -1340.000000 8.415307
-0.100000 -1320.000000 8.120377
-0.100000 -1300.000000 8.614756
-0.100000 -1280.000000 9.124606
-0.100000 -1260.000000 8.881852
-0.100000 -1240.000000 7.923442
-0.100000 -1220.000000 7.707964
-0.100000 -1200.000000 8.146185
-0.100000 -1180.000000 8.654290
-0.100000 -1160.000000 8.238139
-0.100000 -1140.000000 8.779002
-0.100000 -1120.000000 8.701611
-0.100000 -1100.000000 9.167877
-0.100000 -1080.000000 8.905740
-0.100000 -1060.000000 8.243238
-0.100000 -1040.000000 8.155789
-0.100000 -1020.000000 8.346368
-0.100000 -1000.000000 9.111196
-0.100000 -980.000000 8.538727
-0.100000 -960.000000 8.028423
-0.100000 -940.000000 7.782630
-0.100000 -920.000000 8.530241
-0.100000 -900.000000 8.645768
-0.100000 -880.000000 8.498949
-0.100000 -860.000000 9.084968
-0.100000 -840.000000 9.112383
-0.100000 -820.000000 8.951734
-0.100000 -800.000000 8.575013
-0.100000 -780.000000 8.571555
-0.100000 -760.000000 8.469543
-0.100000 -740.000000 8.207337
-0.100000 -720.000000 8.384574
-0.100000 -700.000000 8.446459
-0.100000 -680.000000 8.285671
-0.100000 -660.000000 8.803274
-0.100000 -640.000000 8.965669
-0.100000 -620.000000 9.195606
-0.100000 -600.000000 9.016029
-0.100000 -580.000000 8.499648
-0.100000 -560.000000 8.100086
-0.100000 -540.000000 7.855446
-0.100000 -520.000000 7.646044
-0.100000 -500.000000 7.554963
-0.100000 -480.000000 6.935767
-0.100000 -460.000000 6.808819
-0.100000 -440.000000 7.137590
-0.100000 -420.000000 7.963605
-0.100000 -400.000000 8.638818
-0.100000 -380.000000 8.684359
-0.100000 -360.000000 8.498914
-0.100000 -340.000000 8.363620
-0.100000 -320.000000 8.556014
-0.100000 -300.000000 9.181497
-0.100000 -280.000000 9.764477
-0.100000 -260.000000 10.151187
-0.100000 -240.000000 11.082391
-0.100000 -220.000000 12.811566
-0.100000 -200.000000 15.618729
-0.100000 -180.000000 19.369179
-0.100000 -160.000000 24.591941
-0.100000 -140.000000 31.829658
-0.100000 -120.000000 41.663074
-0.100000 -100.000000 53.914500
-0.100000 -80.000000 64.119469
-0.100000 -60.000000 70.593825
-0.100000 -40.000000 74.579661
-0.100000 -20.000000 76.848964
-0.100000 -0.000000 77.818759
-0.100000 20.000000 76.511567
-0.100000 40.000000 75.080955
-0.100000 60.000000 70.745638
-0.100000 80.000000 64.366309
-0.100000 100.000000 53.962904
-0.100000 120.000000 41.727858
-0.100000 140.000000 31.844954
-0.100000 160.000000 24.570952
-0.100000 180.000000 19.498851
-0.100000 200.000000 15.837141
-0.100000 220.000000 13.034903
-0.100000 240.000000 11.175812
-0.100000 260.000000 10.003739
-0.100000 280.000000 9.565029
-0.100000 300.000000 9.176992
-0.100000 320.000000 8.718514
-0.100000 340.000000 8.516551
-0.100000 360.000000 8.428683
-0.100000 380.000000 8.110633
-0.100000 400.000000 7.980612
-0.100000 420.000000 7.148626
-0.100000 440.000000 6.756713
-0.100000 460.000000 6.339515
-0.100000 480.000000 6.481026
-0.100000 500.000000 7.556430
-0.100000 520.000000 7.587547
-0.100000 540.000000 8.267021
-0.100000 560.000000 8.178769
-0.100000 580.000000 8.363725
-0.100000 600.000000 8.839280
-0.100000 620.000000 9.287281
-0.100000 640.000000 8.837185
-0.100000 660.000000 8.678771
-0.100000 680.000000 8.386949
-0.100000 700.000000 8.628935
-0.100000 720.000000 8.701471
-0.100000 740.000000 8.269466
-0.100000 760.000000 8.672974
-0.100000 780.000000 8.501848
-0.100000 800.000000 8.317661
-0.100000 820.000000 8.381711
-0.100000 840.000000 8.425679
-0.100000 860.000000 8.588424
-0.100000 880.000000 8.192704
-0.100000 900.000000 8.788082
-0.100000 920.000000 8.816929
-0.100000 940.000000 8.196999
-0.100000 960.000000 8.371199
-0.100000 980.000000 8.763880
-0.100000 1000.000000 8.850700
-0.100000 1020.000000 8.089714
-0.100000 1040.000000 8.169445
-0.100000 1060.000000 8.141890
-0.100000 1080.000000 8.796464
-0.100000 1100.000000 8.817208
-0.100000 1120.000000 8.996018
-0.100000 1140.000000 9.202137
-0.100000 1160.000000 9.286652
-0.100000 1180.000000 9.497032
-0.100000 1200.000000 8.952293
-0.100000 1220.000000 8.341758
-0.100000 1240.000000 8.366135
-0.100000 1260.000000 8.725220
-0.100000 1280.000000 8.772820
-0.100000 1300.000000 8.367182
-0.100000 1320.000000 7.774982
-0.100000 1340.000000 7.661410
-0.100000 1360.000000 7.079862
-0.100000 1380.000000 6.777807
-0.100000 1400.000000 6.496497
-0.100000 1420.000000 5.867103
-0.100000 1440.000000 5.843879
-0.100000 1460.000000 6.242777
-0.100000 1480.000000 5.990034
-0.100000 1500.000000 6.132523
-0.100000 1520.000000 6.657111
-0.100000 1540.000000 7.665636
-0.100000 1560.000000 8.252842
-0.100000 1580.000000 7.866237
-0.100000 1600.000000 7.611295
-0.100000 1620.000000 6.629207
-0.100000 1640.000000 5.369092
0.100000 -1640.000000 5.545317
0.100000 -1620.000000 6.951657
0.100000 -1600.000000 7.612657
0.100000 -1580.000000 7.854678
0.100000 -1560.000000 8.333062
0.100000 -1540.000000 7.610596
0.100000 -1520.000000 6.617123
0.100000 -1500.000000 6.051710
0.100000 -1480.000000 6.005017
0.100000 -1460.000000 6.594423
0.100000 -1440.000000 6.179949
0.100000 -1420.000000 6.167935
0.100000 -1400.000000 6.641011
0.100000 -1380.000000 7.305084
0.100000 -1360.000000 7.878321
0.100000 -1340.000000 8.415307
0.100000 -1320.000000 8.120377
0.100000 -1300.000000 8.614756
0.100000 -1280.000000 9.124606
0.100000 -1260.000000 8.881852
0.100000 -1240.000000 7.923442
0.100000 -1220.000000 7.707964
0.100000 -1200.000000 8.146185
0.100000 -1180.000000 8.654290
0.100000 -1160.000000 8.238139
0.100000 -1140.000000 8.779002
0.100000 -1120.000000 8.701611
0.100000 -1100.000000 9.167877
0.100000 -1080.000000 8.905740
0.100000 -1060.000000 8.243238
0.100000 -1040.000000 8.155789
0.100000 -1020.000000 8.346368
0.100000 -1000.000000 9.111196
0.100000 -980.000000 8.538727
0.100000 -960.000000 8.028423
0.100000 -940.000000 7.782630
0.100000 -920.000000 8.530241
0.100000 -900.000000 8.645768
0.100000 -880.000000 8.498949
0.100000 -860.000000 9.084968
0.100000 -840.000000 9.112383
0.100000 -820.000000 8.951734
0.100000 -800.000000 8.575013
0.100000 -780.000000 8.571555
0.100000 -760.000000 8.469543
0.100000 -740.000000 8.207337
0.100000 -720.000000 8.384574
0.100000 -700.000000 8.446459
0.100000 -680.000000 8.285671
0.100000 -660.000000 8.803274
0.100000 -640.000000 8.965669
0.100000 -620.000000 9.195606
0.100000 -600.000000 9.016029
0.100000 -580.000000 8.499648
0.100000 -560.000000 8.100086
0.100000 -540.000000 7.855446
0.100000 -520.000000 7.646044
0.100000 -500.000000 7.554963
0.100000 -480.000000 6.935767
0.100000 -460.000000 6.808819
0.100000 -440.000000 7.137590
0.100000 -420.000000 7.963605
0.100000 -400.000000 8.638818
0.100000 -380.000000 8.684359
0.100000 -360.000000 8.498914
0.100000 -340.000000 8.363620
0.100000 -320.000000 8.556014
0.100000 -300.000000 9.181497
0.100000 -280.000000 9.764477
0.100000 -260.000000 10.151187
0.100000 -240.000000 11.082391
0.100000 -220.000000 12.811566
0.100000 -200.000000 15.618729
0.100000 -180.000000 19.369179
0.100000 -160.000000 24.591941
0.100000 -140.000000 31.829658
0.100000 -120.000000 41.663074
0.100000 -100.000000 53.914500
0.100000 -80.000000 64.119469
0.100000 -60.000000 70.593825
0.100000 -40.000000 74.579661
0.100000 -20.000000 76.848964
0.100000 -0.000000 77.818759
0.100000 20.000000 76.511567
0.100000 40.000000 75.080955
0.100000 60.000000 70.745638
0.100000 80.000000 64.366309
0.100000 100.000000 53.962904
0.100000 120.000000 41.727858
0.100000 140.000000 31.844954
0.100000 160.000000 24.570952
0.100000 180.000000 19.498851
0.100000 200.000000 15.837141
0.100000 220.000000 13.034903
0.100000 240.000000 11.175812
0.100000 260.000000 10.003739
0.100000 280.000000 9.565029
0.100000 300.000000 9.176992
0.100000 320.000000 8.718514
0.100000 340.000000 8.516551
0.100000 360.000000 8.428683
0.100000 380.000000 8.110633
0.100000 400.000000 7.980612
0.100000 420.000000 7.148626
0.100000 440.000000 6.756713
0.100000 460.000000 6.339515
0.100000 480.000000 6.481026
0.100000 500.000000 7.556430
0.100000 520.000000 7.587547
0.100000 540.000000 8.267021
0.100000 560.000000 8.178769
0.100000 580.000000 8.363725
0.100000 600.000000 8.839280
0.100000 620.000000 9.287281
0.100000 640.000000 8.837185
0.100000 660.000000 8.678771
0.100000 680.000000 8.386949
0.100000 700.000000 8.628935
0.100000 720.000000 8.701471
0.100000 740.000000 8.269466
0.100000 760.000000 8.672974
0.100000 780.000000 8.501848
0.100000 800.000000 8.317661
0.100000 820.000000 8.381711
0.100000 840.000000 8.425679
0.100000 860.000000 8.588424
0.100000 880.000000 8.192704
0.100000 900.000000 8.788082
0.100000 920.000000 8.816929
0.100000 940.000000 8.196999
0.100000 960.000000 8.371199
0.100000 980.000000 8.763880
0.100000 1000.000000 8.850700
0.100000 1020.000000 8.089714
0.100000 1040.000000 8.169445
0.100000 1060.000000 8.141890
0.100000 1080.000000 8.796464
0.100000 1100.000000 8.817208
0.100000 1120.000000 8.996018
0.100000 1140.000000 9.202137
0.100000 1160.000000 9.286652
0.100000 1180.000000 9.497032
0.100000 1200.000000 8.952293
0.100000 1220.000000 8.341758
0.100000 1240.000000 8.366135
0.100000 1260.000000 8.725220
0.100000 1280.000000 8.772820
0.100000 1300.000000 8.367182
0.100000 1320.000000 7.774982
0.100000 1340.000000 7.661410
0.100000 1360.000000 7.079862
0.100000 1380.000000 6.777807
0.100000 1400.000000 6.496497
0.100000 1420.000000 5.867103
0.100000 1440.000000 5.843879
0.100000 1460.000000 6.242777
0.100000 1480.000000 5.990034
0.100000 1500.000000 6.132523
0.100000 1520.000000 6.657111
0.100000 1540.000000 7.665636
0.100000 1560.000000 8.252842
0.100000 1580.000000 7.866237
0.100000 1600.000000 7.611295
0.100000 1620.000000 6.629207
0.100000 1640.000000 5.369092
0.000000 -1630.000000 0.000000
0.000000 -1610.000000 0.000000
0.000000 -1590.000000 0.000000
0.000000 -1570.000000 0.000000
0.000000 -1550.000000 0.000000
0.000000 -1530.000000 0.000000
0.000000 -1510.000000 0.000000
0.000000 -1490.000000 0.000000
0.000000 -1470.000000 0.000000
0.000000 -1450.000000 0.000000
0.000000 -1430.000000 0.000000
0.000000 -1410.000000 0.000000
0.000000 -1390.000000 0.000000
0.000000 -1370.000000 0.000000
0.000000 -1350.000000 0.000000
0.000000 -1330.000000 0.000000
0.000000 -1310.000000 0.000000
0.000000 -1290.000000 0.000000
0.000000 -1270.000000 0.000000
0.000000 -1250.000000 0.000000
0.000000 -1230.000000 0.000000
0.000000 -1210.000000 0.000000
0.000000 -1190.000000 0.000000
0.000000 -1170.000000 0.000000
0.000000 -1150.000000 0.000000
0.000000 -1130.000000 0.000000
0.000000 -1110.000000 0.000000
0.000000 -1090.000000 0.000000
0.000000 -1070.000000 0.000000
0.000000 -1050.000000 0.000000
0.000000 -1030.000000 0.000000
0.000000 -1010.000000 0.000000
0.000000 -990.000000 0.000000
0.000000 -970.000000 0.000000
0.000000 -950.000000 0.000000
0.000000 -930.000000 0.000000
0.000000 -910.000000 0.000000
0.000000 -890.000000 0.000000
0.000000 -870.000000 0.000000
0.000000 -850.000000 0.000000
0.000000 -830.000000 0.000000
0.000000 -810.000000 0.000000
0.000000 -790.000000 0.000000
0.000000 -770.000000 0.000000
0.000000 -750.000000 0.000000
0.000000 -730.000000 0.000000
0.000000 -710.000000 0.000000
0.000000 -690.000000 0.000000
0.000000 -670.000000 0.000000
0.000000 -650.000000 0.000000
0.000000 -630.000000 0.000000
0.000000 -610.000000 0.000000
0.000000 -590.000000 0.000000
0.000000 -570.000000 0.000000
0.000000 -550.000000 0.000000
0.000000 -530.000000 0.000000
0.000000 -510.000000 0.000000
0.000000 -490.000000 0.000000
0.000000 -470.000000 0.000000
0.000000 -450.000000 0.000000
0.000000 -430.000000 0.000000
0.000000 -410.000000 0.000000
0.000000 -390.000000 0.000000
0.000000 -370.000000 0.000000
0.000000 -350.000000 0.000000
0.000000 -330.000000 0.000000
0.000000 -310.000000 0.000000
0.000000 -290.000000 0.000000
0.000000 -270.000000 0.000000
0.000000 -250.000000 0.000000
0.000000 -230.000000 0.000000
0.000000 -210.000000 0.000000
0.000000 -190.000000 0.000000
0.000000 -170.000000 0.000000
0.000000 -150.000000 0.000000
0.000000 -130.000000 0.000000
0.000000 -110.000000 0.000000
0.000000 -90.000000 0.000000
0.000000 -70.000000 0.000000
0.000000 -50.000000 0.000000
0.000000 -30.000000 0.000000
0.000000 -10.000000 0.000000
0.000000 10.000000 0.000000
0.000000 30.000000 0.000000
0.000000 50.000000 0.000000
0.000000 70.000000 0.000000
0.000000 90.000000 0.000000
0.000000 110.000000 0.000000
0.000000 130.000000 0.000000
0.000000 150.000000 0.000000
0.000000 170.000000 0.000000
0.000000 190.000000 0.000000
0.000000 210.000000 0.000000
0.000000 230.000000 0.000000
0.000000 250.000000 0.000000
0.000000 270.000000 0.000000
0.000000 290.000000 0.000000
0.000000 310.000000 0.000000
0.000000 330.000000 0.000000
0.000000 350.000000 0.000000
0.000000 370.000000 0.000000
0.000000 390.000000 0.000000
0.000000 410.000000 0.000000
0.000000 430.000000 0.000000
0.000000 450.000000 0.000000
0.000000 470.000000 0.000000
0.000000 490.000000 0.000000
0.000000 510.000000 0.000000
0.000000 530.000000 0.000000
0.000000 550.000000 0.000000
0.000000 570.000000 0.000000
0.000000 590.000000 0.000000
0.000000 610.000000 0.000000
0.000000 630.000000 0.000000
0.000000 650.000000 0.000000
0.000000 670.000000 0.000000
0.000000 690.000000 0.000000
0.000000 710.000000 0.000000
0.000000 730.000000 0.000000
0.000000 750.000000 0.000000
0.000000 770.000000 0.000000
0.000000 790.000000 0.000000
0.000000 810.000000 0.000000
0.000000 830.000000 0.000000
0.000000 850.000000 0.000000
0.000000 870.000000 0.000000
0.000000 890.000000 0.000000
0.000000 910.000000 0.000000
0.000000 930.000000 0.000000
0.000000 950.000000 0.000000
0.000000 970.000000 0.000000
0.000000 990.000000 0.000000
0.000000 1010.000000 0.000000
0.000000 1030.000000 0.000000
0.000000 1050.000000 0.000000
0.000000 1070.000000 0.000000
0.000000 1090.000000 0.000000
0.000000 1110.000000 0.000000
0.000000 1130.000000 0.000000
0.000000 1150.000000 0.000000
0.000000 1170.000000 0.000000
0.000000 1190.000000 0.000000
0.000000 1210.000000 0.000000
0.000000 1230.000000 0.000000
0.000000 1250.000000 0.000000
0.000000 1270.000000 0.000000
0.000000 1290.000000 0.000000
0.000000 1310.000000 0.000000
0.000000 1330.000000 0.000000
0.000000 1350.000000 0.000000
0.000000 1370.000000 0.000000
0.000000 1390.000000 0.000000
0.000000 1410.000000 0.000000
0.000000 1430.000000 0.000000
0.000000 1450.000000 0.000000
0.000000 1470.000000 0.000000
0.000000 1490.000000 0.000000
0.000000 1510.000000 0.000000
0.000000 1530.000000 0.000000
0.000000 1550.000000 0.000000
0.000000 1570.000000 0.000000
0.000000 1590.000000 0.000000
0.000000 1610.000000 0.000000
0.000000 1630.000000 0.000000
-0.000000 -1630.000000 6.248487
-0.000000 -1610.000000 7.282157
0.000000 -1590.000000 7.733667
-0.000000 -1570.000000 8.093870
0.000000 -1550.000000 7.971829
0.000000 -1530.000000 7.113860
-0.000000 -1510.000000 6.334416
0.000000 -1490.000000 6.028363
-0.000000 -1470.000000 6.299720
0.000000 -1450.000000 6.387186
-0.000000 -1430.000000 6.173942
0.000000 -1410.000000 6.404473
-0.000000 -1390.000000 6.973048
0.000000 -1370.000000 7.591703
-0.000000 -1350.000000 8.146814
0.000000 -1330.000000 8.267842
-0.000000 -1310.000000 8.367566
-0.000000 -1290.000000 8.869681
0.000000 -1270.000000 9.003229
0.000000 -1250.000000 8.402647
0.000000 -1230.000000 7.815703
-0.000000 -1210.000000 7.927074
0.000000 -1190.000000 8.400238
0.000000 -1170.000000 8.446214
0.000000 -1150.000000 8.508571
0.000000 -1130.000000 8.740307
0.000000 -1110.000000 8.934744
-0.000000 -1090.000000 9.036808
0.000000 -1070.000000 8.574489
0.000000 -1050.000000 8.199514
0.000000 -1030.000000 8.251079
-0.000000 -1010.000000 8.728782
0.000000 -990.000000 8.824961
-0.000000 -970.000000 8.283575
0.000000 -950.000000 7.905527
0.000000 -930.000000 8.156436
-0.000000 -910.000000 8.588005
-0.000000 -890.000000 8.572359
0.000000 -870.000000 8.791959
-0.000000 -850.000000 9.098676
0.000000 -830.000000 9.032059
-0.000000 -810.000000 8.763374
0.000000 -790.000000 8.573284
-0.000000 -770.000000 8.520549
0.000000 -750.000000 8.338440
-0.000000 -730.000000 8.295955
0.000000 -710.000000 8.415517
0.000000 -690.000000 8.366065
0.000000 -670.000000 8.544472
0.000000 -650.000000 8.884471
-0.000000 -630.000000 9.080637
0.000000 -610.000000 9.105817
-0.000000 -590.000000 8.757838
-0.000000 -570.000000 8.299867
-0.000000 -550.000000 7.977766
0.000000 -530.000000 7.750745
-0.000000 -510.000000 7.600503
-0.000000 -490.000000 7.245365
0.000000 -470.000000 6.872293
-0.000000 -450.000000 6.973205
0.000000 -430.000000 7.550598
0.000000 -410.000000 8.301212
-0.000000 -390.000000 8.661589
0.000000 -370.000000 8.591637
-0.000000 -350.000000 8.431267
-0.000000 -330.000000 8.459817
0.000000 -310.000000 8.868756
-0.000000 -290.000000 9.472987
-0.000000 -270.000000 9.957832
0.000000 -250.000000 10.616789
0.000000 -230.000000 11.946978
0.000000 -210.000000 14.215147
0.000000 -190.000000 17.493954
-0.000000 -170.000000 21.980560
0.000000 -150.000000 28.210799
-0.000000 -130.000000 36.746366
0.000000 -110.000000 47.788787
-0.000000 -90.000000 59.016984
0.000000 -70.000000 67.356647
0.000000 -50.000000 72.586743
-0.000000 -30.000000 75.714312
0.000000 -10.000000 77.333862
-0.000000 10.000000 77.165163
0.000000 30.000000 75.796261
0.000000 50.000000 72.913296
0.000000 70.000000 67.555974
-0.000000 90.000000 59.164607
-0.000000 110.000000 47.845381
0.000000 130.000000 36.786406
0.000000 150.000000 28.207953
0.000000 170.000000 22.034901
-0.000000 190.000000 17.667996
-0.000000 210.000000 14.436022
-0.000000 230.000000 12.105357
0.000000 250.000000 10.589776
-0.000000 270.000000 9.784384
-0.000000 290.000000 9.371010
0.000000 310.000000 8.947753
0.000000 330.000000 8.617532
-0.000000 350.000000 8.472617
0.000000 370.000000 8.269658
0.000000 390.000000 8.045623
-0.000000 410.000000 7.564619
0.000000 430.000000 6.952670
-0.000000 450.000000 6.548114
0.000000 470.000000 6.410271
-0.000000 490.000000 7.018728
0.000000 510.000000 7.571988
-0.000000 530.000000 7.927284
-0.000000 550.000000 8.222895
-0.000000 570.000000 8.271247
-0.000000 590.000000 8.601502
0.000000 610.000000 9.063280
-0.000000 630.000000 9.062233
0.000000 650.000000 8.757978
0.000000 670.000000 8.532860
-0.000000 690.000000 8.507942
-0.000000 710.000000 8.665203
0.000000 730.000000 8.485469
-0.000000 750.000000 8.471220
0.000000 770.000000 8.587411
-0.000000 790.000000 8.409754
-0.000000 810.000000 8.349686
0.000000 830.000000 8.403695
-0.000000 850.000000 8.507051
0.000000 870.000000 8.390564
-0.000000 890.000000 8.490393
-0.000000 910.000000 8.802506
0.000000 930.000000 8.506964
0.000000 950.000000 8.284099
-0.000000 970.000000 8.567539
0.000000 990.000000 8.807290
-0.000000 1010.000000 8.470207
-0.000000 1030.000000 8.129579
0.000000 1050.000000 8.155667
0.000000 1070.000000 8.469177
-0.000000 1090.000000 8.806836
-0.000000 1110.000000 8.906613
0.000000 1130.000000 9.099077
0.000000 1150.000000 9.244394
0.000000 1170.000000 9.391842
0.000000 1190.000000 9.224663
0.000000 1210.000000 8.647025
0.000000 1230.000000 8.353946
0.000000 1250.000000 8.545677
-0.000000 1270.000000 8.749020
0.000000 1290.000000 8.570001
-0.000000 1310.000000 8.071082
0.000000 1330.000000 7.718196
-0.000000 1350.000000 7.370636
-0.000000 1370.000000 6.928834
0.000000 1390.000000 6.637152
0.000000 1410.000000 6.181800
-0.000000 1430.000000 5.855491
0.000000 1450.000000 6.043328
0.000000 1470.000000 6.116406
0.000000 1490.000000 6.061279
0.000000 1510.000000 6.394817
-0.000000 1530.000000 7.161373
0.000000 1550.000000 7.959239
0.000000 1570.000000 8.059540
0.000000 1590.000000 7.738766
0.000000 1610.000000 7.120251
0.000000 1630.000000 5.999149
0.000000 -1640.000000 2.772658
0.000000 1640.000000 2.684546
-0.100000 -1630.000000 3.124243
-0.100000 -1610.000000 3.641078
-0.100000 -1590.000000 3.866834
-0.100000 -1570.000000 4.046935
-0.100000 -1550.000000 3.985915
-0.100000 -1530.000000 3.556930
-0.100000 -1510.000000 3.167208
-0.100000 -1490.000000 3.014182
-0.100000 -1470.000000 3.149860
-0.100000 -1450.000000 3.193593
-0.100000 -1430.000000 3.086971
-0.100000 -1410.000000 3.202237
-0.100000 -1390.000000 3.486524
-0.100000 -1370.000000 3.795851
-0.100000 -1350.000000 4.073407
-0.100000 -1330.000000 4.133921
-0.100000 -1310.000000 4.183783
-0.100000 -1290.000000 4.434841
-0.100000 -1270.000000 4.501615
-0.100000 -1250.000000 4.201324
-0.100000 -1230.000000 3.907851
-0.100000 -1210.000000 3.963537
-0.100000 -1190.000000 4.200119
-0.100000 -1170.000000 4.223107
-0.100000 -1150.000000 4.254285
-0.100000 -1130.000000 4.370153
-0.100000 -1110.000000 4.467372
-0.100000 -1090.000000 4.518404
-0.100000 -1070.000000 4.287245
-0.100000 -1050.000000 4.099757
-0.100000 -1030.000000 4.125539
-0.100000 -1010.000000 4.364391
-0.100000 -990.000000 4.412481
-0.100000 -970.000000 4.141788
-0.100000 -950.000000 3.952763
-0.100000 -930.000000 4.078218
-0.100000 -910.000000 4.294002
-0.100000 -890.000000 4.286179
-0.100000 -870.000000 4.395979
-0.100000 -850.000000 4.549338
-0.100000 -830.000000 4.516029
-0.100000 -810.000000 4.381687
-0.100000 -790.000000 4.286642
-0.100000 -770.000000 4.260275
-0.100000 -750.000000 4.169220
-0.100000 -730.000000 4.147978
-0.100000 -710.000000 4.207758
-0.100000 -690.000000 4.183032
-0.100000 -670.000000 4.272236
-0.100000 -650.000000 4.442236
-0.100000 -630.000000 4.540319
-0.100000 -610.000000 4.552909
-0.100000 -590.000000 4.378919
-0.100000 -570.000000 4.149933
-0.100000 -550.000000 3.988883
-0.100000 -530.000000 3.875372
-0.100000 -510.000000 3.800252
-0.100000 -490.000000 3.622682
-0.100000 -470.000000 3.436146
-0.100000 -450.000000 3.486602
-0.100000 -430.000000 3.775299
-0.100000 -410.000000 4.150606
-0.100000 -390.000000 4.330794
-0.100000 -370.000000 4.295818
-0.100000 -350.000000 4.215634
-0.100000 -330.000000 4.229909
-0.100000 -310.000000 4.434378
-0.100000 -290.000000 4.736494
-0.100000 -270.000000 4.978916
-0.100000 -250.000000 5.308395
-0.100000 -230.000000 5.973489
-0.100000 -210.000000 7.107574
-0.100000 -190.000000 8.746977
-0.100000 -170.000000 10.990280
-0.100000 -150.000000 14.105400
-0.100000 -130.000000 18.373183
-0.100000 -110.000000 23.894393
-0.100000 -90.000000 29.508492
-0.100000 -70.000000 33.678323
-0.100000 -50.000000 36.293371
-0.100000 -30.000000 37.857156
-0.100000 -10.000000 38.666931
-0.100000 10.000000 38.582581
-0.100000 30.000000 37.898130
-0.100000 50.000000 36.456648
-0.100000 70.000000 33.777987
-0.100000 90.000000 29.582303
-0.100000 110.000000 23.922690
-0.100000 130.000000 18.393203
-0.100000 150.000000 14.103976
-0.100000 170.000000 11.017451
-0.100000 190.000000 8.833998
-0.100000 210.000000 7.218011
-0.100000 230.000000 6.052679
-0.100000 250.000000 5.294888
-0.100000 270.000000 4.892192
-0.100000 290.000000 4.685505
-0.100000 310.000000 4.473877
-0.100000 330.000000 4.308766
-0.100000 350.000000 4.236308
-0.100000 370.000000 4.134829
-0.100000 390.000000 4.022811
-0.100000 410.000000 3.782310
-0.100000 430.000000 3.476335
-0.100000 450.000000 3.274057
-0.100000 470.000000 3.205135
-0.100000 490.000000 3.509364
-0.100000 510.000000 3.785994
-0.100000 530.000000 3.963642
-0.100000 550.000000 4.111448
-0.100000 570.000000 4.135624
-0.100000 590.000000 4.300751
-0.100000 610.000000 4.531640
-0.100000 630.000000 4.531116
-0.100000 650.000000 4.378989
-0.100000 670.000000 4.266430
-0.100000 690.000000 4.253971
-0.100000 710.000000 4.332602
-0.100000 730.000000 4.242734
-0.100000 750.000000 4.235610
-0.100000 770.000000 4.293705
-0.100000 790.000000 4.204877
-0.100000 810.000000 4.174843
-0.100000 830.000000 4.201847
-0.100000 850.000000 4.253526
-0.100000 870.000000 4.195282
-0.100000 890.000000 4.245196
-0.100000 910.000000 4.401253
-0.100000 930.000000 4.253482
-0.100000 950.000000 4.142049
-0.100000 970.000000 4.283770
-0.100000 990.000000 4.403645
-0.100000 1010.000000 4.235104
-0.100000 1030.000000 4.064790
-0.100000 1050.000000 4.077834
-0.100000 1070.000000 4.234588
-0.100000 1090.000000 4.403418
-0.100000 1110.000000 4.453306
-0.100000 1130.000000 4.549539
-0.100000 1150.000000 4.622197
-0.100000 1170.000000 4.695921
-0.100000 1190.000000 4.612331
-0.100000 1210.000000 4.323513
-0.100000 1230.000000 4.176973
-0.100000 1250.000000 4.272839
-0.100000 1270.000000 4.374510
-0.100000 1290.000000 4.285001
-0.100000 1310.000000 4.035541
-0.100000 1330.000000 3.859098
-0.100000 1350.000000 3.685318
-0.100000 1370.000000 3.464417
-0.100000 1390.000000 3.318576
-0.100000 1410.000000 3.090900
-0.100000 1430.000000 2.927745
-0.100000 1450.000000 3.021664
-0.100000 1470.000000 3.058203
-0.100000 1490.000000 3.030639
-0.100000 1510.000000 3.197408
-0.100000 1530.000000 3.580687
-0.100000 1550.000000 3.979620
-0.100000 1570.000000 4.029770
-0.100000 1590.000000 3.869383
-0.100000 1610.000000 3.560125
-0.100000 1630.000000 2.999575
0.100000 -1630.000000 3.124243
0.100000 -1610.000000 3.641078
0.100000 -1590.000000 3.866834
0.100000 -1570.000000 4.046935
0.100000 -1550.000000 3.985915
0.100000 -1530.000000 3.556930
0.100000 -1510.000000 3.167208
0.100000 -1490.000000 3.014182
0.100000 -1470.000000 3.149860
0.100000 -1450.000000 3.193593
0.100000 -1430.000000 3.086971
0.100000 -1410.000000 3.202237
0.100000 -1390.000000 3.486524
0.100000 -1370.000000 3.795851
0.100000 -1350.000000 4.073407
0.100000 -1330.000000 4.133921
0.100000 -1310.000000 4.183783
0.100000 -1290.000000 4.434841
0.100000 -1270.000000 4.501615
0.100000 -1250.000000 4.201324
0.100000 -1230.000000 3.907851
0.100000 -1210.000000 3.963537
0.100000 -1190.000000 4.200119
0.100000 -1170.000000 4.223107
0.100000 -1150.000000 4.254285
0.100000 -1130.000000 4.370153
0.100000 -1110.000000 4.467372
0.100000 -1090.000000 4.518404
0.100000 -1070.000000 4.287245
0.100000 -1050.000000 4.099757
0.100000 -1030.000000 4.125539
0.100000 -1010.000000 4.364391
0.100000 -990.000000 4.412481
0.100000 -970.000000 4.141788
0.100000 -950.000000 3.952763
0.100000 -930.000000 4.078218
0.100000 -910.000000 4.294002
0.100000 -890.000000 4.286179
0.100000 -870.000000 4.395979
0.100000 -850.000000 4.549338
0.100000 -830.000000 4.516029
0.100000 -810.000000 4.381687
0.100000 -790.000000 4.286642
0.100000 -770.000000 4.260275
0.100000 -750.000000 4.169220
0.100000 -730.000000 4.147978
0.100000 -710.000000 4.207758
0.100000 -690.000000 4.183032
0.100000 -670.000000 4.272236
0.100000 -650.000000 4.442236
0.100000 -630.000000 4.540319
0.100000 -610.000000 4.552909
0.100000 -590.000000 4.378919
0.100000 -570.000000 4.149933
0.100000 -550.000000 3.988883
0.100000 -530.000000 3.875372
0.100000 -510.000000 3.800252
0.100000 -490.000000 3.622682
0.100000 -470.000000 3.436146
0.100000 -450.000000 3.486602
0.100000 -430.000000 3.775299
0.100000 -410.000000 4.150606
0.100000 -390.000000 4.330794
0.100000 -370.000000 4.295818
0.100000 -350.000000 4.215634
0.100000 -330.000000 4.229909
0.100000 -310.000000 4.434378
0.100000 -290.000000 4.736494
0.100000 -270.000000 4.978916
0.100000 -250.000000 5.308395
0.100000 -230.000000 5.973489
0.100000 -210.000000 7.107574
0.100000 -190.000000 8.746977
0.100000 -170.000000 10.990280
0.100000 -150.000000 14.105400
0.100000 -130.000000 18.373183
0.100000 -110.000000 23.894393
0.100000 -90.000000 29.508492
0.100000 -70.000000 33.678323
0.100000 -50.000000 36.293371
0.100000 -30.000000 37.857156
0.100000 -10.000000 38.666931
0.100000 10.000000 38.582581
0.100000 30.000000 37.898130
0.100000 50.000000 36.456648
0.100000 70.000000 33.777987
0.100000 90.000000 29.582303
0.100000 110.000000 23.922690
0.100000 130.000000 18.393203
0.100000 150.000000 14.103976
0.100000 170.000000 11.017451
0.100000 190.000000 8.833998
0.100000 210.000000 7.218011
0.100000 230.000000 6.052679
0.100000 250.000000 5.294888
0.100000 270.000000 4.892192
0.100000 290.000000 4.685505
0.100000 310.000000 4.473877
0.100000 330.000000 4.308766
0.100000 350.000000 4.236308
0.100000 370.000000 4.134829
0.100000 390.000000 4.022811
0.100000 410.000000 3.782310
0.100000 430.000000 3.476335
0.100000 450.000000 3.274057
0.100000 470.000000 3.205135
0.100000 490.000000 3.509364
0.100000 510.000000 3.785994
0.100000 530.000000 3.963642
0.100000 550.000000 4.111448
0.100000 570.000000 4.135624
0.100000 590.000000 4.300751
0.100000 610.000000 4.531640
0.100000 630.000000 4.531116
0.100000 650.000000 4.378989
0.100000 670.000000 4.266430
0.100000 690.000000 4.253971
0.100000 710.000000 4.332602
0.100000 730.000000 4.242734
0.100000 750.000000 4.235610
0.100000 770.000000 4.293705
0.100000 790.000000 4.204877
0.100000 810.000000 4.174843
0.100000 830.000000 4.201847
0.100000 850.000000 4.253526
0.100000 870.000000 4.195282
0.100000 890.000000 4.245196
0.100000 910.000000 4.401253
0.100000 930.000000 4.253482
0.100000 950.000000 4.142049
0.100000 970.000000 4.283770
0.100000 990.000000 4.403645
0.100000 1010.000000 4.235104
0.100000 1030.000000 4.064790
0.100000 1050.000000 4.077834
0.100000 1070.000000 4.234588
0.100000 1090.000000 4.403418
0.100000 1110.000000 4.453306
0.100000 1130.000000 4.549539
0.100000 1150.000000 4.622197
0.100000 1170.000000 4.695921
0.100000 1190.000000 4.612331
0.100000 1210.000000 4.323513
0.100000 1230.000000 4.176973
0.100000 1250.000000 4.272839
0.100000 1270.000000 4.374510
0.100000 1290.000000 4.285001
0.100000 1310.000000 4.035541
0.100000 1330.000000 3.859098
0.100000 1350.000000 3.685318
0.100000 1370.000000 3.464417
0.100000 1390.000000 3.318576
0.100000 1410.000000 3.090900
0.100000 1430.000000 2.927745
0.100000 1450.000000 3.021664
0.100000 1470.000000 3.058203
0.100000 1490.000000 3.030639
0.100000 1510.000000 3.197408
0.100000 1530.000000 3.580687
0.100000 1550.000000 3.979620
0.100000 1570.000000 4.029770
0.100000 1590.000000 3.869383
0.100000 1610.000000 3.560125
0.100000 1630.000000 2.999575
