-0.000000 -1.629917 0.000000
0.000000 -1.589750 0.000000
0.000000 -1.549583 0.000000
-0.000000 -1.509417 0.000000
0.000000 -1.469250 0.000000
0.000000 -1.429083 0.000000
0.000000 -1.388917 0.000000
0.000000 -1.348750 0.000000
0.000000 -1.308583 0.000000
0.000000 -1.268417 0.000000
0.000000 -1.228250 0.000000
0.000000 -1.188083 0.000000
0.000000 -1.147917 0.000000
0.000000 -1.107750 0.000000
-0.000000 -1.067583 0.000000
0.000000 -1.027417 0.000000
0.000000 -0.987250 0.000000
0.000000 -0.947083 0.000000
0.000000 -0.906917 0.000000
0.000000 -0.866750 0.000000
0.000000 -0.826583 0.000000
0.000000 -0.786417 0.000000
0.000000 -0.746250 0.000000
0.000000 -0.706083 0.000000
0.000000 -0.665917 0.000000
0.000000 -0.625750 0.000000
0.000000 -0.585583 0.000000
0.000000 -0.545417 0.000000
0.000000 -0.505250 0.000000
0.000000 -0.465083 0.000000
0.000000 -0.424917 0.000000
-0.000000 -0.384750 0.000000
0.000000 -0.344583 0.000000
0.000000 -0.304417 0.000000
0.000000 -0.264250 0.000000
0.000000 -0.224083 0.000000
0.000000 -0.183917 0.000000
0.000000 -0.143750 0.000000
0.000000 -0.103583 0.000000
0.000000 -0.083000 0.000000
0.000000 -0.078158 0.000000
0.000000 -0.069474 0.000000
0.000000 -0.060789 0.000000
0.000000 -0.052105 0.000000
0.000000 -0.043421 0.000000
0.000000 -0.034737 0.000000
0.000000 -0.026053 0.000000
0.000000 -0.017368 0.000000
0.000000 -0.008684 0.000000
0.000000 0.000000 0.000000
0.000000 0.008684 0.000000
0.000000 0.017368 0.000000
0.000000 0.026053 0.000000
0.000000 0.034737 0.000000
0.000000 0.043421 0.000000
0.000000 0.052105 0.000000
0.000000 0.060789 0.000000
0.000000 0.069474 0.000000
0.000000 0.078158 0.000000
0.000000 0.083000 0.000000
0.000000 0.103583 0.000000
-0.000000 0.143750 0.000000
0.000000 0.183917 0.000000
0.000000 0.224083 0.000000
-0.000000 0.264250 0.000000
0.000000 0.304417 0.000000
0.000000 0.344583 0.000000
0.000000 0.384750 0.000000
0.000000 0.424917 0.000000
0.000000 0.465083 0.000000
0.000000 0.505250 0.000000
0.000000 0.545417 0.000000
0.000000 0.585583 0.000000
0.000000 0.625750 0.000000
0.000000 0.665917 0.000000
0.000000 0.706083 0.000000
0.000000 0.746250 0.000000
0.000000 0.786417 0.000000
0.000000 0.826583 0.000000
0.000000 0.866750 0.000000
0.000000 0.906917 0.000000
0.000000 0.947083 0.000000
0.000000 0.987250 0.000000
0.000000 1.027417 0.000000
0.000000 1.067583 0.000000
0.000000 1.107750 0.000000
-0.000000 1.147917 0.000000
0.000000 1.188083 0.000000
-0.000000 1.228250 0.000000
0.000000 1.268417 0.000000
0.000000 1.308583 0.000000
0.000000 1.348750 0.000000
0.000000 1.388917 0.000000
0.000000 1.429083 0.000000
-0.000000 1.469250 0.000000
0.000000 1.509417 0.000000
-0.000000 1.549583 0.000000
0.000000 1.589750 0.000000
-0.000000 1.629917 0.000000
0.000000 -1.629917 0.079102
-0.000000 -1.589750 0.078891
-0.000000 -1.549583 0.078726
0.000000 -1.509417 0.078776
0.000000 -1.469250 0.078929
0.000000 -1.429083 0.079053
0.000000 -1.388917 0.079069
0.000000 -1.348750 0.079121
-0.000000 -1.308583 0.079250
0.000000 -1.268417 0.079237
-0.000000 -1.228250 0.079066
-0.000000 -1.188083 0.078934
-0.000000 -1.147917 0.079014
0.000000 -1.107750 0.079171
-0.000000 -1.067583 0.079194
0.000000 -1.027417 0.079119
-0.000000 -0.987250 0.079039
-0.000000 -0.947083 0.079109
-0.000000 -0.906917 0.079253
-0.000000 -0.866750 0.079220
-0.000000 -0.826583 0.079065
0.000000 -0.786417 0.078984
-0.000000 -0.746250 0.078992
0.000000 -0.706083 0.078751
0.000000 -0.665917 0.078347
0.000000 -0.625750 0.078175
0.000000 -0.585583 0.078233
0.000000 -0.545417 0.078424
-0.000000 -0.505250 0.078516
-0.000000 -0.465083 0.078326
-0.000000 -0.424917 0.077634
-0.000000 -0.384764 0.075868
0.000000 -0.344599 0.073326
0.000000 -0.304409 0.070816
0.000000 -0.264241 0.068647
-0.000000 -0.224084 0.066884
0.000000 -0.183938 0.065172
-0.000000 -0.143843 0.062755
-0.000000 -0.103745 0.058951
-0.000000 -0.082418 0.056504
0.000000 -0.078202 0.056009
0.000000 -0.069476 0.054991
0.000000 -0.060734 0.053997
0.000000 -0.051991 0.053052
0.000000 -0.043248 0.052175
0.000000 -0.034509 0.051387
-0.000000 -0.025818 0.050707
-0.000000 -0.017190 0.050149
0.000000 -0.008562 0.049720
-0.000000 0.000073 0.049427
-0.000000 0.008711 0.049276
0.000000 0.017344 0.049270
-0.000000 0.025958 0.049408
0.000000 0.034601 0.049691
0.000000 0.043275 0.050114
0.000000 0.051953 0.050671
0.000000 0.060629 0.051353
-0.000000 0.069298 0.052151
-0.000000 0.077977 0.053055
0.000000 0.082194 0.053528
0.000000 0.103475 0.056440
0.000000 0.143812 0.062368
0.000000 0.184067 0.068123
-0.000000 0.224185 0.072653
0.000000 0.264299 0.075714
-0.000000 0.304435 0.077536
0.000000 0.344589 0.078506
-0.000000 0.384751 0.079024
-0.000000 0.424917 0.079152
0.000000 0.465083 0.078947
-0.000000 0.505250 0.078650
-0.000000 0.545417 0.078333
-0.000000 0.585583 0.078077
0.000000 0.625750 0.077884
-0.000000 0.665917 0.077795
-0.000000 0.706083 0.078008
0.000000 0.746250 0.078446
-0.000000 0.786417 0.078771
-0.000000 0.826583 0.078851
-0.000000 0.866750 0.078757
-0.000000 0.906917 0.078697
0.000000 0.947083 0.078735
0.000000 0.987250 0.078745
-0.000000 1.027417 0.078711
-0.000000 1.067583 0.078685
0.000000 1.107750 0.078674
-0.000000 1.147917 0.078736
-0.000000 1.188083 0.078833
-0.000000 1.228250 0.078741
0.000000 1.268417 0.078471
0.000000 1.308583 0.078363
0.000000 1.348750 0.078470
-0.000000 1.388917 0.078606
0.000000 1.429083 0.078627
0.000000 1.469250 0.078480
0.000000 1.509417 0.078308
0.000000 1.549583 0.078290
-0.000000 1.589750 0.078606
-0.000000 1.629917 0.078985
0.000000 -1.650000 0.039585
-0.000000 1.650000 0.039552
-0.000000 -1.629917 0.000000
0.000000 -1.589750 0.000000
0.000000 -1.549583 0.000000
-0.000000 -1.509417 0.000000
0.000000 -1.469250 0.000000
0.000000 -1.429083 0.000000
0.000000 -1.388917 0.000000
0.000000 -1.348750 0.000000
0.000000 -1.308583 0.000000
0.000000 -1.268417 0.000000
0.000000 -1.228250 0.000000
0.000000 -1.188083 0.000000
0.000000 -1.147917 0.000000
0.000000 -1.107750 0.000000
-0.000000 -1.067583 0.000000
0.000000 -1.027417 0.000000
0.000000 -0.987250 0.000000
0.000000 -0.947083 0.000000
0.000000 -0.906917 0.000000
0.000000 -0.866750 0.000000
0.000000 -0.826583 0.000000
0.000000 -0.786417 0.000000
0.000000 -0.746250 0.000000
0.000000 -0.706083 0.000000
0.000000 -0.665917 0.000000
0.000000 -0.625750 0.000000
0.000000 -0.585583 0.000000
0.000000 -0.545417 0.000000
0.000000 -0.505250 0.000000
0.000000 -0.465083 0.000000
0.000000 -0.424917 0.000000
-0.000000 -0.384750 0.000000
0.000000 -0.344583 0.000000
0.000000 -0.304417 0.000000
0.000000 -0.264250 0.000000
0.000000 -0.224083 0.000000
0.000000 -0.183917 0.000000
0.000000 -0.143750 0.000000
0.000000 -0.103583 0.000000
0.000000 -0.083000 0.000000
0.000000 -0.078158 0.000000
0.000000 -0.069474 0.000000
0.000000 -0.060789 0.000000
0.000000 -0.052105 0.000000
0.000000 -0.043421 0.000000
0.000000 -0.034737 0.000000
0.000000 -0.026053 0.000000
0.000000 -0.017368 0.000000
0.000000 -0.008684 0.000000
0.000000 0.000000 0.000000
0.000000 0.008684 0.000000
0.000000 0.017368 0.000000
0.000000 0.026053 0.000000
0.000000 0.034737 0.000000
0.000000 0.043421 0.000000
0.000000 0.052105 0.000000
0.000000 0.060789 0.000000
0.000000 0.069474 0.000000
0.000000 0.078158 0.000000
0.000000 0.083000 0.000000
0.000000 0.103583 0.000000
-0.000000 0.143750 0.000000
0.000000 0.183917 0.000000
0.000000 0.224083 0.000000
-0.000000 0.264250 0.000000
0.000000 0.304417 0.000000
0.000000 0.344583 0.000000
0.000000 0.384750 0.000000
0.000000 0.424917 0.000000
0.000000 0.465083 0.000000
0.000000 0.505250 0.000000
0.000000 0.545417 0.000000
0.000000 0.585583 0.000000
0.000000 0.625750 0.000000
0.000000 0.665917 0.000000
0.000000 0.706083 0.000000
0.000000 0.746250 0.000000
0.000000 0.786417 0.000000
0.000000 0.826583 0.000000
0.000000 0.866750 0.000000
0.000000 0.906917 0.000000
0.000000 0.947083 0.000000
0.000000 0.987250 0.000000
0.000000 1.027417 0.000000
0.000000 1.067583 0.000000
0.000000 1.107750 0.000000
-0.000000 1.147917 0.000000
0.000000 1.188083 0.000000
-0.000000 1.228250 0.000000
0.000000 1.268417 0.000000
0.000000 1.308583 0.000000
0.000000 1.348750 0.000000
0.000000 1.388917 0.000000
0.000000 1.429083 0.000000
-0.000000 1.469250 0.000000
0.000000 1.509417 0.000000
-0.000000 1.549583 0.000000
0.000000 1.589750 0.000000
-0.000000 1.629917 0.000000
-0.000000 -1.629917 0.079078
0.000000 -1.589750 0.078876
0.000000 -1.549583 0.078720
0.000000 -1.509417 0.078764
-0.000000 -1.469250 0.078910
0.000000 -1.429083 0.079031
0.000000 -1.388917 0.079054
-0.000000 -1.348750 0.079108
-0.000000 -1.308583 0.079226
0.000000 -1.268417 0.079211
-0.000000 -1.228250 0.079051
0.000000 -1.188083 0.078928
0.000000 -1.147917 0.079001
0.000000 -1.107750 0.079147
-0.000000 -1.067583 0.079172
0.000000 -1.027417 0.079102
-0.000000 -0.987250 0.079030
-0.000000 -0.947083 0.079096
-0.000000 -0.906917 0.079227
0.000000 -0.866750 0.079196
0.000000 -0.826583 0.079052
0.000000 -0.786417 0.078972
0.000000 -0.746250 0.078962
-0.000000 -0.706084 0.078726
0.000000 -0.665917 0.078342
0.000000 -0.625750 0.078170
0.000000 -0.585583 0.078223
-0.000000 -0.545417 0.078402
0.000000 -0.505250 0.078484
-0.000000 -0.465084 0.078282
-0.000000 -0.424919 0.077552
0.000000 -0.384786 0.075530
0.000000 -0.344638 0.072709
0.000000 -0.304456 0.070048
-0.000000 -0.264309 0.067516
-0.000000 -0.224185 0.065110
-0.000000 -0.184074 0.062867
-0.000000 -0.143986 0.060868
-0.000000 -0.103770 0.059216
-0.000000 -0.082329 0.058469
0.000000 -0.078089 0.058351
0.000000 -0.069317 0.058126
0.000000 -0.060535 0.057930
0.000000 -0.051764 0.057763
0.000000 -0.043006 0.057627
0.000000 -0.034271 0.057523
-0.000000 -0.025600 0.057452
-0.000000 -0.017010 0.057415
0.000000 -0.008435 0.057410
-0.000000 0.000136 0.057439
0.000000 0.008701 0.057501
-0.000000 0.017256 0.057597
0.000000 0.025791 0.057727
0.000000 0.034359 0.057890
0.000000 0.042968 0.058088
0.000000 0.051591 0.058319
-0.000000 0.060226 0.058583
-0.000000 0.068871 0.058878
-0.000000 0.077543 0.059205
0.000000 0.081747 0.059374
0.000000 0.103126 0.060398
0.000000 0.143804 0.062617
0.000000 0.184378 0.065173
0.000000 0.224598 0.067853
0.000000 0.264644 0.070506
0.000000 0.304658 0.073047
-0.000000 0.344707 0.075477
0.000000 0.384792 0.077886
-0.000000 0.424916 0.079091
0.000000 0.465083 0.078925
0.000000 0.505250 0.078631
0.000000 0.545417 0.078319
-0.000000 0.585583 0.078063
0.000000 0.625750 0.077872
-0.000000 0.665917 0.077794
-0.000000 0.706083 0.078003
-0.000000 0.746250 0.078423
-0.000000 0.786417 0.078741
-0.000000 0.826583 0.078824
0.000000 0.866750 0.078741
-0.000000 0.906917 0.078685
-0.000000 0.947083 0.078716
0.000000 0.987250 0.078726
-0.000000 1.027417 0.078695
0.000000 1.067583 0.078669
0.000000 1.107750 0.078661
0.000000 1.147917 0.078721
-0.000000 1.188083 0.078806
-0.000000 1.228250 0.078715
0.000000 1.268417 0.078462
0.000000 1.308583 0.078357
0.000000 1.348750 0.078455
0.000000 1.388917 0.078583
-0.000000 1.429083 0.078601
0.000000 1.469250 0.078462
-0.000000 1.509417 0.078299
-0.000000 1.549583 0.078290
0.000000 1.589750 0.078593
-0.000000 1.629917 0.078953
0.000000 -1.650000 0.039585
-0.000000 1.650000 0.039552
-0.000000 -1.629917 0.000000
0.000000 -1.589750 0.000000
0.000000 -1.549583 0.000000
-0.000000 -1.509417 0.000000
0.000000 -1.469250 0.000000
0.000000 -1.429083 0.000000
0.000000 -1.388917 0.000000
0.000000 -1.348750 0.000000
0.000000 -1.308583 0.000000
0.000000 -1.268417 0.000000
0.000000 -1.228250 0.000000
0.000000 -1.188083 0.000000
0.000000 -1.147917 0.000000
0.000000 -1.107750 0.000000
-0.000000 -1.067583 0.000000
0.000000 -1.027417 0.000000
0.000000 -0.987250 0.000000
0.000000 -0.947083 0.000000
0.000000 -0.906917 0.000000
0.000000 -0.866750 0.000000
0.000000 -0.826583 0.000000
0.000000 -0.786417 0.000000
0.000000 -0.746250 0.000000
0.000000 -0.706083 0.000000
0.000000 -0.665917 0.000000
0.000000 -0.625750 0.000000
0.000000 -0.585583 0.000000
0.000000 -0.545417 0.000000
0.000000 -0.505250 0.000000
0.000000 -0.465083 0.000000
0.000000 -0.424917 0.000000
-0.000000 -0.384750 0.000000
0.000000 -0.344583 0.000000
0.000000 -0.304417 0.000000
0.000000 -0.264250 0.000000
0.000000 -0.224083 0.000000
0.000000 -0.183917 0.000000
0.000000 -0.143750 0.000000
0.000000 -0.103583 0.000000
0.000000 -0.083000 0.000000
0.000000 -0.078158 0.000000
0.000000 -0.069474 0.000000
0.000000 -0.060789 0.000000
0.000000 -0.052105 0.000000
0.000000 -0.043421 0.000000
0.000000 -0.034737 0.000000
0.000000 -0.026053 0.000000
0.000000 -0.017368 0.000000
0.000000 -0.008684 0.000000
0.000000 0.000000 0.000000
0.000000 0.008684 0.000000
0.000000 0.017368 0.000000
0.000000 0.026053 0.000000
0.000000 0.034737 0.000000
0.000000 0.043421 0.000000
0.000000 0.052105 0.000000
0.000000 0.060789 0.000000
0.000000 0.069474 0.000000
0.000000 0.078158 0.000000
0.000000 0.083000 0.000000
0.000000 0.103583 0.000000
-0.000000 0.143750 0.000000
0.000000 0.183917 0.000000
0.000000 0.224083 0.000000
-0.000000 0.264250 0.000000
0.000000 0.304417 0.000000
0.000000 0.344583 0.000000
0.000000 0.384750 0.000000
0.000000 0.424917 0.000000
0.000000 0.465083 0.000000
0.000000 0.505250 0.000000
0.000000 0.545417 0.000000
0.000000 0.585583 0.000000
0.000000 0.625750 0.000000
0.000000 0.665917 0.000000
0.000000 0.706083 0.000000
0.000000 0.746250 0.000000
0.000000 0.786417 0.000000
0.000000 0.826583 0.000000
0.000000 0.866750 0.000000
0.000000 0.906917 0.000000
0.000000 0.947083 0.000000
0.000000 0.987250 0.000000
0.000000 1.027417 0.000000
0.000000 1.067583 0.000000
0.000000 1.107750 0.000000
-0.000000 1.147917 0.000000
0.000000 1.188083 0.000000
-0.000000 1.228250 0.000000
0.000000 1.268417 0.000000
0.000000 1.308583 0.000000
0.000000 1.348750 0.000000
0.000000 1.388917 0.000000
0.000000 1.429083 0.000000
-0.000000 1.469250 0.000000
0.000000 1.509417 0.000000
-0.000000 1.549583 0.000000
0.000000 1.589750 0.000000
-0.000000 1.629917 0.000000
0.000000 -1.629917 0.079052
0.000000 -1.589750 0.078861
0.000000 -1.549583 0.078713
0.000000 -1.509417 0.078752
-0.000000 -1.469250 0.078891
0.000000 -1.429083 0.079007
0.000000 -1.388917 0.079038
-0.000000 -1.348750 0.079093
0.000000 -1.308583 0.079200
0.000000 -1.268417 0.079185
-0.000000 -1.228250 0.079035
0.000000 -1.188083 0.078921
0.000000 -1.147917 0.078987
-0.000000 -1.107750 0.079122
-0.000000 -1.067583 0.079148
0.000000 -1.027417 0.079083
0.000000 -0.987250 0.079019
-0.000000 -0.947083 0.079081
-0.000000 -0.906917 0.079199
-0.000000 -0.866750 0.079172
0.000000 -0.826583 0.079037
0.000000 -0.786417 0.078958
0.000000 -0.746250 0.078931
-0.000000 -0.706084 0.078699
0.000000 -0.665917 0.078336
0.000000 -0.625750 0.078165
-0.000000 -0.585583 0.078212
0.000000 -0.545416 0.078378
0.000000 -0.505250 0.078449
0.000000 -0.465084 0.078233
-0.000000 -0.424922 0.077453
0.000000 -0.384807 0.075265
0.000000 -0.344671 0.072238
0.000000 -0.304493 0.069482
-0.000000 -0.264340 0.067004
-0.000000 -0.224202 0.064814
-0.000000 -0.184071 0.062937
-0.000000 -0.143965 0.061406
-0.000000 -0.103740 0.060252
0.000000 -0.082300 0.059764
0.000000 -0.078060 0.059690
0.000000 -0.069290 0.059553
0.000000 -0.060511 0.059437
0.000000 -0.051743 0.059342
0.000000 -0.042990 0.059269
0.000000 -0.034259 0.059218
-0.000000 -0.025593 0.059188
-0.000000 -0.017009 0.059181
0.000000 -0.008439 0.059194
-0.000000 0.000126 0.059229
-0.000000 0.008685 0.059284
-0.000000 0.017235 0.059360
0.000000 0.025765 0.059457
0.000000 0.034328 0.059575
0.000000 0.042933 0.059714
0.000000 0.051553 0.059874
-0.000000 0.060185 0.060055
-0.000000 0.068829 0.060255
-0.000000 0.077501 0.060475
-0.000000 0.081705 0.060589
0.000000 0.103089 0.061276
0.000000 0.143795 0.062801
0.000000 0.184408 0.064656
0.000000 0.224664 0.066772
-0.000000 0.264732 0.069113
0.000000 0.304747 0.071657
-0.000000 0.344777 0.074403
0.000000 0.384828 0.077369
-0.000000 0.424917 0.078983
0.000000 0.465083 0.078899
0.000000 0.505250 0.078612
0.000000 0.545416 0.078304
-0.000000 0.585583 0.078048
0.000000 0.625750 0.077861
-0.000000 0.665917 0.077792
0.000000 0.706083 0.077997
0.000000 0.746251 0.078399
-0.000000 0.786417 0.078709
-0.000000 0.826583 0.078797
0.000000 0.866750 0.078725
-0.000000 0.906917 0.078672
-0.000000 0.947083 0.078697
-0.000000 0.987250 0.078705
-0.000000 1.027417 0.078677
0.000000 1.067583 0.078651
-0.000000 1.107750 0.078647
0.000000 1.147917 0.078704
-0.000000 1.188083 0.078778
-0.000000 1.228250 0.078687
-0.000000 1.268417 0.078452
0.000000 1.308583 0.078350
0.000000 1.348750 0.078438
0.000000 1.388917 0.078558
0.000000 1.429083 0.078574
0.000000 1.469250 0.078442
-0.000000 1.509417 0.078290
-0.000000 1.549583 0.078290
-0.000000 1.589750 0.078578
0.000000 1.629917 0.078920
0.000000 -1.650000 0.039585
-0.000000 1.650000 0.039552
