1.000000 -100.000000 -100.000000
-0.050000 -4.500000 0.000000
-0.050000 -4.450000 0.000000
-0.050000 -4.400000 0.000000
-0.050000 -4.350000 0.000000
-0.050000 -4.300000 0.000000
-0.050000 -4.250000 0.000000
-0.050000 -4.200000 0.000000
-0.050000 -4.150000 0.000000
-0.050000 -4.100000 0.000000
-0.050000 -4.050000 0.000000
-0.050000 -4.000000 0.000000
-0.050000 -3.950000 0.000000
-0.050000 -3.900000 0.000000
-0.050000 -3.850000 0.000000
-0.050000 -3.800000 0.000000
-0.050000 -3.750000 0.000000
-0.050000 -3.700000 0.000000
-0.050000 -3.650000 0.000000
-0.050000 -3.600000 0.000000
-0.050000 -3.550000 0.000000
-0.050000 -3.500000 0.000000
-0.050000 -3.450000 0.000000
-0.050000 -3.400000 0.000000
-0.050000 -3.350000 0.000000
-0.050000 -3.300000 0.000000
-0.050000 -3.250000 0.000000
-0.050000 -3.200000 0.000000
-0.050000 -3.150000 0.000000
-0.050000 -3.100000 0.000000
-0.050000 -3.050000 0.000000
-0.050000 -3.000000 0.000000
-0.050000 -2.950000 0.000000
-0.050000 -2.900000 0.000000
-0.050000 -2.850000 0.000000
-0.050000 -2.800000 0.000000
-0.050000 -2.750000 0.000000
-0.050000 -2.700000 0.000000
-0.050000 -2.650000 0.000000
-0.050000 -2.600000 0.000000
-0.050000 -2.550000 0.000000
-0.050000 -2.500000 0.000000
-0.050000 -2.450000 0.000000
-0.050000 -2.400000 0.000000
-0.050000 -2.350000 0.000000
-0.050000 -2.300000 0.000000
-0.050000 -2.250000 0.000000
-0.050000 -2.200000 0.000000
-0.050000 -2.150000 0.000000
-0.050000 -2.100000 0.000000
-0.050000 -2.050000 0.000000
-0.050000 -2.000000 0.000000
-0.050000 -1.950000 0.000000
-0.050000 -1.900000 0.000000
-0.050000 -1.850000 0.000000
-0.050000 -1.800000 0.000000
-0.050000 -1.750000 0.000000
-0.050000 -1.700000 0.000000
-0.050000 -1.650000 0.000000
-0.050000 -1.600000 0.000000
-0.050000 -1.550000 0.000000
-0.050000 -1.500000 0.000000
-0.050000 -1.450000 0.000000
-0.050000 -1.400000 0.000000
-0.050000 -1.350000 0.000000
-0.050000 -1.300000 0.000000
-0.050000 -1.250000 0.000000
-0.050000 -1.200000 0.000000
-0.050000 -1.150000 0.000000
-0.050000 -1.100000 0.000000
-0.050000 -1.050000 0.000000
-0.050000 -1.000000 0.000000
-0.050000 -0.950000 0.000000
-0.050000 -0.900000 0.000000
-0.050000 -0.850000 0.000000
-0.050000 -0.800000 0.000000
-0.050000 -0.750000 0.000000
-0.050000 -0.700000 0.000000
-0.050000 -0.650000 0.000000
-0.050000 -0.600000 0.000000
-0.050000 -0.550000 0.000000
-0.050000 -0.500000 0.000000
-0.050000 -0.450000 0.000000
-0.050000 -0.400000 0.000000
-0.050000 -0.350000 0.000000
-0.050000 -0.300000 0.000000
-0.050000 -0.250000 0.000000
-0.050000 -0.200000 0.000000
-0.050000 -0.150000 0.000000
-0.050000 -0.100000 0.000000
-0.050000 -0.050000 0.000000
-0.050000 0.000000 0.000000
-0.050000 0.050000 0.000000
-0.050000 0.100000 0.000000
-0.050000 0.150000 0.000000
-0.050000 0.200000 0.000000
-0.050000 0.250000 0.000000
-0.050000 0.300000 0.000000
-0.050000 0.350000 0.000000
-0.050000 0.400000 0.000000
-0.050000 0.450000 0.000000
-0.050000 0.500000 0.000000
-0.050000 0.550000 0.000000
-0.050000 0.600000 0.000000
-0.050000 0.650000 0.000000
-0.050000 0.700000 0.000000
-0.050000 0.750000 0.000000
-0.050000 0.800000 0.000000
-0.050000 0.850000 0.000000
-0.050000 0.900000 0.000000
-0.050000 0.950000 0.000000
-0.050000 1.000000 0.000000
-0.050000 1.050000 0.000000
-0.050000 1.100000 0.000000
-0.050000 1.150000 0.000000
-0.050000 1.200000 0.000000
-0.050000 1.250000 0.000000
-0.050000 1.300000 0.000000
-0.050000 1.350000 0.000000
-0.050000 1.400000 0.000000
-0.050000 1.450000 0.000000
-0.050000 1.500000 0.000000
-0.050000 1.550000 0.000000
-0.050000 1.600000 0.000000
-0.050000 1.650000 0.000000
-0.050000 1.700000 0.000000
-0.050000 1.750000 0.000000
-0.050000 1.800000 0.000000
-0.050000 1.850000 0.000000
-0.050000 1.900000 0.000000
-0.050000 1.950000 0.000000
-0.050000 2.000000 0.000000
-0.050000 2.050000 0.000000
-0.050000 2.100000 0.000000
-0.050000 2.150000 0.000000
-0.050000 2.200000 0.000000
-0.050000 2.250000 0.000000
-0.050000 2.300000 0.000000
-0.050000 2.350000 0.000000
-0.050000 2.400000 0.000000
-0.050000 2.450000 0.000000
-0.050000 2.500000 0.000000
-0.050000 2.550000 0.000000
-0.050000 2.600000 0.000000
-0.050000 2.650000 0.000000
-0.050000 2.700000 0.000000
-0.050000 2.750000 0.000000
-0.050000 2.800000 0.000000
-0.050000 2.850000 0.000000
-0.050000 2.900000 0.000000
-0.050000 2.950000 0.000000
-0.050000 3.000000 0.000000
-0.050000 3.050000 0.000000
-0.050000 3.100000 0.000000
-0.050000 3.150000 0.000000
-0.050000 3.200000 0.000000
-0.050000 3.250000 0.000000
-0.050000 3.300000 0.000000
-0.050000 3.350000 0.000000
-0.050000 3.400000 0.000000
-0.050000 3.450000 0.000000
-0.050000 3.500000 0.000000
-0.050000 3.550000 0.000000
-0.050000 3.600000 0.000000
-0.050000 3.650000 0.000000
-0.050000 3.700000 0.000000
-0.050000 3.750000 0.000000
-0.050000 3.800000 0.000000
-0.050000 3.850000 0.000000
-0.050000 3.900000 0.000000
-0.050000 3.950000 0.000000
-0.050000 4.000000 0.000000
-0.050000 4.050000 0.000000
-0.050000 4.100000 0.000000
-0.050000 4.150000 0.000000
-0.050000 4.200000 0.000000
-0.050000 4.250000 0.000000
-0.050000 4.300000 0.000000
-0.050000 4.350000 0.000000
-0.050000 4.400000 0.000000
-0.050000 4.449219 0.000000
0.050000 -4.500000 0.000000
0.050000 -4.450000 0.000000
0.050000 -4.400000 0.000000
0.050000 -4.350000 0.000000
0.050000 -4.300000 0.000000
0.050000 -4.250000 0.000000
0.050000 -4.200000 0.000000
0.050000 -4.150000 0.000000
0.050000 -4.100000 0.000000
0.050000 -4.050000 0.000000
0.050000 -4.000000 0.000000
0.050000 -3.950000 0.000000
0.050000 -3.900000 0.000000
0.050000 -3.850000 0.000000
0.050000 -3.800000 0.000000
0.050000 -3.750000 0.000000
0.050000 -3.700000 0.000000
0.050000 -3.650000 0.000000
0.050000 -3.600000 0.000000
0.050000 -3.550000 0.000000
0.050000 -3.500000 0.000000
0.050000 -3.450000 0.000000
0.050000 -3.400000 0.000000
0.050000 -3.350000 0.000000
0.050000 -3.300000 0.000000
0.050000 -3.250000 0.000000
0.050000 -3.200000 0.000000
0.050000 -3.150000 0.000000
0.050000 -3.100000 0.000000
0.050000 -3.050000 0.000000
0.050000 -3.000000 0.000000
0.050000 -2.950000 0.000000
0.050000 -2.900000 0.000000
0.050000 -2.850000 0.000000
0.050000 -2.800000 0.000000
0.050000 -2.750000 0.000000
0.050000 -2.700000 0.000000
0.050000 -2.650000 0.000000
0.050000 -2.600000 0.000000
0.050000 -2.550000 0.000000
0.050000 -2.500000 0.000000
0.050000 -2.450000 0.000000
0.050000 -2.400000 0.000000
0.050000 -2.350000 0.000000
0.050000 -2.300000 0.000000
0.050000 -2.250000 0.000000
0.050000 -2.200000 0.000000
0.050000 -2.150000 0.000000
0.050000 -2.100000 0.000000
0.050000 -2.050000 0.000000
0.050000 -2.000000 0.000000
0.050000 -1.950000 0.000000
0.050000 -1.900000 0.000000
0.050000 -1.850000 0.000000
0.050000 -1.800000 0.000000
0.050000 -1.750000 0.000000
0.050000 -1.700000 0.000000
0.050000 -1.650000 0.000000
0.050000 -1.600000 0.000000
0.050000 -1.550000 0.000000
0.050000 -1.500000 0.000000
0.050000 -1.450000 0.000000
0.050000 -1.400000 0.000000
0.050000 -1.350000 0.000000
0.050000 -1.300000 0.000000
0.050000 -1.250000 0.000000
0.050000 -1.200000 0.000000
0.050000 -1.150000 0.000000
0.050000 -1.100000 0.000000
0.050000 -1.050000 0.000000
0.050000 -1.000000 0.000000
0.050000 -0.950000 0.000000
0.050000 -0.900000 0.000000
0.050000 -0.850000 0.000000
0.050000 -0.800000 0.000000
0.050000 -0.750000 0.000000
0.050000 -0.700000 0.000000
0.050000 -0.650000 0.000000
0.050000 -0.600000 0.000000
0.050000 -0.550000 0.000000
0.050000 -0.500000 0.000000
0.050000 -0.450000 0.000000
0.050000 -0.400000 0.000000
0.050000 -0.350000 0.000000
0.050000 -0.300000 0.000000
0.050000 -0.250000 0.000000
0.050000 -0.200000 0.000000
0.050000 -0.150000 0.000000
0.050000 -0.100000 0.000000
0.050000 -0.050000 0.000000
0.050000 0.000000 0.000000
0.050000 0.050000 0.000000
0.050000 0.100000 0.000000
0.050000 0.150000 0.000000
0.050000 0.200000 0.000000
0.050000 0.250000 0.000000
0.050000 0.300000 0.000000
0.050000 0.350000 0.000000
0.050000 0.400000 0.000000
0.050000 0.450000 0.000000
0.050000 0.500000 0.000000
0.050000 0.550000 0.000000
0.050000 0.600000 0.000000
0.050000 0.650000 0.000000
0.050000 0.700000 0.000000
0.050000 0.750000 0.000000
0.050000 0.800000 0.000000
0.050000 0.850000 0.000000
0.050000 0.900000 0.000000
0.050000 0.950000 0.000000
0.050000 1.000000 0.000000
0.050000 1.050000 0.000000
0.050000 1.100000 0.000000
0.050000 1.150000 0.000000
0.050000 1.200000 0.000000
0.050000 1.250000 0.000000
0.050000 1.300000 0.000000
0.050000 1.350000 0.000000
0.050000 1.400000 0.000000
0.050000 1.450000 0.000000
0.050000 1.500000 0.000000
0.050000 1.550000 0.000000
0.050000 1.600000 0.000000
0.050000 1.650000 0.000000
0.050000 1.700000 0.000000
0.050000 1.750000 0.000000
0.050000 1.800000 0.000000
0.050000 1.850000 0.000000
0.050000 1.900000 0.000000
0.050000 1.950000 0.000000
0.050000 2.000000 0.000000
0.050000 2.050000 0.000000
0.050000 2.100000 0.000000
0.050000 2.150000 0.000000
0.050000 2.200000 0.000000
0.050000 2.250000 0.000000
0.050000 2.300000 0.000000
0.050000 2.350000 0.000000
0.050000 2.400000 0.000000
0.050000 2.450000 0.000000
0.050000 2.500000 0.000000
0.050000 2.550000 0.000000
0.050000 2.600000 0.000000
0.050000 2.650000 0.000000
0.050000 2.700000 0.000000
0.050000 2.750000 0.000000
0.050000 2.800000 0.000000
0.050000 2.850000 0.000000
0.050000 2.900000 0.000000
0.050000 2.950000 0.000000
0.050000 3.000000 0.000000
0.050000 3.050000 0.000000
0.050000 3.100000 0.000000
0.050000 3.150000 0.000000
0.050000 3.200000 0.000000
0.050000 3.250000 0.000000
0.050000 3.300000 0.000000
0.050000 3.350000 0.000000
0.050000 3.400000 0.000000
0.050000 3.450000 0.000000
0.050000 3.500000 0.000000
0.050000 3.550000 0.000000
0.050000 3.600000 0.000000
0.050000 3.650000 0.000000
0.050000 3.700000 0.000000
0.050000 3.750000 0.000000
0.050000 3.800000 0.000000
0.050000 3.850000 0.000000
0.050000 3.900000 0.000000
0.050000 3.950000 0.000000
0.050000 4.000000 0.000000
0.050000 4.050000 0.000000
0.050000 4.100000 0.000000
0.050000 4.150000 0.000000
0.050000 4.200000 0.000000
0.050000 4.250000 0.000000
0.050000 4.300000 0.000000
0.050000 4.350000 0.000000
0.050000 4.400000 0.000000
0.050000 4.449219 0.000000
-0.050000 -4.500000 1.000000
-0.050000 -4.450000 0.994766
-0.050000 -4.400000 1.000000
-0.050000 -4.350000 0.994871
-0.050000 -4.300000 0.999999
-0.050000 -4.250000 0.992931
-0.050000 -4.200000 0.999999
-0.050000 -4.150000 0.993903
-0.050000 -4.100000 1.000000
-0.050000 -4.050000 0.995596
-0.050000 -4.000000 0.999999
-0.050000 -3.950000 0.993044
-0.050000 -3.900000 0.999999
-0.050000 -3.850000 0.993723
-0.050000 -3.800000 0.999999
-0.050000 -3.750000 0.994033
-0.050000 -3.700000 1.000000
-0.050000 -3.650000 0.994946
-0.050000 -3.600000 1.000000
-0.050000 -3.550000 0.995550
-0.050000 -3.500000 1.000000
-0.050000 -3.450000 0.994795
-0.050000 -3.400000 0.999999
-0.050000 -3.350000 0.984526
-0.050000 -3.300000 0.999997
-0.050000 -3.250000 0.976955
-0.050000 -3.200000 0.999995
-0.050000 -3.150000 0.977990
-0.050000 -3.100000 0.999994
-0.050000 -3.050000 0.969824
-0.050000 -3.000000 0.999993
-0.050000 -2.950000 0.974359
-0.050000 -2.900001 0.999993
-0.050000 -2.850000 0.963543
-0.050000 -2.799999 0.999995
-0.050000 -2.750000 0.984061
-0.050000 -2.700000 0.999998
-0.050000 -2.650000 0.984128
-0.050000 -2.600000 0.999998
-0.050000 -2.550000 0.985929
-0.050000 -2.500000 0.999999
-0.050000 -2.450000 0.993811
-0.050000 -2.400000 0.999999
-0.050000 -2.350000 0.994234
-0.050000 -2.300000 1.000000
-0.050000 -2.250000 0.994938
-0.050000 -2.200000 1.000000
-0.050000 -2.150000 0.996090
-0.050000 -2.100000 1.000000
-0.050000 -2.050000 0.996451
-0.050000 -2.000000 1.000000
-0.050000 -1.950000 0.995013
-0.050000 -1.900000 1.000000
-0.050000 -1.850000 0.995772
-0.050000 -1.800000 1.000000
-0.050000 -1.750000 0.995575
-0.050000 -1.700000 1.000000
-0.050000 -1.650000 0.995227
-0.050000 -1.600000 1.000000
-0.050000 -1.550000 0.996111
-0.050000 -1.500000 1.000000
-0.050000 -1.450000 0.994766
-0.050000 -1.400000 1.000000
-0.050000 -1.350000 0.994871
-0.050000 -1.300000 0.999999
-0.050000 -1.250000 0.992931
-0.050000 -1.200000 0.999999
-0.050000 -1.150000 0.993903
-0.050000 -1.100000 1.000000
-0.050000 -1.050000 0.995596
-0.050000 -1.000000 0.999999
-0.050000 -0.950000 0.993044
-0.050000 -0.900000 0.999999
-0.050000 -0.850000 0.993723
-0.050000 -0.800000 0.999999
-0.050000 -0.750000 0.994033
-0.050000 -0.700000 1.000000
-0.050000 -0.650000 0.994946
-0.050000 -0.600000 1.000000
-0.050000 -0.550000 0.995550
-0.050000 -0.500000 1.000000
-0.050000 -0.450000 0.994795
-0.050000 -0.400000 0.999999
-0.050000 -0.350000 0.984526
-0.050000 -0.300000 0.999997
-0.050000 -0.250000 0.976955
-0.050000 -0.200000 0.999995
-0.050000 -0.150000 0.977990
-0.050000 -0.100000 0.999994
-0.050000 -0.050000 0.969824
-0.050000 0.000000 0.999993
-0.050000 0.050000 0.974359
-0.050000 0.099999 0.999993
-0.050000 0.150000 0.963543
-0.050000 0.200001 0.999995
-0.050000 0.250000 0.984061
-0.050000 0.300000 0.999998
-0.050000 0.350000 0.984128
-0.050000 0.400000 0.999998
-0.050000 0.450000 0.985929
-0.050000 0.500000 0.999999
-0.050000 0.550000 0.993811
-0.050000 0.600000 0.999999
-0.050000 0.650000 0.994234
-0.050000 0.700000 1.000000
-0.050000 0.750000 0.994938
-0.050000 0.800000 1.000000
-0.050000 0.850000 0.996090
-0.050000 0.900000 1.000000
-0.050000 0.950000 0.996451
-0.050000 1.000000 1.000000
-0.050000 1.050000 0.995013
-0.050000 1.100000 1.000000
-0.050000 1.150000 0.995772
-0.050000 1.200000 1.000000
-0.050000 1.250000 0.995575
-0.050000 1.300000 1.000000
-0.050000 1.350000 0.995227
-0.050000 1.400000 1.000000
-0.050000 1.450000 0.996111
-0.050000 1.500000 1.000000
-0.050000 1.550000 0.994766
-0.050000 1.600000 1.000000
-0.050000 1.650000 0.994871
-0.050000 1.700000 0.999999
-0.050000 1.750000 0.992931
-0.050000 1.800000 0.999999
-0.050000 1.850000 0.993903
-0.050000 1.900000 1.000000
-0.050000 1.950000 0.995596
-0.050000 2.000000 0.999999
-0.050000 2.050000 0.993044
-0.050000 2.100000 0.999999
-0.050000 2.150000 0.993723
-0.050000 2.200000 0.999999
-0.050000 2.250000 0.994033
-0.050000 2.300000 1.000000
-0.050000 2.350000 0.994946
-0.050000 2.400000 1.000000
-0.050000 2.450000 0.995550
-0.050000 2.500000 1.000000
-0.050000 2.550000 0.994795
-0.050000 2.600000 0.999999
-0.050000 2.650000 0.984526
-0.050000 2.700000 0.999997
-0.050000 2.750000 0.976955
-0.050000 2.800000 0.999995
-0.050000 2.850000 0.977990
-0.050000 2.900000 0.999994
-0.050000 2.950000 0.969824
-0.050000 3.000000 0.999993
-0.050000 3.050000 0.974359
-0.050000 3.099999 0.999993
-0.050000 3.150000 0.963543
-0.050000 3.200001 0.999995
-0.050000 3.250000 0.984061
-0.050000 3.300000 0.999998
-0.050000 3.350000 0.984128
-0.050000 3.400000 0.999998
-0.050000 3.450000 0.985929
-0.050000 3.500000 0.999999
-0.050000 3.550000 0.993811
-0.050000 3.600000 0.999999
-0.050000 3.650000 0.994234
-0.050000 3.700000 1.000000
-0.050000 3.750000 0.994938
-0.050000 3.800000 1.000000
-0.050000 3.850000 0.996090
-0.050000 3.900000 1.000000
-0.050000 3.950000 0.996451
-0.050000 4.000000 1.000000
-0.050000 4.050000 0.995013
-0.050000 4.100000 1.000000
-0.050000 4.150000 0.995772
-0.050000 4.200000 1.000000
-0.050000 4.250000 0.995575
-0.050000 4.300000 1.000000
-0.050000 4.350000 0.995227
-0.050000 4.400000 1.000000
-0.050000 4.449219 0.996111
0.050000 -4.500000 1.000000
0.050000 -4.450000 0.994766
0.050000 -4.400000 1.000000
0.050000 -4.350000 0.994871
0.050000 -4.300000 0.999999
0.050000 -4.250000 0.992931
0.050000 -4.200000 0.999999
0.050000 -4.150000 0.993903
0.050000 -4.100000 1.000000
0.050000 -4.050000 0.995596
0.050000 -4.000000 0.999999
0.050000 -3.950000 0.993044
0.050000 -3.900000 0.999999
0.050000 -3.850000 0.993723
0.050000 -3.800000 0.999999
0.050000 -3.750000 0.994033
0.050000 -3.700000 1.000000
0.050000 -3.650000 0.994946
0.050000 -3.600000 1.000000
0.050000 -3.550000 0.995550
0.050000 -3.500000 1.000000
0.050000 -3.450000 0.994795
0.050000 -3.400000 0.999999
0.050000 -3.350000 0.984526
0.050000 -3.300000 0.999997
0.050000 -3.250000 0.976955
0.050000 -3.200000 0.999995
0.050000 -3.150000 0.977990
0.050000 -3.100000 0.999994
0.050000 -3.050000 0.969824
0.050000 -3.000000 0.999993
0.050000 -2.950000 0.974359
0.050000 -2.900001 0.999993
0.050000 -2.850000 0.963543
0.050000 -2.799999 0.999995
0.050000 -2.750000 0.984061
0.050000 -2.700000 0.999998
0.050000 -2.650000 0.984128
0.050000 -2.600000 0.999998
0.050000 -2.550000 0.985929
0.050000 -2.500000 0.999999
0.050000 -2.450000 0.993811
0.050000 -2.400000 0.999999
0.050000 -2.350000 0.994234
0.050000 -2.300000 1.000000
0.050000 -2.250000 0.994938
0.050000 -2.200000 1.000000
0.050000 -2.150000 0.996090
0.050000 -2.100000 1.000000
0.050000 -2.050000 0.996451
0.050000 -2.000000 1.000000
0.050000 -1.950000 0.995013
0.050000 -1.900000 1.000000
0.050000 -1.850000 0.995772
0.050000 -1.800000 1.000000
0.050000 -1.750000 0.995575
0.050000 -1.700000 1.000000
0.050000 -1.650000 0.995227
0.050000 -1.600000 1.000000
0.050000 -1.550000 0.996111
0.050000 -1.500000 1.000000
0.050000 -1.450000 0.994766
0.050000 -1.400000 1.000000
0.050000 -1.350000 0.994871
0.050000 -1.300000 0.999999
0.050000 -1.250000 0.992931
0.050000 -1.200000 0.999999
0.050000 -1.150000 0.993903
0.050000 -1.100000 1.000000
0.050000 -1.050000 0.995596
0.050000 -1.000000 0.999999
0.050000 -0.950000 0.993044
0.050000 -0.900000 0.999999
0.050000 -0.850000 0.993723
0.050000 -0.800000 0.999999
0.050000 -0.750000 0.994033
0.050000 -0.700000 1.000000
0.050000 -0.650000 0.994946
0.050000 -0.600000 1.000000
0.050000 -0.550000 0.995550
0.050000 -0.500000 1.000000
0.050000 -0.450000 0.994795
0.050000 -0.400000 0.999999
0.050000 -0.350000 0.984526
0.050000 -0.300000 0.999997
0.050000 -0.250000 0.976955
0.050000 -0.200000 0.999995
0.050000 -0.150000 0.977990
0.050000 -0.100000 0.999994
0.050000 -0.050000 0.969824
0.050000 0.000000 0.999993
0.050000 0.050000 0.974359
0.050000 0.099999 0.999993
0.050000 0.150000 0.963543
0.050000 0.200001 0.999995
0.050000 0.250000 0.984061
0.050000 0.300000 0.999998
0.050000 0.350000 0.984128
0.050000 0.400000 0.999998
0.050000 0.450000 0.985929
0.050000 0.500000 0.999999
0.050000 0.550000 0.993811
0.050000 0.600000 0.999999
0.050000 0.650000 0.994234
0.050000 0.700000 1.000000
0.050000 0.750000 0.994938
0.050000 0.800000 1.000000
0.050000 0.850000 0.996090
0.050000 0.900000 1.000000
0.050000 0.950000 0.996451
0.050000 1.000000 1.000000
0.050000 1.050000 0.995013
0.050000 1.100000 1.000000
0.050000 1.150000 0.995772
0.050000 1.200000 1.000000
0.050000 1.250000 0.995575
0.050000 1.300000 1.000000
0.050000 1.350000 0.995227
0.050000 1.400000 1.000000
0.050000 1.450000 0.996111
0.050000 1.500000 1.000000
0.050000 1.550000 0.994766
0.050000 1.600000 1.000000
0.050000 1.650000 0.994871
0.050000 1.700000 0.999999
0.050000 1.750000 0.992931
0.050000 1.800000 0.999999
0.050000 1.850000 0.993903
0.050000 1.900000 1.000000
0.050000 1.950000 0.995596
0.050000 2.000000 0.999999
0.050000 2.050000 0.993044
0.050000 2.100000 0.999999
0.050000 2.150000 0.993723
0.050000 2.200000 0.999999
0.050000 2.250000 0.994033
0.050000 2.300000 1.000000
0.050000 2.350000 0.994946
0.050000 2.400000 1.000000
0.050000 2.450000 0.995550
0.050000 2.500000 1.000000
0.050000 2.550000 0.994795
0.050000 2.600000 0.999999
0.050000 2.650000 0.984526
0.050000 2.700000 0.999997
0.050000 2.750000 0.976955
0.050000 2.800000 0.999995
0.050000 2.850000 0.977990
0.050000 2.900000 0.999994
0.050000 2.950000 0.969824
0.050000 3.000000 0.999993
0.050000 3.050000 0.974359
0.050000 3.099999 0.999993
0.050000 3.150000 0.963543
0.050000 3.200001 0.999995
0.050000 3.250000 0.984061
0.050000 3.300000 0.999998
0.050000 3.350000 0.984128
0.050000 3.400000 0.999998
0.050000 3.450000 0.985929
0.050000 3.500000 0.999999
0.050000 3.550000 0.993811
0.050000 3.600000 0.999999
0.050000 3.650000 0.994234
0.050000 3.700000 1.000000
0.050000 3.750000 0.994938
0.050000 3.800000 1.000000
0.050000 3.850000 0.996090
0.050000 3.900000 1.000000
0.050000 3.950000 0.996451
0.050000 4.000000 1.000000
0.050000 4.050000 0.995013
0.050000 4.100000 1.000000
0.050000 4.150000 0.995772
0.050000 4.200000 1.000000
0.050000 4.250000 0.995575
0.050000 4.300000 1.000000
0.050000 4.350000 0.995227
0.050000 4.400000 1.000000
0.050000 4.449219 0.996111
0.000000 -4.475000 0.000000
-0.000000 -4.425000 0.000000
0.000000 -4.375000 0.000000
0.000000 -4.325000 0.000000
-0.000000 -4.275000 0.000000
0.000000 -4.225000 0.000000
-0.000000 -4.175000 0.000000
0.000000 -4.125000 0.000000
0.000000 -4.075000 0.000000
-0.000000 -4.025000 0.000000
0.000000 -3.975000 0.000000
0.000000 -3.925000 0.000000
0.000000 -3.875000 0.000000
0.000000 -3.825000 0.000000
-0.000000 -3.775000 0.000000
0.000000 -3.725000 0.000000
0.000000 -3.675000 0.000000
0.000000 -3.625000 0.000000
0.000000 -3.575000 0.000000
-0.000000 -3.525000 0.000000
0.000000 -3.475000 0.000000
0.000000 -3.425000 0.000000
0.000000 -3.375000 0.000000
0.000000 -3.325000 0.000000
-0.000000 -3.275000 0.000000
0.000000 -3.225000 0.000000
0.000000 -3.175000 0.000000
0.000000 -3.125000 0.000000
0.000000 -3.075000 0.000000
-0.000000 -3.025000 0.000000
0.000000 -2.975000 0.000000
0.000000 -2.925000 0.000000
0.000000 -2.875000 0.000000
0.000000 -2.825000 0.000000
-0.000000 -2.775000 0.000000
0.000000 -2.725000 0.000000
0.000000 -2.675000 0.000000
0.000000 -2.625000 0.000000
0.000000 -2.575000 0.000000
0.000000 -2.525000 0.000000
0.000000 -2.475000 0.000000
0.000000 -2.425000 0.000000
0.000000 -2.375000 0.000000
0.000000 -2.325000 0.000000
0.000000 -2.275000 0.000000
0.000000 -2.225000 0.000000
0.000000 -2.175000 0.000000
0.000000 -2.125000 0.000000
0.000000 -2.075000 0.000000
0.000000 -2.025000 0.000000
0.000000 -1.975000 0.000000
0.000000 -1.925000 0.000000
0.000000 -1.875000 0.000000
0.000000 -1.825000 0.000000
0.000000 -1.775000 0.000000
0.000000 -1.725000 0.000000
0.000000 -1.675000 0.000000
0.000000 -1.625000 0.000000
0.000000 -1.575000 0.000000
0.000000 -1.525000 0.000000
0.000000 -1.475000 0.000000
0.000000 -1.425000 0.000000
0.000000 -1.375000 0.000000
0.000000 -1.325000 0.000000
0.000000 -1.275000 0.000000
0.000000 -1.225000 0.000000
0.000000 -1.175000 0.000000
0.000000 -1.125000 0.000000
0.000000 -1.075000 0.000000
0.000000 -1.025000 0.000000
0.000000 -0.975000 0.000000
0.000000 -0.925000 0.000000
0.000000 -0.875000 0.000000
0.000000 -0.825000 0.000000
0.000000 -0.775000 0.000000
0.000000 -0.725000 0.000000
0.000000 -0.675000 0.000000
0.000000 -0.625000 0.000000
0.000000 -0.575000 0.000000
0.000000 -0.525000 0.000000
0.000000 -0.475000 0.000000
0.000000 -0.425000 0.000000
0.000000 -0.375000 0.000000
0.000000 -0.325000 0.000000
0.000000 -0.275000 0.000000
0.000000 -0.225000 0.000000
0.000000 -0.175000 0.000000
0.000000 -0.125000 0.000000
0.000000 -0.075000 0.000000
0.000000 -0.025000 0.000000
0.000000 0.025000 0.000000
0.000000 0.075000 0.000000
0.000000 0.125000 0.000000
0.000000 0.175000 0.000000
0.000000 0.225000 0.000000
0.000000 0.275000 0.000000
0.000000 0.325000 0.000000
0.000000 0.375000 0.000000
0.000000 0.425000 0.000000
0.000000 0.475000 0.000000
0.000000 0.525000 0.000000
0.000000 0.575000 0.000000
0.000000 0.625000 0.000000
0.000000 0.675000 0.000000
0.000000 0.725000 0.000000
0.000000 0.775000 0.000000
0.000000 0.825000 0.000000
0.000000 0.875000 0.000000
0.000000 0.925000 0.000000
0.000000 0.975000 0.000000
0.000000 1.025000 0.000000
0.000000 1.075000 0.000000
0.000000 1.125000 0.000000
0.000000 1.175000 0.000000
0.000000 1.225000 0.000000
0.000000 1.275000 0.000000
0.000000 1.325000 0.000000
0.000000 1.375000 0.000000
0.000000 1.425000 0.000000
0.000000 1.475000 0.000000
0.000000 1.525000 0.000000
0.000000 1.575000 0.000000
0.000000 1.625000 0.000000
0.000000 1.675000 0.000000
0.000000 1.725000 0.000000
0.000000 1.775000 0.000000
0.000000 1.825000 0.000000
0.000000 1.875000 0.000000
0.000000 1.925000 0.000000
0.000000 1.975000 0.000000
0.000000 2.025000 0.000000
0.000000 2.075000 0.000000
0.000000 2.125000 0.000000
0.000000 2.175000 0.000000
0.000000 2.225000 0.000000
0.000000 2.275000 0.000000
0.000000 2.325000 0.000000
0.000000 2.375000 0.000000
0.000000 2.425000 0.000000
0.000000 2.475000 0.000000
0.000000 2.525000 0.000000
0.000000 2.575000 0.000000
0.000000 2.625000 0.000000
0.000000 2.675000 0.000000
-0.000000 2.725000 0.000000
0.000000 2.775000 0.000000
0.000000 2.825000 0.000000
0.000000 2.875000 0.000000
0.000000 2.925000 0.000000
-0.000000 2.975000 0.000000
0.000000 3.025000 0.000000
0.000000 3.075000 0.000000
0.000000 3.125000 0.000000
0.000000 3.175000 0.000000
-0.000000 3.225000 0.000000
0.000000 3.275000 0.000000
0.000000 3.325000 0.000000
0.000000 3.375000 0.000000
0.000000 3.425000 0.000000
-0.000000 3.475000 0.000000
0.000000 3.525000 0.000000
0.000000 3.575000 0.000000
0.000000 3.625000 0.000000
0.000000 3.675000 0.000000
-0.000000 3.725000 0.000000
0.000000 3.775000 0.000000
0.000000 3.825000 0.000000
0.000000 3.875000 0.000000
0.000000 3.925000 0.000000
-0.000000 3.975000 0.000000
0.000000 4.025000 0.000000
-0.000000 4.075000 0.000000
0.000000 4.125000 0.000000
0.000000 4.175000 0.000000
-0.000000 4.225000 0.000000
0.000000 4.275000 0.000000
-0.000000 4.325000 0.000000
0.000000 4.375000 0.000000
0.000000 4.424609 0.000000
0.000000 -4.475000 0.997383
0.000000 -4.425000 0.997383
0.000000 -4.375000 0.997435
0.000000 -4.325000 0.997435
0.000000 -4.275000 0.996465
0.000000 -4.225000 0.996465
0.000000 -4.175000 0.996951
0.000000 -4.125000 0.996951
0.000000 -4.075000 0.997798
0.000000 -4.025000 0.997798
0.000000 -3.975000 0.996522
-0.000000 -3.925000 0.996522
0.000000 -3.875000 0.996861
0.000000 -3.825000 0.996861
0.000000 -3.775000 0.997016
0.000000 -3.725000 0.997016
0.000000 -3.675000 0.997473
0.000000 -3.625000 0.997473
0.000000 -3.575000 0.997775
0.000000 -3.525000 0.997775
0.000000 -3.475000 0.997397
0.000000 -3.425000 0.997397
0.000000 -3.375000 0.992262
-0.000000 -3.325000 0.992262
0.000000 -3.275000 0.988475
0.000000 -3.225000 0.988475
0.000000 -3.175000 0.988993
-0.000000 -3.125000 0.988993
0.000000 -3.075000 0.984909
0.000000 -3.025000 0.984909
0.000000 -2.975000 0.987176
0.000000 -2.925000 0.987176
0.000000 -2.875000 0.981768
0.000000 -2.825000 0.981768
0.000000 -2.775000 0.992029
-0.000000 -2.725000 0.992029
0.000000 -2.675000 0.992063
0.000000 -2.625000 0.992063
0.000000 -2.575000 0.992964
0.000000 -2.525000 0.992964
0.000000 -2.475000 0.996905
0.000000 -2.425000 0.996905
-0.000000 -2.375000 0.997117
-0.000000 -2.325000 0.997117
0.000000 -2.275000 0.997469
0.000000 -2.225000 0.997469
0.000000 -2.175000 0.998045
0.000000 -2.125000 0.998045
0.000000 -2.075000 0.998225
0.000000 -2.025000 0.998225
0.000000 -1.975000 0.997506
0.000000 -1.925000 0.997506
0.000000 -1.875000 0.997886
0.000000 -1.825000 0.997886
0.000000 -1.775000 0.997787
0.000000 -1.725000 0.997787
0.000000 -1.675000 0.997613
0.000000 -1.625000 0.997613
-0.000000 -1.575000 0.998055
-0.000000 -1.525000 0.998055
0.000000 -1.475000 0.997383
0.000000 -1.425000 0.997383
0.000000 -1.375000 0.997435
0.000000 -1.325000 0.997435
0.000000 -1.275000 0.996465
0.000000 -1.225000 0.996465
0.000000 -1.175000 0.996951
0.000000 -1.125000 0.996951
0.000000 -1.075000 0.997798
0.000000 -1.025000 0.997798
0.000000 -0.975000 0.996522
-0.000000 -0.925000 0.996522
0.000000 -0.875000 0.996861
0.000000 -0.825000 0.996861
0.000000 -0.775000 0.997016
0.000000 -0.725000 0.997016
0.000000 -0.675000 0.997473
0.000000 -0.625000 0.997473
0.000000 -0.575000 0.997775
0.000000 -0.525000 0.997775
0.000000 -0.475000 0.997397
0.000000 -0.425000 0.997397
-0.000000 -0.375000 0.992262
-0.000000 -0.325000 0.992262
0.000000 -0.275000 0.988475
0.000000 -0.225000 0.988475
0.000000 -0.175000 0.988993
-0.000000 -0.125000 0.988993
0.000000 -0.075000 0.984909
0.000000 -0.025000 0.984909
0.000000 0.025000 0.987176
0.000000 0.075000 0.987176
0.000000 0.125000 0.981768
0.000000 0.175000 0.981768
0.000000 0.225000 0.992029
-0.000000 0.275000 0.992029
0.000000 0.325000 0.992063
0.000000 0.375000 0.992063
0.000000 0.425000 0.992964
0.000000 0.475000 0.992964
0.000000 0.525000 0.996905
0.000000 0.575000 0.996905
-0.000000 0.625000 0.997117
-0.000000 0.675000 0.997117
0.000000 0.725000 0.997469
0.000000 0.775000 0.997469
0.000000 0.825000 0.998045
0.000000 0.875000 0.998045
0.000000 0.925000 0.998225
0.000000 0.975000 0.998225
0.000000 1.025000 0.997506
0.000000 1.075000 0.997506
0.000000 1.125000 0.997886
0.000000 1.175000 0.997886
0.000000 1.225000 0.997787
0.000000 1.275000 0.997787
0.000000 1.325000 0.997613
0.000000 1.375000 0.997613
-0.000000 1.425000 0.998055
-0.000000 1.475000 0.998055
0.000000 1.525000 0.997383
0.000000 1.575000 0.997383
0.000000 1.625000 0.997435
0.000000 1.675000 0.997435
0.000000 1.725000 0.996465
0.000000 1.775000 0.996465
0.000000 1.825000 0.996951
0.000000 1.875000 0.996951
0.000000 1.925000 0.997798
0.000000 1.975000 0.997798
0.000000 2.025000 0.996522
-0.000000 2.075000 0.996522
0.000000 2.125000 0.996861
0.000000 2.175000 0.996861
0.000000 2.225000 0.997016
0.000000 2.275000 0.997016
0.000000 2.325000 0.997473
0.000000 2.375000 0.997473
0.000000 2.425000 0.997775
0.000000 2.475000 0.997775
0.000000 2.525000 0.997397
0.000000 2.575000 0.997397
0.000000 2.625000 0.992262
-0.000000 2.675000 0.992262
0.000000 2.725000 0.988475
0.000000 2.775000 0.988475
0.000000 2.825000 0.988993
-0.000000 2.875000 0.988993
0.000000 2.925000 0.984909
0.000000 2.975000 0.984909
0.000000 3.025000 0.987176
0.000000 3.075000 0.987176
0.000000 3.125000 0.981768
0.000000 3.175000 0.981768
0.000000 3.225000 0.992029
-0.000000 3.275000 0.992029
0.000000 3.325000 0.992063
0.000000 3.375000 0.992063
0.000000 3.425000 0.992964
0.000000 3.475000 0.992964
0.000000 3.525000 0.996905
0.000000 3.575000 0.996905
-0.000000 3.625000 0.997117
-0.000000 3.675000 0.997117
0.000000 3.725000 0.997469
0.000000 3.775000 0.997469
0.000000 3.825000 0.998045
0.000000 3.875000 0.998045
0.000000 3.925000 0.998225
0.000000 3.975000 0.998225
0.000000 4.025000 0.997506
0.000000 4.075000 0.997506
0.000000 4.125000 0.997886
0.000000 4.175000 0.997886
0.000000 4.225000 0.997787
0.000000 4.275000 0.997787
0.000000 4.325000 0.997613
0.000000 4.375000 0.997613
-0.000000 4.424609 0.998055
0.000000 -4.500000 0.500000
0.000000 4.449219 0.498055
-0.050000 -4.475000 0.498691
-0.050000 -4.425000 0.498691
-0.050000 -4.375000 0.498718
-0.050000 -4.325000 0.498718
-0.050000 -4.275000 0.498233
-0.050000 -4.225000 0.498233
-0.050000 -4.175000 0.498476
-0.050000 -4.125000 0.498476
-0.050000 -4.075000 0.498899
-0.050000 -4.025000 0.498899
-0.050000 -3.975000 0.498261
-0.050000 -3.925000 0.498261
-0.050000 -3.875000 0.498431
-0.050000 -3.825000 0.498431
-0.050000 -3.775000 0.498508
-0.050000 -3.725000 0.498508
-0.050000 -3.675000 0.498736
-0.050000 -3.625000 0.498736
-0.050000 -3.575000 0.498887
-0.050000 -3.525000 0.498887
-0.050000 -3.475000 0.498699
-0.050000 -3.425000 0.498699
-0.050000 -3.375000 0.496131
-0.050000 -3.325000 0.496131
-0.050000 -3.275000 0.494238
-0.050000 -3.225000 0.494238
-0.050000 -3.175000 0.494496
-0.050000 -3.125000 0.494496
-0.050000 -3.075000 0.492454
-0.050000 -3.025000 0.492454
-0.050000 -2.975000 0.493588
-0.050000 -2.925000 0.493588
-0.050000 -2.875000 0.490884
-0.050000 -2.825000 0.490884
-0.050000 -2.775000 0.496015
-0.050000 -2.725000 0.496015
-0.050000 -2.675000 0.496031
-0.050000 -2.625000 0.496031
-0.050000 -2.575000 0.496482
-0.050000 -2.525000 0.496482
-0.050000 -2.475000 0.498453
-0.050000 -2.425000 0.498453
-0.050000 -2.375000 0.498558
-0.050000 -2.325000 0.498558
-0.050000 -2.275000 0.498734
-0.050000 -2.225000 0.498734
-0.050000 -2.175000 0.499022
-0.050000 -2.125000 0.499022
-0.050000 -2.075000 0.499113
-0.050000 -2.025000 0.499113
-0.050000 -1.975000 0.498753
-0.050000 -1.925000 0.498753
-0.050000 -1.875000 0.498943
-0.050000 -1.825000 0.498943
-0.050000 -1.775000 0.498894
-0.050000 -1.725000 0.498894
-0.050000 -1.675000 0.498807
-0.050000 -1.625000 0.498807
-0.050000 -1.575000 0.499028
-0.050000 -1.525000 0.499028
-0.050000 -1.475000 0.498691
-0.050000 -1.425000 0.498691
-0.050000 -1.375000 0.498718
-0.050000 -1.325000 0.498718
-0.050000 -1.275000 0.498233
-0.050000 -1.225000 0.498233
-0.050000 -1.175000 0.498476
-0.050000 -1.125000 0.498476
-0.050000 -1.075000 0.498899
-0.050000 -1.025000 0.498899
-0.050000 -0.975000 0.498261
-0.050000 -0.925000 0.498261
-0.050000 -0.875000 0.498431
-0.050000 -0.825000 0.498431
-0.050000 -0.775000 0.498508
-0.050000 -0.725000 0.498508
-0.050000 -0.675000 0.498736
-0.050000 -0.625000 0.498736
-0.050000 -0.575000 0.498887
-0.050000 -0.525000 0.498887
-0.050000 -0.475000 0.498699
-0.050000 -0.425000 0.498699
-0.050000 -0.375000 0.496131
-0.050000 -0.325000 0.496131
-0.050000 -0.275000 0.494238
-0.050000 -0.225000 0.494238
-0.050000 -0.175000 0.494496
-0.050000 -0.125000 0.494496
-0.050000 -0.075000 0.492454
-0.050000 -0.025000 0.492454
-0.050000 0.025000 0.493588
-0.050000 0.075000 0.493588
-0.050000 0.125000 0.490884
-0.050000 0.175000 0.490884
-0.050000 0.225000 0.496015
-0.050000 0.275000 0.496015
-0.050000 0.325000 0.496031
-0.050000 0.375000 0.496031
-0.050000 0.425000 0.496482
-0.050000 0.475000 0.496482
-0.050000 0.525000 0.498453
-0.050000 0.575000 0.498453
-0.050000 0.625000 0.498558
-0.050000 0.675000 0.498558
-0.050000 0.725000 0.498734
-0.050000 0.775000 0.498734
-0.050000 0.825000 0.499022
-0.050000 0.875000 0.499022
-0.050000 0.925000 0.499113
-0.050000 0.975000 0.499113
-0.050000 1.025000 0.498753
-0.050000 1.075000 0.498753
-0.050000 1.125000 0.498943
-0.050000 1.175000 0.498943
-0.050000 1.225000 0.498894
-0.050000 1.275000 0.498894
-0.050000 1.325000 0.498807
-0.050000 1.375000 0.498807
-0.050000 1.425000 0.499028
-0.050000 1.475000 0.499028
-0.050000 1.525000 0.498691
-0.050000 1.575000 0.498691
-0.050000 1.625000 0.498718
-0.050000 1.675000 0.498718
-0.050000 1.725000 0.498233
-0.050000 1.775000 0.498233
-0.050000 1.825000 0.498476
-0.050000 1.875000 0.498476
-0.050000 1.925000 0.498899
-0.050000 1.975000 0.498899
-0.050000 2.025000 0.498261
-0.050000 2.075000 0.498261
-0.050000 2.125000 0.498431
-0.050000 2.175000 0.498431
-0.050000 2.225000 0.498508
-0.050000 2.275000 0.498508
-0.050000 2.325000 0.498736
-0.050000 2.375000 0.498736
-0.050000 2.425000 0.498887
-0.050000 2.475000 0.498887
-0.050000 2.525000 0.498699
-0.050000 2.575000 0.498699
-0.050000 2.625000 0.496131
-0.050000 2.675000 0.496131
-0.050000 2.725000 0.494238
-0.050000 2.775000 0.494238
-0.050000 2.825000 0.494496
-0.050000 2.875000 0.494496
-0.050000 2.925000 0.492454
-0.050000 2.975000 0.492454
-0.050000 3.025000 0.493588
-0.050000 3.075000 0.493588
-0.050000 3.125000 0.490884
-0.050000 3.175000 0.490884
-0.050000 3.225000 0.496015
-0.050000 3.275000 0.496015
-0.050000 3.325000 0.496031
-0.050000 3.375000 0.496031
-0.050000 3.425000 0.496482
-0.050000 3.475000 0.496482
-0.050000 3.525000 0.498453
-0.050000 3.575000 0.498453
-0.050000 3.625000 0.498558
-0.050000 3.675000 0.498558
-0.050000 3.725000 0.498734
-0.050000 3.775000 0.498734
-0.050000 3.825000 0.499022
-0.050000 3.875000 0.499022
-0.050000 3.925000 0.499113
-0.050000 3.975000 0.499113
-0.050000 4.025000 0.498753
-0.050000 4.075000 0.498753
-0.050000 4.125000 0.498943
-0.050000 4.175000 0.498943
-0.050000 4.225000 0.498894
-0.050000 4.275000 0.498894
-0.050000 4.325000 0.498807
-0.050000 4.375000 0.498807
-0.050000 4.424609 0.499028
0.050000 -4.475000 0.498691
0.050000 -4.425000 0.498691
0.050000 -4.375000 0.498718
0.050000 -4.325000 0.498718
0.050000 -4.275000 0.498233
0.050000 -4.225000 0.498233
0.050000 -4.175000 0.498476
0.050000 -4.125000 0.498476
0.050000 -4.075000 0.498899
0.050000 -4.025000 0.498899
0.050000 -3.975000 0.498261
0.050000 -3.925000 0.498261
0.050000 -3.875000 0.498431
0.050000 -3.825000 0.498431
0.050000 -3.775000 0.498508
0.050000 -3.725000 0.498508
0.050000 -3.675000 0.498736
0.050000 -3.625000 0.498736
0.050000 -3.575000 0.498887
0.050000 -3.525000 0.498887
0.050000 -3.475000 0.498699
0.050000 -3.425000 0.498699
0.050000 -3.375000 0.496131
0.050000 -3.325000 0.496131
0.050000 -3.275000 0.494238
0.050000 -3.225000 0.494238
0.050000 -3.175000 0.494496
0.050000 -3.125000 0.494496
0.050000 -3.075000 0.492454
0.050000 -3.025000 0.492454
0.050000 -2.975000 0.493588
0.050000 -2.925000 0.493588
0.050000 -2.875000 0.490884
0.050000 -2.825000 0.490884
0.050000 -2.775000 0.496015
0.050000 -2.725000 0.496015
0.050000 -2.675000 0.496031
0.050000 -2.625000 0.496031
0.050000 -2.575000 0.496482
0.050000 -2.525000 0.496482
0.050000 -2.475000 0.498453
0.050000 -2.425000 0.498453
0.050000 -2.375000 0.498558
0.050000 -2.325000 0.498558
0.050000 -2.275000 0.498734
0.050000 -2.225000 0.498734
0.050000 -2.175000 0.499022
0.050000 -2.125000 0.499022
0.050000 -2.075000 0.499113
0.050000 -2.025000 0.499113
0.050000 -1.975000 0.498753
0.050000 -1.925000 0.498753
0.050000 -1.875000 0.498943
0.050000 -1.825000 0.498943
0.050000 -1.775000 0.498894
0.050000 -1.725000 0.498894
0.050000 -1.675000 0.498807
0.050000 -1.625000 0.498807
0.050000 -1.575000 0.499028
0.050000 -1.525000 0.499028
0.050000 -1.475000 0.498691
0.050000 -1.425000 0.498691
0.050000 -1.375000 0.498718
0.050000 -1.325000 0.498718
0.050000 -1.275000 0.498233
0.050000 -1.225000 0.498233
0.050000 -1.175000 0.498476
0.050000 -1.125000 0.498476
0.050000 -1.075000 0.498899
0.050000 -1.025000 0.498899
0.050000 -0.975000 0.498261
0.050000 -0.925000 0.498261
0.050000 -0.875000 0.498431
0.050000 -0.825000 0.498431
0.050000 -0.775000 0.498508
0.050000 -0.725000 0.498508
0.050000 -0.675000 0.498736
0.050000 -0.625000 0.498736
0.050000 -0.575000 0.498887
0.050000 -0.525000 0.498887
0.050000 -0.475000 0.498699
0.050000 -0.425000 0.498699
0.050000 -0.375000 0.496131
0.050000 -0.325000 0.496131
0.050000 -0.275000 0.494238
0.050000 -0.225000 0.494238
0.050000 -0.175000 0.494496
0.050000 -0.125000 0.494496
0.050000 -0.075000 0.492454
0.050000 -0.025000 0.492454
0.050000 0.025000 0.493588
0.050000 0.075000 0.493588
0.050000 0.125000 0.490884
0.050000 0.175000 0.490884
0.050000 0.225000 0.496015
0.050000 0.275000 0.496015
0.050000 0.325000 0.496031
0.050000 0.375000 0.496031
0.050000 0.425000 0.496482
0.050000 0.475000 0.496482
0.050000 0.525000 0.498453
0.050000 0.575000 0.498453
0.050000 0.625000 0.498558
0.050000 0.675000 0.498558
0.050000 0.725000 0.498734
0.050000 0.775000 0.498734
0.050000 0.825000 0.499022
0.050000 0.875000 0.499022
0.050000 0.925000 0.499113
0.050000 0.975000 0.499113
0.050000 1.025000 0.498753
0.050000 1.075000 0.498753
0.050000 1.125000 0.498943
0.050000 1.175000 0.498943
0.050000 1.225000 0.498894
0.050000 1.275000 0.498894
0.050000 1.325000 0.498807
0.050000 1.375000 0.498807
0.050000 1.425000 0.499028
0.050000 1.475000 0.499028
0.050000 1.525000 0.498691
0.050000 1.575000 0.498691
0.050000 1.625000 0.498718
0.050000 1.675000 0.498718
0.050000 1.725000 0.498233
0.050000 1.775000 0.498233
0.050000 1.825000 0.498476
0.050000 1.875000 0.498476
0.050000 1.925000 0.498899
0.050000 1.975000 0.498899
0.050000 2.025000 0.498261
0.050000 2.075000 0.498261
0.050000 2.125000 0.498431
0.050000 2.175000 0.498431
0.050000 2.225000 0.498508
0.050000 2.275000 0.498508
0.050000 2.325000 0.498736
0.050000 2.375000 0.498736
0.050000 2.425000 0.498887
0.050000 2.475000 0.498887
0.050000 2.525000 0.498699
0.050000 2.575000 0.498699
0.050000 2.625000 0.496131
0.050000 2.675000 0.496131
0.050000 2.725000 0.494238
0.050000 2.775000 0.494238
0.050000 2.825000 0.494496
0.050000 2.875000 0.494496
0.050000 2.925000 0.492454
0.050000 2.975000 0.492454
0.050000 3.025000 0.493588
0.050000 3.075000 0.493588
0.050000 3.125000 0.490884
0.050000 3.175000 0.490884
0.050000 3.225000 0.496015
0.050000 3.275000 0.496015
0.050000 3.325000 0.496031
0.050000 3.375000 0.496031
0.050000 3.425000 0.496482
0.050000 3.475000 0.496482
0.050000 3.525000 0.498453
0.050000 3.575000 0.498453
0.050000 3.625000 0.498558
0.050000 3.675000 0.498558
0.050000 3.725000 0.498734
0.050000 3.775000 0.498734
0.050000 3.825000 0.499022
0.050000 3.875000 0.499022
0.050000 3.925000 0.499113
0.050000 3.975000 0.499113
0.050000 4.025000 0.498753
0.050000 4.075000 0.498753
0.050000 4.125000 0.498943
0.050000 4.175000 0.498943
0.050000 4.225000 0.498894
0.050000 4.275000 0.498894
0.050000 4.325000 0.498807
0.050000 4.375000 0.498807
0.050000 4.424609 0.499028
