1.26265e+1 1.38425e+0
1.43022e+1 1.57211e+0
1.57579e+1 1.87512e+0
1.73617e+1 2.24135e+0
1.89967e+1 2.64620e+0
2.06423e+1 3.15402e+0
2.24305e+1 3.72642e+0
2.42055e+1 4.31200e+0
2.57617e+1 5.12092e+0
2.72287e+1 6.21586e+0
2.87794e+1 7.45553e+0
3.00000e+1 9.18127e+0
3.12724e+1 1.13776e+1
3.25537e+1 1.40959e+1
3.44552e+1 1.72002e+1
3.66704e+1 2.05039e+1
3.90280e+1 2.46362e+1
4.12506e+1 2.92361e+1
4.45147e+1 3.52774e+1
4.80372e+1 3.92793e+1
5.72768e+1 4.64237e+1
7.16963e+1 4.74552e+1
8.35822e+1 4.58660e+1
1.01439e+2 4.43836e+1
1.24021e+2 4.10845e+1
1.44426e+2 3.85457e+1
1.64729e+2 3.62854e+1
2.24943e+2 3.03234e+1
2.61951e+2 2.78715e+1
3.05048e+2 2.52697e+1
3.55235e+2 2.29265e+1
4.13679e+2 2.05881e+1
4.81738e+2 1.85009e+1
5.60994e+2 1.66139e+1
6.53290e+2 1.48684e+1
7.60771e+2 1.32881e+1
8.85934e+2 1.18920e+1
1.03169e+3 1.05311e+1
1.34216e+3 8.49147e+0
1.56297e+3 7.64430e+0
1.82012e+3 6.84492e+0
2.11956e+3 5.98982e+0
2.48940e+3 5.47641e+0
2.79288e+3 4.89796e+0
3.22964e+3 4.28955e+0
3.73935e+3 3.77982e+0
4.35456e+3 3.34359e+0
5.07098e+3 2.97393e+0
5.90526e+3 2.61098e+0
6.87681e+3 2.30333e+0
8.00819e+3 2.02915e+0
9.32571e+3 1.78272e+0
1.08600e+4 1.56193e+0
1.26467e+4 1.37225e+0
1.47274e+4 1.20642e+0
1.71503e+4 1.05484e+0
1.99719e+4 9.25470e-1
2.32577e+4 8.14190e-1
2.70841e+4 7.12381e-1
3.15401e+4 6.21598e-1
3.67291e+4 5.44988e-1
4.27718e+4 4.77167e-1
4.98087e+4 4.16929e-1
5.80033e+4 3.64545e-1
6.75461e+4 3.19616e-1
7.86589e+4 2.81378e-1
9.16000e+4 2.45856e-1
1.06670e+5 2.14526e-1
1.24220e+5 1.88215e-1
1.44657e+5 1.64342e-1
1.68456e+5 1.43694e-1
1.96170e+5 1.25726e-1
2.28445e+5 1.10155e-1
2.66029e+5 9.59202e-2
3.09796e+5 8.36393e-2
3.60764e+5 7.32308e-2
4.20118e+5 6.46462e-2
4.89236e+5 5.64080e-2
5.69726e+5 4.94559e-2
6.63459e+5 4.35391e-2
7.72612e+5 3.79906e-2
8.69111e+5 3.50757e-2
