1.35701e+2 4.30503e-1
1.50899e+2 6.33489e-1
1.56937e+2 7.10072e-1
1.62464e+2 9.71617e-1
1.71954e+2 1.47352e+0
1.77765e+2 1.63722e+0
1.87888e+2 2.25262e+0
1.95857e+2 2.49534e+0
2.26506e+2 3.33996e+0
2.42743e+2 3.74597e+0
2.74959e+2 5.16727e+0
2.94669e+2 5.70881e+0
3.65210e+2 7.49947e+0
4.02380e+2 7.53993e+0
5.38169e+2 8.97484e+0
5.92942e+2 9.16640e+0
7.82133e+2 9.27752e+0
8.67723e+2 9.16304e+0
1.15254e+3 8.58926e+0
1.34216e+3 8.49147e+0
1.56297e+3 7.64430e+0
1.82012e+3 6.84492e+0
2.75741e+3 5.51510e+0
4.00741e+3 4.38032e+0
5.43449e+3 3.54550e+0
6.02920e+3 3.31067e+0
8.00819e+3 2.68815e+0
8.88454e+3 2.51441e+0
1.18008e+4 2.01455e+0
1.30921e+4 1.87406e+0
1.73894e+4 1.49024e+0
1.92924e+4 1.38111e+0
2.56248e+4 1.10164e+0
2.84290e+4 1.01974e+0
3.77604e+4 8.04398e-1
4.16036e+4 7.46344e-1
5.56433e+4 5.84152e-1
6.13065e+4 5.42488e-1
8.19951e+4 4.27415e-1
9.03404e+4 3.95303e-1
1.20827e+5 3.08271e-1
1.33124e+5 2.84461e-1
1.78049e+5 2.21579e-1
1.96170e+5 2.04186e-1
2.62371e+5 1.58832e-1
2.89074e+5 1.46564e-1
3.86626e+5 1.13464e-1
4.25975e+5 1.04940e-1
5.69726e+5 8.07233e-2
6.27712e+5 7.45735e-2
8.10977e+5 5.93360e-2
