2.69140e+3 1.36241e-2
2.79586e+3 1.63056e-2
2.85849e+3 1.98598e-2
2.98592e+3 2.49229e-2
3.14942e+3 3.32803e-2
3.25583e+3 3.73131e-2
3.41751e+3 4.44473e-2
3.79149e+3 5.53468e-2
4.00741e+3 6.28672e-2
4.20640e+3 7.54057e-2
4.57079e+3 9.39106e-2
4.89844e+3 1.06589e-1
5.51026e+3 1.27775e-1
6.68898e+3 1.32144e-1
7.52444e+3 1.39531e-1
8.88454e+3 1.45588e-1
1.08600e+4 1.44271e-1
1.22164e+4 1.41404e-1
1.45248e+4 1.35171e-1
1.78777e+4 1.23964e-1
1.99719e+4 1.17830e-1
2.35820e+4 1.08777e-1
2.90257e+4 9.69842e-2
3.26510e+4 9.06111e-2
3.82869e+4 8.15563e-2
4.71250e+4 7.14912e-2
5.30109e+4 6.61037e-2
6.25931e+4 5.88887e-2
7.65105e+4 5.10314e-2
8.60667e+4 4.69710e-2
1.01624e+5 4.13226e-2
1.25952e+5 3.53702e-2
1.40706e+5 3.26141e-2
1.66139e+5 2.85199e-2
2.04491e+5 2.42985e-2
2.30032e+5 2.22456e-2
2.69738e+5 1.94483e-2
3.32004e+5 1.65221e-2
3.73471e+5 1.50711e-2
4.40979e+5 1.30934e-2
5.09987e+5 1.15626e-2
