

  **** PARTIAL WAVE ANALYSIS (DPWA0) ******************************************


  KINETIC ENERGY = 2.50000E+04 eV

      L       PHASE(SPIN UP)     PHASE(SPIN DOWN)
  -----------------------------------------------
       0      1.19041023E+00      0.00000000E+00
       1      8.58478837E-01      8.74421514E-01
       2      6.94050052E-01      7.01554459E-01
       3      5.87943941E-01      5.92729440E-01
       4      5.11166425E-01      5.14615877E-01
       5      4.51939663E-01      4.54597160E-01
       6      4.04351539E-01      4.06486175E-01
       7      3.65023724E-01      3.66788088E-01
       8      3.31846835E-01      3.33335796E-01
       9      3.03415712E-01      3.04692311E-01
      10      2.78747020E-01      2.79855304E-01
      11      2.57125544E-01      2.58097518E-01
      12      2.38014802E-01      2.38874455E-01
      13      2.21002170E-01      2.21767943E-01
      14      2.05763669E-01      2.06450037E-01
      15      1.92040496E-01      1.92659017E-01
      16      1.79622874E-01      1.80182917E-01
      17      1.68338629E-01      1.68847883E-01
      18      1.58044914E-01      1.58509760E-01
      19      1.48622091E-01      1.49047870E-01
      20      1.39969116E-01      1.40360343E-01
      21      1.32000017E-01      1.32360532E-01
      22      1.24641151E-01      1.24974246E-01
      23      1.17829059E-01      1.18137571E-01
      24      1.11508752E-01      1.11795140E-01
      25      1.05632341E-01      1.05898748E-01
      26      1.00157925E-01      1.00406225E-01
      27      9.50486813E-02      9.52805251E-02
      28      9.02721244E-02      9.04889666E-02
      29      8.57994826E-02      8.60026126E-02
      30      8.16051846E-02      8.17957493E-02
      31      7.76664275E-02      7.78454498E-02
      32      7.39628123E-02      7.41312080E-02
      33      7.04760361E-02      7.06346272E-02
      34      6.71896295E-02      6.73391561E-02
      35      6.40887328E-02      6.42298631E-02
      36      6.11599037E-02      6.12932423E-02
      37      5.83909520E-02      5.85170476E-02
      38      5.57707965E-02      5.58901481E-02
      39      5.32893414E-02      5.34024039E-02
      40      5.09373683E-02      5.10445572E-02
      41      4.87064424E-02      4.88081381E-02
      42      4.65888304E-02      4.66853819E-02
      43      4.45774281E-02      4.46691562E-02
      44      4.26656976E-02      4.27528976E-02
      45      4.08476109E-02      4.09305551E-02
      46      3.91176007E-02      3.91965409E-02
      47      3.74705169E-02      3.75456861E-02
      48      3.59015877E-02      3.59732017E-02
      49      3.44063847E-02      3.44746441E-02
      50      3.29807927E-02      3.30458837E-02
      51      3.16209817E-02      3.16830781E-02
      52      3.03233828E-02      3.03826461E-02
      53      2.90846655E-02      2.91412469E-02
      54      2.79017185E-02      2.79557591E-02
      55      2.67716314E-02      2.68232633E-02
      56      2.56916787E-02      2.57410255E-02
      57      2.46593053E-02      2.47064831E-02
      58      2.36721134E-02      2.37172312E-02
      59      2.27278504E-02      2.27710104E-02
      60      2.18243980E-02      2.18656966E-02
      61      2.09597628E-02      2.09992905E-02
      62      2.01320666E-02      2.01699089E-02
      63      1.93395387E-02      1.93757762E-02
      64      1.85805085E-02      1.86152171E-02
      65      1.78533980E-02      1.78866496E-02
      66      1.71567164E-02      1.71885788E-02
      67      1.64890534E-02      1.65195908E-02
      68      1.58490747E-02      1.58783479E-02
      69      1.52355166E-02      1.52635832E-02
      70      1.46471818E-02      1.46740963E-02
      71      1.40829349E-02      1.41087491E-02
      72      1.35416991E-02      1.35664620E-02
      73      1.30224519E-02      1.30462102E-02
      74      1.25242227E-02      1.25470206E-02
      75      1.20460890E-02      1.20679685E-02
      76      1.15871739E-02      1.16081751E-02
      77      1.11466435E-02      1.11668043E-02
      78      1.07237041E-02      1.07430609E-02
      79      1.03176006E-02      1.03361877E-02
      80      9.92761371E-03      9.94546400E-03
      81      9.55305811E-03      9.57020286E-03
      82      9.19328088E-03      9.20974990E-03
      83      8.84765949E-03      8.86348119E-03
      84      8.51560022E-03      8.53080171E-03
      85      8.19653675E-03      8.21114389E-03
      86      7.88992855E-03      7.90396603E-03
      87      7.59525971E-03      7.60875108E-03
      88      7.31203758E-03      7.32500535E-03
      89      7.03979161E-03      7.05225728E-03
      90      6.77807223E-03      6.79005633E-03
      91      6.52644985E-03      6.53797201E-03
      92      6.28451376E-03      6.29559275E-03
      93      6.05187133E-03      6.06252508E-03
      94      5.82814705E-03      5.83839273E-03
      95      5.61298170E-03      5.62283573E-03  i
      96      5.40603161E-03      5.41550969E-03  i
      97      5.20696789E-03      5.21608506E-03  i
      98      5.01547572E-03      5.02424637E-03  i
      99      4.83125371E-03      4.83969162E-03  i
     100      4.65401329E-03      4.66213166E-03  i
     105      3.86325723E-03      3.86995716E-03  i
     110      3.21015046E-03      3.21568825E-03  i
     115      2.66995071E-03      2.67453423E-03  i
     120      2.22255686E-03      2.22635524E-03  i
     125      1.85158800E-03      1.85473928E-03  i
     130      1.54365893E-03      1.54627602E-03  i
     135      1.28780638E-03      1.28998189E-03  i
     140      1.07503175E-03      1.07684175E-03  i
     145      8.97935153E-04      8.99442243E-04  i
     150      7.50420939E-04      7.51676745E-04  i
     155      6.27460163E-04      6.28507301E-04  i
     160      5.24898088E-04      5.25771788E-04  i
     165      4.39297811E-04      4.40027235E-04  i
     170      3.67812943E-04      3.68422255E-04  i
     175      3.08083580E-04      3.08592826E-04  i
     180      2.58151218E-04      2.58577041E-04  i
     185      2.16388995E-04      2.16745226E-04  i
     190      1.81444365E-04      1.81742507E-04  i
     195      1.52191953E-04      1.52441582E-04  i
     200      1.27694708E-04      1.27903799E-04  i
     205      1.07171852E-04      1.07347053E-04  i
     210      8.99723934E-05      9.01192487E-05  i
     215      7.55532212E-05      7.56763580E-05  i
     220      6.34609714E-05      6.35642533E-05  i
     225      5.33169935E-05      5.34036480E-05  i
     230      4.48048773E-05      4.48776022E-05  i
     235      3.76600959E-05      3.77211472E-05  i
     240      3.16613977E-05      3.17126626E-05  i
     245      2.66236477E-05      2.66667058E-05  i
     250      2.23918691E-05      2.24280428E-05  i
     255      1.88362806E-05      1.88666777E-05  i
     260      1.58481606E-05      1.58737092E-05  i
     265      1.33363982E-05      1.33578762E-05  i
     270      1.12246148E-05      1.12426744E-05  i
     275      9.44876207E-06      9.46395040E-06  i
     280      7.95511521E-06      7.96789113E-06  i
     285      6.69859575E-06      6.70934439E-06  i
     290      5.64136974E-06      5.65041435E-06  i
     295      4.75167512E-06      4.75928715E-06  i
     300      4.00284044E-06      4.00924782E-06  i
     310      2.84172397E-06      2.84626592E-06  i
     320      2.01841754E-06      2.02163907E-06  i
     330      1.43430872E-06      1.43659494E-06  i
     340      1.01968246E-06      1.02130575E-06  i
     350      7.25215496E-07      7.26368660E-07  i
     360      5.15987275E-07      5.16806818E-07  i
     370      3.67258208E-07      3.67840900E-07  i
     380      2.61490642E-07      2.61905103E-07  i
     390      1.86245199E-07      1.86540127E-07  i
     400      1.32693891E-07      1.32903835E-07  i
     410      9.45685549E-08      9.47180338E-08  i
     420      6.74164612E-08      6.75229451E-08  i
     430      4.80735810E-08      4.81494519E-08  i
     440      3.42890644E-08      3.43431342E-08  i
     450      2.44630779E-08      2.45016391E-08  i
     460      1.74569428E-08      1.74844248E-08  i
     470      1.24599968E-08      1.24796076E-08  i
     480      8.89521285E-09      8.90920060E-09  i
     490      6.35156120E-09      6.36154236E-09  i
     500      4.53596753E-09      4.54310273E-09  i
     510      3.24037004E-09      3.24544768E-09  i
     520      2.31484740E-09      2.31847897E-09  i
     530      1.65391761E-09      1.65651263E-09  i
     540      1.18179931E-09      1.18363966E-09  i


  *** SCATTERING AMPLITUDES AND DIFFERENTIAL CROSS SECTION ***

    ANGLE      DCS       ASYMMETRY    DIRECT AMPLITUDE       SPIN-FLIP AMPLITUDE     ERROR
    (deg)   (cm**2/sr)                      (cm)                    (cm)
  -------------------------------------------------------------------------------------------
  0.000E+00 1.97146E-15  0.000E+00 ( 4.409E-08, 5.236E-09) ( 0.000E+00, 0.000E+00)  1.00E-07
  1.000E-04 1.97146E-15  1.785E-10 ( 4.409E-08, 5.236E-09) ( 1.802E-15, 2.180E-16)  1.00E-07
  1.250E-04 1.97146E-15  2.231E-10 ( 4.409E-08, 5.236E-09) ( 2.252E-15, 2.724E-16)  1.00E-07
  1.500E-04 1.97146E-15  2.677E-10 ( 4.409E-08, 5.236E-09) ( 2.702E-15, 3.269E-16)  1.00E-07
  1.750E-04 1.97146E-15  3.123E-10 ( 4.409E-08, 5.236E-09) ( 3.153E-15, 3.814E-16)  1.00E-07
  2.000E-04 1.97146E-15  3.569E-10 ( 4.409E-08, 5.236E-09) ( 3.603E-15, 4.359E-16)  1.00E-07
  2.250E-04 1.97146E-15  4.016E-10 ( 4.409E-08, 5.236E-09) ( 4.054E-15, 4.904E-16)  1.00E-07
  2.500E-04 1.97146E-15  4.462E-10 ( 4.409E-08, 5.236E-09) ( 4.504E-15, 5.449E-16)  1.00E-07
  2.750E-04 1.97146E-15  4.908E-10 ( 4.409E-08, 5.236E-09) ( 4.954E-15, 5.994E-16)  1.00E-07
  3.000E-04 1.97146E-15  5.354E-10 ( 4.409E-08, 5.236E-09) ( 5.405E-15, 6.539E-16)  1.00E-07
  3.250E-04 1.97146E-15  5.800E-10 ( 4.409E-08, 5.236E-09) ( 5.855E-15, 7.084E-16)  1.00E-07
  3.500E-04 1.97146E-15  6.247E-10 ( 4.409E-08, 5.236E-09) ( 6.306E-15, 7.628E-16)  1.00E-07
  3.750E-04 1.97146E-15  6.693E-10 ( 4.409E-08, 5.236E-09) ( 6.756E-15, 8.173E-16)  1.00E-07
  4.000E-04 1.97146E-15  7.139E-10 ( 4.409E-08, 5.236E-09) ( 7.206E-15, 8.718E-16)  1.00E-07
  4.250E-04 1.97146E-15  7.585E-10 ( 4.409E-08, 5.236E-09) ( 7.657E-15, 9.263E-16)  1.00E-07
  4.500E-04 1.97146E-15  8.031E-10 ( 4.409E-08, 5.236E-09) ( 8.107E-15, 9.808E-16)  1.00E-07
  4.750E-04 1.97146E-15  8.477E-10 ( 4.409E-08, 5.236E-09) ( 8.558E-15, 1.035E-15)  1.00E-07
  5.000E-04 1.97146E-15  8.924E-10 ( 4.409E-08, 5.236E-09) ( 9.008E-15, 1.090E-15)  1.00E-07
  5.250E-04 1.97146E-15  9.370E-10 ( 4.409E-08, 5.236E-09) ( 9.458E-15, 1.144E-15)  1.00E-07
  5.500E-04 1.97146E-15  9.816E-10 ( 4.409E-08, 5.236E-09) ( 9.909E-15, 1.199E-15)  1.00E-07
  5.750E-04 1.97146E-15  1.026E-09 ( 4.409E-08, 5.236E-09) ( 1.036E-14, 1.253E-15)  1.00E-07
  6.000E-04 1.97146E-15  1.071E-09 ( 4.409E-08, 5.236E-09) ( 1.081E-14, 1.308E-15)  1.00E-07
  6.250E-04 1.97146E-15  1.115E-09 ( 4.409E-08, 5.236E-09) ( 1.126E-14, 1.362E-15)  1.00E-07
  6.500E-04 1.97146E-15  1.160E-09 ( 4.409E-08, 5.236E-09) ( 1.171E-14, 1.417E-15)  1.00E-07
  6.750E-04 1.97146E-15  1.205E-09 ( 4.409E-08, 5.236E-09) ( 1.216E-14, 1.471E-15)  1.00E-07
  7.000E-04 1.97146E-15  1.249E-09 ( 4.409E-08, 5.236E-09) ( 1.261E-14, 1.526E-15)  1.00E-07
  7.250E-04 1.97146E-15  1.294E-09 ( 4.409E-08, 5.236E-09) ( 1.306E-14, 1.580E-15)  1.00E-07
  7.500E-04 1.97146E-15  1.339E-09 ( 4.409E-08, 5.236E-09) ( 1.351E-14, 1.635E-15)  1.00E-07
  7.750E-04 1.97146E-15  1.383E-09 ( 4.409E-08, 5.236E-09) ( 1.396E-14, 1.689E-15)  1.00E-07
  8.000E-04 1.97146E-15  1.428E-09 ( 4.409E-08, 5.236E-09) ( 1.441E-14, 1.744E-15)  1.00E-07
  8.250E-04 1.97146E-15  1.472E-09 ( 4.409E-08, 5.236E-09) ( 1.486E-14, 1.798E-15)  1.00E-07
  8.500E-04 1.97146E-15  1.517E-09 ( 4.409E-08, 5.236E-09) ( 1.531E-14, 1.853E-15)  1.00E-07
  8.750E-04 1.97146E-15  1.562E-09 ( 4.409E-08, 5.236E-09) ( 1.576E-14, 1.907E-15)  1.00E-07
  9.000E-04 1.97146E-15  1.606E-09 ( 4.409E-08, 5.236E-09) ( 1.621E-14, 1.962E-15)  1.00E-07
  9.250E-04 1.97146E-15  1.651E-09 ( 4.409E-08, 5.236E-09) ( 1.666E-14, 2.016E-15)  1.00E-07
  9.500E-04 1.97146E-15  1.695E-09 ( 4.409E-08, 5.236E-09) ( 1.712E-14, 2.071E-15)  1.00E-07
  9.750E-04 1.97146E-15  1.740E-09 ( 4.409E-08, 5.236E-09) ( 1.757E-14, 2.125E-15)  1.00E-07
  1.000E-03 1.97146E-15  1.785E-09 ( 4.409E-08, 5.236E-09) ( 1.802E-14, 2.180E-15)  1.00E-07
  1.250E-03 1.97146E-15  2.231E-09 ( 4.409E-08, 5.236E-09) ( 2.252E-14, 2.724E-15)  1.00E-07
  1.500E-03 1.97146E-15  2.677E-09 ( 4.409E-08, 5.236E-09) ( 2.702E-14, 3.269E-15)  1.00E-07
  1.750E-03 1.97146E-15  3.123E-09 ( 4.409E-08, 5.236E-09) ( 3.153E-14, 3.814E-15)  1.00E-07
  2.000E-03 1.97146E-15  3.569E-09 ( 4.409E-08, 5.236E-09) ( 3.603E-14, 4.359E-15)  1.00E-07
  2.250E-03 1.97145E-15  4.016E-09 ( 4.409E-08, 5.236E-09) ( 4.054E-14, 4.904E-15)  1.00E-07
  2.500E-03 1.97145E-15  4.462E-09 ( 4.409E-08, 5.236E-09) ( 4.504E-14, 5.449E-15)  1.00E-07
  2.750E-03 1.97145E-15  4.908E-09 ( 4.409E-08, 5.236E-09) ( 4.954E-14, 5.994E-15)  1.00E-07
  3.000E-03 1.97145E-15  5.354E-09 ( 4.409E-08, 5.236E-09) ( 5.405E-14, 6.539E-15)  1.00E-07
  3.250E-03 1.97145E-15  5.800E-09 ( 4.409E-08, 5.236E-09) ( 5.855E-14, 7.084E-15)  1.00E-07
  3.500E-03 1.97145E-15  6.247E-09 ( 4.409E-08, 5.236E-09) ( 6.306E-14, 7.628E-15)  1.00E-07
  3.750E-03 1.97144E-15  6.693E-09 ( 4.409E-08, 5.236E-09) ( 6.756E-14, 8.173E-15)  1.00E-07
  4.000E-03 1.97144E-15  7.139E-09 ( 4.409E-08, 5.236E-09) ( 7.206E-14, 8.718E-15)  1.00E-07
  4.250E-03 1.97144E-15  7.585E-09 ( 4.409E-08, 5.236E-09) ( 7.657E-14, 9.263E-15)  1.00E-07
  4.500E-03 1.97144E-15  8.031E-09 ( 4.409E-08, 5.236E-09) ( 8.107E-14, 9.808E-15)  1.00E-07
  4.750E-03 1.97144E-15  8.478E-09 ( 4.409E-08, 5.236E-09) ( 8.558E-14, 1.035E-14)  1.00E-07
  5.000E-03 1.97143E-15  8.924E-09 ( 4.409E-08, 5.236E-09) ( 9.008E-14, 1.090E-14)  1.00E-07
  5.250E-03 1.97143E-15  9.370E-09 ( 4.409E-08, 5.236E-09) ( 9.458E-14, 1.144E-14)  1.00E-07
  5.500E-03 1.97143E-15  9.816E-09 ( 4.409E-08, 5.236E-09) ( 9.909E-14, 1.199E-14)  1.00E-07
  5.750E-03 1.97142E-15  1.026E-08 ( 4.409E-08, 5.236E-09) ( 1.036E-13, 1.253E-14)  1.00E-07
  6.000E-03 1.97142E-15  1.071E-08 ( 4.409E-08, 5.236E-09) ( 1.081E-13, 1.308E-14)  1.00E-07
  6.250E-03 1.97142E-15  1.115E-08 ( 4.409E-08, 5.236E-09) ( 1.126E-13, 1.362E-14)  1.00E-07
  6.500E-03 1.97141E-15  1.160E-08 ( 4.409E-08, 5.236E-09) ( 1.171E-13, 1.417E-14)  1.00E-07
  6.750E-03 1.97141E-15  1.205E-08 ( 4.409E-08, 5.236E-09) ( 1.216E-13, 1.471E-14)  1.00E-07
  7.000E-03 1.97141E-15  1.249E-08 ( 4.409E-08, 5.236E-09) ( 1.261E-13, 1.526E-14)  1.00E-07
  7.250E-03 1.97140E-15  1.294E-08 ( 4.409E-08, 5.236E-09) ( 1.306E-13, 1.580E-14)  1.00E-07
  7.500E-03 1.97140E-15  1.339E-08 ( 4.409E-08, 5.236E-09) ( 1.351E-13, 1.635E-14)  1.00E-07
  7.750E-03 1.97139E-15  1.383E-08 ( 4.409E-08, 5.236E-09) ( 1.396E-13, 1.689E-14)  1.00E-07
  8.000E-03 1.97139E-15  1.428E-08 ( 4.409E-08, 5.236E-09) ( 1.441E-13, 1.744E-14)  1.00E-07
  8.250E-03 1.97139E-15  1.472E-08 ( 4.409E-08, 5.236E-09) ( 1.486E-13, 1.798E-14)  1.00E-07
  8.500E-03 1.97138E-15  1.517E-08 ( 4.409E-08, 5.236E-09) ( 1.531E-13, 1.853E-14)  1.00E-07
  8.750E-03 1.97138E-15  1.562E-08 ( 4.409E-08, 5.236E-09) ( 1.576E-13, 1.907E-14)  1.00E-07
  9.000E-03 1.97137E-15  1.606E-08 ( 4.409E-08, 5.236E-09) ( 1.621E-13, 1.962E-14)  1.00E-07
  9.250E-03 1.97137E-15  1.651E-08 ( 4.409E-08, 5.236E-09) ( 1.666E-13, 2.016E-14)  1.00E-07
  9.500E-03 1.97136E-15  1.696E-08 ( 4.409E-08, 5.236E-09) ( 1.711E-13, 2.071E-14)  1.00E-07
  9.750E-03 1.97136E-15  1.740E-08 ( 4.409E-08, 5.236E-09) ( 1.757E-13, 2.125E-14)  1.00E-07
  1.000E-02 1.97135E-15  1.785E-08 ( 4.409E-08, 5.236E-09) ( 1.802E-13, 2.180E-14)  1.00E-07
  1.250E-02 1.97129E-15  2.231E-08 ( 4.409E-08, 5.236E-09) ( 2.252E-13, 2.724E-14)  1.00E-07
  1.500E-02 1.97122E-15  2.677E-08 ( 4.409E-08, 5.236E-09) ( 2.702E-13, 3.269E-14)  1.00E-07
  1.750E-02 1.97113E-15  3.123E-08 ( 4.409E-08, 5.236E-09) ( 3.153E-13, 3.814E-14)  1.00E-07
  2.000E-02 1.97103E-15  3.570E-08 ( 4.409E-08, 5.236E-09) ( 3.603E-13, 4.359E-14)  1.00E-07
  2.250E-02 1.97092E-15  4.016E-08 ( 4.409E-08, 5.236E-09) ( 4.053E-13, 4.904E-14)  1.00E-07
  2.500E-02 1.97079E-15  4.462E-08 ( 4.408E-08, 5.236E-09) ( 4.503E-13, 5.449E-14)  1.00E-07
  2.750E-02 1.97065E-15  4.909E-08 ( 4.408E-08, 5.236E-09) ( 4.953E-13, 5.994E-14)  1.00E-07
  3.000E-02 1.97049E-15  5.355E-08 ( 4.408E-08, 5.236E-09) ( 5.403E-13, 6.538E-14)  1.00E-07
  3.250E-02 1.97032E-15  5.802E-08 ( 4.408E-08, 5.236E-09) ( 5.853E-13, 7.083E-14)  1.00E-07
  3.500E-02 1.97014E-15  6.248E-08 ( 4.408E-08, 5.236E-09) ( 6.303E-13, 7.628E-14)  1.00E-07
  3.750E-02 1.96995E-15  6.695E-08 ( 4.407E-08, 5.236E-09) ( 6.753E-13, 8.173E-14)  1.00E-07
  4.000E-02 1.96974E-15  7.141E-08 ( 4.407E-08, 5.236E-09) ( 7.203E-13, 8.718E-14)  1.00E-07
  4.250E-02 1.96952E-15  7.588E-08 ( 4.407E-08, 5.236E-09) ( 7.653E-13, 9.263E-14)  1.00E-07
  4.500E-02 1.96928E-15  8.035E-08 ( 4.407E-08, 5.236E-09) ( 8.103E-13, 9.807E-14)  1.00E-07
  4.750E-02 1.96904E-15  8.482E-08 ( 4.406E-08, 5.236E-09) ( 8.552E-13, 1.035E-13)  1.00E-07
  5.000E-02 1.96877E-15  8.929E-08 ( 4.406E-08, 5.236E-09) ( 9.002E-13, 1.090E-13)  1.00E-07
  5.250E-02 1.96850E-15  9.376E-08 ( 4.406E-08, 5.236E-09) ( 9.451E-13, 1.144E-13)  1.00E-07
  5.500E-02 1.96821E-15  9.823E-08 ( 4.405E-08, 5.236E-09) ( 9.901E-13, 1.199E-13)  1.00E-07
  5.750E-02 1.96791E-15  1.027E-07 ( 4.405E-08, 5.236E-09) ( 1.035E-12, 1.253E-13)  1.00E-07
  6.000E-02 1.96759E-15  1.072E-07 ( 4.405E-08, 5.236E-09) ( 1.080E-12, 1.308E-13)  1.00E-07
  6.250E-02 1.96727E-15  1.116E-07 ( 4.404E-08, 5.236E-09) ( 1.125E-12, 1.362E-13)  1.00E-07
  6.500E-02 1.96692E-15  1.161E-07 ( 4.404E-08, 5.236E-09) ( 1.170E-12, 1.416E-13)  1.00E-07
  6.750E-02 1.96657E-15  1.206E-07 ( 4.404E-08, 5.236E-09) ( 1.215E-12, 1.471E-13)  1.00E-07
  7.000E-02 1.96620E-15  1.251E-07 ( 4.403E-08, 5.236E-09) ( 1.259E-12, 1.525E-13)  1.00E-07
  7.250E-02 1.96582E-15  1.295E-07 ( 4.403E-08, 5.235E-09) ( 1.304E-12, 1.580E-13)  1.00E-07
  7.500E-02 1.96542E-15  1.340E-07 ( 4.402E-08, 5.235E-09) ( 1.349E-12, 1.634E-13)  1.00E-07
  7.750E-02 1.96502E-15  1.385E-07 ( 4.402E-08, 5.235E-09) ( 1.394E-12, 1.689E-13)  1.00E-07
  8.000E-02 1.96460E-15  1.430E-07 ( 4.401E-08, 5.235E-09) ( 1.439E-12, 1.743E-13)  1.00E-07
  8.250E-02 1.96416E-15  1.475E-07 ( 4.401E-08, 5.235E-09) ( 1.484E-12, 1.798E-13)  1.00E-07
  8.500E-02 1.96371E-15  1.519E-07 ( 4.400E-08, 5.235E-09) ( 1.528E-12, 1.852E-13)  1.00E-07
  8.750E-02 1.96325E-15  1.564E-07 ( 4.400E-08, 5.235E-09) ( 1.573E-12, 1.907E-13)  1.00E-07
  9.000E-02 1.96278E-15  1.609E-07 ( 4.399E-08, 5.235E-09) ( 1.618E-12, 1.961E-13)  1.00E-07
  9.250E-02 1.96229E-15  1.654E-07 ( 4.399E-08, 5.235E-09) ( 1.663E-12, 2.015E-13)  1.00E-07
  9.500E-02 1.96179E-15  1.699E-07 ( 4.398E-08, 5.235E-09) ( 1.707E-12, 2.070E-13)  1.00E-07
  9.750E-02 1.96128E-15  1.744E-07 ( 4.398E-08, 5.235E-09) ( 1.752E-12, 2.124E-13)  1.00E-07
  1.000E-01 1.96075E-15  1.789E-07 ( 4.397E-08, 5.234E-09) ( 1.797E-12, 2.179E-13)  1.00E-07
  1.250E-01 1.95477E-15  2.239E-07 ( 4.390E-08, 5.233E-09) ( 2.242E-12, 2.723E-13)  1.00E-07
  1.500E-01 1.94749E-15  2.690E-07 ( 4.382E-08, 5.232E-09) ( 2.686E-12, 3.267E-13)  1.00E-07
  1.750E-01 1.93895E-15  3.144E-07 ( 4.372E-08, 5.230E-09) ( 3.126E-12, 3.810E-13)  1.00E-07
  2.000E-01 1.92916E-15  3.601E-07 ( 4.361E-08, 5.228E-09) ( 3.564E-12, 4.353E-13)  1.00E-07
  2.250E-01 1.91816E-15  4.060E-07 ( 4.348E-08, 5.226E-09) ( 3.998E-12, 4.895E-13)  1.00E-07
  2.500E-01 1.90598E-15  4.523E-07 ( 4.334E-08, 5.224E-09) ( 4.428E-12, 5.436E-13)  1.00E-07
  2.750E-01 1.89266E-15  4.990E-07 ( 4.319E-08, 5.221E-09) ( 4.853E-12, 5.977E-13)  1.00E-07
  3.000E-01 1.87823E-15  5.460E-07 ( 4.302E-08, 5.218E-09) ( 5.274E-12, 6.517E-13)  1.00E-07
  3.250E-01 1.86274E-15  5.935E-07 ( 4.284E-08, 5.215E-09) ( 5.690E-12, 7.056E-13)  1.00E-07
  3.500E-01 1.84623E-15  6.414E-07 ( 4.265E-08, 5.212E-09) ( 6.100E-12, 7.594E-13)  1.00E-07
  3.750E-01 1.82875E-15  6.899E-07 ( 4.245E-08, 5.208E-09) ( 6.505E-12, 8.130E-13)  1.00E-07
  4.000E-01 1.81035E-15  7.389E-07 ( 4.223E-08, 5.205E-09) ( 6.903E-12, 8.666E-13)  1.00E-07
  4.250E-01 1.79107E-15  7.884E-07 ( 4.200E-08, 5.201E-09) ( 7.295E-12, 9.201E-13)  1.00E-07
  4.500E-01 1.77097E-15  8.386E-07 ( 4.176E-08, 5.196E-09) ( 7.680E-12, 9.734E-13)  1.00E-07
  4.750E-01 1.75010E-15  8.894E-07 ( 4.151E-08, 5.192E-09) ( 8.058E-12, 1.027E-12)  1.00E-07
  5.000E-01 1.72850E-15  9.409E-07 ( 4.125E-08, 5.187E-09) ( 8.430E-12, 1.080E-12)  1.00E-07
  5.250E-01 1.70625E-15  9.931E-07 ( 4.098E-08, 5.182E-09) ( 8.793E-12, 1.133E-12)  1.00E-07
  5.500E-01 1.68338E-15  1.046E-06 ( 4.070E-08, 5.177E-09) ( 9.150E-12, 1.185E-12)  1.00E-07
  5.750E-01 1.65995E-15  1.100E-06 ( 4.041E-08, 5.171E-09) ( 9.498E-12, 1.238E-12)  1.00E-07
  6.000E-01 1.63601E-15  1.154E-06 ( 4.012E-08, 5.165E-09) ( 9.838E-12, 1.290E-12)  1.00E-07
  6.250E-01 1.61163E-15  1.209E-06 ( 3.981E-08, 5.160E-09) ( 1.017E-11, 1.343E-12)  1.00E-07
  6.500E-01 1.58683E-15  1.266E-06 ( 3.950E-08, 5.153E-09) ( 1.050E-11, 1.395E-12)  1.00E-07
  6.750E-01 1.56169E-15  1.323E-06 ( 3.918E-08, 5.147E-09) ( 1.081E-11, 1.447E-12)  1.00E-07
  7.000E-01 1.53625E-15  1.381E-06 ( 3.886E-08, 5.140E-09) ( 1.112E-11, 1.498E-12)  1.00E-07
  7.250E-01 1.51055E-15  1.439E-06 ( 3.853E-08, 5.134E-09) ( 1.142E-11, 1.550E-12)  1.00E-07
  7.500E-01 1.48465E-15  1.499E-06 ( 3.819E-08, 5.127E-09) ( 1.171E-11, 1.601E-12)  1.00E-07
  7.750E-01 1.45859E-15  1.560E-06 ( 3.785E-08, 5.119E-09) ( 1.199E-11, 1.652E-12)  1.00E-07
  8.000E-01 1.43241E-15  1.622E-06 ( 3.750E-08, 5.112E-09) ( 1.227E-11, 1.703E-12)  1.00E-07
  8.250E-01 1.40616E-15  1.685E-06 ( 3.715E-08, 5.104E-09) ( 1.253E-11, 1.754E-12)  1.00E-07
  8.500E-01 1.37987E-15  1.749E-06 ( 3.680E-08, 5.097E-09) ( 1.279E-11, 1.804E-12)  1.00E-07
  8.750E-01 1.35359E-15  1.813E-06 ( 3.644E-08, 5.089E-09) ( 1.304E-11, 1.854E-12)  1.00E-07
  9.000E-01 1.32735E-15  1.880E-06 ( 3.608E-08, 5.080E-09) ( 1.328E-11, 1.904E-12)  1.00E-07
  9.250E-01 1.30119E-15  1.947E-06 ( 3.571E-08, 5.072E-09) ( 1.351E-11, 1.954E-12)  1.00E-07
  9.500E-01 1.27513E-15  2.015E-06 ( 3.535E-08, 5.063E-09) ( 1.373E-11, 2.003E-12)  1.00E-07
  9.750E-01 1.24922E-15  2.085E-06 ( 3.498E-08, 5.055E-09) ( 1.395E-11, 2.053E-12)  1.00E-07
  1.000E+00 1.22347E-15  2.155E-06 ( 3.461E-08, 5.046E-09) ( 1.416E-11, 2.102E-12)  1.00E-07
  1.100E+00 1.12269E-15  2.450E-06 ( 3.313E-08, 5.008E-09) ( 1.491E-11, 2.295E-12)  1.00E-07
  1.200E+00 1.02642E-15  2.765E-06 ( 3.165E-08, 4.968E-09) ( 1.554E-11, 2.484E-12)  1.00E-07
  1.300E+00 9.35653E-16  3.101E-06 ( 3.019E-08, 4.925E-09) ( 1.606E-11, 2.668E-12)  1.00E-07
  1.400E+00 8.50982E-16  3.458E-06 ( 2.876E-08, 4.880E-09) ( 1.648E-11, 2.847E-12)  1.00E-07
  1.500E+00 7.72690E-16  3.837E-06 ( 2.737E-08, 4.832E-09) ( 1.681E-11, 3.022E-12)  1.00E-07
  1.600E+00 7.00813E-16  4.239E-06 ( 2.604E-08, 4.783E-09) ( 1.706E-11, 3.191E-12)  1.00E-07
  1.700E+00 6.35209E-16  4.662E-06 ( 2.476E-08, 4.732E-09) ( 1.724E-11, 3.355E-12)  1.00E-07
  1.800E+00 5.75606E-16  5.108E-06 ( 2.353E-08, 4.680E-09) ( 1.736E-11, 3.514E-12)  1.00E-07
  1.900E+00 5.21651E-16  5.576E-06 ( 2.237E-08, 4.627E-09) ( 1.742E-11, 3.668E-12)  1.00E-07
  2.000E+00 4.72943E-16  6.065E-06 ( 2.126E-08, 4.572E-09) ( 1.743E-11, 3.817E-12)  1.00E-07
  2.100E+00 4.29062E-16  6.575E-06 ( 2.022E-08, 4.516E-09) ( 1.741E-11, 3.960E-12)  1.00E-07
  2.200E+00 3.89586E-16  7.106E-06 ( 1.923E-08, 4.460E-09) ( 1.735E-11, 4.098E-12)  1.00E-07
  2.300E+00 3.54103E-16  7.656E-06 ( 1.830E-08, 4.403E-09) ( 1.727E-11, 4.231E-12)  1.00E-07
  2.400E+00 3.22225E-16  8.226E-06 ( 1.742E-08, 4.346E-09) ( 1.716E-11, 4.358E-12)  1.00E-07
  2.500E+00 2.93587E-16  8.813E-06 ( 1.659E-08, 4.288E-09) ( 1.703E-11, 4.481E-12)  1.00E-07
  2.600E+00 2.67854E-16  9.418E-06 ( 1.581E-08, 4.230E-09) ( 1.689E-11, 4.599E-12)  1.00E-07
  2.700E+00 2.44720E-16  1.004E-05 ( 1.508E-08, 4.173E-09) ( 1.673E-11, 4.712E-12)  1.00E-07
  2.800E+00 2.23908E-16  1.068E-05 ( 1.439E-08, 4.115E-09) ( 1.656E-11, 4.820E-12)  1.00E-07
  2.900E+00 2.05168E-16  1.133E-05 ( 1.374E-08, 4.057E-09) ( 1.639E-11, 4.924E-12)  1.00E-07
  3.000E+00 1.88276E-16  1.199E-05 ( 1.313E-08, 4.000E-09) ( 1.620E-11, 5.023E-12)  1.00E-07
  3.100E+00 1.73033E-16  1.267E-05 ( 1.255E-08, 3.942E-09) ( 1.601E-11, 5.118E-12)  1.00E-07
  3.200E+00 1.59261E-16  1.336E-05 ( 1.201E-08, 3.886E-09) ( 1.582E-11, 5.209E-12)  1.00E-07
  3.300E+00 1.46802E-16  1.406E-05 ( 1.150E-08, 3.829E-09) ( 1.563E-11, 5.296E-12)  1.00E-07
  3.400E+00 1.35515E-16  1.477E-05 ( 1.101E-08, 3.773E-09) ( 1.543E-11, 5.378E-12)  1.00E-07
  3.500E+00 1.25275E-16  1.549E-05 ( 1.056E-08, 3.718E-09) ( 1.523E-11, 5.458E-12)  1.00E-07
  3.600E+00 1.15972E-16  1.621E-05 ( 1.013E-08, 3.664E-09) ( 1.504E-11, 5.533E-12)  1.00E-07
  3.700E+00 1.07509E-16  1.695E-05 ( 9.720E-09, 3.610E-09) ( 1.484E-11, 5.605E-12)  1.00E-07
  3.800E+00 9.97983E-17  1.769E-05 ( 9.336E-09, 3.556E-09) ( 1.465E-11, 5.673E-12)  1.00E-07
  3.900E+00 9.27627E-17  1.843E-05 ( 8.972E-09, 3.504E-09) ( 1.445E-11, 5.739E-12)  1.00E-07
  4.000E+00 8.63340E-17  1.918E-05 ( 8.627E-09, 3.452E-09) ( 1.426E-11, 5.801E-12)  1.00E-07
  4.100E+00 8.04515E-17  1.993E-05 ( 8.300E-09, 3.400E-09) ( 1.407E-11, 5.860E-12)  1.00E-07
  4.200E+00 7.50611E-17  2.069E-05 ( 7.990E-09, 3.350E-09) ( 1.388E-11, 5.916E-12)  1.00E-07
  4.300E+00 7.01148E-17  2.144E-05 ( 7.696E-09, 3.300E-09) ( 1.369E-11, 5.969E-12)  1.00E-07
  4.400E+00 6.55698E-17  2.220E-05 ( 7.416E-09, 3.251E-09) ( 1.351E-11, 6.020E-12)  1.00E-07
  4.500E+00 6.13879E-17  2.296E-05 ( 7.150E-09, 3.203E-09) ( 1.333E-11, 6.068E-12)  1.00E-07
  4.600E+00 5.75350E-17  2.371E-05 ( 6.897E-09, 3.156E-09) ( 1.315E-11, 6.114E-12)  1.00E-07
  4.700E+00 5.39806E-17  2.447E-05 ( 6.657E-09, 3.109E-09) ( 1.297E-11, 6.157E-12)  1.00E-07
  4.800E+00 5.06975E-17  2.522E-05 ( 6.427E-09, 3.064E-09) ( 1.279E-11, 6.198E-12)  1.00E-07
  4.900E+00 4.76613E-17  2.597E-05 ( 6.209E-09, 3.018E-09) ( 1.262E-11, 6.236E-12)  1.00E-07
  5.000E+00 4.48498E-17  2.672E-05 ( 6.000E-09, 2.974E-09) ( 1.245E-11, 6.273E-12)  1.00E-07
  5.100E+00 4.22436E-17  2.746E-05 ( 5.801E-09, 2.931E-09) ( 1.229E-11, 6.307E-12)  1.00E-07
  5.200E+00 3.98248E-17  2.820E-05 ( 5.611E-09, 2.888E-09) ( 1.212E-11, 6.340E-12)  1.00E-07
  5.300E+00 3.75774E-17  2.893E-05 ( 5.429E-09, 2.846E-09) ( 1.196E-11, 6.371E-12)  1.00E-07
  5.400E+00 3.54870E-17  2.965E-05 ( 5.255E-09, 2.805E-09) ( 1.180E-11, 6.400E-12)  1.00E-07
  5.500E+00 3.35405E-17  3.036E-05 ( 5.089E-09, 2.765E-09) ( 1.165E-11, 6.427E-12)  1.00E-07
  5.600E+00 3.17263E-17  3.107E-05 ( 4.930E-09, 2.725E-09) ( 1.149E-11, 6.452E-12)  1.00E-07
  5.700E+00 3.00336E-17  3.177E-05 ( 4.777E-09, 2.686E-09) ( 1.134E-11, 6.476E-12)  1.00E-07
  5.800E+00 2.84527E-17  3.245E-05 ( 4.631E-09, 2.648E-09) ( 1.119E-11, 6.499E-12)  1.00E-07
  5.900E+00 2.69748E-17  3.313E-05 ( 4.490E-09, 2.610E-09) ( 1.105E-11, 6.520E-12)  1.00E-07
  6.000E+00 2.55920E-17  3.379E-05 ( 4.356E-09, 2.573E-09) ( 1.090E-11, 6.539E-12)  1.00E-07
  6.100E+00 2.42969E-17  3.444E-05 ( 4.226E-09, 2.537E-09) ( 1.076E-11, 6.557E-12)  1.00E-07
  6.200E+00 2.30830E-17  3.508E-05 ( 4.102E-09, 2.501E-09) ( 1.062E-11, 6.574E-12)  1.00E-07
  6.300E+00 2.19442E-17  3.571E-05 ( 3.983E-09, 2.466E-09) ( 1.048E-11, 6.590E-12)  1.00E-07
  6.400E+00 2.08748E-17  3.631E-05 ( 3.868E-09, 2.432E-09) ( 1.035E-11, 6.604E-12)  1.00E-07
  6.500E+00 1.98700E-17  3.691E-05 ( 3.757E-09, 2.398E-09) ( 1.021E-11, 6.617E-12)  1.00E-07
  6.600E+00 1.89250E-17  3.749E-05 ( 3.651E-09, 2.365E-09) ( 1.008E-11, 6.629E-12)  1.00E-07
  6.700E+00 1.80357E-17  3.805E-05 ( 3.549E-09, 2.333E-09) ( 9.954E-12, 6.640E-12)  1.00E-07
  6.800E+00 1.71980E-17  3.859E-05 ( 3.450E-09, 2.301E-09) ( 9.827E-12, 6.650E-12)  1.00E-07
  6.900E+00 1.64084E-17  3.912E-05 ( 3.355E-09, 2.270E-09) ( 9.702E-12, 6.659E-12)  1.00E-07
  7.000E+00 1.56637E-17  3.962E-05 ( 3.263E-09, 2.239E-09) ( 9.579E-12, 6.667E-12)  1.00E-07
  7.100E+00 1.49608E-17  4.011E-05 ( 3.175E-09, 2.209E-09) ( 9.458E-12, 6.674E-12)  1.00E-07
  7.200E+00 1.42969E-17  4.057E-05 ( 3.090E-09, 2.179E-09) ( 9.339E-12, 6.680E-12)  1.00E-07
  7.300E+00 1.36694E-17  4.101E-05 ( 3.008E-09, 2.150E-09) ( 9.221E-12, 6.686E-12)  1.00E-07
  7.400E+00 1.30760E-17  4.143E-05 ( 2.928E-09, 2.122E-09) ( 9.106E-12, 6.690E-12)  1.00E-07
  7.500E+00 1.25144E-17  4.183E-05 ( 2.851E-09, 2.094E-09) ( 8.992E-12, 6.694E-12)  1.00E-07
  7.600E+00 1.19826E-17  4.221E-05 ( 2.777E-09, 2.066E-09) ( 8.880E-12, 6.697E-12)  1.00E-07
  7.700E+00 1.14788E-17  4.256E-05 ( 2.706E-09, 2.039E-09) ( 8.770E-12, 6.699E-12)  1.00E-07
  7.800E+00 1.10011E-17  4.288E-05 ( 2.636E-09, 2.013E-09) ( 8.661E-12, 6.701E-12)  1.00E-07
  7.900E+00 1.05480E-17  4.318E-05 ( 2.569E-09, 1.986E-09) ( 8.554E-12, 6.702E-12)  1.00E-07
  8.000E+00 1.01180E-17  4.345E-05 ( 2.505E-09, 1.961E-09) ( 8.448E-12, 6.702E-12)  1.00E-07
  8.100E+00 9.70965E-18  4.369E-05 ( 2.442E-09, 1.936E-09) ( 8.345E-12, 6.702E-12)  1.00E-07
  8.200E+00 9.32165E-18  4.391E-05 ( 2.381E-09, 1.911E-09) ( 8.242E-12, 6.701E-12)  1.00E-07
  8.300E+00 8.95281E-18  4.410E-05 ( 2.322E-09, 1.887E-09) ( 8.141E-12, 6.699E-12)  1.00E-07
  8.400E+00 8.60200E-18  4.426E-05 ( 2.265E-09, 1.863E-09) ( 8.042E-12, 6.697E-12)  1.00E-07
  8.500E+00 8.26818E-18  4.439E-05 ( 2.210E-09, 1.839E-09) ( 7.944E-12, 6.694E-12)  1.00E-07
  8.600E+00 7.95036E-18  4.448E-05 ( 2.157E-09, 1.816E-09) ( 7.848E-12, 6.691E-12)  1.00E-07
  8.700E+00 7.64765E-18  4.455E-05 ( 2.105E-09, 1.794E-09) ( 7.753E-12, 6.687E-12)  1.00E-07
  8.800E+00 7.35917E-18  4.458E-05 ( 2.055E-09, 1.771E-09) ( 7.659E-12, 6.683E-12)  1.00E-07
  8.900E+00 7.08414E-18  4.458E-05 ( 2.006E-09, 1.749E-09) ( 7.567E-12, 6.678E-12)  1.00E-07
  9.000E+00 6.82182E-18  4.455E-05 ( 1.959E-09, 1.728E-09) ( 7.476E-12, 6.673E-12)  1.00E-07
  9.100E+00 6.57149E-18  4.448E-05 ( 1.913E-09, 1.707E-09) ( 7.387E-12, 6.668E-12)  1.00E-07
  9.200E+00 6.33252E-18  4.438E-05 ( 1.868E-09, 1.686E-09) ( 7.298E-12, 6.662E-12)  1.00E-07
  9.300E+00 6.10429E-18  4.424E-05 ( 1.825E-09, 1.666E-09) ( 7.211E-12, 6.656E-12)  1.00E-07
  9.400E+00 5.88623E-18  4.407E-05 ( 1.783E-09, 1.645E-09) ( 7.126E-12, 6.649E-12)  1.00E-07
  9.500E+00 5.67779E-18  4.386E-05 ( 1.742E-09, 1.626E-09) ( 7.041E-12, 6.642E-12)  1.00E-07
  9.600E+00 5.47848E-18  4.361E-05 ( 1.702E-09, 1.606E-09) ( 6.958E-12, 6.634E-12)  1.00E-07
  9.700E+00 5.28782E-18  4.332E-05 ( 1.664E-09, 1.587E-09) ( 6.876E-12, 6.627E-12)  1.00E-07
  9.800E+00 5.10537E-18  4.300E-05 ( 1.627E-09, 1.568E-09) ( 6.795E-12, 6.619E-12)  1.00E-07
  9.900E+00 4.93069E-18  4.263E-05 ( 1.590E-09, 1.550E-09) ( 6.715E-12, 6.610E-12)  1.00E-07
  1.000E+01 4.76341E-18  4.223E-05 ( 1.555E-09, 1.532E-09) ( 6.636E-12, 6.602E-12)  1.00E-07
  1.025E+01 4.37515E-18  4.104E-05 ( 1.471E-09, 1.487E-09) ( 6.444E-12, 6.579E-12)  1.00E-07
  1.050E+01 4.02557E-18  3.959E-05 ( 1.392E-09, 1.445E-09) ( 6.258E-12, 6.554E-12)  1.00E-07
  1.075E+01 3.71015E-18  3.786E-05 ( 1.318E-09, 1.404E-09) ( 6.079E-12, 6.528E-12)  1.00E-07
  1.100E+01 3.42498E-18  3.586E-05 ( 1.250E-09, 1.365E-09) ( 5.906E-12, 6.501E-12)  1.00E-07
  1.125E+01 3.16664E-18  3.356E-05 ( 1.185E-09, 1.327E-09) ( 5.738E-12, 6.472E-12)  1.00E-07
  1.150E+01 2.93216E-18  3.096E-05 ( 1.125E-09, 1.291E-09) ( 5.576E-12, 6.443E-12)  1.00E-07
  1.175E+01 2.71896E-18  2.806E-05 ( 1.068E-09, 1.256E-09) ( 5.420E-12, 6.412E-12)  1.00E-07
  1.200E+01 2.52477E-18  2.485E-05 ( 1.015E-09, 1.223E-09) ( 5.268E-12, 6.381E-12)  1.00E-07
  1.225E+01 2.34760E-18  2.131E-05 ( 9.644E-10, 1.191E-09) ( 5.122E-12, 6.349E-12)  1.00E-07
  1.250E+01 2.18568E-18  1.744E-05 ( 9.172E-10, 1.159E-09) ( 4.980E-12, 6.316E-12)  1.00E-07
  1.275E+01 2.03748E-18  1.324E-05 ( 8.727E-10, 1.129E-09) ( 4.843E-12, 6.283E-12)  1.00E-07
  1.300E+01 1.90162E-18  8.692E-06 ( 8.308E-10, 1.101E-09) ( 4.710E-12, 6.249E-12)  1.00E-07
  1.325E+01 1.77690E-18  0.000E+00 ( 7.913E-10, 1.073E-09) ( 4.581E-12, 6.214E-12)  1.00E-07
  1.350E+01 1.66224E-18  0.000E+00 ( 7.539E-10, 1.046E-09) ( 4.456E-12, 6.180E-12)  1.00E-07
  1.375E+01 1.55668E-18 -7.084E-06 ( 7.186E-10, 1.020E-09) ( 4.335E-12, 6.145E-12)  1.00E-07
  1.400E+01 1.45938E-18 -1.308E-05 ( 6.852E-10, 9.949E-10) ( 4.218E-12, 6.110E-12)  1.00E-07
  1.425E+01 1.36957E-18 -1.944E-05 ( 6.537E-10, 9.707E-10) ( 4.104E-12, 6.074E-12)  1.00E-07
  1.450E+01 1.28656E-18 -2.619E-05 ( 6.238E-10, 9.473E-10) ( 3.994E-12, 6.038E-12)  1.00E-07
  1.475E+01 1.20976E-18 -3.333E-05 ( 5.954E-10, 9.248E-10) ( 3.887E-12, 6.003E-12)  1.00E-07
  1.500E+01 1.13862E-18 -4.086E-05 ( 5.686E-10, 9.029E-10) ( 3.783E-12, 5.967E-12)  1.00E-07
  1.525E+01 1.07263E-18 -4.879E-05 ( 5.431E-10, 8.818E-10) ( 3.682E-12, 5.931E-12)  1.00E-07
  1.550E+01 1.01137E-18 -5.713E-05 ( 5.189E-10, 8.614E-10) ( 3.584E-12, 5.895E-12)  1.00E-07
  1.575E+01 9.54432E-19 -6.587E-05 ( 4.959E-10, 8.417E-10) ( 3.489E-12, 5.859E-12)  1.00E-07
  1.600E+01 9.01452E-19 -7.503E-05 ( 4.741E-10, 8.226E-10) ( 3.397E-12, 5.823E-12)  1.00E-07
  1.625E+01 8.52108E-19 -8.461E-05 ( 4.534E-10, 8.041E-10) ( 3.308E-12, 5.787E-12)  1.00E-07
  1.650E+01 8.06105E-19 -9.461E-05 ( 4.336E-10, 7.862E-10) ( 3.220E-12, 5.751E-12)  1.00E-07
  1.675E+01 7.63174E-19 -1.050E-04 ( 4.148E-10, 7.688E-10) ( 3.136E-12, 5.715E-12)  1.00E-07
  1.700E+01 7.23073E-19 -1.159E-04 ( 3.969E-10, 7.520E-10) ( 3.054E-12, 5.679E-12)  1.00E-07
  1.725E+01 6.85581E-19 -1.272E-04 ( 3.799E-10, 7.357E-10) ( 2.974E-12, 5.644E-12)  1.00E-07
  1.750E+01 6.50498E-19 -1.389E-04 ( 3.636E-10, 7.199E-10) ( 2.896E-12, 5.608E-12)  1.00E-07
  1.775E+01 6.17639E-19 -1.511E-04 ( 3.482E-10, 7.045E-10) ( 2.820E-12, 5.573E-12)  1.00E-07
  1.800E+01 5.86838E-19 -1.637E-04 ( 3.334E-10, 6.897E-10) ( 2.747E-12, 5.538E-12)  1.00E-07
  1.825E+01 5.57942E-19 -1.768E-04 ( 3.193E-10, 6.753E-10) ( 2.675E-12, 5.503E-12)  1.00E-07
  1.850E+01 5.30811E-19 -1.904E-04 ( 3.058E-10, 6.613E-10) ( 2.605E-12, 5.468E-12)  1.00E-07
  1.875E+01 5.05317E-19 -2.043E-04 ( 2.930E-10, 6.477E-10) ( 2.538E-12, 5.434E-12)  1.00E-07
  1.900E+01 4.81344E-19 -2.188E-04 ( 2.807E-10, 6.345E-10) ( 2.472E-12, 5.400E-12)  1.00E-07
  1.925E+01 4.58784E-19 -2.337E-04 ( 2.689E-10, 6.216E-10) ( 2.407E-12, 5.365E-12)  1.00E-07
  1.950E+01 4.37537E-19 -2.491E-04 ( 2.577E-10, 6.092E-10) ( 2.345E-12, 5.332E-12)  1.00E-07
  1.975E+01 4.17513E-19 -2.649E-04 ( 2.469E-10, 5.971E-10) ( 2.284E-12, 5.298E-12)  1.00E-07
  2.000E+01 3.98629E-19 -2.813E-04 ( 2.366E-10, 5.853E-10) ( 2.224E-12, 5.265E-12)  1.00E-07
  2.025E+01 3.80807E-19 -2.981E-04 ( 2.268E-10, 5.739E-10) ( 2.166E-12, 5.231E-12)  1.00E-07
  2.050E+01 3.63976E-19 -3.153E-04 ( 2.174E-10, 5.628E-10) ( 2.110E-12, 5.198E-12)  1.00E-07
  2.075E+01 3.48071E-19 -3.331E-04 ( 2.083E-10, 5.519E-10) ( 2.055E-12, 5.166E-12)  1.00E-07
  2.100E+01 3.33032E-19 -3.513E-04 ( 1.997E-10, 5.414E-10) ( 2.001E-12, 5.133E-12)  1.00E-07
  2.125E+01 3.18802E-19 -3.701E-04 ( 1.914E-10, 5.312E-10) ( 1.949E-12, 5.101E-12)  1.00E-07
  2.150E+01 3.05329E-19 -3.893E-04 ( 1.834E-10, 5.212E-10) ( 1.898E-12, 5.069E-12)  1.00E-07
  2.175E+01 2.92566E-19 -4.089E-04 ( 1.758E-10, 5.115E-10) ( 1.848E-12, 5.037E-12)  1.00E-07
  2.200E+01 2.80468E-19 -4.291E-04 ( 1.685E-10, 5.021E-10) ( 1.799E-12, 5.006E-12)  1.00E-07
  2.225E+01 2.68994E-19 -4.498E-04 ( 1.614E-10, 4.929E-10) ( 1.752E-12, 4.975E-12)  1.00E-07
  2.250E+01 2.58105E-19 -4.710E-04 ( 1.547E-10, 4.839E-10) ( 1.706E-12, 4.944E-12)  1.00E-07
  2.275E+01 2.47767E-19 -4.926E-04 ( 1.482E-10, 4.752E-10) ( 1.661E-12, 4.913E-12)  1.00E-07
  2.300E+01 2.37945E-19 -5.148E-04 ( 1.420E-10, 4.667E-10) ( 1.617E-12, 4.882E-12)  1.00E-07
  2.325E+01 2.28610E-19 -5.374E-04 ( 1.360E-10, 4.584E-10) ( 1.574E-12, 4.852E-12)  1.00E-07
  2.350E+01 2.19732E-19 -5.606E-04 ( 1.302E-10, 4.503E-10) ( 1.532E-12, 4.822E-12)  1.00E-07
  2.375E+01 2.11284E-19 -5.843E-04 ( 1.247E-10, 4.424E-10) ( 1.491E-12, 4.793E-12)  1.00E-07
  2.400E+01 2.03243E-19 -6.084E-04 ( 1.194E-10, 4.347E-10) ( 1.451E-12, 4.763E-12)  1.00E-07
  2.425E+01 1.95584E-19 -6.331E-04 ( 1.143E-10, 4.272E-10) ( 1.411E-12, 4.734E-12)  1.00E-07
  2.450E+01 1.88286E-19 -6.582E-04 ( 1.094E-10, 4.199E-10) ( 1.373E-12, 4.705E-12)  1.00E-07
  2.475E+01 1.81329E-19 -6.839E-04 ( 1.046E-10, 4.127E-10) ( 1.336E-12, 4.677E-12)  1.00E-07
  2.500E+01 1.74693E-19 -7.100E-04 ( 1.001E-10, 4.058E-10) ( 1.299E-12, 4.648E-12)  1.00E-07
  2.550E+01 1.62317E-19 -7.639E-04 ( 9.148E-11, 3.923E-10) ( 1.229E-12, 4.592E-12)  1.00E-07
  2.600E+01 1.51028E-19 -8.197E-04 ( 8.349E-11, 3.795E-10) ( 1.161E-12, 4.537E-12)  1.00E-07
  2.650E+01 1.40715E-19 -8.776E-04 ( 7.608E-11, 3.673E-10) ( 1.097E-12, 4.483E-12)  1.00E-07
  2.700E+01 1.31276E-19 -9.375E-04 ( 6.920E-11, 3.556E-10) ( 1.035E-12, 4.430E-12)  1.00E-07
  2.750E+01 1.22625E-19 -9.995E-04 ( 6.280E-11, 3.445E-10) ( 9.759E-13, 4.377E-12)  1.00E-07
  2.800E+01 1.14683E-19 -1.063E-03 ( 5.684E-11, 3.338E-10) ( 9.193E-13, 4.326E-12)  1.00E-07
  2.850E+01 1.07382E-19 -1.129E-03 ( 5.130E-11, 3.236E-10) ( 8.652E-13, 4.276E-12)  1.00E-07
  2.900E+01 1.00660E-19 -1.197E-03 ( 4.613E-11, 3.139E-10) ( 8.132E-13, 4.226E-12)  1.00E-07
  2.950E+01 9.44623E-20 -1.267E-03 ( 4.132E-11, 3.045E-10) ( 7.634E-13, 4.178E-12)  1.00E-07
  3.000E+01 8.87408E-20 -1.340E-03 ( 3.683E-11, 2.956E-10) ( 7.157E-13, 4.130E-12)  1.00E-07
  3.050E+01 8.34520E-20 -1.414E-03 ( 3.264E-11, 2.870E-10) ( 6.699E-13, 4.083E-12)  1.00E-07
  3.100E+01 7.85569E-20 -1.490E-03 ( 2.873E-11, 2.788E-10) ( 6.259E-13, 4.037E-12)  1.00E-07
  3.150E+01 7.40208E-20 -1.568E-03 ( 2.508E-11, 2.709E-10) ( 5.837E-13, 3.992E-12)  1.00E-07
  3.200E+01 6.98123E-20 -1.648E-03 ( 2.166E-11, 2.633E-10) ( 5.432E-13, 3.947E-12)  1.00E-07
  3.250E+01 6.59033E-20 -1.730E-03 ( 1.847E-11, 2.560E-10) ( 5.043E-13, 3.903E-12)  1.00E-07
  3.300E+01 6.22685E-20 -1.814E-03 ( 1.549E-11, 2.490E-10) ( 4.668E-13, 3.860E-12)  1.00E-07
  3.350E+01 5.88849E-20 -1.900E-03 ( 1.270E-11, 2.423E-10) ( 4.309E-13, 3.818E-12)  1.00E-07
  3.400E+01 5.57319E-20 -1.987E-03 ( 1.008E-11, 2.358E-10) ( 3.963E-13, 3.777E-12)  1.00E-07
  3.450E+01 5.27908E-20 -2.077E-03 ( 7.636E-12, 2.296E-10) ( 3.630E-13, 3.736E-12)  1.00E-07
  3.500E+01 5.00446E-20 -2.169E-03 ( 5.346E-12, 2.236E-10) ( 3.310E-13, 3.696E-12)  1.00E-07
  3.550E+01 4.74779E-20 -2.262E-03 ( 3.200E-12, 2.178E-10) ( 3.003E-13, 3.656E-12)  1.00E-07
  3.600E+01 4.50767E-20 -2.358E-03 ( 1.191E-12, 2.123E-10) ( 2.706E-13, 3.617E-12)  1.00E-07
  3.650E+01 4.28283E-20 -2.455E-03 (-6.925E-13, 2.069E-10) ( 2.421E-13, 3.579E-12)  1.00E-07
  3.700E+01 4.07212E-20 -2.554E-03 (-2.457E-12, 2.017E-10) ( 2.146E-13, 3.542E-12)  1.00E-07
  3.750E+01 3.87446E-20 -2.655E-03 (-4.111E-12, 1.968E-10) ( 1.882E-13, 3.505E-12)  1.00E-07
  3.800E+01 3.68890E-20 -2.758E-03 (-5.661E-12, 1.920E-10) ( 1.627E-13, 3.468E-12)  1.00E-07
  3.850E+01 3.51455E-20 -2.863E-03 (-7.115E-12, 1.873E-10) ( 1.382E-13, 3.433E-12)  1.00E-07
  3.900E+01 3.35061E-20 -2.969E-03 (-8.477E-12, 1.828E-10) ( 1.145E-13, 3.397E-12)  1.00E-07
  3.950E+01 3.19632E-20 -3.077E-03 (-9.754E-12, 1.785E-10) ( 9.176E-14, 3.363E-12)  1.00E-07
  4.000E+01 3.05102E-20 -3.187E-03 (-1.095E-11, 1.743E-10) ( 6.980E-14, 3.329E-12)  1.00E-07
  4.050E+01 2.91408E-20 -3.298E-03 (-1.207E-11, 1.702E-10) ( 4.863E-14, 3.295E-12)  1.00E-07
  4.100E+01 2.78491E-20 -3.412E-03 (-1.312E-11, 1.663E-10) ( 2.822E-14, 3.262E-12)  1.00E-07
  4.150E+01 2.66300E-20 -3.527E-03 (-1.411E-11, 1.625E-10) ( 8.540E-15, 3.229E-12)  1.00E-07
  4.200E+01 2.54785E-20 -3.643E-03 (-1.503E-11, 1.589E-10) (-1.043E-14, 3.197E-12)  1.00E-07
  4.250E+01 2.43902E-20 -3.761E-03 (-1.590E-11, 1.553E-10) (-2.873E-14, 3.166E-12)  1.00E-07
  4.300E+01 2.33610E-20 -3.881E-03 (-1.671E-11, 1.519E-10) (-4.638E-14, 3.135E-12)  1.00E-07
  4.350E+01 2.23869E-20 -4.002E-03 (-1.747E-11, 1.486E-10) (-6.341E-14, 3.104E-12)  1.00E-07
  4.400E+01 2.14644E-20 -4.125E-03 (-1.818E-11, 1.453E-10) (-7.983E-14, 3.074E-12)  1.00E-07
  4.450E+01 2.05904E-20 -4.249E-03 (-1.884E-11, 1.422E-10) (-9.566E-14, 3.044E-12)  1.00E-07
  4.500E+01 1.97616E-20 -4.375E-03 (-1.946E-11, 1.392E-10) (-1.109E-13, 3.015E-12)  1.00E-07
  4.550E+01 1.89753E-20 -4.502E-03 (-2.004E-11, 1.363E-10) (-1.257E-13, 2.986E-12)  1.00E-07
  4.600E+01 1.82290E-20 -4.631E-03 (-2.058E-11, 1.334E-10) (-1.399E-13, 2.957E-12)  1.00E-07
  4.650E+01 1.75201E-20 -4.761E-03 (-2.109E-11, 1.306E-10) (-1.536E-13, 2.929E-12)  1.00E-07
  4.700E+01 1.68464E-20 -4.892E-03 (-2.156E-11, 1.280E-10) (-1.669E-13, 2.902E-12)  1.00E-07
  4.750E+01 1.62059E-20 -5.025E-03 (-2.200E-11, 1.254E-10) (-1.796E-13, 2.874E-12)  1.00E-07
  4.800E+01 1.55965E-20 -5.159E-03 (-2.241E-11, 1.228E-10) (-1.920E-13, 2.847E-12)  1.00E-07
  4.850E+01 1.50164E-20 -5.294E-03 (-2.279E-11, 1.204E-10) (-2.038E-13, 2.821E-12)  1.00E-07
  4.900E+01 1.44640E-20 -5.431E-03 (-2.314E-11, 1.180E-10) (-2.153E-13, 2.795E-12)  1.00E-07
  4.950E+01 1.39377E-20 -5.569E-03 (-2.347E-11, 1.157E-10) (-2.264E-13, 2.769E-12)  1.00E-07
  5.000E+01 1.34359E-20 -5.708E-03 (-2.378E-11, 1.134E-10) (-2.370E-13, 2.743E-12)  1.00E-07
  5.050E+01 1.29574E-20 -5.848E-03 (-2.406E-11, 1.112E-10) (-2.473E-13, 2.718E-12)  1.00E-07
  5.100E+01 1.25008E-20 -5.989E-03 (-2.432E-11, 1.091E-10) (-2.572E-13, 2.693E-12)  1.00E-07
  5.150E+01 1.20648E-20 -6.131E-03 (-2.456E-11, 1.070E-10) (-2.668E-13, 2.669E-12)  1.00E-07
  5.200E+01 1.16485E-20 -6.275E-03 (-2.478E-11, 1.050E-10) (-2.760E-13, 2.645E-12)  1.00E-07
  5.250E+01 1.12507E-20 -6.419E-03 (-2.498E-11, 1.031E-10) (-2.849E-13, 2.621E-12)  1.00E-07
  5.300E+01 1.08704E-20 -6.564E-03 (-2.517E-11, 1.011E-10) (-2.935E-13, 2.597E-12)  1.00E-07
  5.350E+01 1.05068E-20 -6.711E-03 (-2.534E-11, 9.929E-11) (-3.018E-13, 2.574E-12)  1.00E-07
  5.400E+01 1.01588E-20 -6.858E-03 (-2.549E-11, 9.748E-11) (-3.097E-13, 2.551E-12)  1.00E-07
  5.450E+01 9.82578E-21 -7.006E-03 (-2.563E-11, 9.572E-11) (-3.174E-13, 2.528E-12)  1.00E-07
  5.500E+01 9.50690E-21 -7.155E-03 (-2.576E-11, 9.401E-11) (-3.248E-13, 2.506E-12)  1.00E-07
  5.550E+01 9.20143E-21 -7.305E-03 (-2.587E-11, 9.234E-11) (-3.319E-13, 2.484E-12)  1.00E-07
  5.600E+01 8.90871E-21 -7.455E-03 (-2.597E-11, 9.071E-11) (-3.388E-13, 2.462E-12)  1.00E-07
  5.650E+01 8.62809E-21 -7.607E-03 (-2.606E-11, 8.912E-11) (-3.454E-13, 2.440E-12)  1.00E-07
  5.700E+01 8.35896E-21 -7.759E-03 (-2.614E-11, 8.758E-11) (-3.517E-13, 2.419E-12)  1.00E-07
  5.750E+01 8.10076E-21 -7.911E-03 (-2.621E-11, 8.607E-11) (-3.578E-13, 2.398E-12)  1.00E-07
  5.800E+01 7.85296E-21 -8.065E-03 (-2.627E-11, 8.460E-11) (-3.637E-13, 2.377E-12)  1.00E-07
  5.850E+01 7.61505E-21 -8.219E-03 (-2.632E-11, 8.317E-11) (-3.693E-13, 2.356E-12)  1.00E-07
  5.900E+01 7.38655E-21 -8.373E-03 (-2.636E-11, 8.177E-11) (-3.747E-13, 2.336E-12)  1.00E-07
  5.950E+01 7.16702E-21 -8.528E-03 (-2.639E-11, 8.041E-11) (-3.800E-13, 2.316E-12)  1.00E-07
  6.000E+01 6.95603E-21 -8.684E-03 (-2.641E-11, 7.908E-11) (-3.850E-13, 2.296E-12)  1.00E-07
  6.050E+01 6.75318E-21 -8.840E-03 (-2.643E-11, 7.778E-11) (-3.898E-13, 2.276E-12)  1.00E-07
  6.100E+01 6.55809E-21 -8.996E-03 (-2.644E-11, 7.651E-11) (-3.944E-13, 2.257E-12)  1.00E-07
  6.150E+01 6.37041E-21 -9.153E-03 (-2.645E-11, 7.527E-11) (-3.988E-13, 2.237E-12)  1.00E-07
  6.200E+01 6.18978E-21 -9.310E-03 (-2.644E-11, 7.406E-11) (-4.030E-13, 2.218E-12)  1.00E-07
  6.250E+01 6.01590E-21 -9.468E-03 (-2.644E-11, 7.288E-11) (-4.071E-13, 2.200E-12)  1.00E-07
  6.300E+01 5.84846E-21 -9.626E-03 (-2.642E-11, 7.173E-11) (-4.109E-13, 2.181E-12)  1.00E-07
  6.350E+01 5.68717E-21 -9.784E-03 (-2.640E-11, 7.061E-11) (-4.147E-13, 2.163E-12)  1.00E-07
  6.400E+01 5.53176E-21 -9.942E-03 (-2.638E-11, 6.951E-11) (-4.182E-13, 2.144E-12)  1.00E-07
  6.450E+01 5.38197E-21 -1.010E-02 (-2.635E-11, 6.843E-11) (-4.216E-13, 2.126E-12)  1.00E-07
  6.500E+01 5.23755E-21 -1.026E-02 (-2.632E-11, 6.738E-11) (-4.248E-13, 2.109E-12)  1.00E-07
  6.550E+01 5.09827E-21 -1.042E-02 (-2.628E-11, 6.636E-11) (-4.279E-13, 2.091E-12)  1.00E-07
  6.600E+01 4.96391E-21 -1.058E-02 (-2.624E-11, 6.535E-11) (-4.308E-13, 2.073E-12)  1.00E-07
  6.650E+01 4.83426E-21 -1.073E-02 (-2.619E-11, 6.437E-11) (-4.336E-13, 2.056E-12)  1.00E-07
  6.700E+01 4.70912E-21 -1.089E-02 (-2.615E-11, 6.341E-11) (-4.363E-13, 2.039E-12)  1.00E-07
  6.750E+01 4.58830E-21 -1.105E-02 (-2.609E-11, 6.247E-11) (-4.388E-13, 2.022E-12)  1.00E-07
  6.800E+01 4.47162E-21 -1.121E-02 (-2.604E-11, 6.156E-11) (-4.412E-13, 2.005E-12)  1.00E-07
  6.850E+01 4.35891E-21 -1.137E-02 (-2.598E-11, 6.066E-11) (-4.435E-13, 1.989E-12)  1.00E-07
  6.900E+01 4.25000E-21 -1.153E-02 (-2.592E-11, 5.978E-11) (-4.456E-13, 1.972E-12)  1.00E-07
  6.950E+01 4.14474E-21 -1.168E-02 (-2.586E-11, 5.892E-11) (-4.476E-13, 1.956E-12)  1.00E-07
  7.000E+01 4.04299E-21 -1.184E-02 (-2.580E-11, 5.808E-11) (-4.495E-13, 1.940E-12)  1.00E-07
  7.050E+01 3.94459E-21 -1.200E-02 (-2.573E-11, 5.726E-11) (-4.513E-13, 1.924E-12)  1.00E-07
  7.100E+01 3.84942E-21 -1.216E-02 (-2.566E-11, 5.645E-11) (-4.529E-13, 1.908E-12)  1.00E-07
  7.150E+01 3.75735E-21 -1.231E-02 (-2.559E-11, 5.567E-11) (-4.545E-13, 1.893E-12)  1.00E-07
  7.200E+01 3.66825E-21 -1.247E-02 (-2.552E-11, 5.489E-11) (-4.560E-13, 1.877E-12)  1.00E-07
  7.250E+01 3.58201E-21 -1.263E-02 (-2.544E-11, 5.414E-11) (-4.573E-13, 1.862E-12)  1.00E-07
  7.300E+01 3.49852E-21 -1.278E-02 (-2.537E-11, 5.340E-11) (-4.586E-13, 1.847E-12)  1.00E-07
  7.350E+01 3.41768E-21 -1.294E-02 (-2.529E-11, 5.267E-11) (-4.597E-13, 1.832E-12)  1.00E-07
  7.400E+01 3.33937E-21 -1.309E-02 (-2.521E-11, 5.196E-11) (-4.608E-13, 1.817E-12)  1.00E-07
  7.450E+01 3.26351E-21 -1.324E-02 (-2.513E-11, 5.127E-11) (-4.617E-13, 1.802E-12)  1.00E-07
  7.500E+01 3.19000E-21 -1.340E-02 (-2.505E-11, 5.059E-11) (-4.626E-13, 1.787E-12)  1.00E-07
  7.550E+01 3.11875E-21 -1.355E-02 (-2.497E-11, 4.992E-11) (-4.634E-13, 1.773E-12)  1.00E-07
  7.600E+01 3.04968E-21 -1.370E-02 (-2.488E-11, 4.927E-11) (-4.641E-13, 1.758E-12)  1.00E-07
  7.650E+01 2.98271E-21 -1.385E-02 (-2.480E-11, 4.863E-11) (-4.647E-13, 1.744E-12)  1.00E-07
  7.700E+01 2.91776E-21 -1.400E-02 (-2.471E-11, 4.800E-11) (-4.652E-13, 1.730E-12)  1.00E-07
  7.750E+01 2.85476E-21 -1.415E-02 (-2.463E-11, 4.738E-11) (-4.657E-13, 1.716E-12)  1.00E-07
  7.800E+01 2.79363E-21 -1.430E-02 (-2.454E-11, 4.678E-11) (-4.661E-13, 1.702E-12)  1.00E-07
  7.850E+01 2.73431E-21 -1.445E-02 (-2.446E-11, 4.619E-11) (-4.664E-13, 1.688E-12)  1.00E-07
  7.900E+01 2.67674E-21 -1.460E-02 (-2.437E-11, 4.561E-11) (-4.666E-13, 1.675E-12)  1.00E-07
  7.950E+01 2.62084E-21 -1.474E-02 (-2.428E-11, 4.504E-11) (-4.667E-13, 1.661E-12)  1.00E-07
  8.000E+01 2.56657E-21 -1.489E-02 (-2.419E-11, 4.448E-11) (-4.668E-13, 1.648E-12)  1.00E-07
  8.050E+01 2.51386E-21 -1.503E-02 (-2.410E-11, 4.393E-11) (-4.668E-13, 1.635E-12)  1.00E-07
  8.100E+01 2.46267E-21 -1.517E-02 (-2.402E-11, 4.339E-11) (-4.668E-13, 1.621E-12)  1.00E-07
  8.150E+01 2.41293E-21 -1.531E-02 (-2.393E-11, 4.287E-11) (-4.666E-13, 1.608E-12)  1.00E-07
  8.200E+01 2.36460E-21 -1.545E-02 (-2.384E-11, 4.235E-11) (-4.665E-13, 1.595E-12)  1.00E-07
  8.250E+01 2.31763E-21 -1.559E-02 (-2.375E-11, 4.184E-11) (-4.662E-13, 1.582E-12)  1.00E-07
  8.300E+01 2.27197E-21 -1.573E-02 (-2.366E-11, 4.135E-11) (-4.659E-13, 1.570E-12)  1.00E-07
  8.350E+01 2.22758E-21 -1.587E-02 (-2.357E-11, 4.086E-11) (-4.655E-13, 1.557E-12)  1.00E-07
  8.400E+01 2.18441E-21 -1.600E-02 (-2.348E-11, 4.038E-11) (-4.651E-13, 1.544E-12)  1.00E-07
  8.450E+01 2.14243E-21 -1.614E-02 (-2.339E-11, 3.991E-11) (-4.646E-13, 1.532E-12)  1.00E-07
  8.500E+01 2.10159E-21 -1.627E-02 (-2.330E-11, 3.945E-11) (-4.641E-13, 1.520E-12)  1.00E-07
  8.550E+01 2.06186E-21 -1.640E-02 (-2.321E-11, 3.900E-11) (-4.635E-13, 1.507E-12)  1.00E-07
  8.600E+01 2.02321E-21 -1.653E-02 (-2.312E-11, 3.855E-11) (-4.629E-13, 1.495E-12)  1.00E-07
  8.650E+01 1.98558E-21 -1.666E-02 (-2.303E-11, 3.811E-11) (-4.622E-13, 1.483E-12)  1.00E-07
  8.700E+01 1.94897E-21 -1.679E-02 (-2.294E-11, 3.769E-11) (-4.614E-13, 1.471E-12)  1.00E-07
  8.750E+01 1.91332E-21 -1.692E-02 (-2.285E-11, 3.726E-11) (-4.606E-13, 1.459E-12)  1.00E-07
  8.800E+01 1.87861E-21 -1.704E-02 (-2.277E-11, 3.685E-11) (-4.598E-13, 1.447E-12)  1.00E-07
  8.850E+01 1.84480E-21 -1.716E-02 (-2.268E-11, 3.645E-11) (-4.589E-13, 1.436E-12)  1.00E-07
  8.900E+01 1.81188E-21 -1.728E-02 (-2.259E-11, 3.605E-11) (-4.579E-13, 1.424E-12)  1.00E-07
  8.950E+01 1.77981E-21 -1.740E-02 (-2.250E-11, 3.566E-11) (-4.569E-13, 1.412E-12)  1.00E-07
  9.000E+01 1.74857E-21 -1.752E-02 (-2.241E-11, 3.527E-11) (-4.559E-13, 1.401E-12)  1.00E-07
  9.050E+01 1.71813E-21 -1.764E-02 (-2.233E-11, 3.489E-11) (-4.548E-13, 1.390E-12)  1.00E-07
  9.100E+01 1.68846E-21 -1.775E-02 (-2.224E-11, 3.452E-11) (-4.537E-13, 1.378E-12)  1.00E-07
  9.150E+01 1.65954E-21 -1.786E-02 (-2.215E-11, 3.416E-11) (-4.526E-13, 1.367E-12)  1.00E-07
  9.200E+01 1.63135E-21 -1.798E-02 (-2.207E-11, 3.380E-11) (-4.514E-13, 1.356E-12)  1.00E-07
  9.250E+01 1.60387E-21 -1.808E-02 (-2.198E-11, 3.345E-11) (-4.502E-13, 1.345E-12)  1.00E-07
  9.300E+01 1.57707E-21 -1.819E-02 (-2.190E-11, 3.310E-11) (-4.489E-13, 1.334E-12)  1.00E-07
  9.350E+01 1.55094E-21 -1.830E-02 (-2.181E-11, 3.276E-11) (-4.476E-13, 1.323E-12)  1.00E-07
  9.400E+01 1.52545E-21 -1.840E-02 (-2.173E-11, 3.243E-11) (-4.462E-13, 1.312E-12)  1.00E-07
  9.450E+01 1.50059E-21 -1.850E-02 (-2.164E-11, 3.210E-11) (-4.448E-13, 1.301E-12)  1.00E-07
  9.500E+01 1.47633E-21 -1.860E-02 (-2.156E-11, 3.178E-11) (-4.434E-13, 1.290E-12)  1.00E-07
  9.550E+01 1.45266E-21 -1.870E-02 (-2.148E-11, 3.146E-11) (-4.420E-13, 1.280E-12)  1.00E-07
  9.600E+01 1.42957E-21 -1.879E-02 (-2.139E-11, 3.115E-11) (-4.405E-13, 1.269E-12)  1.00E-07
  9.650E+01 1.40702E-21 -1.889E-02 (-2.131E-11, 3.084E-11) (-4.390E-13, 1.259E-12)  1.00E-07
  9.700E+01 1.38502E-21 -1.898E-02 (-2.123E-11, 3.054E-11) (-4.374E-13, 1.248E-12)  1.00E-07
  9.750E+01 1.36354E-21 -1.907E-02 (-2.115E-11, 3.024E-11) (-4.358E-13, 1.238E-12)  1.00E-07
  9.800E+01 1.34257E-21 -1.916E-02 (-2.107E-11, 2.995E-11) (-4.342E-13, 1.228E-12)  1.00E-07
  9.850E+01 1.32209E-21 -1.924E-02 (-2.099E-11, 2.966E-11) (-4.326E-13, 1.217E-12)  1.00E-07
  9.900E+01 1.30210E-21 -1.932E-02 (-2.091E-11, 2.938E-11) (-4.309E-13, 1.207E-12)  1.00E-07
  9.950E+01 1.28257E-21 -1.940E-02 (-2.083E-11, 2.911E-11) (-4.292E-13, 1.197E-12)  1.00E-07
  1.000E+02 1.26349E-21 -1.948E-02 (-2.075E-11, 2.883E-11) (-4.275E-13, 1.187E-12)  1.00E-07
  1.005E+02 1.24485E-21 -1.956E-02 (-2.067E-11, 2.856E-11) (-4.257E-13, 1.177E-12)  1.00E-07
  1.010E+02 1.22664E-21 -1.963E-02 (-2.059E-11, 2.830E-11) (-4.240E-13, 1.167E-12)  1.00E-07
  1.015E+02 1.20885E-21 -1.970E-02 (-2.052E-11, 2.804E-11) (-4.222E-13, 1.157E-12)  1.00E-07
  1.020E+02 1.19147E-21 -1.977E-02 (-2.044E-11, 2.779E-11) (-4.203E-13, 1.148E-12)  1.00E-07
  1.025E+02 1.17448E-21 -1.984E-02 (-2.037E-11, 2.754E-11) (-4.185E-13, 1.138E-12)  1.00E-07
  1.030E+02 1.15787E-21 -1.991E-02 (-2.029E-11, 2.729E-11) (-4.166E-13, 1.128E-12)  1.00E-07
  1.035E+02 1.14164E-21 -1.997E-02 (-2.022E-11, 2.705E-11) (-4.147E-13, 1.119E-12)  1.00E-07
  1.040E+02 1.12577E-21 -2.003E-02 (-2.014E-11, 2.681E-11) (-4.127E-13, 1.109E-12)  1.00E-07
  1.045E+02 1.11025E-21 -2.008E-02 (-2.007E-11, 2.657E-11) (-4.108E-13, 1.099E-12)  1.00E-07
  1.050E+02 1.09508E-21 -2.014E-02 (-2.000E-11, 2.634E-11) (-4.088E-13, 1.090E-12)  1.00E-07
  1.055E+02 1.08024E-21 -2.019E-02 (-1.992E-11, 2.611E-11) (-4.068E-13, 1.081E-12)  1.00E-07
  1.060E+02 1.06573E-21 -2.024E-02 (-1.985E-11, 2.589E-11) (-4.048E-13, 1.071E-12)  1.00E-07
  1.065E+02 1.05153E-21 -2.029E-02 (-1.978E-11, 2.567E-11) (-4.027E-13, 1.062E-12)  1.00E-07
  1.070E+02 1.03765E-21 -2.033E-02 (-1.971E-11, 2.545E-11) (-4.007E-13, 1.053E-12)  1.00E-07
  1.075E+02 1.02407E-21 -2.038E-02 (-1.964E-11, 2.524E-11) (-3.986E-13, 1.043E-12)  1.00E-07
  1.080E+02 1.01078E-21 -2.042E-02 (-1.957E-11, 2.503E-11) (-3.965E-13, 1.034E-12)  1.00E-07
  1.085E+02 9.97781E-22 -2.045E-02 (-1.950E-11, 2.482E-11) (-3.944E-13, 1.025E-12)  1.00E-07
  1.090E+02 9.85059E-22 -2.049E-02 (-1.943E-11, 2.462E-11) (-3.922E-13, 1.016E-12)  1.00E-07
  1.095E+02 9.72609E-22 -2.052E-02 (-1.937E-11, 2.442E-11) (-3.901E-13, 1.007E-12)  1.00E-07
  1.100E+02 9.60424E-22 -2.055E-02 (-1.930E-11, 2.422E-11) (-3.879E-13, 9.982E-13)  1.00E-07
  1.105E+02 9.48498E-22 -2.058E-02 (-1.923E-11, 2.403E-11) (-3.857E-13, 9.892E-13)  1.00E-07
  1.110E+02 9.36825E-22 -2.060E-02 (-1.917E-11, 2.384E-11) (-3.835E-13, 9.804E-13)  1.00E-07
  1.115E+02 9.25397E-22 -2.062E-02 (-1.910E-11, 2.365E-11) (-3.812E-13, 9.715E-13)  1.00E-07
  1.120E+02 9.14210E-22 -2.064E-02 (-1.904E-11, 2.347E-11) (-3.790E-13, 9.628E-13)  1.00E-07
  1.125E+02 9.03256E-22 -2.066E-02 (-1.897E-11, 2.328E-11) (-3.767E-13, 9.540E-13)  1.00E-07
  1.130E+02 8.92531E-22 -2.067E-02 (-1.891E-11, 2.311E-11) (-3.744E-13, 9.453E-13)  1.00E-07
  1.135E+02 8.82029E-22 -2.068E-02 (-1.885E-11, 2.293E-11) (-3.721E-13, 9.367E-13)  1.00E-07
  1.140E+02 8.71744E-22 -2.069E-02 (-1.879E-11, 2.276E-11) (-3.698E-13, 9.281E-13)  1.00E-07
  1.145E+02 8.61672E-22 -2.070E-02 (-1.872E-11, 2.259E-11) (-3.675E-13, 9.195E-13)  1.00E-07
  1.150E+02 8.51807E-22 -2.070E-02 (-1.866E-11, 2.242E-11) (-3.652E-13, 9.110E-13)  1.00E-07
  1.155E+02 8.42145E-22 -2.070E-02 (-1.860E-11, 2.225E-11) (-3.628E-13, 9.025E-13)  1.00E-07
  1.160E+02 8.32680E-22 -2.069E-02 (-1.854E-11, 2.209E-11) (-3.604E-13, 8.940E-13)  1.00E-07
  1.165E+02 8.23408E-22 -2.069E-02 (-1.848E-11, 2.193E-11) (-3.580E-13, 8.856E-13)  1.00E-07
  1.170E+02 8.14324E-22 -2.068E-02 (-1.842E-11, 2.177E-11) (-3.556E-13, 8.772E-13)  1.00E-07
  1.175E+02 8.05425E-22 -2.067E-02 (-1.837E-11, 2.162E-11) (-3.532E-13, 8.689E-13)  1.00E-07
  1.180E+02 7.96705E-22 -2.065E-02 (-1.831E-11, 2.146E-11) (-3.508E-13, 8.606E-13)  1.00E-07
  1.185E+02 7.88162E-22 -2.064E-02 (-1.825E-11, 2.131E-11) (-3.484E-13, 8.524E-13)  1.00E-07
  1.190E+02 7.79790E-22 -2.062E-02 (-1.820E-11, 2.116E-11) (-3.459E-13, 8.441E-13)  1.00E-07
  1.195E+02 7.71586E-22 -2.059E-02 (-1.814E-11, 2.102E-11) (-3.434E-13, 8.360E-13)  1.00E-07
  1.200E+02 7.63546E-22 -2.057E-02 (-1.808E-11, 2.087E-11) (-3.410E-13, 8.278E-13)  1.00E-07
  1.205E+02 7.55667E-22 -2.054E-02 (-1.803E-11, 2.073E-11) (-3.385E-13, 8.197E-13)  1.00E-07
  1.210E+02 7.47944E-22 -2.051E-02 (-1.797E-11, 2.059E-11) (-3.360E-13, 8.116E-13)  1.00E-07
  1.215E+02 7.40375E-22 -2.047E-02 (-1.792E-11, 2.046E-11) (-3.335E-13, 8.036E-13)  1.00E-07
  1.220E+02 7.32956E-22 -2.044E-02 (-1.787E-11, 2.032E-11) (-3.309E-13, 7.956E-13)  1.00E-07
  1.225E+02 7.25683E-22 -2.040E-02 (-1.782E-11, 2.019E-11) (-3.284E-13, 7.876E-13)  1.00E-07
  1.230E+02 7.18554E-22 -2.036E-02 (-1.776E-11, 2.006E-11) (-3.259E-13, 7.796E-13)  1.00E-07
  1.235E+02 7.11566E-22 -2.031E-02 (-1.771E-11, 1.993E-11) (-3.233E-13, 7.717E-13)  1.00E-07
  1.240E+02 7.04715E-22 -2.026E-02 (-1.766E-11, 1.980E-11) (-3.207E-13, 7.638E-13)  1.00E-07
  1.245E+02 6.97998E-22 -2.021E-02 (-1.761E-11, 1.968E-11) (-3.182E-13, 7.560E-13)  1.00E-07
  1.250E+02 6.91414E-22 -2.016E-02 (-1.756E-11, 1.955E-11) (-3.156E-13, 7.482E-13)  1.00E-07
  1.255E+02 6.84957E-22 -2.010E-02 (-1.751E-11, 1.943E-11) (-3.130E-13, 7.404E-13)  1.00E-07
  1.260E+02 6.78627E-22 -2.004E-02 (-1.746E-11, 1.931E-11) (-3.104E-13, 7.326E-13)  1.00E-07
  1.265E+02 6.72421E-22 -1.998E-02 (-1.742E-11, 1.920E-11) (-3.078E-13, 7.249E-13)  1.00E-07
  1.270E+02 6.66336E-22 -1.991E-02 (-1.737E-11, 1.908E-11) (-3.051E-13, 7.172E-13)  1.00E-07
  1.275E+02 6.60369E-22 -1.984E-02 (-1.732E-11, 1.897E-11) (-3.025E-13, 7.095E-13)  1.00E-07
  1.280E+02 6.54517E-22 -1.977E-02 (-1.727E-11, 1.886E-11) (-2.999E-13, 7.019E-13)  1.00E-07
  1.285E+02 6.48780E-22 -1.970E-02 (-1.723E-11, 1.875E-11) (-2.972E-13, 6.942E-13)  1.00E-07
  1.290E+02 6.43154E-22 -1.962E-02 (-1.718E-11, 1.864E-11) (-2.946E-13, 6.867E-13)  1.00E-07
  1.295E+02 6.37637E-22 -1.954E-02 (-1.714E-11, 1.853E-11) (-2.919E-13, 6.791E-13)  1.00E-07
  1.300E+02 6.32227E-22 -1.946E-02 (-1.709E-11, 1.843E-11) (-2.892E-13, 6.716E-13)  1.00E-07
  1.305E+02 6.26922E-22 -1.937E-02 (-1.705E-11, 1.832E-11) (-2.865E-13, 6.641E-13)  1.00E-07
  1.310E+02 6.21720E-22 -1.928E-02 (-1.701E-11, 1.822E-11) (-2.839E-13, 6.566E-13)  1.00E-07
  1.315E+02 6.16618E-22 -1.919E-02 (-1.696E-11, 1.812E-11) (-2.812E-13, 6.491E-13)  1.00E-07
  1.320E+02 6.11615E-22 -1.910E-02 (-1.692E-11, 1.802E-11) (-2.785E-13, 6.417E-13)  1.00E-07
  1.325E+02 6.06709E-22 -1.900E-02 (-1.688E-11, 1.792E-11) (-2.757E-13, 6.343E-13)  1.00E-07
  1.330E+02 6.01898E-22 -1.890E-02 (-1.684E-11, 1.783E-11) (-2.730E-13, 6.269E-13)  1.00E-07
  1.335E+02 5.97180E-22 -1.880E-02 (-1.680E-11, 1.774E-11) (-2.703E-13, 6.195E-13)  1.00E-07
  1.340E+02 5.92554E-22 -1.869E-02 (-1.676E-11, 1.764E-11) (-2.676E-13, 6.122E-13)  1.00E-07
  1.345E+02 5.88017E-22 -1.859E-02 (-1.672E-11, 1.755E-11) (-2.648E-13, 6.049E-13)  1.00E-07
  1.350E+02 5.83568E-22 -1.848E-02 (-1.668E-11, 1.746E-11) (-2.621E-13, 5.976E-13)  1.00E-07
  1.355E+02 5.79206E-22 -1.836E-02 (-1.664E-11, 1.738E-11) (-2.593E-13, 5.903E-13)  1.00E-07
  1.360E+02 5.74929E-22 -1.825E-02 (-1.660E-11, 1.729E-11) (-2.566E-13, 5.831E-13)  1.00E-07
  1.365E+02 5.70735E-22 -1.813E-02 (-1.656E-11, 1.720E-11) (-2.538E-13, 5.759E-13)  1.00E-07
  1.370E+02 5.66622E-22 -1.801E-02 (-1.653E-11, 1.712E-11) (-2.510E-13, 5.687E-13)  1.00E-07
  1.375E+02 5.62590E-22 -1.788E-02 (-1.649E-11, 1.704E-11) (-2.483E-13, 5.615E-13)  1.00E-07
  1.380E+02 5.58637E-22 -1.775E-02 (-1.645E-11, 1.696E-11) (-2.455E-13, 5.544E-13)  1.00E-07
  1.385E+02 5.54761E-22 -1.762E-02 (-1.642E-11, 1.688E-11) (-2.427E-13, 5.472E-13)  1.00E-07
  1.390E+02 5.50961E-22 -1.749E-02 (-1.638E-11, 1.680E-11) (-2.399E-13, 5.401E-13)  1.00E-07
  1.395E+02 5.47236E-22 -1.736E-02 (-1.635E-11, 1.672E-11) (-2.371E-13, 5.330E-13)  1.00E-07
  1.400E+02 5.43585E-22 -1.722E-02 (-1.631E-11, 1.665E-11) (-2.343E-13, 5.259E-13)  1.00E-07
  1.405E+02 5.40005E-22 -1.708E-02 (-1.628E-11, 1.657E-11) (-2.315E-13, 5.189E-13)  1.00E-07
  1.410E+02 5.36497E-22 -1.694E-02 (-1.625E-11, 1.650E-11) (-2.287E-13, 5.118E-13)  1.00E-07
  1.415E+02 5.33059E-22 -1.679E-02 (-1.621E-11, 1.643E-11) (-2.258E-13, 5.048E-13)  1.00E-07
  1.420E+02 5.29689E-22 -1.664E-02 (-1.618E-11, 1.636E-11) (-2.230E-13, 4.978E-13)  1.00E-07
  1.425E+02 5.26386E-22 -1.649E-02 (-1.615E-11, 1.629E-11) (-2.202E-13, 4.908E-13)  1.00E-07
  1.430E+02 5.23150E-22 -1.634E-02 (-1.612E-11, 1.622E-11) (-2.173E-13, 4.839E-13)  1.00E-07
  1.435E+02 5.19980E-22 -1.619E-02 (-1.609E-11, 1.615E-11) (-2.145E-13, 4.769E-13)  1.00E-07
  1.440E+02 5.16873E-22 -1.603E-02 (-1.606E-11, 1.609E-11) (-2.117E-13, 4.700E-13)  1.00E-07
  1.445E+02 5.13830E-22 -1.587E-02 (-1.603E-11, 1.602E-11) (-2.088E-13, 4.631E-13)  1.00E-07
  1.450E+02 5.10849E-22 -1.570E-02 (-1.600E-11, 1.596E-11) (-2.060E-13, 4.562E-13)  1.00E-07
  1.455E+02 5.07930E-22 -1.554E-02 (-1.597E-11, 1.590E-11) (-2.031E-13, 4.493E-13)  1.00E-07
  1.460E+02 5.05070E-22 -1.537E-02 (-1.594E-11, 1.584E-11) (-2.002E-13, 4.425E-13)  1.00E-07
  1.465E+02 5.02270E-22 -1.520E-02 (-1.591E-11, 1.578E-11) (-1.974E-13, 4.356E-13)  1.00E-07
  1.470E+02 4.99529E-22 -1.503E-02 (-1.588E-11, 1.572E-11) (-1.945E-13, 4.288E-13)  1.00E-07
  1.475E+02 4.96845E-22 -1.485E-02 (-1.586E-11, 1.566E-11) (-1.916E-13, 4.220E-13)  1.00E-07
  1.480E+02 4.94218E-22 -1.468E-02 (-1.583E-11, 1.560E-11) (-1.888E-13, 4.152E-13)  1.00E-07
  1.485E+02 4.91647E-22 -1.450E-02 (-1.580E-11, 1.555E-11) (-1.859E-13, 4.084E-13)  1.00E-07
  1.490E+02 4.89131E-22 -1.432E-02 (-1.578E-11, 1.549E-11) (-1.830E-13, 4.016E-13)  1.00E-07
  1.495E+02 4.86669E-22 -1.413E-02 (-1.575E-11, 1.544E-11) (-1.801E-13, 3.949E-13)  1.00E-07
  1.500E+02 4.84261E-22 -1.395E-02 (-1.573E-11, 1.539E-11) (-1.772E-13, 3.881E-13)  1.00E-07
  1.505E+02 4.81906E-22 -1.376E-02 (-1.570E-11, 1.533E-11) (-1.743E-13, 3.814E-13)  1.00E-07
  1.510E+02 4.79602E-22 -1.357E-02 (-1.568E-11, 1.528E-11) (-1.714E-13, 3.747E-13)  1.00E-07
  1.515E+02 4.77351E-22 -1.338E-02 (-1.565E-11, 1.524E-11) (-1.685E-13, 3.680E-13)  1.00E-07
  1.520E+02 4.75149E-22 -1.318E-02 (-1.563E-11, 1.519E-11) (-1.656E-13, 3.613E-13)  1.00E-07
  1.525E+02 4.72998E-22 -1.299E-02 (-1.561E-11, 1.514E-11) (-1.627E-13, 3.546E-13)  1.00E-07
  1.530E+02 4.70896E-22 -1.279E-02 (-1.559E-11, 1.509E-11) (-1.598E-13, 3.480E-13)  1.00E-07
  1.535E+02 4.68843E-22 -1.259E-02 (-1.556E-11, 1.505E-11) (-1.569E-13, 3.413E-13)  1.00E-07
  1.540E+02 4.66838E-22 -1.239E-02 (-1.554E-11, 1.500E-11) (-1.540E-13, 3.347E-13)  1.00E-07
  1.545E+02 4.64881E-22 -1.218E-02 (-1.552E-11, 1.496E-11) (-1.511E-13, 3.280E-13)  1.00E-07
  1.550E+02 4.62971E-22 -1.198E-02 (-1.550E-11, 1.492E-11) (-1.482E-13, 3.214E-13)  1.00E-07
  1.555E+02 4.61106E-22 -1.177E-02 (-1.548E-11, 1.488E-11) (-1.452E-13, 3.148E-13)  1.00E-07
  1.560E+02 4.59288E-22 -1.156E-02 (-1.546E-11, 1.484E-11) (-1.423E-13, 3.082E-13)  1.00E-07
  1.565E+02 4.57515E-22 -1.135E-02 (-1.544E-11, 1.480E-11) (-1.394E-13, 3.016E-13)  1.00E-07
  1.570E+02 4.55787E-22 -1.113E-02 (-1.542E-11, 1.476E-11) (-1.364E-13, 2.951E-13)  1.00E-07
  1.575E+02 4.54103E-22 -1.092E-02 (-1.540E-11, 1.472E-11) (-1.335E-13, 2.885E-13)  1.00E-07
  1.580E+02 4.52462E-22 -1.070E-02 (-1.539E-11, 1.468E-11) (-1.306E-13, 2.820E-13)  1.00E-07
  1.585E+02 4.50865E-22 -1.048E-02 (-1.537E-11, 1.465E-11) (-1.276E-13, 2.754E-13)  1.00E-07
  1.590E+02 4.49311E-22 -1.026E-02 (-1.535E-11, 1.461E-11) (-1.247E-13, 2.689E-13)  1.00E-07
  1.595E+02 4.47799E-22 -1.004E-02 (-1.534E-11, 1.458E-11) (-1.218E-13, 2.624E-13)  1.00E-07
  1.600E+02 4.46329E-22 -9.817E-03 (-1.532E-11, 1.455E-11) (-1.188E-13, 2.558E-13)  1.00E-07
  1.605E+02 4.44900E-22 -9.592E-03 (-1.530E-11, 1.451E-11) (-1.159E-13, 2.493E-13)  1.00E-07
  1.610E+02 4.43513E-22 -9.366E-03 (-1.529E-11, 1.448E-11) (-1.129E-13, 2.428E-13)  1.00E-07
  1.615E+02 4.42166E-22 -9.138E-03 (-1.527E-11, 1.445E-11) (-1.100E-13, 2.363E-13)  1.00E-07
  1.620E+02 4.40859E-22 -8.908E-03 (-1.526E-11, 1.442E-11) (-1.070E-13, 2.299E-13)  1.00E-07
  1.625E+02 4.39593E-22 -8.677E-03 (-1.524E-11, 1.439E-11) (-1.041E-13, 2.234E-13)  1.00E-07
  1.630E+02 4.38366E-22 -8.445E-03 (-1.523E-11, 1.437E-11) (-1.011E-13, 2.169E-13)  1.00E-07
  1.635E+02 4.37178E-22 -8.211E-03 (-1.522E-11, 1.434E-11) (-9.816E-14, 2.105E-13)  1.00E-07
  1.640E+02 4.36029E-22 -7.976E-03 (-1.520E-11, 1.431E-11) (-9.520E-14, 2.040E-13)  1.00E-07
  1.645E+02 4.34919E-22 -7.740E-03 (-1.519E-11, 1.429E-11) (-9.224E-14, 1.976E-13)  1.00E-07
  1.650E+02 4.33847E-22 -7.503E-03 (-1.518E-11, 1.426E-11) (-8.928E-14, 1.911E-13)  1.00E-07
  1.655E+02 4.32813E-22 -7.264E-03 (-1.517E-11, 1.424E-11) (-8.631E-14, 1.847E-13)  1.00E-07
  1.660E+02 4.31816E-22 -7.025E-03 (-1.515E-11, 1.422E-11) (-8.335E-14, 1.783E-13)  1.00E-07
  1.665E+02 4.30857E-22 -6.784E-03 (-1.514E-11, 1.419E-11) (-8.039E-14, 1.719E-13)  1.00E-07
  1.670E+02 4.29936E-22 -6.542E-03 (-1.513E-11, 1.417E-11) (-7.742E-14, 1.654E-13)  1.00E-07
  1.675E+02 4.29050E-22 -6.299E-03 (-1.512E-11, 1.415E-11) (-7.445E-14, 1.590E-13)  1.00E-07
  1.680E+02 4.28202E-22 -6.055E-03 (-1.511E-11, 1.413E-11) (-7.148E-14, 1.526E-13)  1.00E-07
  1.685E+02 4.27390E-22 -5.810E-03 (-1.510E-11, 1.412E-11) (-6.851E-14, 1.462E-13)  1.00E-07
  1.690E+02 4.26614E-22 -5.564E-03 (-1.509E-11, 1.410E-11) (-6.554E-14, 1.398E-13)  1.00E-07
  1.695E+02 4.25874E-22 -5.317E-03 (-1.509E-11, 1.408E-11) (-6.257E-14, 1.334E-13)  1.00E-07
  1.700E+02 4.25170E-22 -5.069E-03 (-1.508E-11, 1.406E-11) (-5.960E-14, 1.271E-13)  1.00E-07
  1.705E+02 4.24501E-22 -4.821E-03 (-1.507E-11, 1.405E-11) (-5.662E-14, 1.207E-13)  1.00E-07
  1.710E+02 4.23868E-22 -4.572E-03 (-1.506E-11, 1.403E-11) (-5.365E-14, 1.143E-13)  1.00E-07
  1.715E+02 4.23270E-22 -4.322E-03 (-1.506E-11, 1.402E-11) (-5.067E-14, 1.079E-13)  1.00E-07
  1.720E+02 4.22707E-22 -4.071E-03 (-1.505E-11, 1.401E-11) (-4.769E-14, 1.016E-13)  1.00E-07
  1.725E+02 4.22179E-22 -3.820E-03 (-1.504E-11, 1.400E-11) (-4.472E-14, 9.521E-14)  1.00E-07
  1.730E+02 4.21686E-22 -3.568E-03 (-1.504E-11, 1.398E-11) (-4.174E-14, 8.884E-14)  1.00E-07
  1.735E+02 4.21227E-22 -3.316E-03 (-1.503E-11, 1.397E-11) (-3.876E-14, 8.249E-14)  1.00E-07
  1.740E+02 4.20803E-22 -3.063E-03 (-1.503E-11, 1.396E-11) (-3.578E-14, 7.613E-14)  1.00E-07
  1.745E+02 4.20413E-22 -2.809E-03 (-1.502E-11, 1.395E-11) (-3.280E-14, 6.978E-14)  1.00E-07
  1.750E+02 4.20057E-22 -2.555E-03 (-1.502E-11, 1.395E-11) (-2.982E-14, 6.343E-14)  1.00E-07
  1.755E+02 4.19736E-22 -2.301E-03 (-1.501E-11, 1.394E-11) (-2.684E-14, 5.708E-14)  1.00E-07
  1.760E+02 4.19448E-22 -2.046E-03 (-1.501E-11, 1.393E-11) (-2.386E-14, 5.073E-14)  1.00E-07
  1.765E+02 4.19195E-22 -1.791E-03 (-1.501E-11, 1.393E-11) (-2.088E-14, 4.439E-14)  1.00E-07
  1.770E+02 4.18975E-22 -1.536E-03 (-1.501E-11, 1.392E-11) (-1.790E-14, 3.804E-14)  1.00E-07
  1.775E+02 4.18790E-22 -1.280E-03 (-1.500E-11, 1.392E-11) (-1.491E-14, 3.170E-14)  1.00E-07
  1.780E+02 4.18638E-22 -1.024E-03 (-1.500E-11, 1.391E-11) (-1.193E-14, 2.536E-14)  1.00E-07
  1.785E+02 4.18520E-22 -7.684E-04 (-1.500E-11, 1.391E-11) (-8.948E-15, 1.902E-14)  1.00E-07
  1.790E+02 4.18435E-22 -5.123E-04 (-1.500E-11, 1.391E-11) (-5.966E-15, 1.268E-14)  1.00E-07
  1.795E+02 4.18385E-22 -2.562E-04 (-1.500E-11, 1.391E-11) (-2.983E-15, 6.339E-15)  1.00E-07
  1.800E+02 4.18368E-22 -3.595E-18 (-1.500E-11, 1.391E-11) (-4.186E-29, 8.896E-29)  1.00E-07

  TOTAL ELASTIC CROSS SECTION = 8.025897E-18 cm**2
               FROM DCS TABLE = 8.023891E-18  (REL. DIF. = 2.50E-04)

  1ST TRANSPORT CROSS SECTION = 6.075002E-20 cm**2
               FROM DCS TABLE = 6.074886E-20  (REL. DIF. = 1.91E-05)

  2ND TRANSPORT CROSS SECTION = 1.502518E-19 cm**2

  **** DPWA0 ENDED ************************************************************

