 #  Scattering amplitudes (in cm)      MU=(1-cos(TH))/2
 #  Z =  14,   projectile: electron
 #  Kinetic energy = 2.50000E+04 eV
 #
 # TH (deg)      MU          Re(F)        Im(F)        Re(G)        Im(G)
 #--------------------------------------------------------------------------
  0.000E+00  0.00000E+00  4.40913E-08  5.23649E-09  0.00000E+00  0.00000E+00
  1.000E-04  7.61557E-13  4.40913E-08  5.23649E-09  1.80160E-15  2.17956E-16
  1.250E-04  1.18994E-12  4.40913E-08  5.23649E-09  2.25200E-15  2.72446E-16
  1.500E-04  1.71346E-12  4.40913E-08  5.23649E-09  2.70240E-15  3.26935E-16
  1.750E-04  2.33225E-12  4.40913E-08  5.23649E-09  3.15280E-15  3.81424E-16
  2.000E-04  3.04617E-12  4.40913E-08  5.23649E-09  3.60320E-15  4.35913E-16
  2.250E-04  3.85530E-12  4.40913E-08  5.23649E-09  4.05359E-15  4.90402E-16
  2.500E-04  4.75964E-12  4.40913E-08  5.23649E-09  4.50399E-15  5.44891E-16
  2.750E-04  5.75917E-12  4.40913E-08  5.23649E-09  4.95439E-15  5.99380E-16
  3.000E-04  6.85391E-12  4.40913E-08  5.23649E-09  5.40479E-15  6.53869E-16
  3.250E-04  8.04379E-12  4.40913E-08  5.23649E-09  5.85519E-15  7.08358E-16
  3.500E-04  9.32893E-12  4.40913E-08  5.23649E-09  6.30559E-15  7.62847E-16
  3.750E-04  1.07092E-11  4.40913E-08  5.23649E-09  6.75599E-15  8.17337E-16
  4.000E-04  1.21847E-11  4.40913E-08  5.23649E-09  7.20639E-15  8.71826E-16
  4.250E-04  1.37554E-11  4.40913E-08  5.23649E-09  7.65679E-15  9.26315E-16
  4.500E-04  1.54213E-11  4.40913E-08  5.23649E-09  8.10719E-15  9.80804E-16
  4.750E-04  1.71823E-11  4.40912E-08  5.23649E-09  8.55759E-15  1.03529E-15
  5.000E-04  1.90386E-11  4.40912E-08  5.23649E-09  9.00799E-15  1.08978E-15
  5.250E-04  2.09900E-11  4.40912E-08  5.23649E-09  9.45839E-15  1.14427E-15
  5.500E-04  2.30367E-11  4.40912E-08  5.23649E-09  9.90879E-15  1.19876E-15
  5.750E-04  2.51785E-11  4.40912E-08  5.23649E-09  1.03592E-14  1.25325E-15
  6.000E-04  2.74156E-11  4.40912E-08  5.23649E-09  1.08096E-14  1.30774E-15
  6.250E-04  2.97478E-11  4.40912E-08  5.23649E-09  1.12600E-14  1.36223E-15
  6.500E-04  3.21752E-11  4.40912E-08  5.23649E-09  1.17104E-14  1.41672E-15
  6.750E-04  3.46979E-11  4.40912E-08  5.23649E-09  1.21608E-14  1.47121E-15
  7.000E-04  3.73157E-11  4.40912E-08  5.23649E-09  1.26112E-14  1.52569E-15
  7.250E-04  4.00286E-11  4.40912E-08  5.23649E-09  1.30616E-14  1.58018E-15
  7.500E-04  4.28368E-11  4.40912E-08  5.23649E-09  1.35120E-14  1.63467E-15
  7.750E-04  4.57402E-11  4.40912E-08  5.23649E-09  1.39624E-14  1.68916E-15
  8.000E-04  4.87388E-11  4.40912E-08  5.23649E-09  1.44128E-14  1.74365E-15
  8.250E-04  5.18325E-11  4.40912E-08  5.23649E-09  1.48632E-14  1.79814E-15
  8.500E-04  5.50215E-11  4.40912E-08  5.23649E-09  1.53136E-14  1.85263E-15
  8.750E-04  5.83057E-11  4.40912E-08  5.23649E-09  1.57640E-14  1.90712E-15
  9.000E-04  6.16850E-11  4.40912E-08  5.23649E-09  1.62144E-14  1.96161E-15
  9.250E-04  6.51595E-11  4.40912E-08  5.23649E-09  1.66648E-14  2.01610E-15
  9.500E-04  6.87293E-11  4.40912E-08  5.23649E-09  1.71152E-14  2.07059E-15
  9.750E-04  7.23943E-11  4.40912E-08  5.23649E-09  1.75656E-14  2.12508E-15
  1.000E-03  7.61544E-11  4.40912E-08  5.23649E-09  1.80160E-14  2.17956E-15
  1.250E-03  1.18991E-10  4.40912E-08  5.23649E-09  2.25200E-14  2.72446E-15
  1.500E-03  1.71347E-10  4.40912E-08  5.23649E-09  2.70239E-14  3.26935E-15
  1.750E-03  2.33223E-10  4.40912E-08  5.23649E-09  3.15279E-14  3.81424E-15
  2.000E-03  3.04617E-10  4.40912E-08  5.23649E-09  3.60319E-14  4.35913E-15
  2.250E-03  3.85531E-10  4.40912E-08  5.23649E-09  4.05359E-14  4.90402E-15
  2.500E-03  4.75965E-10  4.40912E-08  5.23649E-09  4.50399E-14  5.44891E-15
  2.750E-03  5.75917E-10  4.40912E-08  5.23649E-09  4.95438E-14  5.99380E-15
  3.000E-03  6.85389E-10  4.40911E-08  5.23649E-09  5.40478E-14  6.53869E-15
  3.250E-03  8.04380E-10  4.40911E-08  5.23649E-09  5.85518E-14  7.08358E-15
  3.500E-03  9.32891E-10  4.40911E-08  5.23649E-09  6.30557E-14  7.62847E-15
  3.750E-03  1.07092E-09  4.40911E-08  5.23649E-09  6.75597E-14  8.17336E-15
  4.000E-03  1.21847E-09  4.40911E-08  5.23649E-09  7.20636E-14  8.71825E-15
  4.250E-03  1.37554E-09  4.40910E-08  5.23649E-09  7.65675E-14  9.26314E-15
  4.500E-03  1.54213E-09  4.40910E-08  5.23648E-09  8.10714E-14  9.80803E-15
  4.750E-03  1.71823E-09  4.40910E-08  5.23648E-09  8.55754E-14  1.03529E-14
  5.000E-03  1.90386E-09  4.40909E-08  5.23648E-09  9.00793E-14  1.08978E-14
  5.250E-03  2.09900E-09  4.40909E-08  5.23648E-09  9.45832E-14  1.14427E-14
  5.500E-03  2.30367E-09  4.40909E-08  5.23648E-09  9.90870E-14  1.19876E-14
  5.750E-03  2.51785E-09  4.40909E-08  5.23648E-09  1.03591E-13  1.25325E-14
  6.000E-03  2.74156E-09  4.40908E-08  5.23648E-09  1.08095E-13  1.30774E-14
  6.250E-03  2.97478E-09  4.40908E-08  5.23648E-09  1.12599E-13  1.36223E-14
  6.500E-03  3.21752E-09  4.40907E-08  5.23648E-09  1.17102E-13  1.41671E-14
  6.750E-03  3.46978E-09  4.40907E-08  5.23648E-09  1.21606E-13  1.47120E-14
  7.000E-03  3.73156E-09  4.40907E-08  5.23648E-09  1.26110E-13  1.52569E-14
  7.250E-03  4.00286E-09  4.40906E-08  5.23648E-09  1.30614E-13  1.58018E-14
  7.500E-03  4.28368E-09  4.40906E-08  5.23648E-09  1.35118E-13  1.63467E-14
  7.750E-03  4.57402E-09  4.40905E-08  5.23648E-09  1.39622E-13  1.68916E-14
  8.000E-03  4.87388E-09  4.40905E-08  5.23648E-09  1.44125E-13  1.74365E-14
  8.250E-03  5.18326E-09  4.40904E-08  5.23648E-09  1.48629E-13  1.79814E-14
  8.500E-03  5.50215E-09  4.40904E-08  5.23647E-09  1.53133E-13  1.85262E-14
  8.750E-03  5.83057E-09  4.40903E-08  5.23647E-09  1.57636E-13  1.90711E-14
  9.000E-03  6.16850E-09  4.40903E-08  5.23647E-09  1.62140E-13  1.96160E-14
  9.250E-03  6.51596E-09  4.40902E-08  5.23647E-09  1.66644E-13  2.01609E-14
  9.500E-03  6.87293E-09  4.40902E-08  5.23647E-09  1.71148E-13  2.07058E-14
  9.750E-03  7.23942E-09  4.40901E-08  5.23647E-09  1.75651E-13  2.12507E-14
  1.000E-02  7.61544E-09  4.40900E-08  5.23647E-09  1.80155E-13  2.17956E-14
  1.250E-02  1.18991E-08  4.40894E-08  5.23646E-09  2.25190E-13  2.72444E-14
  1.500E-02  1.71347E-08  4.40885E-08  5.23644E-09  2.70223E-13  3.26932E-14
  1.750E-02  2.33223E-08  4.40875E-08  5.23643E-09  3.15253E-13  3.81419E-14
  2.000E-02  3.04617E-08  4.40864E-08  5.23641E-09  3.60280E-13  4.35906E-14
  2.250E-02  3.85531E-08  4.40851E-08  5.23639E-09  4.05303E-13  4.90393E-14
  2.500E-02  4.75965E-08  4.40836E-08  5.23636E-09  4.50322E-13  5.44878E-14
  2.750E-02  5.75917E-08  4.40821E-08  5.23634E-09  4.95336E-13  5.99363E-14
  3.000E-02  6.85389E-08  4.40803E-08  5.23631E-09  5.40346E-13  6.53847E-14
  3.250E-02  8.04380E-08  4.40784E-08  5.23628E-09  5.85349E-13  7.08330E-14
  3.500E-02  9.32891E-08  4.40763E-08  5.23624E-09  6.30347E-13  7.62812E-14
  3.750E-02  1.07092E-07  4.40741E-08  5.23621E-09  6.75338E-13  8.17293E-14
  4.000E-02  1.21847E-07  4.40718E-08  5.23617E-09  7.20322E-13  8.71773E-14
  4.250E-02  1.37554E-07  4.40693E-08  5.23613E-09  7.65299E-13  9.26252E-14
  4.500E-02  1.54213E-07  4.40666E-08  5.23608E-09  8.10268E-13  9.80729E-14
  4.750E-02  1.71823E-07  4.40638E-08  5.23603E-09  8.55228E-13  1.03521E-13
  5.000E-02  1.90386E-07  4.40608E-08  5.23599E-09  9.00180E-13  1.08968E-13
  5.250E-02  2.09900E-07  4.40577E-08  5.23593E-09  9.45122E-13  1.14415E-13
  5.500E-02  2.30367E-07  4.40545E-08  5.23588E-09  9.90055E-13  1.19862E-13
  5.750E-02  2.51785E-07  4.40511E-08  5.23582E-09  1.03498E-12  1.25309E-13
  6.000E-02  2.74156E-07  4.40475E-08  5.23576E-09  1.07989E-12  1.30756E-13
  6.250E-02  2.97478E-07  4.40438E-08  5.23570E-09  1.12479E-12  1.36203E-13
  6.500E-02  3.21752E-07  4.40399E-08  5.23564E-09  1.16968E-12  1.41649E-13
  6.750E-02  3.46978E-07  4.40359E-08  5.23557E-09  1.21456E-12  1.47095E-13
  7.000E-02  3.73156E-07  4.40317E-08  5.23550E-09  1.25942E-12  1.52541E-13
  7.250E-02  4.00286E-07  4.40274E-08  5.23543E-09  1.30427E-12  1.57987E-13
  7.500E-02  4.28368E-07  4.40229E-08  5.23536E-09  1.34911E-12  1.63433E-13
  7.750E-02  4.57402E-07  4.40183E-08  5.23528E-09  1.39394E-12  1.68878E-13
  8.000E-02  4.87388E-07  4.40135E-08  5.23520E-09  1.43875E-12  1.74323E-13
  8.250E-02  5.18325E-07  4.40086E-08  5.23512E-09  1.48354E-12  1.79768E-13
  8.500E-02  5.50215E-07  4.40035E-08  5.23504E-09  1.52832E-12  1.85213E-13
  8.750E-02  5.83057E-07  4.39983E-08  5.23495E-09  1.57309E-12  1.90657E-13
  9.000E-02  6.16850E-07  4.39929E-08  5.23486E-09  1.61783E-12  1.96101E-13
  9.250E-02  6.51596E-07  4.39874E-08  5.23477E-09  1.66257E-12  2.01545E-13
  9.500E-02  6.87293E-07  4.39817E-08  5.23467E-09  1.70728E-12  2.06988E-13
  9.750E-02  7.23942E-07  4.39759E-08  5.23458E-09  1.75198E-12  2.12431E-13
  1.000E-01  7.61543E-07  4.39699E-08  5.23448E-09  1.79666E-12  2.17874E-13
  1.250E-01  1.18991E-06  4.39019E-08  5.23335E-09  2.24236E-12  2.72285E-13
  1.500E-01  1.71347E-06  4.38192E-08  5.23197E-09  2.68578E-12  3.26658E-13
  1.750E-01  2.33223E-06  4.37217E-08  5.23034E-09  3.12647E-12  3.80985E-13
  2.000E-01  3.04617E-06  4.36099E-08  5.22846E-09  3.56399E-12  4.35258E-13
  2.250E-01  3.85531E-06  4.34839E-08  5.22633E-09  3.99795E-12  4.89469E-13
  2.500E-01  4.75964E-06  4.33439E-08  5.22396E-09  4.42791E-12  5.43613E-13
  2.750E-01  5.75916E-06  4.31902E-08  5.22134E-09  4.85350E-12  5.97680E-13
  3.000E-01  6.85388E-06  4.30232E-08  5.21847E-09  5.27432E-12  6.51664E-13
  3.250E-01  8.04378E-06  4.28432E-08  5.21536E-09  5.69003E-12  7.05556E-13
  3.500E-01  9.32888E-06  4.26505E-08  5.21201E-09  6.10026E-12  7.59351E-13
  3.750E-01  1.07092E-05  4.24456E-08  5.20841E-09  6.50469E-12  8.13040E-13
  4.000E-01  1.21846E-05  4.22287E-08  5.20458E-09  6.90301E-12  8.66617E-13
  4.250E-01  1.37553E-05  4.20003E-08  5.20051E-09  7.29493E-12  9.20074E-13
  4.500E-01  1.54212E-05  4.17608E-08  5.19620E-09  7.68016E-12  9.73404E-13
  4.750E-01  1.71822E-05  4.15108E-08  5.19165E-09  8.05846E-12  1.02660E-12
  5.000E-01  1.90385E-05  4.12505E-08  5.18687E-09  8.42959E-12  1.07966E-12
  5.250E-01  2.09899E-05  4.09804E-08  5.18186E-09  8.79334E-12  1.13257E-12
  5.500E-01  2.30365E-05  4.07011E-08  5.17662E-09  9.14951E-12  1.18532E-12
  5.750E-01  2.51783E-05  4.04130E-08  5.17115E-09  9.49793E-12  1.23792E-12
  6.000E-01  2.74153E-05  4.01165E-08  5.16545E-09  9.83844E-12  1.29034E-12
  6.250E-01  2.97475E-05  3.98121E-08  5.15953E-09  1.01709E-11  1.34260E-12
  6.500E-01  3.21749E-05  3.95003E-08  5.15339E-09  1.04952E-11  1.39467E-12
  6.750E-01  3.46974E-05  3.91816E-08  5.14703E-09  1.08113E-11  1.44656E-12
  7.000E-01  3.73152E-05  3.88565E-08  5.14046E-09  1.11190E-11  1.49826E-12
  7.250E-01  4.00281E-05  3.85253E-08  5.13367E-09  1.14183E-11  1.54976E-12
  7.500E-01  4.28362E-05  3.81886E-08  5.12666E-09  1.17092E-11  1.60106E-12
  7.750E-01  4.57395E-05  3.78468E-08  5.11945E-09  1.19917E-11  1.65214E-12
  8.000E-01  4.87380E-05  3.75004E-08  5.11203E-09  1.22656E-11  1.70302E-12
  8.250E-01  5.18317E-05  3.71497E-08  5.10441E-09  1.25311E-11  1.75367E-12
  8.500E-01  5.50205E-05  3.67953E-08  5.09659E-09  1.27882E-11  1.80410E-12
  8.750E-01  5.83045E-05  3.64376E-08  5.08856E-09  1.30368E-11  1.85429E-12
  9.000E-01  6.16838E-05  3.60769E-08  5.08035E-09  1.32771E-11  1.90426E-12
  9.250E-01  6.51582E-05  3.57136E-08  5.07194E-09  1.35090E-11  1.95398E-12
  9.500E-01  6.87277E-05  3.53482E-08  5.06333E-09  1.37328E-11  2.00345E-12
  9.750E-01  7.23925E-05  3.49810E-08  5.05455E-09  1.39483E-11  2.05268E-12
  1.000E+00  7.61524E-05  3.46123E-08  5.04558E-09  1.41559E-11  2.10165E-12
  1.100E+00  9.21439E-05  3.31302E-08  5.00791E-09  1.49074E-11  2.29490E-12
  1.200E+00  1.09658E-04  3.16503E-08  4.96754E-09  1.55394E-11  2.48375E-12
  1.300E+00  1.28695E-04  3.01894E-08  4.92469E-09  1.60608E-11  2.66799E-12
  1.400E+00  1.49255E-04  2.87606E-08  4.87954E-09  1.64815E-11  2.84742E-12
  1.500E+00  1.71338E-04  2.73740E-08  4.83231E-09  1.68115E-11  3.02188E-12
  1.600E+00  1.94942E-04  2.60372E-08  4.78321E-09  1.70610E-11  3.19126E-12
  1.700E+00  2.20070E-04  2.47551E-08  4.73243E-09  1.72393E-11  3.35547E-12
  1.800E+00  2.46720E-04  2.35309E-08  4.68018E-09  1.73557E-11  3.51444E-12
  1.900E+00  2.74892E-04  2.23661E-08  4.62665E-09  1.74182E-11  3.66816E-12
  2.000E+00  3.04586E-04  2.12612E-08  4.57203E-09  1.74346E-11  3.81660E-12
  2.100E+00  3.35803E-04  2.02154E-08  4.51648E-09  1.74113E-11  3.95978E-12
  2.200E+00  3.68542E-04  1.92274E-08  4.46019E-09  1.73546E-11  4.09775E-12
  2.300E+00  4.02802E-04  1.82952E-08  4.40329E-09  1.72696E-11  4.23056E-12
  2.400E+00  4.38585E-04  1.74166E-08  4.34596E-09  1.71610E-11  4.35827E-12
  2.500E+00  4.75889E-04  1.65891E-08  4.28831E-09  1.70327E-11  4.48098E-12
  2.600E+00  5.14715E-04  1.58100E-08  4.23048E-09  1.68883E-11  4.59877E-12
  2.700E+00  5.55063E-04  1.50768E-08  4.17259E-09  1.67306E-11  4.71177E-12
  2.800E+00  5.96931E-04  1.43867E-08  4.11474E-09  1.65623E-11  4.82007E-12
  2.900E+00  6.40321E-04  1.37371E-08  4.05704E-09  1.63856E-11  4.92381E-12
  3.000E+00  6.85233E-04  1.31255E-08  3.99957E-09  1.62023E-11  5.02311E-12
  3.100E+00  7.31665E-04  1.25495E-08  3.94241E-09  1.60139E-11  5.11809E-12
  3.200E+00  7.79618E-04  1.20068E-08  3.88564E-09  1.58220E-11  5.20890E-12
  3.300E+00  8.29092E-04  1.14951E-08  3.82931E-09  1.56274E-11  5.29566E-12
  3.400E+00  8.80086E-04  1.10125E-08  3.77349E-09  1.54313E-11  5.37850E-12
  3.500E+00  9.32601E-04  1.05570E-08  3.71823E-09  1.52345E-11  5.45756E-12
  3.600E+00  9.86636E-04  1.01267E-08  3.66356E-09  1.50375E-11  5.53297E-12
  3.700E+00  1.04219E-03  9.72009E-09  3.60954E-09  1.48409E-11  5.60486E-12
  3.800E+00  1.09927E-03  9.33551E-09  3.55618E-09  1.46453E-11  5.67335E-12
  3.900E+00  1.15786E-03  8.97150E-09  3.50352E-09  1.44509E-11  5.73858E-12
  4.000E+00  1.21797E-03  8.62673E-09  3.45158E-09  1.42581E-11  5.80066E-12
  4.100E+00  1.27961E-03  8.29992E-09  3.40038E-09  1.40671E-11  5.85972E-12
  4.200E+00  1.34276E-03  7.98992E-09  3.34993E-09  1.38782E-11  5.91586E-12
  4.300E+00  1.40743E-03  7.69564E-09  3.30024E-09  1.36915E-11  5.96921E-12
  4.400E+00  1.47362E-03  7.41609E-09  3.25133E-09  1.35071E-11  6.01986E-12
  4.500E+00  1.54133E-03  7.15032E-09  3.20320E-09  1.33251E-11  6.06792E-12
  4.600E+00  1.61056E-03  6.89749E-09  3.15585E-09  1.31456E-11  6.11350E-12
  4.700E+00  1.68131E-03  6.65678E-09  3.10929E-09  1.29687E-11  6.15670E-12
  4.800E+00  1.75357E-03  6.42746E-09  3.06350E-09  1.27943E-11  6.19759E-12
  4.900E+00  1.82735E-03  6.20884E-09  3.01850E-09  1.26226E-11  6.23629E-12
  5.000E+00  1.90265E-03  6.00028E-09  2.97427E-09  1.24534E-11  6.27287E-12
  5.100E+00  1.97947E-03  5.80118E-09  2.93081E-09  1.22868E-11  6.30741E-12
  5.200E+00  2.05780E-03  5.61100E-09  2.88812E-09  1.21229E-11  6.34001E-12
  5.300E+00  2.13765E-03  5.42922E-09  2.84618E-09  1.19615E-11  6.37072E-12
  5.400E+00  2.21902E-03  5.25536E-09  2.80500E-09  1.18026E-11  6.39964E-12
  5.500E+00  2.30190E-03  5.08897E-09  2.76455E-09  1.16463E-11  6.42682E-12
  5.600E+00  2.38630E-03  4.92965E-09  2.72482E-09  1.14925E-11  6.45235E-12
  5.700E+00  2.47222E-03  4.77700E-09  2.68582E-09  1.13411E-11  6.47627E-12
  5.800E+00  2.55965E-03  4.63067E-09  2.64753E-09  1.11921E-11  6.49866E-12
  5.900E+00  2.64859E-03  4.49031E-09  2.60993E-09  1.10455E-11  6.51957E-12
  6.000E+00  2.73905E-03  4.35562E-09  2.57302E-09  1.09013E-11  6.53907E-12
  6.100E+00  2.83103E-03  4.22629E-09  2.53678E-09  1.07594E-11  6.55720E-12
  6.200E+00  2.92452E-03  4.10205E-09  2.50121E-09  1.06197E-11  6.57403E-12
  6.300E+00  3.01952E-03  3.98264E-09  2.46629E-09  1.04823E-11  6.58959E-12
  6.400E+00  3.11604E-03  3.86782E-09  2.43200E-09  1.03470E-11  6.60395E-12
  6.500E+00  3.21407E-03  3.75737E-09  2.39834E-09  1.02139E-11  6.61714E-12
  6.600E+00  3.31362E-03  3.65106E-09  2.36530E-09  1.00828E-11  6.62921E-12
  6.700E+00  3.41468E-03  3.54870E-09  2.33286E-09  9.95389E-12  6.64021E-12
  6.800E+00  3.51725E-03  3.45010E-09  2.30101E-09  9.82696E-12  6.65017E-12
  6.900E+00  3.62133E-03  3.35508E-09  2.26974E-09  9.70202E-12  6.65914E-12
  7.000E+00  3.72692E-03  3.26348E-09  2.23904E-09  9.57902E-12  6.66715E-12
  7.100E+00  3.83403E-03  3.17513E-09  2.20889E-09  9.45794E-12  6.67423E-12
  7.200E+00  3.94265E-03  3.08990E-09  2.17929E-09  9.33873E-12  6.68044E-12
  7.300E+00  4.05278E-03  3.00763E-09  2.15023E-09  9.22136E-12  6.68579E-12
  7.400E+00  4.16442E-03  2.92819E-09  2.12169E-09  9.10579E-12  6.69032E-12
  7.500E+00  4.27757E-03  2.85147E-09  2.09366E-09  8.99200E-12  6.69406E-12
  7.600E+00  4.39223E-03  2.77734E-09  2.06613E-09  8.87994E-12  6.69704E-12
  7.700E+00  4.50840E-03  2.70569E-09  2.03909E-09  8.76959E-12  6.69929E-12
  7.800E+00  4.62608E-03  2.63642E-09  2.01253E-09  8.66090E-12  6.70084E-12
  7.900E+00  4.74527E-03  2.56943E-09  1.98645E-09  8.55386E-12  6.70171E-12
  8.000E+00  4.86597E-03  2.50461E-09  1.96083E-09  8.44843E-12  6.70193E-12
  8.100E+00  4.98817E-03  2.44188E-09  1.93565E-09  8.34457E-12  6.70152E-12
  8.200E+00  5.11188E-03  2.38116E-09  1.91092E-09  8.24227E-12  6.70051E-12
  8.300E+00  5.23711E-03  2.32236E-09  1.88662E-09  8.14148E-12  6.69892E-12
  8.400E+00  5.36383E-03  2.26541E-09  1.86275E-09  8.04219E-12  6.69677E-12
  8.500E+00  5.49207E-03  2.21023E-09  1.83929E-09  7.94437E-12  6.69409E-12
  8.600E+00  5.62181E-03  2.15675E-09  1.81623E-09  7.84798E-12  6.69089E-12
  8.700E+00  5.75306E-03  2.10491E-09  1.79357E-09  7.75300E-12  6.68719E-12
  8.800E+00  5.88581E-03  2.05464E-09  1.77130E-09  7.65942E-12  6.68301E-12
  8.900E+00  6.02007E-03  2.00589E-09  1.74941E-09  7.56719E-12  6.67837E-12
  9.000E+00  6.15583E-03  1.95859E-09  1.72790E-09  7.47630E-12  6.67329E-12
  9.100E+00  6.29310E-03  1.91270E-09  1.70675E-09  7.38672E-12  6.66778E-12
  9.200E+00  6.43187E-03  1.86815E-09  1.68596E-09  7.29843E-12  6.66187E-12
  9.300E+00  6.57214E-03  1.82490E-09  1.66551E-09  7.21141E-12  6.65556E-12
  9.400E+00  6.71392E-03  1.78291E-09  1.64541E-09  7.12564E-12  6.64887E-12
  9.500E+00  6.85720E-03  1.74212E-09  1.62565E-09  7.04108E-12  6.64181E-12
  9.600E+00  7.00198E-03  1.70249E-09  1.60621E-09  6.95772E-12  6.63441E-12
  9.700E+00  7.14827E-03  1.66399E-09  1.58710E-09  6.87555E-12  6.62667E-12
  9.800E+00  7.29605E-03  1.62657E-09  1.56830E-09  6.79453E-12  6.61860E-12
  9.900E+00  7.44534E-03  1.59019E-09  1.54981E-09  6.71465E-12  6.61023E-12
  1.000E+01  7.59612E-03  1.55482E-09  1.53162E-09  6.63589E-12  6.60155E-12
  1.025E+01  7.97965E-03  1.47058E-09  1.48743E-09  6.44375E-12  6.57864E-12
  1.050E+01  8.37255E-03  1.39192E-09  1.44500E-09  6.25819E-12  6.55410E-12
  1.075E+01  8.77480E-03  1.31839E-09  1.40425E-09  6.07894E-12  6.52810E-12
  1.100E+01  9.18641E-03  1.24958E-09  1.36509E-09  5.90572E-12  6.50078E-12
  1.125E+01  9.60736E-03  1.18511E-09  1.32744E-09  5.73828E-12  6.47228E-12
  1.150E+01  1.00376E-02  1.12465E-09  1.29122E-09  5.57640E-12  6.44272E-12
  1.175E+01  1.04773E-02  1.06789E-09  1.25638E-09  5.41983E-12  6.41221E-12
  1.200E+01  1.09262E-02  1.01457E-09  1.22285E-09  5.26837E-12  6.38085E-12
  1.225E+01  1.13844E-02  9.64416E-10  1.19056E-09  5.12181E-12  6.34875E-12
  1.250E+01  1.18520E-02  9.17212E-10  1.15945E-09  4.97995E-12  6.31598E-12
  1.275E+01  1.23288E-02  8.72745E-10  1.12948E-09  4.84261E-12  6.28263E-12
  1.300E+01  1.28150E-02  8.30821E-10  1.10059E-09  4.70961E-12  6.24877E-12
  1.325E+01  1.33104E-02  7.91264E-10  1.07273E-09  4.58078E-12  6.21447E-12
  1.350E+01  1.38150E-02  7.53913E-10  1.04585E-09  4.45595E-12  6.17979E-12
  1.375E+01  1.43290E-02  7.18618E-10  1.01991E-09  4.33497E-12  6.14479E-12
  1.400E+01  1.48521E-02  6.85244E-10  9.94869E-10  4.21769E-12  6.10952E-12
  1.425E+01  1.53845E-02  6.53664E-10  9.70688E-10  4.10398E-12  6.07402E-12
  1.450E+01  1.59262E-02  6.23762E-10  9.47329E-10  3.99370E-12  6.03835E-12
  1.475E+01  1.64770E-02  5.95430E-10  9.24756E-10  3.88671E-12  6.00255E-12
  1.500E+01  1.70371E-02  5.68570E-10  9.02937E-10  3.78290E-12  5.96664E-12
  1.525E+01  1.76063E-02  5.43090E-10  8.81838E-10  3.68214E-12  5.93067E-12
  1.550E+01  1.81848E-02  5.18904E-10  8.61431E-10  3.58434E-12  5.89467E-12
  1.575E+01  1.87724E-02  4.95935E-10  8.41685E-10  3.48937E-12  5.85866E-12
  1.600E+01  1.93692E-02  4.74107E-10  8.22575E-10  3.39713E-12  5.82268E-12
  1.625E+01  1.99751E-02  4.53355E-10  8.04073E-10  3.30753E-12  5.78674E-12
  1.650E+01  2.05901E-02  4.33614E-10  7.86155E-10  3.22047E-12  5.75087E-12
  1.675E+01  2.12143E-02  4.14826E-10  7.68798E-10  3.13587E-12  5.71509E-12
  1.700E+01  2.18476E-02  3.96936E-10  7.51980E-10  3.05363E-12  5.67941E-12
  1.725E+01  2.24900E-02  3.79892E-10  7.35678E-10  2.97367E-12  5.64386E-12
  1.750E+01  2.31415E-02  3.63648E-10  7.19873E-10  2.89591E-12  5.60845E-12
  1.775E+01  2.38021E-02  3.48158E-10  7.04546E-10  2.82028E-12  5.57319E-12
  1.800E+01  2.44717E-02  3.33381E-10  6.89678E-10  2.74671E-12  5.53810E-12
  1.825E+01  2.51504E-02  3.19279E-10  6.75252E-10  2.67512E-12  5.50319E-12
  1.850E+01  2.58382E-02  3.05814E-10  6.61250E-10  2.60544E-12  5.46846E-12
  1.875E+01  2.65349E-02  2.92952E-10  6.47658E-10  2.53762E-12  5.43393E-12
  1.900E+01  2.72407E-02  2.80662E-10  6.34459E-10  2.47159E-12  5.39961E-12
  1.925E+01  2.79555E-02  2.68913E-10  6.21639E-10  2.40729E-12  5.36549E-12
  1.950E+01  2.86793E-02  2.57678E-10  6.09184E-10  2.34467E-12  5.33160E-12
  1.975E+01  2.94120E-02  2.46930E-10  5.97080E-10  2.28366E-12  5.29794E-12
  2.000E+01  3.01537E-02  2.36644E-10  5.85316E-10  2.22422E-12  5.26450E-12
  2.025E+01  3.09043E-02  2.26797E-10  5.73879E-10  2.16630E-12  5.23130E-12
  2.050E+01  3.16639E-02  2.17367E-10  5.62758E-10  2.10985E-12  5.19834E-12
  2.075E+01  3.24324E-02  2.08332E-10  5.51940E-10  2.05482E-12  5.16562E-12
  2.100E+01  3.32098E-02  1.99675E-10  5.41416E-10  2.00116E-12  5.13315E-12
  2.125E+01  3.39961E-02  1.91375E-10  5.31175E-10  1.94885E-12  5.10093E-12
  2.150E+01  3.47912E-02  1.83417E-10  5.21208E-10  1.89782E-12  5.06896E-12
  2.175E+01  3.55952E-02  1.75783E-10  5.11505E-10  1.84804E-12  5.03724E-12
  2.200E+01  3.64081E-02  1.68458E-10  5.02057E-10  1.79948E-12  5.00577E-12
  2.225E+01  3.72297E-02  1.61428E-10  4.92856E-10  1.75210E-12  4.97456E-12
  2.250E+01  3.80602E-02  1.54679E-10  4.83893E-10  1.70586E-12  4.94361E-12
  2.275E+01  3.88995E-02  1.48198E-10  4.75160E-10  1.66072E-12  4.91291E-12
  2.300E+01  3.97476E-02  1.41971E-10  4.66651E-10  1.61666E-12  4.88247E-12
  2.325E+01  4.06044E-02  1.35989E-10  4.58356E-10  1.57365E-12  4.85228E-12
  2.350E+01  4.14700E-02  1.30240E-10  4.50271E-10  1.53164E-12  4.82235E-12
  2.375E+01  4.23443E-02  1.24713E-10  4.42387E-10  1.49062E-12  4.79268E-12
  2.400E+01  4.32273E-02  1.19398E-10  4.34698E-10  1.45055E-12  4.76326E-12
  2.425E+01  4.41190E-02  1.14286E-10  4.27198E-10  1.41140E-12  4.73410E-12
  2.450E+01  4.50194E-02  1.09368E-10  4.19882E-10  1.37316E-12  4.70518E-12
  2.475E+01  4.59284E-02  1.04636E-10  4.12742E-10  1.33579E-12  4.67653E-12
  2.500E+01  4.68461E-02  1.00082E-10  4.05775E-10  1.29927E-12  4.64812E-12
  2.550E+01  4.87074E-02  9.14751E-11  3.92335E-10  1.22868E-12  4.59205E-12
  2.600E+01  5.06030E-02  8.34921E-11  3.79520E-10  1.16121E-12  4.53696E-12
  2.650E+01  5.25328E-02  7.60816E-11  3.67294E-10  1.09670E-12  4.48285E-12
  2.700E+01  5.44967E-02  6.91970E-11  3.55623E-10  1.03498E-12  4.42970E-12
  2.750E+01  5.64946E-02  6.27965E-11  3.44473E-10  9.75901E-13  4.37749E-12
  2.800E+01  5.85262E-02  5.68417E-11  3.33816E-10  9.19336E-13  4.32620E-12
  2.850E+01  6.05914E-02  5.12980E-11  3.23623E-10  8.65151E-13  4.27583E-12
  2.900E+01  6.26901E-02  4.61337E-11  3.13868E-10  8.13224E-13  4.22634E-12
  2.950E+01  6.48222E-02  4.13201E-11  3.04527E-10  7.63442E-13  4.17773E-12
  3.000E+01  6.69873E-02  3.68306E-11  2.95579E-10  7.15698E-13  4.12998E-12
  3.050E+01  6.91854E-02  3.26414E-11  2.87001E-10  6.69893E-13  4.08306E-12
  3.100E+01  7.14163E-02  2.87303E-11  2.78774E-10  6.25932E-13  4.03697E-12
  3.150E+01  7.36799E-02  2.50771E-11  2.70879E-10  5.83727E-13  3.99168E-12
  3.200E+01  7.59760E-02  2.16633E-11  2.63300E-10  5.43195E-13  3.94717E-12
  3.250E+01  7.83043E-02  1.84720E-11  2.56021E-10  5.04257E-13  3.90344E-12
  3.300E+01  8.06647E-02  1.54875E-11  2.49025E-10  4.66840E-13  3.86045E-12
  3.350E+01  8.30571E-02  1.26953E-11  2.42299E-10  4.30874E-13  3.81820E-12
  3.400E+01  8.54812E-02  1.00822E-11  2.35830E-10  3.96292E-13  3.77667E-12
  3.450E+01  8.79369E-02  7.63610E-12  2.29605E-10  3.63035E-13  3.73584E-12
  3.500E+01  9.04240E-02  5.34558E-12  2.23612E-10  3.31041E-13  3.69569E-12
  3.550E+01  9.29422E-02  3.20027E-12  2.17840E-10  3.00257E-13  3.65621E-12
  3.600E+01  9.54915E-02  1.19054E-12  2.12278E-10  2.70629E-13  3.61739E-12
  3.650E+01  9.80716E-02 -6.92538E-13  2.06918E-10  2.42108E-13  3.57921E-12
  3.700E+01  1.00682E-01 -2.45721E-12  2.01749E-10  2.14647E-13  3.54165E-12
  3.750E+01  1.03323E-01 -4.11113E-12  1.96762E-10  1.88201E-13  3.50470E-12
  3.800E+01  1.05995E-01 -5.66140E-12  1.91950E-10  1.62729E-13  3.46834E-12
  3.850E+01  1.08696E-01 -7.11461E-12  1.87305E-10  1.38189E-13  3.43257E-12
  3.900E+01  1.11427E-01 -8.47688E-12  1.82819E-10  1.14545E-13  3.39736E-12
  3.950E+01  1.14188E-01 -9.75390E-12  1.78485E-10  9.17587E-14  3.36271E-12
  4.000E+01  1.16978E-01 -1.09510E-11  1.74296E-10  6.97973E-14  3.32860E-12
  4.050E+01  1.19797E-01 -1.20730E-11  1.70247E-10  4.86275E-14  3.29502E-12
  4.100E+01  1.22645E-01 -1.31246E-11  1.66332E-10  2.82184E-14  3.26196E-12
  4.150E+01  1.25522E-01 -1.41101E-11  1.62544E-10  8.54034E-15  3.22940E-12
  4.200E+01  1.28428E-01 -1.50334E-11  1.58878E-10 -1.04348E-14  3.19734E-12
  4.250E+01  1.31361E-01 -1.58983E-11  1.55330E-10 -2.87340E-14  3.16576E-12
  4.300E+01  1.34323E-01 -1.67083E-11  1.51895E-10 -4.63827E-14  3.13466E-12
  4.350E+01  1.37313E-01 -1.74666E-11  1.48567E-10 -6.34053E-14  3.10401E-12
  4.400E+01  1.40330E-01 -1.81762E-11  1.45343E-10 -7.98252E-14  3.07381E-12
  4.450E+01  1.43375E-01 -1.88401E-11  1.42219E-10 -9.56645E-14  3.04406E-12
  4.500E+01  1.46447E-01 -1.94609E-11  1.39190E-10 -1.10944E-13  3.01474E-12
  4.550E+01  1.49545E-01 -2.00410E-11  1.36253E-10 -1.25685E-13  2.98583E-12
  4.600E+01  1.52671E-01 -2.05829E-11  1.33404E-10 -1.39907E-13  2.95734E-12
  4.650E+01  1.55823E-01 -2.10887E-11  1.30640E-10 -1.53626E-13  2.92925E-12
  4.700E+01  1.59001E-01 -2.15604E-11  1.27958E-10 -1.66863E-13  2.90156E-12
  4.750E+01  1.62205E-01 -2.20001E-11  1.25354E-10 -1.79633E-13  2.87425E-12
  4.800E+01  1.65435E-01 -2.24095E-11  1.22826E-10 -1.91953E-13  2.84732E-12
  4.850E+01  1.68690E-01 -2.27903E-11  1.20370E-10 -2.03838E-13  2.82076E-12
  4.900E+01  1.71970E-01 -2.31442E-11  1.17985E-10 -2.15303E-13  2.79456E-12
  4.950E+01  1.75276E-01 -2.34727E-11  1.15668E-10 -2.26362E-13  2.76871E-12
  5.000E+01  1.78606E-01 -2.37771E-11  1.13415E-10 -2.37029E-13  2.74321E-12
  5.050E+01  1.81961E-01 -2.40588E-11  1.11226E-10 -2.47318E-13  2.71805E-12
  5.100E+01  1.85340E-01 -2.43191E-11  1.09096E-10 -2.57240E-13  2.69322E-12
  5.150E+01  1.88743E-01 -2.45591E-11  1.07026E-10 -2.66809E-13  2.66871E-12
  5.200E+01  1.92169E-01 -2.47800E-11  1.05011E-10 -2.76034E-13  2.64452E-12
  5.250E+01  1.95619E-01 -2.49828E-11  1.03052E-10 -2.84928E-13  2.62064E-12
  5.300E+01  1.99092E-01 -2.51685E-11  1.01144E-10 -2.93502E-13  2.59707E-12
  5.350E+01  2.02589E-01 -2.53380E-11  9.92876E-11 -3.01765E-13  2.57379E-12
  5.400E+01  2.06107E-01 -2.54923E-11  9.74800E-11 -3.09727E-13  2.55081E-12
  5.450E+01  2.09649E-01 -2.56322E-11  9.57198E-11 -3.17398E-13  2.52811E-12
  5.500E+01  2.13212E-01 -2.57584E-11  9.40054E-11 -3.24788E-13  2.50570E-12
  5.550E+01  2.16797E-01 -2.58717E-11  9.23353E-11 -3.31904E-13  2.48356E-12
  5.600E+01  2.20404E-01 -2.59728E-11  9.07081E-11 -3.38755E-13  2.46169E-12
  5.650E+01  2.24032E-01 -2.60623E-11  8.91222E-11 -3.45350E-13  2.44008E-12
  5.700E+01  2.27680E-01 -2.61410E-11  8.75765E-11 -3.51696E-13  2.41873E-12
  5.750E+01  2.31350E-01 -2.62093E-11  8.60695E-11 -3.57801E-13  2.39764E-12
  5.800E+01  2.35040E-01 -2.62679E-11  8.46001E-11 -3.63673E-13  2.37679E-12
  5.850E+01  2.38751E-01 -2.63172E-11  8.31671E-11 -3.69317E-13  2.35619E-12
  5.900E+01  2.42481E-01 -2.63579E-11  8.17693E-11 -3.74741E-13  2.33582E-12
  5.950E+01  2.46231E-01 -2.63903E-11  8.04056E-11 -3.79952E-13  2.31570E-12
  6.000E+01  2.50000E-01 -2.64149E-11  7.90750E-11 -3.84955E-13  2.29580E-12
  6.050E+01  2.53788E-01 -2.64322E-11  7.77765E-11 -3.89757E-13  2.27613E-12
  6.100E+01  2.57595E-01 -2.64425E-11  7.65091E-11 -3.94364E-13  2.25668E-12
  6.150E+01  2.61421E-01 -2.64463E-11  7.52717E-11 -3.98781E-13  2.23744E-12
  6.200E+01  2.65264E-01 -2.64438E-11  7.40636E-11 -4.03014E-13  2.21842E-12
  6.250E+01  2.69126E-01 -2.64355E-11  7.28839E-11 -4.07068E-13  2.19961E-12
  6.300E+01  2.73005E-01 -2.64217E-11  7.17317E-11 -4.10948E-13  2.18101E-12
  6.350E+01  2.76901E-01 -2.64026E-11  7.06061E-11 -4.14660E-13  2.16260E-12
  6.400E+01  2.80814E-01 -2.63787E-11  6.95065E-11 -4.18207E-13  2.14440E-12
  6.450E+01  2.84744E-01 -2.63500E-11  6.84321E-11 -4.21594E-13  2.12638E-12
  6.500E+01  2.88691E-01 -2.63171E-11  6.73820E-11 -4.24826E-13  2.10856E-12
  6.550E+01  2.92653E-01 -2.62799E-11  6.63557E-11 -4.27908E-13  2.09093E-12
  6.600E+01  2.96632E-01 -2.62389E-11  6.53525E-11 -4.30842E-13  2.07348E-12
  6.650E+01  3.00625E-01 -2.61943E-11  6.43716E-11 -4.33634E-13  2.05621E-12
  6.700E+01  3.04634E-01 -2.61462E-11  6.34126E-11 -4.36288E-13  2.03912E-12
  6.750E+01  3.08658E-01 -2.60948E-11  6.24747E-11 -4.38806E-13  2.02220E-12
  6.800E+01  3.12697E-01 -2.60404E-11  6.15573E-11 -4.41193E-13  2.00545E-12
  6.850E+01  3.16749E-01 -2.59832E-11  6.06600E-11 -4.43452E-13  1.98887E-12
  6.900E+01  3.20816E-01 -2.59233E-11  5.97821E-11 -4.45586E-13  1.97246E-12
  6.950E+01  3.24896E-01 -2.58608E-11  5.89231E-11 -4.47600E-13  1.95620E-12
  7.000E+01  3.28990E-01 -2.57960E-11  5.80826E-11 -4.49495E-13  1.94011E-12
  7.050E+01  3.33097E-01 -2.57290E-11  5.72599E-11 -4.51276E-13  1.92417E-12
  7.100E+01  3.37216E-01 -2.56600E-11  5.64547E-11 -4.52945E-13  1.90839E-12
  7.150E+01  3.41348E-01 -2.55890E-11  5.56665E-11 -4.54506E-13  1.89276E-12
  7.200E+01  3.45492E-01 -2.55162E-11  5.48948E-11 -4.55960E-13  1.87728E-12
  7.250E+01  3.49647E-01 -2.54418E-11  5.41392E-11 -4.57310E-13  1.86194E-12
  7.300E+01  3.53814E-01 -2.53658E-11  5.33992E-11 -4.58561E-13  1.84675E-12
  7.350E+01  3.57992E-01 -2.52884E-11  5.26745E-11 -4.59713E-13  1.83170E-12
  7.400E+01  3.62181E-01 -2.52096E-11  5.19647E-11 -4.60769E-13  1.81678E-12
  7.450E+01  3.66381E-01 -2.51296E-11  5.12694E-11 -4.61733E-13  1.80201E-12
  7.500E+01  3.70590E-01 -2.50485E-11  5.05881E-11 -4.62606E-13  1.78736E-12
  7.550E+01  3.74810E-01 -2.49663E-11  4.99207E-11 -4.63390E-13  1.77285E-12
  7.600E+01  3.79039E-01 -2.48831E-11  4.92666E-11 -4.64088E-13  1.75847E-12
  7.650E+01  3.83277E-01 -2.47991E-11  4.86256E-11 -4.64702E-13  1.74422E-12
  7.700E+01  3.87524E-01 -2.47143E-11  4.79974E-11 -4.65234E-13  1.73009E-12
  7.750E+01  3.91780E-01 -2.46288E-11  4.73816E-11 -4.65686E-13  1.71609E-12
  7.800E+01  3.96044E-01 -2.45426E-11  4.67779E-11 -4.66060E-13  1.70221E-12
  7.850E+01  4.00316E-01 -2.44558E-11  4.61861E-11 -4.66358E-13  1.68845E-12
  7.900E+01  4.04596E-01 -2.43685E-11  4.56058E-11 -4.66581E-13  1.67480E-12
  7.950E+01  4.08882E-01 -2.42807E-11  4.50368E-11 -4.66733E-13  1.66127E-12
  8.000E+01  4.13176E-01 -2.41926E-11  4.44787E-11 -4.66813E-13  1.64786E-12
  8.050E+01  4.17476E-01 -2.41041E-11  4.39314E-11 -4.66825E-13  1.63456E-12
  8.100E+01  4.21783E-01 -2.40153E-11  4.33946E-11 -4.66770E-13  1.62136E-12
  8.150E+01  4.26095E-01 -2.39262E-11  4.28679E-11 -4.66648E-13  1.60828E-12
  8.200E+01  4.30413E-01 -2.38370E-11  4.23513E-11 -4.66463E-13  1.59530E-12
  8.250E+01  4.34737E-01 -2.37476E-11  4.18444E-11 -4.66216E-13  1.58243E-12
  8.300E+01  4.39065E-01 -2.36581E-11  4.13471E-11 -4.65907E-13  1.56966E-12
  8.350E+01  4.43398E-01 -2.35685E-11  4.08590E-11 -4.65538E-13  1.55699E-12
  8.400E+01  4.47736E-01 -2.34789E-11  4.03800E-11 -4.65112E-13  1.54443E-12
  8.450E+01  4.52077E-01 -2.33894E-11  3.99099E-11 -4.64628E-13  1.53196E-12
  8.500E+01  4.56422E-01 -2.32998E-11  3.94485E-11 -4.64089E-13  1.51959E-12
  8.550E+01  4.60770E-01 -2.32103E-11  3.89956E-11 -4.63496E-13  1.50732E-12
  8.600E+01  4.65122E-01 -2.31210E-11  3.85510E-11 -4.62850E-13  1.49514E-12
  8.650E+01  4.69476E-01 -2.30318E-11  3.81144E-11 -4.62152E-13  1.48305E-12
  8.700E+01  4.73832E-01 -2.29427E-11  3.76858E-11 -4.61404E-13  1.47105E-12
  8.750E+01  4.78190E-01 -2.28538E-11  3.72650E-11 -4.60607E-13  1.45915E-12
  8.800E+01  4.82550E-01 -2.27652E-11  3.68517E-11 -4.59761E-13  1.44733E-12
  8.850E+01  4.86912E-01 -2.26768E-11  3.64458E-11 -4.58868E-13  1.43560E-12
  8.900E+01  4.91274E-01 -2.25887E-11  3.60472E-11 -4.57929E-13  1.42396E-12
  8.950E+01  4.95637E-01 -2.25008E-11  3.56556E-11 -4.56945E-13  1.41240E-12
  9.000E+01  5.00000E-01 -2.24133E-11  3.52710E-11 -4.55917E-13  1.40092E-12
  9.050E+01  5.04363E-01 -2.23261E-11  3.48932E-11 -4.54846E-13  1.38953E-12
  9.100E+01  5.08726E-01 -2.22392E-11  3.45221E-11 -4.53734E-13  1.37822E-12
  9.150E+01  5.13088E-01 -2.21527E-11  3.41574E-11 -4.52580E-13  1.36698E-12
  9.200E+01  5.17450E-01 -2.20665E-11  3.37991E-11 -4.51386E-13  1.35583E-12
  9.250E+01  5.21810E-01 -2.19808E-11  3.34471E-11 -4.50153E-13  1.34475E-12
  9.300E+01  5.26168E-01 -2.18955E-11  3.31011E-11 -4.48881E-13  1.33375E-12
  9.350E+01  5.30524E-01 -2.18106E-11  3.27611E-11 -4.47572E-13  1.32283E-12
  9.400E+01  5.34878E-01 -2.17261E-11  3.24270E-11 -4.46227E-13  1.31198E-12
  9.450E+01  5.39230E-01 -2.16421E-11  3.20986E-11 -4.44845E-13  1.30120E-12
  9.500E+01  5.43578E-01 -2.15585E-11  3.17758E-11 -4.43429E-13  1.29049E-12
  9.550E+01  5.47923E-01 -2.14754E-11  3.14585E-11 -4.41978E-13  1.27986E-12
  9.600E+01  5.52264E-01 -2.13928E-11  3.11466E-11 -4.40494E-13  1.26929E-12
  9.650E+01  5.56602E-01 -2.13107E-11  3.08399E-11 -4.38977E-13  1.25880E-12
  9.700E+01  5.60935E-01 -2.12291E-11  3.05385E-11 -4.37428E-13  1.24837E-12
  9.750E+01  5.65263E-01 -2.11479E-11  3.02421E-11 -4.35847E-13  1.23801E-12
  9.800E+01  5.69587E-01 -2.10673E-11  2.99507E-11 -4.34236E-13  1.22771E-12
  9.850E+01  5.73905E-01 -2.09873E-11  2.96641E-11 -4.32595E-13  1.21748E-12
  9.900E+01  5.78217E-01 -2.09077E-11  2.93823E-11 -4.30924E-13  1.20731E-12
  9.950E+01  5.82524E-01 -2.08287E-11  2.91052E-11 -4.29225E-13  1.19721E-12
  1.000E+02  5.86824E-01 -2.07502E-11  2.88327E-11 -4.27498E-13  1.18717E-12
  1.005E+02  5.91118E-01 -2.06723E-11  2.85647E-11 -4.25743E-13  1.17719E-12
  1.010E+02  5.95404E-01 -2.05949E-11  2.83011E-11 -4.23961E-13  1.16727E-12
  1.015E+02  5.99684E-01 -2.05181E-11  2.80418E-11 -4.22153E-13  1.15741E-12
  1.020E+02  6.03956E-01 -2.04418E-11  2.77868E-11 -4.20319E-13  1.14761E-12
  1.025E+02  6.08220E-01 -2.03661E-11  2.75359E-11 -4.18459E-13  1.13787E-12
  1.030E+02  6.12476E-01 -2.02910E-11  2.72892E-11 -4.16575E-13  1.12818E-12
  1.035E+02  6.16723E-01 -2.02164E-11  2.70464E-11 -4.14667E-13  1.11855E-12
  1.040E+02  6.20961E-01 -2.01425E-11  2.68076E-11 -4.12736E-13  1.10898E-12
  1.045E+02  6.25190E-01 -2.00691E-11  2.65726E-11 -4.10781E-13  1.09946E-12
  1.050E+02  6.29410E-01 -1.99962E-11  2.63414E-11 -4.08803E-13  1.09000E-12
  1.055E+02  6.33619E-01 -1.99240E-11  2.61140E-11 -4.06804E-13  1.08058E-12
  1.060E+02  6.37819E-01 -1.98523E-11  2.58902E-11 -4.04782E-13  1.07123E-12
  1.065E+02  6.42008E-01 -1.97812E-11  2.56700E-11 -4.02739E-13  1.06192E-12
  1.070E+02  6.46186E-01 -1.97107E-11  2.54533E-11 -4.00676E-13  1.05266E-12
  1.075E+02  6.50353E-01 -1.96408E-11  2.52400E-11 -3.98592E-13  1.04346E-12
  1.080E+02  6.54508E-01 -1.95715E-11  2.50302E-11 -3.96488E-13  1.03430E-12
  1.085E+02  6.58652E-01 -1.95028E-11  2.48237E-11 -3.94365E-13  1.02519E-12
  1.090E+02  6.62784E-01 -1.94346E-11  2.46205E-11 -3.92222E-13  1.01613E-12
  1.095E+02  6.66903E-01 -1.93671E-11  2.44205E-11 -3.90061E-13  1.00712E-12
  1.100E+02  6.71010E-01 -1.93001E-11  2.42236E-11 -3.87881E-13  9.98159E-13
  1.105E+02  6.75104E-01 -1.92337E-11  2.40299E-11 -3.85684E-13  9.89241E-13
  1.110E+02  6.79184E-01 -1.91680E-11  2.38392E-11 -3.83468E-13  9.80369E-13
  1.115E+02  6.83251E-01 -1.91028E-11  2.36515E-11 -3.81236E-13  9.71542E-13
  1.120E+02  6.87303E-01 -1.90382E-11  2.34667E-11 -3.78987E-13  9.62760E-13
  1.125E+02  6.91342E-01 -1.89741E-11  2.32849E-11 -3.76721E-13  9.54021E-13
  1.130E+02  6.95366E-01 -1.89107E-11  2.31059E-11 -3.74439E-13  9.45325E-13
  1.135E+02  6.99375E-01 -1.88479E-11  2.29297E-11 -3.72141E-13  9.36672E-13
  1.140E+02  7.03368E-01 -1.87856E-11  2.27563E-11 -3.69827E-13  9.28061E-13
  1.145E+02  7.07347E-01 -1.87239E-11  2.25855E-11 -3.67499E-13  9.19491E-13
  1.150E+02  7.11309E-01 -1.86629E-11  2.24174E-11 -3.65155E-13  9.10963E-13
  1.155E+02  7.15256E-01 -1.86024E-11  2.22520E-11 -3.62797E-13  9.02474E-13
  1.160E+02  7.19186E-01 -1.85424E-11  2.20891E-11 -3.60425E-13  8.94026E-13
  1.165E+02  7.23099E-01 -1.84831E-11  2.19288E-11 -3.58038E-13  8.85616E-13
  1.170E+02  7.26995E-01 -1.84243E-11  2.17709E-11 -3.55638E-13  8.77245E-13
  1.175E+02  7.30874E-01 -1.83661E-11  2.16155E-11 -3.53225E-13  8.68913E-13
  1.180E+02  7.34736E-01 -1.83085E-11  2.14625E-11 -3.50798E-13  8.60618E-13
  1.185E+02  7.38579E-01 -1.82515E-11  2.13119E-11 -3.48358E-13  8.52360E-13
  1.190E+02  7.42405E-01 -1.81950E-11  2.11636E-11 -3.45906E-13  8.44139E-13
  1.195E+02  7.46212E-01 -1.81392E-11  2.10176E-11 -3.43441E-13  8.35953E-13
  1.200E+02  7.50000E-01 -1.80838E-11  2.08739E-11 -3.40964E-13  8.27803E-13
  1.205E+02  7.53769E-01 -1.80291E-11  2.07324E-11 -3.38476E-13  8.19689E-13
  1.210E+02  7.57519E-01 -1.79749E-11  2.05931E-11 -3.35975E-13  8.11609E-13
  1.215E+02  7.61249E-01 -1.79213E-11  2.04560E-11 -3.33464E-13  8.03563E-13
  1.220E+02  7.64960E-01 -1.78682E-11  2.03209E-11 -3.30941E-13  7.95550E-13
  1.225E+02  7.68650E-01 -1.78157E-11  2.01880E-11 -3.28407E-13  7.87571E-13
  1.230E+02  7.72320E-01 -1.77638E-11  2.00572E-11 -3.25862E-13  7.79625E-13
  1.235E+02  7.75968E-01 -1.77124E-11  1.99283E-11 -3.23307E-13  7.71711E-13
  1.240E+02  7.79596E-01 -1.76615E-11  1.98015E-11 -3.20742E-13  7.63828E-13
  1.245E+02  7.83203E-01 -1.76113E-11  1.96766E-11 -3.18166E-13  7.55977E-13
  1.250E+02  7.86788E-01 -1.75615E-11  1.95537E-11 -3.15581E-13  7.48157E-13
  1.255E+02  7.90351E-01 -1.75123E-11  1.94327E-11 -3.12986E-13  7.40367E-13
  1.260E+02  7.93893E-01 -1.74637E-11  1.93136E-11 -3.10381E-13  7.32608E-13
  1.265E+02  7.97411E-01 -1.74156E-11  1.91963E-11 -3.07767E-13  7.24878E-13
  1.270E+02  8.00908E-01 -1.73680E-11  1.90809E-11 -3.05144E-13  7.17177E-13
  1.275E+02  8.04381E-01 -1.73210E-11  1.89672E-11 -3.02512E-13  7.09505E-13
  1.280E+02  8.07831E-01 -1.72745E-11  1.88554E-11 -2.99872E-13  7.01861E-13
  1.285E+02  8.11257E-01 -1.72286E-11  1.87453E-11 -2.97222E-13  6.94245E-13
  1.290E+02  8.14660E-01 -1.71832E-11  1.86369E-11 -2.94565E-13  6.86657E-13
  1.295E+02  8.18039E-01 -1.71383E-11  1.85303E-11 -2.91899E-13  6.79096E-13
  1.300E+02  8.21394E-01 -1.70939E-11  1.84253E-11 -2.89225E-13  6.71562E-13
  1.305E+02  8.24724E-01 -1.70501E-11  1.83220E-11 -2.86543E-13  6.64054E-13
  1.310E+02  8.28030E-01 -1.70068E-11  1.82203E-11 -2.83854E-13  6.56572E-13
  1.315E+02  8.31310E-01 -1.69640E-11  1.81202E-11 -2.81156E-13  6.49116E-13
  1.320E+02  8.34565E-01 -1.69217E-11  1.80217E-11 -2.78452E-13  6.41685E-13
  1.325E+02  8.37795E-01 -1.68799E-11  1.79248E-11 -2.75740E-13  6.34279E-13
  1.330E+02  8.40999E-01 -1.68387E-11  1.78294E-11 -2.73021E-13  6.26898E-13
  1.335E+02  8.44177E-01 -1.67980E-11  1.77356E-11 -2.70295E-13  6.19541E-13
  1.340E+02  8.47329E-01 -1.67577E-11  1.76433E-11 -2.67562E-13  6.12207E-13
  1.345E+02  8.50455E-01 -1.67180E-11  1.75525E-11 -2.64823E-13  6.04897E-13
  1.350E+02  8.53553E-01 -1.66788E-11  1.74631E-11 -2.62077E-13  5.97610E-13
  1.355E+02  8.56625E-01 -1.66401E-11  1.73752E-11 -2.59324E-13  5.90346E-13
  1.360E+02  8.59670E-01 -1.66019E-11  1.72887E-11 -2.56565E-13  5.83104E-13
  1.365E+02  8.62687E-01 -1.65642E-11  1.72037E-11 -2.53800E-13  5.75884E-13
  1.370E+02  8.65677E-01 -1.65270E-11  1.71200E-11 -2.51029E-13  5.68686E-13
  1.375E+02  8.68639E-01 -1.64903E-11  1.70377E-11 -2.48252E-13  5.61510E-13
  1.380E+02  8.71572E-01 -1.64541E-11  1.69568E-11 -2.45470E-13  5.54354E-13
  1.385E+02  8.74478E-01 -1.64183E-11  1.68772E-11 -2.42681E-13  5.47219E-13
  1.390E+02  8.77355E-01 -1.63831E-11  1.67990E-11 -2.39887E-13  5.40105E-13
  1.395E+02  8.80203E-01 -1.63483E-11  1.67221E-11 -2.37088E-13  5.33010E-13
  1.400E+02  8.83022E-01 -1.63140E-11  1.66465E-11 -2.34283E-13  5.25936E-13
  1.405E+02  8.85812E-01 -1.62802E-11  1.65722E-11 -2.31473E-13  5.18881E-13
  1.410E+02  8.88573E-01 -1.62469E-11  1.64991E-11 -2.28658E-13  5.11845E-13
  1.415E+02  8.91304E-01 -1.62141E-11  1.64273E-11 -2.25838E-13  5.04828E-13
  1.420E+02  8.94005E-01 -1.61817E-11  1.63567E-11 -2.23013E-13  4.97829E-13
  1.425E+02  8.96677E-01 -1.61498E-11  1.62874E-11 -2.20183E-13  4.90849E-13
  1.430E+02  8.99318E-01 -1.61184E-11  1.62193E-11 -2.17349E-13  4.83886E-13
  1.435E+02  9.01928E-01 -1.60875E-11  1.61524E-11 -2.14510E-13  4.76942E-13
  1.440E+02  9.04508E-01 -1.60570E-11  1.60866E-11 -2.11666E-13  4.70014E-13
  1.445E+02  9.07058E-01 -1.60270E-11  1.60221E-11 -2.08819E-13  4.63104E-13
  1.450E+02  9.09576E-01 -1.59975E-11  1.59587E-11 -2.05966E-13  4.56210E-13
  1.455E+02  9.12063E-01 -1.59684E-11  1.58965E-11 -2.03110E-13  4.49333E-13
  1.460E+02  9.14519E-01 -1.59397E-11  1.58354E-11 -2.00249E-13  4.42472E-13
  1.465E+02  9.16943E-01 -1.59116E-11  1.57754E-11 -1.97385E-13  4.35627E-13
  1.470E+02  9.19335E-01 -1.58839E-11  1.57165E-11 -1.94516E-13  4.28797E-13
  1.475E+02  9.21696E-01 -1.58566E-11  1.56588E-11 -1.91644E-13  4.21983E-13
  1.480E+02  9.24024E-01 -1.58298E-11  1.56021E-11 -1.88768E-13  4.15184E-13
  1.485E+02  9.26320E-01 -1.58035E-11  1.55466E-11 -1.85888E-13  4.08400E-13
  1.490E+02  9.28584E-01 -1.57776E-11  1.54921E-11 -1.83005E-13  4.01630E-13
  1.495E+02  9.30815E-01 -1.57521E-11  1.54386E-11 -1.80118E-13  3.94874E-13
  1.500E+02  9.33013E-01 -1.57271E-11  1.53862E-11 -1.77228E-13  3.88133E-13
  1.505E+02  9.35178E-01 -1.57026E-11  1.53349E-11 -1.74334E-13  3.81405E-13
  1.510E+02  9.37310E-01 -1.56785E-11  1.52846E-11 -1.71437E-13  3.74691E-13
  1.515E+02  9.39409E-01 -1.56548E-11  1.52353E-11 -1.68537E-13  3.67989E-13
  1.520E+02  9.41474E-01 -1.56316E-11  1.51870E-11 -1.65634E-13  3.61301E-13
  1.525E+02  9.43505E-01 -1.56088E-11  1.51398E-11 -1.62728E-13  3.54626E-13
  1.530E+02  9.45503E-01 -1.55864E-11  1.50935E-11 -1.59818E-13  3.47962E-13
  1.535E+02  9.47467E-01 -1.55645E-11  1.50482E-11 -1.56906E-13  3.41311E-13
  1.540E+02  9.49397E-01 -1.55430E-11  1.50039E-11 -1.53991E-13  3.34672E-13
  1.545E+02  9.51293E-01 -1.55220E-11  1.49606E-11 -1.51074E-13  3.28045E-13
  1.550E+02  9.53154E-01 -1.55014E-11  1.49182E-11 -1.48153E-13  3.21429E-13
  1.555E+02  9.54981E-01 -1.54812E-11  1.48768E-11 -1.45230E-13  3.14824E-13
  1.560E+02  9.56773E-01 -1.54614E-11  1.48364E-11 -1.42304E-13  3.08230E-13
  1.565E+02  9.58530E-01 -1.54421E-11  1.47968E-11 -1.39376E-13  3.01646E-13
  1.570E+02  9.60252E-01 -1.54232E-11  1.47583E-11 -1.36446E-13  2.95073E-13
  1.575E+02  9.61940E-01 -1.54047E-11  1.47206E-11 -1.33513E-13  2.88511E-13
  1.580E+02  9.63592E-01 -1.53867E-11  1.46839E-11 -1.30578E-13  2.81958E-13
  1.585E+02  9.65209E-01 -1.53690E-11  1.46481E-11 -1.27640E-13  2.75415E-13
  1.590E+02  9.66790E-01 -1.53518E-11  1.46132E-11 -1.24701E-13  2.68881E-13
  1.595E+02  9.68336E-01 -1.53350E-11  1.45792E-11 -1.21759E-13  2.62357E-13
  1.600E+02  9.69846E-01 -1.53187E-11  1.45461E-11 -1.18815E-13  2.55841E-13
  1.605E+02  9.71321E-01 -1.53027E-11  1.45138E-11 -1.15869E-13  2.49334E-13
  1.610E+02  9.72759E-01 -1.52872E-11  1.44825E-11 -1.12922E-13  2.42836E-13
  1.615E+02  9.74162E-01 -1.52721E-11  1.44521E-11 -1.09972E-13  2.36346E-13
  1.620E+02  9.75528E-01 -1.52574E-11  1.44225E-11 -1.07021E-13  2.29864E-13
  1.625E+02  9.76858E-01 -1.52431E-11  1.43938E-11 -1.04068E-13  2.23390E-13
  1.630E+02  9.78152E-01 -1.52292E-11  1.43659E-11 -1.01113E-13  2.16924E-13
  1.635E+02  9.79410E-01 -1.52158E-11  1.43389E-11 -9.81563E-14  2.10465E-13
  1.640E+02  9.80631E-01 -1.52027E-11  1.43128E-11 -9.51982E-14  2.04013E-13
  1.645E+02  9.81815E-01 -1.51901E-11  1.42875E-11 -9.22385E-14  1.97568E-13
  1.650E+02  9.82963E-01 -1.51778E-11  1.42631E-11 -8.92774E-14  1.91129E-13
  1.655E+02  9.84074E-01 -1.51660E-11  1.42395E-11 -8.63148E-14  1.84697E-13
  1.660E+02  9.85148E-01 -1.51546E-11  1.42167E-11 -8.33509E-14  1.78272E-13
  1.665E+02  9.86185E-01 -1.51436E-11  1.41948E-11 -8.03856E-14  1.71852E-13
  1.670E+02  9.87185E-01 -1.51330E-11  1.41737E-11 -7.74190E-14  1.65438E-13
  1.675E+02  9.88148E-01 -1.51228E-11  1.41534E-11 -7.44512E-14  1.59030E-13
  1.680E+02  9.89074E-01 -1.51130E-11  1.41340E-11 -7.14823E-14  1.52627E-13
  1.685E+02  9.89962E-01 -1.51036E-11  1.41154E-11 -6.85122E-14  1.46229E-13
  1.690E+02  9.90814E-01 -1.50947E-11  1.40976E-11 -6.55410E-14  1.39836E-13
  1.695E+02  9.91627E-01 -1.50861E-11  1.40806E-11 -6.25688E-14  1.33448E-13
  1.700E+02  9.92404E-01 -1.50779E-11  1.40644E-11 -5.95956E-14  1.27065E-13
  1.705E+02  9.93143E-01 -1.50702E-11  1.40490E-11 -5.66215E-14  1.20685E-13
  1.710E+02  9.93844E-01 -1.50628E-11  1.40344E-11 -5.36466E-14  1.14310E-13
  1.715E+02  9.94508E-01 -1.50558E-11  1.40206E-11 -5.06707E-14  1.07938E-13
  1.720E+02  9.95134E-01 -1.50493E-11  1.40077E-11 -4.76941E-14  1.01570E-13
  1.725E+02  9.95722E-01 -1.50431E-11  1.39955E-11 -4.47168E-14  9.52056E-14
  1.730E+02  9.96273E-01 -1.50373E-11  1.39841E-11 -4.17388E-14  8.88442E-14
  1.735E+02  9.96786E-01 -1.50320E-11  1.39735E-11 -3.87601E-14  8.24858E-14
  1.740E+02  9.97261E-01 -1.50270E-11  1.39637E-11 -3.57808E-14  7.61302E-14
  1.745E+02  9.97698E-01 -1.50224E-11  1.39547E-11 -3.28010E-14  6.97771E-14
  1.750E+02  9.98097E-01 -1.50182E-11  1.39465E-11 -2.98207E-14  6.34263E-14
  1.755E+02  9.98459E-01 -1.50145E-11  1.39391E-11 -2.68399E-14  5.70776E-14
  1.760E+02  9.98782E-01 -1.50111E-11  1.39324E-11 -2.38587E-14  5.07309E-14
  1.765E+02  9.99067E-01 -1.50081E-11  1.39265E-11 -2.08772E-14  4.43858E-14
  1.770E+02  9.99315E-01 -1.50055E-11  1.39215E-11 -1.78953E-14  3.80422E-14
  1.775E+02  9.99524E-01 -1.50034E-11  1.39172E-11 -1.49132E-14  3.16999E-14
  1.780E+02  9.99695E-01 -1.50016E-11  1.39137E-11 -1.19308E-14  2.53587E-14
  1.785E+02  9.99829E-01 -1.50002E-11  1.39109E-11 -8.94828E-15  1.90183E-14
  1.790E+02  9.99924E-01 -1.49992E-11  1.39090E-11 -5.96560E-15  1.26785E-14
  1.795E+02  9.99981E-01 -1.49986E-11  1.39078E-11 -2.98282E-15  6.33914E-15
  1.800E+02  1.00000E+00 -1.49984E-11  1.39074E-11 -4.18593E-29  8.89593E-29
