 #  Scattering field.
 #  All quantities in atomic units (a.u.), unless otherwise indicated.
 #  Z =  14, NELEC =  14,   projectile: electron
 #  Kinetic energy = 9.18733E+02 a.u. = 2.50000E+04 eV
 #
 #   i       r           r*V         r*Vst        r*Vex       r*Vpol       r*Wabs        rho_e
 #------------------------------------------------------------------------------------------------
     1  0.00000E+00 -0.00000E+00 -0.00000E+00  0.00000E+00  0.00000E+00  0.00000E+00  3.17263E+08
     2  1.50199E-07 -4.43622E-02 -4.38569E-02 -5.05255E-04  0.00000E+00  0.00000E+00  3.17263E+08
     3  3.04072E-07 -8.92941E-02 -8.87860E-02 -5.08159E-04  0.00000E+00  0.00000E+00  1.56715E+08
     4  4.61705E-07 -1.35321E-01 -1.34812E-01 -5.09145E-04  0.00000E+00  0.00000E+00  1.03210E+08
     5  6.23190E-07 -1.82471E-01 -1.81961E-01 -5.09644E-04  0.00000E+00  0.00000E+00  7.64649E+07
     6  7.88622E-07 -2.30770E-01 -2.30260E-01 -5.09949E-04  0.00000E+00  0.00000E+00  6.04245E+07
     7  9.58096E-07 -2.80246E-01 -2.79736E-01 -5.10158E-04  0.00000E+00  0.00000E+00  4.97360E+07
     8  1.13171E-06 -3.30927E-01 -3.30417E-01 -5.10313E-04  0.00000E+00  0.00000E+00  4.21059E+07
     9  1.30957E-06 -3.82842E-01 -3.82332E-01 -5.10435E-04  0.00000E+00  0.00000E+00  3.63871E+07
    10  1.49178E-06 -4.36020E-01 -4.35509E-01 -5.10537E-04  0.00000E+00  0.00000E+00  3.19427E+07
    11  1.67844E-06 -4.90489E-01 -4.89979E-01 -5.10625E-04  0.00000E+00  0.00000E+00  2.83903E+07
    12  1.86965E-06 -5.46281E-01 -5.45771E-01 -5.10705E-04  0.00000E+00  0.00000E+00  2.54865E+07
    13  2.06555E-06 -6.03427E-01 -6.02916E-01 -5.10780E-04  0.00000E+00  0.00000E+00  2.30693E+07
    14  2.26623E-06 -6.61958E-01 -6.61447E-01 -5.10851E-04  0.00000E+00  0.00000E+00  2.10264E+07
    15  2.47181E-06 -7.21905E-01 -7.21394E-01 -5.10922E-04  0.00000E+00  0.00000E+00  1.92775E+07
    16  2.68242E-06 -7.83303E-01 -7.82792E-01 -5.10993E-04  0.00000E+00  0.00000E+00  1.77639E+07
    17  2.89818E-06 -8.46183E-01 -8.45672E-01 -5.11064E-04  0.00000E+00  0.00000E+00  1.64414E+07
    18  3.11920E-06 -9.10580E-01 -9.10069E-01 -5.11138E-04  0.00000E+00  0.00000E+00  1.52763E+07
    19  3.34563E-06 -9.76529E-01 -9.76018E-01 -5.11215E-04  0.00000E+00  0.00000E+00  1.42423E+07
    20  3.57759E-06 -1.04406E+00 -1.04355E+00 -5.11296E-04  0.00000E+00  0.00000E+00  1.33188E+07
    21  3.81523E-06 -1.11322E+00 -1.11271E+00 -5.11381E-04  0.00000E+00  0.00000E+00  1.24892E+07
    22  4.05867E-06 -1.18404E+00 -1.18353E+00 -5.11472E-04  0.00000E+00  0.00000E+00  1.17400E+07
    23  4.30805E-06 -1.25655E+00 -1.25604E+00 -5.11568E-04  0.00000E+00  0.00000E+00  1.10604E+07
    24  4.56354E-06 -1.33079E+00 -1.33028E+00 -5.11670E-04  0.00000E+00  0.00000E+00  1.04411E+07
    25  4.82526E-06 -1.40681E+00 -1.40630E+00 -5.11779E-04  0.00000E+00  0.00000E+00  9.87473E+06
    26  5.09338E-06 -1.48463E+00 -1.48412E+00 -5.11895E-04  0.00000E+00  0.00000E+00  9.35487E+06
    27  5.36806E-06 -1.56431E+00 -1.56379E+00 -5.12019E-04  0.00000E+00  0.00000E+00  8.87614E+06
    28  5.64944E-06 -1.64587E+00 -1.64535E+00 -5.12152E-04  0.00000E+00  0.00000E+00  8.43399E+06
    29  5.93771E-06 -1.72936E+00 -1.72884E+00 -5.12294E-04  0.00000E+00  0.00000E+00  8.02449E+06
    30  6.23301E-06 -1.81481E+00 -1.81430E+00 -5.12447E-04  0.00000E+00  0.00000E+00  7.64426E+06
    31  6.53554E-06 -1.90228E+00 -1.90177E+00 -5.12609E-04  0.00000E+00  0.00000E+00  7.29037E+06
    32  6.84546E-06 -1.99179E+00 -1.99128E+00 -5.12783E-04  0.00000E+00  0.00000E+00  6.96027E+06
    33  7.16295E-06 -2.08340E+00 -2.08289E+00 -5.12969E-04  0.00000E+00  0.00000E+00  6.65172E+06
    34  7.48820E-06 -2.17714E+00 -2.17663E+00 -5.13168E-04  0.00000E+00  0.00000E+00  6.36276E+06
    35  7.82140E-06 -2.27306E+00 -2.27254E+00 -5.13381E-04  0.00000E+00  0.00000E+00  6.09166E+06
    36  8.16274E-06 -2.37119E+00 -2.37068E+00 -5.13608E-04  0.00000E+00  0.00000E+00  5.83688E+06
    37  8.51242E-06 -2.47158E+00 -2.47107E+00 -5.13850E-04  0.00000E+00  0.00000E+00  5.59707E+06
    38  8.87065E-06 -2.57428E+00 -2.57376E+00 -5.14108E-04  0.00000E+00  0.00000E+00  5.37100E+06
    39  9.23763E-06 -2.67931E+00 -2.67880E+00 -5.14384E-04  0.00000E+00  0.00000E+00  5.15759E+06
    40  9.61359E-06 -2.78674E+00 -2.78622E+00 -5.14678E-04  0.00000E+00  0.00000E+00  4.95586E+06
    41  9.99872E-06 -2.89659E+00 -2.89607E+00 -5.14991E-04  0.00000E+00  0.00000E+00  4.76493E+06
    42  1.03933E-05 -3.00891E+00 -3.00839E+00 -5.15325E-04  0.00000E+00  0.00000E+00  4.58400E+06
    43  1.07975E-05 -3.12373E+00 -3.12322E+00 -5.15681E-04  0.00000E+00  0.00000E+00  4.41237E+06
    44  1.12115E-05 -3.24111E+00 -3.24059E+00 -5.16060E-04  0.00000E+00  0.00000E+00  4.24937E+06
    45  1.16357E-05 -3.36107E+00 -3.36056E+00 -5.16463E-04  0.00000E+00  0.00000E+00  4.09443E+06
    46  1.20703E-05 -3.48367E+00 -3.48315E+00 -5.16892E-04  0.00000E+00  0.00000E+00  3.94698E+06
    47  1.25155E-05 -3.60892E+00 -3.60840E+00 -5.17348E-04  0.00000E+00  0.00000E+00  3.80655E+06
    48  1.29715E-05 -3.73688E+00 -3.73636E+00 -5.17833E-04  0.00000E+00  0.00000E+00  3.67269E+06
    49  1.34387E-05 -3.86757E+00 -3.86705E+00 -5.18349E-04  0.00000E+00  0.00000E+00  3.54497E+06
    50  1.39173E-05 -4.00102E+00 -4.00051E+00 -5.18898E-04  0.00000E+00  0.00000E+00  3.42303E+06
    51  1.44076E-05 -4.13728E+00 -4.13676E+00 -5.19480E-04  0.00000E+00  0.00000E+00  3.30651E+06
    52  1.49099E-05 -4.27636E+00 -4.27584E+00 -5.20099E-04  0.00000E+00  0.00000E+00  3.19508E+06
    53  1.54245E-05 -4.41830E+00 -4.41778E+00 -5.20757E-04  0.00000E+00  0.00000E+00  3.08846E+06
    54  1.59517E-05 -4.56311E+00 -4.56259E+00 -5.21455E-04  0.00000E+00  0.00000E+00  2.98636E+06
    55  1.64917E-05 -4.71082E+00 -4.71029E+00 -5.22197E-04  0.00000E+00  0.00000E+00  2.88854E+06
    56  1.70449E-05 -4.86143E+00 -4.86091E+00 -5.22984E-04  0.00000E+00  0.00000E+00  2.79476E+06
    57  1.76117E-05 -5.01498E+00 -5.01446E+00 -5.23820E-04  0.00000E+00  0.00000E+00  2.70479E+06
    58  1.81923E-05 -5.17146E+00 -5.17093E+00 -5.24707E-04  0.00000E+00  0.00000E+00  2.61844E+06
    59  1.87870E-05 -5.33087E+00 -5.33035E+00 -5.25648E-04  0.00000E+00  0.00000E+00  2.53551E+06
    60  1.93964E-05 -5.49323E+00 -5.49270E+00 -5.26648E-04  0.00000E+00  0.00000E+00  2.45583E+06
    61  2.00206E-05 -5.65851E+00 -5.65798E+00 -5.27708E-04  0.00000E+00  0.00000E+00  2.37923E+06
    62  2.06600E-05 -5.82670E+00 -5.82617E+00 -5.28833E-04  0.00000E+00  0.00000E+00  2.30556E+06
    63  2.13151E-05 -5.99779E+00 -5.99726E+00 -5.30027E-04  0.00000E+00  0.00000E+00  2.23467E+06
    64  2.19862E-05 -6.17174E+00 -6.17121E+00 -5.31294E-04  0.00000E+00  0.00000E+00  2.16643E+06
    65  2.26737E-05 -6.34852E+00 -6.34799E+00 -5.32638E-04  0.00000E+00  0.00000E+00  2.10071E+06
    66  2.33780E-05 -6.52809E+00 -6.52755E+00 -5.34065E-04  0.00000E+00  0.00000E+00  2.03740E+06
    67  2.40995E-05 -6.71038E+00 -6.70984E+00 -5.35579E-04  0.00000E+00  0.00000E+00  1.97637E+06
    68  2.48387E-05 -6.89533E+00 -6.89480E+00 -5.37185E-04  0.00000E+00  0.00000E+00  1.91753E+06
    69  2.55959E-05 -7.08287E+00 -7.08233E+00 -5.38890E-04  0.00000E+00  0.00000E+00  1.86078E+06
    70  2.63716E-05 -7.27290E+00 -7.27236E+00 -5.40700E-04  0.00000E+00  0.00000E+00  1.80601E+06
    71  2.71663E-05 -7.46532E+00 -7.46478E+00 -5.42621E-04  0.00000E+00  0.00000E+00  1.75315E+06
    72  2.79804E-05 -7.66002E+00 -7.65947E+00 -5.44661E-04  0.00000E+00  0.00000E+00  1.70212E+06
    73  2.88144E-05 -7.85685E+00 -7.85630E+00 -5.46827E-04  0.00000E+00  0.00000E+00  1.65283E+06
    74  2.96687E-05 -8.05567E+00 -8.05512E+00 -5.49127E-04  0.00000E+00  0.00000E+00  1.60520E+06
    75  3.05440E-05 -8.25630E+00 -8.25575E+00 -5.51570E-04  0.00000E+00  0.00000E+00  1.55918E+06
    76  3.14406E-05 -8.45858E+00 -8.45802E+00 -5.54166E-04  0.00000E+00  0.00000E+00  1.51468E+06
    77  3.23591E-05 -8.66227E+00 -8.66172E+00 -5.56924E-04  0.00000E+00  0.00000E+00  1.47166E+06
    78  3.33001E-05 -8.86716E+00 -8.86660E+00 -5.59855E-04  0.00000E+00  0.00000E+00  1.43005E+06
    79  3.42641E-05 -9.07300E+00 -9.07244E+00 -5.62971E-04  0.00000E+00  0.00000E+00  1.38979E+06
    80  3.52517E-05 -9.27951E+00 -9.27894E+00 -5.66284E-04  0.00000E+00  0.00000E+00  1.35083E+06
    81  3.62634E-05 -9.48639E+00 -9.48582E+00 -5.69807E-04  0.00000E+00  0.00000E+00  1.31311E+06
    82  3.72998E-05 -9.69331E+00 -9.69273E+00 -5.73556E-04  0.00000E+00  0.00000E+00  1.27660E+06
    83  3.83615E-05 -9.89992E+00 -9.89934E+00 -5.77544E-04  0.00000E+00  0.00000E+00  1.24124E+06
    84  3.94492E-05 -1.01058E+01 -1.01053E+01 -5.81788E-04  0.00000E+00  0.00000E+00  1.20699E+06
    85  4.05634E-05 -1.03107E+01 -1.03101E+01 -5.86307E-04  0.00000E+00  0.00000E+00  1.17381E+06
    86  4.17049E-05 -1.05140E+01 -1.05134E+01 -5.91117E-04  0.00000E+00  0.00000E+00  1.14166E+06
    87  4.28743E-05 -1.07153E+01 -1.07147E+01 -5.96240E-04  0.00000E+00  0.00000E+00  1.11049E+06
    88  4.40723E-05 -1.09142E+01 -1.09136E+01 -6.01697E-04  0.00000E+00  0.00000E+00  1.08028E+06
    89  4.52995E-05 -1.11101E+01 -1.11095E+01 -6.07510E-04  0.00000E+00  0.00000E+00  1.05099E+06
    90  4.65567E-05 -1.13025E+01 -1.13019E+01 -6.13702E-04  0.00000E+00  0.00000E+00  1.02258E+06
    91  4.78447E-05 -1.14909E+01 -1.14903E+01 -6.20298E-04  0.00000E+00  0.00000E+00  9.95029E+05
    92  4.91641E-05 -1.16747E+01 -1.16740E+01 -6.27326E-04  0.00000E+00  0.00000E+00  9.68299E+05
    93  5.05158E-05 -1.18533E+01 -1.18527E+01 -6.34811E-04  0.00000E+00  0.00000E+00  9.42364E+05
    94  5.19005E-05 -1.20263E+01 -1.20256E+01 -6.42781E-04  0.00000E+00  0.00000E+00  9.17196E+05
    95  5.33190E-05 -1.21930E+01 -1.21923E+01 -6.51267E-04  0.00000E+00  0.00000E+00  8.92769E+05
    96  5.47722E-05 -1.23530E+01 -1.23523E+01 -6.60296E-04  0.00000E+00  0.00000E+00  8.69057E+05
    97  5.62609E-05 -1.25057E+01 -1.25051E+01 -6.69897E-04  0.00000E+00  0.00000E+00  8.46035E+05
    98  5.77860E-05 -1.26508E+01 -1.26501E+01 -6.80101E-04  0.00000E+00  0.00000E+00  8.23681E+05
    99  5.93484E-05 -1.27878E+01 -1.27872E+01 -6.90935E-04  0.00000E+00  0.00000E+00  8.01972E+05
   100  6.09490E-05 -1.29165E+01 -1.29158E+01 -7.02426E-04  0.00000E+00  0.00000E+00  7.80887E+05
   101  6.25886E-05 -1.30366E+01 -1.30359E+01 -7.14599E-04  0.00000E+00  0.00000E+00  7.60404E+05
   102  6.42684E-05 -1.31480E+01 -1.31472E+01 -7.27479E-04  0.00000E+00  0.00000E+00  7.40505E+05
   103  6.59892E-05 -1.32506E+01 -1.32498E+01 -7.41084E-04  0.00000E+00  0.00000E+00  7.21170E+05
   104  6.77520E-05 -1.33444E+01 -1.33437E+01 -7.55434E-04  0.00000E+00  0.00000E+00  7.02381E+05
   105  6.95579E-05 -1.34297E+01 -1.34289E+01 -7.70544E-04  0.00000E+00  0.00000E+00  6.84120E+05
   106  7.14080E-05 -1.35066E+01 -1.35058E+01 -7.86423E-04  0.00000E+00  0.00000E+00  6.66371E+05
   107  7.33032E-05 -1.35756E+01 -1.35748E+01 -8.03082E-04  0.00000E+00  0.00000E+00  6.49117E+05
   108  7.52448E-05 -1.36369E+01 -1.36360E+01 -8.20524E-04  0.00000E+00  0.00000E+00  6.32343E+05
   109  7.72338E-05 -1.36910E+01 -1.36902E+01 -8.38753E-04  0.00000E+00  0.00000E+00  6.16033E+05
   110  7.92715E-05 -1.37385E+01 -1.37376E+01 -8.57769E-04  0.00000E+00  0.00000E+00  6.00174E+05
   111  8.13589E-05 -1.37798E+01 -1.37789E+01 -8.77568E-04  0.00000E+00  0.00000E+00  5.84750E+05
   112  8.34973E-05 -1.38155E+01 -1.38146E+01 -8.98149E-04  0.00000E+00  0.00000E+00  5.69750E+05
   113  8.56880E-05 -1.38462E+01 -1.38453E+01 -9.19505E-04  0.00000E+00  0.00000E+00  5.55159E+05
   114  8.79323E-05 -1.38724E+01 -1.38714E+01 -9.41633E-04  0.00000E+00  0.00000E+00  5.40966E+05
   115  9.02313E-05 -1.38945E+01 -1.38936E+01 -9.64527E-04  0.00000E+00  0.00000E+00  5.27157E+05
   116  9.25866E-05 -1.39132E+01 -1.39122E+01 -9.88182E-04  0.00000E+00  0.00000E+00  5.13723E+05
   117  9.49994E-05 -1.39288E+01 -1.39278E+01 -1.01259E-03  0.00000E+00  0.00000E+00  5.00651E+05
   118  9.74712E-05 -1.39417E+01 -1.39406E+01 -1.03776E-03  0.00000E+00  0.00000E+00  4.87931E+05
   119  1.00003E-04 -1.39523E+01 -1.39513E+01 -1.06368E-03  0.00000E+00  0.00000E+00  4.75551E+05
   120  1.02597E-04 -1.39610E+01 -1.39600E+01 -1.09035E-03  0.00000E+00  0.00000E+00  4.63503E+05
   121  1.05255E-04 -1.39681E+01 -1.39670E+01 -1.11777E-03  0.00000E+00  0.00000E+00  4.51777E+05
   122  1.07977E-04 -1.39738E+01 -1.39727E+01 -1.14594E-03  0.00000E+00  0.00000E+00  4.40362E+05
   123  1.10766E-04 -1.39784E+01 -1.39772E+01 -1.17487E-03  0.00000E+00  0.00000E+00  4.29250E+05
   124  1.13623E-04 -1.39820E+01 -1.39808E+01 -1.20457E-03  0.00000E+00  0.00000E+00  4.18432E+05
   125  1.16550E-04 -1.39848E+01 -1.39836E+01 -1.23504E-03  0.00000E+00  0.00000E+00  4.07900E+05
   126  1.19549E-04 -1.39870E+01 -1.39857E+01 -1.26628E-03  0.00000E+00  0.00000E+00  3.97646E+05
   127  1.22620E-04 -1.39887E+01 -1.39874E+01 -1.29832E-03  0.00000E+00  0.00000E+00  3.87660E+05
   128  1.25767E-04 -1.39900E+01 -1.39886E+01 -1.33115E-03  0.00000E+00  0.00000E+00  3.77937E+05
   129  1.28991E-04 -1.39909E+01 -1.39896E+01 -1.36480E-03  0.00000E+00  0.00000E+00  3.68468E+05
   130  1.32293E-04 -1.39916E+01 -1.39902E+01 -1.39927E-03  0.00000E+00  0.00000E+00  3.59246E+05
   131  1.35676E-04 -1.39921E+01 -1.39906E+01 -1.43458E-03  0.00000E+00  0.00000E+00  3.50264E+05
   132  1.39142E-04 -1.39924E+01 -1.39909E+01 -1.47075E-03  0.00000E+00  0.00000E+00  3.41515E+05
   133  1.42693E-04 -1.39926E+01 -1.39911E+01 -1.50780E-03  0.00000E+00  0.00000E+00  3.32994E+05
   134  1.46330E-04 -1.39927E+01 -1.39912E+01 -1.54573E-03  0.00000E+00  0.00000E+00  3.24693E+05
   135  1.50056E-04 -1.39927E+01 -1.39911E+01 -1.58458E-03  0.00000E+00  0.00000E+00  3.16606E+05
   136  1.53874E-04 -1.39927E+01 -1.39911E+01 -1.62435E-03  0.00000E+00  0.00000E+00  3.08728E+05
   137  1.57784E-04 -1.39926E+01 -1.39909E+01 -1.66508E-03  0.00000E+00  0.00000E+00  3.01053E+05
   138  1.61790E-04 -1.39925E+01 -1.39908E+01 -1.70678E-03  0.00000E+00  0.00000E+00  2.93575E+05
   139  1.65894E-04 -1.39924E+01 -1.39906E+01 -1.74946E-03  0.00000E+00  0.00000E+00  2.86289E+05
   140  1.70098E-04 -1.39922E+01 -1.39904E+01 -1.79317E-03  0.00000E+00  0.00000E+00  2.79189E+05
   141  1.74405E-04 -1.39920E+01 -1.39902E+01 -1.83791E-03  0.00000E+00  0.00000E+00  2.72270E+05
   142  1.78818E-04 -1.39919E+01 -1.39900E+01 -1.88371E-03  0.00000E+00  0.00000E+00  2.65529E+05
   143  1.83338E-04 -1.39917E+01 -1.39897E+01 -1.93059E-03  0.00000E+00  0.00000E+00  2.58959E+05
   144  1.87968E-04 -1.39915E+01 -1.39895E+01 -1.97859E-03  0.00000E+00  0.00000E+00  2.52556E+05
   145  1.92712E-04 -1.39913E+01 -1.39892E+01 -2.02772E-03  0.00000E+00  0.00000E+00  2.46315E+05
   146  1.97572E-04 -1.39910E+01 -1.39890E+01 -2.07801E-03  0.00000E+00  0.00000E+00  2.40233E+05
   147  2.02550E-04 -1.39908E+01 -1.39887E+01 -2.12949E-03  0.00000E+00  0.00000E+00  2.34305E+05
   148  2.07650E-04 -1.39906E+01 -1.39884E+01 -2.18218E-03  0.00000E+00  0.00000E+00  2.28527E+05
   149  2.12875E-04 -1.39903E+01 -1.39881E+01 -2.23611E-03  0.00000E+00  0.00000E+00  2.22895E+05
   150  2.18227E-04 -1.39901E+01 -1.39878E+01 -2.29131E-03  0.00000E+00  0.00000E+00  2.17404E+05
   151  2.23710E-04 -1.39899E+01 -1.39875E+01 -2.34781E-03  0.00000E+00  0.00000E+00  2.12052E+05
   152  2.29327E-04 -1.39896E+01 -1.39872E+01 -2.40564E-03  0.00000E+00  0.00000E+00  2.06835E+05
   153  2.35082E-04 -1.39893E+01 -1.39869E+01 -2.46482E-03  0.00000E+00  0.00000E+00  2.01748E+05
   154  2.40977E-04 -1.39891E+01 -1.39865E+01 -2.52539E-03  0.00000E+00  0.00000E+00  1.96790E+05
   155  2.47016E-04 -1.39888E+01 -1.39862E+01 -2.58738E-03  0.00000E+00  0.00000E+00  1.91955E+05
   156  2.53203E-04 -1.39885E+01 -1.39859E+01 -2.65082E-03  0.00000E+00  0.00000E+00  1.87242E+05
   157  2.59540E-04 -1.39882E+01 -1.39855E+01 -2.71574E-03  0.00000E+00  0.00000E+00  1.82646E+05
   158  2.66033E-04 -1.39879E+01 -1.39851E+01 -2.78218E-03  0.00000E+00  0.00000E+00  1.78165E+05
   159  2.72685E-04 -1.39876E+01 -1.39848E+01 -2.85016E-03  0.00000E+00  0.00000E+00  1.73796E+05
   160  2.79498E-04 -1.39873E+01 -1.39844E+01 -2.91973E-03  0.00000E+00  0.00000E+00  1.69535E+05
   161  2.86479E-04 -1.39870E+01 -1.39840E+01 -2.99092E-03  0.00000E+00  0.00000E+00  1.65381E+05
   162  2.93630E-04 -1.39867E+01 -1.39836E+01 -3.06376E-03  0.00000E+00  0.00000E+00  1.61330E+05
   163  3.00956E-04 -1.39863E+01 -1.39832E+01 -3.13829E-03  0.00000E+00  0.00000E+00  1.57380E+05
   164  3.08461E-04 -1.39860E+01 -1.39828E+01 -3.21455E-03  0.00000E+00  0.00000E+00  1.53528E+05
   165  3.16149E-04 -1.39856E+01 -1.39824E+01 -3.29257E-03  0.00000E+00  0.00000E+00  1.49771E+05
   166  3.24025E-04 -1.39853E+01 -1.39819E+01 -3.37239E-03  0.00000E+00  0.00000E+00  1.46107E+05
   167  3.32093E-04 -1.39849E+01 -1.39815E+01 -3.45406E-03  0.00000E+00  0.00000E+00  1.42534E+05
   168  3.40359E-04 -1.39845E+01 -1.39810E+01 -3.53761E-03  0.00000E+00  0.00000E+00  1.39050E+05
   169  3.48827E-04 -1.39842E+01 -1.39805E+01 -3.62308E-03  0.00000E+00  0.00000E+00  1.35651E+05
   170  3.57501E-04 -1.39838E+01 -1.39801E+01 -3.71052E-03  0.00000E+00  0.00000E+00  1.32337E+05
   171  3.66388E-04 -1.39834E+01 -1.39796E+01 -3.79996E-03  0.00000E+00  0.00000E+00  1.29104E+05
   172  3.75492E-04 -1.39829E+01 -1.39790E+01 -3.89145E-03  0.00000E+00  0.00000E+00  1.25950E+05
   173  3.84818E-04 -1.39825E+01 -1.39785E+01 -3.98503E-03  0.00000E+00  0.00000E+00  1.22875E+05
   174  3.94372E-04 -1.39821E+01 -1.39780E+01 -4.08075E-03  0.00000E+00  0.00000E+00  1.19875E+05
   175  4.04159E-04 -1.39816E+01 -1.39775E+01 -4.17865E-03  0.00000E+00  0.00000E+00  1.16949E+05
   176  4.14186E-04 -1.39812E+01 -1.39769E+01 -4.27878E-03  0.00000E+00  0.00000E+00  1.14095E+05
   177  4.24458E-04 -1.39807E+01 -1.39763E+01 -4.38118E-03  0.00000E+00  0.00000E+00  1.11311E+05
   178  4.34981E-04 -1.39802E+01 -1.39757E+01 -4.48590E-03  0.00000E+00  0.00000E+00  1.08595E+05
   179  4.45761E-04 -1.39797E+01 -1.39751E+01 -4.59299E-03  0.00000E+00  0.00000E+00  1.05946E+05
   180  4.56804E-04 -1.39792E+01 -1.39745E+01 -4.70250E-03  0.00000E+00  0.00000E+00  1.03361E+05
   181  4.68117E-04 -1.39787E+01 -1.39739E+01 -4.81448E-03  0.00000E+00  0.00000E+00  1.00840E+05
   182  4.79707E-04 -1.39782E+01 -1.39732E+01 -4.92898E-03  0.00000E+00  0.00000E+00  9.83812E+04
   183  4.91580E-04 -1.39776E+01 -1.39726E+01 -5.04605E-03  0.00000E+00  0.00000E+00  9.59821E+04
   184  5.03743E-04 -1.39771E+01 -1.39719E+01 -5.16574E-03  0.00000E+00  0.00000E+00  9.36416E+04
   185  5.16203E-04 -1.39765E+01 -1.39712E+01 -5.28810E-03  0.00000E+00  0.00000E+00  9.13583E+04
   186  5.28968E-04 -1.39759E+01 -1.39705E+01 -5.41320E-03  0.00000E+00  0.00000E+00  8.91308E+04
   187  5.42044E-04 -1.39753E+01 -1.39698E+01 -5.54107E-03  0.00000E+00  0.00000E+00  8.69577E+04
   188  5.55440E-04 -1.39747E+01 -1.39690E+01 -5.67179E-03  0.00000E+00  0.00000E+00  8.48375E+04
   189  5.69164E-04 -1.39741E+01 -1.39683E+01 -5.80539E-03  0.00000E+00  0.00000E+00  8.27691E+04
   190  5.83223E-04 -1.39734E+01 -1.39675E+01 -5.94195E-03  0.00000E+00  0.00000E+00  8.07510E+04
   191  5.97625E-04 -1.39728E+01 -1.39667E+01 -6.08152E-03  0.00000E+00  0.00000E+00  7.87821E+04
   192  6.12379E-04 -1.39721E+01 -1.39659E+01 -6.22416E-03  0.00000E+00  0.00000E+00  7.68612E+04
   193  6.27494E-04 -1.39714E+01 -1.39650E+01 -6.36992E-03  0.00000E+00  0.00000E+00  7.49870E+04
   194  6.42978E-04 -1.39707E+01 -1.39642E+01 -6.51886E-03  0.00000E+00  0.00000E+00  7.31583E+04
   195  6.58841E-04 -1.39700E+01 -1.39633E+01 -6.67105E-03  0.00000E+00  0.00000E+00  7.13741E+04
   196  6.75091E-04 -1.39692E+01 -1.39624E+01 -6.82655E-03  0.00000E+00  0.00000E+00  6.96333E+04
   197  6.91738E-04 -1.39685E+01 -1.39615E+01 -6.98542E-03  0.00000E+00  0.00000E+00  6.79347E+04
   198  7.08792E-04 -1.39677E+01 -1.39605E+01 -7.14771E-03  0.00000E+00  0.00000E+00  6.62774E+04
   199  7.26263E-04 -1.39669E+01 -1.39596E+01 -7.31350E-03  0.00000E+00  0.00000E+00  6.46604E+04
   200  7.44161E-04 -1.39660E+01 -1.39586E+01 -7.48285E-03  0.00000E+00  0.00000E+00  6.30825E+04
   201  7.62496E-04 -1.39652E+01 -1.39575E+01 -7.65582E-03  0.00000E+00  0.00000E+00  6.15429E+04
   202  7.81279E-04 -1.39643E+01 -1.39565E+01 -7.83248E-03  0.00000E+00  0.00000E+00  6.00406E+04
   203  8.00521E-04 -1.39634E+01 -1.39554E+01 -8.01289E-03  0.00000E+00  0.00000E+00  5.85748E+04
   204  8.20233E-04 -1.39625E+01 -1.39543E+01 -8.19712E-03  0.00000E+00  0.00000E+00  5.71444E+04
   205  8.40427E-04 -1.39616E+01 -1.39532E+01 -8.38523E-03  0.00000E+00  0.00000E+00  5.57487E+04
   206  8.61114E-04 -1.39607E+01 -1.39521E+01 -8.57729E-03  0.00000E+00  0.00000E+00  5.43868E+04
   207  8.82307E-04 -1.39597E+01 -1.39509E+01 -8.77338E-03  0.00000E+00  0.00000E+00  5.30578E+04
   208  9.04017E-04 -1.39587E+01 -1.39497E+01 -8.97355E-03  0.00000E+00  0.00000E+00  5.17610E+04
   209  9.26258E-04 -1.39576E+01 -1.39485E+01 -9.17787E-03  0.00000E+00  0.00000E+00  5.04955E+04
   210  9.49043E-04 -1.39566E+01 -1.39472E+01 -9.38642E-03  0.00000E+00  0.00000E+00  4.92606E+04
   211  9.72384E-04 -1.39555E+01 -1.39459E+01 -9.59925E-03  0.00000E+00  0.00000E+00  4.80556E+04
   212  9.96296E-04 -1.39544E+01 -1.39446E+01 -9.81645E-03  0.00000E+00  0.00000E+00  4.68797E+04
   213  1.02079E-03 -1.39533E+01 -1.39432E+01 -1.00381E-02  0.00000E+00  0.00000E+00  4.57322E+04
   214  1.04589E-03 -1.39521E+01 -1.39418E+01 -1.02642E-02  0.00000E+00  0.00000E+00  4.46125E+04
   215  1.07159E-03 -1.39509E+01 -1.39404E+01 -1.04949E-02  0.00000E+00  0.00000E+00  4.35197E+04
   216  1.09793E-03 -1.39497E+01 -1.39390E+01 -1.07302E-02  0.00000E+00  0.00000E+00  4.24533E+04
   217  1.12491E-03 -1.39485E+01 -1.39375E+01 -1.09703E-02  0.00000E+00  0.00000E+00  4.14127E+04
   218  1.15255E-03 -1.39472E+01 -1.39360E+01 -1.12151E-02  0.00000E+00  0.00000E+00  4.03972E+04
   219  1.18086E-03 -1.39459E+01 -1.39344E+01 -1.14647E-02  0.00000E+00  0.00000E+00  3.94062E+04
   220  1.20987E-03 -1.39445E+01 -1.39328E+01 -1.17193E-02  0.00000E+00  0.00000E+00  3.84390E+04
   221  1.23958E-03 -1.39431E+01 -1.39312E+01 -1.19789E-02  0.00000E+00  0.00000E+00  3.74952E+04
   222  1.27002E-03 -1.39417E+01 -1.39295E+01 -1.22434E-02  0.00000E+00  0.00000E+00  3.65742E+04
   223  1.30120E-03 -1.39403E+01 -1.39278E+01 -1.25132E-02  0.00000E+00  0.00000E+00  3.56753E+04
   224  1.33315E-03 -1.39388E+01 -1.39260E+01 -1.27880E-02  0.00000E+00  0.00000E+00  3.47981E+04
   225  1.36588E-03 -1.39373E+01 -1.39242E+01 -1.30682E-02  0.00000E+00  0.00000E+00  3.39420E+04
   226  1.39940E-03 -1.39357E+01 -1.39223E+01 -1.33536E-02  0.00000E+00  0.00000E+00  3.31066E+04
   227  1.43375E-03 -1.39341E+01 -1.39204E+01 -1.36445E-02  0.00000E+00  0.00000E+00  3.22913E+04
   228  1.46893E-03 -1.39325E+01 -1.39185E+01 -1.39407E-02  0.00000E+00  0.00000E+00  3.14956E+04
   229  1.50498E-03 -1.39308E+01 -1.39165E+01 -1.42425E-02  0.00000E+00  0.00000E+00  3.07190E+04
   230  1.54190E-03 -1.39290E+01 -1.39145E+01 -1.45498E-02  0.00000E+00  0.00000E+00  2.99612E+04
   231  1.57973E-03 -1.39273E+01 -1.39124E+01 -1.48627E-02  0.00000E+00  0.00000E+00  2.92216E+04
   232  1.61848E-03 -1.39255E+01 -1.39103E+01 -1.51814E-02  0.00000E+00  0.00000E+00  2.84998E+04
   233  1.65818E-03 -1.39236E+01 -1.39081E+01 -1.55057E-02  0.00000E+00  0.00000E+00  2.77953E+04
   234  1.69884E-03 -1.39217E+01 -1.39059E+01 -1.58359E-02  0.00000E+00  0.00000E+00  2.71079E+04
   235  1.74050E-03 -1.39198E+01 -1.39036E+01 -1.61718E-02  0.00000E+00  0.00000E+00  2.64369E+04
   236  1.78318E-03 -1.39178E+01 -1.39012E+01 -1.65137E-02  0.00000E+00  0.00000E+00  2.57821E+04
   237  1.82691E-03 -1.39157E+01 -1.38988E+01 -1.68615E-02  0.00000E+00  0.00000E+00  2.51431E+04
   238  1.87170E-03 -1.39136E+01 -1.38964E+01 -1.72153E-02  0.00000E+00  0.00000E+00  2.45194E+04
   239  1.91758E-03 -1.39115E+01 -1.38939E+01 -1.75751E-02  0.00000E+00  0.00000E+00  2.39107E+04
   240  1.96459E-03 -1.39092E+01 -1.38913E+01 -1.79410E-02  0.00000E+00  0.00000E+00  2.33166E+04
   241  2.01274E-03 -1.39070E+01 -1.38887E+01 -1.83130E-02  0.00000E+00  0.00000E+00  2.27369E+04
   242  2.06207E-03 -1.39047E+01 -1.38860E+01 -1.86912E-02  0.00000E+00  0.00000E+00  2.21710E+04
   243  2.11260E-03 -1.39023E+01 -1.38832E+01 -1.90755E-02  0.00000E+00  0.00000E+00  2.16188E+04
   244  2.16437E-03 -1.38998E+01 -1.38804E+01 -1.94660E-02  0.00000E+00  0.00000E+00  2.10799E+04
   245  2.21741E-03 -1.38973E+01 -1.38775E+01 -1.98627E-02  0.00000E+00  0.00000E+00  2.05539E+04
   246  2.27174E-03 -1.38948E+01 -1.38745E+01 -2.02657E-02  0.00000E+00  0.00000E+00  2.00405E+04
   247  2.32740E-03 -1.38921E+01 -1.38715E+01 -2.06750E-02  0.00000E+00  0.00000E+00  1.95395E+04
   248  2.38441E-03 -1.38895E+01 -1.38684E+01 -2.10905E-02  0.00000E+00  0.00000E+00  1.90506E+04
   249  2.44282E-03 -1.38867E+01 -1.38652E+01 -2.15123E-02  0.00000E+00  0.00000E+00  1.85733E+04
   250  2.50266E-03 -1.38839E+01 -1.38619E+01 -2.19404E-02  0.00000E+00  0.00000E+00  1.81076E+04
   251  2.56396E-03 -1.38810E+01 -1.38586E+01 -2.23748E-02  0.00000E+00  0.00000E+00  1.76531E+04
   252  2.62675E-03 -1.38780E+01 -1.38552E+01 -2.28155E-02  0.00000E+00  0.00000E+00  1.72094E+04
   253  2.69108E-03 -1.38749E+01 -1.38517E+01 -2.32624E-02  0.00000E+00  0.00000E+00  1.67765E+04
   254  2.75699E-03 -1.38718E+01 -1.38481E+01 -2.37156E-02  0.00000E+00  0.00000E+00  1.63539E+04
   255  2.82450E-03 -1.38686E+01 -1.38444E+01 -2.41751E-02  0.00000E+00  0.00000E+00  1.59416E+04
   256  2.89366E-03 -1.38653E+01 -1.38407E+01 -2.46407E-02  0.00000E+00  0.00000E+00  1.55391E+04
   257  2.96451E-03 -1.38619E+01 -1.38368E+01 -2.51126E-02  0.00000E+00  0.00000E+00  1.51463E+04
   258  3.03709E-03 -1.38585E+01 -1.38329E+01 -2.55905E-02  0.00000E+00  0.00000E+00  1.47630E+04
   259  3.11144E-03 -1.38550E+01 -1.38289E+01 -2.60746E-02  0.00000E+00  0.00000E+00  1.43888E+04
   260  3.18761E-03 -1.38513E+01 -1.38248E+01 -2.65646E-02  0.00000E+00  0.00000E+00  1.40237E+04
   261  3.26564E-03 -1.38476E+01 -1.38205E+01 -2.70607E-02  0.00000E+00  0.00000E+00  1.36674E+04
   262  3.34558E-03 -1.38438E+01 -1.38162E+01 -2.75627E-02  0.00000E+00  0.00000E+00  1.33196E+04
   263  3.42747E-03 -1.38399E+01 -1.38118E+01 -2.80704E-02  0.00000E+00  0.00000E+00  1.29802E+04
   264  3.51135E-03 -1.38359E+01 -1.38073E+01 -2.85840E-02  0.00000E+00  0.00000E+00  1.26489E+04
   265  3.59729E-03 -1.38318E+01 -1.38027E+01 -2.91032E-02  0.00000E+00  0.00000E+00  1.23257E+04
   266  3.68533E-03 -1.38275E+01 -1.37979E+01 -2.96279E-02  0.00000E+00  0.00000E+00  1.20102E+04
   267  3.77552E-03 -1.38232E+01 -1.37931E+01 -3.01581E-02  0.00000E+00  0.00000E+00  1.17023E+04
   268  3.86791E-03 -1.38188E+01 -1.37881E+01 -3.06937E-02  0.00000E+00  0.00000E+00  1.14018E+04
   269  3.96255E-03 -1.38143E+01 -1.37830E+01 -3.12345E-02  0.00000E+00  0.00000E+00  1.11086E+04
   270  4.05951E-03 -1.38096E+01 -1.37778E+01 -3.17803E-02  0.00000E+00  0.00000E+00  1.08224E+04
   271  4.15884E-03 -1.38048E+01 -1.37725E+01 -3.23311E-02  0.00000E+00  0.00000E+00  1.05431E+04
   272  4.26059E-03 -1.38000E+01 -1.37671E+01 -3.28866E-02  0.00000E+00  0.00000E+00  1.02706E+04
   273  4.36483E-03 -1.37950E+01 -1.37615E+01 -3.34468E-02  0.00000E+00  0.00000E+00  1.00046E+04
   274  4.47161E-03 -1.37898E+01 -1.37558E+01 -3.40114E-02  0.00000E+00  0.00000E+00  9.74506E+03
   275  4.58100E-03 -1.37846E+01 -1.37500E+01 -3.45803E-02  0.00000E+00  0.00000E+00  9.49177E+03
   276  4.69306E-03 -1.37792E+01 -1.37440E+01 -3.51533E-02  0.00000E+00  0.00000E+00  9.24459E+03
   277  4.80786E-03 -1.37736E+01 -1.37379E+01 -3.57302E-02  0.00000E+00  0.00000E+00  9.00337E+03
   278  4.92546E-03 -1.37680E+01 -1.37316E+01 -3.63107E-02  0.00000E+00  0.00000E+00  8.76798E+03
   279  5.04593E-03 -1.37621E+01 -1.37253E+01 -3.68947E-02  0.00000E+00  0.00000E+00  8.53828E+03
   280  5.16935E-03 -1.37562E+01 -1.37187E+01 -3.74818E-02  0.00000E+00  0.00000E+00  8.31413E+03
   281  5.29578E-03 -1.37501E+01 -1.37120E+01 -3.80720E-02  0.00000E+00  0.00000E+00  8.09540E+03
   282  5.42529E-03 -1.37438E+01 -1.37052E+01 -3.86648E-02  0.00000E+00  0.00000E+00  7.88197E+03
   283  5.55797E-03 -1.37374E+01 -1.36982E+01 -3.92601E-02  0.00000E+00  0.00000E+00  7.67370E+03
   284  5.69389E-03 -1.37309E+01 -1.36910E+01 -3.98575E-02  0.00000E+00  0.00000E+00  7.47047E+03
   285  5.83313E-03 -1.37241E+01 -1.36837E+01 -4.04569E-02  0.00000E+00  0.00000E+00  7.27217E+03
   286  5.97577E-03 -1.37172E+01 -1.36762E+01 -4.10578E-02  0.00000E+00  0.00000E+00  7.07867E+03
   287  6.12189E-03 -1.37102E+01 -1.36685E+01 -4.16599E-02  0.00000E+00  0.00000E+00  6.88987E+03
   288  6.27157E-03 -1.37029E+01 -1.36607E+01 -4.22630E-02  0.00000E+00  0.00000E+00  6.70566E+03
   289  6.42492E-03 -1.36955E+01 -1.36526E+01 -4.28667E-02  0.00000E+00  0.00000E+00  6.52591E+03
   290  6.58200E-03 -1.36879E+01 -1.36444E+01 -4.34707E-02  0.00000E+00  0.00000E+00  6.35054E+03
   291  6.74292E-03 -1.36801E+01 -1.36360E+01 -4.40746E-02  0.00000E+00  0.00000E+00  6.17943E+03
   292  6.90777E-03 -1.36721E+01 -1.36274E+01 -4.46780E-02  0.00000E+00  0.00000E+00  6.01249E+03
   293  7.07665E-03 -1.36639E+01 -1.36187E+01 -4.52806E-02  0.00000E+00  0.00000E+00  5.84962E+03
   294  7.24964E-03 -1.36556E+01 -1.36097E+01 -4.58819E-02  0.00000E+00  0.00000E+00  5.69072E+03
   295  7.42686E-03 -1.36470E+01 -1.36005E+01 -4.64817E-02  0.00000E+00  0.00000E+00  5.53569E+03
   296  7.60841E-03 -1.36382E+01 -1.35911E+01 -4.70794E-02  0.00000E+00  0.00000E+00  5.38445E+03
   297  7.79438E-03 -1.36292E+01 -1.35815E+01 -4.76747E-02  0.00000E+00  0.00000E+00  5.23691E+03
   298  7.98490E-03 -1.36199E+01 -1.35717E+01 -4.82671E-02  0.00000E+00  0.00000E+00  5.09298E+03
   299  8.18007E-03 -1.36105E+01 -1.35616E+01 -4.88561E-02  0.00000E+00  0.00000E+00  4.95258E+03
   300  8.38000E-03 -1.36008E+01 -1.35514E+01 -4.94415E-02  0.00000E+00  0.00000E+00  4.81562E+03
   301  8.58481E-03 -1.35909E+01 -1.35409E+01 -5.00226E-02  0.00000E+00  0.00000E+00  4.68202E+03
   302  8.79462E-03 -1.35807E+01 -1.35302E+01 -5.05990E-02  0.00000E+00  0.00000E+00  4.55171E+03
   303  9.00955E-03 -1.35704E+01 -1.35192E+01 -5.11703E-02  0.00000E+00  0.00000E+00  4.42460E+03
   304  9.22972E-03 -1.35597E+01 -1.35080E+01 -5.17359E-02  0.00000E+00  0.00000E+00  4.30063E+03
   305  9.45527E-03 -1.35488E+01 -1.34965E+01 -5.22954E-02  0.00000E+00  0.00000E+00  4.17972E+03
   306  9.68632E-03 -1.35376E+01 -1.34848E+01 -5.28483E-02  0.00000E+00  0.00000E+00  4.06179E+03
   307  9.92301E-03 -1.35262E+01 -1.34728E+01 -5.33941E-02  0.00000E+00  0.00000E+00  3.94678E+03
   308  1.01655E-02 -1.35145E+01 -1.34606E+01 -5.39323E-02  0.00000E+00  0.00000E+00  3.83462E+03
   309  1.04139E-02 -1.35026E+01 -1.34481E+01 -5.44623E-02  0.00000E+00  0.00000E+00  3.72525E+03
   310  1.06683E-02 -1.34903E+01 -1.34353E+01 -5.49837E-02  0.00000E+00  0.00000E+00  3.61860E+03
   311  1.09290E-02 -1.34778E+01 -1.34223E+01 -5.54959E-02  0.00000E+00  0.00000E+00  3.51460E+03
   312  1.11960E-02 -1.34649E+01 -1.34089E+01 -5.59984E-02  0.00000E+00  0.00000E+00  3.41320E+03
   313  1.14695E-02 -1.34518E+01 -1.33953E+01 -5.64907E-02  0.00000E+00  0.00000E+00  3.31433E+03
   314  1.17497E-02 -1.34383E+01 -1.33814E+01 -5.69723E-02  0.00000E+00  0.00000E+00  3.21794E+03
   315  1.20367E-02 -1.34246E+01 -1.33671E+01 -5.74426E-02  0.00000E+00  0.00000E+00  3.12397E+03
   316  1.23308E-02 -1.34105E+01 -1.33526E+01 -5.79011E-02  0.00000E+00  0.00000E+00  3.03236E+03
   317  1.26320E-02 -1.33961E+01 -1.33378E+01 -5.83472E-02  0.00000E+00  0.00000E+00  2.94306E+03
   318  1.29405E-02 -1.33814E+01 -1.33226E+01 -5.87806E-02  0.00000E+00  0.00000E+00  2.85601E+03
   319  1.32566E-02 -1.33663E+01 -1.33071E+01 -5.92005E-02  0.00000E+00  0.00000E+00  2.77117E+03
   320  1.35804E-02 -1.33509E+01 -1.32913E+01 -5.96066E-02  0.00000E+00  0.00000E+00  2.68848E+03
   321  1.39121E-02 -1.33351E+01 -1.32751E+01 -5.99982E-02  0.00000E+00  0.00000E+00  2.60789E+03
   322  1.42518E-02 -1.33190E+01 -1.32586E+01 -6.03749E-02  0.00000E+00  0.00000E+00  2.52936E+03
   323  1.45999E-02 -1.33025E+01 -1.32418E+01 -6.07362E-02  0.00000E+00  0.00000E+00  2.45284E+03
   324  1.49565E-02 -1.32857E+01 -1.32246E+01 -6.10815E-02  0.00000E+00  0.00000E+00  2.37828E+03
   325  1.53217E-02 -1.32684E+01 -1.32070E+01 -6.14104E-02  0.00000E+00  0.00000E+00  2.30564E+03
   326  1.56958E-02 -1.32508E+01 -1.31891E+01 -6.17225E-02  0.00000E+00  0.00000E+00  2.23487E+03
   327  1.60791E-02 -1.32328E+01 -1.31708E+01 -6.20171E-02  0.00000E+00  0.00000E+00  2.16593E+03
   328  1.64717E-02 -1.32144E+01 -1.31521E+01 -6.22939E-02  0.00000E+00  0.00000E+00  2.09878E+03
   329  1.68739E-02 -1.31956E+01 -1.31331E+01 -6.25524E-02  0.00000E+00  0.00000E+00  2.03338E+03
   330  1.72859E-02 -1.31764E+01 -1.31136E+01 -6.27922E-02  0.00000E+00  0.00000E+00  1.96969E+03
   331  1.77079E-02 -1.31568E+01 -1.30937E+01 -6.30129E-02  0.00000E+00  0.00000E+00  1.90767E+03
   332  1.81402E-02 -1.31367E+01 -1.30735E+01 -6.32140E-02  0.00000E+00  0.00000E+00  1.84729E+03
   333  1.85831E-02 -1.31162E+01 -1.30528E+01 -6.33952E-02  0.00000E+00  0.00000E+00  1.78849E+03
   334  1.90367E-02 -1.30953E+01 -1.30317E+01 -6.35560E-02  0.00000E+00  0.00000E+00  1.73126E+03
   335  1.95014E-02 -1.30739E+01 -1.30102E+01 -6.36961E-02  0.00000E+00  0.00000E+00  1.67555E+03
   336  1.99775E-02 -1.30521E+01 -1.29883E+01 -6.38153E-02  0.00000E+00  0.00000E+00  1.62133E+03
   337  2.04651E-02 -1.30298E+01 -1.29659E+01 -6.39131E-02  0.00000E+00  0.00000E+00  1.56857E+03
   338  2.09646E-02 -1.30070E+01 -1.29430E+01 -6.39893E-02  0.00000E+00  0.00000E+00  1.51723E+03
   339  2.14762E-02 -1.29838E+01 -1.29197E+01 -6.40436E-02  0.00000E+00  0.00000E+00  1.46728E+03
   340  2.20004E-02 -1.29601E+01 -1.28960E+01 -6.40757E-02  0.00000E+00  0.00000E+00  1.41869E+03
   341  2.25373E-02 -1.29359E+01 -1.28718E+01 -6.40855E-02  0.00000E+00  0.00000E+00  1.37143E+03
   342  2.30872E-02 -1.29112E+01 -1.28471E+01 -6.40727E-02  0.00000E+00  0.00000E+00  1.32547E+03
   343  2.36506E-02 -1.28860E+01 -1.28219E+01 -6.40371E-02  0.00000E+00  0.00000E+00  1.28078E+03
   344  2.42277E-02 -1.28602E+01 -1.27963E+01 -6.39787E-02  0.00000E+00  0.00000E+00  1.23733E+03
   345  2.48188E-02 -1.28340E+01 -1.27701E+01 -6.38972E-02  0.00000E+00  0.00000E+00  1.19509E+03
   346  2.54244E-02 -1.28073E+01 -1.27435E+01 -6.37926E-02  0.00000E+00  0.00000E+00  1.15404E+03
   347  2.60446E-02 -1.27800E+01 -1.27163E+01 -6.36648E-02  0.00000E+00  0.00000E+00  1.11415E+03
   348  2.66800E-02 -1.27521E+01 -1.26886E+01 -6.35138E-02  0.00000E+00  0.00000E+00  1.07539E+03
   349  2.73309E-02 -1.27238E+01 -1.26604E+01 -6.33396E-02  0.00000E+00  0.00000E+00  1.03774E+03
   350  2.79975E-02 -1.26948E+01 -1.26317E+01 -6.31423E-02  0.00000E+00  0.00000E+00  1.00118E+03
   351  2.86804E-02 -1.26653E+01 -1.26024E+01 -6.29218E-02  0.00000E+00  0.00000E+00  9.65667E+02
   352  2.93799E-02 -1.26353E+01 -1.25726E+01 -6.26782E-02  0.00000E+00  0.00000E+00  9.31192E+02
   353  3.00965E-02 -1.26047E+01 -1.25422E+01 -6.24118E-02  0.00000E+00  0.00000E+00  8.97728E+02
   354  3.08305E-02 -1.25734E+01 -1.25113E+01 -6.21226E-02  0.00000E+00  0.00000E+00  8.65252E+02
   355  3.15823E-02 -1.25417E+01 -1.24798E+01 -6.18109E-02  0.00000E+00  0.00000E+00  8.33740E+02
   356  3.23524E-02 -1.25093E+01 -1.24478E+01 -6.14768E-02  0.00000E+00  0.00000E+00  8.03172E+02
   357  3.31412E-02 -1.24763E+01 -1.24151E+01 -6.11207E-02  0.00000E+00  0.00000E+00  7.73526E+02
   358  3.39493E-02 -1.24427E+01 -1.23819E+01 -6.07428E-02  0.00000E+00  0.00000E+00  7.44780E+02
   359  3.47769E-02 -1.24085E+01 -1.23481E+01 -6.03435E-02  0.00000E+00  0.00000E+00  7.16914E+02
   360  3.56247E-02 -1.23736E+01 -1.23137E+01 -5.99231E-02  0.00000E+00  0.00000E+00  6.89907E+02
   361  3.64931E-02 -1.23382E+01 -1.22787E+01 -5.94820E-02  0.00000E+00  0.00000E+00  6.63740E+02
   362  3.73826E-02 -1.23021E+01 -1.22430E+01 -5.90206E-02  0.00000E+00  0.00000E+00  6.38393E+02
   363  3.82937E-02 -1.22653E+01 -1.22068E+01 -5.85394E-02  0.00000E+00  0.00000E+00  6.13846E+02
   364  3.92270E-02 -1.22280E+01 -1.21699E+01 -5.80390E-02  0.00000E+00  0.00000E+00  5.90081E+02
   365  4.01829E-02 -1.21899E+01 -1.21324E+01 -5.75197E-02  0.00000E+00  0.00000E+00  5.67080E+02
   366  4.11621E-02 -1.21512E+01 -1.20942E+01 -5.69822E-02  0.00000E+00  0.00000E+00  5.44823E+02
   367  4.21650E-02 -1.21119E+01 -1.20554E+01 -5.64271E-02  0.00000E+00  0.00000E+00  5.23294E+02
   368  4.31923E-02 -1.20718E+01 -1.20160E+01 -5.58550E-02  0.00000E+00  0.00000E+00  5.02475E+02
   369  4.42445E-02 -1.20311E+01 -1.19759E+01 -5.52665E-02  0.00000E+00  0.00000E+00  4.82348E+02
   370  4.53223E-02 -1.19898E+01 -1.19351E+01 -5.46623E-02  0.00000E+00  0.00000E+00  4.62897E+02
   371  4.64262E-02 -1.19477E+01 -1.18937E+01 -5.40431E-02  0.00000E+00  0.00000E+00  4.44105E+02
   372  4.75570E-02 -1.19049E+01 -1.18515E+01 -5.34097E-02  0.00000E+00  0.00000E+00  4.25955E+02
   373  4.87151E-02 -1.18615E+01 -1.18087E+01 -5.27627E-02  0.00000E+00  0.00000E+00  4.08432E+02
   374  4.99014E-02 -1.18173E+01 -1.17652E+01 -5.21029E-02  0.00000E+00  0.00000E+00  3.91519E+02
   375  5.11164E-02 -1.17724E+01 -1.17210E+01 -5.14312E-02  0.00000E+00  0.00000E+00  3.75201E+02
   376  5.23609E-02 -1.17268E+01 -1.16761E+01 -5.07484E-02  0.00000E+00  0.00000E+00  3.59463E+02
   377  5.36356E-02 -1.16805E+01 -1.16305E+01 -5.00552E-02  0.00000E+00  0.00000E+00  3.44289E+02
   378  5.49412E-02 -1.16335E+01 -1.15841E+01 -4.93525E-02  0.00000E+00  0.00000E+00  3.29665E+02
   379  5.62784E-02 -1.15857E+01 -1.15371E+01 -4.86412E-02  0.00000E+00  0.00000E+00  3.15576E+02
   380  5.76480E-02 -1.15372E+01 -1.14893E+01 -4.79221E-02  0.00000E+00  0.00000E+00  3.02007E+02
   381  5.90508E-02 -1.14880E+01 -1.14408E+01 -4.71962E-02  0.00000E+00  0.00000E+00  2.88944E+02
   382  6.04876E-02 -1.14380E+01 -1.13916E+01 -4.64642E-02  0.00000E+00  0.00000E+00  2.76374E+02
   383  6.19592E-02 -1.13873E+01 -1.13416E+01 -4.57270E-02  0.00000E+00  0.00000E+00  2.64282E+02
   384  6.34664E-02 -1.13358E+01 -1.12908E+01 -4.49857E-02  0.00000E+00  0.00000E+00  2.52655E+02
   385  6.50101E-02 -1.12836E+01 -1.12393E+01 -4.42409E-02  0.00000E+00  0.00000E+00  2.41480E+02
   386  6.65911E-02 -1.12306E+01 -1.11871E+01 -4.34937E-02  0.00000E+00  0.00000E+00  2.30742E+02
   387  6.82105E-02 -1.11768E+01 -1.11341E+01 -4.27449E-02  0.00000E+00  0.00000E+00  2.20430E+02
   388  6.98689E-02 -1.11223E+01 -1.10803E+01 -4.19953E-02  0.00000E+00  0.00000E+00  2.10531E+02
   389  7.15675E-02 -1.10670E+01 -1.10257E+01 -4.12458E-02  0.00000E+00  0.00000E+00  2.01031E+02
   390  7.33072E-02 -1.10109E+01 -1.09704E+01 -4.04973E-02  0.00000E+00  0.00000E+00  1.91919E+02
   391  7.50889E-02 -1.09540E+01 -1.09143E+01 -3.97505E-02  0.00000E+00  0.00000E+00  1.83182E+02
   392  7.69137E-02 -1.08964E+01 -1.08574E+01 -3.90063E-02  0.00000E+00  0.00000E+00  1.74808E+02
   393  7.87825E-02 -1.08379E+01 -1.07997E+01 -3.82655E-02  0.00000E+00  0.00000E+00  1.66785E+02
   394  8.06965E-02 -1.07787E+01 -1.07412E+01 -3.75287E-02  0.00000E+00  0.00000E+00  1.59103E+02
   395  8.26567E-02 -1.07187E+01 -1.06819E+01 -3.67968E-02  0.00000E+00  0.00000E+00  1.51749E+02
   396  8.46642E-02 -1.06579E+01 -1.06218E+01 -3.60705E-02  0.00000E+00  0.00000E+00  1.44712E+02
   397  8.67201E-02 -1.05962E+01 -1.05609E+01 -3.53503E-02  0.00000E+00  0.00000E+00  1.37981E+02
   398  8.88257E-02 -1.05338E+01 -1.04992E+01 -3.46371E-02  0.00000E+00  0.00000E+00  1.31545E+02
   399  9.09820E-02 -1.04706E+01 -1.04366E+01 -3.39312E-02  0.00000E+00  0.00000E+00  1.25394E+02
   400  9.31903E-02 -1.04065E+01 -1.03733E+01 -3.32334E-02  0.00000E+00  0.00000E+00  1.19518E+02
   401  9.54518E-02 -1.03417E+01 -1.03091E+01 -3.25442E-02  0.00000E+00  0.00000E+00  1.13905E+02
   402  9.77678E-02 -1.02760E+01 -1.02441E+01 -3.18640E-02  0.00000E+00  0.00000E+00  1.08547E+02
   403  1.00140E-01 -1.02095E+01 -1.01783E+01 -3.11933E-02  0.00000E+00  0.00000E+00  1.03432E+02
   404  1.02568E-01 -1.01422E+01 -1.01117E+01 -3.05324E-02  0.00000E+00  0.00000E+00  9.85527E+01
   405  1.05056E-01 -1.00741E+01 -1.00442E+01 -2.98819E-02  0.00000E+00  0.00000E+00  9.38985E+01
   406  1.07603E-01 -1.00052E+01 -9.97594E+00 -2.92419E-02  0.00000E+00  0.00000E+00  8.94605E+01
   407  1.10211E-01 -9.93543E+00 -9.90682E+00 -2.86127E-02  0.00000E+00  0.00000E+00  8.52298E+01
   408  1.12883E-01 -9.86487E+00 -9.83687E+00 -2.79946E-02  0.00000E+00  0.00000E+00  8.11977E+01
   409  1.15618E-01 -9.79348E+00 -9.76609E+00 -2.73878E-02  0.00000E+00  0.00000E+00  7.73558E+01
   410  1.18419E-01 -9.72128E+00 -9.69449E+00 -2.67924E-02  0.00000E+00  0.00000E+00  7.36959E+01
   411  1.21287E-01 -9.64826E+00 -9.62205E+00 -2.62084E-02  0.00000E+00  0.00000E+00  7.02099E+01
   412  1.24224E-01 -9.57443E+00 -9.54879E+00 -2.56360E-02  0.00000E+00  0.00000E+00  6.68901E+01
   413  1.27232E-01 -9.49978E+00 -9.47470E+00 -2.50752E-02  0.00000E+00  0.00000E+00  6.37291E+01
   414  1.30311E-01 -9.42432E+00 -9.39980E+00 -2.45259E-02  0.00000E+00  0.00000E+00  6.07195E+01
   415  1.33465E-01 -9.34806E+00 -9.32407E+00 -2.39880E-02  0.00000E+00  0.00000E+00  5.78542E+01
   416  1.36694E-01 -9.27100E+00 -9.24753E+00 -2.34615E-02  0.00000E+00  0.00000E+00  5.51265E+01
   417  1.40000E-01 -9.19313E+00 -9.17019E+00 -2.29462E-02  0.00000E+00  0.00000E+00  5.25299E+01
   418  1.43386E-01 -9.11447E+00 -9.09203E+00 -2.24419E-02  0.00000E+00  0.00000E+00  5.00579E+01
   419  1.46852E-01 -9.03503E+00 -9.01308E+00 -2.19485E-02  0.00000E+00  0.00000E+00  4.77045E+01
   420  1.50401E-01 -8.95480E+00 -8.93334E+00 -2.14657E-02  0.00000E+00  0.00000E+00  4.54639E+01
   421  1.54036E-01 -8.87380E+00 -8.85281E+00 -2.09932E-02  0.00000E+00  0.00000E+00  4.33305E+01
   422  1.57757E-01 -8.79204E+00 -8.77151E+00 -2.05308E-02  0.00000E+00  0.00000E+00  4.12988E+01
   423  1.61566E-01 -8.70952E+00 -8.68944E+00 -2.00782E-02  0.00000E+00  0.00000E+00  3.93637E+01
   424  1.65467E-01 -8.62625E+00 -8.60662E+00 -1.96349E-02  0.00000E+00  0.00000E+00  3.75203E+01
   425  1.69461E-01 -8.54225E+00 -8.52305E+00 -1.92009E-02  0.00000E+00  0.00000E+00  3.57639E+01
   426  1.73549E-01 -8.45752E+00 -8.43874E+00 -1.87755E-02  0.00000E+00  0.00000E+00  3.40901E+01
   427  1.77735E-01 -8.37208E+00 -8.35372E+00 -1.83586E-02  0.00000E+00  0.00000E+00  3.24945E+01
   428  1.82021E-01 -8.28594E+00 -8.26799E+00 -1.79498E-02  0.00000E+00  0.00000E+00  3.09732E+01
   429  1.86409E-01 -8.19912E+00 -8.18157E+00 -1.75487E-02  0.00000E+00  0.00000E+00  2.95222E+01
   430  1.90901E-01 -8.11163E+00 -8.09448E+00 -1.71549E-02  0.00000E+00  0.00000E+00  2.81380E+01
   431  1.95500E-01 -8.02349E+00 -8.00672E+00 -1.67682E-02  0.00000E+00  0.00000E+00  2.68171E+01
   432  2.00207E-01 -7.93472E+00 -7.91833E+00 -1.63881E-02  0.00000E+00  0.00000E+00  2.55563E+01
   433  2.05027E-01 -7.84533E+00 -7.82932E+00 -1.60144E-02  0.00000E+00  0.00000E+00  2.43524E+01
   434  2.09961E-01 -7.75535E+00 -7.73971E+00 -1.56467E-02  0.00000E+00  0.00000E+00  2.32026E+01
   435  2.15011E-01 -7.66480E+00 -7.64951E+00 -1.52847E-02  0.00000E+00  0.00000E+00  2.21042E+01
   436  2.20181E-01 -7.57369E+00 -7.55876E+00 -1.49281E-02  0.00000E+00  0.00000E+00  2.10546E+01
   437  2.25474E-01 -7.48206E+00 -7.46748E+00 -1.45766E-02  0.00000E+00  0.00000E+00  2.00514E+01
   438  2.30891E-01 -7.38992E+00 -7.37569E+00 -1.42300E-02  0.00000E+00  0.00000E+00  1.90922E+01
   439  2.36437E-01 -7.29730E+00 -7.28341E+00 -1.38881E-02  0.00000E+00  0.00000E+00  1.81751E+01
   440  2.42113E-01 -7.20423E+00 -7.19068E+00 -1.35507E-02  0.00000E+00  0.00000E+00  1.72980E+01
   441  2.47923E-01 -7.11073E+00 -7.09752E+00 -1.32175E-02  0.00000E+00  0.00000E+00  1.64590E+01
   442  2.53870E-01 -7.01684E+00 -7.00395E+00 -1.28883E-02  0.00000E+00  0.00000E+00  1.56564E+01
   443  2.59957E-01 -6.92258E+00 -6.91001E+00 -1.25631E-02  0.00000E+00  0.00000E+00  1.48885E+01
   444  2.66187E-01 -6.82797E+00 -6.81573E+00 -1.22418E-02  0.00000E+00  0.00000E+00  1.41537E+01
   445  2.72563E-01 -6.73306E+00 -6.72114E+00 -1.19241E-02  0.00000E+00  0.00000E+00  1.34508E+01
   446  2.79089E-01 -6.63788E+00 -6.62627E+00 -1.16101E-02  0.00000E+00  0.00000E+00  1.27782E+01
   447  2.85768E-01 -6.54244E+00 -6.53114E+00 -1.12998E-02  0.00000E+00  0.00000E+00  1.21347E+01
   448  2.92603E-01 -6.44680E+00 -6.43581E+00 -1.09929E-02  0.00000E+00  0.00000E+00  1.15191E+01
   449  2.99598E-01 -6.35098E+00 -6.34029E+00 -1.06896E-02  0.00000E+00  0.00000E+00  1.09303E+01
   450  3.06757E-01 -6.25501E+00 -6.24462E+00 -1.03899E-02  0.00000E+00  0.00000E+00  1.03672E+01
   451  3.14083E-01 -6.15893E+00 -6.14884E+00 -1.00937E-02  0.00000E+00  0.00000E+00  9.82874E+00
   452  3.21580E-01 -6.06278E+00 -6.05298E+00 -9.80119E-03  0.00000E+00  0.00000E+00  9.31405E+00
   453  3.29251E-01 -5.96658E+00 -5.95707E+00 -9.51232E-03  0.00000E+00  0.00000E+00  8.82220E+00
   454  3.37101E-01 -5.87039E+00 -5.86116E+00 -9.22719E-03  0.00000E+00  0.00000E+00  8.35231E+00
   455  3.45134E-01 -5.77422E+00 -5.76527E+00 -8.94589E-03  0.00000E+00  0.00000E+00  7.90357E+00
   456  3.53353E-01 -5.67812E+00 -5.66945E+00 -8.66848E-03  0.00000E+00  0.00000E+00  7.47519E+00
   457  3.61762E-01 -5.58212E+00 -5.57372E+00 -8.39509E-03  0.00000E+00  0.00000E+00  7.06642E+00
   458  3.70367E-01 -5.48626E+00 -5.47813E+00 -8.12580E-03  0.00000E+00  0.00000E+00  6.67654E+00
   459  3.79170E-01 -5.39057E+00 -5.38271E+00 -7.86073E-03  0.00000E+00  0.00000E+00  6.30485E+00
   460  3.88177E-01 -5.29509E+00 -5.28749E+00 -7.59999E-03  0.00000E+00  0.00000E+00  5.95069E+00
   461  3.97392E-01 -5.19986E+00 -5.19252E+00 -7.34369E-03  0.00000E+00  0.00000E+00  5.61341E+00
   462  4.06819E-01 -5.10490E+00 -5.09781E+00 -7.09195E-03  0.00000E+00  0.00000E+00  5.29239E+00
   463  4.16463E-01 -5.01026E+00 -5.00342E+00 -6.84488E-03  0.00000E+00  0.00000E+00  4.98702E+00
   464  4.26328E-01 -4.91597E+00 -4.90936E+00 -6.60259E-03  0.00000E+00  0.00000E+00  4.69671E+00
   465  4.36420E-01 -4.82205E+00 -4.81569E+00 -6.36519E-03  0.00000E+00  0.00000E+00  4.42090E+00
   466  4.46743E-01 -4.72855E+00 -4.72242E+00 -6.13278E-03  0.00000E+00  0.00000E+00  4.15902E+00
   467  4.57303E-01 -4.63549E+00 -4.62959E+00 -5.90545E-03  0.00000E+00  0.00000E+00  3.91054E+00
   468  4.68103E-01 -4.54291E+00 -4.53723E+00 -5.68329E-03  0.00000E+00  0.00000E+00  3.67493E+00
   469  4.79150E-01 -4.45084E+00 -4.44537E+00 -5.46640E-03  0.00000E+00  0.00000E+00  3.45168E+00
   470  4.90448E-01 -4.35931E+00 -4.35405E+00 -5.25483E-03  0.00000E+00  0.00000E+00  3.24028E+00
   471  5.02004E-01 -4.26833E+00 -4.26329E+00 -5.04865E-03  0.00000E+00  0.00000E+00  3.04025E+00
   472  5.13821E-01 -4.17796E+00 -4.17311E+00 -4.84792E-03  0.00000E+00  0.00000E+00  2.85111E+00
   473  5.25906E-01 -4.08820E+00 -4.08355E+00 -4.65268E-03  0.00000E+00  0.00000E+00  2.67241E+00
   474  5.38265E-01 -3.99909E+00 -3.99463E+00 -4.46296E-03  0.00000E+00  0.00000E+00  2.50367E+00
   475  5.50902E-01 -3.91066E+00 -3.90638E+00 -4.27880E-03  0.00000E+00  0.00000E+00  2.34447E+00
   476  5.63825E-01 -3.82292E+00 -3.81882E+00 -4.10019E-03  0.00000E+00  0.00000E+00  2.19438E+00
   477  5.77038E-01 -3.73590E+00 -3.73197E+00 -3.92714E-03  0.00000E+00  0.00000E+00  2.05298E+00
   478  5.90547E-01 -3.64963E+00 -3.64587E+00 -3.75963E-03  0.00000E+00  0.00000E+00  1.91985E+00
   479  6.04360E-01 -3.56411E+00 -3.56052E+00 -3.59766E-03  0.00000E+00  0.00000E+00  1.79462E+00
   480  6.18481E-01 -3.47939E+00 -3.47595E+00 -3.44118E-03  0.00000E+00  0.00000E+00  1.67689E+00
   481  6.32917E-01 -3.39546E+00 -3.39217E+00 -3.29015E-03  0.00000E+00  0.00000E+00  1.56629E+00
   482  6.47675E-01 -3.31236E+00 -3.30922E+00 -3.14452E-03  0.00000E+00  0.00000E+00  1.46247E+00
   483  6.62761E-01 -3.23011E+00 -3.22710E+00 -3.00422E-03  0.00000E+00  0.00000E+00  1.36507E+00
   484  6.78182E-01 -3.14870E+00 -3.14583E+00 -2.86919E-03  0.00000E+00  0.00000E+00  1.27375E+00
   485  6.93943E-01 -3.06818E+00 -3.06544E+00 -2.73934E-03  0.00000E+00  0.00000E+00  1.18821E+00
   486  7.10053E-01 -2.98854E+00 -2.98593E+00 -2.61457E-03  0.00000E+00  0.00000E+00  1.10811E+00
   487  7.26517E-01 -2.90981E+00 -2.90731E+00 -2.49480E-03  0.00000E+00  0.00000E+00  1.03316E+00
   488  7.43344E-01 -2.83200E+00 -2.82962E+00 -2.37990E-03  0.00000E+00  0.00000E+00  9.63073E-01
   489  7.60539E-01 -2.75511E+00 -2.75284E+00 -2.26978E-03  0.00000E+00  0.00000E+00  8.97565E-01
   490  7.78110E-01 -2.67918E+00 -2.67702E+00 -2.16431E-03  0.00000E+00  0.00000E+00  8.36371E-01
   491  7.96065E-01 -2.60420E+00 -2.60214E+00 -2.06336E-03  0.00000E+00  0.00000E+00  7.79234E-01
   492  8.14410E-01 -2.53020E+00 -2.52823E+00 -1.96680E-03  0.00000E+00  0.00000E+00  7.25912E-01
   493  8.33153E-01 -2.45717E+00 -2.45530E+00 -1.87451E-03  0.00000E+00  0.00000E+00  6.76170E-01
   494  8.52303E-01 -2.38514E+00 -2.38336E+00 -1.78633E-03  0.00000E+00  0.00000E+00  6.29787E-01
   495  8.71865E-01 -2.31412E+00 -2.31241E+00 -1.70214E-03  0.00000E+00  0.00000E+00  5.86549E-01
   496  8.91849E-01 -2.24411E+00 -2.24248E+00 -1.62179E-03  0.00000E+00  0.00000E+00  5.46258E-01
   497  9.12261E-01 -2.17512E+00 -2.17358E+00 -1.54513E-03  0.00000E+00  0.00000E+00  5.08721E-01
   498  9.33111E-01 -2.10718E+00 -2.10570E+00 -1.47202E-03  0.00000E+00  0.00000E+00  4.73758E-01
   499  9.54406E-01 -2.04028E+00 -2.03887E+00 -1.40232E-03  0.00000E+00  0.00000E+00  4.41199E-01
   500  9.76153E-01 -1.97444E+00 -1.97310E+00 -1.33588E-03  0.00000E+00  0.00000E+00  4.10881E-01
   501  9.98362E-01 -1.90966E+00 -1.90839E+00 -1.27256E-03  0.00000E+00  0.00000E+00  3.82654E-01
   502  1.02104E+00 -1.84597E+00 -1.84475E+00 -1.21221E-03  0.00000E+00  0.00000E+00  3.56373E-01
   503  1.04420E+00 -1.78336E+00 -1.78220E+00 -1.15471E-03  0.00000E+00  0.00000E+00  3.31905E-01
   504  1.06784E+00 -1.72185E+00 -1.72075E+00 -1.09992E-03  0.00000E+00  0.00000E+00  3.09123E-01
   505  1.09198E+00 -1.66144E+00 -1.66040E+00 -1.04769E-03  0.00000E+00  0.00000E+00  2.87909E-01
   506  1.11662E+00 -1.60216E+00 -1.60116E+00 -9.97916E-04  0.00000E+00  0.00000E+00  2.68154E-01
   507  1.14178E+00 -1.54400E+00 -1.54305E+00 -9.50459E-04  0.00000E+00  0.00000E+00  2.49753E-01
   508  1.16746E+00 -1.48697E+00 -1.48607E+00 -9.05205E-04  0.00000E+00  0.00000E+00  2.32610E-01
   509  1.19366E+00 -1.43110E+00 -1.43023E+00 -8.62037E-04  0.00000E+00  0.00000E+00  2.16637E-01
   510  1.22041E+00 -1.37637E+00 -1.37555E+00 -8.20847E-04  0.00000E+00  0.00000E+00  2.01749E-01
   511  1.24771E+00 -1.32281E+00 -1.32203E+00 -7.81528E-04  0.00000E+00  0.00000E+00  1.87870E-01
   512  1.27556E+00 -1.27042E+00 -1.26967E+00 -7.43983E-04  0.00000E+00  0.00000E+00  1.74927E-01
   513  1.30398E+00 -1.21920E+00 -1.21849E+00 -7.08115E-04  0.00000E+00  0.00000E+00  1.62855E-01
   514  1.33298E+00 -1.16917E+00 -1.16850E+00 -6.73837E-04  0.00000E+00  0.00000E+00  1.51591E-01
   515  1.36256E+00 -1.12034E+00 -1.11970E+00 -6.41064E-04  0.00000E+00  0.00000E+00  1.41079E-01
   516  1.39273E+00 -1.07270E+00 -1.07209E+00 -6.09717E-04  0.00000E+00  0.00000E+00  1.31266E-01
   517  1.42352E+00 -1.02626E+00 -1.02568E+00 -5.79724E-04  0.00000E+00  0.00000E+00  1.22103E-01
   518  1.45491E+00 -9.81031E-01 -9.80480E-01 -5.51014E-04  0.00000E+00  0.00000E+00  1.13546E-01
   519  1.48693E+00 -9.37013E-01 -9.36489E-01 -5.23525E-04  0.00000E+00  0.00000E+00  1.05554E-01
   520  1.51958E+00 -8.94208E-01 -8.93711E-01 -4.97196E-04  0.00000E+00  0.00000E+00  9.80867E-02
   521  1.55288E+00 -8.52618E-01 -8.52146E-01 -4.71973E-04  0.00000E+00  0.00000E+00  9.11106E-02
   522  1.58683E+00 -8.12243E-01 -8.11796E-01 -4.47805E-04  0.00000E+00  0.00000E+00  8.45924E-02
   523  1.62144E+00 -7.73084E-01 -7.72659E-01 -4.24645E-04  0.00000E+00  0.00000E+00  7.85021E-02
   524  1.65672E+00 -7.35137E-01 -7.34734E-01 -4.02449E-04  0.00000E+00  0.00000E+00  7.28118E-02
   525  1.69268E+00 -6.98399E-01 -6.98018E-01 -3.81177E-04  0.00000E+00  0.00000E+00  6.74957E-02
   526  1.72934E+00 -6.62868E-01 -6.62507E-01 -3.60792E-04  0.00000E+00  0.00000E+00  6.25300E-02
   527  1.76670E+00 -6.28535E-01 -6.28194E-01 -3.41260E-04  0.00000E+00  0.00000E+00  5.78925E-02
   528  1.80477E+00 -5.95395E-01 -5.95073E-01 -3.22550E-04  0.00000E+00  0.00000E+00  5.35627E-02
   529  1.84356E+00 -5.63439E-01 -5.63135E-01 -3.04631E-04  0.00000E+00  0.00000E+00  4.95214E-02
   530  1.88309E+00 -5.32657E-01 -5.32369E-01 -2.87477E-04  0.00000E+00  0.00000E+00  4.57508E-02
   531  1.92335E+00 -5.03037E-01 -5.02766E-01 -2.71062E-04  0.00000E+00  0.00000E+00  4.22343E-02
   532  1.96437E+00 -4.74567E-01 -4.74312E-01 -2.55361E-04  0.00000E+00  0.00000E+00  3.89565E-02
   533  2.00614E+00 -4.47233E-01 -4.46993E-01 -2.40354E-04  0.00000E+00  0.00000E+00  3.59027E-02
   534  2.04869E+00 -4.21018E-01 -4.20792E-01 -2.26017E-04  0.00000E+00  0.00000E+00  3.30594E-02
   535  2.09202E+00 -3.95907E-01 -3.95695E-01 -2.12331E-04  0.00000E+00  0.00000E+00  3.04138E-02
   536  2.13615E+00 -3.71881E-01 -3.71682E-01 -1.99277E-04  0.00000E+00  0.00000E+00  2.79538E-02
   537  2.18107E+00 -3.48920E-01 -3.48733E-01 -1.86834E-04  0.00000E+00  0.00000E+00  2.56682E-02
   538  2.22680E+00 -3.27004E-01 -3.26829E-01 -1.74986E-04  0.00000E+00  0.00000E+00  2.35464E-02
   539  2.27336E+00 -3.06111E-01 -3.05947E-01 -1.63713E-04  0.00000E+00  0.00000E+00  2.15781E-02
   540  2.32074E+00 -2.86217E-01 -2.86064E-01 -1.53000E-04  0.00000E+00  0.00000E+00  1.97540E-02
   541  2.36896E+00 -2.67300E-01 -2.67158E-01 -1.42827E-04  0.00000E+00  0.00000E+00  1.80651E-02
   542  2.41804E+00 -2.49335E-01 -2.49202E-01 -1.33179E-04  0.00000E+00  0.00000E+00  1.65028E-02
   543  2.46797E+00 -2.32295E-01 -2.32171E-01 -1.24039E-04  0.00000E+00  0.00000E+00  1.50590E-02
   544  2.51877E+00 -2.16154E-01 -2.16039E-01 -1.15390E-04  0.00000E+00  0.00000E+00  1.37263E-02
   545  2.57045E+00 -2.00885E-01 -2.00778E-01 -1.07214E-04  0.00000E+00  0.00000E+00  1.24973E-02
   546  2.62302E+00 -1.86461E-01 -1.86361E-01 -9.94969E-05  0.00000E+00  0.00000E+00  1.13652E-02
   547  2.67648E+00 -1.72853E-01 -1.72761E-01 -9.22206E-05  0.00000E+00  0.00000E+00  1.03235E-02
   548  2.73086E+00 -1.60033E-01 -1.59948E-01 -8.53692E-05  0.00000E+00  0.00000E+00  9.36623E-03
   549  2.78614E+00 -1.47972E-01 -1.47893E-01 -7.89262E-05  0.00000E+00  0.00000E+00  8.48746E-03
   550  2.84235E+00 -1.36641E-01 -1.36569E-01 -7.28755E-05  0.00000E+00  0.00000E+00  7.68177E-03
   551  2.89950E+00 -1.26012E-01 -1.25945E-01 -6.72009E-05  0.00000E+00  0.00000E+00  6.94397E-03
   552  2.95758E+00 -1.16054E-01 -1.15992E-01 -6.18864E-05  0.00000E+00  0.00000E+00  6.26920E-03
   553  3.01662E+00 -1.06739E-01 -1.06683E-01 -5.69162E-05  0.00000E+00  0.00000E+00  5.65285E-03
   554  3.07661E+00 -9.80391E-02 -9.79868E-02 -5.22746E-05  0.00000E+00  0.00000E+00  5.09058E-03
   555  3.13758E+00 -8.99246E-02 -8.98767E-02 -4.79461E-05  0.00000E+00  0.00000E+00  4.57833E-03
   556  3.19952E+00 -8.23678E-02 -8.23239E-02 -4.39156E-05  0.00000E+00  0.00000E+00  4.11227E-03
   557  3.26244E+00 -7.53408E-02 -7.53007E-02 -4.01681E-05  0.00000E+00  0.00000E+00  3.68879E-03
   558  3.32636E+00 -6.88165E-02 -6.87798E-02 -3.66889E-05  0.00000E+00  0.00000E+00  3.30454E-03
   559  3.39128E+00 -6.27682E-02 -6.27347E-02 -3.34638E-05  0.00000E+00  0.00000E+00  2.95634E-03
   560  3.45721E+00 -5.71697E-02 -5.71392E-02 -3.04786E-05  0.00000E+00  0.00000E+00  2.64127E-03
   561  3.52415E+00 -5.19957E-02 -5.19680E-02 -2.77199E-05  0.00000E+00  0.00000E+00  2.35657E-03
   562  3.59211E+00 -4.72214E-02 -4.71962E-02 -2.51745E-05  0.00000E+00  0.00000E+00  2.09967E-03
   563  3.66111E+00 -4.28229E-02 -4.28001E-02 -2.28294E-05  0.00000E+00  0.00000E+00  1.86820E-03
   564  3.73114E+00 -3.87770E-02 -3.87563E-02 -2.06724E-05  0.00000E+00  0.00000E+00  1.65993E-03
   565  3.80222E+00 -3.50614E-02 -3.50428E-02 -1.86915E-05  0.00000E+00  0.00000E+00  1.47281E-03
   566  3.87436E+00 -3.16547E-02 -3.16378E-02 -1.68753E-05  0.00000E+00  0.00000E+00  1.30494E-03
   567  3.94754E+00 -2.85361E-02 -2.85209E-02 -1.52128E-05  0.00000E+00  0.00000E+00  1.15457E-03
   568  4.02180E+00 -2.56860E-02 -2.56723E-02 -1.36933E-05  0.00000E+00  0.00000E+00  1.02006E-03
   569  4.09712E+00 -2.30855E-02 -2.30732E-02 -1.23069E-05  0.00000E+00  0.00000E+00  8.99931E-04
   570  4.17353E+00 -2.07166E-02 -2.07055E-02 -1.10441E-05  0.00000E+00  0.00000E+00  7.92800E-04
   571  4.25101E+00 -1.85623E-02 -1.85524E-02 -9.89559E-06  0.00000E+00  0.00000E+00  6.97408E-04
   572  4.32959E+00 -1.66063E-02 -1.65975E-02 -8.85288E-06  0.00000E+00  0.00000E+00  6.12597E-04
   573  4.40926E+00 -1.48335E-02 -1.48256E-02 -7.90776E-06  0.00000E+00  0.00000E+00  5.37310E-04
   574  4.49003E+00 -1.32292E-02 -1.32222E-02 -7.05254E-06  0.00000E+00  0.00000E+00  4.70580E-04
   575  4.57190E+00 -1.17801E-02 -1.17738E-02 -6.27998E-06  0.00000E+00  0.00000E+00  4.11527E-04
   576  4.65488E+00 -1.04731E-02 -1.04676E-02 -5.58326E-06  0.00000E+00  0.00000E+00  3.59348E-04
   577  4.73898E+00 -9.29653E-03 -9.29157E-03 -4.95600E-06  0.00000E+00  0.00000E+00  3.13316E-04
   578  4.82420E+00 -8.23903E-03 -8.23464E-03 -4.39225E-06  0.00000E+00  0.00000E+00  2.72771E-04
   579  4.91054E+00 -7.29021E-03 -7.28632E-03 -3.88643E-06  0.00000E+00  0.00000E+00  2.37114E-04
   580  4.99801E+00 -6.44036E-03 -6.43692E-03 -3.43337E-06  0.00000E+00  0.00000E+00  2.05807E-04
   581  5.08660E+00 -5.68047E-03 -5.67744E-03 -3.02827E-06  0.00000E+00  0.00000E+00  1.78362E-04
   582  5.17634E+00 -5.00218E-03 -4.99952E-03 -2.66668E-06  0.00000E+00  0.00000E+00  1.54342E-04
   583  5.26721E+00 -4.39779E-03 -4.39545E-03 -2.34448E-06  0.00000E+00  0.00000E+00  1.33352E-04
   584  5.35922E+00 -3.86018E-03 -3.85812E-03 -2.05787E-06  0.00000E+00  0.00000E+00  1.15041E-04
   585  5.45238E+00 -3.38280E-03 -3.38099E-03 -1.80338E-06  0.00000E+00  0.00000E+00  9.90916E-05
   586  5.54668E+00 -2.95964E-03 -2.95806E-03 -1.57779E-06  0.00000E+00  0.00000E+00  8.52220E-05
   587  5.64214E+00 -2.58519E-03 -2.58381E-03 -1.37817E-06  0.00000E+00  0.00000E+00  7.31806E-05
   588  5.73874E+00 -2.25444E-03 -2.25324E-03 -1.20185E-06  0.00000E+00  0.00000E+00  6.27435E-05
   589  5.83650E+00 -1.96279E-03 -1.96174E-03 -1.04637E-06  0.00000E+00  0.00000E+00  5.37116E-05
   590  5.93542E+00 -1.70607E-03 -1.70516E-03 -9.09513E-07  0.00000E+00  0.00000E+00  4.59085E-05
   591  6.03549E+00 -1.48050E-03 -1.47971E-03 -7.89260E-07  0.00000E+00  0.00000E+00  3.91780E-05
   592  6.13673E+00 -1.28264E-03 -1.28196E-03 -6.83782E-07  0.00000E+00  0.00000E+00  3.33823E-05
   593  6.23912E+00 -1.10940E-03 -1.10881E-03 -5.91426E-07  0.00000E+00  0.00000E+00  2.83996E-05
   594  6.34268E+00 -9.57982E-04 -9.57471E-04 -5.10703E-07  0.00000E+00  0.00000E+00  2.41230E-05
   595  6.44740E+00 -8.25867E-04 -8.25426E-04 -4.40272E-07  0.00000E+00  0.00000E+00  2.04584E-05
   596  6.55328E+00 -7.10799E-04 -7.10420E-04 -3.78929E-07  0.00000E+00  0.00000E+00  1.73235E-05
   597  6.66033E+00 -6.10755E-04 -6.10429E-04 -3.25595E-07  0.00000E+00  0.00000E+00  1.46460E-05
   598  6.76854E+00 -5.23927E-04 -5.23648E-04 -2.79307E-07  0.00000E+00  0.00000E+00  1.23630E-05
   599  6.87791E+00 -4.48703E-04 -4.48463E-04 -2.39205E-07  0.00000E+00  0.00000E+00  1.04195E-05
   600  6.98845E+00 -3.83645E-04 -3.83441E-04 -2.04523E-07  0.00000E+00  0.00000E+00  8.76790E-06
   601  7.10015E+00 -3.27480E-04 -3.27306E-04 -1.74581E-07  0.00000E+00  0.00000E+00  7.36655E-06
   602  7.21302E+00 -2.79077E-04 -2.78928E-04 -1.48777E-07  0.00000E+00  0.00000E+00  6.17951E-06
   603  7.32705E+00 -2.37437E-04 -2.37310E-04 -1.26578E-07  0.00000E+00  0.00000E+00  5.17567E-06
   604  7.44224E+00 -2.01678E-04 -2.01570E-04 -1.07515E-07  0.00000E+00  0.00000E+00  4.32814E-06
   605  7.55859E+00 -1.71022E-04 -1.70931E-04 -9.11726E-08  0.00000E+00  0.00000E+00  3.61376E-06
   606  7.67609E+00 -1.44789E-04 -1.44712E-04 -7.71874E-08  0.00000E+00  0.00000E+00  3.01260E-06
   607  7.79476E+00 -1.22378E-04 -1.22313E-04 -6.52403E-08  0.00000E+00  0.00000E+00  2.50755E-06
   608  7.91458E+00 -1.03267E-04 -1.03212E-04 -5.50522E-08  0.00000E+00  0.00000E+00  2.08392E-06
   609  8.03556E+00 -8.69984E-05 -8.69520E-05 -4.63791E-08  0.00000E+00  0.00000E+00  1.72919E-06
   610  8.15768E+00 -7.31729E-05 -7.31339E-05 -3.90087E-08  0.00000E+00  0.00000E+00  1.43262E-06
   611  8.28096E+00 -6.14444E-05 -6.14116E-05 -3.27562E-08  0.00000E+00  0.00000E+00  1.18508E-06
   612  8.40538E+00 -5.15119E-05 -5.14844E-05 -2.74612E-08  0.00000E+00  0.00000E+00  9.78806E-07
   613  8.53095E+00 -4.31150E-05 -4.30920E-05 -2.29848E-08  0.00000E+00  0.00000E+00  8.07193E-07
   614  8.65767E+00 -3.60285E-05 -3.60093E-05 -1.92069E-08  0.00000E+00  0.00000E+00  6.64649E-07
   615  8.78552E+00 -3.00582E-05 -3.00422E-05 -1.60241E-08  0.00000E+00  0.00000E+00  5.46440E-07
   616  8.91450E+00 -2.50369E-05 -2.50235E-05 -1.33473E-08  0.00000E+00  0.00000E+00  4.48570E-07
   617  9.04462E+00 -2.08209E-05 -2.08098E-05 -1.10997E-08  0.00000E+00  0.00000E+00  3.67669E-07
   618  9.17588E+00 -1.72872E-05 -1.72780E-05 -9.21586E-09  0.00000E+00  0.00000E+00  3.00901E-07
   619  9.30825E+00 -1.43303E-05 -1.43227E-05 -7.63954E-09  0.00000E+00  0.00000E+00  2.45886E-07
   620  9.44175E+00 -1.18603E-05 -1.18540E-05 -6.32276E-09  0.00000E+00  0.00000E+00  2.00627E-07
   621  9.57637E+00 -9.80046E-06 -9.79523E-06 -5.22466E-09  0.00000E+00  0.00000E+00  1.63453E-07
   622  9.71211E+00 -8.08557E-06 -8.08126E-06 -4.31045E-09  0.00000E+00  0.00000E+00  1.32967E-07
   623  9.84896E+00 -6.66026E-06 -6.65670E-06 -3.55061E-09  0.00000E+00  0.00000E+00  1.08006E-07
   624  9.98691E+00 -5.47759E-06 -5.47467E-06 -2.92012E-09  0.00000E+00  0.00000E+00  8.76002E-08
   625  1.01260E+01 -4.49789E-06 -4.49549E-06 -2.39784E-09  0.00000E+00  0.00000E+00  7.09446E-08
   626  1.02661E+01 -3.68767E-06 -3.68570E-06 -1.96591E-09  0.00000E+00  0.00000E+00  5.73710E-08
   627  1.04074E+01 -3.01871E-06 -3.01710E-06 -1.60929E-09  0.00000E+00  0.00000E+00  4.63262E-08
   628  1.05497E+01 -2.46729E-06 -2.46597E-06 -1.31532E-09  0.00000E+00  0.00000E+00  3.73530E-08
   629  1.06931E+01 -2.01349E-06 -2.01242E-06 -1.07340E-09  0.00000E+00  0.00000E+00  3.00740E-08
   630  1.08377E+01 -1.64065E-06 -1.63977E-06 -8.74635E-10  0.00000E+00  0.00000E+00  2.41784E-08
   631  1.09832E+01 -1.33481E-06 -1.33409E-06 -7.11590E-10  0.00000E+00  0.00000E+00  1.94104E-08
   632  1.11299E+01 -1.08433E-06 -1.08375E-06 -5.78061E-10  0.00000E+00  0.00000E+00  1.55603E-08
   633  1.12776E+01 -8.79527E-07 -8.79058E-07 -4.68879E-10  0.00000E+00  0.00000E+00  1.24560E-08
   634  1.14264E+01 -7.12334E-07 -7.11954E-07 -3.79748E-10  0.00000E+00  0.00000E+00  9.95683E-09
   635  1.15762E+01 -5.76060E-07 -5.75753E-07 -3.07100E-10  0.00000E+00  0.00000E+00  7.94781E-09
   636  1.17271E+01 -4.65164E-07 -4.64916E-07 -2.47981E-10  0.00000E+00  0.00000E+00  6.33521E-09
   637  1.18791E+01 -3.75060E-07 -3.74860E-07 -1.99946E-10  0.00000E+00  0.00000E+00  5.04272E-09
   638  1.20320E+01 -3.01964E-07 -3.01803E-07 -1.60978E-10  0.00000E+00  0.00000E+00  4.00832E-09
   639  1.21861E+01 -2.42757E-07 -2.42628E-07 -1.29415E-10  0.00000E+00  0.00000E+00  3.18168E-09
   640  1.23411E+01 -1.94875E-07 -1.94771E-07 -1.03889E-10  0.00000E+00  0.00000E+00  2.52203E-09
   641  1.24972E+01 -1.56211E-07 -1.56128E-07 -8.32766E-11  0.00000E+00  0.00000E+00  1.99640E-09
   642  1.26542E+01 -1.25037E-07 -1.24971E-07 -6.66578E-11  0.00000E+00  0.00000E+00  1.57816E-09
   643  1.28123E+01 -9.99411E-08 -9.98878E-08 -5.32790E-11  0.00000E+00  0.00000E+00  1.24584E-09
   644  1.29714E+01 -7.97682E-08 -7.97257E-08 -4.25247E-11  0.00000E+00  0.00000E+00  9.82176E-10
   645  1.31315E+01 -6.35769E-08 -6.35430E-08 -3.38931E-11  0.00000E+00  0.00000E+00  7.73271E-10
   646  1.32926E+01 -5.06007E-08 -5.05738E-08 -2.69755E-11  0.00000E+00  0.00000E+00  6.07986E-10
   647  1.34547E+01 -4.02166E-08 -4.01952E-08 -2.14396E-11  0.00000E+00  0.00000E+00  4.77396E-10
   648  1.36178E+01 -3.19190E-08 -3.19020E-08 -1.70162E-11  0.00000E+00  0.00000E+00  3.74361E-10
   649  1.37818E+01 -2.52983E-08 -2.52848E-08 -1.34866E-11  0.00000E+00  0.00000E+00  2.93179E-10
   650  1.39468E+01 -2.00233E-08 -2.00126E-08 -1.06745E-11  0.00000E+00  0.00000E+00  2.29302E-10
   651  1.41128E+01 -1.58266E-08 -1.58181E-08 -8.43721E-12  0.00000E+00  0.00000E+00  1.79110E-10
   652  1.42798E+01 -1.24924E-08 -1.24858E-08 -6.65977E-12  0.00000E+00  0.00000E+00  1.39725E-10
   653  1.44476E+01 -9.84737E-09 -9.84212E-09 -5.24968E-12  0.00000E+00  0.00000E+00  1.08861E-10
   654  1.46165E+01 -7.75195E-09 -7.74782E-09 -4.13260E-12  0.00000E+00  0.00000E+00  8.47064E-11
   655  1.47863E+01 -6.09429E-09 -6.09104E-09 -3.24889E-12  0.00000E+00  0.00000E+00  6.58283E-11
   656  1.49570E+01 -4.78475E-09 -4.78220E-09 -2.55077E-12  0.00000E+00  0.00000E+00  5.10932E-11
   657  1.51286E+01 -3.75167E-09 -3.74967E-09 -2.00003E-12  0.00000E+00  0.00000E+00  3.96071E-11
   658  1.53012E+01 -2.93779E-09 -2.93623E-09 -1.56615E-12  0.00000E+00  0.00000E+00  3.06651E-11
   659  1.54747E+01 -2.29749E-09 -2.29627E-09 -1.22481E-12  0.00000E+00  0.00000E+00  2.37127E-11
   660  1.56491E+01 -1.79443E-09 -1.79348E-09 -9.56622E-13  0.00000E+00  0.00000E+00  1.83142E-11
   661  1.58244E+01 -1.39973E-09 -1.39898E-09 -7.46203E-13  0.00000E+00  0.00000E+00  1.41275E-11
   662  1.60006E+01 -1.09045E-09 -1.08987E-09 -5.81328E-13  0.00000E+00  0.00000E+00  1.08848E-11
   663  1.61776E+01 -8.48442E-10 -8.47990E-10 -4.52311E-13  0.00000E+00  0.00000E+00  8.37639E-12
   664  1.63556E+01 -6.59312E-10 -6.58961E-10 -3.51485E-13  0.00000E+00  0.00000E+00  6.43836E-12
   665  1.65345E+01 -5.11705E-10 -5.11433E-10 -2.72795E-13  0.00000E+00  0.00000E+00  4.94290E-12
   666  1.67142E+01 -3.96653E-10 -3.96442E-10 -2.11460E-13  0.00000E+00  0.00000E+00  3.79034E-12
   667  1.68948E+01 -3.07092E-10 -3.06928E-10 -1.63714E-13  0.00000E+00  0.00000E+00  2.90315E-12
   668  1.70762E+01 -2.37462E-10 -2.37335E-10 -1.26595E-13  0.00000E+00  0.00000E+00  2.22105E-12
   669  1.72586E+01 -1.83398E-10 -1.83300E-10 -9.77729E-14  0.00000E+00  0.00000E+00  1.69726E-12
   670  1.74417E+01 -1.41472E-10 -1.41396E-10 -7.54222E-14  0.00000E+00  0.00000E+00  1.29552E-12
   671  1.76257E+01 -1.09000E-10 -1.08942E-10 -5.81114E-14  0.00000E+00  0.00000E+00  9.87757E-13
   672  1.78105E+01 -8.38834E-11 -8.38387E-11 -4.47207E-14  0.00000E+00  0.00000E+00  7.52258E-13
   673  1.79962E+01 -6.44753E-11 -6.44409E-11 -3.43752E-14  0.00000E+00  0.00000E+00  5.72269E-13
   674  1.81827E+01 -4.95015E-11 -4.94751E-11 -2.63922E-14  0.00000E+00  0.00000E+00  4.34863E-13
   675  1.83700E+01 -3.79597E-11 -3.79394E-11 -2.02396E-14  0.00000E+00  0.00000E+00  3.30086E-13
   676  1.85581E+01 -2.90749E-11 -2.90594E-11 -1.55034E-14  0.00000E+00  0.00000E+00  2.50282E-13
   677  1.87470E+01 -2.22447E-11 -2.22329E-11 -1.18620E-14  0.00000E+00  0.00000E+00  1.89567E-13
   678  1.89368E+01 -1.69999E-11 -1.69909E-11 -9.06562E-15  0.00000E+00  0.00000E+00  1.43426E-13
   679  1.91273E+01 -1.29761E-11 -1.29692E-11 -6.92066E-15  0.00000E+00  0.00000E+00  1.08400E-13
   680  1.93186E+01 -9.89248E-12 -9.88720E-12 -5.27732E-15  0.00000E+00  0.00000E+00  8.18414E-14
   681  1.95107E+01 -7.53400E-12 -7.52998E-12 -4.01973E-15  0.00000E+00  0.00000E+00  6.17249E-14
   682  1.97035E+01 -5.73003E-12 -5.72697E-12 -3.05847E-15  0.00000E+00  0.00000E+00  4.65045E-14
   683  1.98972E+01 -4.35262E-12 -4.35030E-12 -2.32454E-15  0.00000E+00  0.00000E+00  3.50011E-14
   684  2.00916E+01 -3.30224E-12 -3.30047E-12 -1.76482E-15  0.00000E+00  0.00000E+00  2.63161E-14
   685  2.02867E+01 -2.50245E-12 -2.50111E-12 -1.33843E-15  0.00000E+00  0.00000E+00  1.97660E-14
   686  2.04826E+01 -1.89461E-12 -1.89360E-12 -1.01398E-15  0.00000E+00  0.00000E+00  1.48313E-14
   687  2.06793E+01 -1.43251E-12 -1.43174E-12 -7.67366E-16  0.00000E+00  0.00000E+00  1.11174E-14
   688  2.08767E+01 -1.08061E-12 -1.08002E-12 -5.80124E-16  0.00000E+00  0.00000E+00  8.32520E-15
   689  2.10748E+01 -8.15786E-13 -8.15348E-13 -4.38113E-16  0.00000E+00  0.00000E+00  6.22813E-15
   690  2.12737E+01 -6.14950E-13 -6.14619E-13 -3.30524E-16  0.00000E+00  0.00000E+00  4.65474E-15
   691  2.14732E+01 -4.62102E-13 -4.61853E-13 -2.49100E-16  0.00000E+00  0.00000E+00  3.47545E-15
   692  2.16735E+01 -3.46577E-13 -3.46390E-13 -1.87544E-16  0.00000E+00  0.00000E+00  2.59244E-15
   693  2.18746E+01 -2.57713E-13 -2.57572E-13 -1.41057E-16  0.00000E+00  0.00000E+00  1.93192E-15
   694  2.20763E+01 -1.93729E-13 -1.93623E-13 -1.05986E-16  0.00000E+00  0.00000E+00  1.43833E-15
   695  2.22787E+01 -1.43964E-13 -1.43885E-13 -7.95563E-17  0.00000E+00  0.00000E+00  1.06984E-15
   696  2.24818E+01 -1.06641E-13 -1.06581E-13 -5.96583E-17  0.00000E+00  0.00000E+00  7.95014E-16
   697  2.26856E+01 -4.46933E-17 -0.00000E+00 -4.46933E-17  0.00000E+00  0.00000E+00  5.90238E-16
   698  2.26856E+01 -0.00000E+00 -0.00000E+00  0.00000E+00  0.00000E+00  0.00000E+00  0.00000E+00
   699  4.53712E+01 -0.00000E+00 -0.00000E+00  0.00000E+00  0.00000E+00  0.00000E+00  0.00000E+00
   700  9.07425E+01 -0.00000E+00 -0.00000E+00  0.00000E+00  0.00000E+00  0.00000E+00  0.00000E+00
   701  1.81485E+02 -0.00000E+00 -0.00000E+00  0.00000E+00  0.00000E+00  0.00000E+00  0.00000E+00
   702  3.62970E+02 -0.00000E+00 -0.00000E+00  0.00000E+00  0.00000E+00  0.00000E+00  0.00000E+00
   703  7.25940E+02 -0.00000E+00 -0.00000E+00  0.00000E+00  0.00000E+00  0.00000E+00  0.00000E+00
   704  1.45188E+03 -0.00000E+00 -0.00000E+00  0.00000E+00  0.00000E+00  0.00000E+00  0.00000E+00
   705  2.90376E+03 -0.00000E+00 -0.00000E+00  0.00000E+00  0.00000E+00  0.00000E+00  0.00000E+00
   706  5.80752E+03 -0.00000E+00 -0.00000E+00  0.00000E+00  0.00000E+00  0.00000E+00  0.00000E+00
   707  1.16150E+04 -0.00000E+00 -0.00000E+00  0.00000E+00  0.00000E+00  0.00000E+00  0.00000E+00
