1.05093e-1 3.69826e+0
1.06874e-1 6.70346e+0
1.12881e-1 1.68364e+1
3.87061e-1 3.69156e+0
3.88836e-1 6.68671e+0
3.94854e-1 1.68381e+1
6.60740e-1 3.69156e+0
6.62502e-1 6.66478e+0
6.68487e-1 1.67613e+1
9.34419e-1 3.69156e+0
9.36157e-1 6.62458e+0
9.50425e-1 1.67041e+1
1.20810e+0 3.69156e+0
1.20828e+0 1.65868e+1
1.20982e+0 6.60082e+0
1.48178e+0 3.69156e+0
1.48349e+0 6.58986e+0
1.48934e+0 1.64452e+1
1.75546e+0 3.69156e+0
1.75718e+0 6.59717e+0
1.76290e+0 1.62496e+1
2.02913e+0 3.69156e+0
2.03082e+0 6.53321e+0
2.05029e+0 1.60608e+1
2.30281e+0 3.69156e+0
2.30448e+0 6.50580e+0
2.31001e+0 1.58312e+1
2.53503e+0 3.69491e+0
2.57815e+0 6.48387e+0
2.58352e+0 1.55534e+1
2.77554e+0 3.71166e+0
2.85179e+0 6.42539e+0
2.85703e+0 1.52628e+1
3.07571e+0 6.42539e+0
3.13051e+0 1.49357e+1
3.28020e+0 3.62551e+0
3.39910e+0 6.34498e+0
3.40396e+0 1.45428e+1
3.54676e+0 3.61115e+0
3.66447e+0 6.31818e+0
3.67742e+0 1.41719e+1
3.82044e+0 3.61115e+0
3.92597e+0 1.37469e+1
3.94641e+0 6.26458e+0
4.09410e+0 3.58191e+0
4.14964e+0 1.33314e+1
4.22005e+0 6.19148e+0
4.28072e+0 3.61115e+0
4.37330e+0 1.29026e+1
4.49369e+0 6.13666e+0
4.58454e+0 1.24861e+1
4.76484e+0 6.06155e+0
4.76583e+0 3.53074e+0
4.79572e+0 1.19891e+1
5.00691e+0 1.15061e+1
5.03951e+0 3.53074e+0
5.04096e+0 5.98498e+0
5.19323e+0 1.10229e+1
5.31319e+0 3.53074e+0
5.31459e+0 5.90274e+0
5.35471e+0 1.06266e+1
5.50372e+0 1.01777e+1
5.57439e+0 5.81117e+0
5.58685e+0 3.50881e+0
5.66102e+0 9.71537e+0
5.82659e+0 9.20613e+0
5.86050e+0 3.45034e+0
5.86184e+0 5.72731e+0
5.97557e+0 8.70023e+0
6.11212e+0 8.21444e+0
6.13417e+0 3.45034e+0
6.13547e+0 5.63229e+0
6.24868e+0 7.74205e+0
6.37278e+0 7.23951e+0
6.40785e+0 3.43754e+0
6.40909e+0 5.54457e+0
6.47205e+0 6.81235e+0
6.60855e+0 6.24849e+0
6.68148e+0 3.36993e+0
6.68305e+0 6.00325e+0
6.68848e+0 5.48967e+0
6.93138e+0 5.21705e+0
6.95516e+0 3.36993e+0
6.95588e+0 4.58608e+0
7.06752e+0 4.03328e+0
7.17905e+0 3.31537e+0
7.22993e+0 5.20649e+0
7.26579e+0 2.74678e+0
7.36496e+0 2.14875e+0
7.45174e+0 1.64788e+0
7.50353e+0 5.08040e+0
7.52601e+0 1.03143e+0
7.55223e+0 3.28404e+0
7.60034e+0 5.02083e-1
7.66220e+0 -6.74654e-2
7.71580e+0 -5.90110e-1
7.76118e+0 -9.82094e-1
7.77714e+0 4.94883e+0
7.81472e+0 -1.60190e+0
7.82591e+0 3.28038e+0
7.87244e+0 -2.16474e+0
7.89705e+0 -2.62038e+0
7.93820e+0 -3.14303e+0
7.97923e+0 -3.88009e+0
8.02041e+0 -4.37593e+0
8.03258e+0 -4.83157e+0
8.05073e+0 4.80994e+0
8.08194e+0 -5.49493e+0
8.13129e+0 -6.18844e+0
8.18076e+0 -6.68093e+0
8.19906e+0 3.20363e+0
8.24263e+0 -7.23373e+0
8.30458e+0 -7.66591e+0
8.32434e+0 4.68202e+0
8.37881e+0 -8.34937e+0
8.43541e+0 3.18901e+0
8.47787e+0 -9.12831e+0
8.57697e+0 -9.83187e+0
8.59990e+0 4.63118e+0
8.67200e+0 -1.04131e+1
8.76297e+0 -1.08487e+1
8.79611e+0 3.09581e+0
8.84980e+0 -1.12641e+1
8.87148e+0 4.33116e+0
8.94905e+0 -1.17164e+1
9.06978e+0 3.07937e+0
9.07314e+0 -1.22357e+1
9.14507e+0 4.16486e+0
9.23459e+0 -1.26885e+1
9.34342e+0 3.00992e+0
9.41863e+0 3.97846e+0
9.45823e+0 -1.31646e+1
9.61708e+0 2.98251e+0
9.69219e+0 3.77562e+0
9.73181e+0 -1.33328e+1
9.89073e+0 2.92769e+0
9.96574e+0 3.55815e+0
9.96831e+0 -1.30884e+1
1.01178e+1 -1.26863e+1
1.01748e+1 2.91094e+0
1.02109e+1 3.35701e+0
1.02176e+1 -1.22491e+1
1.03133e+1 -1.17265e+1
1.03675e+1 -1.11787e+1
1.04301e+1 -1.05405e+1
1.04381e+1 2.95437e+0
1.04677e+1 -1.00379e+1
1.05178e+1 -9.48512e+0
1.05928e+1 -8.83181e+0
1.06927e+1 -8.19358e+0
1.07117e+1 2.84911e+0
1.07926e+1 -7.63576e+0
1.09048e+1 -7.15131e+0
1.09853e+1 2.64992e+0
1.10420e+1 -6.64743e+0
1.12040e+1 -6.11521e+0
1.12605e+1 2.48009e+0
1.13998e+1 -5.59831e+0
1.14825e+1 1.96829e+0
1.15326e+1 2.60058e+0
1.16027e+1 -5.09960e+0
1.17435e+1 1.54268e+0
1.18062e+1 2.52748e+0
1.18144e+1 -4.70342e+0
1.19547e+1 1.08982e+0
1.20510e+1 -4.26872e+0
1.20824e+1 2.44525e+0
1.21659e+1 6.24034e-1
1.23249e+1 -3.87217e+0
1.23606e+1 2.36484e+0
1.24268e+1 1.71928e-1
1.25988e+1 -3.50303e+0
1.26271e+1 2.28846e+0
1.27003e+1 -1.84421e-1
1.28727e+1 -3.18689e+0
1.29008e+1 2.19306e+0
1.29738e+1 -5.37115e-1
1.31465e+1 -2.90364e+0
1.31818e+1 2.09950e+0
1.32473e+1 -8.36813e-1
1.34204e+1 -2.67886e+0
1.34381e+1 2.00100e+0
1.35208e+1 -1.12372e+0
1.36942e+1 -2.47053e+0
1.37216e+1 1.87144e+0
1.37943e+1 -1.36677e+0
1.39680e+1 -2.26038e+0
1.40201e+1 1.67773e+0
1.40679e+1 -1.61713e+0
1.42418e+1 -2.03073e+0
1.42936e+1 1.52605e+0
1.45155e+1 -1.93327e+0
1.45424e+1 1.40889e+0
1.48124e+1 -2.01287e+0
1.48409e+1 1.29031e+0
1.50627e+1 -2.29693e+0
1.50630e+1 -1.63357e+0
1.51170e+1 1.18487e+0
1.53362e+1 -2.43581e+0
1.53368e+1 -1.50748e+0
1.53881e+1 1.07833e+0
1.56098e+1 -2.58201e+0
1.56106e+1 -1.38139e+0
1.56667e+1 9.89885e-1
1.58835e+1 -2.67886e+0
1.58843e+1 -1.30463e+0
1.59353e+1 9.06554e-1
1.61571e+1 -2.78120e+0
1.61630e+1 -1.19517e+0
1.62090e+1 8.13355e-1
1.64317e+1 -1.11641e+0
1.64407e+1 -2.85356e+0
1.64826e+1 7.45740e-1
1.67044e+1 -2.90181e+0
1.67130e+1 -1.00421e+0
1.67562e+1 6.65334e-1
1.69780e+1 -2.94201e+0
1.69792e+1 -9.19047e-1
1.70216e+1 6.09292e-1
1.72502e+1 -8.55899e-1
1.72517e+1 -2.94201e+0
1.72897e+1 5.31119e-1
1.75254e+1 -2.91643e+0
1.75267e+1 -7.89300e-1
1.75771e+1 4.51524e-1
1.77991e+1 -2.84698e+0
1.78004e+1 -7.30822e-1
1.78508e+1 3.82082e-1
1.80704e+1 -2.74903e+0
1.80741e+1 -6.50415e-1
1.81244e+1 3.08985e-1
1.83466e+1 -2.60576e+0
1.83478e+1 -5.84628e-1
1.83981e+1 2.57817e-1
1.86091e+1 -5.70008e-1
1.86205e+1 -2.32982e+0
1.86593e+1 1.95867e-1
1.88944e+1 -1.90951e+0
1.88952e+1 -4.89602e-1
1.89702e+1 1.13450e-1
1.91503e+1 -4.56936e-1
1.91682e+1 -1.61347e+0
1.92439e+1 7.69014e-2
1.94420e+1 -1.40697e+0
1.94426e+1 -4.05540e-1
1.95175e+1 3.30431e-2
1.97158e+1 -1.24616e+0
1.97377e+1 -2.22536e-1
1.98347e+1 -1.32796e-1
1.99896e+1 -1.11641e+0
2.00648e+1 -1.64563e-1
2.02633e+1 -9.77525e-1
2.03385e+1 -1.58837e-1
2.05371e+1 -8.71534e-1
2.06121e+1 -1.78939e-1
2.08080e+1 -7.77726e-1
2.08858e+1 -1.91731e-1
2.10845e+1 -6.94274e-1
2.11595e+1 -1.73456e-1
2.13583e+1 -6.13867e-1
2.14332e+1 -1.81984e-1
2.16511e+1 -4.19443e-1
2.18292e+1 -3.05593e-1
2.20331e+1 -3.29182e-1
2.23460e+1 -3.15284e-1
2.36973e+1 -7.16029e-3
2.39710e+1 -1.20334e-2
2.42447e+1 -2.05614e-2
2.45184e+1 7.32466e-2
2.47922e+1 1.86547e-1
2.50658e+1 1.13450e-1
2.53146e+1 1.30574e-1
2.55879e+1 -4.87774e-1
2.56132e+1 2.23096e-1
2.58616e+1 -4.89602e-1
2.58869e+1 1.93857e-1
2.61353e+1 -4.89602e-1
2.61606e+1 2.30405e-1
2.63882e+1 -4.49398e-1
2.64343e+1 2.74264e-1
2.66827e+1 -4.07367e-1
2.67079e+1 2.43197e-1
2.69592e+1 -3.51123e-1
2.69816e+1 2.61106e-1
2.72301e+1 -2.62452e-1
2.72553e+1 2.84619e-1
2.75039e+1 -1.44217e-1
2.75290e+1 3.10812e-1
2.78026e+1 1.04130e-1
2.80660e+1 2.59666e-1
2.83519e+1 2.48419e-1
2.86237e+1 2.83662e-1
2.88974e+1 3.13371e-1
2.91711e+1 3.42853e-1
2.94448e+1 3.43880e-1
2.97185e+1 3.71727e-1
2.99563e+1 4.55676e-1
