1.08710e+1 2.76951e+1
1.11635e+1 2.69983e+1
1.14873e+1 2.62961e+1
1.18205e+1 2.56121e+1
1.21634e+1 2.49582e+1
1.25162e+1 2.43330e+1
1.28792e+1 2.37234e+1
1.32528e+1 2.31442e+1
1.36372e+1 2.25940e+1
1.40614e+1 2.20252e+1
1.45285e+1 2.14647e+1
1.50111e+1 2.09243e+1
1.55097e+1 2.04123e+1
1.60249e+1 1.99155e+1
1.65572e+1 1.94365e+1
1.71421e+1 1.89536e+1
1.77841e+1 1.84676e+1
1.84877e+1 1.79873e+1
1.92192e+1 1.75262e+1
1.99389e+1 1.70921e+1
2.07278e+1 1.66753e+1
2.15479e+1 1.62704e+1
2.23548e+1 1.58936e+1
2.32393e+1 1.55051e+1
2.42082e+1 1.51105e+1
2.51661e+1 1.47454e+1
2.61085e+1 1.43894e+1
2.70861e+1 1.40526e+1
2.81578e+1 1.36988e+1
2.92719e+1 1.33600e+1
3.03681e+1 1.30274e+1
3.14409e+1 1.27076e+1
3.25517e+1 1.23948e+1
3.37706e+1 1.20709e+1
3.49637e+1 1.17686e+1
3.60514e+1 1.14789e+1
3.70971e+1 1.12060e+1
3.81731e+1 1.09396e+1
3.92803e+1 1.06795e+1
4.05023e+1 1.04151e+1
4.17623e+1 1.01478e+1
4.29736e+1 9.89517e+0
4.42201e+1 9.64254e+0
4.55027e+1 9.39481e+0
4.68225e+1 9.15795e+0
4.81806e+1 8.92853e+0
4.95781e+1 8.71055e+0
5.11204e+1 8.48868e+0
5.28185e+1 8.26790e+0
5.45730e+1 8.06208e+0
5.65010e+1 7.86277e+0
5.86167e+1 7.67095e+0
6.10606e+1 7.47810e+0
6.38667e+1 7.29347e+0
6.68017e+1 7.13715e+0
6.98716e+1 7.00312e+0
7.30826e+1 6.89526e+0
7.64412e+1 6.81032e+0
7.99541e+1 6.74818e+0
8.36285e+1 6.70613e+0
8.74717e+1 6.69148e+0
9.14915e+1 6.69148e+0
9.56961e+1 6.71103e+0
1.00094e+2 6.74396e+0
1.04694e+2 6.80819e+0
1.09505e+2 6.87805e+0
1.14538e+2 6.94934e+0
1.19801e+2 7.02577e+0
1.25307e+2 7.13120e+0
1.31065e+2 7.24425e+0
1.37089e+2 7.35910e+0
1.43389e+2 7.49213e+0
1.49978e+2 7.64428e+0
1.56870e+2 7.79789e+0
1.64080e+2 7.96536e+0
1.71620e+2 8.14406e+0
1.79507e+2 8.32764e+0
1.87756e+2 8.52246e+0
1.96385e+2 8.72910e+0
2.04991e+2 8.93247e+0
2.13537e+2 9.15630e+0
2.22895e+2 9.38252e+0
2.32663e+2 9.63086e+0
2.42363e+2 9.86767e+0
2.52467e+2 1.01126e+1
2.62993e+2 1.03732e+1
2.73958e+2 1.06453e+1
2.84798e+2 1.09159e+1
2.96066e+2 1.11932e+1
3.07781e+2 1.14804e+1
3.19306e+2 1.17629e+1
3.31263e+2 1.20586e+1
3.43667e+2 1.23617e+1
3.56536e+2 1.26741e+1
3.69887e+2 1.29976e+1
3.83737e+2 1.33362e+1
3.98107e+2 1.36802e+1
4.13014e+2 1.40437e+1
4.27606e+2 1.43939e+1
4.42713e+2 1.47548e+1
4.59291e+2 1.51488e+1
4.75517e+2 1.55336e+1
4.92317e+2 1.59321e+1
5.09710e+2 1.63438e+1
5.26641e+2 1.67370e+1
5.44134e+2 1.71496e+1
5.62209e+2 1.75723e+1
5.80884e+2 1.80028e+1
6.00179e+2 1.84465e+1
6.20115e+2 1.89066e+1
6.40713e+2 1.93781e+1
6.61996e+2 1.98586e+1
6.83985e+2 2.03509e+1
7.06705e+2 2.08645e+1
7.30180e+2 2.13849e+1
7.54434e+2 2.19214e+1
7.79494e+2 2.24745e+1
8.05387e+2 2.30384e+1
8.32139e+2 2.36367e+1
8.59780e+2 2.42470e+1
8.88340e+2 2.48767e+1
9.17848e+2 2.55154e+1
9.54164e+2 2.60054e+1
9.87098e+2 2.66191e+1
