5.16605e-3  -1.26513e+1
2.43542e-2  -1.26513e+1
4.05904e-2  -1.26513e+1
6.86347e-2  -1.27724e+1
9.37269e-2  -1.32567e+1
1.23247e-1  -1.32567e+1
1.38007e-1  -1.22881e+1
1.48339e-1  -9.98789e+0
1.57196e-1  -6.96126e+0
1.63100e-1  -4.41889e+0
1.66052e-1  -2.23971e+0
1.70480e-1  -1.81598e-1
1.73432e-1  2.60291e+0
1.79336e-1  5.02421e+0
1.82288e-1  7.44552e+0
1.86716e-1  1.03511e+1
1.91144e-1  1.24092e+1
1.94096e-1  1.43462e+1
2.01476e-1  1.65254e+1
2.08856e-1  1.93099e+1
2.14760e-1  2.10048e+1
2.32472e-1  2.19734e+1
2.48708e-1  2.06416e+1
2.56089e-1  1.95521e+1
2.61993e-1  1.84625e+1
2.70849e-1  1.73729e+1
2.84133e-1  1.65254e+1
3.00369e-1  1.60412e+1
3.22509e-1  1.57990e+1
3.43173e-1  1.57990e+1
3.62362e-1  1.51937e+1
3.74170e-1  1.39831e+1
3.84502e-1  1.16828e+1
3.93358e-1  9.50363e+0
3.99262e-1  7.20339e+0
4.05166e-1  4.66102e+0
4.08118e-1  2.96610e+0
4.15498e-1  -6.05327e-2
4.18450e-1  -2.48184e+0
4.21402e-1  -4.41889e+0
4.24354e-1  -6.35593e+0
4.28782e-1  -8.17191e+0
4.31734e-1  -9.74576e+0
4.34686e-1  -1.07143e+1
4.42066e-1  -1.30145e+1
4.56827e-1  -1.36199e+1
4.77491e-1  -1.36199e+1
5.01107e-1  -1.38620e+1
5.26199e-1  -1.38620e+1
5.46863e-1  -1.38620e+1
5.71956e-1  -1.39831e+1
5.95572e-1  -1.39831e+1
6.16236e-1  -1.41041e+1
6.28044e-1  -1.41041e+1
6.45756e-1  -1.34988e+1
6.54613e-1  -1.13196e+1
6.61993e-1  -8.77724e+0
6.67897e-1  -5.50847e+0
6.73801e-1  -2.72397e+0
6.79705e-1  3.02663e-1
6.84133e-1  3.69249e+0
6.88561e-1  6.59806e+0
6.91513e-1  9.74576e+0
6.97417e-1  1.25303e+1
7.06273e-1  1.64044e+1
7.13653e-1  1.89467e+1
7.21033e-1  2.08838e+1
7.35793e-1  2.16102e+1
7.52030e-1  2.03995e+1
7.59410e-1  1.89467e+1
7.75646e-1  1.71308e+1
7.88930e-1  1.54358e+1
8.06642e-1  1.53148e+1
8.30258e-1  1.56780e+1
8.49446e-1  1.55569e+1
8.70111e-1  1.49516e+1
8.86347e-1  1.26513e+1
8.98155e-1  9.38257e+0
9.02583e-1  5.75061e+0
9.09963e-1  1.87651e+0
9.17343e-1  -1.87651e+0
9.21771e-1  -5.50847e+0
9.27675e-1  -8.05085e+0
9.33579e-1  -1.01090e+1
9.39483e-1  -1.19249e+1
9.52768e-1  -1.38620e+1
9.66052e-1  -1.45884e+1
9.97048e-1  -1.42252e+1
