2.21402e-3  -1.99758e+0
3.46863e-2  -1.87651e+0
8.04428e-2  -1.39225e+0
1.26199e-1  -9.07990e-1
1.69004e-1  1.81598e-1
2.13284e-1  1.39225e+0
2.60517e-1  1.75545e+0
3.00369e-1  1.51332e+0
3.50554e-1  6.65860e-1
4.02214e-1  6.65860e-1
4.50923e-1  -1.15012e+0
4.95203e-1  -1.15012e+0
5.45387e-1  -1.87651e+0
5.86716e-1  -1.51332e+0
6.29520e-1  -5.44794e-1
6.81181e-1  -3.02663e-1
7.22509e-1  7.86925e-1
7.69742e-1  1.63438e+0
8.15498e-1  1.87651e+0
8.59779e-1  1.27119e+0
9.14391e-1  -3.02663e-1
9.55720e-1  -1.02906e+0
9.98524e-1  -1.99758e+0
