1.84502e-2  -4.90315e+0
7.01107e-2  -4.53995e+0
1.12915e-1  -3.45036e+0
1.43911e-1  -5.44794e-1
1.91144e-1  1.63438e+0
2.36900e-1  5.50847e+0
2.78229e-1  6.84019e+0
3.18081e-1  6.59806e+0
3.62362e-1  4.41889e+0
4.06642e-1  1.63438e+0
4.46494e-1  -1.75545e+0
4.87823e-1  -3.45036e+0
5.23247e-1  -4.78208e+0
5.66052e-1  -4.78208e+0
6.05904e-1  -3.81356e+0
6.50185e-1  -6.65860e-1
6.90037e-1  2.23971e+0
7.35793e-1  5.75061e+0
7.81550e-1  6.59806e+0
8.18450e-1  6.35593e+0
8.64207e-1  4.60048e+0
9.07011e-1  1.27119e+0
9.51292e-1  -1.87651e+0
9.91144e-1  -3.57143e+0
