2.01777e+0 4.55173e+1
3.02310e+0 4.08564e+1
3.88558e+0 3.50135e+1
5.03530e+0 2.90942e+1
5.89797e+0 2.45516e+1
7.04769e+0 2.04010e+1
8.05398e+0 1.69521e+1
9.05989e+0 1.45278e+1
1.00660e+1 1.22595e+1
1.19351e+1 8.46475e+0
1.39473e+1 6.02783e+0
1.59593e+1 4.35923e+0
1.78285e+1 3.00990e+0
1.99841e+1 2.14338e+0
2.50158e+1 8.36088e-1
2.99069e+1 2.58743e-1
3.27852e+1 1.17773e-1
3.39344e+1 1.02500e-1
3.47980e+1 8.00728e-2
3.60888e+1 8.00728e-2
3.68056e+1 8.25829e-2
3.78082e+1 9.20041e-2
3.98125e+1 1.23354e-1
4.49682e+1 2.28691e-1
4.98418e+1 2.88261e-1
5.18494e+1 2.97297e-1
5.37143e+1 2.88261e-1
5.50055e+1 2.79499e-1
5.97421e+1 2.11708e-1
6.49125e+1 1.19605e-1
6.99442e+1 4.66553e-2
7.48426e+1 8.03204e-3
7.68555e+1 5.37728e-3
7.98560e+1 1.35740e-2
8.48609e+1 4.52372e-2
8.98737e+1 8.00728e-2
9.38871e+1 9.78626e-2
9.57515e+1 9.93846e-2
9.77596e+1 9.78626e-2
9.97686e+1 9.05951e-2
1.04649e+2 6.55170e-2
1.09821e+2 3.32237e-2
1.14856e+2 9.66618e-3
1.19756e+2 1.44830e-3
1.24904e+2 4.90172e-3
1.29913e+2 1.19974e-2
1.32922e+2 1.53577e-2
1.34787e+2 1.53577e-2
