49.678124522581435 0.9679487179487178
53.427451456488924 1.0392187659617937
55.667116520836586 1.0822370773316987
58.000667770351484 1.124480283992236
60.432040889840124 1.1682737000715089
62.96533654700674 1.21090445908673
65.8747869134412 1.2570231892941055
68.91867476403687 1.3039170242108489
71.80772793693349 1.3461602308713863
75.12576023559303 1.3926665134334455
78.59710943552837 1.439172795995505
81.89188010795733 1.4821911073654102
85.32476672207756 1.5240467616712634
88.90155906274683 1.5666775206864847
92.62828962111956 1.6096958320563897
99.99999999999994 1.6826923076923073
107.82772322086869 1.7627790121565021
113.27434416161415 1.8115460167875506
118.50843168026952 1.8565666819899884
123.98437160032898 1.9003600980692612
130.2471012074474 1.9465434203357508
136.82617537981739 1.9911119411243912
141.97766469238147 2.0243768515680864
153.4054213876624 2.0897435897435894
167.3235611246458 2.1544837134976573
178.68657613722212 2.1981294905846696
193.98156668575115 2.245369773818479
211.68925463610483 2.2759335617901355
227.47420369257756 2.2916666666666665
266.7806826641483 2.278998748595362
287.71958950067915 2.258493705829363
302.0978433122504 2.235027704353526
321.64339037049314 2.1987179487179485
343.70971755343953 2.1410626370434014
380.4017025457571 2.035938830149487
402.4572580502924 1.9615384615384612
421.52964344090486 1.8950312531923585
430.274149638818 1.8674181479211358
464.15888336127773 1.782051282051282
500.16701125591396 1.705128205128205
526.1785822602583 1.6434451829434398
545.9891436202431 1.6011696802533455
568.8768685096699 1.5577638165287568
592.7240409572312 1.5112575339666974
630.100797803709 1.4487179487179487
675.9618705914788 1.3674756103789967
704.2980188658871 1.3236821942997241
736.8416411419096 1.276400807028297
770.8890122891127 1.2302820768209215
803.2044820007735 1.1888139748697515
836.8746079159056 1.1481209776279495
875.5442199308089 1.1039400091939933
966.229577508463 1.0144800073211429
1055.8417237944275 0.9391025641025643
1143.406943020117 0.8747304737095571
1211.0687551245696 0.8323765378048247
1366.763006147246 0.75
1456.8773927690663 0.705003304091327
1562.2166391240062 0.6621303248544286
1675.6711425770095 0.6217948717948718
1811.1091416114234 0.578375954869979
1945.7433092073065 0.541666666666667
2178.7069917262183 0.48676288435999604
2374.9298668964575 0.44827188913344296
2599.478190064799 0.4116305755996992
3005.2188634263257 0.35897435897435903
