1.68868e-2 8.66682e+1
2.60028e-2 2.00746e+1
3.21193e-2 7.98337e+0
4.19158e-2 4.64980e+0
5.18296e-2 3.17487e+0
5.84154e-2 2.38476e+0
7.18215e-2 1.84916e+0
8.18527e-2 1.48017e+0
9.19073e-2 1.22309e+0
9.85869e-2 1.04331e+0
1.12017e-1 8.35120e-1
1.28845e-1 6.68477e-1
1.42309e-1 5.61225e-1
1.62524e-1 4.42150e-1
1.86126e-1 3.42845e-1
2.19899e-1 2.57524e-1
2.46923e-1 2.06136e-1
2.90821e-1 1.40749e-1
3.34790e-1 1.05722e-1
3.82158e-1 7.94118e-2
4.43119e-1 5.96491e-2
5.10877e-1 4.48047e-2
5.58315e-1 3.70228e-2
6.12526e-1 2.96351e-2
7.14222e-1 2.08885e-2
8.22739e-1 1.51991e-2
9.31279e-1 1.14166e-2
1.05341e+0 8.57544e-3
1.18916e+0 6.64944e-3
1.30455e+0 5.32258e-3
1.48782e+0 3.81178e-3
1.61678e+0 3.00304e-3
1.78652e+0 2.32857e-3
1.88837e+0 2.01813e-3
2.01738e+0 1.69433e-3
2.18709e+0 1.27268e-3
2.38399e+0 9.55955e-4
2.54703e+0 8.41785e-4
2.72356e+0 6.52724e-4
2.90012e+0 5.22476e-4
3.12420e+0 3.92451e-4
3.31428e+0 2.85559e-4
3.51125e+0 2.35962e-4
3.71488e+0 1.61115e-4
3.87784e+0 1.28965e-4
