9.02722e-2 4.94554e+1
9.98018e-2 6.53372e+1
9.97674e-2 3.78715e+1
1.09531e-1 5.78140e+1
1.11073e-1 3.98748e+1
1.20116e-1 5.40833e+1
1.23762e-1 3.29343e+1
1.33896e-1 5.28755e+1
1.33877e-1 4.25053e+1
1.37294e-1 3.52239e+1
1.50399e-1 5.50877e+1
1.48678e-1 4.23724e+1
1.54297e-1 3.34607e+1
1.66742e-1 5.38922e+1
1.66090e-1 4.23974e+1
1.71693e-1 3.40284e+1
1.85031e-1 5.75366e+1
1.84487e-1 4.54851e+1
1.90401e-1 3.56393e+1
2.05631e-1 5.88773e+1
2.06530e-1 4.57528e+1
2.12176e-1 3.51651e+1
2.28812e-1 6.07218e+1
2.30429e-1 4.85457e+1
2.29654e-1 3.83663e+1
2.40790e-1 3.48650e+1
2.58021e-1 5.39838e+1
2.55424e-1 4.24461e+1
2.66862e-1 3.44583e+1
2.84793e-1 5.96936e+1
2.84149e-1 4.60702e+1
2.97385e-1 3.45353e+1
3.17201e-1 5.69144e+1
3.17160e-1 4.64850e+1
3.29779e-1 3.45772e+1
3.54723e-1 5.37164e+1
3.53934e-1 4.23421e+1
3.66478e-1 3.32109e+1
3.91451e-1 5.64694e+1
3.93468e-1 4.54849e+1
3.96434e-1 3.80869e+1
4.09554e-1 3.20600e+1
4.39393e-1 5.68034e+1
4.38261e-1 4.62522e+1
4.59904e-1 3.68158e+1
4.46100e-1 3.17177e+1
4.89340e-1 5.46789e+1
4.93522e-1 4.10380e+1
5.12230e-1 3.41613e+1
5.47700e-1 5.59390e+1
5.43700e-1 4.45809e+1
5.68627e-1 3.57283e+1
5.75080e-1 3.05013e+1
6.04435e-1 5.71252e+1
6.12302e-1 4.44785e+1
6.31490e-1 3.36337e+1
6.76203e-1 5.69280e+1
6.79667e-1 4.28823e+1
7.02394e-1 3.34409e+1
7.51478e-1 6.45225e+1
7.51382e-1 5.26989e+1
7.51286e-1 4.30420e+1
7.80824e-1 3.40776e+1
8.30506e-1 3.11871e+1
8.40644e-1 5.61625e+1
8.41371e-1 4.29700e+1
9.13853e-1 3.54725e+1
9.32285e-1 6.34521e+1
9.32165e-1 5.18247e+1
9.32049e-1 4.25765e+1
1.02233e+0 3.30737e+1
1.04403e+0 5.92955e+1
1.03819e+0 4.59438e+1
1.03640e+0 3.96766e+1
1.14133e+0 3.35504e+1
1.16099e+0 6.08928e+1
1.15639e+0 4.71112e+1
1.14951e+0 4.14173e+1
1.26570e+0 3.38129e+1
1.29811e+0 6.25330e+1
1.28804e+0 4.81470e+1
1.27743e+0 4.11641e+1
1.41272e+0 3.44718e+1
1.42996e+0 6.40670e+1
1.43469e+0 5.01194e+1
1.45156e+0 4.50759e+1
1.56664e+0 3.55654e+1
1.61293e+0 6.37074e+1
1.59801e+0 5.06250e+1
1.61748e+0 4.08496e+1
1.74951e+0 3.46467e+1
1.78021e+0 6.61621e+1
1.77998e+0 5.40381e+1
1.77975e+0 4.41357e+1
1.93196e+0 3.46857e+1
1.98278e+0 6.26994e+1
1.98250e+0 5.00356e+1
1.99064e+0 4.26325e+1
2.17288e+0 3.42603e+1
2.22537e+0 6.24691e+1
2.20811e+0 4.82276e+1
2.19924e+0 4.08121e+1
2.40378e+0 3.33640e+1
2.45988e+0 6.33461e+1
2.45956e+0 5.17381e+1
2.45925e+0 4.22572e+1
2.68917e+0 3.57477e+1
2.76491e+0 5.81787e+1
2.72451e+0 4.75953e+1
3.00467e+0 3.58630e+1
2.98134e+0 2.96482e+1
3.05158e+0 5.77778e+1
3.05119e+0 4.71901e+1
3.33209e+0 3.80924e+1
3.39883e+0 5.47661e+1
3.45588e+0 4.30265e+1
3.60350e+0 3.27256e+1
3.78546e+0 4.92056e+1
3.76953e+0 3.99207e+1
3.63810e+0 2.21545e+1
3.93594e+0 3.49202e+1
4.21586e+0 4.09694e+1
4.32618e+0 1.70745e+1
4.38410e+0 3.66637e+1
4.74583e+0 1.60971e+1
4.76482e+0 3.51497e+1
4.96761e+0 1.39370e+1
5.29554e+0 1.06061e+1
5.53164e+0 1.58591e+1
5.48882e+0 1.25521e+1
5.57997e+0 8.47702e+0
5.97963e+0 6.88977e+0
6.11460e+0 1.62405e+1
6.11368e+0 1.27986e+1
6.11290e+0 1.04532e+1
6.25965e+0 9.23168e+0
6.27446e+0 5.28068e+0
6.39304e+0 4.60606e+0
6.37514e+0 3.14489e+0
6.66063e+0 7.47312e+0
6.67793e+0 1.44333e+1
6.80928e+0 1.18903e+1
6.91607e+0 9.84065e+0
6.98809e+0 5.70858e+0
7.03736e+0 2.53494e+0
7.17768e+0 3.80232e+0
7.34642e+0 2.17305e+0
7.41823e+0 8.10464e+0
7.46651e+0 6.14753e+0
7.45704e+0 1.64632e+0
7.47285e+0 9.94990e+0
7.73564e+0 1.38506e+0
8.02865e+0 5.60591e+0
7.97933e+0 4.01689e+0
7.84292e+0 3.46569e+0
8.13360e+0 2.36531e+0
8.11046e+0 1.04653e+0
7.95174e+0 7.39603e+0
8.32582e+0 7.88491e-1
8.37364e+0 6.02155e-1
8.47453e+0 1.68040e+0
8.67156e+0 4.35021e-1
8.80350e+0 2.87196e-1
8.57452e+0 5.40690e+0
9.13150e+0 3.67529e-1
9.04346e+0 2.67673e+0
9.13768e+0 2.04421e+0
9.03883e+0 1.19115e+0
9.06831e+0 9.04668e-1
9.38043e+0 7.30776e-1
9.29965e+0 5.71841e-1
9.30758e+0 2.15194e-1
9.47838e+0 1.62603e+0
9.43373e+0 1.43322e-1
9.17537e+0 4.10406e+0
9.51409e+0 8.39419e-2
9.62644e+0 4.57535e-1
9.69611e+0 1.83148e-1
9.63223e+0 2.90018e-2
9.40207e+0 3.53954e+0
9.91581e+0 2.97511e-1
9.93372e+0 1.15649e-1
1.00228e+1 3.87397e-1
9.87227e+0 2.57290e+0
1.00171e+1 2.08558e+0
1.01060e+1 1.19472e+0
1.00612e+1 9.36700e-1
1.00963e+1 6.59981e-2
1.04210e+1 7.44348e-1
1.03583e+1 5.80516e-1
1.04404e+1 2.23415e-1
1.04945e+1 1.62615e+0
1.05118e+1 1.50268e-1
1.05253e+1 5.36511e-2
1.05074e+1 4.07677e-3
1.07783e+1 4.56841e-1
1.07166e+1 9.24250e-2
1.07042e+1 3.68249e-2
1.06454e+1 2.22376e-2
1.07947e+1 1.33352e-2
1.10097e+1 3.12113e-1
1.11816e+1 1.14191e-1
1.10094e+1 9.89478e-4
1.11155e+1 1.16456e+0
1.12394e+1 9.19775e-1
1.13280e+1 7.14752e-2
1.13483e+1 1.80878e-1
1.13913e+1 4.39177e-2
1.15639e+1 6.98775e-1
1.15708e+1 5.36441e-1
1.15998e+1 1.70999e-2
1.15996e+1 3.31476e-3
1.11557e+1 1.63917e+0
1.17934e+1 3.81892e-1
1.17671e+1 2.46152e-1
1.18610e+1 1.35645e-1
1.15826e+1 4.98750e-3
1.18977e+1 5.89378e-2
1.17724e+1 1.06409e-2
1.19116e+1 3.18367e-2
1.19663e+1 2.28415e-2
1.19287e+1 6.58372e-3
1.22865e+1 1.25352e-2
1.24483e+1 4.55596e-1
1.25065e+1 2.99302e-1
1.23358e+1 1.06010e-1
1.22690e+1 8.18016e-2
1.21891e+1 1.32042e-3
1.21849e+1 7.62165e-4
1.21791e+1 8.28441e-1
1.26699e+1 1.74558e-1
1.26561e+1 4.27920e-2
1.27684e+1 8.72583e-3
1.22968e+1 6.20237e-1
1.28706e+1 1.62852e-2
1.28289e+1 3.42485e-3
1.24194e+1 7.56778e-1
1.30544e+1 2.21913e-1
1.29666e+1 5.06853e-3
1.31703e+1 6.63648e-2
1.31218e+1 5.25691e-2
1.32501e+1 2.92628e-2
1.32068e+1 2.22005e-2
1.32899e+1 6.97183e-3
1.34466e+1 1.07920e-2
1.35696e+1 1.38570e-1
1.34932e+1 4.15286e-1
1.36691e+1 3.44927e-1
1.34897e+1 2.77031e-1
1.37098e+1 1.04585e-1
1.35975e+1 8.37649e-2
1.33774e+1 1.15442e-3
1.35067e+1 8.70942e-4
1.40572e+1 3.75049e-2
1.42250e+1 1.32738e-2
1.43200e+1 1.93690e-1
1.43371e+1 1.91401e-2
1.41191e+1 4.22272e-3
1.44419e+1 5.66909e-3
1.46406e+1 6.20705e-2
1.45024e+1 4.70726e-2
1.48140e+1 2.68578e-2
1.47352e+1 8.21099e-3
1.42560e+1 1.00815e-3
1.46739e+1 2.22186e-1
1.50893e+1 9.92374e-2
1.51615e+1 8.17195e-2
1.57169e+1 3.67429e-2
1.57883e+1 1.61526e-2
1.57487e+1 1.21397e-2
1.57775e+1 9.87428e-3
1.57249e+1 6.24851e-3
1.63063e+1 6.26243e-2
1.62168e+1 4.81591e-2
1.62124e+1 2.19674e-2
1.62498e+1 2.78255e-2
1.62297e+1 7.61265e-3
1.65826e+1 8.06910e-2
1.70249e+1 3.93359e-2
1.72053e+1 1.82217e-2
1.75420e+1 1.28573e-2
1.71062e+1 1.08193e-2
1.76205e+1 5.94044e-2
