2.19895e+0 4.18991e+0
2.32772e+0 3.31876e+0
2.40836e+0 5.33566e+0
2.57856e+0 3.22480e+0
2.68246e+0 5.20343e+0
2.84427e+0 3.61912e+0
2.91521e+0 4.47550e+0
4.42112e+0 4.06648e+0
4.65157e+0 3.20571e+0
4.87708e+0 5.14716e+0
5.17080e+0 3.10308e+0
5.43209e+0 4.94873e+0
5.70364e+0 3.48033e+0
5.87454e+0 4.22864e+0
6.65497e+0 3.88304e+0
6.96083e+0 3.07695e+0
7.28877e+0 4.95287e+0
7.72774e+0 2.98595e+0
8.11824e+0 4.76194e+0
8.59001e+0 3.38731e+0
8.94781e+0 4.70678e+0
9.58793e+0 3.39930e+0
9.97441e+0 5.61027e+0
1.06793e+1 3.41164e+0
1.11091e+1 5.11711e+0
1.13990e+1 4.09463e+0
1.20112e+1 3.03633e+0
1.26184e+1 4.99866e+0
1.33793e+1 3.36406e+0
1.39647e+1 2.68115e+0
1.40538e+1 4.49698e+0
1.50223e+1 3.71865e+0
1.55315e+1 2.65157e+0
1.61396e+1 4.16999e+0
1.68665e+1 3.24008e+0
1.73870e+1 2.67155e+0
1.77795e+1 4.10271e+0
1.92806e+1 2.85079e+0
1.94896e+1 2.61105e+0
1.97324e+1 4.28014e+0
2.07284e+1 3.64592e+0
2.16001e+1 2.99048e+0
2.20596e+1 4.78590e+0
2.28536e+1 3.67505e+0
2.40584e+1 2.92397e+0
2.45705e+1 4.73810e+0
2.54337e+1 3.75104e+0
2.66058e+1 3.00517e+0
2.75886e+1 4.62615e+0
2.86606e+1 3.71845e+0
2.98645e+1 3.09984e+0
3.04841e+1 5.16873e+0
3.16551e+1 4.36416e+0
3.29614e+1 3.36342e+0
3.49336e+1 2.97925e+0
3.52037e+1 4.82703e+0
3.71021e+1 3.80523e+0
3.86419e+1 3.02132e+0
3.93056e+1 4.88244e+0
4.14068e+1 3.86640e+0
4.33415e+1 3.24951e+0
4.33819e+1 5.37148e+0
4.59765e+1 4.58316e+0
4.80959e+1 3.37579e+0
5.07448e+1 5.06600e+0
5.35862e+1 4.18991e+0
5.31530e+1 3.13364e+0
5.79964e+1 4.88510e+0
5.93434e+1 3.28195e+0
6.42044e+1 5.52643e+0
6.41962e+1 4.51373e+0
6.65615e+1 3.50443e+0
6.29348e+1 3.06439e+0
7.19529e+1 5.07806e+0
7.36239e+1 3.40356e+0
8.01933e+1 5.31852e+0
7.96404e+1 4.30717e+0
8.18833e+1 3.35663e+0
8.87194e+1 5.48957e+0
8.87080e+1 4.48362e+0
9.12007e+1 3.58496e+0
9.68081e+1 3.21605e+0
9.94252e+1 4.94699e+0
1.06846e+2 3.43359e+0
1.10550e+2 5.23005e+0
1.10696e+2 4.12109e+0
1.19004e+2 3.27372e+0
1.23138e+2 5.51673e+0
1.22574e+2 4.17242e+0
1.23284e+2 3.55695e+0
1.36557e+2 5.90889e+0
1.36539e+2 4.82610e+0
1.36522e+2 3.94173e+0
1.36506e+2 3.27646e+0
1.53497e+2 5.49015e+0
1.52071e+2 4.34335e+0
1.50741e+2 3.48379e+0
1.69411e+2 5.76246e+0
1.69390e+2 4.70650e+0
1.68097e+2 3.62615e+0
1.78376e+2 3.17635e+0
1.90432e+2 5.54090e+0
1.88662e+2 4.37251e+0
1.88638e+2 3.57126e+0
1.99921e+2 3.05208e+0
2.11105e+2 5.82985e+0
2.10139e+2 4.40924e+0
2.11664e+2 3.65818e+0
2.20639e+2 3.00852e+0
2.35327e+2 6.20323e+0
2.34073e+2 4.85850e+0
2.34043e+2 3.96819e+0
2.34249e+2 3.40015e+0
2.60762e+2 6.37088e+0
2.60728e+2 5.20343e+0
2.60695e+2 4.24991e+0
2.59203e+2 3.41987e+0
2.92232e+2 5.86070e+0
2.90379e+2 4.48362e+0
2.88815e+2 3.67830e+0
2.76446e+2 3.42212e+0
3.25506e+2 6.15150e+0
3.23442e+2 4.69864e+0
3.20694e+2 3.80907e+0
3.61929e+2 6.58269e+0
3.60272e+2 4.97363e+0
3.60226e+2 4.06223e+0
3.57122e+2 3.59148e+0
4.04856e+2 7.04840e+0
4.01307e+2 5.49877e+0
3.99569e+2 4.40450e+0
3.96016e+2 3.97705e+0
4.49045e+2 7.33761e+0
4.46990e+2 5.55424e+0
4.46933e+2 4.53644e+0
4.42539e+2 4.00152e+0
5.00168e+2 7.55686e+0
4.97879e+2 5.71446e+0
4.97816e+2 4.67511e+0
5.00719e+2 4.21311e+0
5.58909e+2 7.88115e+0
5.54575e+2 6.09972e+0
5.54504e+2 4.98196e+0
5.41919e+2 4.31599e+0
6.20559e+2 8.42351e+0
6.17718e+2 6.36023e+0
6.17639e+2 5.19473e+0
6.13409e+2 4.51954e+0
6.89780e+2 8.78190e+0
6.88046e+2 6.56564e+0
6.87958e+2 5.36250e+0
6.85100e+2 4.72228e+0
7.68321e+2 9.21551e+0
7.66388e+2 6.88050e+0
7.66290e+2 5.61966e+0
7.63103e+2 4.91813e+0
8.57336e+2 1.02755e+1
8.53731e+2 8.36803e+0
8.58125e+2 6.67039e+0
8.37514e+2 5.39625e+0
9.55229e+2 1.01440e+1
9.50858e+2 7.67086e+0
9.50736e+2 6.26519e+0
9.23144e+2 5.78177e+0
1.05935e+3 1.11767e+1
1.05921e+3 9.12857e+0
1.05907e+3 7.45578e+0
1.06869e+3 5.86887e+0
1.17991e+3 1.08997e+1
1.17976e+3 8.90235e+0
1.17961e+3 7.27102e+0
1.16957e+3 5.77797e+0
1.22475e+3 4.91221e+0
1.28709e+3 3.91953e+0
1.31412e+3 9.71145e+0
1.31395e+3 7.93185e+0
1.31379e+3 6.47836e+0
1.36422e+3 5.28047e+0
1.36063e+3 2.99643e+0
1.39476e+3 2.40318e+0
1.43364e+3 4.11351e+0
1.45642e+3 8.44679e+0
1.46340e+3 6.93829e+0
1.47020e+3 1.93145e+0
1.51744e+3 5.60223e+0
1.51647e+3 3.09984e+0
1.52830e+3 1.45045e+0
1.57396e+3 2.42353e+0
1.55835e+3 1.11036e+0
1.59508e+3 4.27004e+0
1.61858e+3 8.32933e-1
1.59206e+3 6.82318e+0
1.65001e+3 1.81821e+0
1.68282e+3 5.34459e+0
1.69229e+3 3.01015e+0
1.68333e+3 6.00351e-1
1.69509e+3 4.32673e-1
1.74729e+3 2.18690e+0
1.73715e+3 1.42961e+0
1.72670e+3 1.11844e+0
1.72407e+3 3.32504e-1
1.75314e+3 2.67919e-1
1.73779e+3 1.99758e-1
1.76458e+3 3.91413e+0
1.75867e+3 1.54157e-1
1.80131e+3 8.61698e-1
1.81149e+3 9.62253e-2
1.86285e+3 1.78068e+0
1.84077e+3 1.30023e-1
1.84760e+3 5.52324e-2
1.87258e+3 2.91126e+0
1.87064e+3 5.97789e-1
1.87703e+3 7.50559e-2
1.86444e+3 3.79058e-2
1.88595e+3 4.35728e-1
1.90429e+3 2.36613e-2
1.93101e+3 2.32718e+0
1.93525e+3 1.30685e+0
1.93363e+3 1.02107e+0
1.94591e+3 3.00890e-2
1.91797e+3 1.46060e-2
1.94921e+3 3.15471e-1
1.94028e+3 2.36808e-1
1.94003e+3 1.93413e-1
1.96350e+3 1.94582e-2
1.98347e+3 1.57971e-1
1.95156e+3 8.04755e-3
1.95516e+3 3.60044e-3
1.99154e+3 1.12791e-2
2.01172e+3 7.94841e-1
2.00399e+3 6.07094e-3
2.02838e+3 9.77766e-2
2.01518e+3 2.52947e-3
1.98446e+3 2.74982e-4
2.02040e+3 1.74529e+0
2.04862e+3 1.29149e-1
2.03626e+3 1.57806e-3
2.02263e+3 1.18184e-3
2.01266e+3 7.21762e-4
2.06074e+3 5.70825e-2
2.06672e+3 4.89270e-3
2.09841e+3 6.09441e-1
2.08429e+3 4.24217e-2
2.08164e+3 3.43834e-2
2.08494e+3 9.69913e-4
2.10420e+3 4.74016e-1
2.11521e+3 3.78781e-1
2.11932e+3 7.90917e-2
2.12420e+3 2.10578e-3
2.09337e+3 2.18679e-4
2.11103e+3 1.23240e+0
2.15401e+3 9.72746e-1
2.13825e+3 2.62504e-2
2.14680e+3 1.47478e-2
2.16642e+3 2.79551e-1
2.16096e+3 2.08187e-1
2.16917e+3 1.97828e-2
2.16137e+3 5.70398e-4
2.19088e+3 1.68903e-1
2.18536e+3 8.73696e-3
2.19100e+3 3.82644e-3
2.19302e+3 2.92942e-3
2.17344e+3 3.49241e-4
2.21093e+3 7.49847e-1
2.24691e+3 1.14861e-2
2.23137e+3 6.04122e-3
2.26350e+3 9.98684e-2
2.28338e+3 2.45614e-3
2.28483e+3 1.37229e-1
2.27861e+3 1.62405e-3
2.25333e+3 1.27114e-3
2.29537e+3 5.93784e-2
2.31997e+3 4.08011e-2
2.32931e+3 3.08837e-2
2.30653e+3 9.48780e-4
2.26449e+3 5.34190e-1
2.27047e+3 4.11567e-1
2.30609e+3 3.43654e-1
2.32704e+3 2.11784e-4
2.38901e+3 7.82675e-2
2.39755e+3 2.02122e-3
2.39290e+3 2.55237e-2
2.38498e+3 1.47717e-2
2.35483e+3 2.68183e-1
2.40698e+3 2.13835e-1
2.42024e+3 1.96930e-2
2.41650e+3 4.85471e-3
2.39798e+3 5.69683e-4
2.43185e+3 7.69626e-3
2.42935e+3 3.43149e-3
2.42080e+3 3.39448e-4
2.43274e+3 1.72675e-1
2.48930e+3 1.06505e-2
2.51498e+3 1.01975e-1
2.54697e+3 5.89842e-3
2.52433e+3 2.56074e-3
2.52714e+3 1.35437e-1
2.52574e+3 1.41571e-3
2.55220e+3 6.08220e-2
2.57689e+3 4.35255e-2
2.57490e+3 3.39547e-2
2.56033e+3 9.75302e-4
2.56455e+3 2.38095e-4
2.64742e+3 8.10690e-2
2.64531e+3 1.93256e-3
2.65126e+3 2.56018e-2
2.66475e+3 1.42585e-2
2.66492e+3 1.85077e-2
2.69492e+3 4.57935e-3
2.63426e+3 7.49498e-4
2.61926e+3 6.31151e-4
2.67539e+3 7.93145e-3
2.69065e+3 3.33865e-3
2.63084e+3 2.90946e-4
2.72558e+3 1.09148e-1
2.68907e+3 1.08858e-2
2.71721e+3 6.06350e-3
2.71311e+3 2.63125e-3
2.72543e+3 1.46204e-3
2.69847e+3 1.16912e-3
2.75811e+3 4.17121e-2
2.75775e+3 3.40685e-2
2.79821e+3 2.07779e-3
2.77973e+3 1.79336e-3
