2.22779e-1 2.40873e+1
2.48138e-1 2.41276e+1
2.49874e-1 1.88202e+1
2.50614e-1 2.95677e+1
2.76383e-1 2.40671e+1
2.93122e-1 2.40671e+1
4.46725e-1 2.19699e+1
4.99518e-1 2.11324e+1
5.04861e-1 1.69141e+1
5.05016e-1 2.74599e+1
5.54214e-1 2.19516e+1
6.20942e-1 2.20731e+1
6.87566e-1 2.19516e+1
7.54530e-1 1.69141e+1
7.54761e-1 2.74599e+1
7.62816e-1 2.11324e+1
8.53004e-1 2.19516e+1
9.53981e-1 2.17172e+1
1.00529e+0 2.60849e+1
1.01563e+0 1.80645e+1
1.08037e+0 2.17505e+1
1.20399e+0 2.16507e+1
1.26220e+0 1.69973e+1
1.26962e+0 2.56008e+1
1.35202e+0 2.11584e+1
1.51578e+0 2.09260e+1
1.53965e+0 1.75140e+1
1.54596e+0 2.51487e+1
1.72741e+0 2.17687e+1
1.76137e+0 1.76670e+1
1.79674e+0 2.74905e+1
2.00366e+0 2.31406e+1
2.01121e+0 3.01063e+1
2.05386e+0 2.02898e+1
2.29147e+0 2.50913e+1
2.29907e+0 1.82773e+1
2.52892e+0 2.89462e+1
2.54871e+0 2.22183e+1
2.60678e+0 1.79526e+1
2.85088e+0 2.05114e+1
2.85095e+0 2.64406e+1
2.92926e+0 1.81782e+1
3.17182e+0 2.39667e+1
3.17221e+0 2.90508e+1
3.22094e+0 1.88741e+1
3.54385e+0 2.43131e+1
3.57702e+0 3.14272e+1
3.67686e+0 1.91377e+1
3.95727e+0 2.55672e+1
4.04104e+0 2.94127e+1
4.04748e+0 1.95367e+1
4.46981e+0 2.51160e+1
4.48053e+0 3.10293e+1
4.52648e+0 2.00681e+1
4.98468e+0 1.89093e+1
5.01715e+0 2.89296e+1
5.04784e+0 2.23593e+1
5.54601e+0 3.06067e+1
5.59979e+0 2.41680e+1
5.60942e+0 2.00335e+1
6.17723e+0 3.00971e+1
6.25963e+0 2.11097e+1
6.89657e+0 3.09083e+1
6.94666e+0 2.14853e+1
7.66294e+0 2.64529e+1
7.71615e+0 3.27441e+1
7.72533e+0 2.10765e+1
8.53549e+0 2.79076e+1
8.53659e+0 3.41689e+1
8.61017e+0 2.18078e+1
9.53403e+0 2.08610e+1
9.56692e+0 3.19489e+1
9.63919e+0 2.44766e+1
1.06261e+1 2.23809e+1
1.06629e+1 3.50462e+1
1.07374e+1 2.81852e+1
1.18032e+1 3.56318e+1
1.19316e+1 2.50974e+1
1.31698e+1 3.52809e+1
1.32655e+1 2.44425e+1
1.46336e+1 3.10613e+1
1.46954e+1 3.81843e+1
1.47478e+1 2.42152e+1
1.62997e+1 3.23879e+1
1.63018e+1 3.96545e+1
1.64574e+1 2.47407e+1
1.81549e+1 3.19573e+1
1.81573e+1 3.91273e+1
1.83698e+1 2.45829e+1
2.02235e+1 3.73993e+1
2.04260e+1 2.30860e+1
2.04817e+1 3.04205e+1
2.25671e+1 2.20528e+1
2.27433e+1 2.81891e+1
2.27462e+1 3.45136e+1
2.45390e+1 1.96167e+1
2.53303e+1 2.51581e+1
2.53336e+1 3.08026e+1
2.71246e+1 1.94554e+1
2.82152e+1 2.74905e+1
2.92690e+1 1.56977e+1
3.04457e+1 2.20415e+1
3.21074e+1 1.22143e+1
3.24452e+1 1.67886e+1
3.36193e+1 2.05067e+1
3.45641e+1 9.45891e+0
3.57645e+1 1.35865e+1
3.59440e+1 7.68075e+0
3.69322e+1 1.75213e+1
3.83367e+1 6.24492e+0
3.85058e+1 5.21603e+0
3.85831e+1 9.71470e+0
3.91766e+1 3.75683e+0
3.96453e+1 1.35264e+1
4.05416e+1 7.23894e+0
4.25218e+1 2.74177e+0
4.27172e+1 9.31021e+0
4.31107e+1 2.23607e+0
4.33319e+1 1.14927e+1
4.35168e+1 5.21603e+0
4.44525e+1 6.66964e+0
4.46421e+1 1.60323e+0
4.58460e+1 3.29469e+0
4.58574e+1 4.88468e+0
4.68698e+1 9.88211e-1
4.71629e+1 8.12660e+0
4.73099e+1 1.26929e+0
4.74877e+1 4.72699e+0
4.74877e+1 4.72699e+0
4.78211e+1 2.15122e+0
4.78273e+1 2.64048e+0
4.86014e+1 6.19009e+0
4.89348e+1 8.14584e-1
4.97264e+1 1.74822e+0
5.00429e+1 4.57438e+0
5.00460e+1 5.04763e+0
5.06089e+1 6.66564e-1
5.08797e+1 5.29413e-1
5.09135e+1 3.18833e+0
5.22098e+1 1.14322e+0
5.27003e+1 1.47969e+0
5.29195e+1 3.72808e-1
5.32638e+1 2.10670e+0
5.32705e+1 2.56812e+0
5.43708e+1 2.44242e-1
5.47897e+1 9.52502e-1
5.53083e+1 1.86304e-1
5.63734e+1 7.42004e-1
5.64364e+1 4.74138e-1
5.66751e+1 5.88502e-1
5.67238e+1 1.33417e-1
5.76660e+1 2.20673e+0
5.80386e+1 5.11562e-2
5.81583e+1 1.33098e+0
5.81655e+1 1.61603e+0
5.85839e+1 6.63697e-2
5.86769e+1 3.08968e-1
5.92255e+1 3.97670e-1
5.94742e+1 1.00044e-1
6.06713e+1 1.02251e+0
6.09143e+1 1.70017e-1
6.09299e+1 2.54866e-1
6.16831e+1 1.41478e+0
6.17892e+1 2.05282e-1
6.21214e+1 1.92417e-2
6.22856e+1 1.24761e+0
6.23704e+1 3.21688e-2
6.27949e+1 8.32626e-1
6.28653e+1 5.34829e-1
6.31312e+1 6.64294e-1
6.39360e+1 7.33273e-3
6.40149e+1 1.35749e-1
6.43078e+1 5.50885e-2
6.45062e+1 1.56395e-2
6.48714e+1 7.34249e-2
6.51590e+1 2.61735e-3
6.55515e+1 3.33070e-1
6.58109e+1 4.22842e-1
6.58203e+1 1.17612e-2
6.59639e+1 4.34469e-2
6.63586e+1 1.02062e-1
6.67421e+1 4.34449e-3
6.73455e+1 7.80348e-1
6.78702e+1 2.84244e-1
6.86648e+1 5.68829e-1
6.89207e+1 2.08497e-1
6.91349e+1 1.60815e-1
6.92498e+1 3.00392e-2
6.94663e+1 2.00638e-2
6.96196e+1 1.87994e-3
7.03634e+1 2.22126e-4
7.05743e+1 2.51802e-2
7.12061e+1 6.18956e-3
7.12581e+1 7.90153e-3
7.12859e+1 1.32357e-1
7.16861e+1 1.42770e-2
7.17460e+1 4.11168e-1
7.20055e+1 5.35198e-2
7.21873e+1 7.19559e-2
7.24397e+1 3.09861e-1
7.28504e+1 2.63560e-3
7.29637e+1 3.56724e-2
7.30031e+1 4.39446e-2
7.39285e+1 1.02991e-1
7.39756e+1 1.08715e-2
7.40778e+1 4.85761e-3
7.45004e+1 2.54234e-1
7.48529e+1 1.91360e-1
7.54404e+1 3.37052e-3
7.69485e+1 1.62821e-3
7.69929e+1 2.07138e-2
7.70004e+1 1.47883e-1
7.76310e+1 2.17410e-3
7.81112e+1 1.25248e-1
7.83729e+1 2.22684e-4
7.83931e+1 2.80243e-2
7.84212e+1 4.08758e-3
7.86177e+1 1.76302e-4
7.87680e+1 2.72798e-4
7.92006e+1 7.98792e-2
7.92242e+1 8.58028e-3
7.93158e+1 6.75775e-3
7.94145e+1 4.82502e-2
7.98149e+1 5.92518e-2
7.98450e+1 1.07497e-1
7.99915e+1 1.53801e-2
8.09753e+1 3.88813e-2
8.11929e+1 3.23286e-2
8.23015e+1 1.20305e-2
8.24089e+1 1.51764e-3
8.24110e+1 5.74739e-3
8.40688e+1 2.60267e-3
8.57169e+1 1.93825e-3
8.57606e+1 4.34146e-3
8.58486e+1 2.19770e-2
8.70597e+1 2.67516e-2
8.72939e+1 2.22126e-4
8.79495e+1 1.31873e-2
8.79611e+1 1.62436e-2
8.80052e+1 3.58447e-2
8.83491e+1 7.37173e-3
9.01225e+1 1.13634e-2
9.13475e+1 1.70646e-3
9.14025e+1 4.41840e-3
9.14259e+1 6.62344e-3
9.19462e+1 2.25184e-2
9.19579e+1 2.75707e-2
9.30356e+1 2.22126e-4
