

  **** PARTIAL WAVE ANALYSIS (DPWA0) ******************************************


  KINETIC ENERGY = 2.50000E+04 eV

      L       PHASE(SPIN UP)     PHASE(SPIN DOWN)
  -----------------------------------------------
       0      5.51262000E-01      0.00000000E+00
       1      4.07720622E-01      4.13501358E-01
       2      3.36592604E-01      3.39565665E-01
       3      2.90181286E-01      2.92159515E-01
       4      2.56325993E-01      2.57786472E-01
       5      2.30077936E-01      2.31219828E-01
       6      2.08916544E-01      2.09843152E-01
       7      1.91375311E-01      1.92147522E-01
       8      1.76523374E-01      1.77180201E-01
       9      1.63733059E-01      1.64300992E-01
      10      1.52562209E-01      1.53060008E-01
      11      1.42688967E-01      1.43130347E-01
      12      1.33873032E-01      1.34268267E-01
      13      1.25931320E-01      1.26288264E-01
      14      1.18722004E-01      1.19046757E-01
      15      1.12133650E-01      1.12431018E-01
      16      1.06077626E-01      1.06351441E-01
      17      1.00482647E-01      1.00735999E-01
      18      9.52907971E-02      9.55262025E-02
      19      9.04545717E-02      9.06741011E-02
      20      8.59346498E-02      8.61400211E-02
      21      8.16981966E-02      8.18908484E-02
      22      7.77175580E-02      7.78987053E-02
      23      7.39692467E-02      7.41399244E-02
      24      7.04331505E-02      7.05942472E-02
      25      6.70919078E-02      6.72441928E-02
      26      6.39304138E-02      6.40745583E-02
      27      6.09354268E-02      6.10720206E-02
      28      5.80952530E-02      5.82248186E-02
      29      5.53994932E-02      5.55224961E-02
      30      5.28388374E-02      5.29556956E-02
      31      5.04048988E-02      5.05159895E-02
      32      4.80900772E-02      4.81957429E-02
      33      4.58874484E-02      4.59880017E-02
      34      4.37906717E-02      4.38863995E-02
      35      4.17939147E-02      4.18850810E-02
      36      3.98917896E-02      3.99786389E-02
      37      3.80793008E-02      3.81620599E-02
      38      3.63518006E-02      3.64306807E-02
      39      3.47049516E-02      3.47801501E-02
      40      3.31346953E-02      3.32063969E-02
      41      3.16372247E-02      3.17056029E-02
      42      3.02089614E-02      3.02741792E-02
      43      2.88465350E-02      2.89087463E-02
      44      2.75467664E-02      2.76061161E-02
      45      2.63066521E-02      2.63632774E-02
      46      2.51233509E-02      2.51773814E-02
      47      2.39941722E-02      2.40457308E-02
      48      2.29165655E-02      2.29657687E-02
      49      2.18881110E-02      2.19350693E-02
      50      2.09065110E-02      2.09513294E-02
      51      1.99695827E-02      2.00123609E-02
      52      1.90752508E-02      1.91160836E-02
      53      1.82215416E-02      1.82605192E-02
      54      1.74065770E-02      1.74437852E-02
      55      1.66285693E-02      1.66640898E-02
      56      1.58858161E-02      1.59197267E-02
      57      1.51766962E-02      1.52090709E-02
      58      1.44996647E-02      1.45305741E-02
      59      1.38532496E-02      1.38827611E-02
      60      1.32360481E-02      1.32642256E-02
      61      1.26467227E-02      1.26736275E-02
      62      1.20839985E-02      1.21096887E-02
      63      1.15466598E-02      1.15711909E-02
      64      1.10335471E-02      1.10569722E-02
      65      1.05435550E-02      1.05659244E-02
      66      1.00756289E-02      1.00969909E-02
      67      9.62876297E-03      9.64916351E-03
      68      9.20199785E-03      9.22148073E-03
      69      8.79441832E-03      8.81302534E-03
      70      8.40515127E-03      8.42292229E-03
      71      8.03336374E-03      8.05033680E-03
      72      7.67826109E-03      7.69447248E-03
      73      7.33908511E-03      7.35456946E-03
      74      7.01511244E-03      7.02990276E-03
      75      6.70565289E-03      6.71978070E-03
      76      6.41004788E-03      6.42354325E-03
      77      6.12766907E-03      6.14056069E-03
      78      5.85791687E-03      5.87023211E-03
      79      5.60021914E-03      5.61198412E-03
      80      5.35402997E-03      5.36526962E-03
      81      5.11882839E-03      5.12956649E-03
      82      4.89411729E-03      4.90437653E-03
      83      4.67942229E-03      4.68922432E-03
      84      4.47429068E-03      4.48365617E-03
      85      4.27829046E-03      4.28723912E-03
      86      4.09100935E-03      4.09956001E-03
      87      3.91205389E-03      3.92022452E-03
      88      3.74104862E-03      3.74885634E-03
      89      3.57763518E-03      3.58509635E-03
      90      3.42147156E-03      3.42860179E-03
      91      3.27223137E-03      3.27904556E-03
      92      3.12960308E-03      3.13611545E-03
      93      2.99328935E-03      2.99951347E-03
      94      2.86300640E-03      2.86895523E-03
      95      2.73848336E-03      2.74416926E-03  i
      96      2.61946169E-03      2.62489645E-03  i
      97      2.50569460E-03      2.51088950E-03  i
      98      2.39694655E-03      2.40191233E-03  i
      99      2.29299266E-03      2.29773958E-03  i
     100      2.19361830E-03      2.19815616E-03  i
     105      1.75858462E-03      1.76220927E-03  i
     110      1.41095332E-03      1.41385096E-03  i
     115      1.13293177E-03      1.13525016E-03  i
     120      9.10395407E-04      9.12251891E-04  i
     125      7.32123048E-04      7.33610886E-04  i
     130      5.89193026E-04      5.90386393E-04  i
     135      4.74506063E-04      4.75464008E-04  i
     140      3.82408265E-04      3.83177836E-04  i
     145      3.08392922E-04      3.09011636E-04  i
     150      2.48864645E-04      2.49362446E-04  i
     155      2.00952540E-04      2.01353350E-04  i
     160      1.62362235E-04      1.62685178E-04  i
     165      1.31258500E-04      1.31518882E-04  i
     170      1.06172103E-04      1.06382181E-04  i
     175      8.59258231E-05      8.60954240E-05  i
     180      6.95756266E-05      6.97126328E-05  i
     185      5.63638507E-05      5.64745916E-05  i
     190      4.56819285E-05      4.57714898E-05  i
     195      3.70406674E-05      3.71131387E-05  i
     200      3.00465315E-05      3.01052042E-05  i
     205      2.43827041E-05      2.44302289E-05  i
     210      1.97939481E-05      1.98324612E-05  i
     215      1.60744963E-05      1.61057205E-05  i
     220      1.30583512E-05      1.30836766E-05  i
     225      1.06115118E-05      1.06320612E-05  i
     230      8.62573959E-06      8.64242000E-06  i
     235      7.01355326E-06      7.02709805E-06  i
     240      5.70420790E-06      5.71521027E-06  i
     245      4.64046170E-06      4.64940178E-06  i
     250      3.77597447E-06      3.78324103E-06  i
     255      3.07321269E-06      3.07912069E-06  i
     260      2.50176143E-06      2.50656621E-06  i
     265      2.03696306E-06      2.04087159E-06  i
     270      1.65881871E-06      1.66199895E-06  i
     275      1.35110167E-06      1.35368990E-06  i
     280      1.10064067E-06      1.10274754E-06  i
     285      8.96740554E-07      8.98455921E-07  i
     290      7.30713822E-07      7.32110697E-07  i
     295      5.95501662E-07      5.96639383E-07  i
     300      4.85366437E-07      4.86293220E-07  i
     310      3.22538641E-07      3.23153891E-07  i
     320      2.14415220E-07      2.14823895E-07  i
     330      1.42582637E-07      1.42854210E-07  i
     340      9.48402820E-08      9.50207973E-08  i
     350      6.30980784E-08      6.32181401E-08  i
     360      4.19871746E-08      4.20670216E-08  i
     370      2.79434445E-08      2.79965666E-08  i
     380      1.85991005E-08      1.86344480E-08  i
     390      1.23804731E-08      1.24040071E-08  i
     400      8.24147418E-09      8.25714276E-09  i
     410      5.48639621E-09      5.49682145E-09  i
     420      3.65258947E-09      3.65952951E-09  i
     430      2.43151197E-09      2.43614006E-09  i
     440      1.61853062E-09      1.62160586E-09  i
     450      1.07729306E-09      1.07935160E-09  i


  *** SCATTERING AMPLITUDES AND DIFFERENTIAL CROSS SECTION ***

    ANGLE      DCS       ASYMMETRY    DIRECT AMPLITUDE       SPIN-FLIP AMPLITUDE     ERROR
    (deg)   (cm**2/sr)                      (cm)                    (cm)
  -------------------------------------------------------------------------------------------
  0.000E+00 6.71838E-16  0.000E+00 ( 2.586E-08, 1.725E-09) ( 0.000E+00, 0.000E+00)  1.00E-07
  1.000E-04 6.71838E-16  0.000E+00 ( 2.586E-08, 1.725E-09) ( 1.055E-15, 7.063E-17)  1.00E-07
  1.250E-04 6.71838E-16  0.000E+00 ( 2.586E-08, 1.725E-09) ( 1.319E-15, 8.829E-17)  1.00E-07
  1.500E-04 6.71838E-16  0.000E+00 ( 2.586E-08, 1.725E-09) ( 1.582E-15, 1.059E-16)  1.00E-07
  1.750E-04 6.71838E-16  0.000E+00 ( 2.586E-08, 1.725E-09) ( 1.846E-15, 1.236E-16)  1.00E-07
  2.000E-04 6.71838E-16  0.000E+00 ( 2.586E-08, 1.725E-09) ( 2.110E-15, 1.413E-16)  1.00E-07
  2.250E-04 6.71838E-16  0.000E+00 ( 2.586E-08, 1.725E-09) ( 2.373E-15, 1.589E-16)  1.00E-07
  2.500E-04 6.71838E-16  0.000E+00 ( 2.586E-08, 1.725E-09) ( 2.637E-15, 1.766E-16)  1.00E-07
  2.750E-04 6.71838E-16  0.000E+00 ( 2.586E-08, 1.725E-09) ( 2.901E-15, 1.942E-16)  1.00E-07
  3.000E-04 6.71838E-16  0.000E+00 ( 2.586E-08, 1.725E-09) ( 3.165E-15, 2.119E-16)  1.00E-07
  3.250E-04 6.71838E-16  0.000E+00 ( 2.586E-08, 1.725E-09) ( 3.428E-15, 2.295E-16)  1.00E-07
  3.500E-04 6.71838E-16  0.000E+00 ( 2.586E-08, 1.725E-09) ( 3.692E-15, 2.472E-16)  1.00E-07
  3.750E-04 6.71838E-16  0.000E+00 ( 2.586E-08, 1.725E-09) ( 3.956E-15, 2.649E-16)  1.00E-07
  4.000E-04 6.71838E-16  0.000E+00 ( 2.586E-08, 1.725E-09) ( 4.219E-15, 2.825E-16)  1.00E-07
  4.250E-04 6.71838E-16  0.000E+00 ( 2.586E-08, 1.725E-09) ( 4.483E-15, 3.002E-16)  1.00E-07
  4.500E-04 6.71838E-16  0.000E+00 ( 2.586E-08, 1.725E-09) ( 4.747E-15, 3.178E-16)  1.00E-07
  4.750E-04 6.71838E-16  0.000E+00 ( 2.586E-08, 1.725E-09) ( 5.011E-15, 3.355E-16)  1.00E-07
  5.000E-04 6.71838E-16  0.000E+00 ( 2.586E-08, 1.725E-09) ( 5.274E-15, 3.531E-16)  1.00E-07
  5.250E-04 6.71838E-16  0.000E+00 ( 2.586E-08, 1.725E-09) ( 5.538E-15, 3.708E-16)  1.00E-07
  5.500E-04 6.71838E-16  0.000E+00 ( 2.586E-08, 1.725E-09) ( 5.802E-15, 3.885E-16)  1.00E-07
  5.750E-04 6.71838E-16  0.000E+00 ( 2.586E-08, 1.725E-09) ( 6.066E-15, 4.061E-16)  1.00E-07
  6.000E-04 6.71838E-16  0.000E+00 ( 2.586E-08, 1.725E-09) ( 6.329E-15, 4.238E-16)  1.00E-07
  6.250E-04 6.71838E-16  0.000E+00 ( 2.586E-08, 1.725E-09) ( 6.593E-15, 4.414E-16)  1.00E-07
  6.500E-04 6.71838E-16  0.000E+00 ( 2.586E-08, 1.725E-09) ( 6.857E-15, 4.591E-16)  1.00E-07
  6.750E-04 6.71838E-16  0.000E+00 ( 2.586E-08, 1.725E-09) ( 7.120E-15, 4.767E-16)  1.00E-07
  7.000E-04 6.71838E-16  0.000E+00 ( 2.586E-08, 1.725E-09) ( 7.384E-15, 4.944E-16)  1.00E-07
  7.250E-04 6.71838E-16  0.000E+00 ( 2.586E-08, 1.725E-09) ( 7.648E-15, 5.121E-16)  1.00E-07
  7.500E-04 6.71838E-16  0.000E+00 ( 2.586E-08, 1.725E-09) ( 7.912E-15, 5.297E-16)  1.00E-07
  7.750E-04 6.71838E-16  0.000E+00 ( 2.586E-08, 1.725E-09) ( 8.175E-15, 5.474E-16)  1.00E-07
  8.000E-04 6.71838E-16  0.000E+00 ( 2.586E-08, 1.725E-09) ( 8.439E-15, 5.650E-16)  1.00E-07
  8.250E-04 6.71838E-16  0.000E+00 ( 2.586E-08, 1.725E-09) ( 8.703E-15, 5.827E-16)  1.00E-07
  8.500E-04 6.71838E-16  0.000E+00 ( 2.586E-08, 1.725E-09) ( 8.966E-15, 6.003E-16)  1.00E-07
  8.750E-04 6.71838E-16  0.000E+00 ( 2.586E-08, 1.725E-09) ( 9.230E-15, 6.180E-16)  1.00E-07
  9.000E-04 6.71838E-16  0.000E+00 ( 2.586E-08, 1.725E-09) ( 9.494E-15, 6.357E-16)  1.00E-07
  9.250E-04 6.71838E-16  0.000E+00 ( 2.586E-08, 1.725E-09) ( 9.758E-15, 6.533E-16)  1.00E-07
  9.500E-04 6.71838E-16  0.000E+00 ( 2.586E-08, 1.725E-09) ( 1.002E-14, 6.710E-16)  1.00E-07
  9.750E-04 6.71838E-16  0.000E+00 ( 2.586E-08, 1.725E-09) ( 1.028E-14, 6.886E-16)  1.00E-07
  1.000E-03 6.71838E-16  0.000E+00 ( 2.586E-08, 1.725E-09) ( 1.055E-14, 7.063E-16)  1.00E-07
  1.250E-03 6.71837E-16  0.000E+00 ( 2.586E-08, 1.725E-09) ( 1.319E-14, 8.829E-16)  1.00E-07
  1.500E-03 6.71837E-16  0.000E+00 ( 2.586E-08, 1.725E-09) ( 1.582E-14, 1.059E-15)  1.00E-07
  1.750E-03 6.71837E-16  0.000E+00 ( 2.586E-08, 1.725E-09) ( 1.846E-14, 1.236E-15)  1.00E-07
  2.000E-03 6.71837E-16  0.000E+00 ( 2.586E-08, 1.725E-09) ( 2.110E-14, 1.413E-15)  1.00E-07
  2.250E-03 6.71836E-16  0.000E+00 ( 2.586E-08, 1.725E-09) ( 2.373E-14, 1.589E-15)  1.00E-07
  2.500E-03 6.71836E-16  0.000E+00 ( 2.586E-08, 1.725E-09) ( 2.637E-14, 1.766E-15)  1.00E-07
  2.750E-03 6.71836E-16  0.000E+00 ( 2.586E-08, 1.725E-09) ( 2.901E-14, 1.942E-15)  1.00E-07
  3.000E-03 6.71835E-16  0.000E+00 ( 2.586E-08, 1.725E-09) ( 3.165E-14, 2.119E-15)  1.00E-07
  3.250E-03 6.71835E-16  0.000E+00 ( 2.586E-08, 1.725E-09) ( 3.428E-14, 2.295E-15)  1.00E-07
  3.500E-03 6.71834E-16  0.000E+00 ( 2.586E-08, 1.725E-09) ( 3.692E-14, 2.472E-15)  1.00E-07
  3.750E-03 6.71834E-16  0.000E+00 ( 2.586E-08, 1.725E-09) ( 3.956E-14, 2.649E-15)  1.00E-07
  4.000E-03 6.71833E-16  0.000E+00 ( 2.586E-08, 1.725E-09) ( 4.219E-14, 2.825E-15)  1.00E-07
  4.250E-03 6.71833E-16  0.000E+00 ( 2.586E-08, 1.725E-09) ( 4.483E-14, 3.002E-15)  1.00E-07
  4.500E-03 6.71832E-16  0.000E+00 ( 2.586E-08, 1.725E-09) ( 4.747E-14, 3.178E-15)  1.00E-07
  4.750E-03 6.71831E-16  0.000E+00 ( 2.586E-08, 1.725E-09) ( 5.011E-14, 3.355E-15)  1.00E-07
  5.000E-03 6.71831E-16  0.000E+00 ( 2.586E-08, 1.725E-09) ( 5.274E-14, 3.531E-15)  1.00E-07
  5.250E-03 6.71830E-16  0.000E+00 ( 2.586E-08, 1.725E-09) ( 5.538E-14, 3.708E-15)  1.00E-07
  5.500E-03 6.71829E-16  0.000E+00 ( 2.586E-08, 1.725E-09) ( 5.802E-14, 3.885E-15)  1.00E-07
  5.750E-03 6.71828E-16  0.000E+00 ( 2.586E-08, 1.725E-09) ( 6.065E-14, 4.061E-15)  1.00E-07
  6.000E-03 6.71827E-16  0.000E+00 ( 2.586E-08, 1.725E-09) ( 6.329E-14, 4.238E-15)  1.00E-07
  6.250E-03 6.71826E-16  0.000E+00 ( 2.586E-08, 1.725E-09) ( 6.593E-14, 4.414E-15)  1.00E-07
  6.500E-03 6.71825E-16  0.000E+00 ( 2.586E-08, 1.725E-09) ( 6.857E-14, 4.591E-15)  1.00E-07
  6.750E-03 6.71825E-16  0.000E+00 ( 2.586E-08, 1.725E-09) ( 7.120E-14, 4.767E-15)  1.00E-07
  7.000E-03 6.71824E-16  0.000E+00 ( 2.586E-08, 1.725E-09) ( 7.384E-14, 4.944E-15)  1.00E-07
  7.250E-03 6.71822E-16  0.000E+00 ( 2.586E-08, 1.725E-09) ( 7.648E-14, 5.121E-15)  1.00E-07
  7.500E-03 6.71821E-16  0.000E+00 ( 2.586E-08, 1.725E-09) ( 7.911E-14, 5.297E-15)  1.00E-07
  7.750E-03 6.71820E-16  0.000E+00 ( 2.586E-08, 1.725E-09) ( 8.175E-14, 5.474E-15)  1.00E-07
  8.000E-03 6.71819E-16  0.000E+00 ( 2.586E-08, 1.725E-09) ( 8.439E-14, 5.650E-15)  1.00E-07
  8.250E-03 6.71818E-16  0.000E+00 ( 2.586E-08, 1.725E-09) ( 8.703E-14, 5.827E-15)  1.00E-07
  8.500E-03 6.71817E-16  0.000E+00 ( 2.586E-08, 1.725E-09) ( 8.966E-14, 6.003E-15)  1.00E-07
  8.750E-03 6.71815E-16  0.000E+00 ( 2.586E-08, 1.725E-09) ( 9.230E-14, 6.180E-15)  1.00E-07
  9.000E-03 6.71814E-16  0.000E+00 ( 2.586E-08, 1.725E-09) ( 9.494E-14, 6.357E-15)  1.00E-07
  9.250E-03 6.71813E-16  0.000E+00 ( 2.586E-08, 1.725E-09) ( 9.757E-14, 6.533E-15)  1.00E-07
  9.500E-03 6.71811E-16  0.000E+00 ( 2.586E-08, 1.725E-09) ( 1.002E-13, 6.710E-15)  1.00E-07
  9.750E-03 6.71810E-16  0.000E+00 ( 2.586E-08, 1.725E-09) ( 1.028E-13, 6.886E-15)  1.00E-07
  1.000E-02 6.71809E-16  0.000E+00 ( 2.586E-08, 1.725E-09) ( 1.055E-13, 7.063E-15)  1.00E-07
  1.250E-02 6.71792E-16  0.000E+00 ( 2.586E-08, 1.725E-09) ( 1.319E-13, 8.829E-15)  1.00E-07
  1.500E-02 6.71772E-16  0.000E+00 ( 2.586E-08, 1.725E-09) ( 1.582E-13, 1.059E-14)  1.00E-07
  1.750E-02 6.71748E-16  0.000E+00 ( 2.586E-08, 1.725E-09) ( 1.846E-13, 1.236E-14)  1.00E-07
  2.000E-02 6.71721E-16  0.000E+00 ( 2.586E-08, 1.725E-09) ( 2.110E-13, 1.413E-14)  1.00E-07
  2.250E-02 6.71690E-16  0.000E+00 ( 2.586E-08, 1.725E-09) ( 2.373E-13, 1.589E-14)  1.00E-07
  2.500E-02 6.71655E-16  0.000E+00 ( 2.586E-08, 1.725E-09) ( 2.637E-13, 1.766E-14)  1.00E-07
  2.750E-02 6.71617E-16  0.000E+00 ( 2.586E-08, 1.725E-09) ( 2.900E-13, 1.942E-14)  1.00E-07
  3.000E-02 6.71575E-16  0.000E+00 ( 2.586E-08, 1.725E-09) ( 3.164E-13, 2.119E-14)  1.00E-07
  3.250E-02 6.71529E-16  0.000E+00 ( 2.586E-08, 1.725E-09) ( 3.428E-13, 2.295E-14)  1.00E-07
  3.500E-02 6.71480E-16  0.000E+00 ( 2.586E-08, 1.725E-09) ( 3.691E-13, 2.472E-14)  1.00E-07
  3.750E-02 6.71427E-16  0.000E+00 ( 2.585E-08, 1.725E-09) ( 3.955E-13, 2.648E-14)  1.00E-07
  4.000E-02 6.71371E-16  0.000E+00 ( 2.585E-08, 1.725E-09) ( 4.218E-13, 2.825E-14)  1.00E-07
  4.250E-02 6.71310E-16  0.000E+00 ( 2.585E-08, 1.725E-09) ( 4.481E-13, 3.002E-14)  1.00E-07
  4.500E-02 6.71247E-16  0.000E+00 ( 2.585E-08, 1.725E-09) ( 4.745E-13, 3.178E-14)  1.00E-07
  4.750E-02 6.71179E-16  0.000E+00 ( 2.585E-08, 1.725E-09) ( 5.008E-13, 3.355E-14)  1.00E-07
  5.000E-02 6.71108E-16  0.000E+00 ( 2.585E-08, 1.725E-09) ( 5.271E-13, 3.531E-14)  1.00E-07
  5.250E-02 6.71033E-16  0.000E+00 ( 2.585E-08, 1.725E-09) ( 5.535E-13, 3.708E-14)  1.00E-07
  5.500E-02 6.70955E-16  0.000E+00 ( 2.585E-08, 1.725E-09) ( 5.798E-13, 3.884E-14)  1.00E-07
  5.750E-02 6.70873E-16  0.000E+00 ( 2.584E-08, 1.725E-09) ( 6.061E-13, 4.061E-14)  1.00E-07
  6.000E-02 6.70787E-16  0.000E+00 ( 2.584E-08, 1.725E-09) ( 6.324E-13, 4.237E-14)  1.00E-07
  6.250E-02 6.70698E-16  0.000E+00 ( 2.584E-08, 1.725E-09) ( 6.587E-13, 4.414E-14)  1.00E-07
  6.500E-02 6.70605E-16  0.000E+00 ( 2.584E-08, 1.725E-09) ( 6.850E-13, 4.590E-14)  1.00E-07
  6.750E-02 6.70509E-16  0.000E+00 ( 2.584E-08, 1.725E-09) ( 7.113E-13, 4.767E-14)  1.00E-07
  7.000E-02 6.70409E-16  0.000E+00 ( 2.583E-08, 1.724E-09) ( 7.376E-13, 4.943E-14)  1.00E-07
  7.250E-02 6.70305E-16  0.000E+00 ( 2.583E-08, 1.724E-09) ( 7.639E-13, 5.119E-14)  1.00E-07
  7.500E-02 6.70198E-16  0.000E+00 ( 2.583E-08, 1.724E-09) ( 7.902E-13, 5.296E-14)  1.00E-07
  7.750E-02 6.70087E-16  0.000E+00 ( 2.583E-08, 1.724E-09) ( 8.165E-13, 5.472E-14)  1.00E-07
  8.000E-02 6.69972E-16  0.000E+00 ( 2.583E-08, 1.724E-09) ( 8.427E-13, 5.649E-14)  1.00E-07
  8.250E-02 6.69854E-16  0.000E+00 ( 2.582E-08, 1.724E-09) ( 8.690E-13, 5.825E-14)  1.00E-07
  8.500E-02 6.69732E-16  0.000E+00 ( 2.582E-08, 1.724E-09) ( 8.952E-13, 6.002E-14)  1.00E-07
  8.750E-02 6.69607E-16  0.000E+00 ( 2.582E-08, 1.724E-09) ( 9.215E-13, 6.178E-14)  1.00E-07
  9.000E-02 6.69478E-16  0.000E+00 ( 2.582E-08, 1.724E-09) ( 9.477E-13, 6.354E-14)  1.00E-07
  9.250E-02 6.69345E-16  0.000E+00 ( 2.581E-08, 1.724E-09) ( 9.739E-13, 6.531E-14)  1.00E-07
  9.500E-02 6.69209E-16  0.000E+00 ( 2.581E-08, 1.724E-09) ( 1.000E-12, 6.707E-14)  1.00E-07
  9.750E-02 6.69069E-16  0.000E+00 ( 2.581E-08, 1.724E-09) ( 1.026E-12, 6.884E-14)  1.00E-07
  1.000E-01 6.68926E-16  0.000E+00 ( 2.581E-08, 1.724E-09) ( 1.053E-12, 7.060E-14)  1.00E-07
  1.250E-01 6.67296E-16  0.000E+00 ( 2.577E-08, 1.724E-09) ( 1.314E-12, 8.823E-14)  1.00E-07
  1.500E-01 6.65311E-16  0.000E+00 ( 2.574E-08, 1.723E-09) ( 1.575E-12, 1.058E-13)  1.00E-07
  1.750E-01 6.62976E-16  0.000E+00 ( 2.569E-08, 1.723E-09) ( 1.834E-12, 1.234E-13)  1.00E-07
  2.000E-01 6.60296E-16  0.000E+00 ( 2.564E-08, 1.722E-09) ( 2.092E-12, 1.410E-13)  1.00E-07
  2.250E-01 6.57278E-16  0.000E+00 ( 2.558E-08, 1.721E-09) ( 2.348E-12, 1.586E-13)  1.00E-07
  2.500E-01 6.53927E-16  0.000E+00 ( 2.551E-08, 1.720E-09) ( 2.602E-12, 1.761E-13)  1.00E-07
  2.750E-01 6.50252E-16  0.000E+00 ( 2.544E-08, 1.719E-09) ( 2.854E-12, 1.936E-13)  1.00E-07
  3.000E-01 6.46260E-16  0.000E+00 ( 2.536E-08, 1.718E-09) ( 3.104E-12, 2.111E-13)  1.00E-07
  3.250E-01 6.41961E-16  0.000E+00 ( 2.528E-08, 1.717E-09) ( 3.351E-12, 2.285E-13)  1.00E-07
  3.500E-01 6.37363E-16  0.000E+00 ( 2.519E-08, 1.716E-09) ( 3.596E-12, 2.459E-13)  1.00E-07
  3.750E-01 6.32476E-16  0.000E+00 ( 2.509E-08, 1.715E-09) ( 3.838E-12, 2.633E-13)  1.00E-07
  4.000E-01 6.27311E-16  0.000E+00 ( 2.499E-08, 1.713E-09) ( 4.077E-12, 2.806E-13)  1.00E-07
  4.250E-01 6.21878E-16  0.000E+00 ( 2.488E-08, 1.712E-09) ( 4.313E-12, 2.979E-13)  1.00E-07
  4.500E-01 6.16188E-16  0.000E+00 ( 2.476E-08, 1.710E-09) ( 4.546E-12, 3.151E-13)  1.00E-07
  4.750E-01 6.10253E-16  0.000E+00 ( 2.464E-08, 1.708E-09) ( 4.775E-12, 3.323E-13)  1.00E-07
  5.000E-01 6.04084E-16  0.000E+00 ( 2.452E-08, 1.707E-09) ( 5.001E-12, 3.494E-13)  1.00E-07
  5.250E-01 5.97694E-16  0.000E+00 ( 2.439E-08, 1.705E-09) ( 5.223E-12, 3.665E-13)  1.00E-07
  5.500E-01 5.91094E-16  0.000E+00 ( 2.425E-08, 1.703E-09) ( 5.441E-12, 3.835E-13)  1.00E-07
  5.750E-01 5.84298E-16  0.000E+00 ( 2.411E-08, 1.701E-09) ( 5.656E-12, 4.005E-13)  1.00E-07
  6.000E-01 5.77317E-16  0.000E+00 ( 2.397E-08, 1.699E-09) ( 5.866E-12, 4.174E-13)  1.00E-07
  6.250E-01 5.70164E-16  0.000E+00 ( 2.382E-08, 1.697E-09) ( 6.073E-12, 4.342E-13)  1.00E-07
  6.500E-01 5.62851E-16  0.000E+00 ( 2.366E-08, 1.694E-09) ( 6.275E-12, 4.510E-13)  1.00E-07
  6.750E-01 5.55392E-16  0.000E+00 ( 2.351E-08, 1.692E-09) ( 6.473E-12, 4.677E-13)  1.00E-07
  7.000E-01 5.47798E-16  0.000E+00 ( 2.334E-08, 1.689E-09) ( 6.666E-12, 4.843E-13)  1.00E-07
  7.250E-01 5.40082E-16  0.000E+00 ( 2.318E-08, 1.687E-09) ( 6.855E-12, 5.009E-13)  1.00E-07
  7.500E-01 5.32257E-16  0.000E+00 ( 2.301E-08, 1.684E-09) ( 7.040E-12, 5.173E-13)  1.00E-07
  7.750E-01 5.24333E-16  0.000E+00 ( 2.284E-08, 1.682E-09) ( 7.220E-12, 5.337E-13)  1.00E-07
  8.000E-01 5.16324E-16  0.000E+00 ( 2.266E-08, 1.679E-09) ( 7.396E-12, 5.501E-13)  1.00E-07
  8.250E-01 5.08241E-16  0.000E+00 ( 2.248E-08, 1.676E-09) ( 7.567E-12, 5.663E-13)  1.00E-07
  8.500E-01 5.00095E-16  0.000E+00 ( 2.230E-08, 1.673E-09) ( 7.733E-12, 5.825E-13)  1.00E-07
  8.750E-01 4.91898E-16  0.000E+00 ( 2.212E-08, 1.670E-09) ( 7.895E-12, 5.985E-13)  1.00E-07
  9.000E-01 4.83660E-16  0.000E+00 ( 2.193E-08, 1.667E-09) ( 8.052E-12, 6.145E-13)  1.00E-07
  9.250E-01 4.75392E-16  0.000E+00 ( 2.174E-08, 1.664E-09) ( 8.205E-12, 6.304E-13)  1.00E-07
  9.500E-01 4.67104E-16  0.000E+00 ( 2.155E-08, 1.661E-09) ( 8.353E-12, 6.462E-13)  1.00E-07
  9.750E-01 4.58806E-16  0.000E+00 ( 2.136E-08, 1.658E-09) ( 8.496E-12, 6.619E-13)  1.00E-07
  1.000E+00 4.50507E-16  0.000E+00 ( 2.116E-08, 1.654E-09) ( 8.634E-12, 6.775E-13)  1.00E-07
  1.100E+00 4.17480E-16  0.000E+00 ( 2.037E-08, 1.640E-09) ( 9.142E-12, 7.389E-13)  1.00E-07
  1.200E+00 3.85101E-16  0.000E+00 ( 1.956E-08, 1.625E-09) ( 9.577E-12, 7.987E-13)  1.00E-07
  1.300E+00 3.53786E-16  0.000E+00 ( 1.874E-08, 1.609E-09) ( 9.943E-12, 8.568E-13)  1.00E-07
  1.400E+00 3.23857E-16  0.000E+00 ( 1.793E-08, 1.592E-09) ( 1.024E-11, 9.129E-13)  1.00E-07
  1.500E+00 2.95541E-16  0.000E+00 ( 1.712E-08, 1.574E-09) ( 1.048E-11, 9.672E-13)  1.00E-07
  1.600E+00 2.68988E-16  0.000E+00 ( 1.633E-08, 1.555E-09) ( 1.066E-11, 1.020E-12)  1.00E-07
  1.700E+00 2.44276E-16  0.000E+00 ( 1.555E-08, 1.536E-09) ( 1.080E-11, 1.070E-12)  1.00E-07
  1.800E+00 2.21429E-16  0.000E+00 ( 1.480E-08, 1.516E-09) ( 1.088E-11, 1.118E-12)  1.00E-07
  1.900E+00 2.00424E-16  0.000E+00 ( 1.408E-08, 1.496E-09) ( 1.092E-11, 1.164E-12)  1.00E-07
  2.000E+00 1.81206E-16  0.000E+00 ( 1.338E-08, 1.475E-09) ( 1.093E-11, 1.209E-12)  1.00E-07
  2.100E+00 1.63696E-16  0.000E+00 ( 1.271E-08, 1.453E-09) ( 1.091E-11, 1.251E-12)  1.00E-07
  2.200E+00 1.47797E-16  0.000E+00 ( 1.207E-08, 1.432E-09) ( 1.085E-11, 1.291E-12)  1.00E-07
  2.300E+00 1.33404E-16  0.000E+00 ( 1.146E-08, 1.410E-09) ( 1.077E-11, 1.329E-12)  1.00E-07
  2.400E+00 1.20403E-16  0.000E+00 ( 1.088E-08, 1.387E-09) ( 1.068E-11, 1.365E-12)  1.00E-07
  2.500E+00 1.08685E-16  0.000E+00 ( 1.034E-08, 1.365E-09) ( 1.056E-11, 1.399E-12)  1.00E-07
  2.600E+00 9.81392E-17  0.000E+00 ( 9.815E-09, 1.342E-09) ( 1.043E-11, 1.431E-12)  1.00E-07
  2.700E+00 8.86594E-17  0.000E+00 ( 9.323E-09, 1.320E-09) ( 1.029E-11, 1.461E-12)  1.00E-07
  2.800E+00 8.01458E-17  0.000E+00 ( 8.858E-09, 1.297E-09) ( 1.014E-11, 1.490E-12)  1.00E-07
  2.900E+00 7.25047E-17  0.000E+00 ( 8.419E-09, 1.275E-09) ( 9.988E-12, 1.516E-12)  1.00E-07
  3.000E+00 6.56492E-17  0.000E+00 ( 8.005E-09, 1.253E-09) ( 9.826E-12, 1.541E-12)  1.00E-07
  3.100E+00 5.94994E-17  0.000E+00 ( 7.615E-09, 1.230E-09) ( 9.661E-12, 1.564E-12)  1.00E-07
  3.200E+00 5.39826E-17  0.000E+00 ( 7.247E-09, 1.208E-09) ( 9.493E-12, 1.586E-12)  1.00E-07
  3.300E+00 4.90324E-17  0.000E+00 ( 6.901E-09, 1.186E-09) ( 9.324E-12, 1.606E-12)  1.00E-07
  3.400E+00 4.45891E-17  0.000E+00 ( 6.575E-09, 1.165E-09) ( 9.155E-12, 1.625E-12)  1.00E-07
  3.500E+00 4.05988E-17  0.000E+00 ( 6.268E-09, 1.143E-09) ( 8.987E-12, 1.642E-12)  1.00E-07
  3.600E+00 3.70130E-17  0.000E+00 ( 5.979E-09, 1.122E-09) ( 8.820E-12, 1.658E-12)  1.00E-07
  3.700E+00 3.37884E-17  0.000E+00 ( 5.708E-09, 1.101E-09) ( 8.654E-12, 1.672E-12)  1.00E-07
  3.800E+00 3.08863E-17  0.000E+00 ( 5.451E-09, 1.081E-09) ( 8.492E-12, 1.686E-12)  1.00E-07
  3.900E+00 2.82721E-17  0.000E+00 ( 5.210E-09, 1.060E-09) ( 8.332E-12, 1.698E-12)  1.00E-07
  4.000E+00 2.59149E-17  0.000E+00 ( 4.983E-09, 1.040E-09) ( 8.175E-12, 1.709E-12)  1.00E-07
  4.100E+00 2.37873E-17  0.000E+00 ( 4.769E-09, 1.021E-09) ( 8.021E-12, 1.719E-12)  1.00E-07
  4.200E+00 2.18648E-17  0.000E+00 ( 4.567E-09, 1.002E-09) ( 7.871E-12, 1.728E-12)  1.00E-07
  4.300E+00 2.01258E-17  0.000E+00 ( 4.377E-09, 9.828E-10) ( 7.725E-12, 1.736E-12)  1.00E-07
  4.400E+00 1.85509E-17  0.000E+00 ( 4.198E-09, 9.643E-10) ( 7.582E-12, 1.743E-12)  1.00E-07
  4.500E+00 1.71229E-17  0.000E+00 ( 4.028E-09, 9.462E-10) ( 7.444E-12, 1.749E-12)  1.00E-07
  4.600E+00 1.58266E-17  0.000E+00 ( 3.868E-09, 9.285E-10) ( 7.309E-12, 1.755E-12)  1.00E-07
  4.700E+00 1.46483E-17  0.000E+00 ( 3.717E-09, 9.112E-10) ( 7.178E-12, 1.760E-12)  1.00E-07
  4.800E+00 1.35761E-17  0.000E+00 ( 3.574E-09, 8.942E-10) ( 7.051E-12, 1.764E-12)  1.00E-07
  4.900E+00 1.25990E-17  0.000E+00 ( 3.439E-09, 8.776E-10) ( 6.927E-12, 1.768E-12)  1.00E-07
  5.000E+00 1.17076E-17  0.000E+00 ( 3.311E-09, 8.614E-10) ( 6.808E-12, 1.771E-12)  1.00E-07
  5.100E+00 1.08933E-17  0.000E+00 ( 3.190E-09, 8.456E-10) ( 6.692E-12, 1.773E-12)  1.00E-07
  5.200E+00 1.01486E-17  0.000E+00 ( 3.076E-09, 8.301E-10) ( 6.579E-12, 1.775E-12)  1.00E-07
  5.300E+00 9.46647E-18  0.000E+00 ( 2.967E-09, 8.150E-10) ( 6.471E-12, 1.776E-12)  1.00E-07
  5.400E+00 8.84103E-18  0.000E+00 ( 2.864E-09, 8.002E-10) ( 6.365E-12, 1.777E-12)  1.00E-07
  5.500E+00 8.26680E-18  0.000E+00 ( 2.766E-09, 7.859E-10) ( 6.263E-12, 1.778E-12)  1.00E-07
  5.600E+00 7.73894E-18  0.000E+00 ( 2.673E-09, 7.718E-10) ( 6.164E-12, 1.778E-12)  1.00E-07
  5.700E+00 7.25310E-18  0.000E+00 ( 2.584E-09, 7.581E-10) ( 6.068E-12, 1.778E-12)  1.00E-07
  5.800E+00 6.80539E-18  0.000E+00 ( 2.500E-09, 7.447E-10) ( 5.975E-12, 1.777E-12)  1.00E-07
  5.900E+00 6.39232E-18  0.000E+00 ( 2.420E-09, 7.317E-10) ( 5.885E-12, 1.777E-12)  1.00E-07
  6.000E+00 6.01076E-18  0.000E+00 ( 2.344E-09, 7.190E-10) ( 5.798E-12, 1.775E-12)  1.00E-07
  6.100E+00 5.65788E-18 -2.634E-06 ( 2.271E-09, 7.065E-10) ( 5.714E-12, 1.774E-12)  1.00E-07
  6.200E+00 5.33116E-18 -2.932E-06 ( 2.202E-09, 6.944E-10) ( 5.632E-12, 1.772E-12)  1.00E-07
  6.300E+00 5.02829E-18 -3.243E-06 ( 2.136E-09, 6.826E-10) ( 5.552E-12, 1.771E-12)  1.00E-07
  6.400E+00 4.74723E-18 -3.566E-06 ( 2.073E-09, 6.711E-10) ( 5.475E-12, 1.769E-12)  1.00E-07
  6.500E+00 4.48612E-18 -3.903E-06 ( 2.013E-09, 6.599E-10) ( 5.401E-12, 1.766E-12)  1.00E-07
  6.600E+00 4.24326E-18 -4.253E-06 ( 1.955E-09, 6.489E-10) ( 5.328E-12, 1.764E-12)  1.00E-07
  6.700E+00 4.01716E-18 -4.617E-06 ( 1.900E-09, 6.383E-10) ( 5.258E-12, 1.761E-12)  1.00E-07
  6.800E+00 3.80642E-18 -4.993E-06 ( 1.847E-09, 6.279E-10) ( 5.190E-12, 1.759E-12)  1.00E-07
  6.900E+00 3.60979E-18 -5.383E-06 ( 1.797E-09, 6.177E-10) ( 5.123E-12, 1.756E-12)  1.00E-07
  7.000E+00 3.42616E-18 -5.787E-06 ( 1.748E-09, 6.078E-10) ( 5.059E-12, 1.753E-12)  1.00E-07
  7.100E+00 3.25448E-18 -6.203E-06 ( 1.702E-09, 5.981E-10) ( 4.997E-12, 1.750E-12)  1.00E-07
  7.200E+00 3.09383E-18 -6.634E-06 ( 1.657E-09, 5.887E-10) ( 4.936E-12, 1.747E-12)  1.00E-07
  7.300E+00 2.94334E-18 -7.077E-06 ( 1.615E-09, 5.795E-10) ( 4.877E-12, 1.744E-12)  1.00E-07
  7.400E+00 2.80225E-18 -7.535E-06 ( 1.574E-09, 5.705E-10) ( 4.819E-12, 1.740E-12)  1.00E-07
  7.500E+00 2.66984E-18 -8.006E-06 ( 1.534E-09, 5.618E-10) ( 4.763E-12, 1.737E-12)  1.00E-07
  7.600E+00 2.54548E-18 -8.490E-06 ( 1.496E-09, 5.532E-10) ( 4.709E-12, 1.733E-12)  1.00E-07
  7.700E+00 2.42856E-18 -8.989E-06 ( 1.460E-09, 5.449E-10) ( 4.656E-12, 1.730E-12)  1.00E-07
  7.800E+00 2.31855E-18 -9.501E-06 ( 1.425E-09, 5.367E-10) ( 4.604E-12, 1.726E-12)  1.00E-07
  7.900E+00 2.21495E-18 -1.003E-05 ( 1.391E-09, 5.287E-10) ( 4.554E-12, 1.723E-12)  1.00E-07
  8.000E+00 2.11730E-18 -1.057E-05 ( 1.359E-09, 5.210E-10) ( 4.505E-12, 1.719E-12)  1.00E-07
  8.100E+00 2.02520E-18 -1.112E-05 ( 1.327E-09, 5.134E-10) ( 4.457E-12, 1.715E-12)  1.00E-07
  8.200E+00 1.93826E-18 -1.169E-05 ( 1.297E-09, 5.060E-10) ( 4.410E-12, 1.712E-12)  1.00E-07
  8.300E+00 1.85612E-18 -1.227E-05 ( 1.268E-09, 4.987E-10) ( 4.364E-12, 1.708E-12)  1.00E-07
  8.400E+00 1.77846E-18 -1.287E-05 ( 1.240E-09, 4.917E-10) ( 4.320E-12, 1.704E-12)  1.00E-07
  8.500E+00 1.70498E-18 -1.348E-05 ( 1.212E-09, 4.847E-10) ( 4.276E-12, 1.700E-12)  1.00E-07
  8.600E+00 1.63541E-18 -1.411E-05 ( 1.186E-09, 4.780E-10) ( 4.234E-12, 1.696E-12)  1.00E-07
  8.700E+00 1.56949E-18 -1.475E-05 ( 1.161E-09, 4.714E-10) ( 4.192E-12, 1.693E-12)  1.00E-07
  8.800E+00 1.50699E-18 -1.540E-05 ( 1.136E-09, 4.649E-10) ( 4.152E-12, 1.689E-12)  1.00E-07
  8.900E+00 1.44769E-18 -1.607E-05 ( 1.112E-09, 4.586E-10) ( 4.112E-12, 1.685E-12)  1.00E-07
  9.000E+00 1.39139E-18 -1.676E-05 ( 1.089E-09, 4.524E-10) ( 4.073E-12, 1.681E-12)  1.00E-07
  9.100E+00 1.33790E-18 -1.746E-05 ( 1.067E-09, 4.464E-10) ( 4.035E-12, 1.677E-12)  1.00E-07
  9.200E+00 1.28705E-18 -1.817E-05 ( 1.045E-09, 4.405E-10) ( 3.998E-12, 1.673E-12)  1.00E-07
  9.300E+00 1.23869E-18 -1.890E-05 ( 1.025E-09, 4.347E-10) ( 3.962E-12, 1.669E-12)  1.00E-07
  9.400E+00 1.19265E-18 -1.965E-05 ( 1.004E-09, 4.290E-10) ( 3.926E-12, 1.665E-12)  1.00E-07
  9.500E+00 1.14881E-18 -2.041E-05 ( 9.846E-10, 4.235E-10) ( 3.891E-12, 1.661E-12)  1.00E-07
  9.600E+00 1.10704E-18 -2.119E-05 ( 9.655E-10, 4.180E-10) ( 3.857E-12, 1.658E-12)  1.00E-07
  9.700E+00 1.06721E-18 -2.198E-05 ( 9.470E-10, 4.127E-10) ( 3.823E-12, 1.654E-12)  1.00E-07
  9.800E+00 1.02922E-18 -2.279E-05 ( 9.290E-10, 4.075E-10) ( 3.790E-12, 1.650E-12)  1.00E-07
  9.900E+00 9.92953E-19 -2.361E-05 ( 9.116E-10, 4.024E-10) ( 3.758E-12, 1.646E-12)  1.00E-07
  1.000E+01 9.58323E-19 -2.445E-05 ( 8.946E-10, 3.974E-10) ( 3.726E-12, 1.642E-12)  1.00E-07
  1.025E+01 8.78317E-19 -2.662E-05 ( 8.543E-10, 3.854E-10) ( 3.649E-12, 1.632E-12)  1.00E-07
  1.050E+01 8.06711E-19 -2.890E-05 ( 8.166E-10, 3.739E-10) ( 3.575E-12, 1.623E-12)  1.00E-07
  1.075E+01 7.42438E-19 -3.128E-05 ( 7.815E-10, 3.630E-10) ( 3.504E-12, 1.613E-12)  1.00E-07
  1.100E+01 6.84588E-19 -3.376E-05 ( 7.485E-10, 3.526E-10) ( 3.437E-12, 1.603E-12)  1.00E-07
  1.125E+01 6.32385E-19 -3.636E-05 ( 7.176E-10, 3.426E-10) ( 3.372E-12, 1.594E-12)  1.00E-07
  1.150E+01 5.85161E-19 -3.907E-05 ( 6.886E-10, 3.331E-10) ( 3.309E-12, 1.584E-12)  1.00E-07
  1.175E+01 5.42342E-19 -4.189E-05 ( 6.613E-10, 3.241E-10) ( 3.249E-12, 1.575E-12)  1.00E-07
  1.200E+01 5.03431E-19 -4.482E-05 ( 6.356E-10, 3.154E-10) ( 3.190E-12, 1.565E-12)  1.00E-07
  1.225E+01 4.67998E-19 -4.787E-05 ( 6.113E-10, 3.071E-10) ( 3.134E-12, 1.556E-12)  1.00E-07
  1.250E+01 4.35667E-19 -5.104E-05 ( 5.884E-10, 2.991E-10) ( 3.080E-12, 1.547E-12)  1.00E-07
  1.275E+01 4.06112E-19 -5.433E-05 ( 5.667E-10, 2.915E-10) ( 3.027E-12, 1.538E-12)  1.00E-07
  1.300E+01 3.79045E-19 -5.774E-05 ( 5.462E-10, 2.841E-10) ( 2.976E-12, 1.528E-12)  1.00E-07
  1.325E+01 3.54214E-19 -6.128E-05 ( 5.267E-10, 2.771E-10) ( 2.927E-12, 1.519E-12)  1.00E-07
  1.350E+01 3.31398E-19 -6.494E-05 ( 5.082E-10, 2.703E-10) ( 2.879E-12, 1.510E-12)  1.00E-07
  1.375E+01 3.10399E-19 -6.872E-05 ( 4.907E-10, 2.638E-10) ( 2.833E-12, 1.501E-12)  1.00E-07
  1.400E+01 2.91045E-19 -7.264E-05 ( 4.740E-10, 2.576E-10) ( 2.788E-12, 1.492E-12)  1.00E-07
  1.425E+01 2.73181E-19 -7.669E-05 ( 4.582E-10, 2.515E-10) ( 2.744E-12, 1.484E-12)  1.00E-07
  1.450E+01 2.56670E-19 -8.087E-05 ( 4.430E-10, 2.457E-10) ( 2.701E-12, 1.475E-12)  1.00E-07
  1.475E+01 2.41389E-19 -8.518E-05 ( 4.286E-10, 2.401E-10) ( 2.660E-12, 1.466E-12)  1.00E-07
  1.500E+01 2.27229E-19 -8.963E-05 ( 4.149E-10, 2.347E-10) ( 2.619E-12, 1.457E-12)  1.00E-07
  1.525E+01 2.14092E-19 -9.422E-05 ( 4.018E-10, 2.295E-10) ( 2.580E-12, 1.449E-12)  1.00E-07
  1.550E+01 2.01890E-19 -9.894E-05 ( 3.892E-10, 2.245E-10) ( 2.542E-12, 1.440E-12)  1.00E-07
  1.575E+01 1.90543E-19 -1.038E-04 ( 3.772E-10, 2.196E-10) ( 2.504E-12, 1.432E-12)  1.00E-07
  1.600E+01 1.79980E-19 -1.088E-04 ( 3.658E-10, 2.149E-10) ( 2.468E-12, 1.423E-12)  1.00E-07
  1.625E+01 1.70137E-19 -1.140E-04 ( 3.548E-10, 2.103E-10) ( 2.433E-12, 1.415E-12)  1.00E-07
  1.650E+01 1.60955E-19 -1.192E-04 ( 3.443E-10, 2.059E-10) ( 2.398E-12, 1.406E-12)  1.00E-07
  1.675E+01 1.52382E-19 -1.247E-04 ( 3.342E-10, 2.017E-10) ( 2.364E-12, 1.398E-12)  1.00E-07
  1.700E+01 1.44369E-19 -1.303E-04 ( 3.246E-10, 1.975E-10) ( 2.331E-12, 1.390E-12)  1.00E-07
  1.725E+01 1.36874E-19 -1.360E-04 ( 3.153E-10, 1.935E-10) ( 2.299E-12, 1.382E-12)  1.00E-07
  1.750E+01 1.29857E-19 -1.419E-04 ( 3.064E-10, 1.897E-10) ( 2.268E-12, 1.374E-12)  1.00E-07
  1.775E+01 1.23281E-19 -1.479E-04 ( 2.978E-10, 1.859E-10) ( 2.237E-12, 1.366E-12)  1.00E-07
  1.800E+01 1.17114E-19 -1.540E-04 ( 2.896E-10, 1.823E-10) ( 2.207E-12, 1.358E-12)  1.00E-07
  1.825E+01 1.11325E-19 -1.604E-04 ( 2.817E-10, 1.787E-10) ( 2.177E-12, 1.350E-12)  1.00E-07
  1.850E+01 1.05888E-19 -1.668E-04 ( 2.741E-10, 1.753E-10) ( 2.149E-12, 1.342E-12)  1.00E-07
  1.875E+01 1.00777E-19 -1.734E-04 ( 2.668E-10, 1.720E-10) ( 2.120E-12, 1.334E-12)  1.00E-07
  1.900E+01 9.59681E-20 -1.802E-04 ( 2.598E-10, 1.688E-10) ( 2.093E-12, 1.326E-12)  1.00E-07
  1.925E+01 9.14412E-20 -1.871E-04 ( 2.530E-10, 1.656E-10) ( 2.066E-12, 1.319E-12)  1.00E-07
  1.950E+01 8.71766E-20 -1.942E-04 ( 2.465E-10, 1.626E-10) ( 2.040E-12, 1.311E-12)  1.00E-07
  1.975E+01 8.31561E-20 -2.015E-04 ( 2.402E-10, 1.596E-10) ( 2.014E-12, 1.303E-12)  1.00E-07
  2.000E+01 7.93634E-20 -2.088E-04 ( 2.341E-10, 1.567E-10) ( 1.989E-12, 1.296E-12)  1.00E-07
  2.025E+01 7.57832E-20 -2.164E-04 ( 2.282E-10, 1.539E-10) ( 1.964E-12, 1.288E-12)  1.00E-07
  2.050E+01 7.24014E-20 -2.241E-04 ( 2.226E-10, 1.512E-10) ( 1.940E-12, 1.281E-12)  1.00E-07
  2.075E+01 6.92050E-20 -2.319E-04 ( 2.171E-10, 1.485E-10) ( 1.916E-12, 1.274E-12)  1.00E-07
  2.100E+01 6.61821E-20 -2.400E-04 ( 2.118E-10, 1.459E-10) ( 1.893E-12, 1.266E-12)  1.00E-07
  2.125E+01 6.33215E-20 -2.481E-04 ( 2.068E-10, 1.434E-10) ( 1.870E-12, 1.259E-12)  1.00E-07
  2.150E+01 6.06130E-20 -2.565E-04 ( 2.018E-10, 1.410E-10) ( 1.848E-12, 1.252E-12)  1.00E-07
  2.175E+01 5.80470E-20 -2.649E-04 ( 1.971E-10, 1.386E-10) ( 1.826E-12, 1.245E-12)  1.00E-07
  2.200E+01 5.56147E-20 -2.736E-04 ( 1.925E-10, 1.363E-10) ( 1.804E-12, 1.238E-12)  1.00E-07
  2.225E+01 5.33078E-20 -2.824E-04 ( 1.880E-10, 1.340E-10) ( 1.783E-12, 1.231E-12)  1.00E-07
  2.250E+01 5.11187E-20 -2.913E-04 ( 1.837E-10, 1.318E-10) ( 1.763E-12, 1.224E-12)  1.00E-07
  2.275E+01 4.90403E-20 -3.004E-04 ( 1.795E-10, 1.296E-10) ( 1.742E-12, 1.217E-12)  1.00E-07
  2.300E+01 4.70661E-20 -3.097E-04 ( 1.755E-10, 1.275E-10) ( 1.723E-12, 1.210E-12)  1.00E-07
  2.325E+01 4.51897E-20 -3.192E-04 ( 1.716E-10, 1.255E-10) ( 1.703E-12, 1.203E-12)  1.00E-07
  2.350E+01 4.34056E-20 -3.288E-04 ( 1.678E-10, 1.235E-10) ( 1.684E-12, 1.197E-12)  1.00E-07
  2.375E+01 4.17084E-20 -3.385E-04 ( 1.641E-10, 1.215E-10) ( 1.665E-12, 1.190E-12)  1.00E-07
  2.400E+01 4.00930E-20 -3.484E-04 ( 1.606E-10, 1.196E-10) ( 1.647E-12, 1.183E-12)  1.00E-07
  2.425E+01 3.85549E-20 -3.585E-04 ( 1.571E-10, 1.178E-10) ( 1.629E-12, 1.177E-12)  1.00E-07
  2.450E+01 3.70896E-20 -3.687E-04 ( 1.538E-10, 1.159E-10) ( 1.611E-12, 1.170E-12)  1.00E-07
  2.475E+01 3.56930E-20 -3.791E-04 ( 1.505E-10, 1.142E-10) ( 1.594E-12, 1.164E-12)  1.00E-07
  2.500E+01 3.43614E-20 -3.896E-04 ( 1.474E-10, 1.124E-10) ( 1.577E-12, 1.158E-12)  1.00E-07
  2.550E+01 3.18791E-20 -4.112E-04 ( 1.413E-10, 1.091E-10) ( 1.543E-12, 1.145E-12)  1.00E-07
  2.600E+01 2.96167E-20 -4.334E-04 ( 1.356E-10, 1.059E-10) ( 1.511E-12, 1.133E-12)  1.00E-07
  2.650E+01 2.75513E-20 -4.562E-04 ( 1.303E-10, 1.029E-10) ( 1.480E-12, 1.120E-12)  1.00E-07
  2.700E+01 2.56627E-20 -4.797E-04 ( 1.252E-10, 9.993E-11) ( 1.450E-12, 1.108E-12)  1.00E-07
  2.750E+01 2.39333E-20 -5.038E-04 ( 1.204E-10, 9.714E-11) ( 1.421E-12, 1.097E-12)  1.00E-07
  2.800E+01 2.23473E-20 -5.285E-04 ( 1.158E-10, 9.446E-11) ( 1.393E-12, 1.085E-12)  1.00E-07
  2.850E+01 2.08908E-20 -5.538E-04 ( 1.115E-10, 9.190E-11) ( 1.366E-12, 1.074E-12)  1.00E-07
  2.900E+01 1.95512E-20 -5.798E-04 ( 1.075E-10, 8.944E-11) ( 1.340E-12, 1.062E-12)  1.00E-07
  2.950E+01 1.83176E-20 -6.063E-04 ( 1.036E-10, 8.708E-11) ( 1.315E-12, 1.051E-12)  1.00E-07
  3.000E+01 1.71801E-20 -6.335E-04 ( 9.992E-11, 8.482E-11) ( 1.290E-12, 1.041E-12)  1.00E-07
  3.050E+01 1.61299E-20 -6.613E-04 ( 9.642E-11, 8.264E-11) ( 1.266E-12, 1.030E-12)  1.00E-07
  3.100E+01 1.51591E-20 -6.897E-04 ( 9.310E-11, 8.055E-11) ( 1.243E-12, 1.019E-12)  1.00E-07
  3.150E+01 1.42606E-20 -7.186E-04 ( 8.994E-11, 7.854E-11) ( 1.221E-12, 1.009E-12)  1.00E-07
  3.200E+01 1.34282E-20 -7.482E-04 ( 8.693E-11, 7.661E-11) ( 1.199E-12, 9.989E-13)  1.00E-07
  3.250E+01 1.26560E-20 -7.784E-04 ( 8.406E-11, 7.475E-11) ( 1.178E-12, 9.889E-13)  1.00E-07
  3.300E+01 1.19389E-20 -8.091E-04 ( 8.132E-11, 7.296E-11) ( 1.157E-12, 9.791E-13)  1.00E-07
  3.350E+01 1.12722E-20 -8.404E-04 ( 7.871E-11, 7.124E-11) ( 1.138E-12, 9.694E-13)  1.00E-07
  3.400E+01 1.06519E-20 -8.723E-04 ( 7.622E-11, 6.957E-11) ( 1.118E-12, 9.599E-13)  1.00E-07
  3.450E+01 1.00740E-20 -9.047E-04 ( 7.384E-11, 6.797E-11) ( 1.100E-12, 9.505E-13)  1.00E-07
  3.500E+01 9.53524E-21 -9.377E-04 ( 7.156E-11, 6.643E-11) ( 1.081E-12, 9.413E-13)  1.00E-07
  3.550E+01 9.03235E-21 -9.713E-04 ( 6.938E-11, 6.493E-11) ( 1.064E-12, 9.322E-13)  1.00E-07
  3.600E+01 8.56256E-21 -1.005E-03 ( 6.730E-11, 6.349E-11) ( 1.046E-12, 9.233E-13)  1.00E-07
  3.650E+01 8.12327E-21 -1.040E-03 ( 6.530E-11, 6.210E-11) ( 1.030E-12, 9.145E-13)  1.00E-07
  3.700E+01 7.71216E-21 -1.075E-03 ( 6.339E-11, 6.076E-11) ( 1.013E-12, 9.058E-13)  1.00E-07
  3.750E+01 7.32707E-21 -1.111E-03 ( 6.156E-11, 5.946E-11) ( 9.975E-13, 8.973E-13)  1.00E-07
  3.800E+01 6.96605E-21 -1.147E-03 ( 5.981E-11, 5.820E-11) ( 9.820E-13, 8.889E-13)  1.00E-07
  3.850E+01 6.62732E-21 -1.184E-03 ( 5.812E-11, 5.699E-11) ( 9.669E-13, 8.806E-13)  1.00E-07
  3.900E+01 6.30925E-21 -1.221E-03 ( 5.650E-11, 5.581E-11) ( 9.522E-13, 8.724E-13)  1.00E-07
  3.950E+01 6.01034E-21 -1.259E-03 ( 5.495E-11, 5.468E-11) ( 9.379E-13, 8.644E-13)  1.00E-07
  4.000E+01 5.72922E-21 -1.297E-03 ( 5.345E-11, 5.357E-11) ( 9.239E-13, 8.565E-13)  1.00E-07
  4.050E+01 5.46464E-21 -1.335E-03 ( 5.202E-11, 5.251E-11) ( 9.103E-13, 8.487E-13)  1.00E-07
  4.100E+01 5.21543E-21 -1.375E-03 ( 5.064E-11, 5.147E-11) ( 8.970E-13, 8.410E-13)  1.00E-07
  4.150E+01 4.98053E-21 -1.414E-03 ( 4.931E-11, 5.047E-11) ( 8.840E-13, 8.334E-13)  1.00E-07
  4.200E+01 4.75897E-21 -1.454E-03 ( 4.803E-11, 4.950E-11) ( 8.713E-13, 8.259E-13)  1.00E-07
  4.250E+01 4.54985E-21 -1.495E-03 ( 4.680E-11, 4.856E-11) ( 8.590E-13, 8.185E-13)  1.00E-07
  4.300E+01 4.35233E-21 -1.536E-03 ( 4.562E-11, 4.764E-11) ( 8.469E-13, 8.113E-13)  1.00E-07
  4.350E+01 4.16565E-21 -1.577E-03 ( 4.447E-11, 4.676E-11) ( 8.351E-13, 8.041E-13)  1.00E-07
  4.400E+01 3.98910E-21 -1.619E-03 ( 4.337E-11, 4.590E-11) ( 8.236E-13, 7.970E-13)  1.00E-07
  4.450E+01 3.82203E-21 -1.661E-03 ( 4.231E-11, 4.506E-11) ( 8.123E-13, 7.901E-13)  1.00E-07
  4.500E+01 3.66382E-21 -1.703E-03 ( 4.129E-11, 4.425E-11) ( 8.012E-13, 7.832E-13)  1.00E-07
  4.550E+01 3.51392E-21 -1.746E-03 ( 4.030E-11, 4.346E-11) ( 7.905E-13, 7.764E-13)  1.00E-07
  4.600E+01 3.37181E-21 -1.790E-03 ( 3.934E-11, 4.269E-11) ( 7.799E-13, 7.697E-13)  1.00E-07
  4.650E+01 3.23700E-21 -1.833E-03 ( 3.842E-11, 4.195E-11) ( 7.696E-13, 7.631E-13)  1.00E-07
  4.700E+01 3.10904E-21 -1.877E-03 ( 3.753E-11, 4.122E-11) ( 7.595E-13, 7.565E-13)  1.00E-07
  4.750E+01 2.98753E-21 -1.922E-03 ( 3.667E-11, 4.052E-11) ( 7.496E-13, 7.501E-13)  1.00E-07
  4.800E+01 2.87207E-21 -1.966E-03 ( 3.584E-11, 3.983E-11) ( 7.399E-13, 7.437E-13)  1.00E-07
  4.850E+01 2.76230E-21 -2.011E-03 ( 3.503E-11, 3.917E-11) ( 7.305E-13, 7.374E-13)  1.00E-07
  4.900E+01 2.65788E-21 -2.057E-03 ( 3.425E-11, 3.852E-11) ( 7.212E-13, 7.312E-13)  1.00E-07
  4.950E+01 2.55851E-21 -2.102E-03 ( 3.350E-11, 3.789E-11) ( 7.121E-13, 7.251E-13)  1.00E-07
  5.000E+01 2.46390E-21 -2.148E-03 ( 3.277E-11, 3.727E-11) ( 7.032E-13, 7.191E-13)  1.00E-07
  5.050E+01 2.37376E-21 -2.195E-03 ( 3.206E-11, 3.667E-11) ( 6.944E-13, 7.131E-13)  1.00E-07
  5.100E+01 2.28785E-21 -2.241E-03 ( 3.138E-11, 3.609E-11) ( 6.859E-13, 7.072E-13)  1.00E-07
  5.150E+01 2.20593E-21 -2.288E-03 ( 3.071E-11, 3.552E-11) ( 6.775E-13, 7.014E-13)  1.00E-07
  5.200E+01 2.12777E-21 -2.335E-03 ( 3.007E-11, 3.497E-11) ( 6.692E-13, 6.956E-13)  1.00E-07
  5.250E+01 2.05318E-21 -2.382E-03 ( 2.945E-11, 3.443E-11) ( 6.612E-13, 6.899E-13)  1.00E-07
  5.300E+01 1.98195E-21 -2.430E-03 ( 2.884E-11, 3.390E-11) ( 6.532E-13, 6.843E-13)  1.00E-07
  5.350E+01 1.91390E-21 -2.478E-03 ( 2.826E-11, 3.339E-11) ( 6.454E-13, 6.787E-13)  1.00E-07
  5.400E+01 1.84887E-21 -2.526E-03 ( 2.769E-11, 3.288E-11) ( 6.378E-13, 6.732E-13)  1.00E-07
  5.450E+01 1.78669E-21 -2.574E-03 ( 2.714E-11, 3.240E-11) ( 6.303E-13, 6.678E-13)  1.00E-07
  5.500E+01 1.72721E-21 -2.622E-03 ( 2.660E-11, 3.192E-11) ( 6.230E-13, 6.624E-13)  1.00E-07
  5.550E+01 1.67029E-21 -2.671E-03 ( 2.608E-11, 3.145E-11) ( 6.157E-13, 6.571E-13)  1.00E-07
  5.600E+01 1.61580E-21 -2.719E-03 ( 2.557E-11, 3.100E-11) ( 6.086E-13, 6.518E-13)  1.00E-07
  5.650E+01 1.56362E-21 -2.768E-03 ( 2.508E-11, 3.056E-11) ( 6.017E-13, 6.466E-13)  1.00E-07
  5.700E+01 1.51362E-21 -2.817E-03 ( 2.461E-11, 3.012E-11) ( 5.948E-13, 6.415E-13)  1.00E-07
  5.750E+01 1.46570E-21 -2.867E-03 ( 2.414E-11, 2.970E-11) ( 5.881E-13, 6.364E-13)  1.00E-07
  5.800E+01 1.41975E-21 -2.916E-03 ( 2.369E-11, 2.929E-11) ( 5.815E-13, 6.314E-13)  1.00E-07
  5.850E+01 1.37568E-21 -2.965E-03 ( 2.326E-11, 2.888E-11) ( 5.750E-13, 6.264E-13)  1.00E-07
  5.900E+01 1.33340E-21 -3.015E-03 ( 2.283E-11, 2.849E-11) ( 5.686E-13, 6.215E-13)  1.00E-07
  5.950E+01 1.29281E-21 -3.064E-03 ( 2.241E-11, 2.810E-11) ( 5.623E-13, 6.166E-13)  1.00E-07
  6.000E+01 1.25383E-21 -3.114E-03 ( 2.201E-11, 2.772E-11) ( 5.561E-13, 6.118E-13)  1.00E-07
  6.050E+01 1.21639E-21 -3.164E-03 ( 2.162E-11, 2.736E-11) ( 5.500E-13, 6.070E-13)  1.00E-07
  6.100E+01 1.18042E-21 -3.214E-03 ( 2.124E-11, 2.700E-11) ( 5.441E-13, 6.022E-13)  1.00E-07
  6.150E+01 1.14584E-21 -3.264E-03 ( 2.087E-11, 2.664E-11) ( 5.382E-13, 5.976E-13)  1.00E-07
  6.200E+01 1.11259E-21 -3.313E-03 ( 2.050E-11, 2.630E-11) ( 5.324E-13, 5.929E-13)  1.00E-07
  6.250E+01 1.08061E-21 -3.363E-03 ( 2.015E-11, 2.596E-11) ( 5.267E-13, 5.884E-13)  1.00E-07
  6.300E+01 1.04984E-21 -3.413E-03 ( 1.981E-11, 2.563E-11) ( 5.211E-13, 5.838E-13)  1.00E-07
  6.350E+01 1.02022E-21 -3.463E-03 ( 1.947E-11, 2.531E-11) ( 5.155E-13, 5.793E-13)  1.00E-07
  6.400E+01 9.91709E-22 -3.513E-03 ( 1.915E-11, 2.499E-11) ( 5.101E-13, 5.749E-13)  1.00E-07
  6.450E+01 9.64250E-22 -3.563E-03 ( 1.883E-11, 2.468E-11) ( 5.047E-13, 5.704E-13)  1.00E-07
  6.500E+01 9.37796E-22 -3.613E-03 ( 1.852E-11, 2.438E-11) ( 4.995E-13, 5.661E-13)  1.00E-07
  6.550E+01 9.12304E-22 -3.663E-03 ( 1.822E-11, 2.408E-11) ( 4.943E-13, 5.617E-13)  1.00E-07
  6.600E+01 8.87732E-22 -3.713E-03 ( 1.792E-11, 2.379E-11) ( 4.892E-13, 5.575E-13)  1.00E-07
  6.650E+01 8.64039E-22 -3.762E-03 ( 1.763E-11, 2.351E-11) ( 4.841E-13, 5.532E-13)  1.00E-07
  6.700E+01 8.41187E-22 -3.812E-03 ( 1.735E-11, 2.323E-11) ( 4.791E-13, 5.490E-13)  1.00E-07
  6.750E+01 8.19141E-22 -3.862E-03 ( 1.708E-11, 2.296E-11) ( 4.742E-13, 5.448E-13)  1.00E-07
  6.800E+01 7.97865E-22 -3.911E-03 ( 1.681E-11, 2.269E-11) ( 4.694E-13, 5.407E-13)  1.00E-07
  6.850E+01 7.77329E-22 -3.961E-03 ( 1.655E-11, 2.243E-11) ( 4.647E-13, 5.366E-13)  1.00E-07
  6.900E+01 7.57499E-22 -4.010E-03 ( 1.630E-11, 2.217E-11) ( 4.600E-13, 5.325E-13)  1.00E-07
  6.950E+01 7.38348E-22 -4.059E-03 ( 1.605E-11, 2.192E-11) ( 4.553E-13, 5.285E-13)  1.00E-07
  7.000E+01 7.19846E-22 -4.108E-03 ( 1.580E-11, 2.167E-11) ( 4.508E-13, 5.245E-13)  1.00E-07
  7.050E+01 7.01968E-22 -4.157E-03 ( 1.557E-11, 2.143E-11) ( 4.463E-13, 5.206E-13)  1.00E-07
  7.100E+01 6.84687E-22 -4.205E-03 ( 1.534E-11, 2.119E-11) ( 4.418E-13, 5.166E-13)  1.00E-07
  7.150E+01 6.67980E-22 -4.254E-03 ( 1.511E-11, 2.096E-11) ( 4.374E-13, 5.127E-13)  1.00E-07
  7.200E+01 6.51824E-22 -4.302E-03 ( 1.489E-11, 2.073E-11) ( 4.331E-13, 5.089E-13)  1.00E-07
  7.250E+01 6.36197E-22 -4.350E-03 ( 1.467E-11, 2.051E-11) ( 4.289E-13, 5.051E-13)  1.00E-07
  7.300E+01 6.21077E-22 -4.398E-03 ( 1.446E-11, 2.029E-11) ( 4.246E-13, 5.013E-13)  1.00E-07
  7.350E+01 6.06445E-22 -4.446E-03 ( 1.425E-11, 2.007E-11) ( 4.205E-13, 4.975E-13)  1.00E-07
  7.400E+01 5.92282E-22 -4.493E-03 ( 1.405E-11, 1.986E-11) ( 4.164E-13, 4.938E-13)  1.00E-07
  7.450E+01 5.78569E-22 -4.540E-03 ( 1.385E-11, 1.965E-11) ( 4.123E-13, 4.901E-13)  1.00E-07
  7.500E+01 5.65289E-22 -4.587E-03 ( 1.366E-11, 1.945E-11) ( 4.083E-13, 4.864E-13)  1.00E-07
  7.550E+01 5.52426E-22 -4.634E-03 ( 1.347E-11, 1.925E-11) ( 4.044E-13, 4.828E-13)  1.00E-07
  7.600E+01 5.39963E-22 -4.680E-03 ( 1.329E-11, 1.905E-11) ( 4.005E-13, 4.791E-13)  1.00E-07
  7.650E+01 5.27887E-22 -4.727E-03 ( 1.311E-11, 1.886E-11) ( 3.966E-13, 4.756E-13)  1.00E-07
  7.700E+01 5.16181E-22 -4.772E-03 ( 1.293E-11, 1.867E-11) ( 3.928E-13, 4.720E-13)  1.00E-07
  7.750E+01 5.04833E-22 -4.818E-03 ( 1.276E-11, 1.849E-11) ( 3.891E-13, 4.685E-13)  1.00E-07
  7.800E+01 4.93828E-22 -4.863E-03 ( 1.259E-11, 1.830E-11) ( 3.854E-13, 4.650E-13)  1.00E-07
  7.850E+01 4.83155E-22 -4.908E-03 ( 1.242E-11, 1.812E-11) ( 3.817E-13, 4.615E-13)  1.00E-07
  7.900E+01 4.72802E-22 -4.952E-03 ( 1.226E-11, 1.795E-11) ( 3.781E-13, 4.580E-13)  1.00E-07
  7.950E+01 4.62756E-22 -4.997E-03 ( 1.210E-11, 1.778E-11) ( 3.745E-13, 4.546E-13)  1.00E-07
  8.000E+01 4.53007E-22 -5.040E-03 ( 1.195E-11, 1.761E-11) ( 3.710E-13, 4.512E-13)  1.00E-07
  8.050E+01 4.43544E-22 -5.084E-03 ( 1.179E-11, 1.744E-11) ( 3.675E-13, 4.478E-13)  1.00E-07
  8.100E+01 4.34357E-22 -5.127E-03 ( 1.164E-11, 1.728E-11) ( 3.640E-13, 4.445E-13)  1.00E-07
  8.150E+01 4.25436E-22 -5.170E-03 ( 1.150E-11, 1.712E-11) ( 3.606E-13, 4.411E-13)  1.00E-07
  8.200E+01 4.16772E-22 -5.212E-03 ( 1.135E-11, 1.696E-11) ( 3.572E-13, 4.378E-13)  1.00E-07
  8.250E+01 4.08355E-22 -5.254E-03 ( 1.121E-11, 1.680E-11) ( 3.539E-13, 4.345E-13)  1.00E-07
  8.300E+01 4.00178E-22 -5.295E-03 ( 1.108E-11, 1.665E-11) ( 3.506E-13, 4.313E-13)  1.00E-07
  8.350E+01 3.92232E-22 -5.336E-03 ( 1.094E-11, 1.650E-11) ( 3.473E-13, 4.280E-13)  1.00E-07
  8.400E+01 3.84509E-22 -5.377E-03 ( 1.081E-11, 1.635E-11) ( 3.440E-13, 4.248E-13)  1.00E-07
  8.450E+01 3.77001E-22 -5.417E-03 ( 1.068E-11, 1.621E-11) ( 3.408E-13, 4.216E-13)  1.00E-07
  8.500E+01 3.69701E-22 -5.457E-03 ( 1.055E-11, 1.606E-11) ( 3.377E-13, 4.185E-13)  1.00E-07
  8.550E+01 3.62603E-22 -5.496E-03 ( 1.043E-11, 1.592E-11) ( 3.345E-13, 4.153E-13)  1.00E-07
  8.600E+01 3.55699E-22 -5.535E-03 ( 1.031E-11, 1.579E-11) ( 3.314E-13, 4.122E-13)  1.00E-07
  8.650E+01 3.48983E-22 -5.573E-03 ( 1.019E-11, 1.565E-11) ( 3.284E-13, 4.091E-13)  1.00E-07
  8.700E+01 3.42449E-22 -5.611E-03 ( 1.007E-11, 1.552E-11) ( 3.253E-13, 4.060E-13)  1.00E-07
  8.750E+01 3.36091E-22 -5.648E-03 ( 9.954E-12, 1.539E-11) ( 3.223E-13, 4.029E-13)  1.00E-07
  8.800E+01 3.29902E-22 -5.684E-03 ( 9.841E-12, 1.526E-11) ( 3.194E-13, 3.998E-13)  1.00E-07
  8.850E+01 3.23879E-22 -5.721E-03 ( 9.731E-12, 1.513E-11) ( 3.164E-13, 3.968E-13)  1.00E-07
  8.900E+01 3.18014E-22 -5.756E-03 ( 9.622E-12, 1.501E-11) ( 3.135E-13, 3.938E-13)  1.00E-07
  8.950E+01 3.12304E-22 -5.791E-03 ( 9.516E-12, 1.488E-11) ( 3.106E-13, 3.908E-13)  1.00E-07
  9.000E+01 3.06743E-22 -5.826E-03 ( 9.411E-12, 1.476E-11) ( 3.078E-13, 3.878E-13)  1.00E-07
  9.050E+01 3.01326E-22 -5.860E-03 ( 9.309E-12, 1.464E-11) ( 3.049E-13, 3.849E-13)  1.00E-07
  9.100E+01 2.96050E-22 -5.893E-03 ( 9.208E-12, 1.453E-11) ( 3.021E-13, 3.819E-13)  1.00E-07
  9.150E+01 2.90909E-22 -5.926E-03 ( 9.109E-12, 1.441E-11) ( 2.994E-13, 3.790E-13)  1.00E-07
  9.200E+01 2.85899E-22 -5.958E-03 ( 9.012E-12, 1.430E-11) ( 2.966E-13, 3.761E-13)  1.00E-07
  9.250E+01 2.81017E-22 -5.990E-03 ( 8.917E-12, 1.419E-11) ( 2.939E-13, 3.732E-13)  1.00E-07
  9.300E+01 2.76258E-22 -6.021E-03 ( 8.824E-12, 1.408E-11) ( 2.912E-13, 3.703E-13)  1.00E-07
  9.350E+01 2.71619E-22 -6.051E-03 ( 8.732E-12, 1.397E-11) ( 2.885E-13, 3.675E-13)  1.00E-07
  9.400E+01 2.67096E-22 -6.081E-03 ( 8.642E-12, 1.386E-11) ( 2.859E-13, 3.646E-13)  1.00E-07
  9.450E+01 2.62686E-22 -6.110E-03 ( 8.553E-12, 1.376E-11) ( 2.833E-13, 3.618E-13)  1.00E-07
  9.500E+01 2.58384E-22 -6.139E-03 ( 8.466E-12, 1.366E-11) ( 2.807E-13, 3.590E-13)  1.00E-07
  9.550E+01 2.54188E-22 -6.167E-03 ( 8.381E-12, 1.356E-11) ( 2.781E-13, 3.562E-13)  1.00E-07
  9.600E+01 2.50096E-22 -6.194E-03 ( 8.297E-12, 1.346E-11) ( 2.755E-13, 3.535E-13)  1.00E-07
  9.650E+01 2.46102E-22 -6.221E-03 ( 8.215E-12, 1.336E-11) ( 2.730E-13, 3.507E-13)  1.00E-07
  9.700E+01 2.42206E-22 -6.247E-03 ( 8.134E-12, 1.326E-11) ( 2.705E-13, 3.479E-13)  1.00E-07
  9.750E+01 2.38403E-22 -6.272E-03 ( 8.055E-12, 1.317E-11) ( 2.680E-13, 3.452E-13)  1.00E-07
  9.800E+01 2.34692E-22 -6.296E-03 ( 7.977E-12, 1.307E-11) ( 2.655E-13, 3.425E-13)  1.00E-07
  9.850E+01 2.31069E-22 -6.320E-03 ( 7.900E-12, 1.298E-11) ( 2.631E-13, 3.398E-13)  1.00E-07
  9.900E+01 2.27532E-22 -6.343E-03 ( 7.825E-12, 1.289E-11) ( 2.607E-13, 3.371E-13)  1.00E-07
  9.950E+01 2.24079E-22 -6.366E-03 ( 7.751E-12, 1.280E-11) ( 2.583E-13, 3.344E-13)  1.00E-07
  1.000E+02 2.20707E-22 -6.388E-03 ( 7.679E-12, 1.271E-11) ( 2.559E-13, 3.318E-13)  1.00E-07
  1.005E+02 2.17414E-22 -6.409E-03 ( 7.607E-12, 1.262E-11) ( 2.535E-13, 3.291E-13)  1.00E-07
  1.010E+02 2.14198E-22 -6.429E-03 ( 7.537E-12, 1.254E-11) ( 2.512E-13, 3.265E-13)  1.00E-07
  1.015E+02 2.11056E-22 -6.449E-03 ( 7.468E-12, 1.245E-11) ( 2.488E-13, 3.239E-13)  1.00E-07
  1.020E+02 2.07987E-22 -6.467E-03 ( 7.400E-12, 1.237E-11) ( 2.465E-13, 3.213E-13)  1.00E-07
  1.025E+02 2.04988E-22 -6.485E-03 ( 7.334E-12, 1.229E-11) ( 2.443E-13, 3.187E-13)  1.00E-07
  1.030E+02 2.02058E-22 -6.503E-03 ( 7.268E-12, 1.221E-11) ( 2.420E-13, 3.161E-13)  1.00E-07
  1.035E+02 1.99194E-22 -6.519E-03 ( 7.204E-12, 1.213E-11) ( 2.397E-13, 3.135E-13)  1.00E-07
  1.040E+02 1.96395E-22 -6.535E-03 ( 7.141E-12, 1.205E-11) ( 2.375E-13, 3.110E-13)  1.00E-07
  1.045E+02 1.93659E-22 -6.550E-03 ( 7.078E-12, 1.198E-11) ( 2.353E-13, 3.084E-13)  1.00E-07
  1.050E+02 1.90985E-22 -6.565E-03 ( 7.017E-12, 1.190E-11) ( 2.331E-13, 3.059E-13)  1.00E-07
  1.055E+02 1.88371E-22 -6.578E-03 ( 6.957E-12, 1.182E-11) ( 2.309E-13, 3.034E-13)  1.00E-07
  1.060E+02 1.85814E-22 -6.591E-03 ( 6.898E-12, 1.175E-11) ( 2.287E-13, 3.009E-13)  1.00E-07
  1.065E+02 1.83315E-22 -6.603E-03 ( 6.840E-12, 1.168E-11) ( 2.266E-13, 2.984E-13)  1.00E-07
  1.070E+02 1.80870E-22 -6.614E-03 ( 6.783E-12, 1.161E-11) ( 2.244E-13, 2.959E-13)  1.00E-07
  1.075E+02 1.78479E-22 -6.624E-03 ( 6.726E-12, 1.154E-11) ( 2.223E-13, 2.934E-13)  1.00E-07
  1.080E+02 1.76141E-22 -6.634E-03 ( 6.671E-12, 1.147E-11) ( 2.202E-13, 2.910E-13)  1.00E-07
  1.085E+02 1.73853E-22 -6.642E-03 ( 6.617E-12, 1.140E-11) ( 2.181E-13, 2.885E-13)  1.00E-07
  1.090E+02 1.71615E-22 -6.650E-03 ( 6.563E-12, 1.133E-11) ( 2.160E-13, 2.861E-13)  1.00E-07
  1.095E+02 1.69426E-22 -6.657E-03 ( 6.511E-12, 1.127E-11) ( 2.140E-13, 2.836E-13)  1.00E-07
  1.100E+02 1.67283E-22 -6.664E-03 ( 6.459E-12, 1.120E-11) ( 2.119E-13, 2.812E-13)  1.00E-07
  1.105E+02 1.65187E-22 -6.669E-03 ( 6.408E-12, 1.114E-11) ( 2.099E-13, 2.788E-13)  1.00E-07
  1.110E+02 1.63135E-22 -6.674E-03 ( 6.358E-12, 1.107E-11) ( 2.079E-13, 2.764E-13)  1.00E-07
  1.115E+02 1.61127E-22 -6.678E-03 ( 6.309E-12, 1.101E-11) ( 2.059E-13, 2.740E-13)  1.00E-07
  1.120E+02 1.59162E-22 -6.681E-03 ( 6.260E-12, 1.095E-11) ( 2.039E-13, 2.716E-13)  1.00E-07
  1.125E+02 1.57238E-22 -6.683E-03 ( 6.213E-12, 1.089E-11) ( 2.019E-13, 2.693E-13)  1.00E-07
  1.130E+02 1.55355E-22 -6.684E-03 ( 6.166E-12, 1.083E-11) ( 1.999E-13, 2.669E-13)  1.00E-07
  1.135E+02 1.53511E-22 -6.684E-03 ( 6.120E-12, 1.077E-11) ( 1.980E-13, 2.646E-13)  1.00E-07
  1.140E+02 1.51706E-22 -6.684E-03 ( 6.074E-12, 1.071E-11) ( 1.961E-13, 2.622E-13)  1.00E-07
  1.145E+02 1.49939E-22 -6.683E-03 ( 6.029E-12, 1.065E-11) ( 1.941E-13, 2.599E-13)  1.00E-07
  1.150E+02 1.48208E-22 -6.680E-03 ( 5.986E-12, 1.060E-11) ( 1.922E-13, 2.576E-13)  1.00E-07
  1.155E+02 1.46513E-22 -6.677E-03 ( 5.942E-12, 1.054E-11) ( 1.903E-13, 2.552E-13)  1.00E-07
  1.160E+02 1.44853E-22 -6.674E-03 ( 5.900E-12, 1.049E-11) ( 1.884E-13, 2.529E-13)  1.00E-07
  1.165E+02 1.43227E-22 -6.669E-03 ( 5.858E-12, 1.043E-11) ( 1.865E-13, 2.506E-13)  1.00E-07
  1.170E+02 1.41634E-22 -6.663E-03 ( 5.817E-12, 1.038E-11) ( 1.847E-13, 2.484E-13)  1.00E-07
  1.175E+02 1.40074E-22 -6.657E-03 ( 5.776E-12, 1.033E-11) ( 1.828E-13, 2.461E-13)  1.00E-07
  1.180E+02 1.38546E-22 -6.650E-03 ( 5.736E-12, 1.027E-11) ( 1.810E-13, 2.438E-13)  1.00E-07
  1.185E+02 1.37049E-22 -6.641E-03 ( 5.697E-12, 1.022E-11) ( 1.791E-13, 2.415E-13)  1.00E-07
  1.190E+02 1.35582E-22 -6.632E-03 ( 5.659E-12, 1.017E-11) ( 1.773E-13, 2.393E-13)  1.00E-07
  1.195E+02 1.34145E-22 -6.622E-03 ( 5.621E-12, 1.012E-11) ( 1.755E-13, 2.370E-13)  1.00E-07
  1.200E+02 1.32737E-22 -6.612E-03 ( 5.583E-12, 1.007E-11) ( 1.737E-13, 2.348E-13)  1.00E-07
  1.205E+02 1.31358E-22 -6.600E-03 ( 5.546E-12, 1.003E-11) ( 1.719E-13, 2.326E-13)  1.00E-07
  1.210E+02 1.30006E-22 -6.587E-03 ( 5.510E-12, 9.978E-12) ( 1.701E-13, 2.303E-13)  1.00E-07
  1.215E+02 1.28681E-22 -6.574E-03 ( 5.475E-12, 9.931E-12) ( 1.683E-13, 2.281E-13)  1.00E-07
  1.220E+02 1.27382E-22 -6.560E-03 ( 5.440E-12, 9.885E-12) ( 1.666E-13, 2.259E-13)  1.00E-07
  1.225E+02 1.26110E-22 -6.544E-03 ( 5.405E-12, 9.840E-12) ( 1.648E-13, 2.237E-13)  1.00E-07
  1.230E+02 1.24862E-22 -6.528E-03 ( 5.371E-12, 9.795E-12) ( 1.631E-13, 2.215E-13)  1.00E-07
  1.235E+02 1.23640E-22 -6.511E-03 ( 5.338E-12, 9.751E-12) ( 1.614E-13, 2.193E-13)  1.00E-07
  1.240E+02 1.22441E-22 -6.494E-03 ( 5.305E-12, 9.707E-12) ( 1.596E-13, 2.172E-13)  1.00E-07
  1.245E+02 1.21267E-22 -6.475E-03 ( 5.272E-12, 9.664E-12) ( 1.579E-13, 2.150E-13)  1.00E-07
  1.250E+02 1.20115E-22 -6.455E-03 ( 5.241E-12, 9.622E-12) ( 1.562E-13, 2.128E-13)  1.00E-07
  1.255E+02 1.18987E-22 -6.435E-03 ( 5.209E-12, 9.580E-12) ( 1.545E-13, 2.107E-13)  1.00E-07
  1.260E+02 1.17880E-22 -6.413E-03 ( 5.178E-12, 9.539E-12) ( 1.528E-13, 2.085E-13)  1.00E-07
  1.265E+02 1.16795E-22 -6.391E-03 ( 5.148E-12, 9.499E-12) ( 1.511E-13, 2.064E-13)  1.00E-07
  1.270E+02 1.15732E-22 -6.368E-03 ( 5.118E-12, 9.459E-12) ( 1.495E-13, 2.042E-13)  1.00E-07
  1.275E+02 1.14689E-22 -6.344E-03 ( 5.089E-12, 9.420E-12) ( 1.478E-13, 2.021E-13)  1.00E-07
  1.280E+02 1.13667E-22 -6.319E-03 ( 5.060E-12, 9.381E-12) ( 1.462E-13, 2.000E-13)  1.00E-07
  1.285E+02 1.12665E-22 -6.294E-03 ( 5.032E-12, 9.343E-12) ( 1.445E-13, 1.979E-13)  1.00E-07
  1.290E+02 1.11682E-22 -6.267E-03 ( 5.004E-12, 9.305E-12) ( 1.429E-13, 1.958E-13)  1.00E-07
  1.295E+02 1.10719E-22 -6.240E-03 ( 4.976E-12, 9.268E-12) ( 1.412E-13, 1.936E-13)  1.00E-07
  1.300E+02 1.09774E-22 -6.211E-03 ( 4.949E-12, 9.232E-12) ( 1.396E-13, 1.915E-13)  1.00E-07
  1.305E+02 1.08848E-22 -6.182E-03 ( 4.922E-12, 9.196E-12) ( 1.380E-13, 1.895E-13)  1.00E-07
  1.310E+02 1.07939E-22 -6.152E-03 ( 4.896E-12, 9.160E-12) ( 1.364E-13, 1.874E-13)  1.00E-07
  1.315E+02 1.07049E-22 -6.121E-03 ( 4.870E-12, 9.126E-12) ( 1.348E-13, 1.853E-13)  1.00E-07
  1.320E+02 1.06176E-22 -6.090E-03 ( 4.845E-12, 9.091E-12) ( 1.332E-13, 1.832E-13)  1.00E-07
  1.325E+02 1.05319E-22 -6.057E-03 ( 4.820E-12, 9.057E-12) ( 1.316E-13, 1.811E-13)  1.00E-07
  1.330E+02 1.04480E-22 -6.024E-03 ( 4.795E-12, 9.024E-12) ( 1.300E-13, 1.791E-13)  1.00E-07
  1.335E+02 1.03657E-22 -5.989E-03 ( 4.771E-12, 8.991E-12) ( 1.284E-13, 1.770E-13)  1.00E-07
  1.340E+02 1.02850E-22 -5.954E-03 ( 4.747E-12, 8.959E-12) ( 1.269E-13, 1.750E-13)  1.00E-07
  1.345E+02 1.02058E-22 -5.918E-03 ( 4.724E-12, 8.927E-12) ( 1.253E-13, 1.729E-13)  1.00E-07
  1.350E+02 1.01282E-22 -5.881E-03 ( 4.701E-12, 8.896E-12) ( 1.238E-13, 1.709E-13)  1.00E-07
  1.355E+02 1.00522E-22 -5.844E-03 ( 4.678E-12, 8.865E-12) ( 1.222E-13, 1.688E-13)  1.00E-07
  1.360E+02 9.97757E-23 -5.805E-03 ( 4.656E-12, 8.835E-12) ( 1.207E-13, 1.668E-13)  1.00E-07
  1.365E+02 9.90443E-23 -5.766E-03 ( 4.634E-12, 8.805E-12) ( 1.191E-13, 1.648E-13)  1.00E-07
  1.370E+02 9.83273E-23 -5.726E-03 ( 4.613E-12, 8.775E-12) ( 1.176E-13, 1.627E-13)  1.00E-07
  1.375E+02 9.76244E-23 -5.685E-03 ( 4.592E-12, 8.747E-12) ( 1.161E-13, 1.607E-13)  1.00E-07
  1.380E+02 9.69353E-23 -5.643E-03 ( 4.571E-12, 8.718E-12) ( 1.146E-13, 1.587E-13)  1.00E-07
  1.385E+02 9.62597E-23 -5.600E-03 ( 4.550E-12, 8.690E-12) ( 1.131E-13, 1.567E-13)  1.00E-07
  1.390E+02 9.55975E-23 -5.557E-03 ( 4.530E-12, 8.662E-12) ( 1.116E-13, 1.547E-13)  1.00E-07
  1.395E+02 9.49484E-23 -5.513E-03 ( 4.511E-12, 8.635E-12) ( 1.101E-13, 1.527E-13)  1.00E-07
  1.400E+02 9.43121E-23 -5.468E-03 ( 4.491E-12, 8.609E-12) ( 1.086E-13, 1.507E-13)  1.00E-07
  1.405E+02 9.36885E-23 -5.422E-03 ( 4.472E-12, 8.582E-12) ( 1.071E-13, 1.487E-13)  1.00E-07
  1.410E+02 9.30773E-23 -5.376E-03 ( 4.453E-12, 8.556E-12) ( 1.056E-13, 1.467E-13)  1.00E-07
  1.415E+02 9.24783E-23 -5.328E-03 ( 4.435E-12, 8.531E-12) ( 1.041E-13, 1.447E-13)  1.00E-07
  1.420E+02 9.18913E-23 -5.280E-03 ( 4.417E-12, 8.506E-12) ( 1.026E-13, 1.427E-13)  1.00E-07
  1.425E+02 9.13161E-23 -5.232E-03 ( 4.399E-12, 8.481E-12) ( 1.012E-13, 1.408E-13)  1.00E-07
  1.430E+02 9.07525E-23 -5.182E-03 ( 4.382E-12, 8.457E-12) ( 9.971E-14, 1.388E-13)  1.00E-07
  1.435E+02 9.02003E-23 -5.132E-03 ( 4.365E-12, 8.433E-12) ( 9.825E-14, 1.368E-13)  1.00E-07
  1.440E+02 8.96594E-23 -5.081E-03 ( 4.348E-12, 8.410E-12) ( 9.680E-14, 1.349E-13)  1.00E-07
  1.445E+02 8.91295E-23 -5.029E-03 ( 4.331E-12, 8.387E-12) ( 9.535E-14, 1.329E-13)  1.00E-07
  1.450E+02 8.86105E-23 -4.976E-03 ( 4.315E-12, 8.365E-12) ( 9.390E-14, 1.309E-13)  1.00E-07
  1.455E+02 8.81022E-23 -4.923E-03 ( 4.299E-12, 8.342E-12) ( 9.246E-14, 1.290E-13)  1.00E-07
  1.460E+02 8.76045E-23 -4.869E-03 ( 4.283E-12, 8.321E-12) ( 9.103E-14, 1.270E-13)  1.00E-07
  1.465E+02 8.71171E-23 -4.814E-03 ( 4.268E-12, 8.299E-12) ( 8.960E-14, 1.251E-13)  1.00E-07
  1.470E+02 8.66399E-23 -4.759E-03 ( 4.253E-12, 8.278E-12) ( 8.817E-14, 1.232E-13)  1.00E-07
  1.475E+02 8.61728E-23 -4.703E-03 ( 4.238E-12, 8.258E-12) ( 8.675E-14, 1.212E-13)  1.00E-07
  1.480E+02 8.57156E-23 -4.646E-03 ( 4.224E-12, 8.237E-12) ( 8.533E-14, 1.193E-13)  1.00E-07
  1.485E+02 8.52681E-23 -4.588E-03 ( 4.209E-12, 8.218E-12) ( 8.392E-14, 1.173E-13)  1.00E-07
  1.490E+02 8.48303E-23 -4.530E-03 ( 4.196E-12, 8.198E-12) ( 8.251E-14, 1.154E-13)  1.00E-07
  1.495E+02 8.44020E-23 -4.471E-03 ( 4.182E-12, 8.179E-12) ( 8.110E-14, 1.135E-13)  1.00E-07
  1.500E+02 8.39830E-23 -4.412E-03 ( 4.169E-12, 8.160E-12) ( 7.970E-14, 1.116E-13)  1.00E-07
  1.505E+02 8.35732E-23 -4.352E-03 ( 4.155E-12, 8.142E-12) ( 7.830E-14, 1.097E-13)  1.00E-07
  1.510E+02 8.31725E-23 -4.291E-03 ( 4.143E-12, 8.124E-12) ( 7.691E-14, 1.077E-13)  1.00E-07
  1.515E+02 8.27808E-23 -4.229E-03 ( 4.130E-12, 8.106E-12) ( 7.551E-14, 1.058E-13)  1.00E-07
  1.520E+02 8.23979E-23 -4.167E-03 ( 4.118E-12, 8.089E-12) ( 7.413E-14, 1.039E-13)  1.00E-07
  1.525E+02 8.20238E-23 -4.105E-03 ( 4.106E-12, 8.072E-12) ( 7.274E-14, 1.020E-13)  1.00E-07
  1.530E+02 8.16582E-23 -4.041E-03 ( 4.094E-12, 8.055E-12) ( 7.136E-14, 1.001E-13)  1.00E-07
  1.535E+02 8.13011E-23 -3.978E-03 ( 4.082E-12, 8.039E-12) ( 6.998E-14, 9.821E-14)  1.00E-07
  1.540E+02 8.09525E-23 -3.913E-03 ( 4.071E-12, 8.023E-12) ( 6.861E-14, 9.631E-14)  1.00E-07
  1.545E+02 8.06121E-23 -3.848E-03 ( 4.060E-12, 8.007E-12) ( 6.724E-14, 9.441E-14)  1.00E-07
  1.550E+02 8.02798E-23 -3.782E-03 ( 4.049E-12, 7.992E-12) ( 6.587E-14, 9.252E-14)  1.00E-07
  1.555E+02 7.99557E-23 -3.716E-03 ( 4.038E-12, 7.977E-12) ( 6.451E-14, 9.063E-14)  1.00E-07
  1.560E+02 7.96395E-23 -3.649E-03 ( 4.028E-12, 7.963E-12) ( 6.314E-14, 8.874E-14)  1.00E-07
  1.565E+02 7.93312E-23 -3.582E-03 ( 4.018E-12, 7.948E-12) ( 6.178E-14, 8.686E-14)  1.00E-07
  1.570E+02 7.90307E-23 -3.514E-03 ( 4.008E-12, 7.934E-12) ( 6.043E-14, 8.497E-14)  1.00E-07
  1.575E+02 7.87380E-23 -3.446E-03 ( 3.999E-12, 7.921E-12) ( 5.907E-14, 8.309E-14)  1.00E-07
  1.580E+02 7.84528E-23 -3.377E-03 ( 3.989E-12, 7.908E-12) ( 5.772E-14, 8.121E-14)  1.00E-07
  1.585E+02 7.81751E-23 -3.308E-03 ( 3.980E-12, 7.895E-12) ( 5.637E-14, 7.934E-14)  1.00E-07
  1.590E+02 7.79050E-23 -3.238E-03 ( 3.971E-12, 7.882E-12) ( 5.503E-14, 7.746E-14)  1.00E-07
  1.595E+02 7.76421E-23 -3.167E-03 ( 3.962E-12, 7.870E-12) ( 5.369E-14, 7.559E-14)  1.00E-07
  1.600E+02 7.73866E-23 -3.097E-03 ( 3.954E-12, 7.858E-12) ( 5.234E-14, 7.372E-14)  1.00E-07
  1.605E+02 7.71383E-23 -3.025E-03 ( 3.946E-12, 7.846E-12) ( 5.101E-14, 7.185E-14)  1.00E-07
  1.610E+02 7.68972E-23 -2.954E-03 ( 3.938E-12, 7.835E-12) ( 4.967E-14, 6.999E-14)  1.00E-07
  1.615E+02 7.66631E-23 -2.881E-03 ( 3.930E-12, 7.824E-12) ( 4.834E-14, 6.812E-14)  1.00E-07
  1.620E+02 7.64361E-23 -2.809E-03 ( 3.923E-12, 7.813E-12) ( 4.700E-14, 6.626E-14)  1.00E-07
  1.625E+02 7.62159E-23 -2.736E-03 ( 3.915E-12, 7.803E-12) ( 4.568E-14, 6.440E-14)  1.00E-07
  1.630E+02 7.60027E-23 -2.662E-03 ( 3.908E-12, 7.793E-12) ( 4.435E-14, 6.254E-14)  1.00E-07
  1.635E+02 7.57963E-23 -2.588E-03 ( 3.901E-12, 7.783E-12) ( 4.302E-14, 6.068E-14)  1.00E-07
  1.640E+02 7.55967E-23 -2.514E-03 ( 3.895E-12, 7.773E-12) ( 4.170E-14, 5.883E-14)  1.00E-07
  1.645E+02 7.54037E-23 -2.439E-03 ( 3.888E-12, 7.764E-12) ( 4.038E-14, 5.697E-14)  1.00E-07
  1.650E+02 7.52175E-23 -2.364E-03 ( 3.882E-12, 7.755E-12) ( 3.906E-14, 5.512E-14)  1.00E-07
  1.655E+02 7.50378E-23 -2.289E-03 ( 3.876E-12, 7.747E-12) ( 3.774E-14, 5.327E-14)  1.00E-07
  1.660E+02 7.48647E-23 -2.213E-03 ( 3.870E-12, 7.738E-12) ( 3.642E-14, 5.142E-14)  1.00E-07
  1.665E+02 7.46980E-23 -2.137E-03 ( 3.865E-12, 7.730E-12) ( 3.511E-14, 4.957E-14)  1.00E-07
  1.670E+02 7.45379E-23 -2.061E-03 ( 3.859E-12, 7.723E-12) ( 3.379E-14, 4.772E-14)  1.00E-07
  1.675E+02 7.43841E-23 -1.984E-03 ( 3.854E-12, 7.715E-12) ( 3.248E-14, 4.588E-14)  1.00E-07
  1.680E+02 7.42367E-23 -1.907E-03 ( 3.849E-12, 7.708E-12) ( 3.117E-14, 4.403E-14)  1.00E-07
  1.685E+02 7.40956E-23 -1.830E-03 ( 3.844E-12, 7.702E-12) ( 2.986E-14, 4.219E-14)  1.00E-07
  1.690E+02 7.39608E-23 -1.752E-03 ( 3.840E-12, 7.695E-12) ( 2.855E-14, 4.035E-14)  1.00E-07
  1.695E+02 7.38323E-23 -1.675E-03 ( 3.835E-12, 7.689E-12) ( 2.725E-14, 3.851E-14)  1.00E-07
  1.700E+02 7.37100E-23 -1.596E-03 ( 3.831E-12, 7.683E-12) ( 2.594E-14, 3.667E-14)  1.00E-07
  1.705E+02 7.35938E-23 -1.518E-03 ( 3.827E-12, 7.677E-12) ( 2.464E-14, 3.483E-14)  1.00E-07
  1.710E+02 7.34838E-23 -1.440E-03 ( 3.824E-12, 7.672E-12) ( 2.334E-14, 3.299E-14)  1.00E-07
  1.715E+02 7.33799E-23 -1.361E-03 ( 3.820E-12, 7.667E-12) ( 2.203E-14, 3.115E-14)  1.00E-07
  1.720E+02 7.32821E-23 -1.282E-03 ( 3.817E-12, 7.662E-12) ( 2.073E-14, 2.931E-14)  1.00E-07
  1.725E+02 7.31904E-23 -1.203E-03 ( 3.814E-12, 7.658E-12) ( 1.943E-14, 2.748E-14)  1.00E-07
  1.730E+02 7.31047E-23 -1.123E-03 ( 3.811E-12, 7.654E-12) ( 1.813E-14, 2.564E-14)  1.00E-07
  1.735E+02 7.30250E-23 -1.044E-03 ( 3.808E-12, 7.650E-12) ( 1.683E-14, 2.381E-14)  1.00E-07
  1.740E+02 7.29513E-23 -9.641E-04 ( 3.806E-12, 7.646E-12) ( 1.554E-14, 2.197E-14)  1.00E-07
  1.745E+02 7.28836E-23 -8.843E-04 ( 3.803E-12, 7.643E-12) ( 1.424E-14, 2.014E-14)  1.00E-07
  1.750E+02 7.28218E-23 -8.043E-04 ( 3.801E-12, 7.640E-12) ( 1.294E-14, 1.831E-14)  1.00E-07
  1.755E+02 7.27660E-23 -7.243E-04 ( 3.799E-12, 7.637E-12) ( 1.165E-14, 1.648E-14)  1.00E-07
  1.760E+02 7.27160E-23 -6.441E-04 ( 3.798E-12, 7.635E-12) ( 1.035E-14, 1.464E-14)  1.00E-07
  1.765E+02 7.26720E-23 -5.638E-04 ( 3.796E-12, 7.633E-12) ( 9.057E-15, 1.281E-14)  1.00E-07
  1.770E+02 7.26339E-23 -4.834E-04 ( 3.795E-12, 7.631E-12) ( 7.762E-15, 1.098E-14)  1.00E-07
  1.775E+02 7.26016E-23 -4.029E-04 ( 3.794E-12, 7.629E-12) ( 6.468E-15, 9.151E-15)  1.00E-07
  1.780E+02 7.25753E-23 -3.224E-04 ( 3.793E-12, 7.628E-12) ( 5.174E-15, 7.321E-15)  1.00E-07
  1.785E+02 7.25548E-23 -2.419E-04 ( 3.792E-12, 7.627E-12) ( 3.880E-15, 5.490E-15)  1.00E-07
  1.790E+02 7.25401E-23 -1.613E-04 ( 3.792E-12, 7.626E-12) ( 2.587E-15, 3.660E-15)  1.00E-07
  1.795E+02 7.25313E-23 -8.064E-05 ( 3.791E-12, 7.626E-12) ( 1.293E-15, 1.830E-15)  1.00E-07
  1.800E+02 7.25284E-23 -1.132E-18 ( 3.791E-12, 7.626E-12) ( 1.815E-29, 2.568E-29)  1.00E-07

  TOTAL ELASTIC CROSS SECTION = 2.643641E-18 cm**2
               FROM DCS TABLE = 2.642758E-18  (REL. DIF. = 3.34E-04)

  1ST TRANSPORT CROSS SECTION = 1.241982E-20 cm**2
               FROM DCS TABLE = 1.241935E-20  (REL. DIF. = 3.73E-05)

  2ND TRANSPORT CROSS SECTION = 3.155311E-20 cm**2

  **** DPWA0 ENDED ************************************************************

