 #  Scattering field.
 #  All quantities in atomic units (a.u.), unless otherwise indicated.
 #  Z =   6, NELEC =   6,   projectile: electron
 #  Kinetic energy = 9.18733E+02 a.u. = 2.50000E+04 eV
 #
 #   i       r           r*V         r*Vst        r*Vex       r*Vpol       r*Wabs        rho_e
 #------------------------------------------------------------------------------------------------
     1  0.00000E+00 -0.00000E+00 -0.00000E+00  0.00000E+00  0.00000E+00  0.00000E+00  1.29738E+02
     2  1.15865E-07 -1.75548E-02 -1.75548E-02 -3.09766E-10  0.00000E+00  0.00000E+00  1.29738E+02
     3  2.34630E-07 -3.55489E-02 -3.55489E-02 -6.27271E-10  0.00000E+00  0.00000E+00  1.29734E+02
     4  3.56368E-07 -5.39928E-02 -5.39928E-02 -9.52708E-10  0.00000E+00  0.00000E+00  1.29729E+02
     5  4.81151E-07 -7.28976E-02 -7.28976E-02 -1.28628E-09  0.00000E+00  0.00000E+00  1.29725E+02
     6  6.09057E-07 -9.22745E-02 -9.22745E-02 -1.62819E-09  0.00000E+00  0.00000E+00  1.29721E+02
     7  7.40163E-07 -1.12135E-01 -1.12135E-01 -1.97865E-09  0.00000E+00  0.00000E+00  1.29717E+02
     8  8.74550E-07 -1.32491E-01 -1.32491E-01 -2.33789E-09  0.00000E+00  0.00000E+00  1.29712E+02
     9  1.01230E-06 -1.53354E-01 -1.53354E-01 -2.70613E-09  0.00000E+00  0.00000E+00  1.29708E+02
    10  1.15350E-06 -1.74737E-01 -1.74737E-01 -3.08360E-09  0.00000E+00  0.00000E+00  1.29703E+02
    11  1.29822E-06 -1.96652E-01 -1.96652E-01 -3.47054E-09  0.00000E+00  0.00000E+00  1.29699E+02
    12  1.44658E-06 -2.19112E-01 -2.19112E-01 -3.86719E-09  0.00000E+00  0.00000E+00  1.29694E+02
    13  1.59864E-06 -2.42130E-01 -2.42130E-01 -4.27382E-09  0.00000E+00  0.00000E+00  1.29689E+02
    14  1.75450E-06 -2.65719E-01 -2.65719E-01 -4.69067E-09  0.00000E+00  0.00000E+00  1.29685E+02
    15  1.91427E-06 -2.89893E-01 -2.89893E-01 -5.11801E-09  0.00000E+00  0.00000E+00  1.29680E+02
    16  2.07804E-06 -3.14666E-01 -3.14666E-01 -5.55612E-09  0.00000E+00  0.00000E+00  1.29675E+02
    17  2.24590E-06 -3.40052E-01 -3.40052E-01 -6.00529E-09  0.00000E+00  0.00000E+00  1.29670E+02
    18  2.41796E-06 -3.66066E-01 -3.66066E-01 -6.46581E-09  0.00000E+00  0.00000E+00  1.29665E+02
    19  2.59433E-06 -3.92721E-01 -3.92721E-01 -6.93797E-09  0.00000E+00  0.00000E+00  1.29660E+02
    20  2.77511E-06 -4.20033E-01 -4.20033E-01 -7.42209E-09  0.00000E+00  0.00000E+00  1.29656E+02
    21  2.96042E-06 -4.48017E-01 -4.48017E-01 -7.91849E-09  0.00000E+00  0.00000E+00  1.29651E+02
    22  3.15036E-06 -4.76689E-01 -4.76689E-01 -8.42750E-09  0.00000E+00  0.00000E+00  1.29645E+02
    23  3.34505E-06 -5.06065E-01 -5.06065E-01 -8.94947E-09  0.00000E+00  0.00000E+00  1.29640E+02
    24  3.54462E-06 -5.36159E-01 -5.36159E-01 -9.48473E-09  0.00000E+00  0.00000E+00  1.29635E+02
    25  3.74918E-06 -5.66989E-01 -5.66989E-01 -1.00337E-08  0.00000E+00  0.00000E+00  1.29630E+02
    26  3.95886E-06 -5.98571E-01 -5.98571E-01 -1.05966E-08  0.00000E+00  0.00000E+00  1.29625E+02
    27  4.17378E-06 -6.30921E-01 -6.30921E-01 -1.11740E-08  0.00000E+00  0.00000E+00  1.29620E+02
    28  4.39408E-06 -6.64057E-01 -6.64057E-01 -1.17663E-08  0.00000E+00  0.00000E+00  1.29615E+02
    29  4.61990E-06 -6.97996E-01 -6.97996E-01 -1.23738E-08  0.00000E+00  0.00000E+00  1.29610E+02
    30  4.85136E-06 -7.32754E-01 -7.32754E-01 -1.29969E-08  0.00000E+00  0.00000E+00  1.29604E+02
    31  5.08862E-06 -7.68350E-01 -7.68350E-01 -1.36362E-08  0.00000E+00  0.00000E+00  1.29599E+02
    32  5.33181E-06 -8.04802E-01 -8.04802E-01 -1.42921E-08  0.00000E+00  0.00000E+00  1.29594E+02
    33  5.58109E-06 -8.42126E-01 -8.42126E-01 -1.49650E-08  0.00000E+00  0.00000E+00  1.29589E+02
    34  5.83661E-06 -8.80341E-01 -8.80341E-01 -1.56556E-08  0.00000E+00  0.00000E+00  1.29584E+02
    35  6.09851E-06 -9.19465E-01 -9.19465E-01 -1.63641E-08  0.00000E+00  0.00000E+00  1.29579E+02
    36  6.36698E-06 -9.59517E-01 -9.59517E-01 -1.70913E-08  0.00000E+00  0.00000E+00  1.29574E+02
    37  6.64216E-06 -1.00051E+00 -1.00051E+00 -1.78377E-08  0.00000E+00  0.00000E+00  1.29569E+02
    38  6.92422E-06 -1.04247E+00 -1.04247E+00 -1.86038E-08  0.00000E+00  0.00000E+00  1.29563E+02
    39  7.21335E-06 -1.08542E+00 -1.08542E+00 -1.93903E-08  0.00000E+00  0.00000E+00  1.29559E+02
    40  7.50970E-06 -1.12936E+00 -1.12936E+00 -2.01978E-08  0.00000E+00  0.00000E+00  1.29554E+02
    41  7.81348E-06 -1.17432E+00 -1.17432E+00 -2.10268E-08  0.00000E+00  0.00000E+00  1.29549E+02
    42  8.12485E-06 -1.22032E+00 -1.22032E+00 -2.18782E-08  0.00000E+00  0.00000E+00  1.29544E+02
    43  8.44401E-06 -1.26737E+00 -1.26737E+00 -2.27526E-08  0.00000E+00  0.00000E+00  1.29539E+02
    44  8.77117E-06 -1.31549E+00 -1.31549E+00 -2.36508E-08  0.00000E+00  0.00000E+00  1.29534E+02
    45  9.10650E-06 -1.36470E+00 -1.36470E+00 -2.45735E-08  0.00000E+00  0.00000E+00  1.29530E+02
    46  9.45023E-06 -1.41502E+00 -1.41502E+00 -2.55215E-08  0.00000E+00  0.00000E+00  1.29525E+02
    47  9.80256E-06 -1.46645E+00 -1.46645E+00 -2.64958E-08  0.00000E+00  0.00000E+00  1.29521E+02
    48  1.01637E-05 -1.51903E+00 -1.51903E+00 -2.74971E-08  0.00000E+00  0.00000E+00  1.29517E+02
    49  1.05339E-05 -1.57276E+00 -1.57276E+00 -2.85264E-08  0.00000E+00  0.00000E+00  1.29513E+02
    50  1.09133E-05 -1.62765E+00 -1.62765E+00 -2.95848E-08  0.00000E+00  0.00000E+00  1.29508E+02
    51  1.13023E-05 -1.68373E+00 -1.68373E+00 -3.06731E-08  0.00000E+00  0.00000E+00  1.29505E+02
    52  1.17009E-05 -1.74100E+00 -1.74100E+00 -3.17925E-08  0.00000E+00  0.00000E+00  1.29501E+02
    53  1.21096E-05 -1.79948E+00 -1.79948E+00 -3.29441E-08  0.00000E+00  0.00000E+00  1.29497E+02
    54  1.25284E-05 -1.85918E+00 -1.85918E+00 -3.41292E-08  0.00000E+00  0.00000E+00  1.29494E+02
    55  1.29578E-05 -1.92010E+00 -1.92010E+00 -3.53489E-08  0.00000E+00  0.00000E+00  1.29490E+02
    56  1.33979E-05 -1.98226E+00 -1.98226E+00 -3.66045E-08  0.00000E+00  0.00000E+00  1.29487E+02
    57  1.38490E-05 -2.04565E+00 -2.04565E+00 -3.78976E-08  0.00000E+00  0.00000E+00  1.29484E+02
    58  1.43114E-05 -2.11030E+00 -2.11030E+00 -3.92295E-08  0.00000E+00  0.00000E+00  1.29481E+02
    59  1.47854E-05 -2.17619E+00 -2.17619E+00 -4.06018E-08  0.00000E+00  0.00000E+00  1.29478E+02
    60  1.52712E-05 -2.24332E+00 -2.24332E+00 -4.20162E-08  0.00000E+00  0.00000E+00  1.29476E+02
    61  1.57692E-05 -2.31171E+00 -2.31171E+00 -4.34745E-08  0.00000E+00  0.00000E+00  1.29473E+02
    62  1.62796E-05 -2.38133E+00 -2.38133E+00 -4.49783E-08  0.00000E+00  0.00000E+00  1.29471E+02
    63  1.68028E-05 -2.45219E+00 -2.45219E+00 -4.65299E-08  0.00000E+00  0.00000E+00  1.29469E+02
    64  1.73391E-05 -2.52428E+00 -2.52428E+00 -4.81311E-08  0.00000E+00  0.00000E+00  1.29467E+02
    65  1.78888E-05 -2.59757E+00 -2.59757E+00 -4.97843E-08  0.00000E+00  0.00000E+00  1.29465E+02
    66  1.84523E-05 -2.67206E+00 -2.67206E+00 -5.14918E-08  0.00000E+00  0.00000E+00  1.29463E+02
    67  1.90299E-05 -2.74772E+00 -2.74772E+00 -5.32561E-08  0.00000E+00  0.00000E+00  1.29462E+02
    68  1.96219E-05 -2.82452E+00 -2.82452E+00 -5.50800E-08  0.00000E+00  0.00000E+00  1.29460E+02
    69  2.02288E-05 -2.90244E+00 -2.90244E+00 -5.69662E-08  0.00000E+00  0.00000E+00  1.29459E+02
    70  2.08508E-05 -2.98143E+00 -2.98143E+00 -5.89179E-08  0.00000E+00  0.00000E+00  1.29457E+02
    71  2.14884E-05 -3.06147E+00 -3.06147E+00 -6.09383E-08  0.00000E+00  0.00000E+00  1.29456E+02
    72  2.21419E-05 -3.14249E+00 -3.14249E+00 -6.30309E-08  0.00000E+00  0.00000E+00  1.29455E+02
    73  2.28118E-05 -3.22445E+00 -3.22445E+00 -6.51995E-08  0.00000E+00  0.00000E+00  1.29453E+02
    74  2.34985E-05 -3.30730E+00 -3.30730E+00 -6.74481E-08  0.00000E+00  0.00000E+00  1.29452E+02
    75  2.42023E-05 -3.39095E+00 -3.39095E+00 -6.97811E-08  0.00000E+00  0.00000E+00  1.29450E+02
    76  2.49238E-05 -3.47534E+00 -3.47534E+00 -7.22031E-08  0.00000E+00  0.00000E+00  1.29449E+02
    77  2.56633E-05 -3.56040E+00 -3.56040E+00 -7.47191E-08  0.00000E+00  0.00000E+00  1.29447E+02
    78  2.64213E-05 -3.64601E+00 -3.64601E+00 -7.73345E-08  0.00000E+00  0.00000E+00  1.29445E+02
    79  2.71982E-05 -3.73210E+00 -3.73210E+00 -8.00553E-08  0.00000E+00  0.00000E+00  1.29444E+02
    80  2.79947E-05 -3.81855E+00 -3.81855E+00 -8.28875E-08  0.00000E+00  0.00000E+00  1.29442E+02
    81  2.88110E-05 -3.90525E+00 -3.90525E+00 -8.58380E-08  0.00000E+00  0.00000E+00  1.29440E+02
    82  2.96478E-05 -3.99207E+00 -3.99207E+00 -8.89141E-08  0.00000E+00  0.00000E+00  1.29437E+02
    83  3.05055E-05 -4.07888E+00 -4.07888E+00 -9.21236E-08  0.00000E+00  0.00000E+00  1.29435E+02
    84  3.13846E-05 -4.16553E+00 -4.16553E+00 -9.54750E-08  0.00000E+00  0.00000E+00  1.29433E+02
    85  3.22858E-05 -4.25187E+00 -4.25187E+00 -9.89775E-08  0.00000E+00  0.00000E+00  1.29430E+02
    86  3.32095E-05 -4.33774E+00 -4.33774E+00 -1.02641E-07  0.00000E+00  0.00000E+00  1.29428E+02
    87  3.41564E-05 -4.42297E+00 -4.42297E+00 -1.06476E-07  0.00000E+00  0.00000E+00  1.29425E+02
    88  3.51269E-05 -4.50737E+00 -4.50737E+00 -1.10494E-07  0.00000E+00  0.00000E+00  1.29422E+02
    89  3.61217E-05 -4.59077E+00 -4.59077E+00 -1.14708E-07  0.00000E+00  0.00000E+00  1.29419E+02
    90  3.71414E-05 -4.67296E+00 -4.67296E+00 -1.19131E-07  0.00000E+00  0.00000E+00  1.29416E+02
    91  3.81866E-05 -4.75377E+00 -4.75377E+00 -1.23777E-07  0.00000E+00  0.00000E+00  1.29413E+02
    92  3.92579E-05 -4.83297E+00 -4.83297E+00 -1.28662E-07  0.00000E+00  0.00000E+00  1.29410E+02
    93  4.03561E-05 -4.91039E+00 -4.91039E+00 -1.33801E-07  0.00000E+00  0.00000E+00  1.29406E+02
    94  4.14818E-05 -4.98580E+00 -4.98580E+00 -1.39214E-07  0.00000E+00  0.00000E+00  1.29402E+02
    95  4.26356E-05 -5.05903E+00 -5.05903E+00 -1.44919E-07  0.00000E+00  0.00000E+00  1.29398E+02
    96  4.38183E-05 -5.12988E+00 -5.12988E+00 -1.50935E-07  0.00000E+00  0.00000E+00  1.29394E+02
    97  4.50305E-05 -5.19817E+00 -5.19817E+00 -1.57285E-07  0.00000E+00  0.00000E+00  1.29390E+02
    98  4.62731E-05 -5.26374E+00 -5.26374E+00 -1.63991E-07  0.00000E+00  0.00000E+00  1.29386E+02
    99  4.75468E-05 -5.32644E+00 -5.32644E+00 -1.71078E-07  0.00000E+00  0.00000E+00  1.29381E+02
   100  4.88524E-05 -5.38613E+00 -5.38613E+00 -1.78570E-07  0.00000E+00  0.00000E+00  1.29377E+02
   101  5.01906E-05 -5.44271E+00 -5.44271E+00 -1.86495E-07  0.00000E+00  0.00000E+00  1.29372E+02
   102  5.15624E-05 -5.49609E+00 -5.49609E+00 -1.94879E-07  0.00000E+00  0.00000E+00  1.29367E+02
   103  5.29684E-05 -5.54622E+00 -5.54622E+00 -2.03753E-07  0.00000E+00  0.00000E+00  1.29361E+02
   104  5.44096E-05 -5.59306E+00 -5.59305E+00 -2.13148E-07  0.00000E+00  0.00000E+00  1.29356E+02
   105  5.58869E-05 -5.63660E+00 -5.63660E+00 -2.23093E-07  0.00000E+00  0.00000E+00  1.29350E+02
   106  5.74012E-05 -5.67687E+00 -5.67687E+00 -2.33623E-07  0.00000E+00  0.00000E+00  1.29344E+02
   107  5.89533E-05 -5.71393E+00 -5.71393E+00 -2.44772E-07  0.00000E+00  0.00000E+00  1.29338E+02
   108  6.05443E-05 -5.74786E+00 -5.74786E+00 -2.56574E-07  0.00000E+00  0.00000E+00  1.29332E+02
   109  6.21751E-05 -5.77874E+00 -5.77874E+00 -2.69066E-07  0.00000E+00  0.00000E+00  1.29326E+02
   110  6.38467E-05 -5.80671E+00 -5.80671E+00 -2.82286E-07  0.00000E+00  0.00000E+00  1.29319E+02
   111  6.55601E-05 -5.83190E+00 -5.83190E+00 -2.96271E-07  0.00000E+00  0.00000E+00  1.29313E+02
   112  6.73164E-05 -5.85447E+00 -5.85447E+00 -3.11062E-07  0.00000E+00  0.00000E+00  1.29306E+02
   113  6.91166E-05 -5.87457E+00 -5.87457E+00 -3.26701E-07  0.00000E+00  0.00000E+00  1.29299E+02
   114  7.09619E-05 -5.89239E+00 -5.89239E+00 -3.43229E-07  0.00000E+00  0.00000E+00  1.29291E+02
   115  7.28534E-05 -5.90809E+00 -5.90809E+00 -3.60692E-07  0.00000E+00  0.00000E+00  1.29284E+02
   116  7.47922E-05 -5.92185E+00 -5.92185E+00 -3.79134E-07  0.00000E+00  0.00000E+00  1.29277E+02
   117  7.67794E-05 -5.93384E+00 -5.93384E+00 -3.98603E-07  0.00000E+00  0.00000E+00  1.29269E+02
   118  7.88165E-05 -5.94424E+00 -5.94424E+00 -4.19150E-07  0.00000E+00  0.00000E+00  1.29261E+02
   119  8.09045E-05 -5.95320E+00 -5.95320E+00 -4.40824E-07  0.00000E+00  0.00000E+00  1.29253E+02
   120  8.30447E-05 -5.96088E+00 -5.96087E+00 -4.63681E-07  0.00000E+00  0.00000E+00  1.29245E+02
   121  8.52385E-05 -5.96742E+00 -5.96742E+00 -4.87776E-07  0.00000E+00  0.00000E+00  1.29237E+02
   122  8.74871E-05 -5.97296E+00 -5.97296E+00 -5.13169E-07  0.00000E+00  0.00000E+00  1.29228E+02
   123  8.97921E-05 -5.97763E+00 -5.97762E+00 -5.39919E-07  0.00000E+00  0.00000E+00  1.29220E+02
   124  9.21547E-05 -5.98153E+00 -5.98153E+00 -5.68093E-07  0.00000E+00  0.00000E+00  1.29211E+02
   125  9.45764E-05 -5.98478E+00 -5.98478E+00 -5.97758E-07  0.00000E+00  0.00000E+00  1.29202E+02
   126  9.70587E-05 -5.98746E+00 -5.98746E+00 -6.28985E-07  0.00000E+00  0.00000E+00  1.29193E+02
   127  9.96032E-05 -5.98966E+00 -5.98966E+00 -6.61848E-07  0.00000E+00  0.00000E+00  1.29184E+02
   128  1.02211E-04 -5.99145E+00 -5.99145E+00 -6.96426E-07  0.00000E+00  0.00000E+00  1.29175E+02
   129  1.04885E-04 -5.99290E+00 -5.99290E+00 -7.32802E-07  0.00000E+00  0.00000E+00  1.29165E+02
   130  1.07625E-04 -5.99406E+00 -5.99406E+00 -7.71062E-07  0.00000E+00  0.00000E+00  1.29156E+02
   131  1.10434E-04 -5.99499E+00 -5.99499E+00 -8.11298E-07  0.00000E+00  0.00000E+00  1.29146E+02
   132  1.13313E-04 -5.99572E+00 -5.99571E+00 -8.53606E-07  0.00000E+00  0.00000E+00  1.29136E+02
   133  1.16264E-04 -5.99628E+00 -5.99628E+00 -8.98086E-07  0.00000E+00  0.00000E+00  1.29126E+02
   134  1.19289E-04 -5.99671E+00 -5.99671E+00 -9.44845E-07  0.00000E+00  0.00000E+00  1.29116E+02
   135  1.22390E-04 -5.99704E+00 -5.99704E+00 -9.93994E-07  0.00000E+00  0.00000E+00  1.29106E+02
   136  1.25568E-04 -5.99728E+00 -5.99728E+00 -1.04565E-06  0.00000E+00  0.00000E+00  1.29095E+02
   137  1.28826E-04 -5.99746E+00 -5.99746E+00 -1.09994E-06  0.00000E+00  0.00000E+00  1.29085E+02
   138  1.32165E-04 -5.99758E+00 -5.99758E+00 -1.15699E-06  0.00000E+00  0.00000E+00  1.29074E+02
   139  1.35588E-04 -5.99766E+00 -5.99766E+00 -1.21693E-06  0.00000E+00  0.00000E+00  1.29063E+02
   140  1.39096E-04 -5.99770E+00 -5.99770E+00 -1.27992E-06  0.00000E+00  0.00000E+00  1.29052E+02
   141  1.42692E-04 -5.99772E+00 -5.99772E+00 -1.34609E-06  0.00000E+00  0.00000E+00  1.29041E+02
   142  1.46379E-04 -5.99772E+00 -5.99772E+00 -1.41561E-06  0.00000E+00  0.00000E+00  1.29029E+02
   143  1.50157E-04 -5.99770E+00 -5.99770E+00 -1.48865E-06  0.00000E+00  0.00000E+00  1.29018E+02
   144  1.54030E-04 -5.99767E+00 -5.99767E+00 -1.56537E-06  0.00000E+00  0.00000E+00  1.29006E+02
   145  1.58000E-04 -5.99763E+00 -5.99763E+00 -1.64595E-06  0.00000E+00  0.00000E+00  1.28994E+02
   146  1.62069E-04 -5.99759E+00 -5.99759E+00 -1.73060E-06  0.00000E+00  0.00000E+00  1.28982E+02
   147  1.66241E-04 -5.99754E+00 -5.99754E+00 -1.81951E-06  0.00000E+00  0.00000E+00  1.28970E+02
   148  1.70516E-04 -5.99748E+00 -5.99748E+00 -1.91288E-06  0.00000E+00  0.00000E+00  1.28957E+02
   149  1.74898E-04 -5.99742E+00 -5.99742E+00 -2.01095E-06  0.00000E+00  0.00000E+00  1.28945E+02
   150  1.79390E-04 -5.99736E+00 -5.99736E+00 -2.11393E-06  0.00000E+00  0.00000E+00  1.28932E+02
   151  1.83995E-04 -5.99730E+00 -5.99729E+00 -2.22208E-06  0.00000E+00  0.00000E+00  1.28919E+02
   152  1.88715E-04 -5.99723E+00 -5.99723E+00 -2.33565E-06  0.00000E+00  0.00000E+00  1.28906E+02
   153  1.93552E-04 -5.99716E+00 -5.99716E+00 -2.45490E-06  0.00000E+00  0.00000E+00  1.28892E+02
   154  1.98511E-04 -5.99709E+00 -5.99708E+00 -2.58011E-06  0.00000E+00  0.00000E+00  1.28879E+02
   155  2.03594E-04 -5.99701E+00 -5.99701E+00 -2.71157E-06  0.00000E+00  0.00000E+00  1.28865E+02
   156  2.08804E-04 -5.99694E+00 -5.99693E+00 -2.84960E-06  0.00000E+00  0.00000E+00  1.28851E+02
   157  2.14145E-04 -5.99686E+00 -5.99685E+00 -2.99450E-06  0.00000E+00  0.00000E+00  1.28837E+02
   158  2.19619E-04 -5.99678E+00 -5.99677E+00 -3.14663E-06  0.00000E+00  0.00000E+00  1.28823E+02
   159  2.25230E-04 -5.99669E+00 -5.99669E+00 -3.30632E-06  0.00000E+00  0.00000E+00  1.28808E+02
   160  2.30981E-04 -5.99661E+00 -5.99661E+00 -3.47396E-06  0.00000E+00  0.00000E+00  1.28793E+02
   161  2.36877E-04 -5.99652E+00 -5.99652E+00 -3.64992E-06  0.00000E+00  0.00000E+00  1.28778E+02
   162  2.42919E-04 -5.99644E+00 -5.99643E+00 -3.83461E-06  0.00000E+00  0.00000E+00  1.28763E+02
   163  2.49113E-04 -5.99634E+00 -5.99634E+00 -4.02845E-06  0.00000E+00  0.00000E+00  1.28747E+02
   164  2.55462E-04 -5.99625E+00 -5.99625E+00 -4.23189E-06  0.00000E+00  0.00000E+00  1.28732E+02
   165  2.61970E-04 -5.99616E+00 -5.99615E+00 -4.44540E-06  0.00000E+00  0.00000E+00  1.28716E+02
   166  2.68641E-04 -5.99606E+00 -5.99605E+00 -4.66946E-06  0.00000E+00  0.00000E+00  1.28699E+02
   167  2.75479E-04 -5.99596E+00 -5.99595E+00 -4.90459E-06  0.00000E+00  0.00000E+00  1.28683E+02
   168  2.82487E-04 -5.99586E+00 -5.99585E+00 -5.15130E-06  0.00000E+00  0.00000E+00  1.28666E+02
   169  2.89671E-04 -5.99575E+00 -5.99574E+00 -5.41017E-06  0.00000E+00  0.00000E+00  1.28649E+02
   170  2.97035E-04 -5.99564E+00 -5.99564E+00 -5.68178E-06  0.00000E+00  0.00000E+00  1.28632E+02
   171  3.04583E-04 -5.99553E+00 -5.99553E+00 -5.96675E-06  0.00000E+00  0.00000E+00  1.28614E+02
   172  3.12320E-04 -5.99542E+00 -5.99541E+00 -6.26570E-06  0.00000E+00  0.00000E+00  1.28596E+02
   173  3.20251E-04 -5.99530E+00 -5.99530E+00 -6.57932E-06  0.00000E+00  0.00000E+00  1.28578E+02
   174  3.28380E-04 -5.99518E+00 -5.99518E+00 -6.90830E-06  0.00000E+00  0.00000E+00  1.28559E+02
   175  3.36712E-04 -5.99506E+00 -5.99505E+00 -7.25339E-06  0.00000E+00  0.00000E+00  1.28540E+02
   176  3.45253E-04 -5.99494E+00 -5.99493E+00 -7.61534E-06  0.00000E+00  0.00000E+00  1.28521E+02
   177  3.54007E-04 -5.99481E+00 -5.99480E+00 -7.99495E-06  0.00000E+00  0.00000E+00  1.28502E+02
   178  3.62981E-04 -5.99468E+00 -5.99467E+00 -8.39308E-06  0.00000E+00  0.00000E+00  1.28482E+02
   179  3.72179E-04 -5.99454E+00 -5.99453E+00 -8.81060E-06  0.00000E+00  0.00000E+00  1.28462E+02
   180  3.81607E-04 -5.99440E+00 -5.99439E+00 -9.24843E-06  0.00000E+00  0.00000E+00  1.28441E+02
   181  3.91271E-04 -5.99426E+00 -5.99425E+00 -9.70752E-06  0.00000E+00  0.00000E+00  1.28420E+02
   182  4.01177E-04 -5.99412E+00 -5.99411E+00 -1.01889E-05  0.00000E+00  0.00000E+00  1.28399E+02
   183  4.11331E-04 -5.99397E+00 -5.99396E+00 -1.06936E-05  0.00000E+00  0.00000E+00  1.28377E+02
   184  4.21738E-04 -5.99382E+00 -5.99381E+00 -1.12227E-05  0.00000E+00  0.00000E+00  1.28355E+02
   185  4.32407E-04 -5.99366E+00 -5.99365E+00 -1.17774E-05  0.00000E+00  0.00000E+00  1.28333E+02
   186  4.43342E-04 -5.99350E+00 -5.99349E+00 -1.23588E-05  0.00000E+00  0.00000E+00  1.28310E+02
   187  4.54550E-04 -5.99334E+00 -5.99332E+00 -1.29682E-05  0.00000E+00  0.00000E+00  1.28286E+02
   188  4.66040E-04 -5.99317E+00 -5.99315E+00 -1.36070E-05  0.00000E+00  0.00000E+00  1.28263E+02
   189  4.77816E-04 -5.99300E+00 -5.99298E+00 -1.42765E-05  0.00000E+00  0.00000E+00  1.28239E+02
   190  4.89887E-04 -5.99282E+00 -5.99280E+00 -1.49780E-05  0.00000E+00  0.00000E+00  1.28214E+02
   191  5.02261E-04 -5.99264E+00 -5.99262E+00 -1.57132E-05  0.00000E+00  0.00000E+00  1.28189E+02
   192  5.14944E-04 -5.99245E+00 -5.99244E+00 -1.64835E-05  0.00000E+00  0.00000E+00  1.28163E+02
   193  5.27944E-04 -5.99226E+00 -5.99224E+00 -1.72907E-05  0.00000E+00  0.00000E+00  1.28137E+02
   194  5.41269E-04 -5.99207E+00 -5.99205E+00 -1.81362E-05  0.00000E+00  0.00000E+00  1.28111E+02
   195  5.54928E-04 -5.99187E+00 -5.99185E+00 -1.90221E-05  0.00000E+00  0.00000E+00  1.28084E+02
   196  5.68929E-04 -5.99166E+00 -5.99164E+00 -1.99500E-05  0.00000E+00  0.00000E+00  1.28056E+02
   197  5.83279E-04 -5.99145E+00 -5.99143E+00 -2.09219E-05  0.00000E+00  0.00000E+00  1.28028E+02
   198  5.97989E-04 -5.99124E+00 -5.99122E+00 -2.19398E-05  0.00000E+00  0.00000E+00  1.27999E+02
   199  6.13067E-04 -5.99102E+00 -5.99099E+00 -2.30059E-05  0.00000E+00  0.00000E+00  1.27970E+02
   200  6.28522E-04 -5.99079E+00 -5.99077E+00 -2.41222E-05  0.00000E+00  0.00000E+00  1.27940E+02
   201  6.44364E-04 -5.99056E+00 -5.99053E+00 -2.52911E-05  0.00000E+00  0.00000E+00  1.27910E+02
   202  6.60603E-04 -5.99032E+00 -5.99030E+00 -2.65150E-05  0.00000E+00  0.00000E+00  1.27879E+02
   203  6.77247E-04 -5.99008E+00 -5.99005E+00 -2.77962E-05  0.00000E+00  0.00000E+00  1.27848E+02
   204  6.94308E-04 -5.98983E+00 -5.98980E+00 -2.91375E-05  0.00000E+00  0.00000E+00  1.27815E+02
   205  7.11796E-04 -5.98957E+00 -5.98954E+00 -3.05414E-05  0.00000E+00  0.00000E+00  1.27783E+02
   206  7.29721E-04 -5.98931E+00 -5.98928E+00 -3.20108E-05  0.00000E+00  0.00000E+00  1.27749E+02
   207  7.48095E-04 -5.98904E+00 -5.98901E+00 -3.35485E-05  0.00000E+00  0.00000E+00  1.27715E+02
   208  7.66928E-04 -5.98877E+00 -5.98873E+00 -3.51577E-05  0.00000E+00  0.00000E+00  1.27680E+02
   209  7.86233E-04 -5.98849E+00 -5.98845E+00 -3.68414E-05  0.00000E+00  0.00000E+00  1.27644E+02
   210  8.06020E-04 -5.98820E+00 -5.98816E+00 -3.86029E-05  0.00000E+00  0.00000E+00  1.27608E+02
   211  8.26303E-04 -5.98790E+00 -5.98786E+00 -4.04457E-05  0.00000E+00  0.00000E+00  1.27571E+02
   212  8.47093E-04 -5.98760E+00 -5.98756E+00 -4.23733E-05  0.00000E+00  0.00000E+00  1.27533E+02
   213  8.68404E-04 -5.98729E+00 -5.98724E+00 -4.43894E-05  0.00000E+00  0.00000E+00  1.27494E+02
   214  8.90247E-04 -5.98697E+00 -5.98692E+00 -4.64978E-05  0.00000E+00  0.00000E+00  1.27455E+02
   215  9.12637E-04 -5.98664E+00 -5.98659E+00 -4.87026E-05  0.00000E+00  0.00000E+00  1.27415E+02
   216  9.35587E-04 -5.98631E+00 -5.98626E+00 -5.10079E-05  0.00000E+00  0.00000E+00  1.27374E+02
   217  9.59111E-04 -5.98597E+00 -5.98591E+00 -5.34180E-05  0.00000E+00  0.00000E+00  1.27332E+02
   218  9.83224E-04 -5.98561E+00 -5.98556E+00 -5.59374E-05  0.00000E+00  0.00000E+00  1.27289E+02
   219  1.00794E-03 -5.98525E+00 -5.98519E+00 -5.85707E-05  0.00000E+00  0.00000E+00  1.27245E+02
   220  1.03327E-03 -5.98488E+00 -5.98482E+00 -6.13228E-05  0.00000E+00  0.00000E+00  1.27200E+02
   221  1.05924E-03 -5.98451E+00 -5.98444E+00 -6.41987E-05  0.00000E+00  0.00000E+00  1.27155E+02
   222  1.08586E-03 -5.98412E+00 -5.98405E+00 -6.72036E-05  0.00000E+00  0.00000E+00  1.27108E+02
   223  1.11314E-03 -5.98372E+00 -5.98365E+00 -7.03429E-05  0.00000E+00  0.00000E+00  1.27060E+02
   224  1.14111E-03 -5.98331E+00 -5.98324E+00 -7.36222E-05  0.00000E+00  0.00000E+00  1.27012E+02
   225  1.16978E-03 -5.98289E+00 -5.98282E+00 -7.70473E-05  0.00000E+00  0.00000E+00  1.26962E+02
   226  1.19916E-03 -5.98247E+00 -5.98239E+00 -8.06243E-05  0.00000E+00  0.00000E+00  1.26911E+02
   227  1.22928E-03 -5.98203E+00 -5.98194E+00 -8.43594E-05  0.00000E+00  0.00000E+00  1.26860E+02
   228  1.26015E-03 -5.98158E+00 -5.98149E+00 -8.82591E-05  0.00000E+00  0.00000E+00  1.26807E+02
   229  1.29179E-03 -5.98112E+00 -5.98103E+00 -9.23300E-05  0.00000E+00  0.00000E+00  1.26752E+02
   230  1.32423E-03 -5.98065E+00 -5.98055E+00 -9.65792E-05  0.00000E+00  0.00000E+00  1.26697E+02
   231  1.35748E-03 -5.98016E+00 -5.98006E+00 -1.01014E-04  0.00000E+00  0.00000E+00  1.26641E+02
   232  1.39155E-03 -5.97967E+00 -5.97956E+00 -1.05641E-04  0.00000E+00  0.00000E+00  1.26583E+02
   233  1.42649E-03 -5.97916E+00 -5.97905E+00 -1.10469E-04  0.00000E+00  0.00000E+00  1.26524E+02
   234  1.46229E-03 -5.97864E+00 -5.97852E+00 -1.15506E-04  0.00000E+00  0.00000E+00  1.26464E+02
   235  1.49899E-03 -5.97810E+00 -5.97798E+00 -1.20759E-04  0.00000E+00  0.00000E+00  1.26402E+02
   236  1.53661E-03 -5.97756E+00 -5.97743E+00 -1.26237E-04  0.00000E+00  0.00000E+00  1.26339E+02
   237  1.57517E-03 -5.97700E+00 -5.97686E+00 -1.31949E-04  0.00000E+00  0.00000E+00  1.26274E+02
   238  1.61470E-03 -5.97642E+00 -5.97628E+00 -1.37905E-04  0.00000E+00  0.00000E+00  1.26209E+02
   239  1.65521E-03 -5.97583E+00 -5.97569E+00 -1.44113E-04  0.00000E+00  0.00000E+00  1.26141E+02
   240  1.69674E-03 -5.97523E+00 -5.97508E+00 -1.50583E-04  0.00000E+00  0.00000E+00  1.26073E+02
   241  1.73930E-03 -5.97461E+00 -5.97445E+00 -1.57325E-04  0.00000E+00  0.00000E+00  1.26002E+02
   242  1.78293E-03 -5.97398E+00 -5.97381E+00 -1.64350E-04  0.00000E+00  0.00000E+00  1.25930E+02
   243  1.82765E-03 -5.97333E+00 -5.97315E+00 -1.71668E-04  0.00000E+00  0.00000E+00  1.25857E+02
   244  1.87349E-03 -5.97266E+00 -5.97248E+00 -1.79290E-04  0.00000E+00  0.00000E+00  1.25782E+02
   245  1.92048E-03 -5.97198E+00 -5.97179E+00 -1.87227E-04  0.00000E+00  0.00000E+00  1.25705E+02
   246  1.96864E-03 -5.97128E+00 -5.97108E+00 -1.95491E-04  0.00000E+00  0.00000E+00  1.25626E+02
   247  2.01801E-03 -5.97056E+00 -5.97036E+00 -2.04093E-04  0.00000E+00  0.00000E+00  1.25546E+02
   248  2.06861E-03 -5.96983E+00 -5.96962E+00 -2.13047E-04  0.00000E+00  0.00000E+00  1.25464E+02
   249  2.12048E-03 -5.96908E+00 -5.96885E+00 -2.22365E-04  0.00000E+00  0.00000E+00  1.25380E+02
   250  2.17365E-03 -5.96831E+00 -5.96807E+00 -2.32060E-04  0.00000E+00  0.00000E+00  1.25294E+02
   251  2.22814E-03 -5.96752E+00 -5.96727E+00 -2.42145E-04  0.00000E+00  0.00000E+00  1.25206E+02
   252  2.28400E-03 -5.96671E+00 -5.96645E+00 -2.52634E-04  0.00000E+00  0.00000E+00  1.25116E+02
   253  2.34125E-03 -5.96588E+00 -5.96561E+00 -2.63541E-04  0.00000E+00  0.00000E+00  1.25025E+02
   254  2.39994E-03 -5.96503E+00 -5.96475E+00 -2.74881E-04  0.00000E+00  0.00000E+00  1.24931E+02
   255  2.46010E-03 -5.96415E+00 -5.96387E+00 -2.86669E-04  0.00000E+00  0.00000E+00  1.24835E+02
   256  2.52176E-03 -5.96326E+00 -5.96296E+00 -2.98919E-04  0.00000E+00  0.00000E+00  1.24737E+02
   257  2.58496E-03 -5.96235E+00 -5.96203E+00 -3.11648E-04  0.00000E+00  0.00000E+00  1.24636E+02
   258  2.64974E-03 -5.96141E+00 -5.96108E+00 -3.24871E-04  0.00000E+00  0.00000E+00  1.24533E+02
   259  2.71615E-03 -5.96045E+00 -5.96011E+00 -3.38606E-04  0.00000E+00  0.00000E+00  1.24428E+02
   260  2.78421E-03 -5.95946E+00 -5.95911E+00 -3.52868E-04  0.00000E+00  0.00000E+00  1.24321E+02
   261  2.85398E-03 -5.95845E+00 -5.95808E+00 -3.67676E-04  0.00000E+00  0.00000E+00  1.24211E+02
   262  2.92549E-03 -5.95742E+00 -5.95703E+00 -3.83046E-04  0.00000E+00  0.00000E+00  1.24099E+02
   263  2.99879E-03 -5.95636E+00 -5.95596E+00 -3.98997E-04  0.00000E+00  0.00000E+00  1.23984E+02
   264  3.07392E-03 -5.95527E+00 -5.95485E+00 -4.15548E-04  0.00000E+00  0.00000E+00  1.23866E+02
   265  3.15093E-03 -5.95416E+00 -5.95372E+00 -4.32717E-04  0.00000E+00  0.00000E+00  1.23746E+02
   266  3.22987E-03 -5.95302E+00 -5.95256E+00 -4.50523E-04  0.00000E+00  0.00000E+00  1.23623E+02
   267  3.31079E-03 -5.95185E+00 -5.95138E+00 -4.68986E-04  0.00000E+00  0.00000E+00  1.23498E+02
   268  3.39372E-03 -5.95065E+00 -5.95016E+00 -4.88126E-04  0.00000E+00  0.00000E+00  1.23369E+02
   269  3.47873E-03 -5.94942E+00 -5.94891E+00 -5.07964E-04  0.00000E+00  0.00000E+00  1.23237E+02
   270  3.56587E-03 -5.94816E+00 -5.94763E+00 -5.28520E-04  0.00000E+00  0.00000E+00  1.23103E+02
   271  3.65518E-03 -5.94687E+00 -5.94632E+00 -5.49815E-04  0.00000E+00  0.00000E+00  1.22965E+02
   272  3.74673E-03 -5.94555E+00 -5.94498E+00 -5.71872E-04  0.00000E+00  0.00000E+00  1.22825E+02
   273  3.84057E-03 -5.94419E+00 -5.94360E+00 -5.94712E-04  0.00000E+00  0.00000E+00  1.22681E+02
   274  3.93676E-03 -5.94281E+00 -5.94219E+00 -6.18357E-04  0.00000E+00  0.00000E+00  1.22533E+02
   275  4.03535E-03 -5.94138E+00 -5.94074E+00 -6.42830E-04  0.00000E+00  0.00000E+00  1.22383E+02
   276  4.13640E-03 -5.93993E+00 -5.93926E+00 -6.68155E-04  0.00000E+00  0.00000E+00  1.22229E+02
   277  4.23998E-03 -5.93843E+00 -5.93774E+00 -6.94354E-04  0.00000E+00  0.00000E+00  1.22071E+02
   278  4.34616E-03 -5.93690E+00 -5.93618E+00 -7.21451E-04  0.00000E+00  0.00000E+00  1.21910E+02
   279  4.45498E-03 -5.93533E+00 -5.93458E+00 -7.49471E-04  0.00000E+00  0.00000E+00  1.21746E+02
   280  4.56653E-03 -5.93372E+00 -5.93295E+00 -7.78438E-04  0.00000E+00  0.00000E+00  1.21577E+02
   281  4.68087E-03 -5.93208E+00 -5.93127E+00 -8.08376E-04  0.00000E+00  0.00000E+00  1.21405E+02
   282  4.79807E-03 -5.93039E+00 -5.92955E+00 -8.39311E-04  0.00000E+00  0.00000E+00  1.21229E+02
   283  4.91819E-03 -5.92866E+00 -5.92779E+00 -8.71267E-04  0.00000E+00  0.00000E+00  1.21049E+02
   284  5.04132E-03 -5.92688E+00 -5.92598E+00 -9.04271E-04  0.00000E+00  0.00000E+00  1.20864E+02
   285  5.16753E-03 -5.92507E+00 -5.92413E+00 -9.38348E-04  0.00000E+00  0.00000E+00  1.20676E+02
   286  5.29690E-03 -5.92321E+00 -5.92223E+00 -9.73525E-04  0.00000E+00  0.00000E+00  1.20483E+02
   287  5.42949E-03 -5.92130E+00 -5.92029E+00 -1.00983E-03  0.00000E+00  0.00000E+00  1.20286E+02
   288  5.56541E-03 -5.91934E+00 -5.91829E+00 -1.04728E-03  0.00000E+00  0.00000E+00  1.20085E+02
   289  5.70472E-03 -5.91734E+00 -5.91625E+00 -1.08591E-03  0.00000E+00  0.00000E+00  1.19879E+02
   290  5.84751E-03 -5.91528E+00 -5.91416E+00 -1.12575E-03  0.00000E+00  0.00000E+00  1.19668E+02
   291  5.99388E-03 -5.91318E+00 -5.91201E+00 -1.16682E-03  0.00000E+00  0.00000E+00  1.19453E+02
   292  6.14390E-03 -5.91102E+00 -5.90981E+00 -1.20915E-03  0.00000E+00  0.00000E+00  1.19232E+02
   293  6.29767E-03 -5.90881E+00 -5.90756E+00 -1.25277E-03  0.00000E+00  0.00000E+00  1.19007E+02
   294  6.45529E-03 -5.90654E+00 -5.90525E+00 -1.29770E-03  0.00000E+00  0.00000E+00  1.18777E+02
   295  6.61685E-03 -5.90422E+00 -5.90288E+00 -1.34397E-03  0.00000E+00  0.00000E+00  1.18542E+02
   296  6.78244E-03 -5.90184E+00 -5.90045E+00 -1.39161E-03  0.00000E+00  0.00000E+00  1.18301E+02
   297  6.95218E-03 -5.89941E+00 -5.89797E+00 -1.44065E-03  0.00000E+00  0.00000E+00  1.18055E+02
   298  7.12615E-03 -5.89691E+00 -5.89542E+00 -1.49110E-03  0.00000E+00  0.00000E+00  1.17804E+02
   299  7.30448E-03 -5.89435E+00 -5.89280E+00 -1.54301E-03  0.00000E+00  0.00000E+00  1.17547E+02
   300  7.48726E-03 -5.89172E+00 -5.89013E+00 -1.59640E-03  0.00000E+00  0.00000E+00  1.17284E+02
   301  7.67461E-03 -5.88903E+00 -5.88738E+00 -1.65129E-03  0.00000E+00  0.00000E+00  1.17016E+02
   302  7.86664E-03 -5.88628E+00 -5.88457E+00 -1.70771E-03  0.00000E+00  0.00000E+00  1.16741E+02
   303  8.06347E-03 -5.88345E+00 -5.88169E+00 -1.76569E-03  0.00000E+00  0.00000E+00  1.16461E+02
   304  8.26522E-03 -5.88056E+00 -5.87874E+00 -1.82525E-03  0.00000E+00  0.00000E+00  1.16174E+02
   305  8.47202E-03 -5.87760E+00 -5.87571E+00 -1.88642E-03  0.00000E+00  0.00000E+00  1.15881E+02
   306  8.68397E-03 -5.87456E+00 -5.87261E+00 -1.94923E-03  0.00000E+00  0.00000E+00  1.15582E+02
   307  8.90123E-03 -5.87144E+00 -5.86943E+00 -2.01370E-03  0.00000E+00  0.00000E+00  1.15276E+02
   308  9.12392E-03 -5.86825E+00 -5.86617E+00 -2.07985E-03  0.00000E+00  0.00000E+00  1.14964E+02
   309  9.35216E-03 -5.86498E+00 -5.86283E+00 -2.14772E-03  0.00000E+00  0.00000E+00  1.14644E+02
   310  9.58612E-03 -5.86163E+00 -5.85941E+00 -2.21731E-03  0.00000E+00  0.00000E+00  1.14318E+02
   311  9.82591E-03 -5.85819E+00 -5.85591E+00 -2.28867E-03  0.00000E+00  0.00000E+00  1.13985E+02
   312  1.00717E-02 -5.85468E+00 -5.85231E+00 -2.36180E-03  0.00000E+00  0.00000E+00  1.13645E+02
   313  1.03236E-02 -5.85107E+00 -5.84863E+00 -2.43673E-03  0.00000E+00  0.00000E+00  1.13297E+02
   314  1.05818E-02 -5.84737E+00 -5.84486E+00 -2.51349E-03  0.00000E+00  0.00000E+00  1.12942E+02
   315  1.08465E-02 -5.84359E+00 -5.84100E+00 -2.59209E-03  0.00000E+00  0.00000E+00  1.12579E+02
   316  1.11178E-02 -5.83971E+00 -5.83703E+00 -2.67255E-03  0.00000E+00  0.00000E+00  1.12209E+02
   317  1.13959E-02 -5.83573E+00 -5.83298E+00 -2.75489E-03  0.00000E+00  0.00000E+00  1.11831E+02
   318  1.16809E-02 -5.83166E+00 -5.82882E+00 -2.83913E-03  0.00000E+00  0.00000E+00  1.11445E+02
   319  1.19730E-02 -5.82748E+00 -5.82456E+00 -2.92528E-03  0.00000E+00  0.00000E+00  1.11051E+02
   320  1.22724E-02 -5.82320E+00 -5.82019E+00 -3.01336E-03  0.00000E+00  0.00000E+00  1.10648E+02
   321  1.25793E-02 -5.81882E+00 -5.81572E+00 -3.10339E-03  0.00000E+00  0.00000E+00  1.10237E+02
   322  1.28939E-02 -5.81433E+00 -5.81113E+00 -3.19537E-03  0.00000E+00  0.00000E+00  1.09818E+02
   323  1.32163E-02 -5.80973E+00 -5.80644E+00 -3.28932E-03  0.00000E+00  0.00000E+00  1.09390E+02
   324  1.35468E-02 -5.80501E+00 -5.80163E+00 -3.38525E-03  0.00000E+00  0.00000E+00  1.08953E+02
   325  1.38855E-02 -5.80018E+00 -5.79670E+00 -3.48317E-03  0.00000E+00  0.00000E+00  1.08507E+02
   326  1.42326E-02 -5.79523E+00 -5.79165E+00 -3.58307E-03  0.00000E+00  0.00000E+00  1.08052E+02
   327  1.45885E-02 -5.79016E+00 -5.78647E+00 -3.68498E-03  0.00000E+00  0.00000E+00  1.07588E+02
   328  1.49532E-02 -5.78496E+00 -5.78117E+00 -3.78888E-03  0.00000E+00  0.00000E+00  1.07115E+02
   329  1.53270E-02 -5.77964E+00 -5.77574E+00 -3.89478E-03  0.00000E+00  0.00000E+00  1.06632E+02
   330  1.57102E-02 -5.77418E+00 -5.77018E+00 -4.00269E-03  0.00000E+00  0.00000E+00  1.06139E+02
   331  1.61029E-02 -5.76859E+00 -5.76448E+00 -4.11259E-03  0.00000E+00  0.00000E+00  1.05637E+02
   332  1.65055E-02 -5.76287E+00 -5.75864E+00 -4.22449E-03  0.00000E+00  0.00000E+00  1.05125E+02
   333  1.69180E-02 -5.75700E+00 -5.75267E+00 -4.33837E-03  0.00000E+00  0.00000E+00  1.04603E+02
   334  1.73409E-02 -5.75100E+00 -5.74654E+00 -4.45422E-03  0.00000E+00  0.00000E+00  1.04070E+02
   335  1.77743E-02 -5.74484E+00 -5.74027E+00 -4.57203E-03  0.00000E+00  0.00000E+00  1.03528E+02
   336  1.82186E-02 -5.73853E+00 -5.73384E+00 -4.69179E-03  0.00000E+00  0.00000E+00  1.02975E+02
   337  1.86739E-02 -5.73208E+00 -5.72726E+00 -4.81348E-03  0.00000E+00  0.00000E+00  1.02411E+02
   338  1.91406E-02 -5.72546E+00 -5.72052E+00 -4.93708E-03  0.00000E+00  0.00000E+00  1.01836E+02
   339  1.96189E-02 -5.71868E+00 -5.71362E+00 -5.06255E-03  0.00000E+00  0.00000E+00  1.01251E+02
   340  2.01092E-02 -5.71174E+00 -5.70655E+00 -5.18988E-03  0.00000E+00  0.00000E+00  1.00655E+02
   341  2.06117E-02 -5.70463E+00 -5.69931E+00 -5.31904E-03  0.00000E+00  0.00000E+00  1.00048E+02
   342  2.11267E-02 -5.69735E+00 -5.69190E+00 -5.44998E-03  0.00000E+00  0.00000E+00  9.94298E+01
   343  2.16545E-02 -5.68990E+00 -5.68431E+00 -5.58268E-03  0.00000E+00  0.00000E+00  9.88002E+01
   344  2.21956E-02 -5.68226E+00 -5.67654E+00 -5.71709E-03  0.00000E+00  0.00000E+00  9.81593E+01
   345  2.27501E-02 -5.67444E+00 -5.66859E+00 -5.85316E-03  0.00000E+00  0.00000E+00  9.75069E+01
   346  2.33184E-02 -5.66643E+00 -5.66044E+00 -5.99085E-03  0.00000E+00  0.00000E+00  9.68429E+01
   347  2.39009E-02 -5.65823E+00 -5.65210E+00 -6.13010E-03  0.00000E+00  0.00000E+00  9.61673E+01
   348  2.44980E-02 -5.64983E+00 -5.64356E+00 -6.27086E-03  0.00000E+00  0.00000E+00  9.54799E+01
   349  2.51099E-02 -5.64124E+00 -5.63482E+00 -6.41305E-03  0.00000E+00  0.00000E+00  9.47807E+01
   350  2.57371E-02 -5.63243E+00 -5.62588E+00 -6.55663E-03  0.00000E+00  0.00000E+00  9.40696E+01
   351  2.63799E-02 -5.62342E+00 -5.61672E+00 -6.70150E-03  0.00000E+00  0.00000E+00  9.33465E+01
   352  2.70387E-02 -5.61420E+00 -5.60735E+00 -6.84761E-03  0.00000E+00  0.00000E+00  9.26114E+01
   353  2.77139E-02 -5.60476E+00 -5.59776E+00 -6.99486E-03  0.00000E+00  0.00000E+00  9.18642E+01
   354  2.84060E-02 -5.59509E+00 -5.58795E+00 -7.14318E-03  0.00000E+00  0.00000E+00  9.11049E+01
   355  2.91152E-02 -5.58520E+00 -5.57790E+00 -7.29246E-03  0.00000E+00  0.00000E+00  9.03334E+01
   356  2.98422E-02 -5.57507E+00 -5.56763E+00 -7.44262E-03  0.00000E+00  0.00000E+00  8.95497E+01
   357  3.05873E-02 -5.56471E+00 -5.55712E+00 -7.59355E-03  0.00000E+00  0.00000E+00  8.87537E+01
   358  3.13509E-02 -5.55411E+00 -5.54636E+00 -7.74515E-03  0.00000E+00  0.00000E+00  8.79456E+01
   359  3.21335E-02 -5.54326E+00 -5.53536E+00 -7.89729E-03  0.00000E+00  0.00000E+00  8.71252E+01
   360  3.29357E-02 -5.53216E+00 -5.52411E+00 -8.04987E-03  0.00000E+00  0.00000E+00  8.62925E+01
   361  3.37577E-02 -5.52080E+00 -5.51260E+00 -8.20276E-03  0.00000E+00  0.00000E+00  8.54477E+01
   362  3.46003E-02 -5.50918E+00 -5.50083E+00 -8.35582E-03  0.00000E+00  0.00000E+00  8.45906E+01
   363  3.54638E-02 -5.49730E+00 -5.48879E+00 -8.50893E-03  0.00000E+00  0.00000E+00  8.37215E+01
   364  3.63488E-02 -5.48515E+00 -5.47648E+00 -8.66193E-03  0.00000E+00  0.00000E+00  8.28402E+01
   365  3.72559E-02 -5.47272E+00 -5.46390E+00 -8.81469E-03  0.00000E+00  0.00000E+00  8.19469E+01
   366  3.81854E-02 -5.46001E+00 -5.45104E+00 -8.96704E-03  0.00000E+00  0.00000E+00  8.10417E+01
   367  3.91382E-02 -5.44701E+00 -5.43789E+00 -9.11883E-03  0.00000E+00  0.00000E+00  8.01246E+01
   368  4.01146E-02 -5.43372E+00 -5.42445E+00 -9.26989E-03  0.00000E+00  0.00000E+00  7.91958E+01
   369  4.11153E-02 -5.42014E+00 -5.41072E+00 -9.42005E-03  0.00000E+00  0.00000E+00  7.82554E+01
   370  4.21408E-02 -5.40626E+00 -5.39669E+00 -9.56912E-03  0.00000E+00  0.00000E+00  7.73035E+01
   371  4.31919E-02 -5.39207E+00 -5.38235E+00 -9.71693E-03  0.00000E+00  0.00000E+00  7.63402E+01
   372  4.42691E-02 -5.37757E+00 -5.36771E+00 -9.86328E-03  0.00000E+00  0.00000E+00  7.53658E+01
   373  4.53730E-02 -5.36276E+00 -5.35275E+00 -1.00080E-02  0.00000E+00  0.00000E+00  7.43805E+01
   374  4.65044E-02 -5.34762E+00 -5.33747E+00 -1.01508E-02  0.00000E+00  0.00000E+00  7.33843E+01
   375  4.76639E-02 -5.33217E+00 -5.32188E+00 -1.02916E-02  0.00000E+00  0.00000E+00  7.23777E+01
   376  4.88522E-02 -5.31638E+00 -5.30595E+00 -1.04301E-02  0.00000E+00  0.00000E+00  7.13607E+01
   377  5.00699E-02 -5.30026E+00 -5.28969E+00 -1.05661E-02  0.00000E+00  0.00000E+00  7.03336E+01
   378  5.13180E-02 -5.28380E+00 -5.27310E+00 -1.06994E-02  0.00000E+00  0.00000E+00  6.92967E+01
   379  5.25970E-02 -5.26700E+00 -5.25617E+00 -1.08298E-02  0.00000E+00  0.00000E+00  6.82504E+01
   380  5.39077E-02 -5.24985E+00 -5.23889E+00 -1.09570E-02  0.00000E+00  0.00000E+00  6.71949E+01
   381  5.52510E-02 -5.23235E+00 -5.22127E+00 -1.10808E-02  0.00000E+00  0.00000E+00  6.61305E+01
   382  5.66276E-02 -5.21450E+00 -5.20330E+00 -1.12009E-02  0.00000E+00  0.00000E+00  6.50577E+01
   383  5.80383E-02 -5.19628E+00 -5.18497E+00 -1.13172E-02  0.00000E+00  0.00000E+00  6.39767E+01
   384  5.94840E-02 -5.17771E+00 -5.16628E+00 -1.14293E-02  0.00000E+00  0.00000E+00  6.28880E+01
   385  6.09656E-02 -5.15877E+00 -5.14723E+00 -1.15370E-02  0.00000E+00  0.00000E+00  6.17919E+01
   386  6.24839E-02 -5.13946E+00 -5.12782E+00 -1.16401E-02  0.00000E+00  0.00000E+00  6.06889E+01
   387  6.40398E-02 -5.11978E+00 -5.10804E+00 -1.17383E-02  0.00000E+00  0.00000E+00  5.95796E+01
   388  6.56342E-02 -5.09972E+00 -5.08789E+00 -1.18314E-02  0.00000E+00  0.00000E+00  5.84642E+01
   389  6.72682E-02 -5.07928E+00 -5.06737E+00 -1.19191E-02  0.00000E+00  0.00000E+00  5.73434E+01
   390  6.89426E-02 -5.05847E+00 -5.04647E+00 -1.20012E-02  0.00000E+00  0.00000E+00  5.62175E+01
   391  7.06584E-02 -5.03728E+00 -5.02520E+00 -1.20773E-02  0.00000E+00  0.00000E+00  5.50873E+01
   392  7.24167E-02 -5.01570E+00 -5.00355E+00 -1.21474E-02  0.00000E+00  0.00000E+00  5.39532E+01
   393  7.42185E-02 -4.99374E+00 -4.98152E+00 -1.22111E-02  0.00000E+00  0.00000E+00  5.28157E+01
   394  7.60649E-02 -4.97139E+00 -4.95912E+00 -1.22681E-02  0.00000E+00  0.00000E+00  5.16756E+01
   395  7.79569E-02 -4.94865E+00 -4.93633E+00 -1.23183E-02  0.00000E+00  0.00000E+00  5.05333E+01
   396  7.98958E-02 -4.92553E+00 -4.91317E+00 -1.23614E-02  0.00000E+00  0.00000E+00  4.93895E+01
   397  8.18825E-02 -4.90203E+00 -4.88963E+00 -1.23973E-02  0.00000E+00  0.00000E+00  4.82449E+01
   398  8.39183E-02 -4.87813E+00 -4.86571E+00 -1.24256E-02  0.00000E+00  0.00000E+00  4.71001E+01
   399  8.60044E-02 -4.85385E+00 -4.84141E+00 -1.24461E-02  0.00000E+00  0.00000E+00  4.59558E+01
   400  8.81420E-02 -4.82919E+00 -4.81673E+00 -1.24588E-02  0.00000E+00  0.00000E+00  4.48126E+01
   401  9.03323E-02 -4.80415E+00 -4.79169E+00 -1.24633E-02  0.00000E+00  0.00000E+00  4.36714E+01
   402  9.25767E-02 -4.77873E+00 -4.76627E+00 -1.24595E-02  0.00000E+00  0.00000E+00  4.25327E+01
   403  9.48765E-02 -4.75293E+00 -4.74048E+00 -1.24473E-02  0.00000E+00  0.00000E+00  4.13974E+01
   404  9.72329E-02 -4.72675E+00 -4.71433E+00 -1.24265E-02  0.00000E+00  0.00000E+00  4.02662E+01
   405  9.96474E-02 -4.70021E+00 -4.68781E+00 -1.23969E-02  0.00000E+00  0.00000E+00  3.91397E+01
   406  1.02121E-01 -4.67330E+00 -4.66094E+00 -1.23584E-02  0.00000E+00  0.00000E+00  3.80189E+01
   407  1.04656E-01 -4.64603E+00 -4.63372E+00 -1.23110E-02  0.00000E+00  0.00000E+00  3.69044E+01
   408  1.07254E-01 -4.61840E+00 -4.60615E+00 -1.22545E-02  0.00000E+00  0.00000E+00  3.57970E+01
   409  1.09915E-01 -4.59043E+00 -4.57824E+00 -1.21889E-02  0.00000E+00  0.00000E+00  3.46975E+01
   410  1.12642E-01 -4.56211E+00 -4.54999E+00 -1.21141E-02  0.00000E+00  0.00000E+00  3.36066E+01
   411  1.15436E-01 -4.53345E+00 -4.52142E+00 -1.20301E-02  0.00000E+00  0.00000E+00  3.25252E+01
   412  1.18298E-01 -4.50446E+00 -4.49252E+00 -1.19370E-02  0.00000E+00  0.00000E+00  3.14540E+01
   413  1.21231E-01 -4.47515E+00 -4.46332E+00 -1.18346E-02  0.00000E+00  0.00000E+00  3.03937E+01
   414  1.24235E-01 -4.44553E+00 -4.43381E+00 -1.17231E-02  0.00000E+00  0.00000E+00  2.93452E+01
   415  1.27314E-01 -4.41561E+00 -4.40400E+00 -1.16025E-02  0.00000E+00  0.00000E+00  2.83092E+01
   416  1.30468E-01 -4.38539E+00 -4.37391E+00 -1.14729E-02  0.00000E+00  0.00000E+00  2.72863E+01
   417  1.33699E-01 -4.35488E+00 -4.34354E+00 -1.13345E-02  0.00000E+00  0.00000E+00  2.62774E+01
   418  1.37010E-01 -4.32410E+00 -4.31291E+00 -1.11873E-02  0.00000E+00  0.00000E+00  2.52832E+01
   419  1.40402E-01 -4.29305E+00 -4.28202E+00 -1.10316E-02  0.00000E+00  0.00000E+00  2.43044E+01
   420  1.43876E-01 -4.26175E+00 -4.25089E+00 -1.08675E-02  0.00000E+00  0.00000E+00  2.33416E+01
   421  1.47436E-01 -4.23021E+00 -4.21952E+00 -1.06952E-02  0.00000E+00  0.00000E+00  2.23956E+01
   422  1.51083E-01 -4.19844E+00 -4.18793E+00 -1.05151E-02  0.00000E+00  0.00000E+00  2.14669E+01
   423  1.54819E-01 -4.16646E+00 -4.15613E+00 -1.03273E-02  0.00000E+00  0.00000E+00  2.05561E+01
   424  1.58646E-01 -4.13426E+00 -4.12413E+00 -1.01322E-02  0.00000E+00  0.00000E+00  1.96639E+01
   425  1.62567E-01 -4.10188E+00 -4.09195E+00 -9.93007E-03  0.00000E+00  0.00000E+00  1.87908E+01
   426  1.66583E-01 -4.06931E+00 -4.05959E+00 -9.72132E-03  0.00000E+00  0.00000E+00  1.79373E+01
   427  1.70697E-01 -4.03657E+00 -4.02707E+00 -9.50630E-03  0.00000E+00  0.00000E+00  1.71040E+01
   428  1.74912E-01 -4.00369E+00 -3.99440E+00 -9.28542E-03  0.00000E+00  0.00000E+00  1.62912E+01
   429  1.79229E-01 -3.97066E+00 -3.96160E+00 -9.05909E-03  0.00000E+00  0.00000E+00  1.54994E+01
   430  1.83651E-01 -3.93750E+00 -3.92867E+00 -8.82776E-03  0.00000E+00  0.00000E+00  1.47290E+01
   431  1.88181E-01 -3.90422E+00 -3.89563E+00 -8.59189E-03  0.00000E+00  0.00000E+00  1.39804E+01
   432  1.92821E-01 -3.87084E+00 -3.86249E+00 -8.35198E-03  0.00000E+00  0.00000E+00  1.32537E+01
   433  1.97573E-01 -3.83737E+00 -3.82926E+00 -8.10852E-03  0.00000E+00  0.00000E+00  1.25493E+01
   434  2.02441E-01 -3.80382E+00 -3.79596E+00 -7.86203E-03  0.00000E+00  0.00000E+00  1.18674E+01
   435  2.07427E-01 -3.77020E+00 -3.76259E+00 -7.61304E-03  0.00000E+00  0.00000E+00  1.12082E+01
   436  2.12534E-01 -3.73652E+00 -3.72916E+00 -7.36209E-03  0.00000E+00  0.00000E+00  1.05717E+01
   437  2.17764E-01 -3.70280E+00 -3.69569E+00 -7.10973E-03  0.00000E+00  0.00000E+00  9.95815E+00
   438  2.23121E-01 -3.66903E+00 -3.66218E+00 -6.85653E-03  0.00000E+00  0.00000E+00  9.36746E+00
   439  2.28607E-01 -3.63524E+00 -3.62864E+00 -6.60303E-03  0.00000E+00  0.00000E+00  8.79965E+00
   440  2.34226E-01 -3.60143E+00 -3.59508E+00 -6.34982E-03  0.00000E+00  0.00000E+00  8.25465E+00
   441  2.39981E-01 -3.56760E+00 -3.56150E+00 -6.09744E-03  0.00000E+00  0.00000E+00  7.73238E+00
   442  2.45874E-01 -3.53376E+00 -3.52792E+00 -5.84646E-03  0.00000E+00  0.00000E+00  7.23266E+00
   443  2.51909E-01 -3.49992E+00 -3.49433E+00 -5.59744E-03  0.00000E+00  0.00000E+00  6.75531E+00
   444  2.58089E-01 -3.46609E+00 -3.46074E+00 -5.35091E-03  0.00000E+00  0.00000E+00  6.30008E+00
   445  2.64418E-01 -3.43225E+00 -3.42715E+00 -5.10741E-03  0.00000E+00  0.00000E+00  5.86669E+00
   446  2.70900E-01 -3.39843E+00 -3.39356E+00 -4.86746E-03  0.00000E+00  0.00000E+00  5.45481E+00
   447  2.77536E-01 -3.36460E+00 -3.35997E+00 -4.63156E-03  0.00000E+00  0.00000E+00  5.06409E+00
   448  2.84332E-01 -3.33079E+00 -3.32639E+00 -4.40019E-03  0.00000E+00  0.00000E+00  4.69411E+00
   449  2.91290E-01 -3.29697E+00 -3.29280E+00 -4.17381E-03  0.00000E+00  0.00000E+00  4.34444E+00
   450  2.98415E-01 -3.26316E+00 -3.25921E+00 -3.95285E-03  0.00000E+00  0.00000E+00  4.01459E+00
   451  3.05710E-01 -3.22934E+00 -3.22560E+00 -3.73773E-03  0.00000E+00  0.00000E+00  3.70408E+00
   452  3.13180E-01 -3.19551E+00 -3.19198E+00 -3.52883E-03  0.00000E+00  0.00000E+00  3.41236E+00
   453  3.20827E-01 -3.16166E+00 -3.15833E+00 -3.32648E-03  0.00000E+00  0.00000E+00  3.13886E+00
   454  3.28657E-01 -3.12778E+00 -3.12465E+00 -3.13101E-03  0.00000E+00  0.00000E+00  2.88301E+00
   455  3.36673E-01 -3.09387E+00 -3.09093E+00 -2.94270E-03  0.00000E+00  0.00000E+00  2.64419E+00
   456  3.44879E-01 -3.05990E+00 -3.05714E+00 -2.76179E-03  0.00000E+00  0.00000E+00  2.42178E+00
   457  3.53280E-01 -3.02588E+00 -3.02329E+00 -2.58850E-03  0.00000E+00  0.00000E+00  2.21513E+00
   458  3.61880E-01 -2.99177E+00 -2.98935E+00 -2.42300E-03  0.00000E+00  0.00000E+00  2.02359E+00
   459  3.70683E-01 -2.95758E+00 -2.95532E+00 -2.26541E-03  0.00000E+00  0.00000E+00  1.84648E+00
   460  3.79695E-01 -2.92328E+00 -2.92117E+00 -2.11584E-03  0.00000E+00  0.00000E+00  1.68315E+00
   461  3.88919E-01 -2.88886E+00 -2.88689E+00 -1.97435E-03  0.00000E+00  0.00000E+00  1.53290E+00
   462  3.98361E-01 -2.85430E+00 -2.85246E+00 -1.84095E-03  0.00000E+00  0.00000E+00  1.39507E+00
   463  4.08025E-01 -2.81958E+00 -2.81787E+00 -1.71564E-03  0.00000E+00  0.00000E+00  1.26897E+00
   464  4.17916E-01 -2.78469E+00 -2.78309E+00 -1.59834E-03  0.00000E+00  0.00000E+00  1.15393E+00
   465  4.28039E-01 -2.74960E+00 -2.74811E+00 -1.48899E-03  0.00000E+00  0.00000E+00  1.04929E+00
   466  4.38400E-01 -2.71430E+00 -2.71291E+00 -1.38744E-03  0.00000E+00  0.00000E+00  9.54394E-01
   467  4.49003E-01 -2.67876E+00 -2.67747E+00 -1.29356E-03  0.00000E+00  0.00000E+00  8.68594E-01
   468  4.59853E-01 -2.64298E+00 -2.64177E+00 -1.20715E-03  0.00000E+00  0.00000E+00  7.91264E-01
   469  4.70957E-01 -2.60693E+00 -2.60580E+00 -1.12800E-03  0.00000E+00  0.00000E+00  7.21790E-01
   470  4.82319E-01 -2.57059E+00 -2.56954E+00 -1.05587E-03  0.00000E+00  0.00000E+00  6.59576E-01
   471  4.93945E-01 -2.53396E+00 -2.53297E+00 -9.90501E-04  0.00000E+00  0.00000E+00  6.04049E-01
   472  5.05841E-01 -2.49700E+00 -2.49607E+00 -9.31600E-04  0.00000E+00  0.00000E+00  5.54654E-01
   473  5.18012E-01 -2.45972E+00 -2.45884E+00 -8.78866E-04  0.00000E+00  0.00000E+00  5.10862E-01
   474  5.30465E-01 -2.42208E+00 -2.42125E+00 -8.31979E-04  0.00000E+00  0.00000E+00  4.72164E-01
   475  5.43205E-01 -2.38410E+00 -2.38330E+00 -7.90606E-04  0.00000E+00  0.00000E+00  4.38079E-01
   476  5.56238E-01 -2.34574E+00 -2.34499E+00 -7.54404E-04  0.00000E+00  0.00000E+00  4.08150E-01
   477  5.69571E-01 -2.30701E+00 -2.30629E+00 -7.23021E-04  0.00000E+00  0.00000E+00  3.81947E-01
   478  5.83210E-01 -2.26790E+00 -2.26721E+00 -6.96100E-04  0.00000E+00  0.00000E+00  3.59065E-01
   479  5.97161E-01 -2.22841E+00 -2.22774E+00 -6.73283E-04  0.00000E+00  0.00000E+00  3.39125E-01
   480  6.11431E-01 -2.18853E+00 -2.18788E+00 -6.54211E-04  0.00000E+00  0.00000E+00  3.21776E-01
   481  6.26026E-01 -2.14827E+00 -2.14763E+00 -6.38527E-04  0.00000E+00  0.00000E+00  3.06692E-01
   482  6.40953E-01 -2.10762E+00 -2.10700E+00 -6.25882E-04  0.00000E+00  0.00000E+00  2.93573E-01
   483  6.56219E-01 -2.06661E+00 -2.06599E+00 -6.15932E-04  0.00000E+00  0.00000E+00  2.82143E-01
   484  6.71831E-01 -2.02522E+00 -2.02462E+00 -6.08341E-04  0.00000E+00  0.00000E+00  2.72152E-01
   485  6.87795E-01 -1.98349E+00 -1.98288E+00 -6.02787E-04  0.00000E+00  0.00000E+00  2.63372E-01
   486  7.04119E-01 -1.94141E+00 -1.94081E+00 -5.98960E-04  0.00000E+00  0.00000E+00  2.55598E-01
   487  7.20810E-01 -1.89901E+00 -1.89842E+00 -5.96562E-04  0.00000E+00  0.00000E+00  2.48647E-01
   488  7.37876E-01 -1.85632E+00 -1.85572E+00 -5.95313E-04  0.00000E+00  0.00000E+00  2.42358E-01
   489  7.55323E-01 -1.81334E+00 -1.81275E+00 -5.94950E-04  0.00000E+00  0.00000E+00  2.36586E-01
   490  7.73160E-01 -1.77011E+00 -1.76952E+00 -5.95224E-04  0.00000E+00  0.00000E+00  2.31207E-01
   491  7.91394E-01 -1.72666E+00 -1.72607E+00 -5.95907E-04  0.00000E+00  0.00000E+00  2.26114E-01
   492  8.10032E-01 -1.68302E+00 -1.68242E+00 -5.96789E-04  0.00000E+00  0.00000E+00  2.21214E-01
   493  8.29083E-01 -1.63922E+00 -1.63862E+00 -5.97679E-04  0.00000E+00  0.00000E+00  2.16429E-01
   494  8.48555E-01 -1.59530E+00 -1.59470E+00 -5.98403E-04  0.00000E+00  0.00000E+00  2.11698E-01
   495  8.68455E-01 -1.55130E+00 -1.55070E+00 -5.98809E-04  0.00000E+00  0.00000E+00  2.06966E-01
   496  8.88793E-01 -1.50725E+00 -1.50665E+00 -5.98760E-04  0.00000E+00  0.00000E+00  2.02195E-01
   497  9.09575E-01 -1.46320E+00 -1.46261E+00 -5.98141E-04  0.00000E+00  0.00000E+00  1.97352E-01
   498  9.30810E-01 -1.41920E+00 -1.41861E+00 -5.96851E-04  0.00000E+00  0.00000E+00  1.92417E-01
   499  9.52508E-01 -1.37529E+00 -1.37470E+00 -5.94810E-04  0.00000E+00  0.00000E+00  1.87375E-01
   500  9.74676E-01 -1.33152E+00 -1.33093E+00 -5.91953E-04  0.00000E+00  0.00000E+00  1.82218E-01
   501  9.97323E-01 -1.28793E+00 -1.28734E+00 -5.88228E-04  0.00000E+00  0.00000E+00  1.76946E-01
   502  1.02046E+00 -1.24458E+00 -1.24399E+00 -5.83602E-04  0.00000E+00  0.00000E+00  1.71561E-01
   503  1.04409E+00 -1.20151E+00 -1.20093E+00 -5.78054E-04  0.00000E+00  0.00000E+00  1.66072E-01
   504  1.06823E+00 -1.15877E+00 -1.15820E+00 -5.71576E-04  0.00000E+00  0.00000E+00  1.60489E-01
   505  1.09288E+00 -1.11642E+00 -1.11585E+00 -5.64172E-04  0.00000E+00  0.00000E+00  1.54827E-01
   506  1.11805E+00 -1.07450E+00 -1.07394E+00 -5.55858E-04  0.00000E+00  0.00000E+00  1.49101E-01
   507  1.14376E+00 -1.03306E+00 -1.03251E+00 -5.46657E-04  0.00000E+00  0.00000E+00  1.43328E-01
   508  1.17001E+00 -9.92150E-01 -9.91614E-01 -5.36605E-04  0.00000E+00  0.00000E+00  1.37528E-01
   509  1.19682E+00 -9.51819E-01 -9.51293E-01 -5.25742E-04  0.00000E+00  0.00000E+00  1.31719E-01
   510  1.22418E+00 -9.12111E-01 -9.11597E-01 -5.14117E-04  0.00000E+00  0.00000E+00  1.25920E-01
   511  1.25212E+00 -8.73070E-01 -8.72568E-01 -5.01785E-04  0.00000E+00  0.00000E+00  1.20152E-01
   512  1.28063E+00 -8.34738E-01 -8.34250E-01 -4.88804E-04  0.00000E+00  0.00000E+00  1.14432E-01
   513  1.30973E+00 -7.97158E-01 -7.96682E-01 -4.75237E-04  0.00000E+00  0.00000E+00  1.08779E-01
   514  1.33944E+00 -7.60366E-01 -7.59905E-01 -4.61151E-04  0.00000E+00  0.00000E+00  1.03209E-01
   515  1.36975E+00 -7.24399E-01 -7.23952E-01 -4.46612E-04  0.00000E+00  0.00000E+00  9.77391E-02
   516  1.40068E+00 -6.89290E-01 -6.88859E-01 -4.31692E-04  0.00000E+00  0.00000E+00  9.23838E-02
   517  1.43225E+00 -6.55071E-01 -6.54655E-01 -4.16458E-04  0.00000E+00  0.00000E+00  8.71565E-02
   518  1.46445E+00 -6.21769E-01 -6.21368E-01 -4.00981E-04  0.00000E+00  0.00000E+00  8.20694E-02
   519  1.49730E+00 -5.89409E-01 -5.89024E-01 -3.85330E-04  0.00000E+00  0.00000E+00  7.71332E-02
   520  1.53081E+00 -5.58014E-01 -5.57644E-01 -3.69570E-04  0.00000E+00  0.00000E+00  7.23570E-02
   521  1.56498E+00 -5.27601E-01 -5.27247E-01 -3.53769E-04  0.00000E+00  0.00000E+00  6.77486E-02
   522  1.59984E+00 -4.98187E-01 -4.97849E-01 -3.37988E-04  0.00000E+00  0.00000E+00  6.33145E-02
   523  1.63539E+00 -4.69783E-01 -4.69461E-01 -3.22287E-04  0.00000E+00  0.00000E+00  5.90595E-02
   524  1.67164E+00 -4.42400E-01 -4.42094E-01 -3.06723E-04  0.00000E+00  0.00000E+00  5.49872E-02
   525  1.70859E+00 -4.16044E-01 -4.15752E-01 -2.91348E-04  0.00000E+00  0.00000E+00  5.11000E-02
   526  1.74627E+00 -3.90717E-01 -3.90440E-01 -2.76212E-04  0.00000E+00  0.00000E+00  4.73991E-02
   527  1.78468E+00 -3.66418E-01 -3.66157E-01 -2.61360E-04  0.00000E+00  0.00000E+00  4.38843E-02
   528  1.82383E+00 -3.43146E-01 -3.42899E-01 -2.46833E-04  0.00000E+00  0.00000E+00  4.05547E-02
   529  1.86373E+00 -3.20893E-01 -3.20661E-01 -2.32667E-04  0.00000E+00  0.00000E+00  3.74083E-02
   530  1.90439E+00 -2.99651E-01 -2.99433E-01 -2.18896E-04  0.00000E+00  0.00000E+00  3.44421E-02
   531  1.94582E+00 -2.79409E-01 -2.79203E-01 -2.05547E-04  0.00000E+00  0.00000E+00  3.16526E-02
   532  1.98803E+00 -2.60151E-01 -2.59959E-01 -1.92644E-04  0.00000E+00  0.00000E+00  2.90354E-02
   533  2.03104E+00 -2.41862E-01 -2.41682E-01 -1.80209E-04  0.00000E+00  0.00000E+00  2.65857E-02
   534  2.07485E+00 -2.24523E-01 -2.24355E-01 -1.68256E-04  0.00000E+00  0.00000E+00  2.42979E-02
   535  2.11947E+00 -2.08112E-01 -2.07956E-01 -1.56798E-04  0.00000E+00  0.00000E+00  2.21663E-02
   536  2.16491E+00 -1.92608E-01 -1.92463E-01 -1.45843E-04  0.00000E+00  0.00000E+00  2.01848E-02
   537  2.21118E+00 -1.77986E-01 -1.77851E-01 -1.35398E-04  0.00000E+00  0.00000E+00  1.83467E-02
   538  2.25830E+00 -1.64220E-01 -1.64095E-01 -1.25463E-04  0.00000E+00  0.00000E+00  1.66457E-02
   539  2.30627E+00 -1.51283E-01 -1.51167E-01 -1.16037E-04  0.00000E+00  0.00000E+00  1.50748E-02
   540  2.35510E+00 -1.39147E-01 -1.39039E-01 -1.07117E-04  0.00000E+00  0.00000E+00  1.36274E-02
   541  2.40481E+00 -1.27782E-01 -1.27683E-01 -9.86969E-05  0.00000E+00  0.00000E+00  1.22965E-02
   542  2.45539E+00 -1.17158E-01 -1.17068E-01 -9.07672E-05  0.00000E+00  0.00000E+00  1.10756E-02
   543  2.50687E+00 -1.07246E-01 -1.07163E-01 -8.33176E-05  0.00000E+00  0.00000E+00  9.95772E-03
   544  2.55925E+00 -9.80144E-02 -9.79380E-02 -7.63357E-05  0.00000E+00  0.00000E+00  8.93650E-03
   545  2.61254E+00 -8.94319E-02 -8.93621E-02 -6.98076E-05  0.00000E+00  0.00000E+00  8.00553E-03
   546  2.66676E+00 -8.14677E-02 -8.14040E-02 -6.37178E-05  0.00000E+00  0.00000E+00  7.15858E-03
   547  2.72190E+00 -7.40908E-02 -7.40328E-02 -5.80503E-05  0.00000E+00  0.00000E+00  6.38970E-03
   548  2.77798E+00 -6.72705E-02 -6.72177E-02 -5.27877E-05  0.00000E+00  0.00000E+00  5.69312E-03
   549  2.83501E+00 -6.09765E-02 -6.09286E-02 -4.79123E-05  0.00000E+00  0.00000E+00  5.06334E-03
   550  2.89300E+00 -5.51790E-02 -5.51356E-02 -4.34057E-05  0.00000E+00  0.00000E+00  4.49514E-03
   551  2.95195E+00 -4.98487E-02 -4.98095E-02 -3.92495E-05  0.00000E+00  0.00000E+00  3.98353E-03
   552  3.01188E+00 -4.49572E-02 -4.49218E-02 -3.54248E-05  0.00000E+00  0.00000E+00  3.52381E-03
   553  3.07279E+00 -4.04768E-02 -4.04449E-02 -3.19131E-05  0.00000E+00  0.00000E+00  3.11155E-03
   554  3.13470E+00 -3.63807E-02 -3.63520E-02 -2.86958E-05  0.00000E+00  0.00000E+00  2.74261E-03
   555  3.19760E+00 -3.26429E-02 -3.26172E-02 -2.57547E-05  0.00000E+00  0.00000E+00  2.41308E-03
   556  3.26152E+00 -2.92386E-02 -2.92156E-02 -2.30719E-05  0.00000E+00  0.00000E+00  2.11935E-03
   557  3.32645E+00 -2.61440E-02 -2.61234E-02 -2.06299E-05  0.00000E+00  0.00000E+00  1.85805E-03
   558  3.39240E+00 -2.33362E-02 -2.33178E-02 -1.84121E-05  0.00000E+00  0.00000E+00  1.62605E-03
   559  3.45939E+00 -2.07934E-02 -2.07770E-02 -1.64021E-05  0.00000E+00  0.00000E+00  1.42049E-03
   560  3.52742E+00 -1.84952E-02 -1.84806E-02 -1.45842E-05  0.00000E+00  0.00000E+00  1.23869E-03
   561  3.59650E+00 -1.64219E-02 -1.64090E-02 -1.29437E-05  0.00000E+00  0.00000E+00  1.07824E-03
   562  3.66663E+00 -1.45552E-02 -1.45437E-02 -1.14664E-05  0.00000E+00  0.00000E+00  9.36908E-04
   563  3.73782E+00 -1.28777E-02 -1.28676E-02 -1.01388E-05  0.00000E+00  0.00000E+00  8.12649E-04
   564  3.81008E+00 -1.13731E-02 -1.13642E-02 -8.94816E-06  0.00000E+00  0.00000E+00  7.03616E-04
   565  3.88342E+00 -1.00263E-02 -1.00184E-02 -7.88269E-06  0.00000E+00  0.00000E+00  6.08130E-04
   566  3.95784E+00 -8.82305E-03 -8.81612E-03 -6.93118E-06  0.00000E+00  0.00000E+00  5.24669E-04
   567  4.03335E+00 -7.75012E-03 -7.74404E-03 -6.08319E-06  0.00000E+00  0.00000E+00  4.51858E-04
   568  4.10995E+00 -6.79528E-03 -6.78995E-03 -5.32902E-06  0.00000E+00  0.00000E+00  3.88461E-04
   569  4.18765E+00 -5.94720E-03 -5.94254E-03 -4.65966E-06  0.00000E+00  0.00000E+00  3.33365E-04
   570  4.26645E+00 -5.19542E-03 -5.19135E-03 -4.06680E-06  0.00000E+00  0.00000E+00  2.85576E-04
   571  4.34637E+00 -4.53031E-03 -4.52677E-03 -3.54277E-06  0.00000E+00  0.00000E+00  2.44204E-04
   572  4.42741E+00 -3.94305E-03 -3.93997E-03 -3.08052E-06  0.00000E+00  0.00000E+00  2.08454E-04
   573  4.50956E+00 -3.42554E-03 -3.42287E-03 -2.67359E-06  0.00000E+00  0.00000E+00  1.77622E-04
   574  4.59284E+00 -2.97041E-03 -2.96810E-03 -2.31610E-06  0.00000E+00  0.00000E+00  1.51081E-04
   575  4.67726E+00 -2.57094E-03 -2.56894E-03 -2.00266E-06  0.00000E+00  0.00000E+00  1.28278E-04
   576  4.76280E+00 -2.22101E-03 -2.21928E-03 -1.72841E-06  0.00000E+00  0.00000E+00  1.08722E-04
   577  4.84949E+00 -1.91510E-03 -1.91361E-03 -1.48892E-06  0.00000E+00  0.00000E+00  9.19839E-05
   578  4.93732E+00 -1.64819E-03 -1.64691E-03 -1.28022E-06  0.00000E+00  0.00000E+00  7.76837E-05
   579  5.02629E+00 -1.41579E-03 -1.41470E-03 -1.09871E-06  0.00000E+00  0.00000E+00  6.54895E-05
   580  5.11642E+00 -1.21385E-03 -1.21291E-03 -9.41168E-07  0.00000E+00  0.00000E+00  5.51107E-05
   581  5.20770E+00 -1.03872E-03 -1.03791E-03 -8.04698E-07  0.00000E+00  0.00000E+00  4.62938E-05
   582  5.30014E+00 -8.87147E-04 -8.86461E-04 -6.86722E-07  0.00000E+00  0.00000E+00  3.88176E-05
   583  5.39373E+00 -7.56236E-04 -7.55651E-04 -5.84937E-07  0.00000E+00  0.00000E+00  3.24904E-05
   584  5.48849E+00 -6.43397E-04 -6.42899E-04 -4.97296E-07  0.00000E+00  0.00000E+00  2.71455E-05
   585  5.58441E+00 -5.46333E-04 -5.45911E-04 -4.21986E-07  0.00000E+00  0.00000E+00  2.26390E-05
   586  5.68150E+00 -4.63010E-04 -4.62653E-04 -3.57402E-07  0.00000E+00  0.00000E+00  1.88464E-05
   587  5.77975E+00 -3.91630E-04 -3.91328E-04 -3.02126E-07  0.00000E+00  0.00000E+00  1.56608E-05
   588  5.87918E+00 -3.30605E-04 -3.30350E-04 -2.54912E-07  0.00000E+00  0.00000E+00  1.29900E-05
   589  5.97977E+00 -2.78542E-04 -2.78327E-04 -2.14666E-07  0.00000E+00  0.00000E+00  1.07551E-05
   590  6.08154E+00 -2.34215E-04 -2.34034E-04 -1.80427E-07  0.00000E+00  0.00000E+00  8.88841E-06
   591  6.18448E+00 -1.96553E-04 -1.96402E-04 -1.51358E-07  0.00000E+00  0.00000E+00  7.33228E-06
   592  6.28859E+00 -1.64621E-04 -1.64495E-04 -1.26728E-07  0.00000E+00  0.00000E+00  6.03748E-06
   593  6.39388E+00 -1.37603E-04 -1.37497E-04 -1.05902E-07  0.00000E+00  0.00000E+00  4.96219E-06
   594  6.50035E+00 -1.14791E-04 -1.14702E-04 -8.83263E-08  0.00000E+00  0.00000E+00  4.07089E-06
   595  6.60798E+00 -9.55689E-05 -9.54954E-05 -7.35249E-08  0.00000E+00  0.00000E+00  3.33350E-06
   596  6.71680E+00 -7.94069E-05 -7.93459E-05 -6.10848E-08  0.00000E+00  0.00000E+00  2.72462E-06
   597  6.82678E+00 -6.58460E-05 -6.57954E-05 -5.06506E-08  0.00000E+00  0.00000E+00  2.22282E-06
   598  6.93795E+00 -5.44915E-05 -5.44496E-05 -4.19167E-08  0.00000E+00  0.00000E+00  1.81005E-06
   599  7.05028E+00 -4.50043E-05 -4.49697E-05 -3.46209E-08  0.00000E+00  0.00000E+00  1.47119E-06
   600  7.16379E+00 -3.70941E-05 -3.70655E-05 -2.85389E-08  0.00000E+00  0.00000E+00  1.19352E-06
   601  7.27846E+00 -3.05126E-05 -3.04891E-05 -2.34790E-08  0.00000E+00  0.00000E+00  9.66442E-07
   602  7.39431E+00 -2.50481E-05 -2.50289E-05 -1.92782E-08  0.00000E+00  0.00000E+00  7.81096E-07
   603  7.51132E+00 -2.05208E-05 -2.05050E-05 -1.57978E-08  0.00000E+00  0.00000E+00  6.30107E-07
   604  7.62950E+00 -1.67778E-05 -1.67649E-05 -1.29201E-08  0.00000E+00  0.00000E+00  5.07346E-07
   605  7.74885E+00 -1.36897E-05 -1.36792E-05 -1.05457E-08  0.00000E+00  0.00000E+00  4.07729E-07
   606  7.86936E+00 -1.11474E-05 -1.11389E-05 -8.59053E-09  0.00000E+00  0.00000E+00  3.27051E-07
   607  7.99103E+00 -9.05890E-06 -9.05192E-06 -6.98399E-09  0.00000E+00  0.00000E+00  2.61840E-07
   608  8.11385E+00 -7.34676E-06 -7.34109E-06 -5.66661E-09  0.00000E+00  0.00000E+00  2.09234E-07
   609  8.23783E+00 -5.94614E-06 -5.94156E-06 -4.58857E-09  0.00000E+00  0.00000E+00  1.66878E-07
   610  8.36296E+00 -4.80281E-06 -4.79910E-06 -3.70823E-09  0.00000E+00  0.00000E+00  1.32844E-07
   611  8.48924E+00 -3.87147E-06 -3.86848E-06 -2.99082E-09  0.00000E+00  0.00000E+00  1.05550E-07
   612  8.61667E+00 -3.11442E-06 -3.11201E-06 -2.40740E-09  0.00000E+00  0.00000E+00  8.37036E-08
   613  8.74524E+00 -2.50034E-06 -2.49841E-06 -1.93393E-09  0.00000E+00  0.00000E+00  6.62527E-08
   614  8.87495E+00 -2.00330E-06 -2.00175E-06 -1.55048E-09  0.00000E+00  0.00000E+00  5.23402E-08
   615  9.00580E+00 -1.60182E-06 -1.60058E-06 -1.24058E-09  0.00000E+00  0.00000E+00  4.12704E-08
   616  9.13778E+00 -1.27823E-06 -1.27724E-06 -9.90649E-10  0.00000E+00  0.00000E+00  3.24799E-08
   617  9.27089E+00 -1.01796E-06 -1.01717E-06 -7.89495E-10  0.00000E+00  0.00000E+00  2.55131E-08
   618  9.40512E+00 -8.09052E-07 -8.08424E-07 -6.27936E-10  0.00000E+00  0.00000E+00  2.00026E-08
   619  9.54047E+00 -6.41732E-07 -6.41234E-07 -4.98446E-10  0.00000E+00  0.00000E+00  1.56525E-08
   620  9.67694E+00 -5.07999E-07 -5.07604E-07 -3.94874E-10  0.00000E+00  0.00000E+00  1.22252E-08
   621  9.81451E+00 -4.01333E-07 -4.01020E-07 -3.12204E-10  0.00000E+00  0.00000E+00  9.53028E-09
   622  9.95320E+00 -3.16433E-07 -3.16186E-07 -2.46354E-10  0.00000E+00  0.00000E+00  7.41537E-09
   623  1.00930E+01 -2.48998E-07 -2.48804E-07 -1.94010E-10  0.00000E+00  0.00000E+00  5.75889E-09
   624  1.02339E+01 -1.95547E-07 -1.95394E-07 -1.52487E-10  0.00000E+00  0.00000E+00  4.46403E-09
   625  1.03759E+01 -1.53267E-07 -1.53147E-07 -1.19615E-10  0.00000E+00  0.00000E+00  3.45380E-09
   626  1.05189E+01 -1.19892E-07 -1.19799E-07 -9.36458E-11  0.00000E+00  0.00000E+00  2.66718E-09
   627  1.06631E+01 -9.36013E-08 -9.35281E-08 -7.31714E-11  0.00000E+00  0.00000E+00  2.05586E-09
   628  1.08083E+01 -7.29329E-08 -7.28758E-08 -5.70622E-11  0.00000E+00  0.00000E+00  1.58171E-09
   629  1.09546E+01 -5.67178E-08 -5.66733E-08 -4.44131E-11  0.00000E+00  0.00000E+00  1.21464E-09
   630  1.11020E+01 -4.40222E-08 -4.39877E-08 -3.45010E-11  0.00000E+00  0.00000E+00  9.31036E-10
   631  1.12504E+01 -3.41024E-08 -3.40757E-08 -2.67494E-11  0.00000E+00  0.00000E+00  7.12329E-10
   632  1.13999E+01 -2.63671E-08 -2.63464E-08 -2.06995E-11  0.00000E+00  0.00000E+00  5.43994E-10
   633  1.15504E+01 -2.03473E-08 -2.03313E-08 -1.59872E-11  0.00000E+00  0.00000E+00  4.14677E-10
   634  1.17020E+01 -1.56719E-08 -1.56596E-08 -1.23242E-11  0.00000E+00  0.00000E+00  3.15524E-10
   635  1.18546E+01 -1.20479E-08 -1.20385E-08 -9.48235E-12  0.00000E+00  0.00000E+00  2.39642E-10
   636  1.20083E+01 -9.24445E-09 -9.23717E-09 -7.28203E-12  0.00000E+00  0.00000E+00  1.81680E-10
   637  1.21630E+01 -7.07998E-09 -7.07439E-09 -5.58173E-12  0.00000E+00  0.00000E+00  1.37488E-10
   638  1.23187E+01 -5.41213E-09 -5.40786E-09 -4.27042E-12  0.00000E+00  0.00000E+00  1.03858E-10
   639  1.24754E+01 -4.12948E-09 -4.12622E-09 -3.26108E-12  0.00000E+00  0.00000E+00  7.83143E-11
   640  1.26332E+01 -3.14497E-09 -3.14249E-09 -2.48567E-12  0.00000E+00  0.00000E+00  5.89478E-11
   641  1.27919E+01 -2.39077E-09 -2.38887E-09 -1.89114E-12  0.00000E+00  0.00000E+00  4.42918E-11
   642  1.29516E+01 -1.81409E-09 -1.81266E-09 -1.43616E-12  0.00000E+00  0.00000E+00  3.32210E-11
   643  1.31124E+01 -1.37401E-09 -1.37292E-09 -1.08865E-12  0.00000E+00  0.00000E+00  2.48737E-11
   644  1.32741E+01 -1.03880E-09 -1.03797E-09 -8.23720E-13  0.00000E+00  0.00000E+00  1.85913E-11
   645  1.34368E+01 -7.83947E-10 -7.83325E-10 -6.22136E-13  0.00000E+00  0.00000E+00  1.38716E-11
   646  1.36005E+01 -5.90559E-10 -5.90090E-10 -4.69039E-13  0.00000E+00  0.00000E+00  1.03321E-11
   647  1.37651E+01 -4.44083E-10 -4.43730E-10 -3.52983E-13  0.00000E+00  0.00000E+00  7.68263E-12
   648  1.39307E+01 -3.33346E-10 -3.33081E-10 -2.65171E-13  0.00000E+00  0.00000E+00  5.70280E-12
   649  1.40973E+01 -2.49781E-10 -2.49583E-10 -1.98851E-13  0.00000E+00  0.00000E+00  4.22599E-12
   650  1.42648E+01 -1.86837E-10 -1.86688E-10 -1.48856E-13  0.00000E+00  0.00000E+00  3.12634E-12
   651  1.44332E+01 -1.39511E-10 -1.39400E-10 -1.11235E-13  0.00000E+00  0.00000E+00  2.30895E-12
   652  1.46026E+01 -1.03992E-10 -1.03909E-10 -8.29784E-14  0.00000E+00  0.00000E+00  1.70243E-12
   653  1.47729E+01 -7.73831E-11 -7.73213E-11 -6.17925E-14  0.00000E+00  0.00000E+00  1.25316E-12
   654  1.49441E+01 -5.74835E-11 -5.74376E-11 -4.59369E-14  0.00000E+00  0.00000E+00  9.20929E-13
   655  1.51163E+01 -4.26294E-11 -4.25953E-11 -3.40914E-14  0.00000E+00  0.00000E+00  6.75671E-13
   656  1.52894E+01 -3.15591E-11 -3.15339E-11 -2.52577E-14  0.00000E+00  0.00000E+00  4.94925E-13
   657  1.54633E+01 -2.33254E-11 -2.33067E-11 -1.86814E-14  0.00000E+00  0.00000E+00  3.61944E-13
   658  1.56382E+01 -1.72107E-11 -1.71969E-11 -1.37943E-14  0.00000E+00  0.00000E+00  2.64270E-13
   659  1.58140E+01 -1.26783E-11 -1.26681E-11 -1.01687E-14  0.00000E+00  0.00000E+00  1.92647E-13
   660  1.59906E+01 -9.32359E-12 -9.31610E-12 -7.48371E-15  0.00000E+00  0.00000E+00  1.40213E-13
   661  1.61681E+01 -6.84536E-12 -6.83986E-12 -5.49864E-15  0.00000E+00  0.00000E+00  1.01890E-13
   662  1.63465E+01 -5.01691E-12 -5.01288E-12 -4.03354E-15  0.00000E+00  0.00000E+00  7.39259E-14
   663  1.65258E+01 -3.67113E-12 -3.66818E-12 -2.95404E-15  0.00000E+00  0.00000E+00  5.35537E-14
   664  1.67059E+01 -2.68268E-12 -2.68052E-12 -2.15997E-15  0.00000E+00  0.00000E+00  3.87358E-14
   665  1.68869E+01 -1.95646E-12 -1.95488E-12 -1.57683E-15  0.00000E+00  0.00000E+00  2.79751E-14
   666  1.70687E+01 -1.42401E-12 -1.42286E-12 -1.14931E-15  0.00000E+00  0.00000E+00  2.01731E-14
   667  1.72514E+01 -1.03468E-12 -1.03384E-12 -8.36385E-16  0.00000E+00  0.00000E+00  1.45251E-14
   668  1.74348E+01 -7.50230E-13 -7.49623E-13 -6.07711E-16  0.00000E+00  0.00000E+00  1.04427E-14
   669  1.76192E+01 -5.43118E-13 -5.42677E-13 -4.40875E-16  0.00000E+00  0.00000E+00  7.49661E-15
   670  1.78043E+01 -3.92006E-13 -3.91687E-13 -3.19349E-16  0.00000E+00  0.00000E+00  5.37373E-15
   671  1.79903E+01 -2.82672E-13 -2.82441E-13 -2.30969E-16  0.00000E+00  0.00000E+00  3.84637E-15
   672  1.81770E+01 -2.02671E-13 -2.02505E-13 -1.66795E-16  0.00000E+00  0.00000E+00  2.74913E-15
   673  1.83646E+01 -1.45782E-13 -1.45661E-13 -1.20271E-16  0.00000E+00  0.00000E+00  1.96206E-15
   674  1.85530E+01 -1.04003E-13 -1.03917E-13 -8.65941E-17  0.00000E+00  0.00000E+00  1.39833E-15
   675  1.87422E+01 -6.22548E-17 -0.00000E+00 -6.22548E-17  0.00000E+00  0.00000E+00  9.95151E-16
   676  1.87422E+01 -0.00000E+00 -0.00000E+00  0.00000E+00  0.00000E+00  0.00000E+00  0.00000E+00
   677  3.74843E+01 -0.00000E+00 -0.00000E+00  0.00000E+00  0.00000E+00  0.00000E+00  0.00000E+00
   678  7.49686E+01 -0.00000E+00 -0.00000E+00  0.00000E+00  0.00000E+00  0.00000E+00  0.00000E+00
   679  1.49937E+02 -0.00000E+00 -0.00000E+00  0.00000E+00  0.00000E+00  0.00000E+00  0.00000E+00
   680  2.99874E+02 -0.00000E+00 -0.00000E+00  0.00000E+00  0.00000E+00  0.00000E+00  0.00000E+00
   681  5.99749E+02 -0.00000E+00 -0.00000E+00  0.00000E+00  0.00000E+00  0.00000E+00  0.00000E+00
   682  1.19950E+03 -0.00000E+00 -0.00000E+00  0.00000E+00  0.00000E+00  0.00000E+00  0.00000E+00
   683  2.39900E+03 -0.00000E+00 -0.00000E+00  0.00000E+00  0.00000E+00  0.00000E+00  0.00000E+00
   684  4.79799E+03 -0.00000E+00 -0.00000E+00  0.00000E+00  0.00000E+00  0.00000E+00  0.00000E+00
   685  9.59598E+03 -0.00000E+00 -0.00000E+00  0.00000E+00  0.00000E+00  0.00000E+00  0.00000E+00
   686  1.91920E+04 -0.00000E+00 -0.00000E+00  0.00000E+00  0.00000E+00  0.00000E+00  0.00000E+00
