

  **** PARTIAL WAVE ANALYSIS (DPWA0) ******************************************


  KINETIC ENERGY = 2.50000E+04 eV

      L       PHASE(SPIN UP)     PHASE(SPIN DOWN)
  -----------------------------------------------
       0     -6.53219355E-01      0.00000000E+00
       1      1.00890241E+00      1.32063338E+00
       2      1.05751292E-01      1.96012426E-01
       3     -5.05718009E-01     -4.61356047E-01
       4     -9.43258360E-01     -9.16289506E-01
       5     -1.27138625E+00     -1.25298726E+00
       6     -1.52610608E+00     -1.51265326E+00
       7      1.41246744E+00      1.42278086E+00
       8      1.24687700E+00      1.25507381E+00
       9      1.10902521E+00      1.11572464E+00
      10      9.92335385E-01      9.97926617E-01
      11      8.92333108E-01      8.97069335E-01
      12      8.05902471E-01      8.09956016E-01
      13      7.30772134E-01      7.34266950E-01
      14      6.65190520E-01      6.68220878E-01
      15      6.07737280E-01      6.10378191E-01
      16      5.57221131E-01      5.59534074E-01
      17      5.12626313E-01      5.14662451E-01
      18      4.73083310E-01      4.74885443E-01
      19      4.37850169E-01      4.39454084E-01
      20      4.06297751E-01      4.07733279E-01
      21      3.77896249E-01      3.79188160E-01
      22      3.52202216E-01      3.53371012E-01
      23      3.28846200E-01      3.29908814E-01
      24      3.07521240E-01      3.08491654E-01
      25      2.87972498E-01      2.88862265E-01
      26      2.69988133E-01      2.70806832E-01
      27      2.53391480E-01      2.54147088E-01
      28      2.38034460E-01      2.38733661E-01
      29      2.23792119E-01      2.24440559E-01
      30      2.10558174E-01      2.11160661E-01
      31      1.98241401E-01      1.98802070E-01
      32      1.86762759E-01      1.87285201E-01
      33      1.76053096E-01      1.76540458E-01
      34      1.66051342E-01      1.66506408E-01
      35      1.56703083E-01      1.57128340E-01
      36      1.47959448E-01      1.48357131E-01
      37      1.39776234E-01      1.40148366E-01
      38      1.32113216E-01      1.32461640E-01
      39      1.24933603E-01      1.25260004E-01
      40      1.18203606E-01      1.18509532E-01
      41      1.11892092E-01      1.12178970E-01
      42      1.05970302E-01      1.06239448E-01
      43      1.00411618E-01      1.00664249E-01
      44      9.51913665E-02      9.54286112E-02
      45      9.02866546E-02      9.05095588E-02
      46      8.56762257E-02      8.58857598E-02
      47      8.13403329E-02      8.15373976E-02
      48      7.72606263E-02      7.74460581E-02
      49      7.34200512E-02      7.35946268E-02
      50      6.98027550E-02      6.99671959E-02
      51      6.63940025E-02      6.65489790E-02
      52      6.31800966E-02      6.33262314E-02
      53      6.01483054E-02      6.02861769E-02
      54      5.72867943E-02      5.74169399E-02
      55      5.45845621E-02      5.47074811E-02
      56      5.20313821E-02      5.21475386E-02
      57      4.96177470E-02      4.97275722E-02
      58      4.73348171E-02      4.74387117E-02
      59      4.51743719E-02      4.52727086E-02
      60      4.31287660E-02      4.32218913E-02
      61      4.11908867E-02      4.12791229E-02
      62      3.93541153E-02      3.94377622E-02
      63      3.76122911E-02      3.76916279E-02
      64      3.59596777E-02      3.60349642E-02
      65      3.43909317E-02      3.44624100E-02
      66      3.29010744E-02      3.29689699E-02
      67      3.14854640E-02      3.15499870E-02
      68      3.01397718E-02      3.02011184E-02
      69      2.88599586E-02      2.89183118E-02
      70      2.76422539E-02      2.76977844E-02
      71      2.64831358E-02      2.65360033E-02
      72      2.53793134E-02      2.54296669E-02
      73      2.43277094E-02      2.43756885E-02
      74      2.33254454E-02      2.33711804E-02
      75      2.23698268E-02      2.24134399E-02
      76      2.14583300E-02      2.14999357E-02
      77      2.05885902E-02      2.06282957E-02
      78      1.97583902E-02      1.97962960E-02
      79      1.89656495E-02      1.90018500E-02
      80      1.82084155E-02      1.82429993E-02
      81      1.74848538E-02      1.75179041E-02
      82      1.67932406E-02      1.68248357E-02
      83      1.61319547E-02      1.61621682E-02
      84      1.54994708E-02      1.55283719E-02
      85      1.48943529E-02      1.49220069E-02
      86      1.43152482E-02      1.43417164E-02
      87      1.37608816E-02      1.37862221E-02
      88      1.32300508E-02      1.32543181E-02
      89      1.27216211E-02      1.27448668E-02
      90      1.22345213E-02      1.22567941E-02
      91      1.17677396E-02      1.17890856E-02
      92      1.13203197E-02      1.13407823E-02
      93      1.08913573E-02      1.09109776E-02
      94      1.04799967E-02      1.04988137E-02
      95      1.00854283E-02      1.01034788E-02  i
      96      9.70688499E-03      9.72420392E-03  i
      97      9.34364011E-03      9.36026055E-03  i
      98      8.99500477E-03      9.01095808E-03  i
      99      8.66032568E-03      8.67564160E-03  i
     100      8.33898290E-03      8.35368967E-03  i
     105      6.91271870E-03      6.92475607E-03  i
     110      5.74298548E-03      5.75287673E-03  i
     115      4.78014065E-03      4.78829591E-03  i
     120      3.98510433E-03      3.99184782E-03  i
     125      3.32685652E-03      3.33244662E-03  i
     130      2.78059406E-03      2.78523804E-03  i
     135      2.32635619E-03      2.33022135E-03  i
     140      1.94798743E-03      1.95120953E-03  i
     145      1.63234637E-03      1.63503612E-03  i
     150      1.36869609E-03      1.37094410E-03  i
     155      1.14823006E-03      1.15011081E-03  i
     160      9.63700380E-04      9.65275236E-04  i
     165      8.09124050E-04      8.10443756E-04  i
     170      6.79549185E-04      6.80655786E-04  i
     175      5.70867907E-04      5.71796317E-04  i
     180      4.79665596E-04      4.80444868E-04  i
     185      4.03098888E-04      4.03753230E-04  i
     190      3.38796487E-04      3.39346104E-04  i
     195      2.84778137E-04      2.85239911E-04  i
     200      2.39388206E-04      2.39776261E-04  i
     205      2.01241089E-04      2.01567249E-04  i
     210      1.69176158E-04      1.69450333E-04  i
     215      1.42220503E-04      1.42451002E-04  i
     220      1.19558046E-04      1.19751840E-04  i
     225      1.00503883E-04      1.00666825E-04  i
     230      8.44829378E-05      8.46199425E-05  i
     235      7.10121574E-05      7.11273541E-05  i
     240      5.96856546E-05      5.97825136E-05  i
     245      5.01622881E-05      5.02437262E-05  i
     250      4.21552710E-05      4.22237407E-05  i
     255      3.54234680E-05      3.54810316E-05  i
     260      2.97641004E-05      2.98124921E-05  i
     265      2.50066273E-05      2.50473057E-05  i
     270      2.10076094E-05      2.10418013E-05  i
     275      1.76463965E-05      1.76751339E-05  i
     280      1.48215043E-05      1.48456552E-05  i
     285      1.24475694E-05      1.24678640E-05  i
     290      1.04527893E-05      1.04698417E-05  i
     295      8.77676975E-06      8.79109654E-06  i
     300      7.36871443E-06      7.38075001E-06  i
     310      5.19240398E-06      5.20089514E-06  i
     320      3.65731004E-06      3.66329810E-06  i
     330      2.57497085E-06      2.57919185E-06  i
     340      1.81218181E-06      1.81515592E-06  i
     350      1.27483109E-06      1.27692573E-06  i
     360      8.96454395E-07      8.97929022E-07  i
     370      6.30132030E-07      6.31169723E-07  i
     380      4.42758237E-07      4.43488160E-07  i
     390      3.10983536E-07      3.11496765E-07  i
     400      2.18347356E-07      2.18708065E-07  i
     410      1.53250637E-07      1.53504085E-07  i
     420      1.07523794E-07      1.07701780E-07  i
     430      7.54151771E-08      7.55401230E-08  i
     440      5.28772679E-08      5.29649680E-08  i
     450      3.70628297E-08      3.71243368E-08  i
     460      2.59698518E-08      2.60130009E-08  i
     470      1.81917867E-08      1.82220369E-08  i
     480      1.27392945E-08      1.27604840E-08  i
     490      8.91833114E-09      8.93317272E-09  i
     500      6.24161197E-09      6.25201799E-09  i
     510      4.36690776E-09      4.37418991E-09  i
     520      3.05444015E-09      3.05954290E-09  i
     530      2.13572791E-09      2.13928902E-09  i
     540      1.49314603E-09      1.49564802E-09  i
     550      1.04341800E-09      1.04515992E-09  i


  *** SCATTERING AMPLITUDES AND DIFFERENTIAL CROSS SECTION ***

    ANGLE      DCS       ASYMMETRY    DIRECT AMPLITUDE       SPIN-FLIP AMPLITUDE     ERROR
    (deg)   (cm**2/sr)                      (cm)                    (cm)
  -------------------------------------------------------------------------------------------
  0.000E+00 8.79517E-15  0.000E+00 ( 8.808E-08, 3.220E-08) ( 0.000E+00, 0.000E+00)  1.00E-07
  1.000E-04 8.79517E-15  1.305E-09 ( 8.808E-08, 3.220E-08) ( 3.563E-15, 1.368E-15)  1.00E-07
  1.250E-04 8.79517E-15  1.632E-09 ( 8.808E-08, 3.220E-08) ( 4.454E-15, 1.709E-15)  1.00E-07
  1.500E-04 8.79517E-15  1.958E-09 ( 8.808E-08, 3.220E-08) ( 5.344E-15, 2.051E-15)  1.00E-07
  1.750E-04 8.79517E-15  2.284E-09 ( 8.808E-08, 3.220E-08) ( 6.235E-15, 2.393E-15)  1.00E-07
  2.000E-04 8.79517E-15  2.611E-09 ( 8.808E-08, 3.220E-08) ( 7.126E-15, 2.735E-15)  1.00E-07
  2.250E-04 8.79517E-15  2.937E-09 ( 8.808E-08, 3.220E-08) ( 8.017E-15, 3.077E-15)  1.00E-07
  2.500E-04 8.79517E-15  3.263E-09 ( 8.808E-08, 3.220E-08) ( 8.907E-15, 3.419E-15)  1.00E-07
  2.750E-04 8.79517E-15  3.590E-09 ( 8.808E-08, 3.220E-08) ( 9.798E-15, 3.761E-15)  1.00E-07
  3.000E-04 8.79517E-15  3.916E-09 ( 8.808E-08, 3.220E-08) ( 1.069E-14, 4.103E-15)  1.00E-07
  3.250E-04 8.79517E-15  4.242E-09 ( 8.808E-08, 3.220E-08) ( 1.158E-14, 4.444E-15)  1.00E-07
  3.500E-04 8.79517E-15  4.569E-09 ( 8.808E-08, 3.220E-08) ( 1.247E-14, 4.786E-15)  1.00E-07
  3.750E-04 8.79517E-15  4.895E-09 ( 8.808E-08, 3.220E-08) ( 1.336E-14, 5.128E-15)  1.00E-07
  4.000E-04 8.79517E-15  5.221E-09 ( 8.808E-08, 3.220E-08) ( 1.425E-14, 5.470E-15)  1.00E-07
  4.250E-04 8.79517E-15  5.548E-09 ( 8.808E-08, 3.220E-08) ( 1.514E-14, 5.812E-15)  1.00E-07
  4.500E-04 8.79517E-15  5.874E-09 ( 8.808E-08, 3.220E-08) ( 1.603E-14, 6.154E-15)  1.00E-07
  4.750E-04 8.79517E-15  6.200E-09 ( 8.808E-08, 3.220E-08) ( 1.692E-14, 6.496E-15)  1.00E-07
  5.000E-04 8.79517E-15  6.526E-09 ( 8.808E-08, 3.220E-08) ( 1.781E-14, 6.838E-15)  1.00E-07
  5.250E-04 8.79517E-15  6.853E-09 ( 8.808E-08, 3.220E-08) ( 1.871E-14, 7.180E-15)  1.00E-07
  5.500E-04 8.79517E-15  7.179E-09 ( 8.808E-08, 3.220E-08) ( 1.960E-14, 7.521E-15)  1.00E-07
  5.750E-04 8.79517E-15  7.505E-09 ( 8.808E-08, 3.220E-08) ( 2.049E-14, 7.863E-15)  1.00E-07
  6.000E-04 8.79517E-15  7.832E-09 ( 8.808E-08, 3.220E-08) ( 2.138E-14, 8.205E-15)  1.00E-07
  6.250E-04 8.79517E-15  8.158E-09 ( 8.808E-08, 3.220E-08) ( 2.227E-14, 8.547E-15)  1.00E-07
  6.500E-04 8.79517E-15  8.484E-09 ( 8.808E-08, 3.220E-08) ( 2.316E-14, 8.889E-15)  1.00E-07
  6.750E-04 8.79517E-15  8.811E-09 ( 8.808E-08, 3.220E-08) ( 2.405E-14, 9.231E-15)  1.00E-07
  7.000E-04 8.79517E-15  9.137E-09 ( 8.808E-08, 3.220E-08) ( 2.494E-14, 9.573E-15)  1.00E-07
  7.250E-04 8.79517E-15  9.463E-09 ( 8.808E-08, 3.220E-08) ( 2.583E-14, 9.915E-15)  1.00E-07
  7.500E-04 8.79517E-15  9.790E-09 ( 8.808E-08, 3.220E-08) ( 2.672E-14, 1.026E-14)  1.00E-07
  7.750E-04 8.79517E-15  1.012E-08 ( 8.808E-08, 3.220E-08) ( 2.761E-14, 1.060E-14)  1.00E-07
  8.000E-04 8.79517E-15  1.044E-08 ( 8.808E-08, 3.220E-08) ( 2.850E-14, 1.094E-14)  1.00E-07
  8.250E-04 8.79517E-15  1.077E-08 ( 8.808E-08, 3.220E-08) ( 2.939E-14, 1.128E-14)  1.00E-07
  8.500E-04 8.79517E-15  1.110E-08 ( 8.808E-08, 3.220E-08) ( 3.029E-14, 1.162E-14)  1.00E-07
  8.750E-04 8.79517E-15  1.142E-08 ( 8.808E-08, 3.220E-08) ( 3.118E-14, 1.197E-14)  1.00E-07
  9.000E-04 8.79517E-15  1.175E-08 ( 8.808E-08, 3.220E-08) ( 3.207E-14, 1.231E-14)  1.00E-07
  9.250E-04 8.79517E-15  1.207E-08 ( 8.808E-08, 3.220E-08) ( 3.296E-14, 1.265E-14)  1.00E-07
  9.500E-04 8.79517E-15  1.240E-08 ( 8.808E-08, 3.220E-08) ( 3.385E-14, 1.299E-14)  1.00E-07
  9.750E-04 8.79517E-15  1.273E-08 ( 8.808E-08, 3.220E-08) ( 3.474E-14, 1.333E-14)  1.00E-07
  1.000E-03 8.79517E-15  1.305E-08 ( 8.808E-08, 3.220E-08) ( 3.563E-14, 1.368E-14)  1.00E-07
  1.250E-03 8.79517E-15  1.632E-08 ( 8.808E-08, 3.220E-08) ( 4.454E-14, 1.709E-14)  1.00E-07
  1.500E-03 8.79516E-15  1.958E-08 ( 8.808E-08, 3.220E-08) ( 5.344E-14, 2.051E-14)  1.00E-07
  1.750E-03 8.79516E-15  2.284E-08 ( 8.808E-08, 3.220E-08) ( 6.235E-14, 2.393E-14)  1.00E-07
  2.000E-03 8.79516E-15  2.611E-08 ( 8.808E-08, 3.220E-08) ( 7.126E-14, 2.735E-14)  1.00E-07
  2.250E-03 8.79515E-15  2.937E-08 ( 8.808E-08, 3.220E-08) ( 8.017E-14, 3.077E-14)  1.00E-07
  2.500E-03 8.79515E-15  3.263E-08 ( 8.808E-08, 3.220E-08) ( 8.907E-14, 3.419E-14)  1.00E-07
  2.750E-03 8.79514E-15  3.590E-08 ( 8.808E-08, 3.220E-08) ( 9.798E-14, 3.761E-14)  1.00E-07
  3.000E-03 8.79514E-15  3.916E-08 ( 8.808E-08, 3.220E-08) ( 1.069E-13, 4.103E-14)  1.00E-07
  3.250E-03 8.79513E-15  4.242E-08 ( 8.808E-08, 3.220E-08) ( 1.158E-13, 4.444E-14)  1.00E-07
  3.500E-03 8.79512E-15  4.569E-08 ( 8.808E-08, 3.220E-08) ( 1.247E-13, 4.786E-14)  1.00E-07
  3.750E-03 8.79511E-15  4.895E-08 ( 8.808E-08, 3.220E-08) ( 1.336E-13, 5.128E-14)  1.00E-07
  4.000E-03 8.79511E-15  5.221E-08 ( 8.808E-08, 3.220E-08) ( 1.425E-13, 5.470E-14)  1.00E-07
  4.250E-03 8.79510E-15  5.548E-08 ( 8.808E-08, 3.220E-08) ( 1.514E-13, 5.812E-14)  1.00E-07
  4.500E-03 8.79509E-15  5.874E-08 ( 8.808E-08, 3.220E-08) ( 1.603E-13, 6.154E-14)  1.00E-07
  4.750E-03 8.79508E-15  6.200E-08 ( 8.808E-08, 3.220E-08) ( 1.692E-13, 6.496E-14)  1.00E-07
  5.000E-03 8.79507E-15  6.527E-08 ( 8.808E-08, 3.220E-08) ( 1.781E-13, 6.838E-14)  1.00E-07
  5.250E-03 8.79506E-15  6.853E-08 ( 8.808E-08, 3.220E-08) ( 1.871E-13, 7.180E-14)  1.00E-07
  5.500E-03 8.79505E-15  7.179E-08 ( 8.808E-08, 3.220E-08) ( 1.960E-13, 7.521E-14)  1.00E-07
  5.750E-03 8.79504E-15  7.506E-08 ( 8.808E-08, 3.220E-08) ( 2.049E-13, 7.863E-14)  1.00E-07
  6.000E-03 8.79502E-15  7.832E-08 ( 8.808E-08, 3.220E-08) ( 2.138E-13, 8.205E-14)  1.00E-07
  6.250E-03 8.79501E-15  8.158E-08 ( 8.808E-08, 3.220E-08) ( 2.227E-13, 8.547E-14)  1.00E-07
  6.500E-03 8.79500E-15  8.485E-08 ( 8.808E-08, 3.220E-08) ( 2.316E-13, 8.889E-14)  1.00E-07
  6.750E-03 8.79498E-15  8.811E-08 ( 8.808E-08, 3.220E-08) ( 2.405E-13, 9.231E-14)  1.00E-07
  7.000E-03 8.79497E-15  9.137E-08 ( 8.808E-08, 3.220E-08) ( 2.494E-13, 9.573E-14)  1.00E-07
  7.250E-03 8.79495E-15  9.464E-08 ( 8.808E-08, 3.220E-08) ( 2.583E-13, 9.915E-14)  1.00E-07
  7.500E-03 8.79494E-15  9.790E-08 ( 8.808E-08, 3.220E-08) ( 2.672E-13, 1.026E-13)  1.00E-07
  7.750E-03 8.79492E-15  1.012E-07 ( 8.808E-08, 3.220E-08) ( 2.761E-13, 1.060E-13)  1.00E-07
  8.000E-03 8.79491E-15  1.044E-07 ( 8.808E-08, 3.220E-08) ( 2.850E-13, 1.094E-13)  1.00E-07
  8.250E-03 8.79489E-15  1.077E-07 ( 8.808E-08, 3.220E-08) ( 2.939E-13, 1.128E-13)  1.00E-07
  8.500E-03 8.79487E-15  1.110E-07 ( 8.808E-08, 3.220E-08) ( 3.028E-13, 1.162E-13)  1.00E-07
  8.750E-03 8.79485E-15  1.142E-07 ( 8.808E-08, 3.220E-08) ( 3.118E-13, 1.197E-13)  1.00E-07
  9.000E-03 8.79483E-15  1.175E-07 ( 8.808E-08, 3.220E-08) ( 3.207E-13, 1.231E-13)  1.00E-07
  9.250E-03 8.79482E-15  1.207E-07 ( 8.808E-08, 3.220E-08) ( 3.296E-13, 1.265E-13)  1.00E-07
  9.500E-03 8.79480E-15  1.240E-07 ( 8.808E-08, 3.220E-08) ( 3.385E-13, 1.299E-13)  1.00E-07
  9.750E-03 8.79478E-15  1.273E-07 ( 8.808E-08, 3.220E-08) ( 3.474E-13, 1.333E-13)  1.00E-07
  1.000E-02 8.79475E-15  1.305E-07 ( 8.808E-08, 3.220E-08) ( 3.563E-13, 1.368E-13)  1.00E-07
  1.250E-02 8.79452E-15  1.632E-07 ( 8.808E-08, 3.220E-08) ( 4.454E-13, 1.709E-13)  1.00E-07
  1.500E-02 8.79423E-15  1.958E-07 ( 8.808E-08, 3.220E-08) ( 5.344E-13, 2.051E-13)  1.00E-07
  1.750E-02 8.79389E-15  2.284E-07 ( 8.808E-08, 3.220E-08) ( 6.235E-13, 2.393E-13)  1.00E-07
  2.000E-02 8.79350E-15  2.611E-07 ( 8.807E-08, 3.220E-08) ( 7.125E-13, 2.735E-13)  1.00E-07
  2.250E-02 8.79305E-15  2.937E-07 ( 8.807E-08, 3.220E-08) ( 8.016E-13, 3.077E-13)  1.00E-07
  2.500E-02 8.79256E-15  3.264E-07 ( 8.807E-08, 3.220E-08) ( 8.906E-13, 3.419E-13)  1.00E-07
  2.750E-02 8.79201E-15  3.590E-07 ( 8.806E-08, 3.220E-08) ( 9.796E-13, 3.761E-13)  1.00E-07
  3.000E-02 8.79141E-15  3.917E-07 ( 8.806E-08, 3.220E-08) ( 1.069E-12, 4.102E-13)  1.00E-07
  3.250E-02 8.79075E-15  4.243E-07 ( 8.806E-08, 3.220E-08) ( 1.158E-12, 4.444E-13)  1.00E-07
  3.500E-02 8.79005E-15  4.570E-07 ( 8.805E-08, 3.220E-08) ( 1.247E-12, 4.786E-13)  1.00E-07
  3.750E-02 8.78929E-15  4.896E-07 ( 8.805E-08, 3.220E-08) ( 1.336E-12, 5.128E-13)  1.00E-07
  4.000E-02 8.78848E-15  5.223E-07 ( 8.805E-08, 3.219E-08) ( 1.425E-12, 5.470E-13)  1.00E-07
  4.250E-02 8.78762E-15  5.550E-07 ( 8.804E-08, 3.219E-08) ( 1.514E-12, 5.812E-13)  1.00E-07
  4.500E-02 8.78670E-15  5.877E-07 ( 8.804E-08, 3.219E-08) ( 1.602E-12, 6.153E-13)  1.00E-07
  4.750E-02 8.78573E-15  6.203E-07 ( 8.803E-08, 3.219E-08) ( 1.691E-12, 6.495E-13)  1.00E-07
  5.000E-02 8.78472E-15  6.530E-07 ( 8.802E-08, 3.219E-08) ( 1.780E-12, 6.837E-13)  1.00E-07
  5.250E-02 8.78365E-15  6.857E-07 ( 8.802E-08, 3.219E-08) ( 1.869E-12, 7.179E-13)  1.00E-07
  5.500E-02 8.78252E-15  7.184E-07 ( 8.801E-08, 3.219E-08) ( 1.958E-12, 7.521E-13)  1.00E-07
  5.750E-02 8.78135E-15  7.511E-07 ( 8.801E-08, 3.219E-08) ( 2.047E-12, 7.862E-13)  1.00E-07
  6.000E-02 8.78012E-15  7.838E-07 ( 8.800E-08, 3.219E-08) ( 2.136E-12, 8.204E-13)  1.00E-07
  6.250E-02 8.77884E-15  8.166E-07 ( 8.799E-08, 3.219E-08) ( 2.225E-12, 8.546E-13)  1.00E-07
  6.500E-02 8.77751E-15  8.493E-07 ( 8.798E-08, 3.219E-08) ( 2.313E-12, 8.888E-13)  1.00E-07
  6.750E-02 8.77613E-15  8.820E-07 ( 8.798E-08, 3.219E-08) ( 2.402E-12, 9.229E-13)  1.00E-07
  7.000E-02 8.77470E-15  9.148E-07 ( 8.797E-08, 3.219E-08) ( 2.491E-12, 9.571E-13)  1.00E-07
  7.250E-02 8.77321E-15  9.475E-07 ( 8.796E-08, 3.219E-08) ( 2.580E-12, 9.913E-13)  1.00E-07
  7.500E-02 8.77167E-15  9.803E-07 ( 8.795E-08, 3.219E-08) ( 2.668E-12, 1.025E-12)  1.00E-07
  7.750E-02 8.77008E-15  1.013E-06 ( 8.794E-08, 3.219E-08) ( 2.757E-12, 1.060E-12)  1.00E-07
  8.000E-02 8.76844E-15  1.046E-06 ( 8.793E-08, 3.219E-08) ( 2.846E-12, 1.094E-12)  1.00E-07
  8.250E-02 8.76675E-15  1.079E-06 ( 8.792E-08, 3.219E-08) ( 2.934E-12, 1.128E-12)  1.00E-07
  8.500E-02 8.76501E-15  1.111E-06 ( 8.791E-08, 3.219E-08) ( 3.023E-12, 1.162E-12)  1.00E-07
  8.750E-02 8.76321E-15  1.144E-06 ( 8.790E-08, 3.219E-08) ( 3.111E-12, 1.196E-12)  1.00E-07
  9.000E-02 8.76137E-15  1.177E-06 ( 8.789E-08, 3.219E-08) ( 3.200E-12, 1.230E-12)  1.00E-07
  9.250E-02 8.75947E-15  1.210E-06 ( 8.788E-08, 3.219E-08) ( 3.288E-12, 1.265E-12)  1.00E-07
  9.500E-02 8.75752E-15  1.243E-06 ( 8.787E-08, 3.219E-08) ( 3.377E-12, 1.299E-12)  1.00E-07
  9.750E-02 8.75552E-15  1.276E-06 ( 8.786E-08, 3.219E-08) ( 3.465E-12, 1.333E-12)  1.00E-07
  1.000E-01 8.75347E-15  1.308E-06 ( 8.785E-08, 3.219E-08) ( 3.554E-12, 1.367E-12)  1.00E-07
  1.250E-01 8.73015E-15  1.638E-06 ( 8.772E-08, 3.218E-08) ( 4.435E-12, 1.709E-12)  1.00E-07
  1.500E-01 8.70180E-15  1.968E-06 ( 8.756E-08, 3.217E-08) ( 5.313E-12, 2.050E-12)  1.00E-07
  1.750E-01 8.66849E-15  2.301E-06 ( 8.737E-08, 3.216E-08) ( 6.185E-12, 2.391E-12)  1.00E-07
  2.000E-01 8.63032E-15  2.635E-06 ( 8.716E-08, 3.215E-08) ( 7.051E-12, 2.731E-12)  1.00E-07
  2.250E-01 8.58741E-15  2.972E-06 ( 8.692E-08, 3.214E-08) ( 7.910E-12, 3.072E-12)  1.00E-07
  2.500E-01 8.53986E-15  3.311E-06 ( 8.665E-08, 3.213E-08) ( 8.761E-12, 3.412E-12)  1.00E-07
  2.750E-01 8.48783E-15  3.654E-06 ( 8.635E-08, 3.211E-08) ( 9.604E-12, 3.751E-12)  1.00E-07
  3.000E-01 8.43145E-15  3.999E-06 ( 8.603E-08, 3.210E-08) ( 1.044E-11, 4.090E-12)  1.00E-07
  3.250E-01 8.37087E-15  4.348E-06 ( 8.568E-08, 3.208E-08) ( 1.126E-11, 4.429E-12)  1.00E-07
  3.500E-01 8.30627E-15  4.700E-06 ( 8.531E-08, 3.206E-08) ( 1.208E-11, 4.767E-12)  1.00E-07
  3.750E-01 8.23781E-15  5.057E-06 ( 8.492E-08, 3.204E-08) ( 1.288E-11, 5.104E-12)  1.00E-07
  4.000E-01 8.16567E-15  5.418E-06 ( 8.450E-08, 3.202E-08) ( 1.367E-11, 5.441E-12)  1.00E-07
  4.250E-01 8.09004E-15  5.783E-06 ( 8.406E-08, 3.199E-08) ( 1.445E-11, 5.777E-12)  1.00E-07
  4.500E-01 8.01111E-15  6.153E-06 ( 8.360E-08, 3.197E-08) ( 1.521E-11, 6.112E-12)  1.00E-07
  4.750E-01 7.92907E-15  6.528E-06 ( 8.312E-08, 3.194E-08) ( 1.596E-11, 6.447E-12)  1.00E-07
  5.000E-01 7.84411E-15  6.908E-06 ( 8.262E-08, 3.192E-08) ( 1.670E-11, 6.780E-12)  1.00E-07
  5.250E-01 7.75644E-15  7.294E-06 ( 8.209E-08, 3.189E-08) ( 1.742E-11, 7.113E-12)  1.00E-07
  5.500E-01 7.66625E-15  7.686E-06 ( 8.155E-08, 3.186E-08) ( 1.813E-11, 7.445E-12)  1.00E-07
  5.750E-01 7.57375E-15  8.084E-06 ( 8.100E-08, 3.183E-08) ( 1.883E-11, 7.776E-12)  1.00E-07
  6.000E-01 7.47912E-15  8.488E-06 ( 8.042E-08, 3.180E-08) ( 1.951E-11, 8.107E-12)  1.00E-07
  6.250E-01 7.38258E-15  8.898E-06 ( 7.984E-08, 3.176E-08) ( 2.017E-11, 8.436E-12)  1.00E-07
  6.500E-01 7.28431E-15  9.316E-06 ( 7.923E-08, 3.173E-08) ( 2.082E-11, 8.764E-12)  1.00E-07
  6.750E-01 7.18450E-15  9.740E-06 ( 7.861E-08, 3.169E-08) ( 2.145E-11, 9.091E-12)  1.00E-07
  7.000E-01 7.08334E-15  1.017E-05 ( 7.798E-08, 3.166E-08) ( 2.206E-11, 9.417E-12)  1.00E-07
  7.250E-01 6.98102E-15  1.061E-05 ( 7.734E-08, 3.162E-08) ( 2.266E-11, 9.742E-12)  1.00E-07
  7.500E-01 6.87771E-15  1.106E-05 ( 7.668E-08, 3.158E-08) ( 2.324E-11, 1.007E-11)  1.00E-07
  7.750E-01 6.77359E-15  1.151E-05 ( 7.602E-08, 3.154E-08) ( 2.380E-11, 1.039E-11)  1.00E-07
  8.000E-01 6.66882E-15  1.198E-05 ( 7.535E-08, 3.149E-08) ( 2.435E-11, 1.071E-11)  1.00E-07
  8.250E-01 6.56356E-15  1.245E-05 ( 7.466E-08, 3.145E-08) ( 2.488E-11, 1.103E-11)  1.00E-07
  8.500E-01 6.45797E-15  1.293E-05 ( 7.397E-08, 3.141E-08) ( 2.540E-11, 1.135E-11)  1.00E-07
  8.750E-01 6.35220E-15  1.341E-05 ( 7.327E-08, 3.136E-08) ( 2.590E-11, 1.166E-11)  1.00E-07
  9.000E-01 6.24639E-15  1.391E-05 ( 7.257E-08, 3.131E-08) ( 2.638E-11, 1.198E-11)  1.00E-07
  9.250E-01 6.14066E-15  1.442E-05 ( 7.186E-08, 3.126E-08) ( 2.684E-11, 1.230E-11)  1.00E-07
  9.500E-01 6.03516E-15  1.493E-05 ( 7.114E-08, 3.122E-08) ( 2.729E-11, 1.261E-11)  1.00E-07
  9.750E-01 5.92999E-15  1.546E-05 ( 7.042E-08, 3.116E-08) ( 2.772E-11, 1.292E-11)  1.00E-07
  1.000E+00 5.82528E-15  1.600E-05 ( 6.969E-08, 3.111E-08) ( 2.814E-11, 1.323E-11)  1.00E-07
  1.100E+00 5.41294E-15  1.824E-05 ( 6.677E-08, 3.090E-08) ( 2.964E-11, 1.445E-11)  1.00E-07
  1.200E+00 5.01504E-15  2.064E-05 ( 6.384E-08, 3.066E-08) ( 3.090E-11, 1.565E-11)  1.00E-07
  1.300E+00 4.63564E-15  2.323E-05 ( 6.092E-08, 3.041E-08) ( 3.193E-11, 1.682E-11)  1.00E-07
  1.400E+00 4.27735E-15  2.600E-05 ( 5.804E-08, 3.014E-08) ( 3.274E-11, 1.796E-11)  1.00E-07
  1.500E+00 3.94163E-15  2.897E-05 ( 5.522E-08, 2.986E-08) ( 3.336E-11, 1.907E-11)  1.00E-07
  1.600E+00 3.62904E-15  3.213E-05 ( 5.248E-08, 2.957E-08) ( 3.379E-11, 2.015E-11)  1.00E-07
  1.700E+00 3.33940E-15  3.551E-05 ( 4.983E-08, 2.926E-08) ( 3.406E-11, 2.120E-11)  1.00E-07
  1.800E+00 3.07209E-15  3.909E-05 ( 4.727E-08, 2.895E-08) ( 3.419E-11, 2.221E-11)  1.00E-07
  1.900E+00 2.82610E-15  4.289E-05 ( 4.480E-08, 2.862E-08) ( 3.417E-11, 2.318E-11)  1.00E-07
  2.000E+00 2.60024E-15  4.691E-05 ( 4.243E-08, 2.828E-08) ( 3.404E-11, 2.412E-11)  1.00E-07
  2.100E+00 2.39321E-15  5.115E-05 ( 4.016E-08, 2.793E-08) ( 3.380E-11, 2.503E-11)  1.00E-07
  2.200E+00 2.20366E-15  5.562E-05 ( 3.799E-08, 2.758E-08) ( 3.345E-11, 2.590E-11)  1.00E-07
  2.300E+00 2.03024E-15  6.032E-05 ( 3.591E-08, 2.722E-08) ( 3.302E-11, 2.673E-11)  1.00E-07
  2.400E+00 1.87165E-15  6.524E-05 ( 3.392E-08, 2.685E-08) ( 3.251E-11, 2.753E-11)  1.00E-07
  2.500E+00 1.72665E-15  7.040E-05 ( 3.203E-08, 2.647E-08) ( 3.193E-11, 2.829E-11)  1.00E-07
  2.600E+00 1.59408E-15  7.578E-05 ( 3.022E-08, 2.609E-08) ( 3.129E-11, 2.902E-11)  1.00E-07
  2.700E+00 1.47285E-15  8.139E-05 ( 2.849E-08, 2.571E-08) ( 3.059E-11, 2.970E-11)  1.00E-07
  2.800E+00 1.36197E-15  8.722E-05 ( 2.685E-08, 2.532E-08) ( 2.984E-11, 3.036E-11)  1.00E-07
  2.900E+00 1.26051E-15  9.328E-05 ( 2.528E-08, 2.493E-08) ( 2.904E-11, 3.097E-11)  1.00E-07
  3.000E+00 1.16764E-15  9.955E-05 ( 2.378E-08, 2.454E-08) ( 2.821E-11, 3.155E-11)  1.00E-07
  3.100E+00 1.08257E-15  1.060E-04 ( 2.235E-08, 2.415E-08) ( 2.734E-11, 3.210E-11)  1.00E-07
  3.200E+00 1.00462E-15  1.127E-04 ( 2.099E-08, 2.375E-08) ( 2.644E-11, 3.261E-11)  1.00E-07
  3.300E+00 9.33154E-16  1.196E-04 ( 1.969E-08, 2.335E-08) ( 2.551E-11, 3.309E-11)  1.00E-07
  3.400E+00 8.67583E-16  1.267E-04 ( 1.846E-08, 2.296E-08) ( 2.456E-11, 3.353E-11)  1.00E-07
  3.500E+00 8.07387E-16  1.339E-04 ( 1.728E-08, 2.256E-08) ( 2.360E-11, 3.394E-11)  1.00E-07
  3.600E+00 7.52089E-16  1.413E-04 ( 1.615E-08, 2.216E-08) ( 2.261E-11, 3.432E-11)  1.00E-07
  3.700E+00 7.01256E-16  1.489E-04 ( 1.508E-08, 2.177E-08) ( 2.162E-11, 3.467E-11)  1.00E-07
  3.800E+00 6.54496E-16  1.566E-04 ( 1.406E-08, 2.137E-08) ( 2.061E-11, 3.499E-11)  1.00E-07
  3.900E+00 6.11451E-16  1.644E-04 ( 1.308E-08, 2.098E-08) ( 1.960E-11, 3.527E-11)  1.00E-07
  4.000E+00 5.71798E-16  1.723E-04 ( 1.216E-08, 2.059E-08) ( 1.858E-11, 3.553E-11)  1.00E-07
  4.100E+00 5.35243E-16  1.803E-04 ( 1.127E-08, 2.020E-08) ( 1.756E-11, 3.576E-11)  1.00E-07
  4.200E+00 5.01519E-16  1.884E-04 ( 1.043E-08, 1.982E-08) ( 1.654E-11, 3.596E-11)  1.00E-07
  4.300E+00 4.70381E-16  1.965E-04 ( 9.627E-09, 1.943E-08) ( 1.552E-11, 3.613E-11)  1.00E-07
  4.400E+00 4.41611E-16  2.047E-04 ( 8.862E-09, 1.905E-08) ( 1.450E-11, 3.627E-11)  1.00E-07
  4.500E+00 4.15005E-16  2.128E-04 ( 8.133E-09, 1.868E-08) ( 1.348E-11, 3.639E-11)  1.00E-07
  4.600E+00 3.90382E-16  2.209E-04 ( 7.439E-09, 1.830E-08) ( 1.247E-11, 3.649E-11)  1.00E-07
  4.700E+00 3.67575E-16  2.290E-04 ( 6.778E-09, 1.793E-08) ( 1.147E-11, 3.656E-11)  1.00E-07
  4.800E+00 3.46432E-16  2.371E-04 ( 6.149E-09, 1.757E-08) ( 1.047E-11, 3.660E-11)  1.00E-07
  4.900E+00 3.26814E-16  2.451E-04 ( 5.550E-09, 1.721E-08) ( 9.487E-12, 3.663E-11)  1.00E-07
  5.000E+00 3.08597E-16  2.529E-04 ( 4.979E-09, 1.685E-08) ( 8.509E-12, 3.663E-11)  1.00E-07
  5.100E+00 2.91664E-16  2.606E-04 ( 4.436E-09, 1.649E-08) ( 7.543E-12, 3.661E-11)  1.00E-07
  5.200E+00 2.75913E-16  2.682E-04 ( 3.920E-09, 1.614E-08) ( 6.587E-12, 3.656E-11)  1.00E-07
  5.300E+00 2.61245E-16  2.756E-04 ( 3.429E-09, 1.580E-08) ( 5.644E-12, 3.650E-11)  1.00E-07
  5.400E+00 2.47576E-16  2.829E-04 ( 2.961E-09, 1.545E-08) ( 4.713E-12, 3.642E-11)  1.00E-07
  5.500E+00 2.34824E-16  2.899E-04 ( 2.517E-09, 1.512E-08) ( 3.796E-12, 3.632E-11)  1.00E-07
  5.600E+00 2.22918E-16  2.967E-04 ( 2.095E-09, 1.478E-08) ( 2.893E-12, 3.620E-11)  1.00E-07
  5.700E+00 2.11790E-16  3.032E-04 ( 1.693E-09, 1.445E-08) ( 2.004E-12, 3.607E-11)  1.00E-07
  5.800E+00 2.01381E-16  3.094E-04 ( 1.312E-09, 1.413E-08) ( 1.129E-12, 3.591E-11)  1.00E-07
  5.900E+00 1.91635E-16  3.154E-04 ( 9.497E-10, 1.381E-08) ( 2.696E-13, 3.574E-11)  1.00E-07
  6.000E+00 1.82500E-16  3.211E-04 ( 6.058E-10, 1.350E-08) (-5.748E-13, 3.556E-11)  1.00E-07
  6.100E+00 1.73931E-16  3.264E-04 ( 2.793E-10, 1.319E-08) (-1.404E-12, 3.536E-11)  1.00E-07
  6.200E+00 1.65885E-16  3.314E-04 (-3.042E-11, 1.288E-08) (-2.217E-12, 3.514E-11)  1.00E-07
  6.300E+00 1.58323E-16  3.360E-04 (-3.242E-10, 1.258E-08) (-3.014E-12, 3.492E-11)  1.00E-07
  6.400E+00 1.51210E-16  3.402E-04 (-6.027E-10, 1.228E-08) (-3.796E-12, 3.467E-11)  1.00E-07
  6.500E+00 1.44512E-16  3.440E-04 (-8.667E-10, 1.199E-08) (-4.561E-12, 3.442E-11)  1.00E-07
  6.600E+00 1.38200E-16  3.475E-04 (-1.117E-09, 1.170E-08) (-5.311E-12, 3.415E-11)  1.00E-07
  6.700E+00 1.32247E-16  3.505E-04 (-1.354E-09, 1.142E-08) (-6.044E-12, 3.388E-11)  1.00E-07
  6.800E+00 1.26626E-16  3.530E-04 (-1.578E-09, 1.114E-08) (-6.762E-12, 3.359E-11)  1.00E-07
  6.900E+00 1.21316E-16  3.551E-04 (-1.790E-09, 1.087E-08) (-7.463E-12, 3.329E-11)  1.00E-07
  7.000E+00 1.16295E-16  3.568E-04 (-1.990E-09, 1.060E-08) (-8.149E-12, 3.298E-11)  1.00E-07
  7.100E+00 1.11542E-16  3.579E-04 (-2.179E-09, 1.033E-08) (-8.818E-12, 3.266E-11)  1.00E-07
  7.200E+00 1.07041E-16  3.586E-04 (-2.358E-09, 1.007E-08) (-9.472E-12, 3.233E-11)  1.00E-07
  7.300E+00 1.02774E-16  3.587E-04 (-2.526E-09, 9.818E-09) (-1.011E-11, 3.199E-11)  1.00E-07
  7.400E+00 9.87271E-17  3.583E-04 (-2.685E-09, 9.566E-09) (-1.073E-11, 3.165E-11)  1.00E-07
  7.500E+00 9.48849E-17  3.574E-04 (-2.835E-09, 9.319E-09) (-1.134E-11, 3.129E-11)  1.00E-07
  7.600E+00 9.12349E-17  3.559E-04 (-2.976E-09, 9.076E-09) (-1.193E-11, 3.093E-11)  1.00E-07
  7.700E+00 8.77651E-17  3.539E-04 (-3.109E-09, 8.837E-09) (-1.251E-11, 3.056E-11)  1.00E-07
  7.800E+00 8.44645E-17  3.512E-04 (-3.233E-09, 8.603E-09) (-1.307E-11, 3.019E-11)  1.00E-07
  7.900E+00 8.13226E-17  3.480E-04 (-3.350E-09, 8.373E-09) (-1.361E-11, 2.980E-11)  1.00E-07
  8.000E+00 7.83301E-17  3.442E-04 (-3.459E-09, 8.146E-09) (-1.415E-11, 2.942E-11)  1.00E-07
  8.100E+00 7.54781E-17  3.398E-04 (-3.562E-09, 7.924E-09) (-1.466E-11, 2.902E-11)  1.00E-07
  8.200E+00 7.27584E-17  3.347E-04 (-3.658E-09, 7.706E-09) (-1.517E-11, 2.862E-11)  1.00E-07
  8.300E+00 7.01635E-17  3.290E-04 (-3.747E-09, 7.491E-09) (-1.566E-11, 2.822E-11)  1.00E-07
  8.400E+00 6.76863E-17  3.226E-04 (-3.831E-09, 7.281E-09) (-1.613E-11, 2.781E-11)  1.00E-07
  8.500E+00 6.53203E-17  3.155E-04 (-3.908E-09, 7.074E-09) (-1.659E-11, 2.740E-11)  1.00E-07
  8.600E+00 6.30594E-17  3.078E-04 (-3.980E-09, 6.872E-09) (-1.704E-11, 2.698E-11)  1.00E-07
  8.700E+00 6.08978E-17  2.994E-04 (-4.047E-09, 6.672E-09) (-1.747E-11, 2.656E-11)  1.00E-07
  8.800E+00 5.88302E-17  2.902E-04 (-4.108E-09, 6.477E-09) (-1.789E-11, 2.613E-11)  1.00E-07
  8.900E+00 5.68517E-17  2.804E-04 (-4.165E-09, 6.285E-09) (-1.830E-11, 2.571E-11)  1.00E-07
  9.000E+00 5.49577E-17  2.698E-04 (-4.217E-09, 6.097E-09) (-1.870E-11, 2.527E-11)  1.00E-07
  9.100E+00 5.31438E-17  2.584E-04 (-4.265E-09, 5.912E-09) (-1.908E-11, 2.484E-11)  1.00E-07
  9.200E+00 5.14059E-17  2.463E-04 (-4.308E-09, 5.731E-09) (-1.945E-11, 2.440E-11)  1.00E-07
  9.300E+00 4.97403E-17  2.334E-04 (-4.347E-09, 5.553E-09) (-1.981E-11, 2.397E-11)  1.00E-07
  9.400E+00 4.81433E-17  2.197E-04 (-4.383E-09, 5.379E-09) (-2.015E-11, 2.352E-11)  1.00E-07
  9.500E+00 4.66115E-17  2.053E-04 (-4.415E-09, 5.208E-09) (-2.049E-11, 2.308E-11)  1.00E-07
  9.600E+00 4.51419E-17  1.900E-04 (-4.443E-09, 5.040E-09) (-2.081E-11, 2.264E-11)  1.00E-07
  9.700E+00 4.37315E-17  1.739E-04 (-4.468E-09, 4.875E-09) (-2.112E-11, 2.219E-11)  1.00E-07
  9.800E+00 4.23774E-17  1.570E-04 (-4.490E-09, 4.714E-09) (-2.142E-11, 2.175E-11)  1.00E-07
  9.900E+00 4.10769E-17  1.393E-04 (-4.508E-09, 4.555E-09) (-2.171E-11, 2.130E-11)  1.00E-07
  1.000E+01 3.98277E-17  1.207E-04 (-4.524E-09, 4.400E-09) (-2.198E-11, 2.085E-11)  1.00E-07
  1.025E+01 3.69133E-17  7.054E-05 (-4.551E-09, 4.025E-09) (-2.263E-11, 1.973E-11)  1.00E-07
  1.050E+01 3.42710E-17  1.496E-05 (-4.563E-09, 3.668E-09) (-2.321E-11, 1.860E-11)  1.00E-07
  1.075E+01 3.18713E-17 -4.609E-05 (-4.560E-09, 3.328E-09) (-2.373E-11, 1.748E-11)  1.00E-07
  1.100E+01 2.96886E-17 -1.126E-04 (-4.545E-09, 3.005E-09) (-2.419E-11, 1.636E-11)  1.00E-07
  1.125E+01 2.77003E-17 -1.847E-04 (-4.519E-09, 2.698E-09) (-2.459E-11, 1.524E-11)  1.00E-07
  1.150E+01 2.58864E-17 -2.622E-04 (-4.483E-09, 2.406E-09) (-2.493E-11, 1.414E-11)  1.00E-07
  1.175E+01 2.42291E-17 -3.451E-04 (-4.438E-09, 2.129E-09) (-2.523E-11, 1.304E-11)  1.00E-07
  1.200E+01 2.27127E-17 -4.332E-04 (-4.385E-09, 1.866E-09) (-2.547E-11, 1.196E-11)  1.00E-07
  1.225E+01 2.13232E-17 -5.264E-04 (-4.325E-09, 1.617E-09) (-2.566E-11, 1.089E-11)  1.00E-07
  1.250E+01 2.00481E-17 -6.246E-04 (-4.259E-09, 1.380E-09) (-2.580E-11, 9.832E-12)  1.00E-07
  1.275E+01 1.88761E-17 -7.274E-04 (-4.188E-09, 1.157E-09) (-2.590E-11, 8.793E-12)  1.00E-07
  1.300E+01 1.77973E-17 -8.346E-04 (-4.111E-09, 9.448E-10) (-2.596E-11, 7.771E-12)  1.00E-07
  1.325E+01 1.68027E-17 -9.459E-04 (-4.031E-09, 7.445E-10) (-2.597E-11, 6.768E-12)  1.00E-07
  1.350E+01 1.58843E-17 -1.061E-03 (-3.947E-09, 5.552E-10) (-2.594E-11, 5.784E-12)  1.00E-07
  1.375E+01 1.50350E-17 -1.180E-03 (-3.859E-09, 3.765E-10) (-2.587E-11, 4.822E-12)  1.00E-07
  1.400E+01 1.42482E-17 -1.301E-03 (-3.769E-09, 2.080E-10) (-2.577E-11, 3.881E-12)  1.00E-07
  1.425E+01 1.35181E-17 -1.426E-03 (-3.676E-09, 4.915E-11) (-2.563E-11, 2.964E-12)  1.00E-07
  1.450E+01 1.28396E-17 -1.552E-03 (-3.582E-09,-1.003E-10) (-2.546E-11, 2.069E-12)  1.00E-07
  1.475E+01 1.22080E-17 -1.681E-03 (-3.486E-09,-2.408E-10) (-2.525E-11, 1.199E-12)  1.00E-07
  1.500E+01 1.16192E-17 -1.811E-03 (-3.388E-09,-3.727E-10) (-2.502E-11, 3.541E-13)  1.00E-07
  1.525E+01 1.10692E-17 -1.943E-03 (-3.290E-09,-4.963E-10) (-2.475E-11,-4.657E-13)  1.00E-07
  1.550E+01 1.05548E-17 -2.075E-03 (-3.191E-09,-6.120E-10) (-2.446E-11,-1.260E-12)  1.00E-07
  1.575E+01 1.00729E-17 -2.207E-03 (-3.091E-09,-7.202E-10) (-2.414E-11,-2.027E-12)  1.00E-07
  1.600E+01 9.62076E-18 -2.340E-03 (-2.991E-09,-8.211E-10) (-2.379E-11,-2.768E-12)  1.00E-07
  1.625E+01 9.19592E-18 -2.472E-03 (-2.891E-09,-9.150E-10) (-2.342E-11,-3.482E-12)  1.00E-07
  1.650E+01 8.79616E-18 -2.603E-03 (-2.791E-09,-1.002E-09) (-2.303E-11,-4.168E-12)  1.00E-07
  1.675E+01 8.41949E-18 -2.733E-03 (-2.692E-09,-1.083E-09) (-2.262E-11,-4.828E-12)  1.00E-07
  1.700E+01 8.06410E-18 -2.862E-03 (-2.593E-09,-1.158E-09) (-2.219E-11,-5.459E-12)  1.00E-07
  1.725E+01 7.72836E-18 -2.988E-03 (-2.494E-09,-1.227E-09) (-2.174E-11,-6.063E-12)  1.00E-07
  1.750E+01 7.41082E-18 -3.113E-03 (-2.397E-09,-1.290E-09) (-2.127E-11,-6.639E-12)  1.00E-07
  1.775E+01 7.11012E-18 -3.234E-03 (-2.300E-09,-1.348E-09) (-2.079E-11,-7.188E-12)  1.00E-07
  1.800E+01 6.82509E-18 -3.352E-03 (-2.205E-09,-1.401E-09) (-2.029E-11,-7.708E-12)  1.00E-07
  1.825E+01 6.55462E-18 -3.467E-03 (-2.110E-09,-1.449E-09) (-1.978E-11,-8.202E-12)  1.00E-07
  1.850E+01 6.29773E-18 -3.578E-03 (-2.017E-09,-1.493E-09) (-1.926E-11,-8.668E-12)  1.00E-07
  1.875E+01 6.05352E-18 -3.685E-03 (-1.925E-09,-1.532E-09) (-1.872E-11,-9.106E-12)  1.00E-07
  1.900E+01 5.82116E-18 -3.787E-03 (-1.835E-09,-1.567E-09) (-1.818E-11,-9.518E-12)  1.00E-07
  1.925E+01 5.59992E-18 -3.884E-03 (-1.746E-09,-1.598E-09) (-1.763E-11,-9.902E-12)  1.00E-07
  1.950E+01 5.38909E-18 -3.976E-03 (-1.658E-09,-1.625E-09) (-1.706E-11,-1.026E-11)  1.00E-07
  1.975E+01 5.18807E-18 -4.061E-03 (-1.572E-09,-1.648E-09) (-1.650E-11,-1.059E-11)  1.00E-07
  2.000E+01 4.99626E-18 -4.141E-03 (-1.488E-09,-1.668E-09) (-1.592E-11,-1.090E-11)  1.00E-07
  2.025E+01 4.81315E-18 -4.214E-03 (-1.405E-09,-1.685E-09) (-1.534E-11,-1.118E-11)  1.00E-07
  2.050E+01 4.63824E-18 -4.280E-03 (-1.324E-09,-1.698E-09) (-1.476E-11,-1.143E-11)  1.00E-07
  2.075E+01 4.47109E-18 -4.339E-03 (-1.245E-09,-1.709E-09) (-1.417E-11,-1.166E-11)  1.00E-07
  2.100E+01 4.31127E-18 -4.390E-03 (-1.167E-09,-1.717E-09) (-1.358E-11,-1.187E-11)  1.00E-07
  2.125E+01 4.15839E-18 -4.433E-03 (-1.092E-09,-1.722E-09) (-1.299E-11,-1.205E-11)  1.00E-07
  2.150E+01 4.01210E-18 -4.468E-03 (-1.018E-09,-1.725E-09) (-1.240E-11,-1.221E-11)  1.00E-07
  2.175E+01 3.87205E-18 -4.493E-03 (-9.458E-10,-1.725E-09) (-1.181E-11,-1.235E-11)  1.00E-07
  2.200E+01 3.73794E-18 -4.509E-03 (-8.756E-10,-1.724E-09) (-1.122E-11,-1.246E-11)  1.00E-07
  2.225E+01 3.60948E-18 -4.516E-03 (-8.072E-10,-1.720E-09) (-1.063E-11,-1.255E-11)  1.00E-07
  2.250E+01 3.48637E-18 -4.512E-03 (-7.406E-10,-1.714E-09) (-1.004E-11,-1.262E-11)  1.00E-07
  2.275E+01 3.36837E-18 -4.498E-03 (-6.758E-10,-1.706E-09) (-9.457E-12,-1.267E-11)  1.00E-07
  2.300E+01 3.25523E-18 -4.473E-03 (-6.129E-10,-1.697E-09) (-8.875E-12,-1.269E-11)  1.00E-07
  2.325E+01 3.14673E-18 -4.437E-03 (-5.517E-10,-1.686E-09) (-8.297E-12,-1.270E-11)  1.00E-07
  2.350E+01 3.04264E-18 -4.389E-03 (-4.923E-10,-1.673E-09) (-7.723E-12,-1.269E-11)  1.00E-07
  2.375E+01 2.94276E-18 -4.329E-03 (-4.348E-10,-1.659E-09) (-7.155E-12,-1.266E-11)  1.00E-07
  2.400E+01 2.84690E-18 -4.257E-03 (-3.789E-10,-1.644E-09) (-6.591E-12,-1.261E-11)  1.00E-07
  2.425E+01 2.75487E-18 -4.172E-03 (-3.249E-10,-1.628E-09) (-6.033E-12,-1.254E-11)  1.00E-07
  2.450E+01 2.66651E-18 -4.074E-03 (-2.725E-10,-1.610E-09) (-5.481E-12,-1.245E-11)  1.00E-07
  2.475E+01 2.58164E-18 -3.963E-03 (-2.219E-10,-1.591E-09) (-4.936E-12,-1.235E-11)  1.00E-07
  2.500E+01 2.50011E-18 -3.838E-03 (-1.729E-10,-1.572E-09) (-4.398E-12,-1.223E-11)  1.00E-07
  2.550E+01 2.34648E-18 -3.545E-03 (-7.997E-11,-1.530E-09) (-3.344E-12,-1.194E-11)  1.00E-07
  2.600E+01 2.20452E-18 -3.195E-03 ( 6.556E-12,-1.485E-09) (-2.321E-12,-1.159E-11)  1.00E-07
  2.650E+01 2.07323E-18 -2.784E-03 ( 8.687E-11,-1.437E-09) (-1.331E-12,-1.119E-11)  1.00E-07
  2.700E+01 1.95169E-18 -2.310E-03 ( 1.612E-10,-1.388E-09) (-3.778E-13,-1.073E-11)  1.00E-07
  2.750E+01 1.83908E-18 -1.773E-03 ( 2.298E-10,-1.336E-09) ( 5.389E-13,-1.023E-11)  1.00E-07
  2.800E+01 1.73466E-18 -1.170E-03 ( 2.928E-10,-1.284E-09) ( 1.417E-12,-9.680E-12)  1.00E-07
  2.850E+01 1.63773E-18 -5.003E-04 ( 3.506E-10,-1.231E-09) ( 2.256E-12,-9.088E-12)  1.00E-07
  2.900E+01 1.54768E-18  2.367E-04 ( 4.034E-10,-1.177E-09) ( 3.055E-12,-8.458E-12)  1.00E-07
  2.950E+01 1.46394E-18  1.042E-03 ( 4.514E-10,-1.123E-09) ( 3.813E-12,-7.794E-12)  1.00E-07
  3.000E+01 1.38600E-18  1.915E-03 ( 4.948E-10,-1.068E-09) ( 4.530E-12,-7.097E-12)  1.00E-07
  3.050E+01 1.31338E-18  2.858E-03 ( 5.340E-10,-1.014E-09) ( 5.206E-12,-6.372E-12)  1.00E-07
  3.100E+01 1.24566E-18  3.868E-03 ( 5.690E-10,-9.601E-10) ( 5.840E-12,-5.620E-12)  1.00E-07
  3.150E+01 1.18244E-18  4.947E-03 ( 6.002E-10,-9.067E-10) ( 6.433E-12,-4.845E-12)  1.00E-07
  3.200E+01 1.12337E-18  6.093E-03 ( 6.278E-10,-8.539E-10) ( 6.985E-12,-4.050E-12)  1.00E-07
  3.250E+01 1.06812E-18  7.306E-03 ( 6.519E-10,-8.019E-10) ( 7.496E-12,-3.236E-12)  1.00E-07
  3.300E+01 1.01641E-18  8.584E-03 ( 6.728E-10,-7.508E-10) ( 7.967E-12,-2.406E-12)  1.00E-07
  3.350E+01 9.67952E-19  9.926E-03 ( 6.907E-10,-7.006E-10) ( 8.397E-12,-1.562E-12)  1.00E-07
  3.400E+01 9.22505E-19  1.133E-02 ( 7.058E-10,-6.514E-10) ( 8.788E-12,-7.063E-13)  1.00E-07
  3.450E+01 8.79843E-19  1.280E-02 ( 7.181E-10,-6.034E-10) ( 9.141E-12, 1.589E-13)  1.00E-07
  3.500E+01 8.39761E-19  1.432E-02 ( 7.280E-10,-5.565E-10) ( 9.455E-12, 1.032E-12)  1.00E-07
  3.550E+01 8.02069E-19  1.590E-02 ( 7.355E-10,-5.108E-10) ( 9.732E-12, 1.911E-12)  1.00E-07
  3.600E+01 7.66594E-19  1.754E-02 ( 7.409E-10,-4.664E-10) ( 9.971E-12, 2.795E-12)  1.00E-07
  3.650E+01 7.33178E-19  1.922E-02 ( 7.442E-10,-4.233E-10) ( 1.018E-11, 3.681E-12)  1.00E-07
  3.700E+01 7.01676E-19  2.096E-02 ( 7.457E-10,-3.814E-10) ( 1.034E-11, 4.569E-12)  1.00E-07
  3.750E+01 6.71956E-19  2.274E-02 ( 7.454E-10,-3.409E-10) ( 1.048E-11, 5.457E-12)  1.00E-07
  3.800E+01 6.43893E-19  2.456E-02 ( 7.435E-10,-3.017E-10) ( 1.058E-11, 6.343E-12)  1.00E-07
  3.850E+01 6.17377E-19  2.643E-02 ( 7.400E-10,-2.638E-10) ( 1.065E-11, 7.227E-12)  1.00E-07
  3.900E+01 5.92303E-19  2.832E-02 ( 7.352E-10,-2.273E-10) ( 1.069E-11, 8.107E-12)  1.00E-07
  3.950E+01 5.68576E-19  3.026E-02 ( 7.290E-10,-1.920E-10) ( 1.069E-11, 8.982E-12)  1.00E-07
  4.000E+01 5.46108E-19  3.222E-02 ( 7.217E-10,-1.581E-10) ( 1.067E-11, 9.852E-12)  1.00E-07
  4.050E+01 5.24819E-19  3.420E-02 ( 7.133E-10,-1.255E-10) ( 1.061E-11, 1.071E-11)  1.00E-07
  4.100E+01 5.04632E-19  3.621E-02 ( 7.039E-10,-9.414E-11) ( 1.053E-11, 1.157E-11)  1.00E-07
  4.150E+01 4.85479E-19  3.823E-02 ( 6.936E-10,-6.408E-11) ( 1.042E-11, 1.242E-11)  1.00E-07
  4.200E+01 4.67296E-19  4.027E-02 ( 6.825E-10,-3.527E-11) ( 1.029E-11, 1.325E-11)  1.00E-07
  4.250E+01 4.50022E-19  4.231E-02 ( 6.706E-10,-7.702E-12) ( 1.013E-11, 1.408E-11)  1.00E-07
  4.300E+01 4.33604E-19  4.436E-02 ( 6.580E-10, 1.865E-11) ( 9.945E-12, 1.490E-11)  1.00E-07
  4.350E+01 4.17989E-19  4.640E-02 ( 6.448E-10, 4.382E-11) ( 9.737E-12, 1.570E-11)  1.00E-07
  4.400E+01 4.03131E-19  4.844E-02 ( 6.310E-10, 6.782E-11) ( 9.505E-12, 1.650E-11)  1.00E-07
  4.450E+01 3.88984E-19  5.047E-02 ( 6.167E-10, 9.067E-11) ( 9.252E-12, 1.728E-11)  1.00E-07
  4.500E+01 3.75508E-19  5.249E-02 ( 6.021E-10, 1.124E-10) ( 8.977E-12, 1.805E-11)  1.00E-07
  4.550E+01 3.62664E-19  5.449E-02 ( 5.870E-10, 1.330E-10) ( 8.682E-12, 1.880E-11)  1.00E-07
  4.600E+01 3.50417E-19  5.646E-02 ( 5.716E-10, 1.526E-10) ( 8.368E-12, 1.954E-11)  1.00E-07
  4.650E+01 3.38732E-19  5.840E-02 ( 5.558E-10, 1.711E-10) ( 8.035E-12, 2.027E-11)  1.00E-07
  4.700E+01 3.27579E-19  6.030E-02 ( 5.399E-10, 1.887E-10) ( 7.684E-12, 2.098E-11)  1.00E-07
  4.750E+01 3.16929E-19  6.217E-02 ( 5.237E-10, 2.052E-10) ( 7.316E-12, 2.168E-11)  1.00E-07
  4.800E+01 3.06755E-19  6.399E-02 ( 5.074E-10, 2.208E-10) ( 6.932E-12, 2.236E-11)  1.00E-07
  4.850E+01 2.97030E-19  6.577E-02 ( 4.910E-10, 2.354E-10) ( 6.533E-12, 2.303E-11)  1.00E-07
  4.900E+01 2.87730E-19  6.748E-02 ( 4.744E-10, 2.491E-10) ( 6.118E-12, 2.368E-11)  1.00E-07
  4.950E+01 2.78834E-19  6.914E-02 ( 4.578E-10, 2.619E-10) ( 5.690E-12, 2.431E-11)  1.00E-07
  5.000E+01 2.70321E-19  7.074E-02 ( 4.412E-10, 2.739E-10) ( 5.248E-12, 2.493E-11)  1.00E-07
  5.050E+01 2.62170E-19  7.227E-02 ( 4.245E-10, 2.851E-10) ( 4.794E-12, 2.553E-11)  1.00E-07
  5.100E+01 2.54362E-19  7.372E-02 ( 4.079E-10, 2.954E-10) ( 4.328E-12, 2.612E-11)  1.00E-07
  5.150E+01 2.46881E-19  7.509E-02 ( 3.913E-10, 3.050E-10) ( 3.851E-12, 2.669E-11)  1.00E-07
  5.200E+01 2.39711E-19  7.639E-02 ( 3.748E-10, 3.138E-10) ( 3.364E-12, 2.724E-11)  1.00E-07
  5.250E+01 2.32834E-19  7.759E-02 ( 3.584E-10, 3.219E-10) ( 2.867E-12, 2.778E-11)  1.00E-07
  5.300E+01 2.26238E-19  7.871E-02 ( 3.420E-10, 3.293E-10) ( 2.361E-12, 2.830E-11)  1.00E-07
  5.350E+01 2.19908E-19  7.973E-02 ( 3.258E-10, 3.360E-10) ( 1.846E-12, 2.881E-11)  1.00E-07
  5.400E+01 2.13831E-19  8.064E-02 ( 3.098E-10, 3.421E-10) ( 1.323E-12, 2.929E-11)  1.00E-07
  5.450E+01 2.07996E-19  8.146E-02 ( 2.939E-10, 3.475E-10) ( 7.933E-13, 2.976E-11)  1.00E-07
  5.500E+01 2.02390E-19  8.217E-02 ( 2.782E-10, 3.523E-10) ( 2.568E-13, 3.022E-11)  1.00E-07
  5.550E+01 1.97003E-19  8.277E-02 ( 2.626E-10, 3.565E-10) (-2.857E-13, 3.066E-11)  1.00E-07
  5.600E+01 1.91824E-19  8.325E-02 ( 2.473E-10, 3.602E-10) (-8.337E-13, 3.108E-11)  1.00E-07
  5.650E+01 1.86844E-19  8.361E-02 ( 2.321E-10, 3.633E-10) (-1.387E-12, 3.148E-11)  1.00E-07
  5.700E+01 1.82054E-19  8.386E-02 ( 2.172E-10, 3.659E-10) (-1.944E-12, 3.187E-11)  1.00E-07
  5.750E+01 1.77445E-19  8.398E-02 ( 2.025E-10, 3.680E-10) (-2.505E-12, 3.224E-11)  1.00E-07
  5.800E+01 1.73009E-19  8.397E-02 ( 1.880E-10, 3.696E-10) (-3.070E-12, 3.260E-11)  1.00E-07
  5.850E+01 1.68738E-19  8.384E-02 ( 1.738E-10, 3.707E-10) (-3.637E-12, 3.294E-11)  1.00E-07
  5.900E+01 1.64624E-19  8.357E-02 ( 1.598E-10, 3.714E-10) (-4.207E-12, 3.327E-11)  1.00E-07
  5.950E+01 1.60661E-19  8.317E-02 ( 1.461E-10, 3.717E-10) (-4.778E-12, 3.358E-11)  1.00E-07
  6.000E+01 1.56842E-19  8.264E-02 ( 1.326E-10, 3.716E-10) (-5.351E-12, 3.387E-11)  1.00E-07
  6.050E+01 1.53161E-19  8.196E-02 ( 1.194E-10, 3.711E-10) (-5.926E-12, 3.415E-11)  1.00E-07
  6.100E+01 1.49612E-19  8.115E-02 ( 1.065E-10, 3.702E-10) (-6.500E-12, 3.441E-11)  1.00E-07
  6.150E+01 1.46189E-19  8.020E-02 ( 9.382E-11, 3.690E-10) (-7.075E-12, 3.466E-11)  1.00E-07
  6.200E+01 1.42887E-19  7.910E-02 ( 8.142E-11, 3.674E-10) (-7.649E-12, 3.489E-11)  1.00E-07
  6.250E+01 1.39701E-19  7.787E-02 ( 6.931E-11, 3.655E-10) (-8.223E-12, 3.511E-11)  1.00E-07
  6.300E+01 1.36625E-19  7.649E-02 ( 5.746E-11, 3.633E-10) (-8.796E-12, 3.532E-11)  1.00E-07
  6.350E+01 1.33656E-19  7.497E-02 ( 4.590E-11, 3.608E-10) (-9.368E-12, 3.551E-11)  1.00E-07
  6.400E+01 1.30790E-19  7.330E-02 ( 3.461E-11, 3.581E-10) (-9.938E-12, 3.568E-11)  1.00E-07
  6.450E+01 1.28021E-19  7.149E-02 ( 2.361E-11, 3.551E-10) (-1.051E-11, 3.585E-11)  1.00E-07
  6.500E+01 1.25346E-19  6.954E-02 ( 1.288E-11, 3.518E-10) (-1.107E-11, 3.599E-11)  1.00E-07
  6.550E+01 1.22761E-19  6.744E-02 ( 2.429E-12, 3.483E-10) (-1.163E-11, 3.613E-11)  1.00E-07
  6.600E+01 1.20262E-19  6.520E-02 (-7.744E-12, 3.446E-10) (-1.219E-11, 3.625E-11)  1.00E-07
  6.650E+01 1.17847E-19  6.282E-02 (-1.764E-11, 3.407E-10) (-1.275E-11, 3.636E-11)  1.00E-07
  6.700E+01 1.15512E-19  6.030E-02 (-2.726E-11, 3.365E-10) (-1.330E-11, 3.646E-11)  1.00E-07
  6.750E+01 1.13254E-19  5.764E-02 (-3.661E-11, 3.322E-10) (-1.385E-11, 3.654E-11)  1.00E-07
  6.800E+01 1.11069E-19  5.484E-02 (-4.569E-11, 3.278E-10) (-1.440E-11, 3.662E-11)  1.00E-07
  6.850E+01 1.08956E-19  5.191E-02 (-5.449E-11, 3.231E-10) (-1.494E-11, 3.668E-11)  1.00E-07
  6.900E+01 1.06911E-19  4.884E-02 (-6.303E-11, 3.184E-10) (-1.547E-11, 3.673E-11)  1.00E-07
  6.950E+01 1.04931E-19  4.564E-02 (-7.131E-11, 3.134E-10) (-1.600E-11, 3.677E-11)  1.00E-07
  7.000E+01 1.03015E-19  4.230E-02 (-7.932E-11, 3.084E-10) (-1.653E-11, 3.679E-11)  1.00E-07
  7.050E+01 1.01160E-19  3.884E-02 (-8.708E-11, 3.032E-10) (-1.705E-11, 3.681E-11)  1.00E-07
  7.100E+01 9.93644E-20  3.526E-02 (-9.458E-11, 2.979E-10) (-1.757E-11, 3.681E-11)  1.00E-07
  7.150E+01 9.76249E-20  3.155E-02 (-1.018E-10, 2.925E-10) (-1.808E-11, 3.681E-11)  1.00E-07
  7.200E+01 9.59401E-20  2.772E-02 (-1.088E-10, 2.871E-10) (-1.858E-11, 3.679E-11)  1.00E-07
  7.250E+01 9.43079E-20  2.378E-02 (-1.156E-10, 2.815E-10) (-1.908E-11, 3.677E-11)  1.00E-07
  7.300E+01 9.27265E-20  1.972E-02 (-1.221E-10, 2.758E-10) (-1.957E-11, 3.673E-11)  1.00E-07
  7.350E+01 9.11941E-20  1.555E-02 (-1.284E-10, 2.701E-10) (-2.006E-11, 3.669E-11)  1.00E-07
  7.400E+01 8.97090E-20  1.128E-02 (-1.344E-10, 2.644E-10) (-2.054E-11, 3.663E-11)  1.00E-07
  7.450E+01 8.82695E-20  6.898E-03 (-1.402E-10, 2.585E-10) (-2.101E-11, 3.657E-11)  1.00E-07
  7.500E+01 8.68741E-20  2.421E-03 (-1.458E-10, 2.526E-10) (-2.148E-11, 3.650E-11)  1.00E-07
  7.550E+01 8.55212E-20 -2.152E-03 (-1.511E-10, 2.467E-10) (-2.194E-11, 3.642E-11)  1.00E-07
  7.600E+01 8.42095E-20 -6.815E-03 (-1.563E-10, 2.408E-10) (-2.239E-11, 3.633E-11)  1.00E-07
  7.650E+01 8.29375E-20 -1.157E-02 (-1.612E-10, 2.348E-10) (-2.284E-11, 3.623E-11)  1.00E-07
  7.700E+01 8.17040E-20 -1.640E-02 (-1.659E-10, 2.288E-10) (-2.328E-11, 3.613E-11)  1.00E-07
  7.750E+01 8.05075E-20 -2.131E-02 (-1.704E-10, 2.227E-10) (-2.371E-11, 3.601E-11)  1.00E-07
  7.800E+01 7.93470E-20 -2.630E-02 (-1.747E-10, 2.167E-10) (-2.413E-11, 3.589E-11)  1.00E-07
  7.850E+01 7.82212E-20 -3.135E-02 (-1.788E-10, 2.106E-10) (-2.455E-11, 3.577E-11)  1.00E-07
  7.900E+01 7.71290E-20 -3.648E-02 (-1.827E-10, 2.045E-10) (-2.496E-11, 3.563E-11)  1.00E-07
  7.950E+01 7.60693E-20 -4.166E-02 (-1.865E-10, 1.985E-10) (-2.536E-11, 3.549E-11)  1.00E-07
  8.000E+01 7.50411E-20 -4.689E-02 (-1.900E-10, 1.924E-10) (-2.576E-11, 3.535E-11)  1.00E-07
  8.050E+01 7.40434E-20 -5.218E-02 (-1.934E-10, 1.864E-10) (-2.614E-11, 3.519E-11)  1.00E-07
  8.100E+01 7.30752E-20 -5.752E-02 (-1.965E-10, 1.803E-10) (-2.652E-11, 3.503E-11)  1.00E-07
  8.150E+01 7.21355E-20 -6.290E-02 (-1.995E-10, 1.743E-10) (-2.690E-11, 3.487E-11)  1.00E-07
  8.200E+01 7.12236E-20 -6.831E-02 (-2.024E-10, 1.683E-10) (-2.726E-11, 3.470E-11)  1.00E-07
  8.250E+01 7.03385E-20 -7.376E-02 (-2.050E-10, 1.623E-10) (-2.762E-11, 3.452E-11)  1.00E-07
  8.300E+01 6.94793E-20 -7.923E-02 (-2.075E-10, 1.564E-10) (-2.797E-11, 3.434E-11)  1.00E-07
  8.350E+01 6.86454E-20 -8.473E-02 (-2.099E-10, 1.504E-10) (-2.831E-11, 3.415E-11)  1.00E-07
  8.400E+01 6.78360E-20 -9.024E-02 (-2.121E-10, 1.445E-10) (-2.864E-11, 3.396E-11)  1.00E-07
  8.450E+01 6.70502E-20 -9.577E-02 (-2.141E-10, 1.387E-10) (-2.897E-11, 3.376E-11)  1.00E-07
  8.500E+01 6.62874E-20 -1.013E-01 (-2.160E-10, 1.329E-10) (-2.929E-11, 3.356E-11)  1.00E-07
  8.550E+01 6.55469E-20 -1.068E-01 (-2.177E-10, 1.271E-10) (-2.960E-11, 3.335E-11)  1.00E-07
  8.600E+01 6.48280E-20 -1.124E-01 (-2.194E-10, 1.213E-10) (-2.990E-11, 3.314E-11)  1.00E-07
  8.650E+01 6.41301E-20 -1.179E-01 (-2.208E-10, 1.156E-10) (-3.020E-11, 3.293E-11)  1.00E-07
  8.700E+01 6.34526E-20 -1.234E-01 (-2.222E-10, 1.100E-10) (-3.048E-11, 3.271E-11)  1.00E-07
  8.750E+01 6.27949E-20 -1.289E-01 (-2.234E-10, 1.043E-10) (-3.076E-11, 3.249E-11)  1.00E-07
  8.800E+01 6.21564E-20 -1.344E-01 (-2.245E-10, 9.878E-11) (-3.104E-11, 3.226E-11)  1.00E-07
  8.850E+01 6.15365E-20 -1.399E-01 (-2.255E-10, 9.326E-11) (-3.130E-11, 3.204E-11)  1.00E-07
  8.900E+01 6.09347E-20 -1.453E-01 (-2.263E-10, 8.780E-11) (-3.156E-11, 3.180E-11)  1.00E-07
  8.950E+01 6.03505E-20 -1.507E-01 (-2.271E-10, 8.239E-11) (-3.181E-11, 3.157E-11)  1.00E-07
  9.000E+01 5.97833E-20 -1.561E-01 (-2.277E-10, 7.703E-11) (-3.205E-11, 3.133E-11)  1.00E-07
  9.050E+01 5.92328E-20 -1.614E-01 (-2.282E-10, 7.173E-11) (-3.228E-11, 3.109E-11)  1.00E-07
  9.100E+01 5.86984E-20 -1.667E-01 (-2.286E-10, 6.648E-11) (-3.251E-11, 3.085E-11)  1.00E-07
  9.150E+01 5.81796E-20 -1.719E-01 (-2.289E-10, 6.129E-11) (-3.272E-11, 3.060E-11)  1.00E-07
  9.200E+01 5.76761E-20 -1.771E-01 (-2.292E-10, 5.616E-11) (-3.293E-11, 3.035E-11)  1.00E-07
  9.250E+01 5.71874E-20 -1.822E-01 (-2.293E-10, 5.109E-11) (-3.314E-11, 3.010E-11)  1.00E-07
  9.300E+01 5.67130E-20 -1.872E-01 (-2.293E-10, 4.607E-11) (-3.333E-11, 2.985E-11)  1.00E-07
  9.350E+01 5.62527E-20 -1.922E-01 (-2.293E-10, 4.112E-11) (-3.352E-11, 2.960E-11)  1.00E-07
  9.400E+01 5.58059E-20 -1.972E-01 (-2.291E-10, 3.623E-11) (-3.370E-11, 2.934E-11)  1.00E-07
  9.450E+01 5.53724E-20 -2.020E-01 (-2.289E-10, 3.140E-11) (-3.387E-11, 2.908E-11)  1.00E-07
  9.500E+01 5.49518E-20 -2.068E-01 (-2.286E-10, 2.663E-11) (-3.404E-11, 2.882E-11)  1.00E-07
  9.550E+01 5.45436E-20 -2.115E-01 (-2.282E-10, 2.192E-11) (-3.420E-11, 2.856E-11)  1.00E-07
  9.600E+01 5.41476E-20 -2.162E-01 (-2.277E-10, 1.728E-11) (-3.435E-11, 2.830E-11)  1.00E-07
  9.650E+01 5.37634E-20 -2.207E-01 (-2.272E-10, 1.269E-11) (-3.449E-11, 2.804E-11)  1.00E-07
  9.700E+01 5.33908E-20 -2.252E-01 (-2.266E-10, 8.172E-12) (-3.463E-11, 2.777E-11)  1.00E-07
  9.750E+01 5.30294E-20 -2.295E-01 (-2.259E-10, 3.714E-12) (-3.476E-11, 2.751E-11)  1.00E-07
  9.800E+01 5.26788E-20 -2.338E-01 (-2.252E-10,-6.811E-13) (-3.488E-11, 2.724E-11)  1.00E-07
  9.850E+01 5.23389E-20 -2.380E-01 (-2.244E-10,-5.013E-12) (-3.500E-11, 2.698E-11)  1.00E-07
  9.900E+01 5.20092E-20 -2.421E-01 (-2.236E-10,-9.282E-12) (-3.511E-11, 2.671E-11)  1.00E-07
  9.950E+01 5.16897E-20 -2.461E-01 (-2.226E-10,-1.349E-11) (-3.521E-11, 2.644E-11)  1.00E-07
  1.000E+02 5.13798E-20 -2.501E-01 (-2.217E-10,-1.763E-11) (-3.530E-11, 2.617E-11)  1.00E-07
  1.005E+02 5.10795E-20 -2.539E-01 (-2.206E-10,-2.171E-11) (-3.539E-11, 2.590E-11)  1.00E-07
  1.010E+02 5.07885E-20 -2.576E-01 (-2.196E-10,-2.573E-11) (-3.547E-11, 2.563E-11)  1.00E-07
  1.015E+02 5.05065E-20 -2.612E-01 (-2.184E-10,-2.969E-11) (-3.555E-11, 2.536E-11)  1.00E-07
  1.020E+02 5.02332E-20 -2.647E-01 (-2.173E-10,-3.358E-11) (-3.562E-11, 2.510E-11)  1.00E-07
  1.025E+02 4.99684E-20 -2.681E-01 (-2.161E-10,-3.741E-11) (-3.568E-11, 2.483E-11)  1.00E-07
  1.030E+02 4.97120E-20 -2.714E-01 (-2.148E-10,-4.119E-11) (-3.573E-11, 2.456E-11)  1.00E-07
  1.035E+02 4.94637E-20 -2.746E-01 (-2.135E-10,-4.490E-11) (-3.578E-11, 2.429E-11)  1.00E-07
  1.040E+02 4.92232E-20 -2.777E-01 (-2.121E-10,-4.854E-11) (-3.582E-11, 2.402E-11)  1.00E-07
  1.045E+02 4.89904E-20 -2.807E-01 (-2.108E-10,-5.213E-11) (-3.586E-11, 2.375E-11)  1.00E-07
  1.050E+02 4.87651E-20 -2.835E-01 (-2.094E-10,-5.566E-11) (-3.589E-11, 2.348E-11)  1.00E-07
  1.055E+02 4.85470E-20 -2.863E-01 (-2.079E-10,-5.913E-11) (-3.591E-11, 2.321E-11)  1.00E-07
  1.060E+02 4.83360E-20 -2.889E-01 (-2.064E-10,-6.254E-11) (-3.593E-11, 2.295E-11)  1.00E-07
  1.065E+02 4.81319E-20 -2.915E-01 (-2.049E-10,-6.589E-11) (-3.594E-11, 2.268E-11)  1.00E-07
  1.070E+02 4.79344E-20 -2.939E-01 (-2.034E-10,-6.918E-11) (-3.595E-11, 2.241E-11)  1.00E-07
  1.075E+02 4.77435E-20 -2.962E-01 (-2.018E-10,-7.242E-11) (-3.595E-11, 2.215E-11)  1.00E-07
  1.080E+02 4.75590E-20 -2.985E-01 (-2.002E-10,-7.560E-11) (-3.594E-11, 2.188E-11)  1.00E-07
  1.085E+02 4.73806E-20 -3.006E-01 (-1.986E-10,-7.872E-11) (-3.593E-11, 2.162E-11)  1.00E-07
  1.090E+02 4.72083E-20 -3.026E-01 (-1.969E-10,-8.178E-11) (-3.591E-11, 2.135E-11)  1.00E-07
  1.095E+02 4.70418E-20 -3.044E-01 (-1.952E-10,-8.479E-11) (-3.588E-11, 2.109E-11)  1.00E-07
  1.100E+02 4.68810E-20 -3.062E-01 (-1.936E-10,-8.775E-11) (-3.585E-11, 2.083E-11)  1.00E-07
  1.105E+02 4.67257E-20 -3.079E-01 (-1.918E-10,-9.065E-11) (-3.582E-11, 2.057E-11)  1.00E-07
  1.110E+02 4.65759E-20 -3.094E-01 (-1.901E-10,-9.349E-11) (-3.578E-11, 2.031E-11)  1.00E-07
  1.115E+02 4.64313E-20 -3.109E-01 (-1.884E-10,-9.628E-11) (-3.573E-11, 2.005E-11)  1.00E-07
  1.120E+02 4.62918E-20 -3.123E-01 (-1.866E-10,-9.902E-11) (-3.568E-11, 1.980E-11)  1.00E-07
  1.125E+02 4.61574E-20 -3.135E-01 (-1.848E-10,-1.017E-10) (-3.562E-11, 1.954E-11)  1.00E-07
  1.130E+02 4.60277E-20 -3.146E-01 (-1.830E-10,-1.043E-10) (-3.556E-11, 1.929E-11)  1.00E-07
  1.135E+02 4.59028E-20 -3.157E-01 (-1.812E-10,-1.069E-10) (-3.549E-11, 1.904E-11)  1.00E-07
  1.140E+02 4.57824E-20 -3.166E-01 (-1.794E-10,-1.095E-10) (-3.542E-11, 1.878E-11)  1.00E-07
  1.145E+02 4.56666E-20 -3.174E-01 (-1.776E-10,-1.120E-10) (-3.534E-11, 1.853E-11)  1.00E-07
  1.150E+02 4.55550E-20 -3.182E-01 (-1.758E-10,-1.144E-10) (-3.526E-11, 1.828E-11)  1.00E-07
  1.155E+02 4.54477E-20 -3.188E-01 (-1.739E-10,-1.168E-10) (-3.517E-11, 1.804E-11)  1.00E-07
  1.160E+02 4.53445E-20 -3.193E-01 (-1.721E-10,-1.191E-10) (-3.508E-11, 1.779E-11)  1.00E-07
  1.165E+02 4.52453E-20 -3.197E-01 (-1.702E-10,-1.214E-10) (-3.498E-11, 1.755E-11)  1.00E-07
  1.170E+02 4.51500E-20 -3.201E-01 (-1.684E-10,-1.237E-10) (-3.488E-11, 1.731E-11)  1.00E-07
  1.175E+02 4.50584E-20 -3.203E-01 (-1.665E-10,-1.258E-10) (-3.477E-11, 1.706E-11)  1.00E-07
  1.180E+02 4.49706E-20 -3.205E-01 (-1.646E-10,-1.280E-10) (-3.466E-11, 1.682E-11)  1.00E-07
  1.185E+02 4.48863E-20 -3.205E-01 (-1.628E-10,-1.301E-10) (-3.454E-11, 1.659E-11)  1.00E-07
  1.190E+02 4.48054E-20 -3.205E-01 (-1.609E-10,-1.322E-10) (-3.442E-11, 1.635E-11)  1.00E-07
  1.195E+02 4.47280E-20 -3.204E-01 (-1.590E-10,-1.342E-10) (-3.429E-11, 1.612E-11)  1.00E-07
  1.200E+02 4.46538E-20 -3.202E-01 (-1.571E-10,-1.362E-10) (-3.416E-11, 1.588E-11)  1.00E-07
  1.205E+02 4.45828E-20 -3.199E-01 (-1.553E-10,-1.381E-10) (-3.403E-11, 1.565E-11)  1.00E-07
  1.210E+02 4.45150E-20 -3.195E-01 (-1.534E-10,-1.400E-10) (-3.389E-11, 1.542E-11)  1.00E-07
  1.215E+02 4.44501E-20 -3.190E-01 (-1.515E-10,-1.419E-10) (-3.374E-11, 1.520E-11)  1.00E-07
  1.220E+02 4.43881E-20 -3.184E-01 (-1.496E-10,-1.437E-10) (-3.360E-11, 1.497E-11)  1.00E-07
  1.225E+02 4.43290E-20 -3.178E-01 (-1.478E-10,-1.455E-10) (-3.345E-11, 1.475E-11)  1.00E-07
  1.230E+02 4.42727E-20 -3.171E-01 (-1.459E-10,-1.472E-10) (-3.329E-11, 1.453E-11)  1.00E-07
  1.235E+02 4.42190E-20 -3.163E-01 (-1.440E-10,-1.489E-10) (-3.313E-11, 1.431E-11)  1.00E-07
  1.240E+02 4.41679E-20 -3.154E-01 (-1.422E-10,-1.506E-10) (-3.297E-11, 1.409E-11)  1.00E-07
  1.245E+02 4.41193E-20 -3.145E-01 (-1.403E-10,-1.522E-10) (-3.280E-11, 1.387E-11)  1.00E-07
  1.250E+02 4.40732E-20 -3.135E-01 (-1.385E-10,-1.538E-10) (-3.263E-11, 1.366E-11)  1.00E-07
  1.255E+02 4.40294E-20 -3.124E-01 (-1.366E-10,-1.553E-10) (-3.245E-11, 1.344E-11)  1.00E-07
  1.260E+02 4.39880E-20 -3.112E-01 (-1.348E-10,-1.568E-10) (-3.227E-11, 1.323E-11)  1.00E-07
  1.265E+02 4.39487E-20 -3.100E-01 (-1.330E-10,-1.583E-10) (-3.209E-11, 1.303E-11)  1.00E-07
  1.270E+02 4.39117E-20 -3.087E-01 (-1.312E-10,-1.598E-10) (-3.190E-11, 1.282E-11)  1.00E-07
  1.275E+02 4.38767E-20 -3.074E-01 (-1.294E-10,-1.612E-10) (-3.171E-11, 1.261E-11)  1.00E-07
  1.280E+02 4.38437E-20 -3.059E-01 (-1.276E-10,-1.626E-10) (-3.152E-11, 1.241E-11)  1.00E-07
  1.285E+02 4.38128E-20 -3.044E-01 (-1.258E-10,-1.639E-10) (-3.132E-11, 1.221E-11)  1.00E-07
  1.290E+02 4.37837E-20 -3.029E-01 (-1.240E-10,-1.652E-10) (-3.112E-11, 1.201E-11)  1.00E-07
  1.295E+02 4.37564E-20 -3.013E-01 (-1.222E-10,-1.665E-10) (-3.092E-11, 1.181E-11)  1.00E-07
  1.300E+02 4.37310E-20 -2.996E-01 (-1.205E-10,-1.678E-10) (-3.071E-11, 1.162E-11)  1.00E-07
  1.305E+02 4.37072E-20 -2.979E-01 (-1.187E-10,-1.690E-10) (-3.050E-11, 1.143E-11)  1.00E-07
  1.310E+02 4.36852E-20 -2.961E-01 (-1.170E-10,-1.702E-10) (-3.028E-11, 1.124E-11)  1.00E-07
  1.315E+02 4.36647E-20 -2.943E-01 (-1.153E-10,-1.713E-10) (-3.007E-11, 1.105E-11)  1.00E-07
  1.320E+02 4.36458E-20 -2.924E-01 (-1.135E-10,-1.725E-10) (-2.985E-11, 1.086E-11)  1.00E-07
  1.325E+02 4.36284E-20 -2.904E-01 (-1.118E-10,-1.736E-10) (-2.962E-11, 1.067E-11)  1.00E-07
  1.330E+02 4.36125E-20 -2.884E-01 (-1.101E-10,-1.747E-10) (-2.940E-11, 1.049E-11)  1.00E-07
  1.335E+02 4.35979E-20 -2.864E-01 (-1.085E-10,-1.757E-10) (-2.917E-11, 1.031E-11)  1.00E-07
  1.340E+02 4.35847E-20 -2.843E-01 (-1.068E-10,-1.767E-10) (-2.893E-11, 1.013E-11)  1.00E-07
  1.345E+02 4.35729E-20 -2.822E-01 (-1.051E-10,-1.777E-10) (-2.870E-11, 9.952E-12)  1.00E-07
  1.350E+02 4.35622E-20 -2.800E-01 (-1.035E-10,-1.787E-10) (-2.846E-11, 9.777E-12)  1.00E-07
  1.355E+02 4.35528E-20 -2.778E-01 (-1.019E-10,-1.797E-10) (-2.822E-11, 9.604E-12)  1.00E-07
  1.360E+02 4.35446E-20 -2.755E-01 (-1.003E-10,-1.806E-10) (-2.798E-11, 9.432E-12)  1.00E-07
  1.365E+02 4.35374E-20 -2.732E-01 (-9.868E-11,-1.815E-10) (-2.773E-11, 9.262E-12)  1.00E-07
  1.370E+02 4.35314E-20 -2.708E-01 (-9.710E-11,-1.824E-10) (-2.748E-11, 9.095E-12)  1.00E-07
  1.375E+02 4.35263E-20 -2.685E-01 (-9.553E-11,-1.832E-10) (-2.723E-11, 8.929E-12)  1.00E-07
  1.380E+02 4.35223E-20 -2.660E-01 (-9.398E-11,-1.841E-10) (-2.697E-11, 8.765E-12)  1.00E-07
  1.385E+02 4.35193E-20 -2.636E-01 (-9.245E-11,-1.849E-10) (-2.672E-11, 8.603E-12)  1.00E-07
  1.390E+02 4.35171E-20 -2.611E-01 (-9.093E-11,-1.857E-10) (-2.646E-11, 8.443E-12)  1.00E-07
  1.395E+02 4.35158E-20 -2.585E-01 (-8.942E-11,-1.865E-10) (-2.619E-11, 8.285E-12)  1.00E-07
  1.400E+02 4.35154E-20 -2.559E-01 (-8.794E-11,-1.872E-10) (-2.593E-11, 8.128E-12)  1.00E-07
  1.405E+02 4.35158E-20 -2.533E-01 (-8.646E-11,-1.879E-10) (-2.566E-11, 7.974E-12)  1.00E-07
  1.410E+02 4.35169E-20 -2.507E-01 (-8.501E-11,-1.886E-10) (-2.539E-11, 7.821E-12)  1.00E-07
  1.415E+02 4.35188E-20 -2.480E-01 (-8.357E-11,-1.893E-10) (-2.512E-11, 7.670E-12)  1.00E-07
  1.420E+02 4.35213E-20 -2.453E-01 (-8.214E-11,-1.900E-10) (-2.485E-11, 7.521E-12)  1.00E-07
  1.425E+02 4.35246E-20 -2.426E-01 (-8.073E-11,-1.907E-10) (-2.457E-11, 7.374E-12)  1.00E-07
  1.430E+02 4.35284E-20 -2.399E-01 (-7.934E-11,-1.913E-10) (-2.429E-11, 7.229E-12)  1.00E-07
  1.435E+02 4.35329E-20 -2.371E-01 (-7.797E-11,-1.919E-10) (-2.401E-11, 7.085E-12)  1.00E-07
  1.440E+02 4.35379E-20 -2.343E-01 (-7.661E-11,-1.925E-10) (-2.373E-11, 6.943E-12)  1.00E-07
  1.445E+02 4.35435E-20 -2.315E-01 (-7.527E-11,-1.931E-10) (-2.345E-11, 6.803E-12)  1.00E-07
  1.450E+02 4.35496E-20 -2.286E-01 (-7.395E-11,-1.936E-10) (-2.316E-11, 6.664E-12)  1.00E-07
  1.455E+02 4.35562E-20 -2.257E-01 (-7.265E-11,-1.942E-10) (-2.287E-11, 6.528E-12)  1.00E-07
  1.460E+02 4.35632E-20 -2.228E-01 (-7.136E-11,-1.947E-10) (-2.258E-11, 6.393E-12)  1.00E-07
  1.465E+02 4.35707E-20 -2.199E-01 (-7.009E-11,-1.952E-10) (-2.229E-11, 6.259E-12)  1.00E-07
  1.470E+02 4.35785E-20 -2.169E-01 (-6.884E-11,-1.958E-10) (-2.199E-11, 6.128E-12)  1.00E-07
  1.475E+02 4.35867E-20 -2.140E-01 (-6.760E-11,-1.962E-10) (-2.170E-11, 5.997E-12)  1.00E-07
  1.480E+02 4.35953E-20 -2.110E-01 (-6.639E-11,-1.967E-10) (-2.140E-11, 5.869E-12)  1.00E-07
  1.485E+02 4.36042E-20 -2.080E-01 (-6.519E-11,-1.972E-10) (-2.110E-11, 5.742E-12)  1.00E-07
  1.490E+02 4.36134E-20 -2.050E-01 (-6.401E-11,-1.976E-10) (-2.080E-11, 5.617E-12)  1.00E-07
  1.495E+02 4.36229E-20 -2.019E-01 (-6.285E-11,-1.980E-10) (-2.050E-11, 5.493E-12)  1.00E-07
  1.500E+02 4.36326E-20 -1.989E-01 (-6.170E-11,-1.985E-10) (-2.019E-11, 5.371E-12)  1.00E-07
  1.505E+02 4.36426E-20 -1.958E-01 (-6.058E-11,-1.989E-10) (-1.988E-11, 5.250E-12)  1.00E-07
  1.510E+02 4.36528E-20 -1.927E-01 (-5.947E-11,-1.993E-10) (-1.958E-11, 5.131E-12)  1.00E-07
  1.515E+02 4.36631E-20 -1.896E-01 (-5.838E-11,-1.996E-10) (-1.927E-11, 5.014E-12)  1.00E-07
  1.520E+02 4.36737E-20 -1.865E-01 (-5.731E-11,-2.000E-10) (-1.896E-11, 4.898E-12)  1.00E-07
  1.525E+02 4.36843E-20 -1.833E-01 (-5.625E-11,-2.004E-10) (-1.864E-11, 4.783E-12)  1.00E-07
  1.530E+02 4.36952E-20 -1.802E-01 (-5.522E-11,-2.007E-10) (-1.833E-11, 4.670E-12)  1.00E-07
  1.535E+02 4.37061E-20 -1.770E-01 (-5.420E-11,-2.011E-10) (-1.801E-11, 4.558E-12)  1.00E-07
  1.540E+02 4.37171E-20 -1.739E-01 (-5.321E-11,-2.014E-10) (-1.770E-11, 4.447E-12)  1.00E-07
  1.545E+02 4.37281E-20 -1.707E-01 (-5.223E-11,-2.017E-10) (-1.738E-11, 4.338E-12)  1.00E-07
  1.550E+02 4.37393E-20 -1.675E-01 (-5.127E-11,-2.020E-10) (-1.706E-11, 4.230E-12)  1.00E-07
  1.555E+02 4.37504E-20 -1.643E-01 (-5.033E-11,-2.023E-10) (-1.674E-11, 4.124E-12)  1.00E-07
  1.560E+02 4.37616E-20 -1.610E-01 (-4.940E-11,-2.026E-10) (-1.642E-11, 4.019E-12)  1.00E-07
  1.565E+02 4.37728E-20 -1.578E-01 (-4.850E-11,-2.028E-10) (-1.609E-11, 3.915E-12)  1.00E-07
  1.570E+02 4.37840E-20 -1.546E-01 (-4.762E-11,-2.031E-10) (-1.577E-11, 3.812E-12)  1.00E-07
  1.575E+02 4.37951E-20 -1.513E-01 (-4.675E-11,-2.034E-10) (-1.544E-11, 3.711E-12)  1.00E-07
  1.580E+02 4.38062E-20 -1.481E-01 (-4.590E-11,-2.036E-10) (-1.511E-11, 3.610E-12)  1.00E-07
  1.585E+02 4.38173E-20 -1.448E-01 (-4.507E-11,-2.038E-10) (-1.479E-11, 3.511E-12)  1.00E-07
  1.590E+02 4.38283E-20 -1.415E-01 (-4.427E-11,-2.041E-10) (-1.446E-11, 3.414E-12)  1.00E-07
  1.595E+02 4.38392E-20 -1.382E-01 (-4.347E-11,-2.043E-10) (-1.413E-11, 3.317E-12)  1.00E-07
  1.600E+02 4.38500E-20 -1.350E-01 (-4.270E-11,-2.045E-10) (-1.380E-11, 3.221E-12)  1.00E-07
  1.605E+02 4.38607E-20 -1.317E-01 (-4.195E-11,-2.047E-10) (-1.346E-11, 3.126E-12)  1.00E-07
  1.610E+02 4.38712E-20 -1.284E-01 (-4.122E-11,-2.049E-10) (-1.313E-11, 3.033E-12)  1.00E-07
  1.615E+02 4.38817E-20 -1.250E-01 (-4.050E-11,-2.051E-10) (-1.280E-11, 2.940E-12)  1.00E-07
  1.620E+02 4.38920E-20 -1.217E-01 (-3.981E-11,-2.053E-10) (-1.246E-11, 2.849E-12)  1.00E-07
  1.625E+02 4.39021E-20 -1.184E-01 (-3.913E-11,-2.055E-10) (-1.212E-11, 2.758E-12)  1.00E-07
  1.630E+02 4.39121E-20 -1.151E-01 (-3.847E-11,-2.056E-10) (-1.179E-11, 2.669E-12)  1.00E-07
  1.635E+02 4.39219E-20 -1.117E-01 (-3.783E-11,-2.058E-10) (-1.145E-11, 2.580E-12)  1.00E-07
  1.640E+02 4.39315E-20 -1.084E-01 (-3.721E-11,-2.060E-10) (-1.111E-11, 2.492E-12)  1.00E-07
  1.645E+02 4.39409E-20 -1.051E-01 (-3.661E-11,-2.061E-10) (-1.077E-11, 2.405E-12)  1.00E-07
  1.650E+02 4.39500E-20 -1.017E-01 (-3.603E-11,-2.062E-10) (-1.043E-11, 2.319E-12)  1.00E-07
  1.655E+02 4.39590E-20 -9.836E-02 (-3.547E-11,-2.064E-10) (-1.009E-11, 2.234E-12)  1.00E-07
  1.660E+02 4.39678E-20 -9.500E-02 (-3.492E-11,-2.065E-10) (-9.749E-12, 2.150E-12)  1.00E-07
  1.665E+02 4.39763E-20 -9.164E-02 (-3.440E-11,-2.066E-10) (-9.407E-12, 2.066E-12)  1.00E-07
  1.670E+02 4.39846E-20 -8.827E-02 (-3.389E-11,-2.068E-10) (-9.064E-12, 1.983E-12)  1.00E-07
  1.675E+02 4.39926E-20 -8.491E-02 (-3.341E-11,-2.069E-10) (-8.721E-12, 1.901E-12)  1.00E-07
  1.680E+02 4.40004E-20 -8.153E-02 (-3.294E-11,-2.070E-10) (-8.377E-12, 1.820E-12)  1.00E-07
  1.685E+02 4.40079E-20 -7.816E-02 (-3.249E-11,-2.071E-10) (-8.032E-12, 1.739E-12)  1.00E-07
  1.690E+02 4.40151E-20 -7.478E-02 (-3.206E-11,-2.072E-10) (-7.687E-12, 1.659E-12)  1.00E-07
  1.695E+02 4.40221E-20 -7.140E-02 (-3.165E-11,-2.073E-10) (-7.341E-12, 1.579E-12)  1.00E-07
  1.700E+02 4.40287E-20 -6.802E-02 (-3.126E-11,-2.074E-10) (-6.995E-12, 1.500E-12)  1.00E-07
  1.705E+02 4.40351E-20 -6.463E-02 (-3.089E-11,-2.074E-10) (-6.648E-12, 1.422E-12)  1.00E-07
  1.710E+02 4.40412E-20 -6.124E-02 (-3.054E-11,-2.075E-10) (-6.300E-12, 1.344E-12)  1.00E-07
  1.715E+02 4.40470E-20 -5.785E-02 (-3.020E-11,-2.076E-10) (-5.953E-12, 1.266E-12)  1.00E-07
  1.720E+02 4.40525E-20 -5.446E-02 (-2.989E-11,-2.077E-10) (-5.605E-12, 1.189E-12)  1.00E-07
  1.725E+02 4.40576E-20 -5.106E-02 (-2.959E-11,-2.077E-10) (-5.256E-12, 1.113E-12)  1.00E-07
  1.730E+02 4.40625E-20 -4.767E-02 (-2.932E-11,-2.078E-10) (-4.907E-12, 1.037E-12)  1.00E-07
  1.735E+02 4.40671E-20 -4.427E-02 (-2.906E-11,-2.078E-10) (-4.558E-12, 9.610E-13)  1.00E-07
  1.740E+02 4.40713E-20 -4.087E-02 (-2.882E-11,-2.079E-10) (-4.209E-12, 8.857E-13)  1.00E-07
  1.745E+02 4.40752E-20 -3.747E-02 (-2.860E-11,-2.079E-10) (-3.859E-12, 8.107E-13)  1.00E-07
  1.750E+02 4.40787E-20 -3.406E-02 (-2.840E-11,-2.080E-10) (-3.509E-12, 7.360E-13)  1.00E-07
  1.755E+02 4.40820E-20 -3.066E-02 (-2.822E-11,-2.080E-10) (-3.159E-12, 6.616E-13)  1.00E-07
  1.760E+02 4.40849E-20 -2.726E-02 (-2.806E-11,-2.081E-10) (-2.808E-12, 5.875E-13)  1.00E-07
  1.765E+02 4.40874E-20 -2.385E-02 (-2.791E-11,-2.081E-10) (-2.458E-12, 5.136E-13)  1.00E-07
  1.770E+02 4.40897E-20 -2.045E-02 (-2.779E-11,-2.081E-10) (-2.107E-12, 4.398E-13)  1.00E-07
  1.775E+02 4.40916E-20 -1.704E-02 (-2.768E-11,-2.081E-10) (-1.756E-12, 3.663E-13)  1.00E-07
  1.780E+02 4.40931E-20 -1.363E-02 (-2.760E-11,-2.082E-10) (-1.405E-12, 2.928E-13)  1.00E-07
  1.785E+02 4.40943E-20 -1.022E-02 (-2.753E-11,-2.082E-10) (-1.054E-12, 2.195E-13)  1.00E-07
  1.790E+02 4.40952E-20 -6.816E-03 (-2.748E-11,-2.082E-10) (-7.026E-13, 1.463E-13)  1.00E-07
  1.795E+02 4.40957E-20 -3.408E-03 (-2.746E-11,-2.082E-10) (-3.513E-13, 7.314E-14)  1.00E-07
  1.800E+02 4.40959E-20 -4.783E-17 (-2.745E-11,-2.082E-10) (-4.930E-27, 1.026E-27)  1.00E-07

  TOTAL ELASTIC CROSS SECTION = 4.934731E-17 cm**2
               FROM DCS TABLE = 4.933807E-17  (REL. DIF. = 1.87E-04)

  1ST TRANSPORT CROSS SECTION = 1.212605E-18 cm**2
               FROM DCS TABLE = 1.212603E-18  (REL. DIF. = 1.86E-06)

  2ND TRANSPORT CROSS SECTION = 2.271288E-18 cm**2

  **** DPWA0 ENDED ************************************************************

