 #  Scattering field.
 #  All quantities in atomic units (a.u.), unless otherwise indicated.
 #  Z =  80, NELEC =  80,   projectile: electron
 #  Kinetic energy = 9.18733E+02 a.u. = 2.50000E+04 eV
 #
 #   i       r           r*V         r*Vst        r*Vex       r*Vpol       r*Wabs        rho_e
 #------------------------------------------------------------------------------------------------
     1  0.00000E+00 -0.00000E+00 -0.00000E+00 -0.00000E+00  0.00000E+00  0.00000E+00  2.43655E+06
     2  2.73270E-07 -2.64027E-01 -2.63992E-01 -3.50542E-05  0.00000E+00  0.00000E+00  2.43655E+06
     3  5.52859E-07 -5.34157E-01 -5.34086E-01 -7.08571E-05  0.00000E+00  0.00000E+00  2.43052E+06
     4  8.38903E-07 -8.10517E-01 -8.10409E-01 -1.07425E-04  0.00000E+00  0.00000E+00  2.42456E+06
     5  1.13155E-06 -1.09325E+00 -1.09310E+00 -1.44777E-04  0.00000E+00  0.00000E+00  2.41869E+06
     6  1.43096E-06 -1.38249E+00 -1.38231E+00 -1.82930E-04  0.00000E+00  0.00000E+00  2.41291E+06
     7  1.73727E-06 -1.67840E+00 -1.67818E+00 -2.21905E-04  0.00000E+00  0.00000E+00  2.40723E+06
     8  2.05066E-06 -1.98111E+00 -1.98085E+00 -2.61722E-04  0.00000E+00  0.00000E+00  2.40166E+06
     9  2.37129E-06 -2.29079E+00 -2.29049E+00 -3.02400E-04  0.00000E+00  0.00000E+00  2.39619E+06
    10  2.69932E-06 -2.60758E+00 -2.60724E+00 -3.43962E-04  0.00000E+00  0.00000E+00  2.39084E+06
    11  3.03492E-06 -2.93164E+00 -2.93126E+00 -3.86429E-04  0.00000E+00  0.00000E+00  2.38562E+06
    12  3.37827E-06 -3.26314E+00 -3.26271E+00 -4.29824E-04  0.00000E+00  0.00000E+00  2.38053E+06
    13  3.72955E-06 -3.60224E+00 -3.60177E+00 -4.74170E-04  0.00000E+00  0.00000E+00  2.37558E+06
    14  4.08893E-06 -3.94910E+00 -3.94858E+00 -5.19492E-04  0.00000E+00  0.00000E+00  2.37078E+06
    15  4.45662E-06 -4.30390E+00 -4.30333E+00 -5.65815E-04  0.00000E+00  0.00000E+00  2.36613E+06
    16  4.83279E-06 -4.66680E+00 -4.66619E+00 -6.13164E-04  0.00000E+00  0.00000E+00  2.36164E+06
    17  5.21765E-06 -5.03799E+00 -5.03733E+00 -6.61567E-04  0.00000E+00  0.00000E+00  2.35732E+06
    18  5.61140E-06 -5.41764E+00 -5.41693E+00 -7.11051E-04  0.00000E+00  0.00000E+00  2.35317E+06
    19  6.01423E-06 -5.80593E+00 -5.80517E+00 -7.61643E-04  0.00000E+00  0.00000E+00  2.34919E+06
    20  6.42637E-06 -6.20306E+00 -6.20224E+00 -8.13374E-04  0.00000E+00  0.00000E+00  2.34540E+06
    21  6.84802E-06 -6.60920E+00 -6.60833E+00 -8.66273E-04  0.00000E+00  0.00000E+00  2.34180E+06
    22  7.27941E-06 -7.02454E+00 -7.02362E+00 -9.20372E-04  0.00000E+00  0.00000E+00  2.33840E+06
    23  7.72076E-06 -7.44929E+00 -7.44831E+00 -9.75702E-04  0.00000E+00  0.00000E+00  2.33519E+06
    24  8.17229E-06 -7.88363E+00 -7.88260E+00 -1.03230E-03  0.00000E+00  0.00000E+00  2.33218E+06
    25  8.63426E-06 -8.32777E+00 -8.32668E+00 -1.09019E-03  0.00000E+00  0.00000E+00  2.32937E+06
    26  9.10688E-06 -8.78191E+00 -8.78076E+00 -1.14941E-03  0.00000E+00  0.00000E+00  2.32677E+06
    27  9.59042E-06 -9.24625E+00 -9.24504E+00 -1.21000E-03  0.00000E+00  0.00000E+00  2.32437E+06
    28  1.00851E-05 -9.72100E+00 -9.71973E+00 -1.27199E-03  0.00000E+00  0.00000E+00  2.32218E+06
    29  1.05913E-05 -1.02064E+01 -1.02050E+01 -1.33543E-03  0.00000E+00  0.00000E+00  2.32019E+06
    30  1.11091E-05 -1.07026E+01 -1.07012E+01 -1.40033E-03  0.00000E+00  0.00000E+00  2.31839E+06
    31  1.16388E-05 -1.12098E+01 -1.12083E+01 -1.46676E-03  0.00000E+00  0.00000E+00  2.31679E+06
    32  1.21808E-05 -1.17283E+01 -1.17267E+01 -1.53473E-03  0.00000E+00  0.00000E+00  2.31537E+06
    33  1.27353E-05 -1.22582E+01 -1.22566E+01 -1.60429E-03  0.00000E+00  0.00000E+00  2.31413E+06
    34  1.33027E-05 -1.27999E+01 -1.27982E+01 -1.67548E-03  0.00000E+00  0.00000E+00  2.31305E+06
    35  1.38831E-05 -1.33534E+01 -1.33517E+01 -1.74834E-03  0.00000E+00  0.00000E+00  2.31212E+06
    36  1.44769E-05 -1.39191E+01 -1.39173E+01 -1.82289E-03  0.00000E+00  0.00000E+00  2.31131E+06
    37  1.50844E-05 -1.44972E+01 -1.44953E+01 -1.89919E-03  0.00000E+00  0.00000E+00  2.31062E+06
    38  1.57059E-05 -1.50878E+01 -1.50858E+01 -1.97726E-03  0.00000E+00  0.00000E+00  2.31000E+06
    39  1.63418E-05 -1.56912E+01 -1.56891E+01 -2.05714E-03  0.00000E+00  0.00000E+00  2.30944E+06
    40  1.69924E-05 -1.63076E+01 -1.63055E+01 -2.13886E-03  0.00000E+00  0.00000E+00  2.30890E+06
    41  1.76580E-05 -1.69372E+01 -1.69350E+01 -2.22245E-03  0.00000E+00  0.00000E+00  2.30833E+06
    42  1.83390E-05 -1.75803E+01 -1.75780E+01 -2.30794E-03  0.00000E+00  0.00000E+00  2.30773E+06
    43  1.90357E-05 -1.82371E+01 -1.82347E+01 -2.39539E-03  0.00000E+00  0.00000E+00  2.30709E+06
    44  1.97485E-05 -1.89077E+01 -1.89052E+01 -2.48482E-03  0.00000E+00  0.00000E+00  2.30642E+06
    45  2.04777E-05 -1.95924E+01 -1.95898E+01 -2.57630E-03  0.00000E+00  0.00000E+00  2.30570E+06
    46  2.12238E-05 -2.02914E+01 -2.02887E+01 -2.66985E-03  0.00000E+00  0.00000E+00  2.30494E+06
    47  2.19871E-05 -2.10049E+01 -2.10021E+01 -2.76553E-03  0.00000E+00  0.00000E+00  2.30414E+06
    48  2.27680E-05 -2.17331E+01 -2.17302E+01 -2.86338E-03  0.00000E+00  0.00000E+00  2.30329E+06
    49  2.35669E-05 -2.24761E+01 -2.24732E+01 -2.96345E-03  0.00000E+00  0.00000E+00  2.30239E+06
    50  2.43843E-05 -2.32342E+01 -2.32312E+01 -3.06579E-03  0.00000E+00  0.00000E+00  2.30144E+06
    51  2.52206E-05 -2.40076E+01 -2.40044E+01 -3.17044E-03  0.00000E+00  0.00000E+00  2.30043E+06
    52  2.60762E-05 -2.47963E+01 -2.47931E+01 -3.27746E-03  0.00000E+00  0.00000E+00  2.29937E+06
    53  2.69515E-05 -2.56006E+01 -2.55972E+01 -3.38690E-03  0.00000E+00  0.00000E+00  2.29825E+06
    54  2.78470E-05 -2.64206E+01 -2.64171E+01 -3.49880E-03  0.00000E+00  0.00000E+00  2.29706E+06
    55  2.87632E-05 -2.72564E+01 -2.72528E+01 -3.61323E-03  0.00000E+00  0.00000E+00  2.29581E+06
    56  2.97006E-05 -2.81082E+01 -2.81044E+01 -3.73022E-03  0.00000E+00  0.00000E+00  2.29449E+06
    57  3.06596E-05 -2.89759E+01 -2.89721E+01 -3.84985E-03  0.00000E+00  0.00000E+00  2.29310E+06
    58  3.16408E-05 -2.98598E+01 -2.98558E+01 -3.97216E-03  0.00000E+00  0.00000E+00  2.29164E+06
    59  3.26446E-05 -3.07598E+01 -3.07558E+01 -4.09720E-03  0.00000E+00  0.00000E+00  2.29010E+06
    60  3.36715E-05 -3.16761E+01 -3.16719E+01 -4.22504E-03  0.00000E+00  0.00000E+00  2.28847E+06
    61  3.47222E-05 -3.26085E+01 -3.26042E+01 -4.35573E-03  0.00000E+00  0.00000E+00  2.28676E+06
    62  3.57972E-05 -3.35572E+01 -3.35527E+01 -4.48933E-03  0.00000E+00  0.00000E+00  2.28496E+06
    63  3.68969E-05 -3.45219E+01 -3.45173E+01 -4.62591E-03  0.00000E+00  0.00000E+00  2.28307E+06
    64  3.80221E-05 -3.55027E+01 -3.54980E+01 -4.76551E-03  0.00000E+00  0.00000E+00  2.28108E+06
    65  3.91732E-05 -3.64995E+01 -3.64946E+01 -4.90820E-03  0.00000E+00  0.00000E+00  2.27899E+06
    66  4.03510E-05 -3.75121E+01 -3.75070E+01 -5.05404E-03  0.00000E+00  0.00000E+00  2.27680E+06
    67  4.15559E-05 -3.85402E+01 -3.85350E+01 -5.20310E-03  0.00000E+00  0.00000E+00  2.27449E+06
    68  4.27886E-05 -3.95837E+01 -3.95783E+01 -5.35544E-03  0.00000E+00  0.00000E+00  2.27207E+06
    69  4.40498E-05 -4.06422E+01 -4.06366E+01 -5.51111E-03  0.00000E+00  0.00000E+00  2.26952E+06
    70  4.53401E-05 -4.17153E+01 -4.17097E+01 -5.67020E-03  0.00000E+00  0.00000E+00  2.26686E+06
    71  4.66602E-05 -4.28028E+01 -4.27970E+01 -5.83275E-03  0.00000E+00  0.00000E+00  2.26406E+06
    72  4.80107E-05 -4.39040E+01 -4.38980E+01 -5.99884E-03  0.00000E+00  0.00000E+00  2.26113E+06
    73  4.93925E-05 -4.50185E+01 -4.50123E+01 -6.16853E-03  0.00000E+00  0.00000E+00  2.25805E+06
    74  5.08061E-05 -4.61456E+01 -4.61392E+01 -6.34189E-03  0.00000E+00  0.00000E+00  2.25484E+06
    75  5.22524E-05 -4.72845E+01 -4.72780E+01 -6.51899E-03  0.00000E+00  0.00000E+00  2.25147E+06
    76  5.37321E-05 -4.84346E+01 -4.84279E+01 -6.69989E-03  0.00000E+00  0.00000E+00  2.24794E+06
    77  5.52459E-05 -4.95948E+01 -4.95879E+01 -6.88467E-03  0.00000E+00  0.00000E+00  2.24425E+06
    78  5.67947E-05 -5.07643E+01 -5.07572E+01 -7.07339E-03  0.00000E+00  0.00000E+00  2.24039E+06
    79  5.83793E-05 -5.19417E+01 -5.19345E+01 -7.26612E-03  0.00000E+00  0.00000E+00  2.23636E+06
    80  6.00004E-05 -5.31261E+01 -5.31186E+01 -7.46293E-03  0.00000E+00  0.00000E+00  2.23215E+06
    81  6.16590E-05 -5.43158E+01 -5.43081E+01 -7.66389E-03  0.00000E+00  0.00000E+00  2.22775E+06
    82  6.33559E-05 -5.55095E+01 -5.55016E+01 -7.86908E-03  0.00000E+00  0.00000E+00  2.22315E+06
    83  6.50919E-05 -5.67054E+01 -5.66973E+01 -8.07856E-03  0.00000E+00  0.00000E+00  2.21836E+06
    84  6.68680E-05 -5.79018E+01 -5.78935E+01 -8.29240E-03  0.00000E+00  0.00000E+00  2.21336E+06
    85  6.86852E-05 -5.90966E+01 -5.90881E+01 -8.51067E-03  0.00000E+00  0.00000E+00  2.20816E+06
    86  7.05442E-05 -6.02876E+01 -6.02789E+01 -8.73345E-03  0.00000E+00  0.00000E+00  2.20273E+06
    87  7.24462E-05 -6.14725E+01 -6.14635E+01 -8.96080E-03  0.00000E+00  0.00000E+00  2.19708E+06
    88  7.43922E-05 -6.26486E+01 -6.26394E+01 -9.19281E-03  0.00000E+00  0.00000E+00  2.19120E+06
    89  7.63830E-05 -6.38132E+01 -6.38038E+01 -9.42953E-03  0.00000E+00  0.00000E+00  2.18509E+06
    90  7.84198E-05 -6.49632E+01 -6.49535E+01 -9.67104E-03  0.00000E+00  0.00000E+00  2.17874E+06
    91  8.05036E-05 -6.60953E+01 -6.60854E+01 -9.91741E-03  0.00000E+00  0.00000E+00  2.17214E+06
    92  8.26356E-05 -6.72061E+01 -6.71959E+01 -1.01687E-02  0.00000E+00  0.00000E+00  2.16530E+06
    93  8.48167E-05 -6.82918E+01 -6.82813E+01 -1.04250E-02  0.00000E+00  0.00000E+00  2.15819E+06
    94  8.70483E-05 -6.93484E+01 -6.93377E+01 -1.06864E-02  0.00000E+00  0.00000E+00  2.15083E+06
    95  8.93313E-05 -7.03718E+01 -7.03608E+01 -1.09530E-02  0.00000E+00  0.00000E+00  2.14321E+06
    96  9.16671E-05 -7.13576E+01 -7.13464E+01 -1.12248E-02  0.00000E+00  0.00000E+00  2.13532E+06
    97  9.40568E-05 -7.23014E+01 -7.22899E+01 -1.15018E-02  0.00000E+00  0.00000E+00  2.12716E+06
    98  9.65016E-05 -7.31986E+01 -7.31868E+01 -1.17843E-02  0.00000E+00  0.00000E+00  2.11874E+06
    99  9.90029E-05 -7.40449E+01 -7.40328E+01 -1.20722E-02  0.00000E+00  0.00000E+00  2.11004E+06
   100  1.01562E-04 -7.48359E+01 -7.48235E+01 -1.23656E-02  0.00000E+00  0.00000E+00  2.10106E+06
   101  1.04180E-04 -7.55677E+01 -7.55551E+01 -1.26646E-02  0.00000E+00  0.00000E+00  2.09182E+06
   102  1.06859E-04 -7.62372E+01 -7.62242E+01 -1.29694E-02  0.00000E+00  0.00000E+00  2.08231E+06
   103  1.09599E-04 -7.68417E+01 -7.68284E+01 -1.32799E-02  0.00000E+00  0.00000E+00  2.07252E+06
   104  1.12403E-04 -7.73800E+01 -7.73664E+01 -1.35962E-02  0.00000E+00  0.00000E+00  2.06248E+06
   105  1.15271E-04 -7.78520E+01 -7.78381E+01 -1.39185E-02  0.00000E+00  0.00000E+00  2.05217E+06
   106  1.18206E-04 -7.82591E+01 -7.82449E+01 -1.42469E-02  0.00000E+00  0.00000E+00  2.04160E+06
   107  1.21208E-04 -7.86043E+01 -7.85897E+01 -1.45814E-02  0.00000E+00  0.00000E+00  2.03079E+06
   108  1.24280E-04 -7.88918E+01 -7.88768E+01 -1.49221E-02  0.00000E+00  0.00000E+00  2.01973E+06
   109  1.27423E-04 -7.91270E+01 -7.91118E+01 -1.52691E-02  0.00000E+00  0.00000E+00  2.00845E+06
   110  1.30638E-04 -7.93163E+01 -7.93007E+01 -1.56226E-02  0.00000E+00  0.00000E+00  1.99693E+06
   111  1.33927E-04 -7.94660E+01 -7.94500E+01 -1.59827E-02  0.00000E+00  0.00000E+00  1.98521E+06
   112  1.37293E-04 -7.95825E+01 -7.95661E+01 -1.63494E-02  0.00000E+00  0.00000E+00  1.97328E+06
   113  1.40736E-04 -7.96717E+01 -7.96550E+01 -1.67229E-02  0.00000E+00  0.00000E+00  1.96116E+06
   114  1.44258E-04 -7.97391E+01 -7.97220E+01 -1.71034E-02  0.00000E+00  0.00000E+00  1.94885E+06
   115  1.47862E-04 -7.97893E+01 -7.97718E+01 -1.74909E-02  0.00000E+00  0.00000E+00  1.93638E+06
   116  1.51549E-04 -7.98259E+01 -7.98081E+01 -1.78855E-02  0.00000E+00  0.00000E+00  1.92375E+06
   117  1.55321E-04 -7.98524E+01 -7.98341E+01 -1.82875E-02  0.00000E+00  0.00000E+00  1.91097E+06
   118  1.59181E-04 -7.98710E+01 -7.98523E+01 -1.86969E-02  0.00000E+00  0.00000E+00  1.89805E+06
   119  1.63129E-04 -7.98838E+01 -7.98647E+01 -1.91140E-02  0.00000E+00  0.00000E+00  1.88500E+06
   120  1.67169E-04 -7.98923E+01 -7.98727E+01 -1.95387E-02  0.00000E+00  0.00000E+00  1.87184E+06
   121  1.71302E-04 -7.98976E+01 -7.98776E+01 -1.99714E-02  0.00000E+00  0.00000E+00  1.85858E+06
   122  1.75530E-04 -7.99007E+01 -7.98802E+01 -2.04121E-02  0.00000E+00  0.00000E+00  1.84521E+06
   123  1.79856E-04 -7.99020E+01 -7.98812E+01 -2.08609E-02  0.00000E+00  0.00000E+00  1.83176E+06
   124  1.84282E-04 -7.99022E+01 -7.98809E+01 -2.13182E-02  0.00000E+00  0.00000E+00  1.81823E+06
   125  1.88809E-04 -7.99016E+01 -7.98798E+01 -2.17839E-02  0.00000E+00  0.00000E+00  1.80464E+06
   126  1.93442E-04 -7.99003E+01 -7.98781E+01 -2.22583E-02  0.00000E+00  0.00000E+00  1.79098E+06
   127  1.98181E-04 -7.98986E+01 -7.98759E+01 -2.27415E-02  0.00000E+00  0.00000E+00  1.77726E+06
   128  2.03030E-04 -7.98966E+01 -7.98734E+01 -2.32337E-02  0.00000E+00  0.00000E+00  1.76350E+06
   129  2.07991E-04 -7.98943E+01 -7.98706E+01 -2.37351E-02  0.00000E+00  0.00000E+00  1.74970E+06
   130  2.13066E-04 -7.98919E+01 -7.98677E+01 -2.42458E-02  0.00000E+00  0.00000E+00  1.73586E+06
   131  2.18259E-04 -7.98894E+01 -7.98646E+01 -2.47661E-02  0.00000E+00  0.00000E+00  1.72200E+06
   132  2.23571E-04 -7.98867E+01 -7.98614E+01 -2.52960E-02  0.00000E+00  0.00000E+00  1.70812E+06
   133  2.29006E-04 -7.98839E+01 -7.98581E+01 -2.58358E-02  0.00000E+00  0.00000E+00  1.69422E+06
   134  2.34567E-04 -7.98811E+01 -7.98547E+01 -2.63857E-02  0.00000E+00  0.00000E+00  1.68031E+06
   135  2.40256E-04 -7.98781E+01 -7.98512E+01 -2.69458E-02  0.00000E+00  0.00000E+00  1.66639E+06
   136  2.46076E-04 -7.98751E+01 -7.98476E+01 -2.75164E-02  0.00000E+00  0.00000E+00  1.65248E+06
   137  2.52030E-04 -7.98720E+01 -7.98439E+01 -2.80976E-02  0.00000E+00  0.00000E+00  1.63857E+06
   138  2.58123E-04 -7.98688E+01 -7.98401E+01 -2.86896E-02  0.00000E+00  0.00000E+00  1.62466E+06
   139  2.64355E-04 -7.98656E+01 -7.98363E+01 -2.92927E-02  0.00000E+00  0.00000E+00  1.61077E+06
   140  2.70732E-04 -7.98622E+01 -7.98323E+01 -2.99070E-02  0.00000E+00  0.00000E+00  1.59689E+06
   141  2.77256E-04 -7.98588E+01 -7.98283E+01 -3.05327E-02  0.00000E+00  0.00000E+00  1.58304E+06
   142  2.83930E-04 -7.98553E+01 -7.98242E+01 -3.11701E-02  0.00000E+00  0.00000E+00  1.56920E+06
   143  2.90759E-04 -7.98518E+01 -7.98199E+01 -3.18193E-02  0.00000E+00  0.00000E+00  1.55539E+06
   144  2.97745E-04 -7.98481E+01 -7.98156E+01 -3.24806E-02  0.00000E+00  0.00000E+00  1.54161E+06
   145  3.04892E-04 -7.98444E+01 -7.98112E+01 -3.31542E-02  0.00000E+00  0.00000E+00  1.52786E+06
   146  3.12205E-04 -7.98405E+01 -7.98067E+01 -3.38403E-02  0.00000E+00  0.00000E+00  1.51415E+06
   147  3.19686E-04 -7.98366E+01 -7.98021E+01 -3.45392E-02  0.00000E+00  0.00000E+00  1.50047E+06
   148  3.27340E-04 -7.98326E+01 -7.97973E+01 -3.52510E-02  0.00000E+00  0.00000E+00  1.48683E+06
   149  3.35171E-04 -7.98285E+01 -7.97925E+01 -3.59761E-02  0.00000E+00  0.00000E+00  1.47323E+06
   150  3.43183E-04 -7.98242E+01 -7.97875E+01 -3.67145E-02  0.00000E+00  0.00000E+00  1.45967E+06
   151  3.51379E-04 -7.98199E+01 -7.97825E+01 -3.74667E-02  0.00000E+00  0.00000E+00  1.44616E+06
   152  3.59765E-04 -7.98155E+01 -7.97773E+01 -3.82327E-02  0.00000E+00  0.00000E+00  1.43269E+06
   153  3.68344E-04 -7.98110E+01 -7.97720E+01 -3.90129E-02  0.00000E+00  0.00000E+00  1.41927E+06
   154  3.77122E-04 -7.98063E+01 -7.97665E+01 -3.98076E-02  0.00000E+00  0.00000E+00  1.40590E+06
   155  3.86102E-04 -7.98016E+01 -7.97610E+01 -4.06169E-02  0.00000E+00  0.00000E+00  1.39258E+06
   156  3.95289E-04 -7.97968E+01 -7.97553E+01 -4.14410E-02  0.00000E+00  0.00000E+00  1.37931E+06
   157  4.04689E-04 -7.97918E+01 -7.97495E+01 -4.22804E-02  0.00000E+00  0.00000E+00  1.36609E+06
   158  4.14305E-04 -7.97867E+01 -7.97436E+01 -4.31352E-02  0.00000E+00  0.00000E+00  1.35292E+06
   159  4.24144E-04 -7.97815E+01 -7.97375E+01 -4.40057E-02  0.00000E+00  0.00000E+00  1.33981E+06
   160  4.34209E-04 -7.97762E+01 -7.97313E+01 -4.48922E-02  0.00000E+00  0.00000E+00  1.32676E+06
   161  4.44507E-04 -7.97707E+01 -7.97249E+01 -4.57949E-02  0.00000E+00  0.00000E+00  1.31376E+06
   162  4.55043E-04 -7.97651E+01 -7.97184E+01 -4.67141E-02  0.00000E+00  0.00000E+00  1.30081E+06
   163  4.65822E-04 -7.97594E+01 -7.97117E+01 -4.76500E-02  0.00000E+00  0.00000E+00  1.28792E+06
   164  4.76850E-04 -7.97535E+01 -7.97049E+01 -4.86031E-02  0.00000E+00  0.00000E+00  1.27510E+06
   165  4.88132E-04 -7.97475E+01 -7.96980E+01 -4.95735E-02  0.00000E+00  0.00000E+00  1.26232E+06
   166  4.99675E-04 -7.97414E+01 -7.96908E+01 -5.05615E-02  0.00000E+00  0.00000E+00  1.24961E+06
   167  5.11485E-04 -7.97351E+01 -7.96836E+01 -5.15675E-02  0.00000E+00  0.00000E+00  1.23696E+06
   168  5.23567E-04 -7.97287E+01 -7.96761E+01 -5.25917E-02  0.00000E+00  0.00000E+00  1.22436E+06
   169  5.35928E-04 -7.97221E+01 -7.96685E+01 -5.36344E-02  0.00000E+00  0.00000E+00  1.21182E+06
   170  5.48574E-04 -7.97154E+01 -7.96607E+01 -5.46959E-02  0.00000E+00  0.00000E+00  1.19935E+06
   171  5.61513E-04 -7.97085E+01 -7.96527E+01 -5.57766E-02  0.00000E+00  0.00000E+00  1.18693E+06
   172  5.74750E-04 -7.97014E+01 -7.96445E+01 -5.68766E-02  0.00000E+00  0.00000E+00  1.17457E+06
   173  5.88292E-04 -7.96942E+01 -7.96362E+01 -5.79964E-02  0.00000E+00  0.00000E+00  1.16227E+06
   174  6.02148E-04 -7.96868E+01 -7.96276E+01 -5.91362E-02  0.00000E+00  0.00000E+00  1.15003E+06
   175  6.16323E-04 -7.96792E+01 -7.96189E+01 -6.02964E-02  0.00000E+00  0.00000E+00  1.13786E+06
   176  6.30825E-04 -7.96714E+01 -7.96100E+01 -6.14772E-02  0.00000E+00  0.00000E+00  1.12574E+06
   177  6.45662E-04 -7.96635E+01 -7.96008E+01 -6.26790E-02  0.00000E+00  0.00000E+00  1.11368E+06
   178  6.60842E-04 -7.96554E+01 -7.95915E+01 -6.39021E-02  0.00000E+00  0.00000E+00  1.10167E+06
   179  6.76372E-04 -7.96471E+01 -7.95819E+01 -6.51468E-02  0.00000E+00  0.00000E+00  1.08973E+06
   180  6.92261E-04 -7.96385E+01 -7.95721E+01 -6.64135E-02  0.00000E+00  0.00000E+00  1.07785E+06
   181  7.08516E-04 -7.96298E+01 -7.95621E+01 -6.77024E-02  0.00000E+00  0.00000E+00  1.06603E+06
   182  7.25147E-04 -7.96209E+01 -7.95519E+01 -6.90139E-02  0.00000E+00  0.00000E+00  1.05426E+06
   183  7.42162E-04 -7.96118E+01 -7.95414E+01 -7.03483E-02  0.00000E+00  0.00000E+00  1.04255E+06
   184  7.59569E-04 -7.96024E+01 -7.95307E+01 -7.17060E-02  0.00000E+00  0.00000E+00  1.03091E+06
   185  7.77379E-04 -7.95929E+01 -7.95198E+01 -7.30873E-02  0.00000E+00  0.00000E+00  1.01932E+06
   186  7.95599E-04 -7.95831E+01 -7.95086E+01 -7.44925E-02  0.00000E+00  0.00000E+00  1.00778E+06
   187  8.14240E-04 -7.95730E+01 -7.94971E+01 -7.59219E-02  0.00000E+00  0.00000E+00  9.96308E+05
   188  8.33312E-04 -7.95628E+01 -7.94854E+01 -7.73759E-02  0.00000E+00  0.00000E+00  9.84889E+05
   189  8.52823E-04 -7.95523E+01 -7.94734E+01 -7.88549E-02  0.00000E+00  0.00000E+00  9.73528E+05
   190  8.72785E-04 -7.95415E+01 -7.94612E+01 -8.03590E-02  0.00000E+00  0.00000E+00  9.62223E+05
   191  8.93208E-04 -7.95305E+01 -7.94486E+01 -8.18888E-02  0.00000E+00  0.00000E+00  9.50975E+05
   192  9.14103E-04 -7.95193E+01 -7.94358E+01 -8.34444E-02  0.00000E+00  0.00000E+00  9.39782E+05
   193  9.35480E-04 -7.95077E+01 -7.94227E+01 -8.50263E-02  0.00000E+00  0.00000E+00  9.28645E+05
   194  9.57350E-04 -7.94959E+01 -7.94093E+01 -8.66348E-02  0.00000E+00  0.00000E+00  9.17563E+05
   195  9.79725E-04 -7.94839E+01 -7.93956E+01 -8.82701E-02  0.00000E+00  0.00000E+00  9.06536E+05
   196  1.00262E-03 -7.94715E+01 -7.93816E+01 -8.99327E-02  0.00000E+00  0.00000E+00  8.95564E+05
   197  1.02604E-03 -7.94589E+01 -7.93672E+01 -9.16229E-02  0.00000E+00  0.00000E+00  8.84646E+05
   198  1.05000E-03 -7.94459E+01 -7.93526E+01 -9.33409E-02  0.00000E+00  0.00000E+00  8.73783E+05
   199  1.07451E-03 -7.94327E+01 -7.93376E+01 -9.50872E-02  0.00000E+00  0.00000E+00  8.62973E+05
   200  1.09959E-03 -7.94191E+01 -7.93222E+01 -9.68619E-02  0.00000E+00  0.00000E+00  8.52216E+05
   201  1.12525E-03 -7.94052E+01 -7.93066E+01 -9.86655E-02  0.00000E+00  0.00000E+00  8.41513E+05
   202  1.15150E-03 -7.93910E+01 -7.92905E+01 -1.00498E-01  0.00000E+00  0.00000E+00  8.30862E+05
   203  1.17836E-03 -7.93765E+01 -7.92741E+01 -1.02360E-01  0.00000E+00  0.00000E+00  8.20264E+05
   204  1.20584E-03 -7.93616E+01 -7.92574E+01 -1.04252E-01  0.00000E+00  0.00000E+00  8.09718E+05
   205  1.23395E-03 -7.93464E+01 -7.92402E+01 -1.06174E-01  0.00000E+00  0.00000E+00  7.99224E+05
   206  1.26271E-03 -7.93308E+01 -7.92227E+01 -1.08127E-01  0.00000E+00  0.00000E+00  7.88782E+05
   207  1.29213E-03 -7.93149E+01 -7.92048E+01 -1.10109E-01  0.00000E+00  0.00000E+00  7.78391E+05
   208  1.32224E-03 -7.92986E+01 -7.91865E+01 -1.12123E-01  0.00000E+00  0.00000E+00  7.68052E+05
   209  1.35303E-03 -7.92819E+01 -7.91677E+01 -1.14168E-01  0.00000E+00  0.00000E+00  7.57763E+05
   210  1.38454E-03 -7.92648E+01 -7.91486E+01 -1.16244E-01  0.00000E+00  0.00000E+00  7.47526E+05
   211  1.41678E-03 -7.92473E+01 -7.91290E+01 -1.18352E-01  0.00000E+00  0.00000E+00  7.37339E+05
   212  1.44976E-03 -7.92295E+01 -7.91090E+01 -1.20492E-01  0.00000E+00  0.00000E+00  7.27202E+05
   213  1.48350E-03 -7.92112E+01 -7.90885E+01 -1.22664E-01  0.00000E+00  0.00000E+00  7.17116E+05
   214  1.51802E-03 -7.91924E+01 -7.90676E+01 -1.24869E-01  0.00000E+00  0.00000E+00  7.07080E+05
   215  1.55334E-03 -7.91733E+01 -7.90462E+01 -1.27105E-01  0.00000E+00  0.00000E+00  6.97094E+05
   216  1.58947E-03 -7.91537E+01 -7.90243E+01 -1.29375E-01  0.00000E+00  0.00000E+00  6.87158E+05
   217  1.62644E-03 -7.91336E+01 -7.90020E+01 -1.31678E-01  0.00000E+00  0.00000E+00  6.77272E+05
   218  1.66426E-03 -7.91131E+01 -7.89791E+01 -1.34013E-01  0.00000E+00  0.00000E+00  6.67436E+05
   219  1.70296E-03 -7.90921E+01 -7.89558E+01 -1.36382E-01  0.00000E+00  0.00000E+00  6.57649E+05
   220  1.74254E-03 -7.90707E+01 -7.89319E+01 -1.38784E-01  0.00000E+00  0.00000E+00  6.47912E+05
   221  1.78304E-03 -7.90487E+01 -7.89075E+01 -1.41220E-01  0.00000E+00  0.00000E+00  6.38225E+05
   222  1.82448E-03 -7.90262E+01 -7.88825E+01 -1.43689E-01  0.00000E+00  0.00000E+00  6.28588E+05
   223  1.86687E-03 -7.90032E+01 -7.88571E+01 -1.46191E-01  0.00000E+00  0.00000E+00  6.19000E+05
   224  1.91024E-03 -7.89797E+01 -7.88310E+01 -1.48728E-01  0.00000E+00  0.00000E+00  6.09463E+05
   225  1.95461E-03 -7.89557E+01 -7.88044E+01 -1.51298E-01  0.00000E+00  0.00000E+00  5.99975E+05
   226  2.00001E-03 -7.89311E+01 -7.87772E+01 -1.53902E-01  0.00000E+00  0.00000E+00  5.90538E+05
   227  2.04645E-03 -7.89059E+01 -7.87494E+01 -1.56539E-01  0.00000E+00  0.00000E+00  5.81150E+05
   228  2.09396E-03 -7.88802E+01 -7.87209E+01 -1.59210E-01  0.00000E+00  0.00000E+00  5.71814E+05
   229  2.14258E-03 -7.88538E+01 -7.86919E+01 -1.61915E-01  0.00000E+00  0.00000E+00  5.62527E+05
   230  2.19231E-03 -7.88269E+01 -7.86622E+01 -1.64653E-01  0.00000E+00  0.00000E+00  5.53292E+05
   231  2.24319E-03 -7.87994E+01 -7.86319E+01 -1.67424E-01  0.00000E+00  0.00000E+00  5.44108E+05
   232  2.29525E-03 -7.87712E+01 -7.86010E+01 -1.70229E-01  0.00000E+00  0.00000E+00  5.34975E+05
   233  2.34851E-03 -7.87424E+01 -7.85693E+01 -1.73066E-01  0.00000E+00  0.00000E+00  5.25895E+05
   234  2.40299E-03 -7.87129E+01 -7.85370E+01 -1.75936E-01  0.00000E+00  0.00000E+00  5.16866E+05
   235  2.45874E-03 -7.86828E+01 -7.85040E+01 -1.78839E-01  0.00000E+00  0.00000E+00  5.07890E+05
   236  2.51577E-03 -7.86520E+01 -7.84702E+01 -1.81774E-01  0.00000E+00  0.00000E+00  4.98966E+05
   237  2.57412E-03 -7.86205E+01 -7.84358E+01 -1.84740E-01  0.00000E+00  0.00000E+00  4.90097E+05
   238  2.63381E-03 -7.85883E+01 -7.84005E+01 -1.87738E-01  0.00000E+00  0.00000E+00  4.81281E+05
   239  2.69488E-03 -7.85554E+01 -7.83646E+01 -1.90767E-01  0.00000E+00  0.00000E+00  4.72519E+05
   240  2.75736E-03 -7.85217E+01 -7.83279E+01 -1.93826E-01  0.00000E+00  0.00000E+00  4.63813E+05
   241  2.82129E-03 -7.84873E+01 -7.82904E+01 -1.96915E-01  0.00000E+00  0.00000E+00  4.55162E+05
   242  2.88669E-03 -7.84521E+01 -7.82520E+01 -2.00033E-01  0.00000E+00  0.00000E+00  4.46567E+05
   243  2.95359E-03 -7.84161E+01 -7.82129E+01 -2.03180E-01  0.00000E+00  0.00000E+00  4.38028E+05
   244  3.02205E-03 -7.83793E+01 -7.81730E+01 -2.06356E-01  0.00000E+00  0.00000E+00  4.29548E+05
   245  3.09208E-03 -7.83417E+01 -7.81322E+01 -2.09558E-01  0.00000E+00  0.00000E+00  4.21125E+05
   246  3.16373E-03 -7.83033E+01 -7.80905E+01 -2.12787E-01  0.00000E+00  0.00000E+00  4.12762E+05
   247  3.23703E-03 -7.82641E+01 -7.80480E+01 -2.16041E-01  0.00000E+00  0.00000E+00  4.04458E+05
   248  3.31202E-03 -7.82239E+01 -7.80046E+01 -2.19320E-01  0.00000E+00  0.00000E+00  3.96215E+05
   249  3.38874E-03 -7.81829E+01 -7.79603E+01 -2.22623E-01  0.00000E+00  0.00000E+00  3.88033E+05
   250  3.46724E-03 -7.81410E+01 -7.79151E+01 -2.25949E-01  0.00000E+00  0.00000E+00  3.79913E+05
   251  3.54755E-03 -7.80982E+01 -7.78689E+01 -2.29295E-01  0.00000E+00  0.00000E+00  3.71856E+05
   252  3.62970E-03 -7.80544E+01 -7.78217E+01 -2.32663E-01  0.00000E+00  0.00000E+00  3.63864E+05
   253  3.71376E-03 -7.80097E+01 -7.77736E+01 -2.36049E-01  0.00000E+00  0.00000E+00  3.55937E+05
   254  3.79975E-03 -7.79640E+01 -7.77245E+01 -2.39453E-01  0.00000E+00  0.00000E+00  3.48075E+05
   255  3.88773E-03 -7.79173E+01 -7.76744E+01 -2.42873E-01  0.00000E+00  0.00000E+00  3.40281E+05
   256  3.97774E-03 -7.78696E+01 -7.76233E+01 -2.46308E-01  0.00000E+00  0.00000E+00  3.32555E+05
   257  4.06983E-03 -7.78209E+01 -7.75712E+01 -2.49756E-01  0.00000E+00  0.00000E+00  3.24898E+05
   258  4.16404E-03 -7.77712E+01 -7.75179E+01 -2.53215E-01  0.00000E+00  0.00000E+00  3.17312E+05
   259  4.26043E-03 -7.77203E+01 -7.74637E+01 -2.56685E-01  0.00000E+00  0.00000E+00  3.09797E+05
   260  4.35904E-03 -7.76684E+01 -7.74083E+01 -2.60162E-01  0.00000E+00  0.00000E+00  3.02355E+05
   261  4.45992E-03 -7.76154E+01 -7.73518E+01 -2.63645E-01  0.00000E+00  0.00000E+00  2.94986E+05
   262  4.56313E-03 -7.75613E+01 -7.72941E+01 -2.67131E-01  0.00000E+00  0.00000E+00  2.87693E+05
   263  4.66873E-03 -7.75060E+01 -7.72354E+01 -2.70620E-01  0.00000E+00  0.00000E+00  2.80476E+05
   264  4.77676E-03 -7.74495E+01 -7.71754E+01 -2.74108E-01  0.00000E+00  0.00000E+00  2.73336E+05
   265  4.88728E-03 -7.73919E+01 -7.71143E+01 -2.77593E-01  0.00000E+00  0.00000E+00  2.66275E+05
   266  5.00035E-03 -7.73330E+01 -7.70520E+01 -2.81073E-01  0.00000E+00  0.00000E+00  2.59295E+05
   267  5.11604E-03 -7.72729E+01 -7.69884E+01 -2.84545E-01  0.00000E+00  0.00000E+00  2.52395E+05
   268  5.23439E-03 -7.72116E+01 -7.69236E+01 -2.88006E-01  0.00000E+00  0.00000E+00  2.45579E+05
   269  5.35547E-03 -7.71490E+01 -7.68575E+01 -2.91454E-01  0.00000E+00  0.00000E+00  2.38846E+05
   270  5.47934E-03 -7.70851E+01 -7.67902E+01 -2.94887E-01  0.00000E+00  0.00000E+00  2.32199E+05
   271  5.60608E-03 -7.70199E+01 -7.67216E+01 -2.98300E-01  0.00000E+00  0.00000E+00  2.25638E+05
   272  5.73573E-03 -7.69533E+01 -7.66516E+01 -3.01691E-01  0.00000E+00  0.00000E+00  2.19165E+05
   273  5.86838E-03 -7.68854E+01 -7.65803E+01 -3.05056E-01  0.00000E+00  0.00000E+00  2.12782E+05
   274  6.00409E-03 -7.68161E+01 -7.65077E+01 -3.08394E-01  0.00000E+00  0.00000E+00  2.06489E+05
   275  6.14293E-03 -7.67453E+01 -7.64336E+01 -3.11699E-01  0.00000E+00  0.00000E+00  2.00288E+05
   276  6.28497E-03 -7.66732E+01 -7.63582E+01 -3.14968E-01  0.00000E+00  0.00000E+00  1.94180E+05
   277  6.43029E-03 -7.65995E+01 -7.62813E+01 -3.18199E-01  0.00000E+00  0.00000E+00  1.88167E+05
   278  6.57896E-03 -7.65244E+01 -7.62030E+01 -3.21387E-01  0.00000E+00  0.00000E+00  1.82249E+05
   279  6.73106E-03 -7.64478E+01 -7.61233E+01 -3.24529E-01  0.00000E+00  0.00000E+00  1.76428E+05
   280  6.88666E-03 -7.63697E+01 -7.60421E+01 -3.27620E-01  0.00000E+00  0.00000E+00  1.70706E+05
   281  7.04586E-03 -7.62900E+01 -7.59593E+01 -3.30657E-01  0.00000E+00  0.00000E+00  1.65082E+05
   282  7.20873E-03 -7.62087E+01 -7.58750E+01 -3.33635E-01  0.00000E+00  0.00000E+00  1.59560E+05
   283  7.37536E-03 -7.61258E+01 -7.57892E+01 -3.36551E-01  0.00000E+00  0.00000E+00  1.54139E+05
   284  7.54583E-03 -7.60413E+01 -7.57019E+01 -3.39400E-01  0.00000E+00  0.00000E+00  1.48820E+05
   285  7.72023E-03 -7.59551E+01 -7.56129E+01 -3.42179E-01  0.00000E+00  0.00000E+00  1.43606E+05
   286  7.89865E-03 -7.58672E+01 -7.55223E+01 -3.44882E-01  0.00000E+00  0.00000E+00  1.38496E+05
   287  8.08119E-03 -7.57776E+01 -7.54301E+01 -3.47506E-01  0.00000E+00  0.00000E+00  1.33491E+05
   288  8.26794E-03 -7.56862E+01 -7.53362E+01 -3.50046E-01  0.00000E+00  0.00000E+00  1.28594E+05
   289  8.45899E-03 -7.55931E+01 -7.52406E+01 -3.52497E-01  0.00000E+00  0.00000E+00  1.23803E+05
   290  8.65445E-03 -7.54982E+01 -7.51433E+01 -3.54856E-01  0.00000E+00  0.00000E+00  1.19121E+05
   291  8.85442E-03 -7.54015E+01 -7.50443E+01 -3.57119E-01  0.00000E+00  0.00000E+00  1.14548E+05
   292  9.05900E-03 -7.53029E+01 -7.49436E+01 -3.59280E-01  0.00000E+00  0.00000E+00  1.10084E+05
   293  9.26830E-03 -7.52024E+01 -7.48410E+01 -3.61336E-01  0.00000E+00  0.00000E+00  1.05730E+05
   294  9.48242E-03 -7.51000E+01 -7.47367E+01 -3.63282E-01  0.00000E+00  0.00000E+00  1.01486E+05
   295  9.70148E-03 -7.49956E+01 -7.46305E+01 -3.65115E-01  0.00000E+00  0.00000E+00  9.73529E+04
   296  9.92559E-03 -7.48893E+01 -7.45225E+01 -3.66830E-01  0.00000E+00  0.00000E+00  9.33309E+04
   297  1.01549E-02 -7.47810E+01 -7.44126E+01 -3.68424E-01  0.00000E+00  0.00000E+00  8.94202E+04
   298  1.03894E-02 -7.46706E+01 -7.43007E+01 -3.69894E-01  0.00000E+00  0.00000E+00  8.56208E+04
   299  1.06294E-02 -7.45582E+01 -7.41869E+01 -3.71236E-01  0.00000E+00  0.00000E+00  8.19327E+04
   300  1.08749E-02 -7.44436E+01 -7.40712E+01 -3.72446E-01  0.00000E+00  0.00000E+00  7.83558E+04
   301  1.11261E-02 -7.43270E+01 -7.39534E+01 -3.73524E-01  0.00000E+00  0.00000E+00  7.48899E+04
   302  1.13830E-02 -7.42081E+01 -7.38337E+01 -3.74466E-01  0.00000E+00  0.00000E+00  7.15346E+04
   303  1.16459E-02 -7.40871E+01 -7.37118E+01 -3.75270E-01  0.00000E+00  0.00000E+00  6.82895E+04
   304  1.19149E-02 -7.39638E+01 -7.35879E+01 -3.75935E-01  0.00000E+00  0.00000E+00  6.51540E+04
   305  1.21900E-02 -7.38383E+01 -7.34618E+01 -3.76460E-01  0.00000E+00  0.00000E+00  6.21276E+04
   306  1.24715E-02 -7.37104E+01 -7.33336E+01 -3.76844E-01  0.00000E+00  0.00000E+00  5.92094E+04
   307  1.27594E-02 -7.35803E+01 -7.32032E+01 -3.77089E-01  0.00000E+00  0.00000E+00  5.63984E+04
   308  1.30540E-02 -7.34477E+01 -7.30705E+01 -3.77194E-01  0.00000E+00  0.00000E+00  5.36938E+04
   309  1.33554E-02 -7.33128E+01 -7.29356E+01 -3.77163E-01  0.00000E+00  0.00000E+00  5.10943E+04
   310  1.36638E-02 -7.31754E+01 -7.27984E+01 -3.76996E-01  0.00000E+00  0.00000E+00  4.85988E+04
   311  1.39792E-02 -7.30355E+01 -7.26588E+01 -3.76698E-01  0.00000E+00  0.00000E+00  4.62057E+04
   312  1.43019E-02 -7.28932E+01 -7.25169E+01 -3.76273E-01  0.00000E+00  0.00000E+00  4.39137E+04
   313  1.46321E-02 -7.27482E+01 -7.23725E+01 -3.75725E-01  0.00000E+00  0.00000E+00  4.17211E+04
   314  1.49698E-02 -7.26008E+01 -7.22257E+01 -3.75062E-01  0.00000E+00  0.00000E+00  3.96262E+04
   315  1.53154E-02 -7.24507E+01 -7.20764E+01 -3.74291E-01  0.00000E+00  0.00000E+00  3.76272E+04
   316  1.56689E-02 -7.22979E+01 -7.19245E+01 -3.73419E-01  0.00000E+00  0.00000E+00  3.57220E+04
   317  1.60305E-02 -7.21425E+01 -7.17700E+01 -3.72456E-01  0.00000E+00  0.00000E+00  3.39088E+04
   318  1.64005E-02 -7.19844E+01 -7.16129E+01 -3.71413E-01  0.00000E+00  0.00000E+00  3.21852E+04
   319  1.67790E-02 -7.18235E+01 -7.14532E+01 -3.70301E-01  0.00000E+00  0.00000E+00  3.05491E+04
   320  1.71662E-02 -7.16598E+01 -7.12907E+01 -3.69133E-01  0.00000E+00  0.00000E+00  2.89980E+04
   321  1.75624E-02 -7.14933E+01 -7.11254E+01 -3.67923E-01  0.00000E+00  0.00000E+00  2.75296E+04
   322  1.79676E-02 -7.13240E+01 -7.09573E+01 -3.66684E-01  0.00000E+00  0.00000E+00  2.61414E+04
   323  1.83822E-02 -7.11518E+01 -7.07863E+01 -3.65434E-01  0.00000E+00  0.00000E+00  2.48307E+04
   324  1.88064E-02 -7.09767E+01 -7.06125E+01 -3.64187E-01  0.00000E+00  0.00000E+00  2.35948E+04
   325  1.92403E-02 -7.07986E+01 -7.04356E+01 -3.62961E-01  0.00000E+00  0.00000E+00  2.24311E+04
   326  1.96842E-02 -7.06175E+01 -7.02558E+01 -3.61773E-01  0.00000E+00  0.00000E+00  2.13367E+04
   327  2.01383E-02 -7.04335E+01 -7.00728E+01 -3.60640E-01  0.00000E+00  0.00000E+00  2.03089E+04
   328  2.06029E-02 -7.02464E+01 -6.98868E+01 -3.59579E-01  0.00000E+00  0.00000E+00  1.93446E+04
   329  2.10782E-02 -7.00562E+01 -6.96976E+01 -3.58609E-01  0.00000E+00  0.00000E+00  1.84412E+04
   330  2.15644E-02 -6.98629E+01 -6.95052E+01 -3.57744E-01  0.00000E+00  0.00000E+00  1.75955E+04
   331  2.20618E-02 -6.96665E+01 -6.93095E+01 -3.57002E-01  0.00000E+00  0.00000E+00  1.68047E+04
   332  2.25707E-02 -6.94669E+01 -6.91105E+01 -3.56396E-01  0.00000E+00  0.00000E+00  1.60658E+04
   333  2.30912E-02 -6.92641E+01 -6.89081E+01 -3.55940E-01  0.00000E+00  0.00000E+00  1.53760E+04
   334  2.36238E-02 -6.90580E+01 -6.87024E+01 -3.55646E-01  0.00000E+00  0.00000E+00  1.47322E+04
   335  2.41686E-02 -6.88487E+01 -6.84932E+01 -3.55524E-01  0.00000E+00  0.00000E+00  1.41317E+04
   336  2.47260E-02 -6.86360E+01 -6.82805E+01 -3.55581E-01  0.00000E+00  0.00000E+00  1.35715E+04
   337  2.52961E-02 -6.84200E+01 -6.80642E+01 -3.55822E-01  0.00000E+00  0.00000E+00  1.30488E+04
   338  2.58794E-02 -6.82006E+01 -6.78444E+01 -3.56250E-01  0.00000E+00  0.00000E+00  1.25609E+04
   339  2.64761E-02 -6.79778E+01 -6.76210E+01 -3.56865E-01  0.00000E+00  0.00000E+00  1.21051E+04
   340  2.70866E-02 -6.77515E+01 -6.73939E+01 -3.57665E-01  0.00000E+00  0.00000E+00  1.16788E+04
   341  2.77111E-02 -6.75217E+01 -6.71631E+01 -3.58643E-01  0.00000E+00  0.00000E+00  1.12794E+04
   342  2.83499E-02 -6.72883E+01 -6.69285E+01 -3.59790E-01  0.00000E+00  0.00000E+00  1.09044E+04
   343  2.90034E-02 -6.70514E+01 -6.66903E+01 -3.61097E-01  0.00000E+00  0.00000E+00  1.05517E+04
   344  2.96720E-02 -6.68108E+01 -6.64482E+01 -3.62548E-01  0.00000E+00  0.00000E+00  1.02188E+04
   345  3.03559E-02 -6.65665E+01 -6.62024E+01 -3.64126E-01  0.00000E+00  0.00000E+00  9.90363E+03
   346  3.10556E-02 -6.63185E+01 -6.59527E+01 -3.65813E-01  0.00000E+00  0.00000E+00  9.60421E+03
   347  3.17714E-02 -6.60668E+01 -6.56992E+01 -3.67587E-01  0.00000E+00  0.00000E+00  9.31862E+03
   348  3.25036E-02 -6.58112E+01 -6.54418E+01 -3.69424E-01  0.00000E+00  0.00000E+00  9.04508E+03
   349  3.32526E-02 -6.55519E+01 -6.51806E+01 -3.71299E-01  0.00000E+00  0.00000E+00  8.78194E+03
   350  3.40188E-02 -6.52886E+01 -6.49155E+01 -3.73184E-01  0.00000E+00  0.00000E+00  8.52770E+03
   351  3.48027E-02 -6.50215E+01 -6.46465E+01 -3.75051E-01  0.00000E+00  0.00000E+00  8.28097E+03
   352  3.56046E-02 -6.47505E+01 -6.43736E+01 -3.76871E-01  0.00000E+00  0.00000E+00  8.04051E+03
   353  3.64249E-02 -6.44755E+01 -6.40969E+01 -3.78613E-01  0.00000E+00  0.00000E+00  7.80521E+03
   354  3.72640E-02 -6.41965E+01 -6.38162E+01 -3.80247E-01  0.00000E+00  0.00000E+00  7.57411E+03
   355  3.81224E-02 -6.39135E+01 -6.35318E+01 -3.81741E-01  0.00000E+00  0.00000E+00  7.34635E+03
   356  3.90006E-02 -6.36265E+01 -6.32434E+01 -3.83065E-01  0.00000E+00  0.00000E+00  7.12124E+03
   357  3.98989E-02 -6.33355E+01 -6.29513E+01 -3.84187E-01  0.00000E+00  0.00000E+00  6.89819E+03
   358  4.08178E-02 -6.30404E+01 -6.26553E+01 -3.85079E-01  0.00000E+00  0.00000E+00  6.67673E+03
   359  4.17578E-02 -6.27412E+01 -6.23555E+01 -3.85710E-01  0.00000E+00  0.00000E+00  6.45654E+03
   360  4.27194E-02 -6.24380E+01 -6.20519E+01 -3.86054E-01  0.00000E+00  0.00000E+00  6.23739E+03
   361  4.37031E-02 -6.21307E+01 -6.17446E+01 -3.86084E-01  0.00000E+00  0.00000E+00  6.01914E+03
   362  4.47093E-02 -6.18193E+01 -6.14335E+01 -3.85777E-01  0.00000E+00  0.00000E+00  5.80178E+03
   363  4.57387E-02 -6.15038E+01 -6.11187E+01 -3.85109E-01  0.00000E+00  0.00000E+00  5.58538E+03
   364  4.67916E-02 -6.11842E+01 -6.08002E+01 -3.84062E-01  0.00000E+00  0.00000E+00  5.37008E+03
   365  4.78688E-02 -6.08606E+01 -6.04780E+01 -3.82618E-01  0.00000E+00  0.00000E+00  5.15611E+03
   366  4.89706E-02 -6.05329E+01 -6.01521E+01 -3.80766E-01  0.00000E+00  0.00000E+00  4.94375E+03
   367  5.00977E-02 -6.02011E+01 -5.98226E+01 -3.78494E-01  0.00000E+00  0.00000E+00  4.73336E+03
   368  5.12506E-02 -5.98652E+01 -5.94894E+01 -3.75795E-01  0.00000E+00  0.00000E+00  4.52530E+03
   369  5.24300E-02 -5.95253E+01 -5.91526E+01 -3.72669E-01  0.00000E+00  0.00000E+00  4.32002E+03
   370  5.36364E-02 -5.91813E+01 -5.88122E+01 -3.69118E-01  0.00000E+00  0.00000E+00  4.11795E+03
   371  5.48704E-02 -5.88333E+01 -5.84682E+01 -3.65147E-01  0.00000E+00  0.00000E+00  3.91957E+03
   372  5.61328E-02 -5.84813E+01 -5.81205E+01 -3.60769E-01  0.00000E+00  0.00000E+00  3.72534E+03
   373  5.74240E-02 -5.81252E+01 -5.77692E+01 -3.56000E-01  0.00000E+00  0.00000E+00  3.53574E+03
   374  5.87449E-02 -5.77651E+01 -5.74142E+01 -3.50862E-01  0.00000E+00  0.00000E+00  3.35122E+03
   375  6.00960E-02 -5.74010E+01 -5.70556E+01 -3.45382E-01  0.00000E+00  0.00000E+00  3.17223E+03
   376  6.14780E-02 -5.70329E+01 -5.66933E+01 -3.39592E-01  0.00000E+00  0.00000E+00  2.99918E+03
   377  6.28917E-02 -5.66608E+01 -5.63273E+01 -3.33528E-01  0.00000E+00  0.00000E+00  2.83246E+03
   378  6.43377E-02 -5.62848E+01 -5.59575E+01 -3.27234E-01  0.00000E+00  0.00000E+00  2.67239E+03
   379  6.58168E-02 -5.59047E+01 -5.55840E+01 -3.20754E-01  0.00000E+00  0.00000E+00  2.51927E+03
   380  6.73298E-02 -5.55207E+01 -5.52066E+01 -3.14140E-01  0.00000E+00  0.00000E+00  2.37336E+03
   381  6.88774E-02 -5.51328E+01 -5.48253E+01 -3.07444E-01  0.00000E+00  0.00000E+00  2.23483E+03
   382  7.04604E-02 -5.47408E+01 -5.44401E+01 -3.00723E-01  0.00000E+00  0.00000E+00  2.10384E+03
   383  7.20795E-02 -5.43450E+01 -5.40509E+01 -2.94034E-01  0.00000E+00  0.00000E+00  1.98044E+03
   384  7.37357E-02 -5.39452E+01 -5.36577E+01 -2.87436E-01  0.00000E+00  0.00000E+00  1.86467E+03
   385  7.54298E-02 -5.35414E+01 -5.32604E+01 -2.80985E-01  0.00000E+00  0.00000E+00  1.75648E+03
   386  7.71625E-02 -5.31337E+01 -5.28590E+01 -2.74738E-01  0.00000E+00  0.00000E+00  1.65578E+03
   387  7.89349E-02 -5.27221E+01 -5.24534E+01 -2.68746E-01  0.00000E+00  0.00000E+00  1.56240E+03
   388  8.07477E-02 -5.23066E+01 -5.20435E+01 -2.63059E-01  0.00000E+00  0.00000E+00  1.47615E+03
   389  8.26019E-02 -5.18872E+01 -5.16294E+01 -2.57719E-01  0.00000E+00  0.00000E+00  1.39676E+03
   390  8.44985E-02 -5.14638E+01 -5.12110E+01 -2.52760E-01  0.00000E+00  0.00000E+00  1.32393E+03
   391  8.64383E-02 -5.10365E+01 -5.07883E+01 -2.48212E-01  0.00000E+00  0.00000E+00  1.25733E+03
   392  8.84225E-02 -5.06053E+01 -5.03612E+01 -2.44091E-01  0.00000E+00  0.00000E+00  1.19656E+03
   393  9.04518E-02 -5.01703E+01 -4.99299E+01 -2.40409E-01  0.00000E+00  0.00000E+00  1.14124E+03
   394  9.25275E-02 -4.97313E+01 -4.94942E+01 -2.37164E-01  0.00000E+00  0.00000E+00  1.09092E+03
   395  9.46504E-02 -4.92886E+01 -4.90542E+01 -2.34347E-01  0.00000E+00  0.00000E+00  1.04516E+03
   396  9.68218E-02 -4.88419E+01 -4.86100E+01 -2.31937E-01  0.00000E+00  0.00000E+00  1.00351E+03
   397  9.90426E-02 -4.83915E+01 -4.81616E+01 -2.29905E-01  0.00000E+00  0.00000E+00  9.65512E+02
   398  1.01314E-01 -4.79374E+01 -4.77092E+01 -2.28214E-01  0.00000E+00  0.00000E+00  9.30702E+02
   399  1.03637E-01 -4.74796E+01 -4.72528E+01 -2.26819E-01  0.00000E+00  0.00000E+00  8.98638E+02
   400  1.06013E-01 -4.70181E+01 -4.67925E+01 -2.25668E-01  0.00000E+00  0.00000E+00  8.68888E+02
   401  1.08443E-01 -4.65532E+01 -4.63285E+01 -2.24705E-01  0.00000E+00  0.00000E+00  8.41043E+02
   402  1.10929E-01 -4.60848E+01 -4.58609E+01 -2.23868E-01  0.00000E+00  0.00000E+00  8.14717E+02
   403  1.13471E-01 -4.56131E+01 -4.53900E+01 -2.23096E-01  0.00000E+00  0.00000E+00  7.89555E+02
   404  1.16070E-01 -4.51382E+01 -4.49159E+01 -2.22324E-01  0.00000E+00  0.00000E+00  7.65235E+02
   405  1.18729E-01 -4.46603E+01 -4.44388E+01 -2.21488E-01  0.00000E+00  0.00000E+00  7.41471E+02
   406  1.21448E-01 -4.41795E+01 -4.39590E+01 -2.20526E-01  0.00000E+00  0.00000E+00  7.18015E+02
   407  1.24229E-01 -4.36960E+01 -4.34766E+01 -2.19379E-01  0.00000E+00  0.00000E+00  6.94661E+02
   408  1.27073E-01 -4.32100E+01 -4.29920E+01 -2.17992E-01  0.00000E+00  0.00000E+00  6.71241E+02
   409  1.29982E-01 -4.27216E+01 -4.25053E+01 -2.16315E-01  0.00000E+00  0.00000E+00  6.47628E+02
   410  1.32956E-01 -4.22312E+01 -4.20169E+01 -2.14304E-01  0.00000E+00  0.00000E+00  6.23734E+02
   411  1.35998E-01 -4.17388E+01 -4.15269E+01 -2.11922E-01  0.00000E+00  0.00000E+00  5.99509E+02
   412  1.39109E-01 -4.12447E+01 -4.10356E+01 -2.09140E-01  0.00000E+00  0.00000E+00  5.74938E+02
   413  1.42291E-01 -4.07492E+01 -4.05432E+01 -2.05937E-01  0.00000E+00  0.00000E+00  5.50039E+02
   414  1.45544E-01 -4.02523E+01 -4.00500E+01 -2.02302E-01  0.00000E+00  0.00000E+00  5.24859E+02
   415  1.48871E-01 -3.97544E+01 -3.95561E+01 -1.98230E-01  0.00000E+00  0.00000E+00  4.99472E+02
   416  1.52274E-01 -3.92555E+01 -3.90618E+01 -1.93730E-01  0.00000E+00  0.00000E+00  4.73970E+02
   417  1.55753E-01 -3.87559E+01 -3.85671E+01 -1.88815E-01  0.00000E+00  0.00000E+00  4.48467E+02
   418  1.59311E-01 -3.82557E+01 -3.80722E+01 -1.83510E-01  0.00000E+00  0.00000E+00  4.23086E+02
   419  1.62949E-01 -3.77551E+01 -3.75773E+01 -1.77850E-01  0.00000E+00  0.00000E+00  3.97960E+02
   420  1.66670E-01 -3.72541E+01 -3.70823E+01 -1.71874E-01  0.00000E+00  0.00000E+00  3.73229E+02
   421  1.70474E-01 -3.67529E+01 -3.65873E+01 -1.65632E-01  0.00000E+00  0.00000E+00  3.49030E+02
   422  1.74365E-01 -3.62515E+01 -3.60923E+01 -1.59177E-01  0.00000E+00  0.00000E+00  3.25497E+02
   423  1.78343E-01 -3.57499E+01 -3.55973E+01 -1.52572E-01  0.00000E+00  0.00000E+00  3.02759E+02
   424  1.82410E-01 -3.52482E+01 -3.51023E+01 -1.45880E-01  0.00000E+00  0.00000E+00  2.80932E+02
   425  1.86570E-01 -3.47463E+01 -3.46072E+01 -1.39168E-01  0.00000E+00  0.00000E+00  2.60122E+02
   426  1.90823E-01 -3.42443E+01 -3.41118E+01 -1.32505E-01  0.00000E+00  0.00000E+00  2.40418E+02
   427  1.95171E-01 -3.37420E+01 -3.36160E+01 -1.25957E-01  0.00000E+00  0.00000E+00  2.21894E+02
   428  1.99618E-01 -3.32393E+01 -3.31197E+01 -1.19592E-01  0.00000E+00  0.00000E+00  2.04604E+02
   429  2.04164E-01 -3.27363E+01 -3.26228E+01 -1.13470E-01  0.00000E+00  0.00000E+00  1.88585E+02
   430  2.08812E-01 -3.22327E+01 -3.21251E+01 -1.07648E-01  0.00000E+00  0.00000E+00  1.73855E+02
   431  2.13565E-01 -3.17285E+01 -3.16263E+01 -1.02177E-01  0.00000E+00  0.00000E+00  1.60413E+02
   432  2.18424E-01 -3.12236E+01 -3.11265E+01 -9.70992E-02  0.00000E+00  0.00000E+00  1.48242E+02
   433  2.23393E-01 -3.07178E+01 -3.06254E+01 -9.24465E-02  0.00000E+00  0.00000E+00  1.37306E+02
   434  2.28472E-01 -3.02111E+01 -3.01229E+01 -8.82428E-02  0.00000E+00  0.00000E+00  1.27557E+02
   435  2.33665E-01 -2.97034E+01 -2.96189E+01 -8.45012E-02  0.00000E+00  0.00000E+00  1.18931E+02
   436  2.38975E-01 -2.91946E+01 -2.91134E+01 -8.12245E-02  0.00000E+00  0.00000E+00  1.11355E+02
   437  2.44403E-01 -2.86847E+01 -2.86063E+01 -7.84052E-02  0.00000E+00  0.00000E+00  1.04745E+02
   438  2.49952E-01 -2.81737E+01 -2.80977E+01 -7.60264E-02  0.00000E+00  0.00000E+00  9.90124E+01
   439  2.55625E-01 -2.76617E+01 -2.75876E+01 -7.40622E-02  0.00000E+00  0.00000E+00  9.40625E+01
   440  2.61425E-01 -2.71488E+01 -2.70763E+01 -7.24788E-02  0.00000E+00  0.00000E+00  8.97990E+01
   441  2.67353E-01 -2.66350E+01 -2.65638E+01 -7.12362E-02  0.00000E+00  0.00000E+00  8.61253E+01
   442  2.73414E-01 -2.61207E+01 -2.60504E+01 -7.02890E-02  0.00000E+00  0.00000E+00  8.29467E+01
   443  2.79610E-01 -2.56060E+01 -2.55364E+01 -6.95882E-02  0.00000E+00  0.00000E+00  8.01720E+01
   444  2.85943E-01 -2.50912E+01 -2.50222E+01 -6.90827E-02  0.00000E+00  0.00000E+00  7.77153E+01
   445  2.92418E-01 -2.45768E+01 -2.45081E+01 -6.87204E-02  0.00000E+00  0.00000E+00  7.54975E+01
   446  2.99035E-01 -2.40631E+01 -2.39946E+01 -6.84504E-02  0.00000E+00  0.00000E+00  7.34469E+01
   447  3.05800E-01 -2.35505E+01 -2.34822E+01 -6.82232E-02  0.00000E+00  0.00000E+00  7.14999E+01
   448  3.12714E-01 -2.30395E+01 -2.29715E+01 -6.79926E-02  0.00000E+00  0.00000E+00  6.96024E+01
   449  3.19782E-01 -2.25307E+01 -2.24630E+01 -6.77165E-02  0.00000E+00  0.00000E+00  6.77088E+01
   450  3.27005E-01 -2.20247E+01 -2.19573E+01 -6.73572E-02  0.00000E+00  0.00000E+00  6.57831E+01
   451  3.34389E-01 -2.15219E+01 -2.14550E+01 -6.68826E-02  0.00000E+00  0.00000E+00  6.37978E+01
   452  3.41935E-01 -2.10230E+01 -2.09567E+01 -6.62665E-02  0.00000E+00  0.00000E+00  6.17340E+01
   453  3.49647E-01 -2.05285E+01 -2.04630E+01 -6.54882E-02  0.00000E+00  0.00000E+00  5.95805E+01
   454  3.57530E-01 -2.00391E+01 -1.99746E+01 -6.45336E-02  0.00000E+00  0.00000E+00  5.73334E+01
   455  3.65585E-01 -1.95553E+01 -1.94919E+01 -6.33941E-02  0.00000E+00  0.00000E+00  5.49947E+01
   456  3.73818E-01 -1.90776E+01 -1.90155E+01 -6.20672E-02  0.00000E+00  0.00000E+00  5.25719E+01
   457  3.82232E-01 -1.86066E+01 -1.85460E+01 -6.05555E-02  0.00000E+00  0.00000E+00  5.00767E+01
   458  3.90830E-01 -1.81427E+01 -1.80838E+01 -5.88667E-02  0.00000E+00  0.00000E+00  4.75243E+01
   459  3.99616E-01 -1.76863E+01 -1.76293E+01 -5.70126E-02  0.00000E+00  0.00000E+00  4.49324E+01
   460  4.08594E-01 -1.72378E+01 -1.71828E+01 -5.50091E-02  0.00000E+00  0.00000E+00  4.23201E+01
   461  4.17769E-01 -1.67975E+01 -1.67446E+01 -5.28748E-02  0.00000E+00  0.00000E+00  3.97074E+01
   462  4.27144E-01 -1.63656E+01 -1.63150E+01 -5.06310E-02  0.00000E+00  0.00000E+00  3.71143E+01
   463  4.36723E-01 -1.59424E+01 -1.58941E+01 -4.83006E-02  0.00000E+00  0.00000E+00  3.45602E+01
   464  4.46511E-01 -1.55279E+01 -1.54820E+01 -4.59075E-02  0.00000E+00  0.00000E+00  3.20634E+01
   465  4.56512E-01 -1.51223E+01 -1.50788E+01 -4.34759E-02  0.00000E+00  0.00000E+00  2.96405E+01
   466  4.66729E-01 -1.47254E+01 -1.46843E+01 -4.10300E-02  0.00000E+00  0.00000E+00  2.73063E+01
   467  4.77168E-01 -1.43372E+01 -1.42986E+01 -3.85930E-02  0.00000E+00  0.00000E+00  2.50733E+01
   468  4.87834E-01 -1.39576E+01 -1.39214E+01 -3.61869E-02  0.00000E+00  0.00000E+00  2.29520E+01
   469  4.98729E-01 -1.35865E+01 -1.35527E+01 -3.38318E-02  0.00000E+00  0.00000E+00  2.09502E+01
   470  5.09861E-01 -1.32235E+01 -1.31920E+01 -3.15461E-02  0.00000E+00  0.00000E+00  1.90737E+01
   471  5.21232E-01 -1.28685E+01 -1.28392E+01 -2.93455E-02  0.00000E+00  0.00000E+00  1.73258E+01
   472  5.32847E-01 -1.25212E+01 -1.24939E+01 -2.72436E-02  0.00000E+00  0.00000E+00  1.57079E+01
   473  5.44713E-01 -1.21811E+01 -1.21559E+01 -2.52512E-02  0.00000E+00  0.00000E+00  1.42193E+01
   474  5.56833E-01 -1.18481E+01 -1.18248E+01 -2.33765E-02  0.00000E+00  0.00000E+00  1.28577E+01
   475  5.69213E-01 -1.15218E+01 -1.15002E+01 -2.16251E-02  0.00000E+00  0.00000E+00  1.16192E+01
   476  5.81857E-01 -1.12018E+01 -1.11818E+01 -2.00003E-02  0.00000E+00  0.00000E+00  1.04986E+01
   477  5.94772E-01 -1.08878E+01 -1.08693E+01 -1.85031E-02  0.00000E+00  0.00000E+00  9.48997E+00
   478  6.07962E-01 -1.05795E+01 -1.05624E+01 -1.71321E-02  0.00000E+00  0.00000E+00  8.58626E+00
   479  6.21433E-01 -1.02766E+01 -1.02607E+01 -1.58843E-02  0.00000E+00  0.00000E+00  7.78005E+00
   480  6.35189E-01 -9.97870E+00 -9.96394E+00 -1.47551E-02  0.00000E+00  0.00000E+00  7.06354E+00
   481  6.49238E-01 -9.68568E+00 -9.67194E+00 -1.37384E-02  0.00000E+00  0.00000E+00  6.42877E+00
   482  6.63584E-01 -9.39727E+00 -9.38444E+00 -1.28273E-02  0.00000E+00  0.00000E+00  5.86782E+00
   483  6.78233E-01 -9.11327E+00 -9.10126E+00 -1.20137E-02  0.00000E+00  0.00000E+00  5.37294E+00
   484  6.93191E-01 -8.83354E+00 -8.82225E+00 -1.12892E-02  0.00000E+00  0.00000E+00  4.93666E+00
   485  7.08463E-01 -8.55795E+00 -8.54730E+00 -1.06452E-02  0.00000E+00  0.00000E+00  4.55191E+00
   486  7.24057E-01 -8.28641E+00 -8.27633E+00 -1.00729E-02  0.00000E+00  0.00000E+00  4.21207E+00
   487  7.39977E-01 -8.01887E+00 -8.00930E+00 -9.56353E-03  0.00000E+00  0.00000E+00  3.91107E+00
   488  7.56231E-01 -7.75530E+00 -7.74620E+00 -9.10881E-03  0.00000E+00  0.00000E+00  3.64336E+00
   489  7.72823E-01 -7.49573E+00 -7.48703E+00 -8.70077E-03  0.00000E+00  0.00000E+00  3.40400E+00
   490  7.89761E-01 -7.24019E+00 -7.23186E+00 -8.33202E-03  0.00000E+00  0.00000E+00  3.18858E+00
   491  8.07052E-01 -6.98875E+00 -6.98075E+00 -7.99579E-03  0.00000E+00  0.00000E+00  2.99327E+00
   492  8.24700E-01 -6.74148E+00 -6.73380E+00 -7.68598E-03  0.00000E+00  0.00000E+00  2.81478E+00
   493  8.42714E-01 -6.49850E+00 -6.49110E+00 -7.39723E-03  0.00000E+00  0.00000E+00  2.65028E+00
   494  8.61100E-01 -6.25991E+00 -6.25279E+00 -7.12489E-03  0.00000E+00  0.00000E+00  2.49745E+00
   495  8.79864E-01 -6.02585E+00 -6.01899E+00 -6.86501E-03  0.00000E+00  0.00000E+00  2.35437E+00
   496  8.99014E-01 -5.79645E+00 -5.78983E+00 -6.61435E-03  0.00000E+00  0.00000E+00  2.21947E+00
   497  9.18556E-01 -5.57183E+00 -5.56546E+00 -6.37029E-03  0.00000E+00  0.00000E+00  2.09154E+00
   498  9.38498E-01 -5.35213E+00 -5.34600E+00 -6.13083E-03  0.00000E+00  0.00000E+00  1.96964E+00
   499  9.58846E-01 -5.13749E+00 -5.13160E+00 -5.89449E-03  0.00000E+00  0.00000E+00  1.85305E+00
   500  9.79608E-01 -4.92801E+00 -4.92235E+00 -5.66028E-03  0.00000E+00  0.00000E+00  1.74128E+00
   501  1.00079E+00 -4.72382E+00 -4.71839E+00 -5.42761E-03  0.00000E+00  0.00000E+00  1.63397E+00
   502  1.02240E+00 -4.52500E+00 -4.51980E+00 -5.19625E-03  0.00000E+00  0.00000E+00  1.53088E+00
   503  1.04445E+00 -4.33164E+00 -4.32667E+00 -4.96624E-03  0.00000E+00  0.00000E+00  1.43190E+00
   504  1.06694E+00 -4.14381E+00 -4.13907E+00 -4.73786E-03  0.00000E+00  0.00000E+00  1.33695E+00
   505  1.08988E+00 -3.96156E+00 -3.95704E+00 -4.51155E-03  0.00000E+00  0.00000E+00  1.24601E+00
   506  1.11328E+00 -3.78492E+00 -3.78063E+00 -4.28787E-03  0.00000E+00  0.00000E+00  1.15909E+00
   507  1.13715E+00 -3.61391E+00 -3.60984E+00 -4.06746E-03  0.00000E+00  0.00000E+00  1.07620E+00
   508  1.16149E+00 -3.44853E+00 -3.44468E+00 -3.85098E-03  0.00000E+00  0.00000E+00  9.97356E-01
   509  1.18632E+00 -3.28877E+00 -3.28513E+00 -3.63912E-03  0.00000E+00  0.00000E+00  9.22575E-01
   510  1.21163E+00 -3.13459E+00 -3.13116E+00 -3.43252E-03  0.00000E+00  0.00000E+00  8.51848E-01
   511  1.23744E+00 -2.98594E+00 -2.98271E+00 -3.23178E-03  0.00000E+00  0.00000E+00  7.85148E-01
   512  1.26376E+00 -2.84275E+00 -2.83972E+00 -3.03744E-03  0.00000E+00  0.00000E+00  7.22432E-01
   513  1.29060E+00 -2.70496E+00 -2.70211E+00 -2.84998E-03  0.00000E+00  0.00000E+00  6.63633E-01
   514  1.31795E+00 -2.57247E+00 -2.56980E+00 -2.66978E-03  0.00000E+00  0.00000E+00  6.08663E-01
   515  1.34584E+00 -2.44518E+00 -2.44269E+00 -2.49714E-03  0.00000E+00  0.00000E+00  5.57415E-01
   516  1.37427E+00 -2.32299E+00 -2.32066E+00 -2.33230E-03  0.00000E+00  0.00000E+00  5.09768E-01
   517  1.40325E+00 -2.20577E+00 -2.20359E+00 -2.17538E-03  0.00000E+00  0.00000E+00  4.65581E-01
   518  1.43278E+00 -2.09340E+00 -2.09137E+00 -2.02645E-03  0.00000E+00  0.00000E+00  4.24705E-01
   519  1.46288E+00 -1.98575E+00 -1.98387E+00 -1.88550E-03  0.00000E+00  0.00000E+00  3.86980E-01
   520  1.49356E+00 -1.88269E+00 -1.88094E+00 -1.75245E-03  0.00000E+00  0.00000E+00  3.52241E-01
   521  1.52481E+00 -1.78408E+00 -1.78246E+00 -1.62718E-03  0.00000E+00  0.00000E+00  3.20317E-01
   522  1.55666E+00 -1.68979E+00 -1.68828E+00 -1.50950E-03  0.00000E+00  0.00000E+00  2.91038E-01
   523  1.58911E+00 -1.59966E+00 -1.59826E+00 -1.39919E-03  0.00000E+00  0.00000E+00  2.64232E-01
   524  1.62217E+00 -1.51356E+00 -1.51227E+00 -1.29600E-03  0.00000E+00  0.00000E+00  2.39730E-01
   525  1.65585E+00 -1.43135E+00 -1.43015E+00 -1.19963E-03  0.00000E+00  0.00000E+00  2.17370E-01
   526  1.69016E+00 -1.35290E+00 -1.35179E+00 -1.10979E-03  0.00000E+00  0.00000E+00  1.96991E-01
   527  1.72510E+00 -1.27806E+00 -1.27703E+00 -1.02616E-03  0.00000E+00  0.00000E+00  1.78441E-01
   528  1.76069E+00 -1.20670E+00 -1.20575E+00 -9.48409E-04  0.00000E+00  0.00000E+00  1.61574E-01
   529  1.79693E+00 -1.13869E+00 -1.13781E+00 -8.76218E-04  0.00000E+00  0.00000E+00  1.46254E-01
   530  1.83383E+00 -1.07389E+00 -1.07308E+00 -8.09257E-04  0.00000E+00  0.00000E+00  1.32349E-01
   531  1.87141E+00 -1.01219E+00 -1.01145E+00 -7.47203E-04  0.00000E+00  0.00000E+00  1.19738E-01
   532  1.90967E+00 -9.53467E-01 -9.52778E-01 -6.89742E-04  0.00000E+00  0.00000E+00  1.08309E-01
   533  1.94863E+00 -8.97594E-01 -8.96957E-01 -6.36569E-04  0.00000E+00  0.00000E+00  9.79553E-02
   534  1.98828E+00 -8.44460E-01 -8.43872E-01 -5.87392E-04  0.00000E+00  0.00000E+00  8.85803E-02
   535  2.02864E+00 -7.93954E-01 -7.93412E-01 -5.41930E-04  0.00000E+00  0.00000E+00  8.00943E-02
   536  2.06972E+00 -7.45969E-01 -7.45469E-01 -4.99917E-04  0.00000E+00  0.00000E+00  7.24150E-02
   537  2.11153E+00 -7.00401E-01 -6.99940E-01 -4.61103E-04  0.00000E+00  0.00000E+00  6.54671E-02
   538  2.15407E+00 -6.57152E-01 -6.56727E-01 -4.25251E-04  0.00000E+00  0.00000E+00  5.91818E-02
   539  2.19736E+00 -6.16124E-01 -6.15732E-01 -3.92138E-04  0.00000E+00  0.00000E+00  5.34962E-02
   540  2.24141E+00 -5.77226E-01 -5.76864E-01 -3.61559E-04  0.00000E+00  0.00000E+00  4.83534E-02
   541  2.28622E+00 -5.40367E-01 -5.40033E-01 -3.33319E-04  0.00000E+00  0.00000E+00  4.37015E-02
   542  2.33181E+00 -5.05461E-01 -5.05154E-01 -3.07240E-04  0.00000E+00  0.00000E+00  3.94934E-02
   543  2.37818E+00 -4.72426E-01 -4.72143E-01 -2.83155E-04  0.00000E+00  0.00000E+00  3.56867E-02
   544  2.42534E+00 -4.41182E-01 -4.40921E-01 -2.60910E-04  0.00000E+00  0.00000E+00  3.22428E-02
   545  2.47330E+00 -4.11651E-01 -4.11410E-01 -2.40363E-04  0.00000E+00  0.00000E+00  2.91268E-02
   546  2.52207E+00 -3.83759E-01 -3.83537E-01 -2.21383E-04  0.00000E+00  0.00000E+00  2.63074E-02
   547  2.57167E+00 -3.57434E-01 -3.57230E-01 -2.03849E-04  0.00000E+00  0.00000E+00  2.37561E-02
   548  2.62209E+00 -3.32607E-01 -3.32419E-01 -1.87650E-04  0.00000E+00  0.00000E+00  2.14473E-02
   549  2.67334E+00 -3.09211E-01 -3.09039E-01 -1.72683E-04  0.00000E+00  0.00000E+00  1.93579E-02
   550  2.72545E+00 -2.87182E-01 -2.87023E-01 -1.58854E-04  0.00000E+00  0.00000E+00  1.74668E-02
   551  2.77841E+00 -2.66458E-01 -2.66312E-01 -1.46075E-04  0.00000E+00  0.00000E+00  1.57553E-02
   552  2.83223E+00 -2.46977E-01 -2.46843E-01 -1.34268E-04  0.00000E+00  0.00000E+00  1.42064E-02
   553  2.88692E+00 -2.28683E-01 -2.28560E-01 -1.23358E-04  0.00000E+00  0.00000E+00  1.28046E-02
   554  2.94250E+00 -2.11519E-01 -2.11406E-01 -1.13279E-04  0.00000E+00  0.00000E+00  1.15361E-02
   555  2.99896E+00 -1.95431E-01 -1.95327E-01 -1.03968E-04  0.00000E+00  0.00000E+00  1.03884E-02
   556  3.05632E+00 -1.80366E-01 -1.80271E-01 -9.53671E-05  0.00000E+00  0.00000E+00  9.35003E-03
   557  3.11459E+00 -1.66274E-01 -1.66187E-01 -8.74245E-05  0.00000E+00  0.00000E+00  8.41085E-03
   558  3.17378E+00 -1.53106E-01 -1.53026E-01 -8.00911E-05  0.00000E+00  0.00000E+00  7.56156E-03
   559  3.23388E+00 -1.40815E-01 -1.40741E-01 -7.33222E-05  0.00000E+00  0.00000E+00  6.79376E-03
   560  3.29492E+00 -1.29355E-01 -1.29288E-01 -6.70764E-05  0.00000E+00  0.00000E+00  6.09985E-03
   561  3.35690E+00 -1.18682E-01 -1.18621E-01 -6.13153E-05  0.00000E+00  0.00000E+00  5.47294E-03
   562  3.41982E+00 -1.08754E-01 -1.08698E-01 -5.60036E-05  0.00000E+00  0.00000E+00  4.90681E-03
   563  3.48370E+00 -9.95306E-02 -9.94795E-02 -5.11086E-05  0.00000E+00  0.00000E+00  4.39579E-03
   564  3.54854E+00 -9.09718E-02 -9.09252E-02 -4.66000E-05  0.00000E+00  0.00000E+00  3.93474E-03
   565  3.61435E+00 -8.30398E-02 -8.29974E-02 -4.24497E-05  0.00000E+00  0.00000E+00  3.51901E-03
   566  3.68113E+00 -7.56984E-02 -7.56598E-02 -3.86316E-05  0.00000E+00  0.00000E+00  3.14438E-03
   567  3.74890E+00 -6.89126E-02 -6.88775E-02 -3.51216E-05  0.00000E+00  0.00000E+00  2.80699E-03
   568  3.81767E+00 -6.26487E-02 -6.26169E-02 -3.18972E-05  0.00000E+00  0.00000E+00  2.50335E-03
   569  3.88743E+00 -5.68747E-02 -5.68458E-02 -2.89374E-05  0.00000E+00  0.00000E+00  2.23030E-03
   570  3.95819E+00 -5.15597E-02 -5.15335E-02 -2.62230E-05  0.00000E+00  0.00000E+00  1.98494E-03
   571  4.02997E+00 -4.66742E-02 -4.66505E-02 -2.37357E-05  0.00000E+00  0.00000E+00  1.76466E-03
   572  4.10277E+00 -4.21901E-02 -4.21686E-02 -2.14588E-05  0.00000E+00  0.00000E+00  1.56707E-03
   573  4.17660E+00 -3.80804E-02 -3.80611E-02 -1.93766E-05  0.00000E+00  0.00000E+00  1.38999E-03
   574  4.25145E+00 -3.43197E-02 -3.43023E-02 -1.74743E-05  0.00000E+00  0.00000E+00  1.23145E-03
   575  4.32735E+00 -3.08836E-02 -3.08678E-02 -1.57385E-05  0.00000E+00  0.00000E+00  1.08967E-03
   576  4.40428E+00 -2.77489E-02 -2.77347E-02 -1.41562E-05  0.00000E+00  0.00000E+00  9.62998E-04
   577  4.48227E+00 -2.48937E-02 -2.48810E-02 -1.27158E-05  0.00000E+00  0.00000E+00  8.49958E-04
   578  4.56131E+00 -2.22973E-02 -2.22859E-02 -1.14061E-05  0.00000E+00  0.00000E+00  7.49199E-04
   579  4.64142E+00 -1.99400E-02 -1.99298E-02 -1.02168E-05  0.00000E+00  0.00000E+00  6.59497E-04
   580  4.72259E+00 -1.78034E-02 -1.77943E-02 -9.13824E-06  0.00000E+00  0.00000E+00  5.79736E-04
   581  4.80483E+00 -1.58700E-02 -1.58619E-02 -8.16150E-06  0.00000E+00  0.00000E+00  5.08907E-04
   582  4.88815E+00 -1.41235E-02 -1.41162E-02 -7.27821E-06  0.00000E+00  0.00000E+00  4.46094E-04
   583  4.97254E+00 -1.25485E-02 -1.25420E-02 -6.48060E-06  0.00000E+00  0.00000E+00  3.90464E-04
   584  5.05803E+00 -1.11305E-02 -1.11248E-02 -5.76143E-06  0.00000E+00  0.00000E+00  3.41266E-04
   585  5.14460E+00 -9.85626E-03 -9.85115E-03 -5.11399E-06  0.00000E+00  0.00000E+00  2.97818E-04
   586  5.23227E+00 -8.71311E-03 -8.70858E-03 -4.53204E-06  0.00000E+00  0.00000E+00  2.59505E-04
   587  5.32104E+00 -7.68941E-03 -7.68540E-03 -4.00979E-06  0.00000E+00  0.00000E+00  2.25770E-04
   588  5.41091E+00 -6.77433E-03 -6.77079E-03 -3.54189E-06  0.00000E+00  0.00000E+00  1.96113E-04
   589  5.50189E+00 -5.95783E-03 -5.95471E-03 -3.12338E-06  0.00000E+00  0.00000E+00  1.70080E-04
   590  5.59397E+00 -5.23061E-03 -5.22786E-03 -2.74968E-06  0.00000E+00  0.00000E+00  1.47266E-04
   591  5.68717E+00 -4.58410E-03 -4.58169E-03 -2.41657E-06  0.00000E+00  0.00000E+00  1.27304E-04
   592  5.78149E+00 -4.01042E-03 -4.00830E-03 -2.12016E-06  0.00000E+00  0.00000E+00  1.09867E-04
   593  5.87693E+00 -3.50230E-03 -3.50045E-03 -1.85687E-06  0.00000E+00  0.00000E+00  9.46608E-05
   594  5.97348E+00 -3.05311E-03 -3.05148E-03 -1.62343E-06  0.00000E+00  0.00000E+00  8.14223E-05
   595  6.07117E+00 -2.65675E-03 -2.65533E-03 -1.41682E-06  0.00000E+00  0.00000E+00  6.99167E-05
   596  6.16998E+00 -2.30768E-03 -2.30644E-03 -1.23430E-06  0.00000E+00  0.00000E+00  5.99345E-05
   597  6.26991E+00 -2.00084E-03 -1.99977E-03 -1.07337E-06  0.00000E+00  0.00000E+00  5.12890E-05
   598  6.37098E+00 -1.73164E-03 -1.73071E-03 -9.31726E-07  0.00000E+00  0.00000E+00  4.38146E-05
   599  6.47319E+00 -1.49593E-03 -1.49512E-03 -8.07303E-07  0.00000E+00  0.00000E+00  3.73642E-05
   600  6.57653E+00 -1.28993E-03 -1.28923E-03 -6.98214E-07  0.00000E+00  0.00000E+00  3.18075E-05
   601  6.68100E+00 -1.11025E-03 -1.10965E-03 -6.02753E-07  0.00000E+00  0.00000E+00  2.70293E-05
   602  6.78661E+00 -9.53833E-04 -9.53314E-04 -5.19381E-07  0.00000E+00  0.00000E+00  2.29282E-05
   603  6.89336E+00 -8.17936E-04 -8.17489E-04 -4.46707E-07  0.00000E+00  0.00000E+00  1.94146E-05
   604  7.00125E+00 -7.00098E-04 -6.99714E-04 -3.83485E-07  0.00000E+00  0.00000E+00  1.64100E-05
   605  7.11028E+00 -5.98120E-04 -5.97791E-04 -3.28593E-07  0.00000E+00  0.00000E+00  1.38455E-05
   606  7.22046E+00 -5.10043E-04 -5.09762E-04 -2.81028E-07  0.00000E+00  0.00000E+00  1.16606E-05
   607  7.33177E+00 -4.34122E-04 -4.33882E-04 -2.39894E-07  0.00000E+00  0.00000E+00  9.80271E-06
   608  7.44422E+00 -3.68810E-04 -3.68605E-04 -2.04393E-07  0.00000E+00  0.00000E+00  8.22587E-06
   609  7.55782E+00 -3.12735E-04 -3.12561E-04 -1.73815E-07  0.00000E+00  0.00000E+00  6.89010E-06
   610  7.67256E+00 -2.64688E-04 -2.64540E-04 -1.47530E-07  0.00000E+00  0.00000E+00  5.76070E-06
   611  7.78843E+00 -2.23601E-04 -2.23476E-04 -1.24981E-07  0.00000E+00  0.00000E+00  4.80761E-06
   612  7.90545E+00 -1.88536E-04 -1.88430E-04 -1.05676E-07  0.00000E+00  0.00000E+00  4.00485E-06
   613  8.02361E+00 -1.58670E-04 -1.58581E-04 -8.91823E-08  0.00000E+00  0.00000E+00  3.33000E-06
   614  8.14291E+00 -1.33283E-04 -1.33208E-04 -7.51187E-08  0.00000E+00  0.00000E+00  2.76378E-06
   615  8.26334E+00 -1.11747E-04 -1.11684E-04 -6.31515E-08  0.00000E+00  0.00000E+00  2.28962E-06
   616  8.38491E+00 -9.35139E-05 -9.34609E-05 -5.29891E-08  0.00000E+00  0.00000E+00  1.89332E-06
   617  8.50762E+00 -7.81082E-05 -7.80638E-05 -4.43767E-08  0.00000E+00  0.00000E+00  1.56272E-06
   618  8.63146E+00 -6.51173E-05 -6.50802E-05 -3.70927E-08  0.00000E+00  0.00000E+00  1.28748E-06
   619  8.75643E+00 -5.41847E-05 -5.41537E-05 -3.09449E-08  0.00000E+00  0.00000E+00  1.05876E-06
   620  8.88254E+00 -4.50026E-05 -4.49768E-05 -2.57665E-08  0.00000E+00  0.00000E+00  8.69069E-07
   621  9.00977E+00 -3.73061E-05 -3.72847E-05 -2.14136E-08  0.00000E+00  0.00000E+00  7.12051E-07
   622  9.13813E+00 -3.08677E-05 -3.08500E-05 -1.77619E-08  0.00000E+00  0.00000E+00  5.82329E-07
   623  9.26761E+00 -2.54925E-05 -2.54778E-05 -1.47048E-08  0.00000E+00  0.00000E+00  4.75365E-07
   624  9.39822E+00 -2.10138E-05 -2.10016E-05 -1.21506E-08  0.00000E+00  0.00000E+00  3.87336E-07
   625  9.52994E+00 -1.72895E-05 -1.72794E-05 -1.00209E-08  0.00000E+00  0.00000E+00  3.15031E-07
   626  9.66278E+00 -1.41986E-05 -1.41903E-05 -8.24876E-09  0.00000E+00  0.00000E+00  2.55754E-07
   627  9.79673E+00 -1.16385E-05 -1.16317E-05 -6.77708E-09  0.00000E+00  0.00000E+00  2.07251E-07
   628  9.93180E+00 -9.52223E-06 -9.51668E-06 -5.55741E-09  0.00000E+00  0.00000E+00  1.67641E-07
   629  1.00680E+01 -7.77628E-06 -7.77173E-06 -4.54861E-09  0.00000E+00  0.00000E+00  1.35354E-07
   630  1.02052E+01 -6.33867E-06 -6.33495E-06 -3.71588E-09  0.00000E+00  0.00000E+00  1.09087E-07
   631  1.03436E+01 -5.15727E-06 -5.15424E-06 -3.02989E-09  0.00000E+00  0.00000E+00  8.77586E-08
   632  1.04831E+01 -4.18830E-06 -4.18584E-06 -2.46590E-09  0.00000E+00  0.00000E+00  7.04726E-08
   633  1.06237E+01 -3.39513E-06 -3.39312E-06 -2.00312E-09  0.00000E+00  0.00000E+00  5.64895E-08
   634  1.07653E+01 -2.74710E-06 -2.74548E-06 -1.62415E-09  0.00000E+00  0.00000E+00  4.51996E-08
   635  1.09081E+01 -2.21870E-06 -2.21738E-06 -1.31443E-09  0.00000E+00  0.00000E+00  3.61013E-08
   636  1.10519E+01 -1.78866E-06 -1.78760E-06 -1.06179E-09  0.00000E+00  0.00000E+00  2.87829E-08
   637  1.11968E+01 -1.43935E-06 -1.43849E-06 -8.56119E-10  0.00000E+00  0.00000E+00  2.29073E-08
   638  1.13428E+01 -1.15615E-06 -1.15546E-06 -6.89014E-10  0.00000E+00  0.00000E+00  1.81988E-08
   639  1.14899E+01 -9.26998E-07 -9.26444E-07 -5.53507E-10  0.00000E+00  0.00000E+00  1.44326E-08
   640  1.16380E+01 -7.41923E-07 -7.41479E-07 -4.43835E-10  0.00000E+00  0.00000E+00  1.14256E-08
   641  1.17872E+01 -5.92733E-07 -5.92378E-07 -3.55243E-10  0.00000E+00  0.00000E+00  9.02923E-09
   642  1.19374E+01 -4.72696E-07 -4.72412E-07 -2.83818E-10  0.00000E+00  0.00000E+00  7.12302E-09
   643  1.20887E+01 -3.76296E-07 -3.76070E-07 -2.26343E-10  0.00000E+00  0.00000E+00  5.60947E-09
   644  1.22411E+01 -2.99025E-07 -2.98845E-07 -1.80181E-10  0.00000E+00  0.00000E+00  4.40987E-09
   645  1.23945E+01 -2.37201E-07 -2.37058E-07 -1.43177E-10  0.00000E+00  0.00000E+00  3.46083E-09
   646  1.25489E+01 -1.87828E-07 -1.87714E-07 -1.13569E-10  0.00000E+00  0.00000E+00  2.71136E-09
   647  1.27044E+01 -1.48471E-07 -1.48381E-07 -8.99228E-11  0.00000E+00  0.00000E+00  2.12057E-09
   648  1.28609E+01 -1.17157E-07 -1.17086E-07 -7.10741E-11  0.00000E+00  0.00000E+00  1.65568E-09
   649  1.30184E+01 -9.22860E-08 -9.22300E-08 -5.60772E-11  0.00000E+00  0.00000E+00  1.29052E-09
   650  1.31769E+01 -7.25694E-08 -7.25253E-08 -4.41670E-11  0.00000E+00  0.00000E+00  1.00420E-09
   651  1.33365E+01 -5.69670E-08 -5.69323E-08 -3.47257E-11  0.00000E+00  0.00000E+00  7.80089E-10
   652  1.34971E+01 -4.46425E-08 -4.46153E-08 -2.72551E-11  0.00000E+00  0.00000E+00  6.04983E-10
   653  1.36587E+01 -3.49248E-08 -3.49034E-08 -2.13547E-11  0.00000E+00  0.00000E+00  4.68404E-10
   654  1.38212E+01 -2.72760E-08 -2.72593E-08 -1.67028E-11  0.00000E+00  0.00000E+00  3.62059E-10
   655  1.39848E+01 -2.12665E-08 -2.12534E-08 -1.30420E-11  0.00000E+00  0.00000E+00  2.79398E-10
   656  1.41494E+01 -1.65531E-08 -1.65429E-08 -1.01662E-11  0.00000E+00  0.00000E+00  2.15256E-10
   657  1.43149E+01 -1.28629E-08 -1.28550E-08 -7.91105E-12  0.00000E+00  0.00000E+00  1.65570E-10
   658  1.44814E+01 -9.97870E-09 -9.97255E-09 -6.14582E-12  0.00000E+00  0.00000E+00  1.27146E-10
   659  1.46489E+01 -7.72844E-09 -7.72367E-09 -4.76647E-12  0.00000E+00  0.00000E+00  9.74825E-11
   660  1.48174E+01 -5.97577E-09 -5.97208E-09 -3.69054E-12  0.00000E+00  0.00000E+00  7.46198E-11
   661  1.49868E+01 -4.61304E-09 -4.61019E-09 -2.85274E-12  0.00000E+00  0.00000E+00  5.70282E-11
   662  1.51572E+01 -3.55527E-09 -3.55307E-09 -2.20150E-12  0.00000E+00  0.00000E+00  4.35147E-11
   663  1.53285E+01 -2.73562E-09 -2.73393E-09 -1.69615E-12  0.00000E+00  0.00000E+00  3.31513E-11
   664  1.55008E+01 -2.10156E-09 -2.10025E-09 -1.30468E-12  0.00000E+00  0.00000E+00  2.52165E-11
   665  1.56740E+01 -1.61187E-09 -1.61087E-09 -1.00193E-12  0.00000E+00  0.00000E+00  1.91511E-11
   666  1.58481E+01 -1.23433E-09 -1.23356E-09 -7.68197E-13  0.00000E+00  0.00000E+00  1.45221E-11
   667  1.60232E+01 -9.43720E-10 -9.43132E-10 -5.88048E-13  0.00000E+00  0.00000E+00  1.09951E-11
   668  1.61992E+01 -7.20386E-10 -7.19936E-10 -4.49431E-13  0.00000E+00  0.00000E+00  8.31197E-12
   669  1.63762E+01 -5.49052E-10 -5.48710E-10 -3.42946E-13  0.00000E+00  0.00000E+00  6.27407E-12
   670  1.65540E+01 -4.17819E-10 -4.17558E-10 -2.61280E-13  0.00000E+00  0.00000E+00  4.72868E-12
   671  1.67327E+01 -3.17442E-10 -3.17243E-10 -1.98751E-13  0.00000E+00  0.00000E+00  3.55860E-12
   672  1.69124E+01 -2.40826E-10 -2.40675E-10 -1.50952E-13  0.00000E+00  0.00000E+00  2.67406E-12
   673  1.70929E+01 -1.82411E-10 -1.82297E-10 -1.14472E-13  0.00000E+00  0.00000E+00  2.00641E-12
   674  1.72743E+01 -1.37960E-10 -1.37874E-10 -8.66751E-14  0.00000E+00  0.00000E+00  1.50324E-12
   675  1.74566E+01 -1.04174E-10 -1.04109E-10 -6.55282E-14  0.00000E+00  0.00000E+00  1.12461E-12
   676  1.76398E+01 -7.85502E-11 -7.85008E-11 -4.94659E-14  0.00000E+00  0.00000E+00  8.40132E-13
   677  1.78239E+01 -5.91260E-11 -5.90887E-11 -3.72847E-14  0.00000E+00  0.00000E+00  6.26707E-13
   678  1.80088E+01 -4.44370E-11 -4.44089E-11 -2.80613E-14  0.00000E+00  0.00000E+00  4.66831E-13
   679  1.81946E+01 -3.33455E-11 -3.33245E-11 -2.10883E-14  0.00000E+00  0.00000E+00  3.47245E-13
   680  1.83812E+01 -2.49843E-11 -2.49685E-11 -1.58247E-14  0.00000E+00  0.00000E+00  2.57928E-13
   681  1.85687E+01 -1.86849E-11 -1.86731E-11 -1.18576E-14  0.00000E+00  0.00000E+00  1.91316E-13
   682  1.87570E+01 -1.39497E-11 -1.39408E-11 -8.87206E-15  0.00000E+00  0.00000E+00  1.41709E-13
   683  1.89462E+01 -1.03948E-11 -1.03881E-11 -6.62868E-15  0.00000E+00  0.00000E+00  1.04819E-13
   684  1.91362E+01 -7.73565E-12 -7.73070E-12 -4.94546E-15  0.00000E+00  0.00000E+00  7.74261E-14
   685  1.93270E+01 -5.74487E-12 -5.74119E-12 -3.68442E-15  0.00000E+00  0.00000E+00  5.71137E-14
   686  1.95186E+01 -4.26600E-12 -4.26326E-12 -2.74105E-15  0.00000E+00  0.00000E+00  4.20730E-14
   687  1.97111E+01 -3.14264E-12 -3.14060E-12 -2.03637E-15  0.00000E+00  0.00000E+00  3.09515E-14
   688  1.99043E+01 -2.31788E-12 -2.31637E-12 -1.51074E-15  0.00000E+00  0.00000E+00  2.27394E-14
   689  2.00984E+01 -1.70642E-12 -1.70530E-12 -1.11924E-15  0.00000E+00  0.00000E+00  1.66839E-14
   690  2.02933E+01 -1.25138E-12 -1.25056E-12 -8.28056E-16  0.00000E+00  0.00000E+00  1.22248E-14
   691  2.04889E+01 -9.10106E-13 -9.09495E-13 -6.11792E-16  0.00000E+00  0.00000E+00  8.94581E-15
   692  2.06854E+01 -6.54151E-13 -6.53699E-13 -4.51397E-16  0.00000E+00  0.00000E+00  6.53779E-15
   693  2.08826E+01 -4.83502E-13 -4.83169E-13 -3.32607E-16  0.00000E+00  0.00000E+00  4.77180E-15
   694  2.10806E+01 -3.41305E-13 -3.41061E-13 -2.44750E-16  0.00000E+00  0.00000E+00  3.47836E-15
   695  2.12794E+01 -2.41764E-13 -2.41585E-13 -1.79862E-16  0.00000E+00  0.00000E+00  2.53230E-15
   696  2.14789E+01 -1.56451E-13 -1.56319E-13 -1.32003E-16  0.00000E+00  0.00000E+00  1.84122E-15
   697  2.16792E+01 -9.95727E-14 -9.94760E-14 -9.67518E-17  0.00000E+00  0.00000E+00  1.33706E-15
   698  2.18802E+01 -7.11251E-14 -7.10543E-14 -7.08226E-17  0.00000E+00  0.00000E+00  9.69740E-16
   699  2.20820E+01 -5.17757E-17 -0.00000E+00 -5.17757E-17  0.00000E+00  0.00000E+00  7.02461E-16
   700  2.20820E+01 -0.00000E+00 -0.00000E+00  0.00000E+00  0.00000E+00  0.00000E+00  0.00000E+00
   701  4.41641E+01 -0.00000E+00 -0.00000E+00  0.00000E+00  0.00000E+00  0.00000E+00  0.00000E+00
   702  8.83281E+01 -0.00000E+00 -0.00000E+00  0.00000E+00  0.00000E+00  0.00000E+00  0.00000E+00
   703  1.76656E+02 -0.00000E+00 -0.00000E+00  0.00000E+00  0.00000E+00  0.00000E+00  0.00000E+00
   704  3.53312E+02 -0.00000E+00 -0.00000E+00  0.00000E+00  0.00000E+00  0.00000E+00  0.00000E+00
   705  7.06625E+02 -0.00000E+00 -0.00000E+00  0.00000E+00  0.00000E+00  0.00000E+00  0.00000E+00
   706  1.41325E+03 -0.00000E+00 -0.00000E+00  0.00000E+00  0.00000E+00  0.00000E+00  0.00000E+00
   707  2.82650E+03 -0.00000E+00 -0.00000E+00  0.00000E+00  0.00000E+00  0.00000E+00  0.00000E+00
   708  5.65300E+03 -0.00000E+00 -0.00000E+00  0.00000E+00  0.00000E+00  0.00000E+00  0.00000E+00
   709  1.13060E+04 -0.00000E+00 -0.00000E+00  0.00000E+00  0.00000E+00  0.00000E+00  0.00000E+00
