 #  Scattering amplitudes (in cm)      MU=(1-cos(TH))/2
 #  Z =   8,   projectile: electron
 #  Kinetic energy = 2.50000E+04 eV
 #
 # TH (deg)      MU          Re(F)        Im(F)        Re(G)        Im(G)
 #--------------------------------------------------------------------------
  0.000E+00  0.00000E+00  1.98251E-08  1.80845E-09  0.00000E+00  0.00000E+00
  1.000E-04  7.61557E-13  1.98251E-08  1.80845E-09  8.10050E-16  7.45236E-17
  1.250E-04  1.18994E-12  1.98251E-08  1.80845E-09  1.01256E-15  9.31545E-17
  1.500E-04  1.71346E-12  1.98251E-08  1.80845E-09  1.21508E-15  1.11785E-16
  1.750E-04  2.33225E-12  1.98251E-08  1.80845E-09  1.41759E-15  1.30416E-16
  2.000E-04  3.04617E-12  1.98251E-08  1.80845E-09  1.62010E-15  1.49047E-16
  2.250E-04  3.85530E-12  1.98251E-08  1.80845E-09  1.82261E-15  1.67678E-16
  2.500E-04  4.75964E-12  1.98251E-08  1.80845E-09  2.02513E-15  1.86309E-16
  2.750E-04  5.75917E-12  1.98251E-08  1.80845E-09  2.22764E-15  2.04940E-16
  3.000E-04  6.85391E-12  1.98251E-08  1.80845E-09  2.43015E-15  2.23571E-16
  3.250E-04  8.04379E-12  1.98251E-08  1.80845E-09  2.63266E-15  2.42202E-16
  3.500E-04  9.32893E-12  1.98251E-08  1.80845E-09  2.83518E-15  2.60833E-16
  3.750E-04  1.07092E-11  1.98251E-08  1.80845E-09  3.03769E-15  2.79464E-16
  4.000E-04  1.21847E-11  1.98251E-08  1.80845E-09  3.24020E-15  2.98095E-16
  4.250E-04  1.37554E-11  1.98251E-08  1.80845E-09  3.44271E-15  3.16725E-16
  4.500E-04  1.54213E-11  1.98251E-08  1.80845E-09  3.64523E-15  3.35356E-16
  4.750E-04  1.71823E-11  1.98251E-08  1.80845E-09  3.84774E-15  3.53987E-16
  5.000E-04  1.90386E-11  1.98251E-08  1.80845E-09  4.05025E-15  3.72618E-16
  5.250E-04  2.09900E-11  1.98251E-08  1.80845E-09  4.25276E-15  3.91249E-16
  5.500E-04  2.30367E-11  1.98251E-08  1.80845E-09  4.45528E-15  4.09880E-16
  5.750E-04  2.51785E-11  1.98251E-08  1.80845E-09  4.65779E-15  4.28511E-16
  6.000E-04  2.74156E-11  1.98251E-08  1.80845E-09  4.86030E-15  4.47142E-16
  6.250E-04  2.97478E-11  1.98251E-08  1.80845E-09  5.06281E-15  4.65773E-16
  6.500E-04  3.21752E-11  1.98251E-08  1.80845E-09  5.26533E-15  4.84404E-16
  6.750E-04  3.46979E-11  1.98251E-08  1.80845E-09  5.46784E-15  5.03035E-16
  7.000E-04  3.73157E-11  1.98251E-08  1.80845E-09  5.67035E-15  5.21665E-16
  7.250E-04  4.00286E-11  1.98251E-08  1.80845E-09  5.87286E-15  5.40296E-16
  7.500E-04  4.28368E-11  1.98251E-08  1.80845E-09  6.07538E-15  5.58927E-16
  7.750E-04  4.57402E-11  1.98251E-08  1.80845E-09  6.27789E-15  5.77558E-16
  8.000E-04  4.87388E-11  1.98251E-08  1.80845E-09  6.48040E-15  5.96189E-16
  8.250E-04  5.18325E-11  1.98251E-08  1.80845E-09  6.68291E-15  6.14820E-16
  8.500E-04  5.50215E-11  1.98251E-08  1.80845E-09  6.88543E-15  6.33451E-16
  8.750E-04  5.83057E-11  1.98251E-08  1.80845E-09  7.08794E-15  6.52082E-16
  9.000E-04  6.16850E-11  1.98251E-08  1.80845E-09  7.29045E-15  6.70713E-16
  9.250E-04  6.51595E-11  1.98251E-08  1.80845E-09  7.49296E-15  6.89344E-16
  9.500E-04  6.87293E-11  1.98251E-08  1.80845E-09  7.69548E-15  7.07975E-16
  9.750E-04  7.23943E-11  1.98251E-08  1.80845E-09  7.89799E-15  7.26605E-16
  1.000E-03  7.61544E-11  1.98251E-08  1.80845E-09  8.10050E-15  7.45236E-16
  1.250E-03  1.18991E-10  1.98250E-08  1.80845E-09  1.01256E-14  9.31545E-16
  1.500E-03  1.71347E-10  1.98250E-08  1.80845E-09  1.21508E-14  1.11785E-15
  1.750E-03  2.33223E-10  1.98250E-08  1.80845E-09  1.41759E-14  1.30416E-15
  2.000E-03  3.04617E-10  1.98250E-08  1.80845E-09  1.62010E-14  1.49047E-15
  2.250E-03  3.85531E-10  1.98250E-08  1.80845E-09  1.82261E-14  1.67678E-15
  2.500E-03  4.75965E-10  1.98250E-08  1.80845E-09  2.02512E-14  1.86309E-15
  2.750E-03  5.75917E-10  1.98250E-08  1.80845E-09  2.22764E-14  2.04940E-15
  3.000E-03  6.85389E-10  1.98250E-08  1.80845E-09  2.43015E-14  2.23571E-15
  3.250E-03  8.04380E-10  1.98250E-08  1.80845E-09  2.63266E-14  2.42202E-15
  3.500E-03  9.32891E-10  1.98250E-08  1.80845E-09  2.83517E-14  2.60833E-15
  3.750E-03  1.07092E-09  1.98250E-08  1.80845E-09  3.03768E-14  2.79464E-15
  4.000E-03  1.21847E-09  1.98250E-08  1.80845E-09  3.24019E-14  2.98094E-15
  4.250E-03  1.37554E-09  1.98250E-08  1.80845E-09  3.44271E-14  3.16725E-15
  4.500E-03  1.54213E-09  1.98250E-08  1.80845E-09  3.64522E-14  3.35356E-15
  4.750E-03  1.71823E-09  1.98250E-08  1.80845E-09  3.84773E-14  3.53987E-15
  5.000E-03  1.90386E-09  1.98250E-08  1.80845E-09  4.05024E-14  3.72618E-15
  5.250E-03  2.09900E-09  1.98250E-08  1.80845E-09  4.25275E-14  3.91249E-15
  5.500E-03  2.30367E-09  1.98250E-08  1.80845E-09  4.45526E-14  4.09880E-15
  5.750E-03  2.51785E-09  1.98250E-08  1.80845E-09  4.65777E-14  4.28511E-15
  6.000E-03  2.74156E-09  1.98250E-08  1.80845E-09  4.86028E-14  4.47141E-15
  6.250E-03  2.97478E-09  1.98249E-08  1.80845E-09  5.06279E-14  4.65772E-15
  6.500E-03  3.21752E-09  1.98249E-08  1.80845E-09  5.26530E-14  4.84403E-15
  6.750E-03  3.46978E-09  1.98249E-08  1.80845E-09  5.46781E-14  5.03034E-15
  7.000E-03  3.73156E-09  1.98249E-08  1.80845E-09  5.67031E-14  5.21665E-15
  7.250E-03  4.00286E-09  1.98249E-08  1.80845E-09  5.87282E-14  5.40296E-15
  7.500E-03  4.28368E-09  1.98249E-08  1.80845E-09  6.07533E-14  5.58927E-15
  7.750E-03  4.57402E-09  1.98249E-08  1.80845E-09  6.27784E-14  5.77557E-15
  8.000E-03  4.87388E-09  1.98249E-08  1.80845E-09  6.48035E-14  5.96188E-15
  8.250E-03  5.18326E-09  1.98249E-08  1.80845E-09  6.68285E-14  6.14819E-15
  8.500E-03  5.50215E-09  1.98249E-08  1.80845E-09  6.88536E-14  6.33450E-15
  8.750E-03  5.83057E-09  1.98248E-08  1.80845E-09  7.08787E-14  6.52081E-15
  9.000E-03  6.16850E-09  1.98248E-08  1.80845E-09  7.29037E-14  6.70712E-15
  9.250E-03  6.51596E-09  1.98248E-08  1.80845E-09  7.49288E-14  6.89342E-15
  9.500E-03  6.87293E-09  1.98248E-08  1.80845E-09  7.69538E-14  7.07973E-15
  9.750E-03  7.23942E-09  1.98248E-08  1.80845E-09  7.89789E-14  7.26604E-15
  1.000E-02  7.61544E-09  1.98248E-08  1.80845E-09  8.10039E-14  7.45235E-15
  1.250E-02  1.18991E-08  1.98246E-08  1.80845E-09  1.01254E-13  9.31542E-15
  1.500E-02  1.71347E-08  1.98244E-08  1.80844E-09  1.21504E-13  1.11785E-14
  1.750E-02  2.33223E-08  1.98242E-08  1.80844E-09  1.41753E-13  1.30415E-14
  2.000E-02  3.04617E-08  1.98240E-08  1.80844E-09  1.62001E-13  1.49046E-14
  2.250E-02  3.85531E-08  1.98237E-08  1.80843E-09  1.82249E-13  1.67676E-14
  2.500E-02  4.75965E-08  1.98233E-08  1.80843E-09  2.02495E-13  1.86306E-14
  2.750E-02  5.75917E-08  1.98230E-08  1.80842E-09  2.22741E-13  2.04936E-14
  3.000E-02  6.85389E-08  1.98226E-08  1.80841E-09  2.42985E-13  2.23566E-14
  3.250E-02  8.04380E-08  1.98222E-08  1.80841E-09  2.63228E-13  2.42196E-14
  3.500E-02  9.32891E-08  1.98217E-08  1.80840E-09  2.83470E-13  2.60825E-14
  3.750E-02  1.07092E-07  1.98212E-08  1.80839E-09  3.03710E-13  2.79455E-14
  4.000E-02  1.21847E-07  1.98207E-08  1.80839E-09  3.23949E-13  2.98084E-14
  4.250E-02  1.37554E-07  1.98201E-08  1.80838E-09  3.44186E-13  3.16712E-14
  4.500E-02  1.54213E-07  1.98195E-08  1.80837E-09  3.64421E-13  3.35341E-14
  4.750E-02  1.71823E-07  1.98189E-08  1.80836E-09  3.84654E-13  3.53969E-14
  5.000E-02  1.90386E-07  1.98182E-08  1.80835E-09  4.04886E-13  3.72597E-14
  5.250E-02  2.09900E-07  1.98175E-08  1.80834E-09  4.25115E-13  3.91224E-14
  5.500E-02  2.30367E-07  1.98168E-08  1.80833E-09  4.45342E-13  4.09852E-14
  5.750E-02  2.51785E-07  1.98160E-08  1.80831E-09  4.65567E-13  4.28479E-14
  6.000E-02  2.74156E-07  1.98152E-08  1.80830E-09  4.85789E-13  4.47105E-14
  6.250E-02  2.97478E-07  1.98144E-08  1.80829E-09  5.06009E-13  4.65731E-14
  6.500E-02  3.21752E-07  1.98135E-08  1.80828E-09  5.26227E-13  4.84357E-14
  6.750E-02  3.46978E-07  1.98126E-08  1.80826E-09  5.46441E-13  5.02982E-14
  7.000E-02  3.73156E-07  1.98116E-08  1.80825E-09  5.66653E-13  5.21607E-14
  7.250E-02  4.00286E-07  1.98107E-08  1.80823E-09  5.86862E-13  5.40231E-14
  7.500E-02  4.28368E-07  1.98097E-08  1.80822E-09  6.07068E-13  5.58855E-14
  7.750E-02  4.57402E-07  1.98086E-08  1.80820E-09  6.27270E-13  5.77479E-14
  8.000E-02  4.87388E-07  1.98075E-08  1.80819E-09  6.47470E-13  5.96102E-14
  8.250E-02  5.18325E-07  1.98064E-08  1.80817E-09  6.67666E-13  6.14724E-14
  8.500E-02  5.50215E-07  1.98053E-08  1.80815E-09  6.87859E-13  6.33346E-14
  8.750E-02  5.83057E-07  1.98041E-08  1.80813E-09  7.08048E-13  6.51968E-14
  9.000E-02  6.16850E-07  1.98029E-08  1.80811E-09  7.28233E-13  6.70589E-14
  9.250E-02  6.51596E-07  1.98017E-08  1.80810E-09  7.48415E-13  6.89209E-14
  9.500E-02  6.87293E-07  1.98004E-08  1.80808E-09  7.68593E-13  7.07829E-14
  9.750E-02  7.23942E-07  1.97991E-08  1.80806E-09  7.88767E-13  7.26448E-14
  1.000E-01  7.61543E-07  1.97977E-08  1.80803E-09  8.08937E-13  7.45066E-14
  1.250E-01  1.18991E-06  1.97824E-08  1.80780E-09  1.01039E-12  9.31213E-14
  1.500E-01  1.71347E-06  1.97636E-08  1.80751E-09  1.21132E-12  1.11728E-13
  1.750E-01  2.33223E-06  1.97415E-08  1.80717E-09  1.41164E-12  1.30325E-13
  2.000E-01  3.04617E-06  1.97161E-08  1.80678E-09  1.61123E-12  1.48911E-13
  2.250E-01  3.85531E-06  1.96874E-08  1.80634E-09  1.81000E-12  1.67484E-13
  2.500E-01  4.75964E-06  1.96553E-08  1.80585E-09  2.00784E-12  1.86043E-13
  2.750E-01  5.75916E-06  1.96201E-08  1.80530E-09  2.20468E-12  2.04586E-13
  3.000E-01  6.85388E-06  1.95815E-08  1.80470E-09  2.40040E-12  2.23112E-13
  3.250E-01  8.04378E-06  1.95399E-08  1.80406E-09  2.59491E-12  2.41619E-13
  3.500E-01  9.32888E-06  1.94950E-08  1.80336E-09  2.78813E-12  2.60105E-13
  3.750E-01  1.07092E-05  1.94471E-08  1.80260E-09  2.97996E-12  2.78569E-13
  4.000E-01  1.21846E-05  1.93961E-08  1.80180E-09  3.17031E-12  2.97009E-13
  4.250E-01  1.37553E-05  1.93421E-08  1.80095E-09  3.35911E-12  3.15424E-13
  4.500E-01  1.54212E-05  1.92851E-08  1.80005E-09  3.54627E-12  3.33813E-13
  4.750E-01  1.71822E-05  1.92253E-08  1.79909E-09  3.73170E-12  3.52173E-13
  5.000E-01  1.90385E-05  1.91626E-08  1.79809E-09  3.91534E-12  3.70503E-13
  5.250E-01  2.09899E-05  1.90971E-08  1.79703E-09  4.09710E-12  3.88803E-13
  5.500E-01  2.30365E-05  1.90289E-08  1.79593E-09  4.27691E-12  4.07069E-13
  5.750E-01  2.51783E-05  1.89580E-08  1.79478E-09  4.45471E-12  4.25302E-13
  6.000E-01  2.74153E-05  1.88845E-08  1.79357E-09  4.63043E-12  4.43498E-13
  6.250E-01  2.97475E-05  1.88084E-08  1.79232E-09  4.80401E-12  4.61658E-13
  6.500E-01  3.21749E-05  1.87299E-08  1.79102E-09  4.97538E-12  4.79779E-13
  6.750E-01  3.46974E-05  1.86489E-08  1.78967E-09  5.14449E-12  4.97860E-13
  7.000E-01  3.73152E-05  1.85657E-08  1.78827E-09  5.31128E-12  5.15900E-13
  7.250E-01  4.00281E-05  1.84801E-08  1.78682E-09  5.47571E-12  5.33897E-13
  7.500E-01  4.28362E-05  1.83924E-08  1.78533E-09  5.63772E-12  5.51850E-13
  7.750E-01  4.57395E-05  1.83025E-08  1.78379E-09  5.79727E-12  5.69758E-13
  8.000E-01  4.87380E-05  1.82106E-08  1.78220E-09  5.95433E-12  5.87618E-13
  8.250E-01  5.18317E-05  1.81167E-08  1.78056E-09  6.10884E-12  6.05430E-13
  8.500E-01  5.50205E-05  1.80209E-08  1.77888E-09  6.26079E-12  6.23193E-13
  8.750E-01  5.83045E-05  1.79232E-08  1.77715E-09  6.41013E-12  6.40905E-13
  9.000E-01  6.16838E-05  1.78238E-08  1.77538E-09  6.55683E-12  6.58565E-13
  9.250E-01  6.51582E-05  1.77227E-08  1.77356E-09  6.70088E-12  6.76171E-13
  9.500E-01  6.87277E-05  1.76200E-08  1.77169E-09  6.84224E-12  6.93723E-13
  9.750E-01  7.23925E-05  1.75158E-08  1.76978E-09  6.98091E-12  7.11218E-13
  1.000E+00  7.61524E-05  1.74101E-08  1.76783E-09  7.11685E-12  7.28657E-13
  1.100E+00  9.21439E-05  1.69742E-08  1.75957E-09  7.63321E-12  7.97815E-13
  1.200E+00  1.09658E-04  1.65207E-08  1.75063E-09  8.10547E-12  8.65966E-13
  1.300E+00  1.28695E-04  1.60541E-08  1.74103E-09  8.53381E-12  9.33039E-13
  1.400E+00  1.49255E-04  1.55784E-08  1.73081E-09  8.91900E-12  9.98969E-13
  1.500E+00  1.71338E-04  1.50976E-08  1.71999E-09  9.26226E-12  1.06370E-12
  1.600E+00  1.94942E-04  1.46150E-08  1.70859E-09  9.56520E-12  1.12717E-12
  1.700E+00  2.20070E-04  1.41338E-08  1.69666E-09  9.82971E-12  1.18934E-12
  1.800E+00  2.46720E-04  1.36564E-08  1.68422E-09  1.00579E-11  1.25016E-12
  1.900E+00  2.74892E-04  1.31854E-08  1.67130E-09  1.02520E-11  1.30959E-12
  2.000E+00  3.04586E-04  1.27224E-08  1.65793E-09  1.04143E-11  1.36760E-12
  2.100E+00  3.35803E-04  1.22691E-08  1.64415E-09  1.05472E-11  1.42417E-12
  2.200E+00  3.68542E-04  1.18267E-08  1.62999E-09  1.06529E-11  1.47927E-12
  2.300E+00  4.02802E-04  1.13963E-08  1.61547E-09  1.07337E-11  1.53287E-12
  2.400E+00  4.38585E-04  1.09785E-08  1.60063E-09  1.07918E-11  1.58498E-12
  2.500E+00  4.75889E-04  1.05739E-08  1.58550E-09  1.08292E-11  1.63557E-12
  2.600E+00  5.14715E-04  1.01828E-08  1.57010E-09  1.08480E-11  1.68465E-12
  2.700E+00  5.55063E-04  9.80549E-09  1.55447E-09  1.08500E-11  1.73221E-12
  2.800E+00  5.96931E-04  9.44192E-09  1.53864E-09  1.08369E-11  1.77826E-12
  2.900E+00  6.40321E-04  9.09207E-09  1.52262E-09  1.08104E-11  1.82280E-12
  3.000E+00  6.85233E-04  8.75582E-09  1.50645E-09  1.07719E-11  1.86585E-12
  3.100E+00  7.31665E-04  8.43292E-09  1.49016E-09  1.07230E-11  1.90741E-12
  3.200E+00  7.79618E-04  8.12311E-09  1.47376E-09  1.06647E-11  1.94750E-12
  3.300E+00  8.29092E-04  7.82605E-09  1.45727E-09  1.05983E-11  1.98614E-12
  3.400E+00  8.80086E-04  7.54137E-09  1.44073E-09  1.05247E-11  2.02335E-12
  3.500E+00  9.32601E-04  7.26868E-09  1.42415E-09  1.04451E-11  2.05915E-12
  3.600E+00  9.86636E-04  7.00755E-09  1.40755E-09  1.03601E-11  2.09357E-12
  3.700E+00  1.04219E-03  6.75755E-09  1.39095E-09  1.02707E-11  2.12663E-12
  3.800E+00  1.09927E-03  6.51826E-09  1.37436E-09  1.01774E-11  2.15835E-12
  3.900E+00  1.15786E-03  6.28924E-09  1.35781E-09  1.00808E-11  2.18877E-12
  4.000E+00  1.21797E-03  6.07007E-09  1.34131E-09  9.98167E-12  2.21791E-12
  4.100E+00  1.27961E-03  5.86031E-09  1.32487E-09  9.88034E-12  2.24581E-12
  4.200E+00  1.34276E-03  5.65957E-09  1.30850E-09  9.77730E-12  2.27249E-12
  4.300E+00  1.40743E-03  5.46744E-09  1.29222E-09  9.67296E-12  2.29798E-12
  4.400E+00  1.47362E-03  5.28353E-09  1.27604E-09  9.56767E-12  2.32232E-12
  4.500E+00  1.54133E-03  5.10747E-09  1.25998E-09  9.46175E-12  2.34554E-12
  4.600E+00  1.61056E-03  4.93890E-09  1.24403E-09  9.35548E-12  2.36766E-12
  4.700E+00  1.68131E-03  4.77747E-09  1.22821E-09  9.24910E-12  2.38873E-12
  4.800E+00  1.75357E-03  4.62284E-09  1.21252E-09  9.14284E-12  2.40876E-12
  4.900E+00  1.82735E-03  4.47468E-09  1.19698E-09  9.03689E-12  2.42780E-12
  5.000E+00  1.90265E-03  4.33271E-09  1.18159E-09  8.93141E-12  2.44587E-12
  5.100E+00  1.97947E-03  4.19661E-09  1.16635E-09  8.82654E-12  2.46300E-12
  5.200E+00  2.05780E-03  4.06611E-09  1.15128E-09  8.72241E-12  2.47922E-12
  5.300E+00  2.13765E-03  3.94094E-09  1.13637E-09  8.61912E-12  2.49457E-12
  5.400E+00  2.21902E-03  3.82084E-09  1.12163E-09  8.51678E-12  2.50907E-12
  5.500E+00  2.30190E-03  3.70559E-09  1.10706E-09  8.41546E-12  2.52275E-12
  5.600E+00  2.38630E-03  3.59494E-09  1.09267E-09  8.31523E-12  2.53564E-12
  5.700E+00  2.47222E-03  3.48868E-09  1.07846E-09  8.21615E-12  2.54776E-12
  5.800E+00  2.55965E-03  3.38661E-09  1.06443E-09  8.11827E-12  2.55914E-12
  5.900E+00  2.64859E-03  3.28852E-09  1.05058E-09  8.02163E-12  2.56982E-12
  6.000E+00  2.73905E-03  3.19424E-09  1.03692E-09  7.92627E-12  2.57980E-12
  6.100E+00  2.83103E-03  3.10359E-09  1.02344E-09  7.83222E-12  2.58913E-12
  6.200E+00  2.92452E-03  3.01639E-09  1.01014E-09  7.73949E-12  2.59782E-12
  6.300E+00  3.01952E-03  2.93249E-09  9.97035E-10  7.64809E-12  2.60589E-12
  6.400E+00  3.11604E-03  2.85174E-09  9.84112E-10  7.55804E-12  2.61337E-12
  6.500E+00  3.21407E-03  2.77400E-09  9.71374E-10  7.46934E-12  2.62029E-12
  6.600E+00  3.31362E-03  2.69912E-09  9.58821E-10  7.38199E-12  2.62665E-12
  6.700E+00  3.41468E-03  2.62698E-09  9.46452E-10  7.29599E-12  2.63249E-12
  6.800E+00  3.51725E-03  2.55745E-09  9.34267E-10  7.21133E-12  2.63782E-12
  6.900E+00  3.62133E-03  2.49043E-09  9.22264E-10  7.12801E-12  2.64267E-12
  7.000E+00  3.72692E-03  2.42579E-09  9.10442E-10  7.04601E-12  2.64705E-12
  7.100E+00  3.83403E-03  2.36343E-09  8.98800E-10  6.96534E-12  2.65098E-12
  7.200E+00  3.94265E-03  2.30326E-09  8.87336E-10  6.88597E-12  2.65447E-12
  7.300E+00  4.05278E-03  2.24519E-09  8.76050E-10  6.80790E-12  2.65755E-12
  7.400E+00  4.16442E-03  2.18911E-09  8.64938E-10  6.73111E-12  2.66023E-12
  7.500E+00  4.27757E-03  2.13495E-09  8.53999E-10  6.65558E-12  2.66253E-12
  7.600E+00  4.39223E-03  2.08262E-09  8.43232E-10  6.58130E-12  2.66446E-12
  7.700E+00  4.50840E-03  2.03205E-09  8.32634E-10  6.50825E-12  2.66604E-12
  7.800E+00  4.62608E-03  1.98317E-09  8.22204E-10  6.43641E-12  2.66728E-12
  7.900E+00  4.74527E-03  1.93590E-09  8.11939E-10  6.36577E-12  2.66819E-12
  8.000E+00  4.86597E-03  1.89017E-09  8.01836E-10  6.29630E-12  2.66879E-12
  8.100E+00  4.98817E-03  1.84593E-09  7.91895E-10  6.22798E-12  2.66910E-12
  8.200E+00  5.11188E-03  1.80312E-09  7.82113E-10  6.16079E-12  2.66912E-12
  8.300E+00  5.23711E-03  1.76167E-09  7.72487E-10  6.09472E-12  2.66886E-12
  8.400E+00  5.36383E-03  1.72153E-09  7.63015E-10  6.02974E-12  2.66834E-12
  8.500E+00  5.49207E-03  1.68265E-09  7.53695E-10  5.96584E-12  2.66757E-12
  8.600E+00  5.62181E-03  1.64498E-09  7.44525E-10  5.90300E-12  2.66656E-12
  8.700E+00  5.75306E-03  1.60847E-09  7.35503E-10  5.84119E-12  2.66531E-12
  8.800E+00  5.88581E-03  1.57308E-09  7.26625E-10  5.78041E-12  2.66384E-12
  8.900E+00  6.02007E-03  1.53877E-09  7.17890E-10  5.72062E-12  2.66217E-12
  9.000E+00  6.15583E-03  1.50549E-09  7.09296E-10  5.66182E-12  2.66029E-12
  9.100E+00  6.29310E-03  1.47321E-09  7.00839E-10  5.60398E-12  2.65821E-12
  9.200E+00  6.43187E-03  1.44188E-09  6.92519E-10  5.54708E-12  2.65595E-12
  9.300E+00  6.57214E-03  1.41148E-09  6.84333E-10  5.49110E-12  2.65351E-12
  9.400E+00  6.71392E-03  1.38196E-09  6.76277E-10  5.43604E-12  2.65090E-12
  9.500E+00  6.85720E-03  1.35330E-09  6.68351E-10  5.38186E-12  2.64813E-12
  9.600E+00  7.00198E-03  1.32545E-09  6.60552E-10  5.32855E-12  2.64520E-12
  9.700E+00  7.14827E-03  1.29841E-09  6.52878E-10  5.27609E-12  2.64213E-12
  9.800E+00  7.29605E-03  1.27212E-09  6.45326E-10  5.22447E-12  2.63891E-12
  9.900E+00  7.44534E-03  1.24658E-09  6.37895E-10  5.17367E-12  2.63556E-12
  1.000E+01  7.59612E-03  1.22174E-09  6.30582E-10  5.12367E-12  2.63208E-12
  1.025E+01  7.97965E-03  1.16260E-09  6.12804E-10  5.00210E-12  2.62285E-12
  1.050E+01  8.37255E-03  1.10739E-09  5.95721E-10  4.88521E-12  2.61293E-12
  1.075E+01  8.77480E-03  1.05578E-09  5.79301E-10  4.77278E-12  2.60241E-12
  1.100E+01  9.18641E-03  1.00747E-09  5.63516E-10  4.66458E-12  2.59135E-12
  1.125E+01  9.60736E-03  9.62195E-10  5.48337E-10  4.56040E-12  2.57982E-12
  1.150E+01  1.00376E-02  9.19721E-10  5.33737E-10  4.46005E-12  2.56787E-12
  1.175E+01  1.04773E-02  8.79825E-10  5.19688E-10  4.36335E-12  2.55556E-12
  1.200E+01  1.09262E-02  8.42312E-10  5.06168E-10  4.27012E-12  2.54294E-12
  1.225E+01  1.13844E-02  8.07001E-10  4.93150E-10  4.18019E-12  2.53004E-12
  1.250E+01  1.18520E-02  7.73727E-10  4.80614E-10  4.09340E-12  2.51691E-12
  1.275E+01  1.23288E-02  7.42343E-10  4.68537E-10  4.00961E-12  2.50359E-12
  1.300E+01  1.28150E-02  7.12712E-10  4.56898E-10  3.92868E-12  2.49010E-12
  1.325E+01  1.33104E-02  6.84712E-10  4.45679E-10  3.85047E-12  2.47647E-12
  1.350E+01  1.38150E-02  6.58227E-10  4.34859E-10  3.77486E-12  2.46273E-12
  1.375E+01  1.43290E-02  6.33154E-10  4.24423E-10  3.70172E-12  2.44890E-12
  1.400E+01  1.48521E-02  6.09397E-10  4.14352E-10  3.63096E-12  2.43500E-12
  1.425E+01  1.53845E-02  5.86868E-10  4.04630E-10  3.56246E-12  2.42106E-12
  1.450E+01  1.59262E-02  5.65488E-10  3.95243E-10  3.49612E-12  2.40708E-12
  1.475E+01  1.64770E-02  5.45181E-10  3.86176E-10  3.43185E-12  2.39309E-12
  1.500E+01  1.70371E-02  5.25879E-10  3.77414E-10  3.36956E-12  2.37910E-12
  1.525E+01  1.76063E-02  5.07519E-10  3.68946E-10  3.30917E-12  2.36513E-12
  1.550E+01  1.81848E-02  4.90041E-10  3.60758E-10  3.25058E-12  2.35117E-12
  1.575E+01  1.87724E-02  4.73393E-10  3.52838E-10  3.19374E-12  2.33725E-12
  1.600E+01  1.93692E-02  4.57525E-10  3.45176E-10  3.13856E-12  2.32337E-12
  1.625E+01  1.99751E-02  4.42389E-10  3.37761E-10  3.08498E-12  2.30954E-12
  1.650E+01  2.05901E-02  4.27942E-10  3.30582E-10  3.03293E-12  2.29576E-12
  1.675E+01  2.12143E-02  4.14145E-10  3.23629E-10  2.98235E-12  2.28206E-12
  1.700E+01  2.18476E-02  4.00960E-10  3.16895E-10  2.93318E-12  2.26842E-12
  1.725E+01  2.24900E-02  3.88353E-10  3.10368E-10  2.88538E-12  2.25486E-12
  1.750E+01  2.31415E-02  3.76292E-10  3.04043E-10  2.83887E-12  2.24137E-12
  1.775E+01  2.38021E-02  3.64745E-10  2.97909E-10  2.79362E-12  2.22797E-12
  1.800E+01  2.44717E-02  3.53686E-10  2.91961E-10  2.74958E-12  2.21466E-12
  1.825E+01  2.51504E-02  3.43088E-10  2.86190E-10  2.70670E-12  2.20144E-12
  1.850E+01  2.58382E-02  3.32927E-10  2.80589E-10  2.66493E-12  2.18831E-12
  1.875E+01  2.65349E-02  3.23179E-10  2.75153E-10  2.62424E-12  2.17528E-12
  1.900E+01  2.72407E-02  3.13824E-10  2.69875E-10  2.58459E-12  2.16234E-12
  1.925E+01  2.79555E-02  3.04840E-10  2.64748E-10  2.54594E-12  2.14951E-12
  1.950E+01  2.86793E-02  2.96209E-10  2.59768E-10  2.50826E-12  2.13677E-12
  1.975E+01  2.94120E-02  2.87914E-10  2.54928E-10  2.47150E-12  2.12414E-12
  2.000E+01  3.01537E-02  2.79938E-10  2.50224E-10  2.43564E-12  2.11161E-12
  2.025E+01  3.09043E-02  2.72265E-10  2.45650E-10  2.40064E-12  2.09918E-12
  2.050E+01  3.16639E-02  2.64880E-10  2.41203E-10  2.36649E-12  2.08686E-12
  2.075E+01  3.24324E-02  2.57770E-10  2.36876E-10  2.33314E-12  2.07464E-12
  2.100E+01  3.32098E-02  2.50921E-10  2.32666E-10  2.30057E-12  2.06253E-12
  2.125E+01  3.39961E-02  2.44322E-10  2.28569E-10  2.26876E-12  2.05052E-12
  2.150E+01  3.47912E-02  2.37961E-10  2.24581E-10  2.23767E-12  2.03861E-12
  2.175E+01  3.55952E-02  2.31826E-10  2.20698E-10  2.20730E-12  2.02681E-12
  2.200E+01  3.64081E-02  2.25908E-10  2.16917E-10  2.17760E-12  2.01512E-12
  2.225E+01  3.72297E-02  2.20197E-10  2.13233E-10  2.14857E-12  2.00352E-12
  2.250E+01  3.80602E-02  2.14683E-10  2.09644E-10  2.12018E-12  1.99204E-12
  2.275E+01  3.88995E-02  2.09358E-10  2.06146E-10  2.09241E-12  1.98065E-12
  2.300E+01  3.97476E-02  2.04214E-10  2.02736E-10  2.06524E-12  1.96937E-12
  2.325E+01  4.06044E-02  1.99242E-10  1.99412E-10  2.03865E-12  1.95819E-12
  2.350E+01  4.14700E-02  1.94436E-10  1.96170E-10  2.01263E-12  1.94711E-12
  2.375E+01  4.23443E-02  1.89788E-10  1.93008E-10  1.98715E-12  1.93613E-12
  2.400E+01  4.32273E-02  1.85292E-10  1.89923E-10  1.96221E-12  1.92525E-12
  2.425E+01  4.41190E-02  1.80941E-10  1.86913E-10  1.93778E-12  1.91447E-12
  2.450E+01  4.50194E-02  1.76730E-10  1.83976E-10  1.91385E-12  1.90379E-12
  2.475E+01  4.59284E-02  1.72652E-10  1.81108E-10  1.89041E-12  1.89321E-12
  2.500E+01  4.68461E-02  1.68703E-10  1.78308E-10  1.86744E-12  1.88272E-12
  2.550E+01  4.87074E-02  1.61169E-10  1.72904E-10  1.82286E-12  1.86203E-12
  2.600E+01  5.06030E-02  1.54089E-10  1.67747E-10  1.78001E-12  1.84171E-12
  2.650E+01  5.25328E-02  1.47430E-10  1.62821E-10  1.73880E-12  1.82177E-12
  2.700E+01  5.44967E-02  1.41159E-10  1.58115E-10  1.69913E-12  1.80218E-12
  2.750E+01  5.64946E-02  1.35249E-10  1.53613E-10  1.66093E-12  1.78294E-12
  2.800E+01  5.85262E-02  1.29672E-10  1.49306E-10  1.62412E-12  1.76404E-12
  2.850E+01  6.05914E-02  1.24405E-10  1.45182E-10  1.58863E-12  1.74548E-12
  2.900E+01  6.26901E-02  1.19426E-10  1.41230E-10  1.55439E-12  1.72724E-12
  2.950E+01  6.48222E-02  1.14716E-10  1.37441E-10  1.52133E-12  1.70933E-12
  3.000E+01  6.69873E-02  1.10257E-10  1.33806E-10  1.48941E-12  1.69173E-12
  3.050E+01  6.91854E-02  1.06030E-10  1.30318E-10  1.45857E-12  1.67443E-12
  3.100E+01  7.14163E-02  1.02022E-10  1.26968E-10  1.42874E-12  1.65743E-12
  3.150E+01  7.36799E-02  9.82170E-11  1.23749E-10  1.39990E-12  1.64072E-12
  3.200E+01  7.59760E-02  9.46031E-11  1.20654E-10  1.37199E-12  1.62429E-12
  3.250E+01  7.83043E-02  9.11680E-11  1.17677E-10  1.34496E-12  1.60813E-12
  3.300E+01  8.06647E-02  8.79004E-11  1.14812E-10  1.31878E-12  1.59225E-12
  3.350E+01  8.30571E-02  8.47901E-11  1.12053E-10  1.29342E-12  1.57662E-12
  3.400E+01  8.54812E-02  8.18276E-11  1.09396E-10  1.26883E-12  1.56125E-12
  3.450E+01  8.79369E-02  7.90041E-11  1.06835E-10  1.24498E-12  1.54613E-12
  3.500E+01  9.04240E-02  7.63112E-11  1.04366E-10  1.22185E-12  1.53126E-12
  3.550E+01  9.29422E-02  7.37414E-11  1.01985E-10  1.19939E-12  1.51662E-12
  3.600E+01  9.54915E-02  7.12877E-11  9.96865E-11  1.17759E-12  1.50221E-12
  3.650E+01  9.80716E-02  6.89434E-11  9.74677E-11  1.15641E-12  1.48803E-12
  3.700E+01  1.00682E-01  6.67024E-11  9.53247E-11  1.13583E-12  1.47406E-12
  3.750E+01  1.03323E-01  6.45590E-11  9.32542E-11  1.11583E-12  1.46031E-12
  3.800E+01  1.05995E-01  6.25078E-11  9.12529E-11  1.09638E-12  1.44677E-12
  3.850E+01  1.08696E-01  6.05438E-11  8.93178E-11  1.07747E-12  1.43344E-12
  3.900E+01  1.11427E-01  5.86625E-11  8.74459E-11  1.05906E-12  1.42030E-12
  3.950E+01  1.14188E-01  5.68593E-11  8.56346E-11  1.04115E-12  1.40736E-12
  4.000E+01  1.16978E-01  5.51304E-11  8.38813E-11  1.02371E-12  1.39461E-12
  4.050E+01  1.19797E-01  5.34717E-11  8.21835E-11  1.00673E-12  1.38204E-12
  4.100E+01  1.22645E-01  5.18797E-11  8.05389E-11  9.90179E-13  1.36966E-12
  4.150E+01  1.25522E-01  5.03511E-11  7.89453E-11  9.74055E-13  1.35745E-12
  4.200E+01  1.28428E-01  4.88827E-11  7.74007E-11  9.58338E-13  1.34541E-12
  4.250E+01  1.31361E-01  4.74716E-11  7.59029E-11  9.43014E-13  1.33354E-12
  4.300E+01  1.34323E-01  4.61148E-11  7.44503E-11  9.28069E-13  1.32184E-12
  4.350E+01  1.37313E-01  4.48098E-11  7.30409E-11  9.13489E-13  1.31029E-12
  4.400E+01  1.40330E-01  4.35542E-11  7.16731E-11  8.99262E-13  1.29891E-12
  4.450E+01  1.43375E-01  4.23455E-11  7.03452E-11  8.85375E-13  1.28768E-12
  4.500E+01  1.46447E-01  4.11816E-11  6.90558E-11  8.71818E-13  1.27659E-12
  4.550E+01  1.49545E-01  4.00604E-11  6.78034E-11  8.58579E-13  1.26566E-12
  4.600E+01  1.52671E-01  3.89799E-11  6.65865E-11  8.45647E-13  1.25487E-12
  4.650E+01  1.55823E-01  3.79383E-11  6.54038E-11  8.33013E-13  1.24421E-12
  4.700E+01  1.59001E-01  3.69339E-11  6.42541E-11  8.20666E-13  1.23370E-12
  4.750E+01  1.62205E-01  3.59649E-11  6.31362E-11  8.08598E-13  1.22332E-12
  4.800E+01  1.65435E-01  3.50299E-11  6.20489E-11  7.96798E-13  1.21307E-12
  4.850E+01  1.68690E-01  3.41272E-11  6.09911E-11  7.85260E-13  1.20295E-12
  4.900E+01  1.71970E-01  3.32556E-11  5.99617E-11  7.73974E-13  1.19295E-12
  4.950E+01  1.75276E-01  3.24136E-11  5.89598E-11  7.62933E-13  1.18308E-12
  5.000E+01  1.78606E-01  3.16001E-11  5.79843E-11  7.52129E-13  1.17332E-12
  5.050E+01  1.81961E-01  3.08138E-11  5.70345E-11  7.41555E-13  1.16369E-12
  5.100E+01  1.85340E-01  3.00536E-11  5.61093E-11  7.31204E-13  1.15417E-12
  5.150E+01  1.88743E-01  2.93184E-11  5.52079E-11  7.21069E-13  1.14476E-12
  5.200E+01  1.92169E-01  2.86071E-11  5.43296E-11  7.11144E-13  1.13546E-12
  5.250E+01  1.95619E-01  2.79189E-11  5.34735E-11  7.01422E-13  1.12627E-12
  5.300E+01  1.99092E-01  2.72527E-11  5.26390E-11  6.91898E-13  1.11719E-12
  5.350E+01  2.02589E-01  2.66077E-11  5.18253E-11  6.82566E-13  1.10821E-12
  5.400E+01  2.06107E-01  2.59831E-11  5.10316E-11  6.73419E-13  1.09933E-12
  5.450E+01  2.09649E-01  2.53780E-11  5.02575E-11  6.64454E-13  1.09055E-12
  5.500E+01  2.13212E-01  2.47917E-11  4.95022E-11  6.55665E-13  1.08187E-12
  5.550E+01  2.16797E-01  2.42235E-11  4.87652E-11  6.47046E-13  1.07328E-12
  5.600E+01  2.20404E-01  2.36726E-11  4.80458E-11  6.38594E-13  1.06479E-12
  5.650E+01  2.24032E-01  2.31384E-11  4.73436E-11  6.30303E-13  1.05639E-12
  5.700E+01  2.27680E-01  2.26203E-11  4.66579E-11  6.22169E-13  1.04808E-12
  5.750E+01  2.31350E-01  2.21177E-11  4.59883E-11  6.14187E-13  1.03986E-12
  5.800E+01  2.35040E-01  2.16299E-11  4.53343E-11  6.06355E-13  1.03172E-12
  5.850E+01  2.38751E-01  2.11565E-11  4.46954E-11  5.98667E-13  1.02367E-12
  5.900E+01  2.42481E-01  2.06969E-11  4.40711E-11  5.91119E-13  1.01570E-12
  5.950E+01  2.46231E-01  2.02507E-11  4.34611E-11  5.83709E-13  1.00782E-12
  6.000E+01  2.50000E-01  1.98172E-11  4.28648E-11  5.76432E-13  1.00001E-12
  6.050E+01  2.53788E-01  1.93962E-11  4.22819E-11  5.69285E-13  9.92285E-13
  6.100E+01  2.57595E-01  1.89871E-11  4.17120E-11  5.62265E-13  9.84635E-13
  6.150E+01  2.61421E-01  1.85895E-11  4.11547E-11  5.55368E-13  9.77060E-13
  6.200E+01  2.65264E-01  1.82030E-11  4.06096E-11  5.48591E-13  9.69559E-13
  6.250E+01  2.69126E-01  1.78273E-11  4.00764E-11  5.41931E-13  9.62131E-13
  6.300E+01  2.73005E-01  1.74619E-11  3.95548E-11  5.35385E-13  9.54774E-13
  6.350E+01  2.76901E-01  1.71065E-11  3.90444E-11  5.28951E-13  9.47488E-13
  6.400E+01  2.80814E-01  1.67608E-11  3.85450E-11  5.22625E-13  9.40271E-13
  6.450E+01  2.84744E-01  1.64244E-11  3.80561E-11  5.16406E-13  9.33121E-13
  6.500E+01  2.88691E-01  1.60970E-11  3.75776E-11  5.10289E-13  9.26038E-13
  6.550E+01  2.92653E-01  1.57784E-11  3.71091E-11  5.04273E-13  9.19020E-13
  6.600E+01  2.96632E-01  1.54682E-11  3.66504E-11  4.98356E-13  9.12066E-13
  6.650E+01  3.00625E-01  1.51662E-11  3.62011E-11  4.92534E-13  9.05175E-13
  6.700E+01  3.04634E-01  1.48720E-11  3.57611E-11  4.86807E-13  8.98345E-13
  6.750E+01  3.08658E-01  1.45855E-11  3.53301E-11  4.81170E-13  8.91577E-13
  6.800E+01  3.12697E-01  1.43064E-11  3.49079E-11  4.75623E-13  8.84868E-13
  6.850E+01  3.16749E-01  1.40345E-11  3.44942E-11  4.70163E-13  8.78218E-13
  6.900E+01  3.20816E-01  1.37695E-11  3.40888E-11  4.64789E-13  8.71625E-13
  6.950E+01  3.24896E-01  1.35112E-11  3.36915E-11  4.59497E-13  8.65089E-13
  7.000E+01  3.28990E-01  1.32594E-11  3.33020E-11  4.54287E-13  8.58609E-13
  7.050E+01  3.33097E-01  1.30139E-11  3.29203E-11  4.49157E-13  8.52183E-13
  7.100E+01  3.37216E-01  1.27745E-11  3.25460E-11  4.44104E-13  8.45811E-13
  7.150E+01  3.41348E-01  1.25410E-11  3.21790E-11  4.39127E-13  8.39492E-13
  7.200E+01  3.45492E-01  1.23133E-11  3.18192E-11  4.34224E-13  8.33225E-13
  7.250E+01  3.49647E-01  1.20911E-11  3.14662E-11  4.29394E-13  8.27009E-13
  7.300E+01  3.53814E-01  1.18743E-11  3.11201E-11  4.24634E-13  8.20844E-13
  7.350E+01  3.57992E-01  1.16628E-11  3.07805E-11  4.19944E-13  8.14728E-13
  7.400E+01  3.62181E-01  1.14563E-11  3.04473E-11  4.15322E-13  8.08660E-13
  7.450E+01  3.66381E-01  1.12548E-11  3.01205E-11  4.10767E-13  8.02640E-13
  7.500E+01  3.70590E-01  1.10580E-11  2.97997E-11  4.06276E-13  7.96667E-13
  7.550E+01  3.74810E-01  1.08659E-11  2.94850E-11  4.01849E-13  7.90741E-13
  7.600E+01  3.79039E-01  1.06783E-11  2.91760E-11  3.97484E-13  7.84860E-13
  7.650E+01  3.83277E-01  1.04951E-11  2.88728E-11  3.93180E-13  7.79023E-13
  7.700E+01  3.87524E-01  1.03161E-11  2.85752E-11  3.88935E-13  7.73231E-13
  7.750E+01  3.91780E-01  1.01412E-11  2.82829E-11  3.84749E-13  7.67482E-13
  7.800E+01  3.96044E-01  9.97041E-12  2.79960E-11  3.80620E-13  7.61776E-13
  7.850E+01  4.00316E-01  9.80349E-12  2.77143E-11  3.76547E-13  7.56112E-13
  7.900E+01  4.04596E-01  9.64036E-12  2.74376E-11  3.72529E-13  7.50489E-13
  7.950E+01  4.08882E-01  9.48091E-12  2.71659E-11  3.68564E-13  7.44907E-13
  8.000E+01  4.13176E-01  9.32506E-12  2.68990E-11  3.64652E-13  7.39364E-13
  8.050E+01  4.17476E-01  9.17268E-12  2.66368E-11  3.60791E-13  7.33862E-13
  8.100E+01  4.21783E-01  9.02370E-12  2.63793E-11  3.56981E-13  7.28398E-13
  8.150E+01  4.26095E-01  8.87802E-12  2.61263E-11  3.53220E-13  7.22972E-13
  8.200E+01  4.30413E-01  8.73555E-12  2.58777E-11  3.49508E-13  7.17583E-13
  8.250E+01  4.34737E-01  8.59620E-12  2.56334E-11  3.45843E-13  7.12232E-13
  8.300E+01  4.39065E-01  8.45988E-12  2.53934E-11  3.42224E-13  7.06917E-13
  8.350E+01  4.43398E-01  8.32653E-12  2.51575E-11  3.38651E-13  7.01638E-13
  8.400E+01  4.47736E-01  8.19606E-12  2.49256E-11  3.35123E-13  6.96395E-13
  8.450E+01  4.52077E-01  8.06839E-12  2.46977E-11  3.31639E-13  6.91186E-13
  8.500E+01  4.56422E-01  7.94346E-12  2.44737E-11  3.28197E-13  6.86012E-13
  8.550E+01  4.60770E-01  7.82118E-12  2.42534E-11  3.24798E-13  6.80871E-13
  8.600E+01  4.65122E-01  7.70150E-12  2.40369E-11  3.21440E-13  6.75764E-13
  8.650E+01  4.69476E-01  7.58434E-12  2.38240E-11  3.18123E-13  6.70689E-13
  8.700E+01  4.73832E-01  7.46964E-12  2.36147E-11  3.14845E-13  6.65647E-13
  8.750E+01  4.78190E-01  7.35734E-12  2.34088E-11  3.11606E-13  6.60636E-13
  8.800E+01  4.82550E-01  7.24737E-12  2.32064E-11  3.08406E-13  6.55657E-13
  8.850E+01  4.86912E-01  7.13968E-12  2.30073E-11  3.05243E-13  6.50709E-13
  8.900E+01  4.91274E-01  7.03422E-12  2.28114E-11  3.02116E-13  6.45791E-13
  8.950E+01  4.95637E-01  6.93092E-12  2.26188E-11  2.99026E-13  6.40903E-13
  9.000E+01  5.00000E-01  6.82973E-12  2.24294E-11  2.95972E-13  6.36044E-13
  9.050E+01  5.04363E-01  6.73060E-12  2.22430E-11  2.92952E-13  6.31215E-13
  9.100E+01  5.08726E-01  6.63348E-12  2.20596E-11  2.89967E-13  6.26414E-13
  9.150E+01  5.13088E-01  6.53832E-12  2.18792E-11  2.87014E-13  6.21642E-13
  9.200E+01  5.17450E-01  6.44507E-12  2.17016E-11  2.84095E-13  6.16897E-13
  9.250E+01  5.21810E-01  6.35369E-12  2.15270E-11  2.81208E-13  6.12180E-13
  9.300E+01  5.26168E-01  6.26413E-12  2.13551E-11  2.78353E-13  6.07490E-13
  9.350E+01  5.30524E-01  6.17635E-12  2.11859E-11  2.75529E-13  6.02827E-13
  9.400E+01  5.34878E-01  6.09030E-12  2.10194E-11  2.72736E-13  5.98190E-13
  9.450E+01  5.39230E-01  6.00595E-12  2.08556E-11  2.69973E-13  5.93579E-13
  9.500E+01  5.43578E-01  5.92325E-12  2.06943E-11  2.67239E-13  5.88993E-13
  9.550E+01  5.47923E-01  5.84217E-12  2.05356E-11  2.64534E-13  5.84433E-13
  9.600E+01  5.52264E-01  5.76267E-12  2.03793E-11  2.61858E-13  5.79898E-13
  9.650E+01  5.56602E-01  5.68471E-12  2.02255E-11  2.59209E-13  5.75387E-13
  9.700E+01  5.60935E-01  5.60826E-12  2.00741E-11  2.56588E-13  5.70900E-13
  9.750E+01  5.65263E-01  5.53328E-12  1.99250E-11  2.53994E-13  5.66437E-13
  9.800E+01  5.69587E-01  5.45973E-12  1.97782E-11  2.51427E-13  5.61997E-13
  9.850E+01  5.73905E-01  5.38760E-12  1.96337E-11  2.48885E-13  5.57581E-13
  9.900E+01  5.78217E-01  5.31683E-12  1.94914E-11  2.46369E-13  5.53187E-13
  9.950E+01  5.82524E-01  5.24741E-12  1.93513E-11  2.43879E-13  5.48816E-13
  1.000E+02  5.86824E-01  5.17930E-12  1.92133E-11  2.41413E-13  5.44467E-13
  1.005E+02  5.91118E-01  5.11248E-12  1.90774E-11  2.38971E-13  5.40140E-13
  1.010E+02  5.95404E-01  5.04691E-12  1.89436E-11  2.36553E-13  5.35835E-13
  1.015E+02  5.99684E-01  4.98256E-12  1.88118E-11  2.34159E-13  5.31551E-13
  1.020E+02  6.03956E-01  4.91942E-12  1.86821E-11  2.31788E-13  5.27288E-13
  1.025E+02  6.08220E-01  4.85745E-12  1.85542E-11  2.29439E-13  5.23045E-13
  1.030E+02  6.12476E-01  4.79663E-12  1.84283E-11  2.27113E-13  5.18823E-13
  1.035E+02  6.16723E-01  4.73694E-12  1.83043E-11  2.24808E-13  5.14621E-13
  1.040E+02  6.20961E-01  4.67834E-12  1.81821E-11  2.22525E-13  5.10439E-13
  1.045E+02  6.25190E-01  4.62083E-12  1.80618E-11  2.20264E-13  5.06277E-13
  1.050E+02  6.29410E-01  4.56436E-12  1.79433E-11  2.18023E-13  5.02134E-13
  1.055E+02  6.33619E-01  4.50893E-12  1.78265E-11  2.15802E-13  4.98010E-13
  1.060E+02  6.37819E-01  4.45450E-12  1.77114E-11  2.13602E-13  4.93905E-13
  1.065E+02  6.42008E-01  4.40107E-12  1.75981E-11  2.11422E-13  4.89818E-13
  1.070E+02  6.46186E-01  4.34860E-12  1.74864E-11  2.09261E-13  4.85750E-13
  1.075E+02  6.50353E-01  4.29708E-12  1.73764E-11  2.07119E-13  4.81700E-13
  1.080E+02  6.54508E-01  4.24648E-12  1.72680E-11  2.04996E-13  4.77667E-13
  1.085E+02  6.58652E-01  4.19680E-12  1.71613E-11  2.02891E-13  4.73652E-13
  1.090E+02  6.62784E-01  4.14800E-12  1.70560E-11  2.00805E-13  4.69655E-13
  1.095E+02  6.66903E-01  4.10008E-12  1.69524E-11  1.98737E-13  4.65674E-13
  1.100E+02  6.71010E-01  4.05301E-12  1.68502E-11  1.96686E-13  4.61711E-13
  1.105E+02  6.75104E-01  4.00678E-12  1.67495E-11  1.94652E-13  4.57764E-13
  1.110E+02  6.79184E-01  3.96137E-12  1.66503E-11  1.92636E-13  4.53833E-13
  1.115E+02  6.83251E-01  3.91677E-12  1.65526E-11  1.90637E-13  4.49919E-13
  1.120E+02  6.87303E-01  3.87295E-12  1.64563E-11  1.88653E-13  4.46021E-13
  1.125E+02  6.91342E-01  3.82990E-12  1.63614E-11  1.86687E-13  4.42138E-13
  1.130E+02  6.95366E-01  3.78761E-12  1.62678E-11  1.84736E-13  4.38271E-13
  1.135E+02  6.99375E-01  3.74607E-12  1.61757E-11  1.82801E-13  4.34419E-13
  1.140E+02  7.03368E-01  3.70525E-12  1.60848E-11  1.80881E-13  4.30583E-13
  1.145E+02  7.07347E-01  3.66515E-12  1.59953E-11  1.78976E-13  4.26761E-13
  1.150E+02  7.11309E-01  3.62575E-12  1.59071E-11  1.77087E-13  4.22954E-13
  1.155E+02  7.15256E-01  3.58703E-12  1.58202E-11  1.75212E-13  4.19162E-13
  1.160E+02  7.19186E-01  3.54899E-12  1.57345E-11  1.73352E-13  4.15384E-13
  1.165E+02  7.23099E-01  3.51161E-12  1.56501E-11  1.71506E-13  4.11620E-13
  1.170E+02  7.26995E-01  3.47487E-12  1.55669E-11  1.69674E-13  4.07870E-13
  1.175E+02  7.30874E-01  3.43878E-12  1.54848E-11  1.67856E-13  4.04134E-13
  1.180E+02  7.34736E-01  3.40331E-12  1.54040E-11  1.66051E-13  4.00412E-13
  1.185E+02  7.38579E-01  3.36845E-12  1.53244E-11  1.64260E-13  3.96702E-13
  1.190E+02  7.42405E-01  3.33419E-12  1.52459E-11  1.62482E-13  3.93006E-13
  1.195E+02  7.46212E-01  3.30052E-12  1.51685E-11  1.60717E-13  3.89324E-13
  1.200E+02  7.50000E-01  3.26744E-12  1.50923E-11  1.58964E-13  3.85654E-13
  1.205E+02  7.53769E-01  3.23492E-12  1.50172E-11  1.57224E-13  3.81996E-13
  1.210E+02  7.57519E-01  3.20296E-12  1.49431E-11  1.55497E-13  3.78351E-13
  1.215E+02  7.61249E-01  3.17155E-12  1.48702E-11  1.53782E-13  3.74719E-13
  1.220E+02  7.64960E-01  3.14068E-12  1.47983E-11  1.52078E-13  3.71099E-13
  1.225E+02  7.68650E-01  3.11034E-12  1.47274E-11  1.50386E-13  3.67490E-13
  1.230E+02  7.72320E-01  3.08052E-12  1.46576E-11  1.48706E-13  3.63894E-13
  1.235E+02  7.75968E-01  3.05121E-12  1.45888E-11  1.47038E-13  3.60309E-13
  1.240E+02  7.79596E-01  3.02240E-12  1.45210E-11  1.45380E-13  3.56736E-13
  1.245E+02  7.83203E-01  2.99409E-12  1.44542E-11  1.43734E-13  3.53174E-13
  1.250E+02  7.86788E-01  2.96626E-12  1.43883E-11  1.42098E-13  3.49623E-13
  1.255E+02  7.90351E-01  2.93890E-12  1.43234E-11  1.40473E-13  3.46084E-13
  1.260E+02  7.93893E-01  2.91202E-12  1.42595E-11  1.38859E-13  3.42555E-13
  1.265E+02  7.97411E-01  2.88559E-12  1.41965E-11  1.37254E-13  3.39037E-13
  1.270E+02  8.00908E-01  2.85962E-12  1.41345E-11  1.35661E-13  3.35530E-13
  1.275E+02  8.04381E-01  2.83410E-12  1.40733E-11  1.34077E-13  3.32033E-13
  1.280E+02  8.07831E-01  2.80901E-12  1.40131E-11  1.32503E-13  3.28546E-13
  1.285E+02  8.11257E-01  2.78435E-12  1.39537E-11  1.30938E-13  3.25070E-13
  1.290E+02  8.14660E-01  2.76011E-12  1.38953E-11  1.29383E-13  3.21604E-13
  1.295E+02  8.18039E-01  2.73630E-12  1.38377E-11  1.27838E-13  3.18147E-13
  1.300E+02  8.21394E-01  2.71289E-12  1.37809E-11  1.26302E-13  3.14701E-13
  1.305E+02  8.24724E-01  2.68988E-12  1.37250E-11  1.24775E-13  3.11263E-13
  1.310E+02  8.28030E-01  2.66727E-12  1.36700E-11  1.23256E-13  3.07836E-13
  1.315E+02  8.31310E-01  2.64505E-12  1.36158E-11  1.21747E-13  3.04417E-13
  1.320E+02  8.34565E-01  2.62322E-12  1.35624E-11  1.20246E-13  3.01008E-13
  1.325E+02  8.37795E-01  2.60176E-12  1.35098E-11  1.18754E-13  2.97608E-13
  1.330E+02  8.40999E-01  2.58068E-12  1.34580E-11  1.17270E-13  2.94217E-13
  1.335E+02  8.44177E-01  2.55996E-12  1.34070E-11  1.15795E-13  2.90835E-13
  1.340E+02  8.47329E-01  2.53960E-12  1.33567E-11  1.14327E-13  2.87461E-13
  1.345E+02  8.50455E-01  2.51960E-12  1.33073E-11  1.12868E-13  2.84096E-13
  1.350E+02  8.53553E-01  2.49994E-12  1.32586E-11  1.11416E-13  2.80740E-13
  1.355E+02  8.56625E-01  2.48064E-12  1.32106E-11  1.09972E-13  2.77391E-13
  1.360E+02  8.59670E-01  2.46167E-12  1.31634E-11  1.08535E-13  2.74051E-13
  1.365E+02  8.62687E-01  2.44303E-12  1.31170E-11  1.07106E-13  2.70719E-13
  1.370E+02  8.65677E-01  2.42473E-12  1.30713E-11  1.05685E-13  2.67395E-13
  1.375E+02  8.68639E-01  2.40675E-12  1.30263E-11  1.04270E-13  2.64079E-13
  1.380E+02  8.71572E-01  2.38909E-12  1.29820E-11  1.02863E-13  2.60770E-13
  1.385E+02  8.74478E-01  2.37174E-12  1.29384E-11  1.01463E-13  2.57469E-13
  1.390E+02  8.77355E-01  2.35471E-12  1.28955E-11  1.00069E-13  2.54176E-13
  1.395E+02  8.80203E-01  2.33798E-12  1.28533E-11  9.86824E-14  2.50889E-13
  1.400E+02  8.83022E-01  2.32156E-12  1.28118E-11  9.73022E-14  2.47611E-13
  1.405E+02  8.85812E-01  2.30543E-12  1.27710E-11  9.59285E-14  2.44339E-13
  1.410E+02  8.88573E-01  2.28959E-12  1.27308E-11  9.45612E-14  2.41074E-13
  1.415E+02  8.91304E-01  2.27405E-12  1.26913E-11  9.32002E-14  2.37816E-13
  1.420E+02  8.94005E-01  2.25879E-12  1.26525E-11  9.18454E-14  2.34565E-13
  1.425E+02  8.96677E-01  2.24382E-12  1.26143E-11  9.04966E-14  2.31320E-13
  1.430E+02  8.99318E-01  2.22912E-12  1.25767E-11  8.91538E-14  2.28082E-13
  1.435E+02  9.01928E-01  2.21470E-12  1.25398E-11  8.78168E-14  2.24851E-13
  1.440E+02  9.04508E-01  2.20054E-12  1.25036E-11  8.64855E-14  2.21626E-13
  1.445E+02  9.07058E-01  2.18666E-12  1.24679E-11  8.51599E-14  2.18407E-13
  1.450E+02  9.09576E-01  2.17304E-12  1.24329E-11  8.38399E-14  2.15194E-13
  1.455E+02  9.12063E-01  2.15968E-12  1.23985E-11  8.25252E-14  2.11988E-13
  1.460E+02  9.14519E-01  2.14658E-12  1.23647E-11  8.12159E-14  2.08787E-13
  1.465E+02  9.16943E-01  2.13373E-12  1.23315E-11  7.99119E-14  2.05592E-13
  1.470E+02  9.19335E-01  2.12114E-12  1.22989E-11  7.86130E-14  2.02403E-13
  1.475E+02  9.21696E-01  2.10879E-12  1.22669E-11  7.73191E-14  1.99219E-13
  1.480E+02  9.24024E-01  2.09669E-12  1.22355E-11  7.60301E-14  1.96042E-13
  1.485E+02  9.26320E-01  2.08483E-12  1.22046E-11  7.47461E-14  1.92869E-13
  1.490E+02  9.28584E-01  2.07320E-12  1.21744E-11  7.34667E-14  1.89702E-13
  1.495E+02  9.30815E-01  2.06182E-12  1.21447E-11  7.21921E-14  1.86540E-13
  1.500E+02  9.33013E-01  2.05067E-12  1.21156E-11  7.09219E-14  1.83383E-13
  1.505E+02  9.35178E-01  2.03975E-12  1.20870E-11  6.96563E-14  1.80231E-13
  1.510E+02  9.37310E-01  2.02906E-12  1.20590E-11  6.83951E-14  1.77084E-13
  1.515E+02  9.39409E-01  2.01860E-12  1.20316E-11  6.71382E-14  1.73942E-13
  1.520E+02  9.41474E-01  2.00836E-12  1.20047E-11  6.58854E-14  1.70805E-13
  1.525E+02  9.43505E-01  1.99834E-12  1.19784E-11  6.46368E-14  1.67672E-13
  1.530E+02  9.45503E-01  1.98854E-12  1.19526E-11  6.33923E-14  1.64544E-13
  1.535E+02  9.47467E-01  1.97896E-12  1.19274E-11  6.21516E-14  1.61421E-13
  1.540E+02  9.49397E-01  1.96959E-12  1.19026E-11  6.09149E-14  1.58302E-13
  1.545E+02  9.51293E-01  1.96044E-12  1.18785E-11  5.96819E-14  1.55187E-13
  1.550E+02  9.53154E-01  1.95150E-12  1.18548E-11  5.84526E-14  1.52076E-13
  1.555E+02  9.54981E-01  1.94276E-12  1.18317E-11  5.72269E-14  1.48970E-13
  1.560E+02  9.56773E-01  1.93423E-12  1.18091E-11  5.60048E-14  1.45867E-13
  1.565E+02  9.58530E-01  1.92591E-12  1.17870E-11  5.47861E-14  1.42768E-13
  1.570E+02  9.60252E-01  1.91778E-12  1.17654E-11  5.35707E-14  1.39674E-13
  1.575E+02  9.61940E-01  1.90986E-12  1.17443E-11  5.23587E-14  1.36583E-13
  1.580E+02  9.63592E-01  1.90214E-12  1.17237E-11  5.11498E-14  1.33495E-13
  1.585E+02  9.65209E-01  1.89461E-12  1.17037E-11  4.99441E-14  1.30411E-13
  1.590E+02  9.66790E-01  1.88728E-12  1.16841E-11  4.87414E-14  1.27331E-13
  1.595E+02  9.68336E-01  1.88015E-12  1.16651E-11  4.75417E-14  1.24254E-13
  1.600E+02  9.69846E-01  1.87320E-12  1.16465E-11  4.63449E-14  1.21181E-13
  1.605E+02  9.71321E-01  1.86645E-12  1.16284E-11  4.51509E-14  1.18110E-13
  1.610E+02  9.72759E-01  1.85989E-12  1.16109E-11  4.39596E-14  1.15043E-13
  1.615E+02  9.74162E-01  1.85351E-12  1.15938E-11  4.27710E-14  1.11979E-13
  1.620E+02  9.75528E-01  1.84732E-12  1.15772E-11  4.15849E-14  1.08918E-13
  1.625E+02  9.76858E-01  1.84132E-12  1.15611E-11  4.04014E-14  1.05859E-13
  1.630E+02  9.78152E-01  1.83550E-12  1.15454E-11  3.92203E-14  1.02804E-13
  1.635E+02  9.79410E-01  1.82986E-12  1.15302E-11  3.80416E-14  9.97509E-14
  1.640E+02  9.80631E-01  1.82440E-12  1.15156E-11  3.68651E-14  9.67007E-14
  1.645E+02  9.81815E-01  1.81912E-12  1.15013E-11  3.56909E-14  9.36531E-14
  1.650E+02  9.82963E-01  1.81402E-12  1.14876E-11  3.45188E-14  9.06079E-14
  1.655E+02  9.84074E-01  1.80910E-12  1.14743E-11  3.33487E-14  8.75652E-14
  1.660E+02  9.85148E-01  1.80436E-12  1.14615E-11  3.21807E-14  8.45247E-14
  1.665E+02  9.86185E-01  1.79979E-12  1.14492E-11  3.10146E-14  8.14865E-14
  1.670E+02  9.87185E-01  1.79540E-12  1.14373E-11  2.98503E-14  7.84504E-14
  1.675E+02  9.88148E-01  1.79118E-12  1.14259E-11  2.86878E-14  7.54163E-14
  1.680E+02  9.89074E-01  1.78713E-12  1.14149E-11  2.75270E-14  7.23842E-14
  1.685E+02  9.89962E-01  1.78325E-12  1.14044E-11  2.63678E-14  6.93541E-14
  1.690E+02  9.90814E-01  1.77955E-12  1.13944E-11  2.52103E-14  6.63257E-14
  1.695E+02  9.91627E-01  1.77601E-12  1.13848E-11  2.40542E-14  6.32991E-14
  1.700E+02  9.92404E-01  1.77265E-12  1.13757E-11  2.28995E-14  6.02741E-14
  1.705E+02  9.93143E-01  1.76945E-12  1.13670E-11  2.17462E-14  5.72507E-14
  1.710E+02  9.93844E-01  1.76642E-12  1.13588E-11  2.05942E-14  5.42288E-14
  1.715E+02  9.94508E-01  1.76356E-12  1.13510E-11  1.94434E-14  5.12083E-14
  1.720E+02  9.95134E-01  1.76086E-12  1.13437E-11  1.82937E-14  4.81892E-14
  1.725E+02  9.95722E-01  1.75834E-12  1.13368E-11  1.71451E-14  4.51713E-14
  1.730E+02  9.96273E-01  1.75597E-12  1.13304E-11  1.59976E-14  4.21546E-14
  1.735E+02  9.96786E-01  1.75378E-12  1.13245E-11  1.48510E-14  3.91389E-14
  1.740E+02  9.97261E-01  1.75174E-12  1.13189E-11  1.37052E-14  3.61243E-14
  1.745E+02  9.97698E-01  1.74987E-12  1.13138E-11  1.25603E-14  3.31107E-14
  1.750E+02  9.98097E-01  1.74817E-12  1.13092E-11  1.14161E-14  3.00979E-14
  1.755E+02  9.98459E-01  1.74663E-12  1.13050E-11  1.02726E-14  2.70859E-14
  1.760E+02  9.98782E-01  1.74525E-12  1.13012E-11  9.12965E-15  2.40746E-14
  1.765E+02  9.99067E-01  1.74403E-12  1.12979E-11  7.98727E-15  2.10639E-14
  1.770E+02  9.99315E-01  1.74298E-12  1.12951E-11  6.84536E-15  1.80537E-14
  1.775E+02  9.99524E-01  1.74209E-12  1.12926E-11  5.70385E-15  1.50441E-14
  1.780E+02  9.99695E-01  1.74136E-12  1.12907E-11  4.56268E-15  1.20348E-14
  1.785E+02  9.99829E-01  1.74079E-12  1.12891E-11  3.42177E-15  9.02581E-15
  1.790E+02  9.99924E-01  1.74039E-12  1.12880E-11  2.28107E-15  6.01708E-15
  1.795E+02  9.99981E-01  1.74015E-12  1.12874E-11  1.14050E-15  3.00850E-15
  1.800E+02  1.00000E+00  1.74007E-12  1.12871E-11  1.60050E-29  4.22193E-29
