 #  Scattering field.
 #  All quantities in atomic units (a.u.), unless otherwise indicated.
 #  Z =   8, NELEC =   8,   projectile: electron
 #  Kinetic energy = 9.18733E+02 a.u. = 2.50000E+04 eV
 #
 #  Muffin-tin radius = RAD(591) = 6.08492E+00 a.u.
 #  Zero-energy shift = -1.00113E-05 a.u. = -2.72420E-04 eV
 #  Effective kinetic energy = 9.18733E+02 a.u. = 2.50000E+04 eV
 #
 #   i       r           r*V         r*Vst        r*Vex       r*Vpol       r*Wabs        rho_e
 #------------------------------------------------------------------------------------------------
     1  0.00000E+00 -0.00000E+00 -0.00000E+00  0.00000E+00  0.00000E+00  0.00000E+00  8.87810E+07
     2  1.26482E-07 -2.42289E-02 -2.40457E-02 -1.83258E-04  0.00000E+00  0.00000E+00  8.87810E+07
     3  2.56105E-07 -4.88723E-02 -4.86884E-02 -1.83957E-04  0.00000E+00  0.00000E+00  4.38459E+07
     4  3.88947E-07 -7.41264E-02 -7.39423E-02 -1.84193E-04  0.00000E+00  0.00000E+00  2.88706E+07
     5  5.25086E-07 -1.00006E-01 -9.98221E-02 -1.84314E-04  0.00000E+00  0.00000E+00  2.13853E+07
     6  6.64605E-07 -1.26528E-01 -1.26343E-01 -1.84388E-04  0.00000E+00  0.00000E+00  1.68959E+07
     7  8.07588E-07 -1.53705E-01 -1.53521E-01 -1.84439E-04  0.00000E+00  0.00000E+00  1.39045E+07
     8  9.54120E-07 -1.81556E-01 -1.81371E-01 -1.84478E-04  0.00000E+00  0.00000E+00  1.17690E+07
     9  1.10429E-06 -2.10094E-01 -2.09910E-01 -1.84509E-04  0.00000E+00  0.00000E+00  1.01686E+07
    10  1.25819E-06 -2.39338E-01 -2.39154E-01 -1.84536E-04  0.00000E+00  0.00000E+00  8.92477E+06
    11  1.41590E-06 -2.69304E-01 -2.69120E-01 -1.84560E-04  0.00000E+00  0.00000E+00  7.93062E+06
    12  1.57754E-06 -3.00010E-01 -2.99825E-01 -1.84583E-04  0.00000E+00  0.00000E+00  7.11804E+06
    13  1.74318E-06 -3.31472E-01 -3.31287E-01 -1.84604E-04  0.00000E+00  0.00000E+00  6.44164E+06
    14  1.91294E-06 -3.63708E-01 -3.63524E-01 -1.84626E-04  0.00000E+00  0.00000E+00  5.86999E+06
    15  2.08691E-06 -3.96738E-01 -3.96553E-01 -1.84648E-04  0.00000E+00  0.00000E+00  5.38063E+06
    16  2.26520E-06 -4.30579E-01 -4.30394E-01 -1.84670E-04  0.00000E+00  0.00000E+00  4.95712E+06
    17  2.44792E-06 -4.65251E-01 -4.65066E-01 -1.84693E-04  0.00000E+00  0.00000E+00  4.58710E+06
    18  2.63517E-06 -5.00772E-01 -5.00588E-01 -1.84717E-04  0.00000E+00  0.00000E+00  4.26114E+06
    19  2.82707E-06 -5.37163E-01 -5.36979E-01 -1.84743E-04  0.00000E+00  0.00000E+00  3.97188E+06
    20  3.02374E-06 -5.74444E-01 -5.74259E-01 -1.84771E-04  0.00000E+00  0.00000E+00  3.71354E+06
    21  3.22529E-06 -6.12635E-01 -6.12450E-01 -1.84800E-04  0.00000E+00  0.00000E+00  3.48148E+06
    22  3.43184E-06 -6.51756E-01 -6.51571E-01 -1.84831E-04  0.00000E+00  0.00000E+00  3.27193E+06
    23  3.64352E-06 -6.91829E-01 -6.91644E-01 -1.84865E-04  0.00000E+00  0.00000E+00  3.08183E+06
    24  3.86045E-06 -7.32875E-01 -7.32690E-01 -1.84901E-04  0.00000E+00  0.00000E+00  2.90865E+06
    25  4.08277E-06 -7.74916E-01 -7.74731E-01 -1.84939E-04  0.00000E+00  0.00000E+00  2.75025E+06
    26  4.31060E-06 -8.17974E-01 -8.17789E-01 -1.84980E-04  0.00000E+00  0.00000E+00  2.60488E+06
    27  4.54410E-06 -8.62071E-01 -8.61886E-01 -1.85025E-04  0.00000E+00  0.00000E+00  2.47103E+06
    28  4.78339E-06 -9.07230E-01 -9.07045E-01 -1.85072E-04  0.00000E+00  0.00000E+00  2.34741E+06
    29  5.02862E-06 -9.53474E-01 -9.53289E-01 -1.85124E-04  0.00000E+00  0.00000E+00  2.23292E+06
    30  5.27993E-06 -1.00083E+00 -1.00064E+00 -1.85178E-04  0.00000E+00  0.00000E+00  2.12663E+06
    31  5.53749E-06 -1.04931E+00 -1.04912E+00 -1.85237E-04  0.00000E+00  0.00000E+00  2.02771E+06
    32  5.80144E-06 -1.09895E+00 -1.09876E+00 -1.85300E-04  0.00000E+00  0.00000E+00  1.93545E+06
    33  6.07194E-06 -1.14976E+00 -1.14958E+00 -1.85367E-04  0.00000E+00  0.00000E+00  1.84922E+06
    34  6.34916E-06 -1.20178E+00 -1.20160E+00 -1.85439E-04  0.00000E+00  0.00000E+00  1.76848E+06
    35  6.63326E-06 -1.25503E+00 -1.25484E+00 -1.85516E-04  0.00000E+00  0.00000E+00  1.69273E+06
    36  6.92442E-06 -1.30953E+00 -1.30934E+00 -1.85599E-04  0.00000E+00  0.00000E+00  1.62155E+06
    37  7.22280E-06 -1.36530E+00 -1.36511E+00 -1.85687E-04  0.00000E+00  0.00000E+00  1.55455E+06
    38  7.52858E-06 -1.42237E+00 -1.42219E+00 -1.85781E-04  0.00000E+00  0.00000E+00  1.49141E+06
    39  7.84196E-06 -1.48077E+00 -1.48058E+00 -1.85882E-04  0.00000E+00  0.00000E+00  1.43180E+06
    40  8.16312E-06 -1.54051E+00 -1.54033E+00 -1.85989E-04  0.00000E+00  0.00000E+00  1.37547E+06
    41  8.49225E-06 -1.60163E+00 -1.60144E+00 -1.86103E-04  0.00000E+00  0.00000E+00  1.32215E+06
    42  8.82955E-06 -1.66414E+00 -1.66395E+00 -1.86225E-04  0.00000E+00  0.00000E+00  1.27164E+06
    43  9.17523E-06 -1.72807E+00 -1.72788E+00 -1.86355E-04  0.00000E+00  0.00000E+00  1.22373E+06
    44  9.52948E-06 -1.79344E+00 -1.79326E+00 -1.86494E-04  0.00000E+00  0.00000E+00  1.17823E+06
    45  9.89253E-06 -1.86028E+00 -1.86010E+00 -1.86641E-04  0.00000E+00  0.00000E+00  1.13498E+06
    46  1.02646E-05 -1.92861E+00 -1.92842E+00 -1.86798E-04  0.00000E+00  0.00000E+00  1.09384E+06
    47  1.06459E-05 -1.99845E+00 -1.99826E+00 -1.86965E-04  0.00000E+00  0.00000E+00  1.05466E+06
    48  1.10367E-05 -2.06981E+00 -2.06963E+00 -1.87143E-04  0.00000E+00  0.00000E+00  1.01731E+06
    49  1.14371E-05 -2.14273E+00 -2.14254E+00 -1.87332E-04  0.00000E+00  0.00000E+00  9.81685E+05
    50  1.18475E-05 -2.21722E+00 -2.21703E+00 -1.87533E-04  0.00000E+00  0.00000E+00  9.47674E+05
    51  1.22681E-05 -2.29329E+00 -2.29311E+00 -1.87747E-04  0.00000E+00  0.00000E+00  9.15180E+05
    52  1.26992E-05 -2.37097E+00 -2.37078E+00 -1.87974E-04  0.00000E+00  0.00000E+00  8.84112E+05
    53  1.31409E-05 -2.45027E+00 -2.45008E+00 -1.88215E-04  0.00000E+00  0.00000E+00  8.54388E+05
    54  1.35936E-05 -2.53120E+00 -2.53101E+00 -1.88472E-04  0.00000E+00  0.00000E+00  8.25930E+05
    55  1.40575E-05 -2.61378E+00 -2.61359E+00 -1.88744E-04  0.00000E+00  0.00000E+00  7.98668E+05
    56  1.45330E-05 -2.69801E+00 -2.69782E+00 -1.89033E-04  0.00000E+00  0.00000E+00  7.72534E+05
    57  1.50203E-05 -2.78391E+00 -2.78372E+00 -1.89340E-04  0.00000E+00  0.00000E+00  7.47469E+05
    58  1.55196E-05 -2.87147E+00 -2.87128E+00 -1.89666E-04  0.00000E+00  0.00000E+00  7.23414E+05
    59  1.60314E-05 -2.96071E+00 -2.96052E+00 -1.90012E-04  0.00000E+00  0.00000E+00  7.00317E+05
    60  1.65558E-05 -3.05162E+00 -3.05143E+00 -1.90380E-04  0.00000E+00  0.00000E+00  6.78128E+05
    61  1.70933E-05 -3.14419E+00 -3.14400E+00 -1.90770E-04  0.00000E+00  0.00000E+00  6.56801E+05
    62  1.76441E-05 -3.23843E+00 -3.23824E+00 -1.91184E-04  0.00000E+00  0.00000E+00  6.36292E+05
    63  1.82086E-05 -3.33431E+00 -3.33412E+00 -1.91623E-04  0.00000E+00  0.00000E+00  6.16562E+05
    64  1.87871E-05 -3.43183E+00 -3.43164E+00 -1.92089E-04  0.00000E+00  0.00000E+00  5.97572E+05
    65  1.93800E-05 -3.53096E+00 -3.53077E+00 -1.92584E-04  0.00000E+00  0.00000E+00  5.79287E+05
    66  1.99876E-05 -3.63169E+00 -3.63149E+00 -1.93109E-04  0.00000E+00  0.00000E+00  5.61674E+05
    67  2.06102E-05 -3.73397E+00 -3.73377E+00 -1.93666E-04  0.00000E+00  0.00000E+00  5.44701E+05
    68  2.12484E-05 -3.83777E+00 -3.83757E+00 -1.94257E-04  0.00000E+00  0.00000E+00  5.28339E+05
    69  2.19023E-05 -3.94305E+00 -3.94285E+00 -1.94885E-04  0.00000E+00  0.00000E+00  5.12559E+05
    70  2.25725E-05 -4.04976E+00 -4.04956E+00 -1.95551E-04  0.00000E+00  0.00000E+00  4.97337E+05
    71  2.32594E-05 -4.15784E+00 -4.15764E+00 -1.96258E-04  0.00000E+00  0.00000E+00  4.82647E+05
    72  2.39633E-05 -4.26723E+00 -4.26703E+00 -1.97008E-04  0.00000E+00  0.00000E+00  4.68466E+05
    73  2.46846E-05 -4.37785E+00 -4.37765E+00 -1.97805E-04  0.00000E+00  0.00000E+00  4.54772E+05
    74  2.54239E-05 -4.48962E+00 -4.48942E+00 -1.98651E-04  0.00000E+00  0.00000E+00  4.41544E+05
    75  2.61815E-05 -4.60245E+00 -4.60225E+00 -1.99549E-04  0.00000E+00  0.00000E+00  4.28763E+05
    76  2.69580E-05 -4.71624E+00 -4.71604E+00 -2.00502E-04  0.00000E+00  0.00000E+00  4.16410E+05
    77  2.77537E-05 -4.83086E+00 -4.83066E+00 -2.01515E-04  0.00000E+00  0.00000E+00  4.04468E+05
    78  2.85691E-05 -4.94620E+00 -4.94600E+00 -2.02591E-04  0.00000E+00  0.00000E+00  3.92919E+05
    79  2.94048E-05 -5.06212E+00 -5.06192E+00 -2.03734E-04  0.00000E+00  0.00000E+00  3.81748E+05
    80  3.02613E-05 -5.17847E+00 -5.17826E+00 -2.04949E-04  0.00000E+00  0.00000E+00  3.70940E+05
    81  3.11390E-05 -5.29508E+00 -5.29488E+00 -2.06239E-04  0.00000E+00  0.00000E+00  3.60481E+05
    82  3.20385E-05 -5.41179E+00 -5.41158E+00 -2.07611E-04  0.00000E+00  0.00000E+00  3.50356E+05
    83  3.29603E-05 -5.52840E+00 -5.52819E+00 -2.09068E-04  0.00000E+00  0.00000E+00  3.40554E+05
    84  3.39050E-05 -5.64471E+00 -5.64450E+00 -2.10618E-04  0.00000E+00  0.00000E+00  3.31061E+05
    85  3.48732E-05 -5.76051E+00 -5.76030E+00 -2.12266E-04  0.00000E+00  0.00000E+00  3.21866E+05
    86  3.58654E-05 -5.87556E+00 -5.87535E+00 -2.14018E-04  0.00000E+00  0.00000E+00  3.12958E+05
    87  3.68822E-05 -5.98963E+00 -5.98941E+00 -2.15881E-04  0.00000E+00  0.00000E+00  3.04326E+05
    88  3.79243E-05 -6.10246E+00 -6.10224E+00 -2.17861E-04  0.00000E+00  0.00000E+00  2.95960E+05
    89  3.89922E-05 -6.21380E+00 -6.21358E+00 -2.19968E-04  0.00000E+00  0.00000E+00  2.87851E+05
    90  4.00867E-05 -6.32336E+00 -6.32314E+00 -2.22207E-04  0.00000E+00  0.00000E+00  2.79988E+05
    91  4.12083E-05 -6.43087E+00 -6.43065E+00 -2.24588E-04  0.00000E+00  0.00000E+00  2.72364E+05
    92  4.23578E-05 -6.53606E+00 -6.53583E+00 -2.27119E-04  0.00000E+00  0.00000E+00  2.64969E+05
    93  4.35358E-05 -6.63863E+00 -6.63840E+00 -2.29809E-04  0.00000E+00  0.00000E+00  2.57796E+05
    94  4.47430E-05 -6.73831E+00 -6.73807E+00 -2.32667E-04  0.00000E+00  0.00000E+00  2.50836E+05
    95  4.59802E-05 -6.83482E+00 -6.83458E+00 -2.35701E-04  0.00000E+00  0.00000E+00  2.44083E+05
    96  4.72482E-05 -6.92790E+00 -6.92766E+00 -2.38923E-04  0.00000E+00  0.00000E+00  2.37530E+05
    97  4.85476E-05 -7.01730E+00 -7.01705E+00 -2.42340E-04  0.00000E+00  0.00000E+00  2.31168E+05
    98  4.98792E-05 -7.10279E+00 -7.10255E+00 -2.45962E-04  0.00000E+00  0.00000E+00  2.24993E+05
    99  5.12439E-05 -7.18418E+00 -7.18393E+00 -2.49799E-04  0.00000E+00  0.00000E+00  2.18998E+05
   100  5.26425E-05 -7.26129E+00 -7.26104E+00 -2.53860E-04  0.00000E+00  0.00000E+00  2.13176E+05
   101  5.40758E-05 -7.33399E+00 -7.33373E+00 -2.58153E-04  0.00000E+00  0.00000E+00  2.07522E+05
   102  5.55447E-05 -7.40217E+00 -7.40191E+00 -2.62686E-04  0.00000E+00  0.00000E+00  2.02030E+05
   103  5.70501E-05 -7.46578E+00 -7.46551E+00 -2.67467E-04  0.00000E+00  0.00000E+00  1.96696E+05
   104  5.85928E-05 -7.52479E+00 -7.52452E+00 -2.72503E-04  0.00000E+00  0.00000E+00  1.91513E+05
   105  6.01738E-05 -7.57925E+00 -7.57897E+00 -2.77801E-04  0.00000E+00  0.00000E+00  1.86478E+05
   106  6.17941E-05 -7.62920E+00 -7.62892E+00 -2.83365E-04  0.00000E+00  0.00000E+00  1.81585E+05
   107  6.34546E-05 -7.67477E+00 -7.67449E+00 -2.89201E-04  0.00000E+00  0.00000E+00  1.76830E+05
   108  6.51563E-05 -7.71610E+00 -7.71581E+00 -2.95311E-04  0.00000E+00  0.00000E+00  1.72208E+05
   109  6.69003E-05 -7.75336E+00 -7.75306E+00 -3.01700E-04  0.00000E+00  0.00000E+00  1.67715E+05
   110  6.86876E-05 -7.78676E+00 -7.78645E+00 -3.08369E-04  0.00000E+00  0.00000E+00  1.63348E+05
   111  7.05192E-05 -7.81652E+00 -7.81620E+00 -3.15321E-04  0.00000E+00  0.00000E+00  1.59101E+05
   112  7.23963E-05 -7.84288E+00 -7.84256E+00 -3.22556E-04  0.00000E+00  0.00000E+00  1.54973E+05
   113  7.43200E-05 -7.86609E+00 -7.86576E+00 -3.30075E-04  0.00000E+00  0.00000E+00  1.50958E+05
   114  7.62914E-05 -7.88642E+00 -7.88608E+00 -3.37879E-04  0.00000E+00  0.00000E+00  1.47054E+05
   115  7.83118E-05 -7.90410E+00 -7.90376E+00 -3.45966E-04  0.00000E+00  0.00000E+00  1.43256E+05
   116  8.03823E-05 -7.91941E+00 -7.91905E+00 -3.54339E-04  0.00000E+00  0.00000E+00  1.39563E+05
   117  8.25043E-05 -7.93257E+00 -7.93221E+00 -3.62995E-04  0.00000E+00  0.00000E+00  1.35970E+05
   118  8.46789E-05 -7.94383E+00 -7.94345E+00 -3.71935E-04  0.00000E+00  0.00000E+00  1.32475E+05
   119  8.69075E-05 -7.95339E+00 -7.95301E+00 -3.81160E-04  0.00000E+00  0.00000E+00  1.29074E+05
   120  8.91914E-05 -7.96147E+00 -7.96108E+00 -3.90668E-04  0.00000E+00  0.00000E+00  1.25765E+05
   121  9.15320E-05 -7.96826E+00 -7.96786E+00 -4.00462E-04  0.00000E+00  0.00000E+00  1.22546E+05
   122  9.39307E-05 -7.97392E+00 -7.97351E+00 -4.10541E-04  0.00000E+00  0.00000E+00  1.19413E+05
   123  9.63890E-05 -7.97861E+00 -7.97819E+00 -4.20907E-04  0.00000E+00  0.00000E+00  1.16364E+05
   124  9.89083E-05 -7.98247E+00 -7.98204E+00 -4.31562E-04  0.00000E+00  0.00000E+00  1.13397E+05
   125  1.01490E-04 -7.98563E+00 -7.98519E+00 -4.42507E-04  0.00000E+00  0.00000E+00  1.10509E+05
   126  1.04136E-04 -7.98820E+00 -7.98775E+00 -4.53745E-04  0.00000E+00  0.00000E+00  1.07697E+05
   127  1.06848E-04 -7.99027E+00 -7.98980E+00 -4.65279E-04  0.00000E+00  0.00000E+00  1.04961E+05
   128  1.09627E-04 -7.99192E+00 -7.99144E+00 -4.77113E-04  0.00000E+00  0.00000E+00  1.02297E+05
   129  1.12475E-04 -7.99323E+00 -7.99274E+00 -4.89250E-04  0.00000E+00  0.00000E+00  9.97031E+04
   130  1.15393E-04 -7.99426E+00 -7.99376E+00 -5.01694E-04  0.00000E+00  0.00000E+00  9.71779E+04
   131  1.18384E-04 -7.99505E+00 -7.99454E+00 -5.14450E-04  0.00000E+00  0.00000E+00  9.47193E+04
   132  1.21449E-04 -7.99566E+00 -7.99514E+00 -5.27524E-04  0.00000E+00  0.00000E+00  9.23252E+04
   133  1.24591E-04 -7.99612E+00 -7.99558E+00 -5.40921E-04  0.00000E+00  0.00000E+00  8.99940E+04
   134  1.27810E-04 -7.99647E+00 -7.99591E+00 -5.54646E-04  0.00000E+00  0.00000E+00  8.77237E+04
   135  1.31110E-04 -7.99671E+00 -7.99614E+00 -5.68706E-04  0.00000E+00  0.00000E+00  8.55128E+04
   136  1.34491E-04 -7.99688E+00 -7.99630E+00 -5.83109E-04  0.00000E+00  0.00000E+00  8.33596E+04
   137  1.37956E-04 -7.99699E+00 -7.99639E+00 -5.97859E-04  0.00000E+00  0.00000E+00  8.12624E+04
   138  1.41507E-04 -7.99706E+00 -7.99644E+00 -6.12966E-04  0.00000E+00  0.00000E+00  7.92197E+04
   139  1.45146E-04 -7.99709E+00 -7.99646E+00 -6.28436E-04  0.00000E+00  0.00000E+00  7.72301E+04
   140  1.48876E-04 -7.99709E+00 -7.99644E+00 -6.44277E-04  0.00000E+00  0.00000E+00  7.52919E+04
   141  1.52698E-04 -7.99707E+00 -7.99641E+00 -6.60497E-04  0.00000E+00  0.00000E+00  7.34039E+04
   142  1.56615E-04 -7.99703E+00 -7.99636E+00 -6.77105E-04  0.00000E+00  0.00000E+00  7.15646E+04
   143  1.60630E-04 -7.99699E+00 -7.99629E+00 -6.94109E-04  0.00000E+00  0.00000E+00  6.97728E+04
   144  1.64744E-04 -7.99693E+00 -7.99622E+00 -7.11518E-04  0.00000E+00  0.00000E+00  6.80270E+04
   145  1.68960E-04 -7.99687E+00 -7.99614E+00 -7.29342E-04  0.00000E+00  0.00000E+00  6.63261E+04
   146  1.73281E-04 -7.99679E+00 -7.99605E+00 -7.47588E-04  0.00000E+00  0.00000E+00  6.46689E+04
   147  1.77709E-04 -7.99672E+00 -7.99595E+00 -7.66267E-04  0.00000E+00  0.00000E+00  6.30542E+04
   148  1.82247E-04 -7.99664E+00 -7.99585E+00 -7.85389E-04  0.00000E+00  0.00000E+00  6.14808E+04
   149  1.86898E-04 -7.99656E+00 -7.99575E+00 -8.04962E-04  0.00000E+00  0.00000E+00  5.99476E+04
   150  1.91664E-04 -7.99647E+00 -7.99565E+00 -8.24998E-04  0.00000E+00  0.00000E+00  5.84535E+04
   151  1.96548E-04 -7.99638E+00 -7.99554E+00 -8.45507E-04  0.00000E+00  0.00000E+00  5.69976E+04
   152  2.01554E-04 -7.99629E+00 -7.99542E+00 -8.66499E-04  0.00000E+00  0.00000E+00  5.55787E+04
   153  2.06684E-04 -7.99620E+00 -7.99531E+00 -8.87985E-04  0.00000E+00  0.00000E+00  5.41959E+04
   154  2.11941E-04 -7.99610E+00 -7.99519E+00 -9.09976E-04  0.00000E+00  0.00000E+00  5.28482E+04
   155  2.17329E-04 -7.99600E+00 -7.99507E+00 -9.32482E-04  0.00000E+00  0.00000E+00  5.15347E+04
   156  2.22850E-04 -7.99590E+00 -7.99494E+00 -9.55516E-04  0.00000E+00  0.00000E+00  5.02545E+04
   157  2.28509E-04 -7.99579E+00 -7.99481E+00 -9.79089E-04  0.00000E+00  0.00000E+00  4.90067E+04
   158  2.34308E-04 -7.99568E+00 -7.99468E+00 -1.00321E-03  0.00000E+00  0.00000E+00  4.77905E+04
   159  2.40251E-04 -7.99557E+00 -7.99455E+00 -1.02790E-03  0.00000E+00  0.00000E+00  4.66050E+04
   160  2.46341E-04 -7.99546E+00 -7.99441E+00 -1.05316E-03  0.00000E+00  0.00000E+00  4.54494E+04
   161  2.52583E-04 -7.99535E+00 -7.99427E+00 -1.07901E-03  0.00000E+00  0.00000E+00  4.43230E+04
   162  2.58980E-04 -7.99523E+00 -7.99412E+00 -1.10546E-03  0.00000E+00  0.00000E+00  4.32249E+04
   163  2.65535E-04 -7.99511E+00 -7.99397E+00 -1.13252E-03  0.00000E+00  0.00000E+00  4.21545E+04
   164  2.72253E-04 -7.99498E+00 -7.99382E+00 -1.16021E-03  0.00000E+00  0.00000E+00  4.11110E+04
   165  2.79138E-04 -7.99485E+00 -7.99366E+00 -1.18853E-03  0.00000E+00  0.00000E+00  4.00937E+04
   166  2.86194E-04 -7.99472E+00 -7.99350E+00 -1.21751E-03  0.00000E+00  0.00000E+00  3.91019E+04
   167  2.93425E-04 -7.99459E+00 -7.99334E+00 -1.24716E-03  0.00000E+00  0.00000E+00  3.81350E+04
   168  3.00836E-04 -7.99445E+00 -7.99317E+00 -1.27749E-03  0.00000E+00  0.00000E+00  3.71923E+04
   169  3.08430E-04 -7.99431E+00 -7.99300E+00 -1.30851E-03  0.00000E+00  0.00000E+00  3.62732E+04
   170  3.16213E-04 -7.99416E+00 -7.99282E+00 -1.34024E-03  0.00000E+00  0.00000E+00  3.53771E+04
   171  3.24189E-04 -7.99402E+00 -7.99264E+00 -1.37270E-03  0.00000E+00  0.00000E+00  3.45034E+04
   172  3.32363E-04 -7.99386E+00 -7.99246E+00 -1.40590E-03  0.00000E+00  0.00000E+00  3.36515E+04
   173  3.40741E-04 -7.99371E+00 -7.99227E+00 -1.43985E-03  0.00000E+00  0.00000E+00  3.28209E+04
   174  3.49326E-04 -7.99355E+00 -7.99207E+00 -1.47457E-03  0.00000E+00  0.00000E+00  3.20110E+04
   175  3.58124E-04 -7.99338E+00 -7.99187E+00 -1.51007E-03  0.00000E+00  0.00000E+00  3.12213E+04
   176  3.67140E-04 -7.99322E+00 -7.99167E+00 -1.54638E-03  0.00000E+00  0.00000E+00  3.04512E+04
   177  3.76381E-04 -7.99304E+00 -7.99146E+00 -1.58351E-03  0.00000E+00  0.00000E+00  2.97003E+04
   178  3.85850E-04 -7.99287E+00 -7.99125E+00 -1.62147E-03  0.00000E+00  0.00000E+00  2.89681E+04
   179  3.95555E-04 -7.99269E+00 -7.99103E+00 -1.66028E-03  0.00000E+00  0.00000E+00  2.82541E+04
   180  4.05501E-04 -7.99250E+00 -7.99080E+00 -1.69996E-03  0.00000E+00  0.00000E+00  2.75579E+04
   181  4.15694E-04 -7.99231E+00 -7.99057E+00 -1.74052E-03  0.00000E+00  0.00000E+00  2.68789E+04
   182  4.26139E-04 -7.99211E+00 -7.99033E+00 -1.78198E-03  0.00000E+00  0.00000E+00  2.62167E+04
   183  4.36844E-04 -7.99191E+00 -7.99009E+00 -1.82437E-03  0.00000E+00  0.00000E+00  2.55710E+04
   184  4.47815E-04 -7.99171E+00 -7.98984E+00 -1.86769E-03  0.00000E+00  0.00000E+00  2.49413E+04
   185  4.59058E-04 -7.99150E+00 -7.98959E+00 -1.91196E-03  0.00000E+00  0.00000E+00  2.43272E+04
   186  4.70580E-04 -7.99128E+00 -7.98933E+00 -1.95721E-03  0.00000E+00  0.00000E+00  2.37282E+04
   187  4.82388E-04 -7.99106E+00 -7.98906E+00 -2.00345E-03  0.00000E+00  0.00000E+00  2.31441E+04
   188  4.94489E-04 -7.99084E+00 -7.98878E+00 -2.05070E-03  0.00000E+00  0.00000E+00  2.25745E+04
   189  5.06891E-04 -7.99060E+00 -7.98850E+00 -2.09898E-03  0.00000E+00  0.00000E+00  2.20189E+04
   190  5.19600E-04 -7.99036E+00 -7.98822E+00 -2.14831E-03  0.00000E+00  0.00000E+00  2.14770E+04
   191  5.32625E-04 -7.99012E+00 -7.98792E+00 -2.19870E-03  0.00000E+00  0.00000E+00  2.09486E+04
   192  5.45973E-04 -7.98987E+00 -7.98762E+00 -2.25018E-03  0.00000E+00  0.00000E+00  2.04331E+04
   193  5.59653E-04 -7.98961E+00 -7.98731E+00 -2.30276E-03  0.00000E+00  0.00000E+00  1.99304E+04
   194  5.73672E-04 -7.98935E+00 -7.98699E+00 -2.35647E-03  0.00000E+00  0.00000E+00  1.94401E+04
   195  5.88039E-04 -7.98908E+00 -7.98667E+00 -2.41133E-03  0.00000E+00  0.00000E+00  1.89619E+04
   196  6.02762E-04 -7.98880E+00 -7.98633E+00 -2.46734E-03  0.00000E+00  0.00000E+00  1.84954E+04
   197  6.17852E-04 -7.98852E+00 -7.98599E+00 -2.52455E-03  0.00000E+00  0.00000E+00  1.80405E+04
   198  6.33315E-04 -7.98823E+00 -7.98564E+00 -2.58295E-03  0.00000E+00  0.00000E+00  1.75967E+04
   199  6.49163E-04 -7.98793E+00 -7.98528E+00 -2.64259E-03  0.00000E+00  0.00000E+00  1.71639E+04
   200  6.65404E-04 -7.98762E+00 -7.98492E+00 -2.70346E-03  0.00000E+00  0.00000E+00  1.67417E+04
   201  6.82048E-04 -7.98731E+00 -7.98454E+00 -2.76560E-03  0.00000E+00  0.00000E+00  1.63299E+04
   202  6.99105E-04 -7.98698E+00 -7.98415E+00 -2.82903E-03  0.00000E+00  0.00000E+00  1.59282E+04
   203  7.16586E-04 -7.98665E+00 -7.98376E+00 -2.89377E-03  0.00000E+00  0.00000E+00  1.55364E+04
   204  7.34500E-04 -7.98631E+00 -7.98335E+00 -2.95983E-03  0.00000E+00  0.00000E+00  1.51542E+04
   205  7.52860E-04 -7.98597E+00 -7.98294E+00 -3.02724E-03  0.00000E+00  0.00000E+00  1.47814E+04
   206  7.71674E-04 -7.98561E+00 -7.98251E+00 -3.09601E-03  0.00000E+00  0.00000E+00  1.44178E+04
   207  7.90956E-04 -7.98524E+00 -7.98208E+00 -3.16618E-03  0.00000E+00  0.00000E+00  1.40631E+04
   208  8.10717E-04 -7.98487E+00 -7.98163E+00 -3.23775E-03  0.00000E+00  0.00000E+00  1.37170E+04
   209  8.30968E-04 -7.98448E+00 -7.98117E+00 -3.31076E-03  0.00000E+00  0.00000E+00  1.33795E+04
   210  8.51722E-04 -7.98409E+00 -7.98070E+00 -3.38521E-03  0.00000E+00  0.00000E+00  1.30502E+04
   211  8.72990E-04 -7.98368E+00 -7.98022E+00 -3.46113E-03  0.00000E+00  0.00000E+00  1.27291E+04
   212  8.94787E-04 -7.98327E+00 -7.97973E+00 -3.53855E-03  0.00000E+00  0.00000E+00  1.24157E+04
   213  9.17125E-04 -7.98284E+00 -7.97923E+00 -3.61747E-03  0.00000E+00  0.00000E+00  1.21101E+04
   214  9.40017E-04 -7.98241E+00 -7.97871E+00 -3.69793E-03  0.00000E+00  0.00000E+00  1.18119E+04
   215  9.63478E-04 -7.98196E+00 -7.97818E+00 -3.77993E-03  0.00000E+00  0.00000E+00  1.15211E+04
   216  9.87520E-04 -7.98150E+00 -7.97764E+00 -3.86351E-03  0.00000E+00  0.00000E+00  1.12374E+04
   217  1.01216E-03 -7.98103E+00 -7.97708E+00 -3.94867E-03  0.00000E+00  0.00000E+00  1.09606E+04
   218  1.03741E-03 -7.98055E+00 -7.97651E+00 -4.03544E-03  0.00000E+00  0.00000E+00  1.06906E+04
   219  1.06329E-03 -7.98005E+00 -7.97593E+00 -4.12384E-03  0.00000E+00  0.00000E+00  1.04271E+04
   220  1.08981E-03 -7.97954E+00 -7.97533E+00 -4.21388E-03  0.00000E+00  0.00000E+00  1.01702E+04
   221  1.11699E-03 -7.97902E+00 -7.97471E+00 -4.30558E-03  0.00000E+00  0.00000E+00  9.91949E+03
   222  1.14484E-03 -7.97849E+00 -7.97409E+00 -4.39896E-03  0.00000E+00  0.00000E+00  9.67493E+03
   223  1.17338E-03 -7.97794E+00 -7.97344E+00 -4.49404E-03  0.00000E+00  0.00000E+00  9.43635E+03
   224  1.20264E-03 -7.97737E+00 -7.97278E+00 -4.59084E-03  0.00000E+00  0.00000E+00  9.20361E+03
   225  1.23262E-03 -7.97680E+00 -7.97211E+00 -4.68936E-03  0.00000E+00  0.00000E+00  8.97654E+03
   226  1.26334E-03 -7.97620E+00 -7.97141E+00 -4.78963E-03  0.00000E+00  0.00000E+00  8.75503E+03
   227  1.29482E-03 -7.97560E+00 -7.97070E+00 -4.89166E-03  0.00000E+00  0.00000E+00  8.53892E+03
   228  1.32709E-03 -7.97497E+00 -7.96998E+00 -4.99546E-03  0.00000E+00  0.00000E+00  8.32809E+03
   229  1.36016E-03 -7.97433E+00 -7.96923E+00 -5.10105E-03  0.00000E+00  0.00000E+00  8.12241E+03
   230  1.39405E-03 -7.97368E+00 -7.96847E+00 -5.20845E-03  0.00000E+00  0.00000E+00  7.92175E+03
   231  1.42878E-03 -7.97301E+00 -7.96769E+00 -5.31765E-03  0.00000E+00  0.00000E+00  7.72598E+03
   232  1.46437E-03 -7.97232E+00 -7.96689E+00 -5.42869E-03  0.00000E+00  0.00000E+00  7.53500E+03
   233  1.50084E-03 -7.97161E+00 -7.96607E+00 -5.54155E-03  0.00000E+00  0.00000E+00  7.34867E+03
   234  1.53822E-03 -7.97088E+00 -7.96522E+00 -5.65627E-03  0.00000E+00  0.00000E+00  7.16689E+03
   235  1.57653E-03 -7.97014E+00 -7.96436E+00 -5.77283E-03  0.00000E+00  0.00000E+00  6.98954E+03
   236  1.61579E-03 -7.96937E+00 -7.96348E+00 -5.89126E-03  0.00000E+00  0.00000E+00  6.81652E+03
   237  1.65602E-03 -7.96859E+00 -7.96257E+00 -6.01156E-03  0.00000E+00  0.00000E+00  6.64772E+03
   238  1.69725E-03 -7.96778E+00 -7.96165E+00 -6.13374E-03  0.00000E+00  0.00000E+00  6.48303E+03
   239  1.73951E-03 -7.96696E+00 -7.96070E+00 -6.25779E-03  0.00000E+00  0.00000E+00  6.32236E+03
   240  1.78281E-03 -7.96611E+00 -7.95972E+00 -6.38373E-03  0.00000E+00  0.00000E+00  6.16560E+03
   241  1.82719E-03 -7.96524E+00 -7.95873E+00 -6.51155E-03  0.00000E+00  0.00000E+00  6.01266E+03
   242  1.87267E-03 -7.96435E+00 -7.95771E+00 -6.64126E-03  0.00000E+00  0.00000E+00  5.86345E+03
   243  1.91928E-03 -7.96343E+00 -7.95666E+00 -6.77286E-03  0.00000E+00  0.00000E+00  5.71788E+03
   244  1.96704E-03 -7.96249E+00 -7.95559E+00 -6.90634E-03  0.00000E+00  0.00000E+00  5.57586E+03
   245  2.01599E-03 -7.96153E+00 -7.95449E+00 -7.04170E-03  0.00000E+00  0.00000E+00  5.43729E+03
   246  2.06616E-03 -7.96054E+00 -7.95336E+00 -7.17895E-03  0.00000E+00  0.00000E+00  5.30210E+03
   247  2.11757E-03 -7.95953E+00 -7.95221E+00 -7.31806E-03  0.00000E+00  0.00000E+00  5.17020E+03
   248  2.17025E-03 -7.95849E+00 -7.95103E+00 -7.45904E-03  0.00000E+00  0.00000E+00  5.04152E+03
   249  2.22425E-03 -7.95742E+00 -7.94982E+00 -7.60187E-03  0.00000E+00  0.00000E+00  4.91597E+03
   250  2.27958E-03 -7.95633E+00 -7.94858E+00 -7.74654E-03  0.00000E+00  0.00000E+00  4.79348E+03
   251  2.33629E-03 -7.95520E+00 -7.94731E+00 -7.89305E-03  0.00000E+00  0.00000E+00  4.67397E+03
   252  2.39440E-03 -7.95405E+00 -7.94601E+00 -8.04138E-03  0.00000E+00  0.00000E+00  4.55737E+03
   253  2.45396E-03 -7.95287E+00 -7.94468E+00 -8.19150E-03  0.00000E+00  0.00000E+00  4.44360E+03
   254  2.51499E-03 -7.95166E+00 -7.94331E+00 -8.34342E-03  0.00000E+00  0.00000E+00  4.33261E+03
   255  2.57754E-03 -7.95041E+00 -7.94191E+00 -8.49709E-03  0.00000E+00  0.00000E+00  4.22432E+03
   256  2.64164E-03 -7.94913E+00 -7.94048E+00 -8.65251E-03  0.00000E+00  0.00000E+00  4.11867E+03
   257  2.70733E-03 -7.94782E+00 -7.93901E+00 -8.80964E-03  0.00000E+00  0.00000E+00  4.01559E+03
   258  2.77465E-03 -7.94648E+00 -7.93751E+00 -8.96847E-03  0.00000E+00  0.00000E+00  3.91502E+03
   259  2.84364E-03 -7.94510E+00 -7.93597E+00 -9.12897E-03  0.00000E+00  0.00000E+00  3.81689E+03
   260  2.91435E-03 -7.94368E+00 -7.93439E+00 -9.29110E-03  0.00000E+00  0.00000E+00  3.72116E+03
   261  2.98680E-03 -7.94223E+00 -7.93277E+00 -9.45483E-03  0.00000E+00  0.00000E+00  3.62775E+03
   262  3.06106E-03 -7.94074E+00 -7.93112E+00 -9.62013E-03  0.00000E+00  0.00000E+00  3.53662E+03
   263  3.13716E-03 -7.93921E+00 -7.92942E+00 -9.78697E-03  0.00000E+00  0.00000E+00  3.44771E+03
   264  3.21514E-03 -7.93764E+00 -7.92769E+00 -9.95530E-03  0.00000E+00  0.00000E+00  3.36096E+03
   265  3.29506E-03 -7.93603E+00 -7.92591E+00 -1.01251E-02  0.00000E+00  0.00000E+00  3.27632E+03
   266  3.37697E-03 -7.93438E+00 -7.92408E+00 -1.02963E-02  0.00000E+00  0.00000E+00  3.19374E+03
   267  3.46091E-03 -7.93269E+00 -7.92222E+00 -1.04688E-02  0.00000E+00  0.00000E+00  3.11318E+03
   268  3.54693E-03 -7.93095E+00 -7.92030E+00 -1.06427E-02  0.00000E+00  0.00000E+00  3.03457E+03
   269  3.63508E-03 -7.92916E+00 -7.91835E+00 -1.08179E-02  0.00000E+00  0.00000E+00  2.95788E+03
   270  3.72542E-03 -7.92733E+00 -7.91634E+00 -1.09942E-02  0.00000E+00  0.00000E+00  2.88305E+03
   271  3.81800E-03 -7.92546E+00 -7.91428E+00 -1.11717E-02  0.00000E+00  0.00000E+00  2.81004E+03
   272  3.91288E-03 -7.92353E+00 -7.91218E+00 -1.13504E-02  0.00000E+00  0.00000E+00  2.73882E+03
   273  4.01011E-03 -7.92155E+00 -7.91002E+00 -1.15300E-02  0.00000E+00  0.00000E+00  2.66932E+03
   274  4.10976E-03 -7.91953E+00 -7.90782E+00 -1.17107E-02  0.00000E+00  0.00000E+00  2.60152E+03
   275  4.21188E-03 -7.91745E+00 -7.90556E+00 -1.18923E-02  0.00000E+00  0.00000E+00  2.53537E+03
   276  4.31653E-03 -7.91531E+00 -7.90324E+00 -1.20747E-02  0.00000E+00  0.00000E+00  2.47083E+03
   277  4.42377E-03 -7.91313E+00 -7.90087E+00 -1.22579E-02  0.00000E+00  0.00000E+00  2.40786E+03
   278  4.53368E-03 -7.91088E+00 -7.89844E+00 -1.24418E-02  0.00000E+00  0.00000E+00  2.34643E+03
   279  4.64632E-03 -7.90858E+00 -7.89595E+00 -1.26263E-02  0.00000E+00  0.00000E+00  2.28649E+03
   280  4.76174E-03 -7.90622E+00 -7.89340E+00 -1.28114E-02  0.00000E+00  0.00000E+00  2.22801E+03
   281  4.88004E-03 -7.90379E+00 -7.89080E+00 -1.29970E-02  0.00000E+00  0.00000E+00  2.17096E+03
   282  5.00126E-03 -7.90131E+00 -7.88812E+00 -1.31830E-02  0.00000E+00  0.00000E+00  2.11529E+03
   283  5.12549E-03 -7.89876E+00 -7.88539E+00 -1.33693E-02  0.00000E+00  0.00000E+00  2.06099E+03
   284  5.25281E-03 -7.89614E+00 -7.88259E+00 -1.35559E-02  0.00000E+00  0.00000E+00  2.00800E+03
   285  5.38328E-03 -7.89346E+00 -7.87972E+00 -1.37426E-02  0.00000E+00  0.00000E+00  1.95631E+03
   286  5.51699E-03 -7.89071E+00 -7.87678E+00 -1.39294E-02  0.00000E+00  0.00000E+00  1.90588E+03
   287  5.65402E-03 -7.88789E+00 -7.87377E+00 -1.41161E-02  0.00000E+00  0.00000E+00  1.85668E+03
   288  5.79444E-03 -7.88499E+00 -7.87069E+00 -1.43027E-02  0.00000E+00  0.00000E+00  1.80867E+03
   289  5.93835E-03 -7.88203E+00 -7.86754E+00 -1.44891E-02  0.00000E+00  0.00000E+00  1.76184E+03
   290  6.08582E-03 -7.87898E+00 -7.86431E+00 -1.46751E-02  0.00000E+00  0.00000E+00  1.71615E+03
   291  6.23696E-03 -7.87586E+00 -7.86100E+00 -1.48608E-02  0.00000E+00  0.00000E+00  1.67158E+03
   292  6.39184E-03 -7.87266E+00 -7.85762E+00 -1.50459E-02  0.00000E+00  0.00000E+00  1.62809E+03
   293  6.55056E-03 -7.86938E+00 -7.85415E+00 -1.52304E-02  0.00000E+00  0.00000E+00  1.58567E+03
   294  6.71322E-03 -7.86602E+00 -7.85060E+00 -1.54143E-02  0.00000E+00  0.00000E+00  1.54428E+03
   295  6.87991E-03 -7.86257E+00 -7.84697E+00 -1.55972E-02  0.00000E+00  0.00000E+00  1.50390E+03
   296  7.05074E-03 -7.85903E+00 -7.84325E+00 -1.57793E-02  0.00000E+00  0.00000E+00  1.46451E+03
   297  7.22580E-03 -7.85540E+00 -7.83944E+00 -1.59603E-02  0.00000E+00  0.00000E+00  1.42609E+03
   298  7.40521E-03 -7.85168E+00 -7.83554E+00 -1.61402E-02  0.00000E+00  0.00000E+00  1.38860E+03
   299  7.58906E-03 -7.84787E+00 -7.83155E+00 -1.63188E-02  0.00000E+00  0.00000E+00  1.35203E+03
   300  7.77747E-03 -7.84396E+00 -7.82747E+00 -1.64960E-02  0.00000E+00  0.00000E+00  1.31635E+03
   301  7.97055E-03 -7.83996E+00 -7.82329E+00 -1.66718E-02  0.00000E+00  0.00000E+00  1.28155E+03
   302  8.16842E-03 -7.83585E+00 -7.81901E+00 -1.68460E-02  0.00000E+00  0.00000E+00  1.24760E+03
   303  8.37120E-03 -7.83165E+00 -7.81463E+00 -1.70184E-02  0.00000E+00  0.00000E+00  1.21448E+03
   304  8.57900E-03 -7.82733E+00 -7.81014E+00 -1.71891E-02  0.00000E+00  0.00000E+00  1.18217E+03
   305  8.79196E-03 -7.82291E+00 -7.80555E+00 -1.73578E-02  0.00000E+00  0.00000E+00  1.15066E+03
   306  9.01019E-03 -7.81838E+00 -7.80086E+00 -1.75245E-02  0.00000E+00  0.00000E+00  1.11991E+03
   307  9.23384E-03 -7.81374E+00 -7.79605E+00 -1.76890E-02  0.00000E+00  0.00000E+00  1.08993E+03
   308  9.46303E-03 -7.80898E+00 -7.79113E+00 -1.78513E-02  0.00000E+00  0.00000E+00  1.06067E+03
   309  9.69790E-03 -7.80410E+00 -7.78609E+00 -1.80111E-02  0.00000E+00  0.00000E+00  1.03214E+03
   310  9.93859E-03 -7.79911E+00 -7.78094E+00 -1.81685E-02  0.00000E+00  0.00000E+00  1.00431E+03
   311  1.01852E-02 -7.79399E+00 -7.77567E+00 -1.83232E-02  0.00000E+00  0.00000E+00  9.77166E+02
   312  1.04380E-02 -7.78875E+00 -7.77027E+00 -1.84752E-02  0.00000E+00  0.00000E+00  9.50688E+02
   313  1.06971E-02 -7.78338E+00 -7.76475E+00 -1.86243E-02  0.00000E+00  0.00000E+00  9.24863E+02
   314  1.09625E-02 -7.77787E+00 -7.75910E+00 -1.87705E-02  0.00000E+00  0.00000E+00  8.99674E+02
   315  1.12345E-02 -7.77223E+00 -7.75332E+00 -1.89136E-02  0.00000E+00  0.00000E+00  8.75106E+02
   316  1.15133E-02 -7.76646E+00 -7.74741E+00 -1.90535E-02  0.00000E+00  0.00000E+00  8.51145E+02
   317  1.17990E-02 -7.76055E+00 -7.74136E+00 -1.91901E-02  0.00000E+00  0.00000E+00  8.27776E+02
   318  1.20918E-02 -7.75449E+00 -7.73517E+00 -1.93233E-02  0.00000E+00  0.00000E+00  8.04986E+02
   319  1.23918E-02 -7.74829E+00 -7.72883E+00 -1.94530E-02  0.00000E+00  0.00000E+00  7.82759E+02
   320  1.26992E-02 -7.74193E+00 -7.72235E+00 -1.95790E-02  0.00000E+00  0.00000E+00  7.61083E+02
   321  1.30143E-02 -7.73543E+00 -7.71573E+00 -1.97014E-02  0.00000E+00  0.00000E+00  7.39944E+02
   322  1.33372E-02 -7.72877E+00 -7.70895E+00 -1.98198E-02  0.00000E+00  0.00000E+00  7.19330E+02
   323  1.36681E-02 -7.72195E+00 -7.70202E+00 -1.99344E-02  0.00000E+00  0.00000E+00  6.99229E+02
   324  1.40071E-02 -7.71497E+00 -7.69492E+00 -2.00448E-02  0.00000E+00  0.00000E+00  6.79627E+02
   325  1.43546E-02 -7.70782E+00 -7.68767E+00 -2.01512E-02  0.00000E+00  0.00000E+00  6.60514E+02
   326  1.47107E-02 -7.70051E+00 -7.68025E+00 -2.02533E-02  0.00000E+00  0.00000E+00  6.41877E+02
   327  1.50756E-02 -7.69302E+00 -7.67267E+00 -2.03510E-02  0.00000E+00  0.00000E+00  6.23706E+02
   328  1.54495E-02 -7.68535E+00 -7.66491E+00 -2.04443E-02  0.00000E+00  0.00000E+00  6.05989E+02
   329  1.58327E-02 -7.67751E+00 -7.65698E+00 -2.05331E-02  0.00000E+00  0.00000E+00  5.88716E+02
   330  1.62254E-02 -7.66948E+00 -7.64887E+00 -2.06172E-02  0.00000E+00  0.00000E+00  5.71875E+02
   331  1.66278E-02 -7.66127E+00 -7.64057E+00 -2.06967E-02  0.00000E+00  0.00000E+00  5.55458E+02
   332  1.70402E-02 -7.65287E+00 -7.63209E+00 -2.07713E-02  0.00000E+00  0.00000E+00  5.39453E+02
   333  1.74628E-02 -7.64427E+00 -7.62343E+00 -2.08411E-02  0.00000E+00  0.00000E+00  5.23851E+02
   334  1.78958E-02 -7.63547E+00 -7.61456E+00 -2.09059E-02  0.00000E+00  0.00000E+00  5.08643E+02
   335  1.83396E-02 -7.62647E+00 -7.60550E+00 -2.09657E-02  0.00000E+00  0.00000E+00  4.93819E+02
   336  1.87943E-02 -7.61726E+00 -7.59624E+00 -2.10204E-02  0.00000E+00  0.00000E+00  4.79371E+02
   337  1.92603E-02 -7.60785E+00 -7.58678E+00 -2.10699E-02  0.00000E+00  0.00000E+00  4.65289E+02
   338  1.97379E-02 -7.59822E+00 -7.57711E+00 -2.11141E-02  0.00000E+00  0.00000E+00  4.51565E+02
   339  2.02272E-02 -7.58837E+00 -7.56722E+00 -2.11531E-02  0.00000E+00  0.00000E+00  4.38190E+02
   340  2.07287E-02 -7.57830E+00 -7.55711E+00 -2.11866E-02  0.00000E+00  0.00000E+00  4.25157E+02
   341  2.12426E-02 -7.56800E+00 -7.54679E+00 -2.12147E-02  0.00000E+00  0.00000E+00  4.12457E+02
   342  2.17692E-02 -7.55748E+00 -7.53624E+00 -2.12374E-02  0.00000E+00  0.00000E+00  4.00083E+02
   343  2.23088E-02 -7.54671E+00 -7.52546E+00 -2.12545E-02  0.00000E+00  0.00000E+00  3.88026E+02
   344  2.28618E-02 -7.53571E+00 -7.51444E+00 -2.12659E-02  0.00000E+00  0.00000E+00  3.76280E+02
   345  2.34284E-02 -7.52446E+00 -7.50319E+00 -2.12718E-02  0.00000E+00  0.00000E+00  3.64838E+02
   346  2.40091E-02 -7.51297E+00 -7.49170E+00 -2.12720E-02  0.00000E+00  0.00000E+00  3.53692E+02
   347  2.46041E-02 -7.50122E+00 -7.47996E+00 -2.12665E-02  0.00000E+00  0.00000E+00  3.42835E+02
   348  2.52139E-02 -7.48922E+00 -7.46796E+00 -2.12552E-02  0.00000E+00  0.00000E+00  3.32260E+02
   349  2.58387E-02 -7.47695E+00 -7.45572E+00 -2.12382E-02  0.00000E+00  0.00000E+00  3.21962E+02
   350  2.64790E-02 -7.46442E+00 -7.44321E+00 -2.12153E-02  0.00000E+00  0.00000E+00  3.11934E+02
   351  2.71351E-02 -7.45162E+00 -7.43043E+00 -2.11867E-02  0.00000E+00  0.00000E+00  3.02169E+02
   352  2.78074E-02 -7.43854E+00 -7.41739E+00 -2.11522E-02  0.00000E+00  0.00000E+00  2.92662E+02
   353  2.84964E-02 -7.42518E+00 -7.40407E+00 -2.11118E-02  0.00000E+00  0.00000E+00  2.83406E+02
   354  2.92023E-02 -7.41154E+00 -7.39047E+00 -2.10656E-02  0.00000E+00  0.00000E+00  2.74396E+02
   355  2.99257E-02 -7.39760E+00 -7.37659E+00 -2.10136E-02  0.00000E+00  0.00000E+00  2.65625E+02
   356  3.06670E-02 -7.38337E+00 -7.36242E+00 -2.09557E-02  0.00000E+00  0.00000E+00  2.57090E+02
   357  3.14267E-02 -7.36884E+00 -7.34795E+00 -2.08919E-02  0.00000E+00  0.00000E+00  2.48783E+02
   358  3.22050E-02 -7.35401E+00 -7.33319E+00 -2.08223E-02  0.00000E+00  0.00000E+00  2.40700E+02
   359  3.30026E-02 -7.33887E+00 -7.31812E+00 -2.07469E-02  0.00000E+00  0.00000E+00  2.32836E+02
   360  3.38199E-02 -7.32341E+00 -7.30275E+00 -2.06657E-02  0.00000E+00  0.00000E+00  2.25186E+02
   361  3.46574E-02 -7.30764E+00 -7.28706E+00 -2.05787E-02  0.00000E+00  0.00000E+00  2.17745E+02
   362  3.55156E-02 -7.29154E+00 -7.27105E+00 -2.04860E-02  0.00000E+00  0.00000E+00  2.10507E+02
   363  3.63950E-02 -7.27511E+00 -7.25472E+00 -2.03876E-02  0.00000E+00  0.00000E+00  2.03469E+02
   364  3.72960E-02 -7.25835E+00 -7.23806E+00 -2.02835E-02  0.00000E+00  0.00000E+00  1.96626E+02
   365  3.82193E-02 -7.24125E+00 -7.22107E+00 -2.01739E-02  0.00000E+00  0.00000E+00  1.89973E+02
   366  3.91654E-02 -7.22380E+00 -7.20374E+00 -2.00586E-02  0.00000E+00  0.00000E+00  1.83507E+02
   367  4.01349E-02 -7.20600E+00 -7.18607E+00 -1.99379E-02  0.00000E+00  0.00000E+00  1.77222E+02
   368  4.11282E-02 -7.18786E+00 -7.16804E+00 -1.98117E-02  0.00000E+00  0.00000E+00  1.71114E+02
   369  4.21461E-02 -7.16935E+00 -7.14967E+00 -1.96802E-02  0.00000E+00  0.00000E+00  1.65181E+02
   370  4.31890E-02 -7.15047E+00 -7.13093E+00 -1.95434E-02  0.00000E+00  0.00000E+00  1.59416E+02
   371  4.42577E-02 -7.13123E+00 -7.11183E+00 -1.94013E-02  0.00000E+00  0.00000E+00  1.53818E+02
   372  4.53528E-02 -7.11161E+00 -7.09236E+00 -1.92542E-02  0.00000E+00  0.00000E+00  1.48381E+02
   373  4.64748E-02 -7.09161E+00 -7.07251E+00 -1.91020E-02  0.00000E+00  0.00000E+00  1.43103E+02
   374  4.76245E-02 -7.07123E+00 -7.05228E+00 -1.89449E-02  0.00000E+00  0.00000E+00  1.37979E+02
   375  4.88025E-02 -7.05046E+00 -7.03167E+00 -1.87830E-02  0.00000E+00  0.00000E+00  1.33007E+02
   376  5.00095E-02 -7.02929E+00 -7.01067E+00 -1.86164E-02  0.00000E+00  0.00000E+00  1.28182E+02
   377  5.12463E-02 -7.00772E+00 -6.98927E+00 -1.84451E-02  0.00000E+00  0.00000E+00  1.23501E+02
   378  5.25135E-02 -6.98575E+00 -6.96748E+00 -1.82694E-02  0.00000E+00  0.00000E+00  1.18961E+02
   379  5.38120E-02 -6.96336E+00 -6.94527E+00 -1.80894E-02  0.00000E+00  0.00000E+00  1.14558E+02
   380  5.51424E-02 -6.94056E+00 -6.92266E+00 -1.79051E-02  0.00000E+00  0.00000E+00  1.10290E+02
   381  5.65056E-02 -6.91734E+00 -6.89963E+00 -1.77168E-02  0.00000E+00  0.00000E+00  1.06153E+02
   382  5.79023E-02 -6.89370E+00 -6.87617E+00 -1.75245E-02  0.00000E+00  0.00000E+00  1.02145E+02
   383  5.93333E-02 -6.86962E+00 -6.85229E+00 -1.73285E-02  0.00000E+00  0.00000E+00  9.82612E+01
   384  6.07996E-02 -6.84511E+00 -6.82798E+00 -1.71288E-02  0.00000E+00  0.00000E+00  9.45000E+01
   385  6.23020E-02 -6.82016E+00 -6.80323E+00 -1.69257E-02  0.00000E+00  0.00000E+00  9.08583E+01
   386  6.38412E-02 -6.79476E+00 -6.77804E+00 -1.67193E-02  0.00000E+00  0.00000E+00  8.73330E+01
   387  6.54184E-02 -6.76891E+00 -6.75240E+00 -1.65097E-02  0.00000E+00  0.00000E+00  8.39215E+01
   388  6.70342E-02 -6.74261E+00 -6.72631E+00 -1.62972E-02  0.00000E+00  0.00000E+00  8.06211E+01
   389  6.86898E-02 -6.71585E+00 -6.69977E+00 -1.60820E-02  0.00000E+00  0.00000E+00  7.74290E+01
   390  7.03861E-02 -6.68862E+00 -6.67276E+00 -1.58641E-02  0.00000E+00  0.00000E+00  7.43426E+01
   391  7.21240E-02 -6.66093E+00 -6.64528E+00 -1.56439E-02  0.00000E+00  0.00000E+00  7.13594E+01
   392  7.39046E-02 -6.63276E+00 -6.61733E+00 -1.54214E-02  0.00000E+00  0.00000E+00  6.84767E+01
   393  7.57288E-02 -6.60411E+00 -6.58891E+00 -1.51970E-02  0.00000E+00  0.00000E+00  6.56922E+01
   394  7.75979E-02 -6.57497E+00 -6.56000E+00 -1.49707E-02  0.00000E+00  0.00000E+00  6.30034E+01
   395  7.95128E-02 -6.54535E+00 -6.53061E+00 -1.47428E-02  0.00000E+00  0.00000E+00  6.04078E+01
   396  8.14746E-02 -6.51524E+00 -6.50072E+00 -1.45136E-02  0.00000E+00  0.00000E+00  5.79030E+01
   397  8.34846E-02 -6.48463E+00 -6.47034E+00 -1.42831E-02  0.00000E+00  0.00000E+00  5.54869E+01
   398  8.55438E-02 -6.45351E+00 -6.43946E+00 -1.40517E-02  0.00000E+00  0.00000E+00  5.31569E+01
   399  8.76534E-02 -6.42189E+00 -6.40807E+00 -1.38194E-02  0.00000E+00  0.00000E+00  5.09110E+01
   400  8.98148E-02 -6.38976E+00 -6.37618E+00 -1.35867E-02  0.00000E+00  0.00000E+00  4.87469E+01
   401  9.20290E-02 -6.35712E+00 -6.34377E+00 -1.33536E-02  0.00000E+00  0.00000E+00  4.66623E+01
   402  9.42975E-02 -6.32396E+00 -6.31084E+00 -1.31203E-02  0.00000E+00  0.00000E+00  4.46552E+01
   403  9.66214E-02 -6.29027E+00 -6.27738E+00 -1.28872E-02  0.00000E+00  0.00000E+00  4.27234E+01
   404  9.90022E-02 -6.25606E+00 -6.24340E+00 -1.26543E-02  0.00000E+00  0.00000E+00  4.08648E+01
   405  1.01441E-01 -6.22131E+00 -6.20889E+00 -1.24220E-02  0.00000E+00  0.00000E+00  3.90774E+01
   406  1.03940E-01 -6.18603E+00 -6.17384E+00 -1.21903E-02  0.00000E+00  0.00000E+00  3.73592E+01
   407  1.06499E-01 -6.15021E+00 -6.13825E+00 -1.19596E-02  0.00000E+00  0.00000E+00  3.57081E+01
   408  1.09122E-01 -6.11384E+00 -6.10211E+00 -1.17300E-02  0.00000E+00  0.00000E+00  3.41221E+01
   409  1.11808E-01 -6.07693E+00 -6.06543E+00 -1.15018E-02  0.00000E+00  0.00000E+00  3.25994E+01
   410  1.14560E-01 -6.03947E+00 -6.02819E+00 -1.12751E-02  0.00000E+00  0.00000E+00  3.11381E+01
   411  1.17378E-01 -6.00145E+00 -5.99040E+00 -1.10501E-02  0.00000E+00  0.00000E+00  2.97362E+01
   412  1.20266E-01 -5.96288E+00 -5.95205E+00 -1.08270E-02  0.00000E+00  0.00000E+00  2.83920E+01
   413  1.23224E-01 -5.92374E+00 -5.91313E+00 -1.06060E-02  0.00000E+00  0.00000E+00  2.71035E+01
   414  1.26254E-01 -5.88404E+00 -5.87365E+00 -1.03873E-02  0.00000E+00  0.00000E+00  2.58691E+01
   415  1.29358E-01 -5.84377E+00 -5.83359E+00 -1.01710E-02  0.00000E+00  0.00000E+00  2.46868E+01
   416  1.32537E-01 -5.80292E+00 -5.79297E+00 -9.95730E-03  0.00000E+00  0.00000E+00  2.35552E+01
   417  1.35794E-01 -5.76151E+00 -5.75176E+00 -9.74637E-03  0.00000E+00  0.00000E+00  2.24723E+01
   418  1.39130E-01 -5.71951E+00 -5.70997E+00 -9.53834E-03  0.00000E+00  0.00000E+00  2.14365E+01
   419  1.42547E-01 -5.67694E+00 -5.66761E+00 -9.33335E-03  0.00000E+00  0.00000E+00  2.04463E+01
   420  1.46047E-01 -5.63378E+00 -5.62465E+00 -9.13153E-03  0.00000E+00  0.00000E+00  1.94999E+01
   421  1.49632E-01 -5.59004E+00 -5.58111E+00 -8.93299E-03  0.00000E+00  0.00000E+00  1.85958E+01
   422  1.53303E-01 -5.54571E+00 -5.53697E+00 -8.73785E-03  0.00000E+00  0.00000E+00  1.77324E+01
   423  1.57064E-01 -5.50079E+00 -5.49225E+00 -8.54620E-03  0.00000E+00  0.00000E+00  1.69082E+01
   424  1.60916E-01 -5.45529E+00 -5.44693E+00 -8.35814E-03  0.00000E+00  0.00000E+00  1.61218E+01
   425  1.64862E-01 -5.40918E+00 -5.40101E+00 -8.17373E-03  0.00000E+00  0.00000E+00  1.53716E+01
   426  1.68903E-01 -5.36249E+00 -5.35449E+00 -7.99305E-03  0.00000E+00  0.00000E+00  1.46562E+01
   427  1.73041E-01 -5.31520E+00 -5.30738E+00 -7.81615E-03  0.00000E+00  0.00000E+00  1.39742E+01
   428  1.77280E-01 -5.26731E+00 -5.25967E+00 -7.64307E-03  0.00000E+00  0.00000E+00  1.33242E+01
   429  1.81621E-01 -5.21883E+00 -5.21135E+00 -7.47384E-03  0.00000E+00  0.00000E+00  1.27050E+01
   430  1.86067E-01 -5.16975E+00 -5.16244E+00 -7.30848E-03  0.00000E+00  0.00000E+00  1.21152E+01
   431  1.90620E-01 -5.12007E+00 -5.11293E+00 -7.14701E-03  0.00000E+00  0.00000E+00  1.15535E+01
   432  1.95283E-01 -5.06980E+00 -5.06281E+00 -6.98942E-03  0.00000E+00  0.00000E+00  1.10187E+01
   433  2.00058E-01 -5.01894E+00 -5.01210E+00 -6.83569E-03  0.00000E+00  0.00000E+00  1.05096E+01
   434  2.04948E-01 -4.96748E+00 -4.96080E+00 -6.68580E-03  0.00000E+00  0.00000E+00  1.00251E+01
   435  2.09956E-01 -4.91543E+00 -4.90889E+00 -6.53972E-03  0.00000E+00  0.00000E+00  9.56392E+00
   436  2.15085E-01 -4.86280E+00 -4.85640E+00 -6.39739E-03  0.00000E+00  0.00000E+00  9.12510E+00
   437  2.20336E-01 -4.80957E+00 -4.80332E+00 -6.25876E-03  0.00000E+00  0.00000E+00  8.70754E+00
   438  2.25714E-01 -4.75577E+00 -4.74965E+00 -6.12377E-03  0.00000E+00  0.00000E+00  8.31020E+00
   439  2.31220E-01 -4.70139E+00 -4.69540E+00 -5.99234E-03  0.00000E+00  0.00000E+00  7.93211E+00
   440  2.36859E-01 -4.64644E+00 -4.64057E+00 -5.86439E-03  0.00000E+00  0.00000E+00  7.57230E+00
   441  2.42632E-01 -4.59092E+00 -4.58518E+00 -5.73983E-03  0.00000E+00  0.00000E+00  7.22987E+00
   442  2.48544E-01 -4.53484E+00 -4.52922E+00 -5.61855E-03  0.00000E+00  0.00000E+00  6.90392E+00
   443  2.54597E-01 -4.47820E+00 -4.47270E+00 -5.50047E-03  0.00000E+00  0.00000E+00  6.59361E+00
   444  2.60794E-01 -4.42102E+00 -4.41564E+00 -5.38545E-03  0.00000E+00  0.00000E+00  6.29814E+00
   445  2.67139E-01 -4.36331E+00 -4.35803E+00 -5.27340E-03  0.00000E+00  0.00000E+00  6.01672E+00
   446  2.73636E-01 -4.30506E+00 -4.29990E+00 -5.16418E-03  0.00000E+00  0.00000E+00  5.74862E+00
   447  2.80287E-01 -4.24630E+00 -4.24124E+00 -5.05768E-03  0.00000E+00  0.00000E+00  5.49312E+00
   448  2.87097E-01 -4.18703E+00 -4.18208E+00 -4.95378E-03  0.00000E+00  0.00000E+00  5.24955E+00
   449  2.94068E-01 -4.12727E+00 -4.12242E+00 -4.85234E-03  0.00000E+00  0.00000E+00  5.01727E+00
   450  3.01205E-01 -4.06703E+00 -4.06228E+00 -4.75323E-03  0.00000E+00  0.00000E+00  4.79567E+00
   451  3.08511E-01 -4.00632E+00 -4.00166E+00 -4.65634E-03  0.00000E+00  0.00000E+00  4.58418E+00
   452  3.15990E-01 -3.94516E+00 -3.94060E+00 -4.56152E-03  0.00000E+00  0.00000E+00  4.38224E+00
   453  3.23645E-01 -3.88357E+00 -3.87910E+00 -4.46866E-03  0.00000E+00  0.00000E+00  4.18934E+00
   454  3.31482E-01 -3.82155E+00 -3.81718E+00 -4.37763E-03  0.00000E+00  0.00000E+00  4.00499E+00
   455  3.39504E-01 -3.75914E+00 -3.75486E+00 -4.28831E-03  0.00000E+00  0.00000E+00  3.82874E+00
   456  3.47715E-01 -3.69635E+00 -3.69215E+00 -4.20058E-03  0.00000E+00  0.00000E+00  3.66015E+00
   457  3.56120E-01 -3.63321E+00 -3.62909E+00 -4.11433E-03  0.00000E+00  0.00000E+00  3.49881E+00
   458  3.64721E-01 -3.56972E+00 -3.56569E+00 -4.02944E-03  0.00000E+00  0.00000E+00  3.34435E+00
   459  3.73525E-01 -3.50592E+00 -3.50198E+00 -3.94582E-03  0.00000E+00  0.00000E+00  3.19641E+00
   460  3.82536E-01 -3.44184E+00 -3.43797E+00 -3.86336E-03  0.00000E+00  0.00000E+00  3.05464E+00
   461  3.91758E-01 -3.37749E+00 -3.37370E+00 -3.78197E-03  0.00000E+00  0.00000E+00  2.91875E+00
   462  4.01195E-01 -3.31290E+00 -3.30920E+00 -3.70157E-03  0.00000E+00  0.00000E+00  2.78843E+00
   463  4.10853E-01 -3.24810E+00 -3.24448E+00 -3.62207E-03  0.00000E+00  0.00000E+00  2.66342E+00
   464  4.20736E-01 -3.18312E+00 -3.17958E+00 -3.54341E-03  0.00000E+00  0.00000E+00  2.54346E+00
   465  4.30849E-01 -3.11799E+00 -3.11452E+00 -3.46551E-03  0.00000E+00  0.00000E+00  2.42832E+00
   466  4.41197E-01 -3.05274E+00 -3.04935E+00 -3.38833E-03  0.00000E+00  0.00000E+00  2.31777E+00
   467  4.51786E-01 -2.98740E+00 -2.98408E+00 -3.31179E-03  0.00000E+00  0.00000E+00  2.21160E+00
   468  4.62620E-01 -2.92200E+00 -2.91877E+00 -3.23587E-03  0.00000E+00  0.00000E+00  2.10964E+00
   469  4.73705E-01 -2.85658E+00 -2.85342E+00 -3.16052E-03  0.00000E+00  0.00000E+00  2.01169E+00
   470  4.85046E-01 -2.79118E+00 -2.78810E+00 -3.08572E-03  0.00000E+00  0.00000E+00  1.91759E+00
   471  4.96649E-01 -2.72583E+00 -2.72282E+00 -3.01142E-03  0.00000E+00  0.00000E+00  1.82719E+00
   472  5.08519E-01 -2.66056E+00 -2.65762E+00 -2.93763E-03  0.00000E+00  0.00000E+00  1.74034E+00
   473  5.20662E-01 -2.59541E+00 -2.59255E+00 -2.86432E-03  0.00000E+00  0.00000E+00  1.65690E+00
   474  5.33083E-01 -2.53043E+00 -2.52763E+00 -2.79149E-03  0.00000E+00  0.00000E+00  1.57675E+00
   475  5.45789E-01 -2.46564E+00 -2.46292E+00 -2.71915E-03  0.00000E+00  0.00000E+00  1.49977E+00
   476  5.58786E-01 -2.40109E+00 -2.39845E+00 -2.64728E-03  0.00000E+00  0.00000E+00  1.42583E+00
   477  5.72079E-01 -2.33683E+00 -2.33425E+00 -2.57590E-03  0.00000E+00  0.00000E+00  1.35485E+00
   478  5.85675E-01 -2.27288E+00 -2.27037E+00 -2.50503E-03  0.00000E+00  0.00000E+00  1.28671E+00
   479  5.99579E-01 -2.20928E+00 -2.20685E+00 -2.43469E-03  0.00000E+00  0.00000E+00  1.22132E+00
   480  6.13800E-01 -2.14609E+00 -2.14373E+00 -2.36488E-03  0.00000E+00  0.00000E+00  1.15859E+00
   481  6.28342E-01 -2.08334E+00 -2.08105E+00 -2.29565E-03  0.00000E+00  0.00000E+00  1.09843E+00
   482  6.43212E-01 -2.02107E+00 -2.01885E+00 -2.22701E-03  0.00000E+00  0.00000E+00  1.04076E+00
   483  6.58418E-01 -1.95932E+00 -1.95717E+00 -2.15900E-03  0.00000E+00  0.00000E+00  9.85505E-01
   484  6.73966E-01 -1.89814E+00 -1.89605E+00 -2.09164E-03  0.00000E+00  0.00000E+00  9.32577E-01
   485  6.89862E-01 -1.83756E+00 -1.83553E+00 -2.02498E-03  0.00000E+00  0.00000E+00  8.81908E-01
   486  7.06114E-01 -1.77762E+00 -1.77566E+00 -1.95904E-03  0.00000E+00  0.00000E+00  8.33426E-01
   487  7.22730E-01 -1.71836E+00 -1.71647E+00 -1.89387E-03  0.00000E+00  0.00000E+00  7.87060E-01
   488  7.39715E-01 -1.65983E+00 -1.65800E+00 -1.82950E-03  0.00000E+00  0.00000E+00  7.42745E-01
   489  7.57078E-01 -1.60206E+00 -1.60029E+00 -1.76596E-03  0.00000E+00  0.00000E+00  7.00413E-01
   490  7.74825E-01 -1.54508E+00 -1.54338E+00 -1.70330E-03  0.00000E+00  0.00000E+00  6.60002E-01
   491  7.92965E-01 -1.48894E+00 -1.48730E+00 -1.64155E-03  0.00000E+00  0.00000E+00  6.21448E-01
   492  8.11505E-01 -1.43366E+00 -1.43208E+00 -1.58076E-03  0.00000E+00  0.00000E+00  5.84691E-01
   493  8.30453E-01 -1.37930E+00 -1.37777E+00 -1.52094E-03  0.00000E+00  0.00000E+00  5.49670E-01
   494  8.49817E-01 -1.32586E+00 -1.32440E+00 -1.46215E-03  0.00000E+00  0.00000E+00  5.16329E-01
   495  8.69603E-01 -1.27340E+00 -1.27200E+00 -1.40442E-03  0.00000E+00  0.00000E+00  4.84608E-01
   496  8.89822E-01 -1.22194E+00 -1.22059E+00 -1.34778E-03  0.00000E+00  0.00000E+00  4.54452E-01
   497  9.10479E-01 -1.17150E+00 -1.17021E+00 -1.29226E-03  0.00000E+00  0.00000E+00  4.25806E-01
   498  9.31585E-01 -1.12213E+00 -1.12089E+00 -1.23789E-03  0.00000E+00  0.00000E+00  3.98615E-01
   499  9.53147E-01 -1.07383E+00 -1.07264E+00 -1.18470E-03  0.00000E+00  0.00000E+00  3.72827E-01
   500  9.75174E-01 -1.02664E+00 -1.02550E+00 -1.13272E-03  0.00000E+00  0.00000E+00  3.48390E-01
   501  9.97673E-01 -9.80572E-01 -9.79490E-01 -1.08197E-03  0.00000E+00  0.00000E+00  3.25253E-01
   502  1.02065E+00 -9.35654E-01 -9.34621E-01 -1.03248E-03  0.00000E+00  0.00000E+00  3.03365E-01
   503  1.04413E+00 -8.91900E-01 -8.90916E-01 -9.84259E-04  0.00000E+00  0.00000E+00  2.82678E-01
   504  1.06810E+00 -8.49327E-01 -8.48390E-01 -9.37334E-04  0.00000E+00  0.00000E+00  2.63143E-01
   505  1.09258E+00 -8.07948E-01 -8.07056E-01 -8.91719E-04  0.00000E+00  0.00000E+00  2.44715E-01
   506  1.11757E+00 -7.67774E-01 -7.66927E-01 -8.47427E-04  0.00000E+00  0.00000E+00  2.27345E-01
   507  1.14309E+00 -7.28815E-01 -7.28011E-01 -8.04468E-04  0.00000E+00  0.00000E+00  2.10991E-01
   508  1.16915E+00 -6.91078E-01 -6.90315E-01 -7.62850E-04  0.00000E+00  0.00000E+00  1.95607E-01
   509  1.19575E+00 -6.54567E-01 -6.53845E-01 -7.22581E-04  0.00000E+00  0.00000E+00  1.81152E-01
   510  1.22291E+00 -6.19285E-01 -6.18601E-01 -6.83662E-04  0.00000E+00  0.00000E+00  1.67582E-01
   511  1.25063E+00 -5.85232E-01 -5.84586E-01 -6.46095E-04  0.00000E+00  0.00000E+00  1.54857E-01
   512  1.27892E+00 -5.52405E-01 -5.51795E-01 -6.09878E-04  0.00000E+00  0.00000E+00  1.42938E-01
   513  1.30779E+00 -5.20801E-01 -5.20226E-01 -5.75006E-04  0.00000E+00  0.00000E+00  1.31785E-01
   514  1.33726E+00 -4.90412E-01 -4.89871E-01 -5.41473E-04  0.00000E+00  0.00000E+00  1.21361E-01
   515  1.36733E+00 -4.61230E-01 -4.60721E-01 -5.09268E-04  0.00000E+00  0.00000E+00  1.11630E-01
   516  1.39800E+00 -4.33245E-01 -4.32766E-01 -4.78382E-04  0.00000E+00  0.00000E+00  1.02556E-01
   517  1.42930E+00 -4.06441E-01 -4.05993E-01 -4.48798E-04  0.00000E+00  0.00000E+00  9.41050E-02
   518  1.46123E+00 -3.80806E-01 -3.80386E-01 -4.20502E-04  0.00000E+00  0.00000E+00  8.62433E-02
   519  1.49380E+00 -3.56322E-01 -3.55928E-01 -3.93474E-04  0.00000E+00  0.00000E+00  7.89390E-02
   520  1.52702E+00 -3.32969E-01 -3.32602E-01 -3.67695E-04  0.00000E+00  0.00000E+00  7.21612E-02
   521  1.56090E+00 -3.10728E-01 -3.10385E-01 -3.43141E-04  0.00000E+00  0.00000E+00  6.58798E-02
   522  1.59545E+00 -2.89576E-01 -2.89256E-01 -3.19789E-04  0.00000E+00  0.00000E+00  6.00660E-02
   523  1.63068E+00 -2.69490E-01 -2.69192E-01 -2.97612E-04  0.00000E+00  0.00000E+00  5.46921E-02
   524  1.66660E+00 -2.50443E-01 -2.50167E-01 -2.76582E-04  0.00000E+00  0.00000E+00  4.97316E-02
   525  1.70322E+00 -2.32410E-01 -2.32154E-01 -2.56671E-04  0.00000E+00  0.00000E+00  4.51587E-02
   526  1.74056E+00 -2.15363E-01 -2.15125E-01 -2.37847E-04  0.00000E+00  0.00000E+00  4.09492E-02
   527  1.77861E+00 -1.99273E-01 -1.99053E-01 -2.20080E-04  0.00000E+00  0.00000E+00  3.70795E-02
   528  1.81739E+00 -1.84110E-01 -1.83906E-01 -2.03336E-04  0.00000E+00  0.00000E+00  3.35274E-02
   529  1.85692E+00 -1.69843E-01 -1.69656E-01 -1.87582E-04  0.00000E+00  0.00000E+00  3.02714E-02
   530  1.89719E+00 -1.56442E-01 -1.56269E-01 -1.72783E-04  0.00000E+00  0.00000E+00  2.72914E-02
   531  1.93823E+00 -1.43875E-01 -1.43716E-01 -1.58904E-04  0.00000E+00  0.00000E+00  2.45680E-02
   532  1.98004E+00 -1.32108E-01 -1.31962E-01 -1.45909E-04  0.00000E+00  0.00000E+00  2.20828E-02
   533  2.02263E+00 -1.21111E-01 -1.20977E-01 -1.33764E-04  0.00000E+00  0.00000E+00  1.98186E-02
   534  2.06601E+00 -1.10849E-01 -1.10727E-01 -1.22431E-04  0.00000E+00  0.00000E+00  1.77589E-02
   535  2.11020E+00 -1.01291E-01 -1.01179E-01 -1.11875E-04  0.00000E+00  0.00000E+00  1.58883E-02
   536  2.15520E+00 -9.24034E-02 -9.23013E-02 -1.02059E-04  0.00000E+00  0.00000E+00  1.41920E-02
   537  2.20101E+00 -8.41542E-02 -8.40612E-02 -9.29485E-05  0.00000E+00  0.00000E+00  1.26564E-02
   538  2.24766E+00 -7.65112E-02 -7.64266E-02 -8.45071E-05  0.00000E+00  0.00000E+00  1.12686E-02
   539  2.29515E+00 -6.94426E-02 -6.93659E-02 -7.67001E-05  0.00000E+00  0.00000E+00  1.00163E-02
   540  2.34350E+00 -6.29173E-02 -6.28478E-02 -6.94932E-05  0.00000E+00  0.00000E+00  8.88837E-03
   541  2.39270E+00 -5.69047E-02 -5.68419E-02 -6.28524E-05  0.00000E+00  0.00000E+00  7.87411E-03
   542  2.44278E+00 -5.13750E-02 -5.13182E-02 -5.67448E-05  0.00000E+00  0.00000E+00  6.96368E-03
   543  2.49373E+00 -4.62989E-02 -4.62478E-02 -5.11383E-05  0.00000E+00  0.00000E+00  6.14787E-03
   544  2.54558E+00 -4.16483E-02 -4.16023E-02 -4.60017E-05  0.00000E+00  0.00000E+00  5.41817E-03
   545  2.59833E+00 -3.73956E-02 -3.73543E-02 -4.13046E-05  0.00000E+00  0.00000E+00  4.76665E-03
   546  2.65199E+00 -3.35145E-02 -3.34775E-02 -3.70178E-05  0.00000E+00  0.00000E+00  4.18600E-03
   547  2.70656E+00 -2.99795E-02 -2.99464E-02 -3.31133E-05  0.00000E+00  0.00000E+00  3.66946E-03
   548  2.76207E+00 -2.67661E-02 -2.67365E-02 -2.95641E-05  0.00000E+00  0.00000E+00  3.21082E-03
   549  2.81851E+00 -2.38510E-02 -2.38247E-02 -2.63443E-05  0.00000E+00  0.00000E+00  2.80435E-03
   550  2.87589E+00 -2.12119E-02 -2.11885E-02 -2.34294E-05  0.00000E+00  0.00000E+00  2.44480E-03
   551  2.93424E+00 -1.88275E-02 -1.88068E-02 -2.07958E-05  0.00000E+00  0.00000E+00  2.12736E-03
   552  2.99354E+00 -1.66778E-02 -1.66594E-02 -1.84213E-05  0.00000E+00  0.00000E+00  1.84765E-03
   553  3.05382E+00 -1.47436E-02 -1.47274E-02 -1.62850E-05  0.00000E+00  0.00000E+00  1.60167E-03
   554  3.11508E+00 -1.30071E-02 -1.29927E-02 -1.43669E-05  0.00000E+00  0.00000E+00  1.38578E-03
   555  3.17733E+00 -1.14513E-02 -1.14387E-02 -1.26485E-05  0.00000E+00  0.00000E+00  1.19668E-03
   556  3.24058E+00 -1.00604E-02 -1.00493E-02 -1.11122E-05  0.00000E+00  0.00000E+00  1.03137E-03
   557  3.30484E+00 -8.81968E-03 -8.80994E-03 -9.74172E-06  0.00000E+00  0.00000E+00  8.87155E-04
   558  3.37011E+00 -7.71524E-03 -7.70672E-03 -8.52182E-06  0.00000E+00  0.00000E+00  7.61604E-04
   559  3.43640E+00 -6.73429E-03 -6.72685E-03 -7.43832E-06  0.00000E+00  0.00000E+00  6.52526E-04
   560  3.50372E+00 -5.86493E-03 -5.85845E-03 -6.47808E-06  0.00000E+00  0.00000E+00  5.57958E-04
   561  3.57207E+00 -5.09619E-03 -5.09056E-03 -5.62897E-06  0.00000E+00  0.00000E+00  4.76141E-04
   562  3.64147E+00 -4.41793E-03 -4.41305E-03 -4.87980E-06  0.00000E+00  0.00000E+00  4.05506E-04
   563  3.71193E+00 -3.82083E-03 -3.81661E-03 -4.22028E-06  0.00000E+00  0.00000E+00  3.44656E-04
   564  3.78344E+00 -3.29638E-03 -3.29274E-03 -3.64100E-06  0.00000E+00  0.00000E+00  2.92346E-04
   565  3.85602E+00 -2.83677E-03 -2.83364E-03 -3.13335E-06  0.00000E+00  0.00000E+00  2.47477E-04
   566  3.92966E+00 -2.43490E-03 -2.43222E-03 -2.68946E-06  0.00000E+00  0.00000E+00  2.09073E-04
   567  4.00439E+00 -2.08433E-03 -2.08202E-03 -2.30223E-06  0.00000E+00  0.00000E+00  1.76275E-04
   568  4.08020E+00 -1.77919E-03 -1.77722E-03 -1.96520E-06  0.00000E+00  0.00000E+00  1.48327E-04
   569  4.15710E+00 -1.51421E-03 -1.51254E-03 -1.67252E-06  0.00000E+00  0.00000E+00  1.24565E-04
   570  4.23510E+00 -1.28464E-03 -1.28322E-03 -1.41895E-06  0.00000E+00  0.00000E+00  1.04407E-04
   571  4.31420E+00 -1.08620E-03 -1.08500E-03 -1.19976E-06  0.00000E+00  0.00000E+00  8.73456E-05
   572  4.39441E+00 -9.15070E-04 -9.14060E-04 -1.01074E-06  0.00000E+00  0.00000E+00  7.29380E-05
   573  4.47573E+00 -7.67832E-04 -7.66984E-04 -8.48106E-07  0.00000E+00  0.00000E+00  6.07998E-05
   574  4.55816E+00 -6.41448E-04 -6.40739E-04 -7.08509E-07  0.00000E+00  0.00000E+00  5.05977E-05
   575  4.64172E+00 -5.33221E-04 -5.32632E-04 -5.88967E-07  0.00000E+00  0.00000E+00  4.20437E-05
   576  4.72641E+00 -4.40765E-04 -4.40279E-04 -4.86846E-07  0.00000E+00  0.00000E+00  3.48893E-05
   577  4.81222E+00 -3.61980E-04 -3.61580E-04 -3.99824E-07  0.00000E+00  0.00000E+00  2.89212E-05
   578  4.89917E+00 -2.95017E-04 -2.94692E-04 -3.25861E-07  0.00000E+00  0.00000E+00  2.39564E-05
   579  4.98727E+00 -2.38263E-04 -2.37999E-04 -2.63172E-07  0.00000E+00  0.00000E+00  1.98386E-05
   580  5.07650E+00 -1.90308E-04 -1.90098E-04 -2.10204E-07  0.00000E+00  0.00000E+00  1.64348E-05
   581  5.16688E+00 -1.49935E-04 -1.49770E-04 -1.65611E-07  0.00000E+00  0.00000E+00  1.36321E-05
   582  5.25841E+00 -1.16095E-04 -1.15967E-04 -1.28232E-07  0.00000E+00  0.00000E+00  1.13353E-05
   583  5.35109E+00 -8.78917E-05 -8.77947E-05 -9.70805E-08  0.00000E+00  0.00000E+00  9.46466E-06
   584  5.44492E+00 -6.45708E-05 -6.44995E-05 -7.13214E-08  0.00000E+00  0.00000E+00  7.95365E-06
   585  5.53992E+00 -4.55065E-05 -4.54562E-05 -5.02640E-08  0.00000E+00  0.00000E+00  6.74758E-06
   586  5.63607E+00 -3.01940E-05 -3.01606E-05 -3.33506E-08  0.00000E+00  0.00000E+00  5.80215E-06
   587  5.73339E+00 -1.82441E-05 -1.82240E-05 -2.01514E-08  0.00000E+00  0.00000E+00  5.08234E-06
   588  5.83187E+00 -9.38187E-06 -9.37151E-06 -1.03626E-08  0.00000E+00  0.00000E+00  4.56169E-06
   589  5.93151E+00 -3.44840E-06 -3.44459E-06 -3.80881E-09  0.00000E+00  0.00000E+00  4.22172E-06
   590  6.03232E+00 -4.08924E-07 -4.08473E-07 -4.51572E-10  0.00000E+00  0.00000E+00  4.05177E-06
   591  6.08492E+00  0.00000E+00 -0.00000E+00  0.00000E+00  0.00000E+00  0.00000E+00  4.02934E-06
   592  6.08492E+00 -0.00000E+00 -0.00000E+00  0.00000E+00  0.00000E+00  0.00000E+00  0.00000E+00
   593  1.21698E+01 -0.00000E+00 -0.00000E+00  0.00000E+00  0.00000E+00  0.00000E+00  0.00000E+00
   594  2.43397E+01 -0.00000E+00 -0.00000E+00  0.00000E+00  0.00000E+00  0.00000E+00  0.00000E+00
   595  4.86793E+01 -0.00000E+00 -0.00000E+00  0.00000E+00  0.00000E+00  0.00000E+00  0.00000E+00
   596  9.73587E+01 -0.00000E+00 -0.00000E+00  0.00000E+00  0.00000E+00  0.00000E+00  0.00000E+00
   597  1.94717E+02 -0.00000E+00 -0.00000E+00  0.00000E+00  0.00000E+00  0.00000E+00  0.00000E+00
   598  3.89435E+02 -0.00000E+00 -0.00000E+00  0.00000E+00  0.00000E+00  0.00000E+00  0.00000E+00
   599  7.78870E+02 -0.00000E+00 -0.00000E+00  0.00000E+00  0.00000E+00  0.00000E+00  0.00000E+00
   600  1.55774E+03 -0.00000E+00 -0.00000E+00  0.00000E+00  0.00000E+00  0.00000E+00  0.00000E+00
   601  3.11548E+03 -0.00000E+00 -0.00000E+00  0.00000E+00  0.00000E+00  0.00000E+00  0.00000E+00
   602  6.23096E+03 -0.00000E+00 -0.00000E+00  0.00000E+00  0.00000E+00  0.00000E+00  0.00000E+00
   603  1.24619E+04 -0.00000E+00 -0.00000E+00  0.00000E+00  0.00000E+00  0.00000E+00  0.00000E+00
