0	61.9859
4.87941	7.2211
9.75881	5.4219
14.6382	2.42007
19.5176	1.92106
24.397	1.40287
29.2764	1.30796
34.1558	1.08609
39.0352	0.757937
43.9147	0.735485
48.7941	0.66304
53.6735	0.511445
58.5529	0.603074
63.4323	0.419476
68.3117	0.466762
73.1911	0.386562
78.0705	0.349738
82.9499	0.332006
87.8293	0.284173
92.7087	0.338149
97.5881	0.285747
102.468	0.25614
107.347	0.239691
112.226	0.225432
117.106	0.25137
121.985	0.204462
126.865	0.202572
131.744	0.205325
136.623	0.181903
141.503	0.180463
146.382	0.179637
151.262	0.173551
156.141	0.165991
161.02	0.152239
165.9	0.148598
170.779	0.137657
175.659	0.151638
180.538	0.143376
185.417	0.135301
190.297	0.122153
195.176	0.129874
200.056	0.12326
204.935	0.119712
209.814	0.122204
214.694	0.11675
219.573	0.11439
224.453	0.104924
229.332	0.10213
234.211	0.111081
239.091	0.100229
243.97	0.102369
248.85	0.0937976
253.729	0.0960954
258.609	0.0997434
263.488	0.087752
268.367	0.0928186
273.247	0.0905611
278.126	0.0882798
283.006	0.0889513
287.885	0.0781656
292.764	0.0832577
297.644	0.0873222
302.523	0.0810004
307.403	0.0792126
312.282	0.0716956
317.161	0.0795415
322.041	0.0749902
326.92	0.0748374
331.8	0.072678
336.679	0.0688716
341.558	0.0762485
346.438	0.0680633
351.317	0.069624
356.197	0.0660115
361.076	0.0705005
365.955	0.0661367
370.835	0.0619529
375.714	0.0649405
380.594	0.0643214
385.473	0.0617079
390.352	0.064619
395.232	0.0586509
400.111	0.0608491
404.991	0.0589185
409.87	0.0588003
414.75	0.0573769
419.629	0.0576902
424.508	0.0575456
429.388	0.054205
434.267	0.0553167
439.147	0.053676
444.026	0.0564916
448.905	0.053087
453.785	0.0515434
458.664	0.0528466
463.544	0.0509318
468.423	0.051077
473.302	0.0484104
478.182	0.0495963
483.061	0.0497875
487.941	0.0477305
492.82	0.0476098
497.699	0.0473214
502.579	0.0473294
507.458	0.0471633
512.338	0.0448677
517.217	0.0443882
522.096	0.0427659
526.976	0.0461713
531.855	0.0431865
536.735	0.0421793
541.614	0.0438873
546.493	0.041624
551.373	0.0425044
556.252	0.0400822
561.132	0.0395154
566.011	0.040767
570.891	0.0389383
575.77	0.0399745
580.649	0.0375763
585.529	0.0383946
590.408	0.0385861
595.288	0.034895
600.167	0.0378603
605.046	0.0352321
609.926	0.0364223
614.805	0.036149
619.685	0.0336023
624.564	0.034336
629.443	0.0342876
634.323	0.0339151
639.202	0.0333786
644.082	0.0322604
648.961	0.032774
653.84	0.0317137
658.72	0.0317693
663.599	0.0306098
668.479	0.0309991
673.358	0.0305501
678.237	0.0286154
683.117	0.0293085
687.996	0.0287977
692.876	0.029828
697.755	0.0275457
702.634	0.0277518
707.514	0.0264977
712.393	0.0273412
717.273	0.0269363
722.152	0.0256174
727.032	0.0257721
731.911	0.0254534
736.79	0.0248447
741.67	0.0253694
746.549	0.0230195
751.429	0.024887
756.308	0.0234991
761.187	0.0230185
766.067	0.0230792
770.946	0.0216144
775.826	0.0227442
780.705	0.0212807
785.584	0.0212245
790.464	0.0213955
795.343	0.0203639
800.223	0.0208446
805.102	0.0190542
809.981	0.0200346
814.861	0.0197856
819.74	0.0183529
824.62	0.0193586
829.499	0.0177834
834.378	0.0182805
839.258	0.0180605
844.137	0.0171997
849.017	0.0170623
853.896	0.0168661
858.775	0.0167504
863.655	0.0159671
868.534	0.015853
873.414	0.015429
878.293	0.0154371
883.172	0.0152062
888.052	0.0145685
892.931	0.0143398
897.811	0.0148927
902.69	0.0139389
907.57	0.0136098
912.449	0.0131241
917.328	0.0133492
922.208	0.012749
927.087	0.0126625
931.967	0.0123374
936.846	0.012189
941.725	0.0121284
946.605	0.0115327
951.484	0.0111485
956.364	0.0109501
961.243	0.0111659
966.122	0.0108326
971.002	0.0105746
975.881	0.0102208
980.761	0.0100777
985.64	0.00996103
990.519	0.00963409
995.399	0.00923457
1000.28	0.0094764
1005.16	0.00895517
1010.04	0.00896658
1014.92	0.00833517
1019.8	0.00852478
1024.68	0.00860427
1029.55	0.00779338
1034.43	0.00806209
1039.31	0.00755044
1044.19	0.00761057
1049.07	0.00745597
1053.95	0.00713875
1058.83	0.00716337
1063.71	0.00678357
1068.59	0.00682192
1073.47	0.00649542
1078.35	0.00612492
1083.23	0.00661821
1088.11	0.00603722
1092.99	0.00600849
1097.87	0.00580458
1102.75	0.00567495
1107.63	0.00564497
1112.5	0.00532786
1117.38	0.00531621
1122.26	0.00515977
1127.14	0.00500217
1132.02	0.0049304
1136.9	0.00458626
1141.78	0.0048153
1146.66	0.00455751
1151.54	0.00441387
1156.42	0.00426045
1161.3	0.00405062
1166.18	0.0042016
1171.06	0.00408714
1175.94	0.00385919
1180.82	0.003692
1185.7	0.00370881
1190.58	0.00356391
1195.45	0.00345481
1200.33	0.00341241
1205.21	0.00334731
1210.09	0.00331065
1214.97	0.00317943
1219.85	0.00279761
1224.73	0.00254157
1229.61	0.00235799
1234.49	0.00221733
1239.37	0.00191374
1244.25	0.00184709
1249.13	0.00180313
1254.01	0.0015505
1258.89	0.00155438
1263.77	0.00138953
1268.65	0.00137608
1273.52	0.00126341
1278.4	0.00112675
1283.28	0.00114622
1288.16	0.00102753
1293.04	0.00101163
1297.92	0.000946143
1302.8	0.000858332
1307.68	0.000854852
1312.56	0.000766704
1317.44	0.000757
1322.32	0.000681058
1327.2	0.000634794
1332.08	0.000665902
1336.96	0.000584126
1341.84	0.000577323
1346.72	0.000507027
1351.6	0.000512558
1356.47	0.000473693
1361.35	0.000414504
1366.23	0.000436998
1371.11	0.000382761
1375.99	0.000382487
1380.87	0.000335607
1385.75	0.000334514
1390.63	0.000314277
1395.51	0.000281742
1400.39	0.000276519
1405.27	0.000256306
1410.15	0.000251059
1415.03	0.000222893
1419.91	0.000214084
1424.79	0.000204351
1429.67	0.000186714
1434.55	0.00018617
1439.42	0.000167521
1444.3	0.000160191
1449.18	0.000152811
1454.06	0.000139381
1458.94	0.000139452
1463.82	0.000117036
1468.7	0.000112386
1473.58	0.000108365
1478.46	0.000101026
1483.34	0.000100244
1488.22	8.59075e-05
1493.1	8.62655e-05
1497.98	7.97218e-05
1502.86	7.00028e-05
1507.74	7.77594e-05
1512.62	6.57327e-05
1517.5	6.56902e-05
1522.37	5.57333e-05
1527.25	5.12645e-05
1532.13	4.94174e-05
1537.01	4.17861e-05
1541.89	4.45674e-05
1546.77	3.64703e-05
1551.65	3.76438e-05
1556.53	3.22097e-05
1561.41	2.60558e-05
1566.29	3.10663e-05
1571.17	2.42106e-05
1576.05	2.79997e-05
1580.93	1.96578e-05
1585.81	2.04584e-05
1590.69	1.88594e-05
1595.57	1.57635e-05
1600.45	1.68699e-05
1605.32	1.42079e-05
1610.2	1.2857e-05
1615.08	1.2189e-05
1619.96	9.37805e-06
1624.84	1.06898e-05
1629.72	9.06692e-06
1634.6	8.12832e-06
1639.48	7.63452e-06
1644.36	4.21554e-06
1649.24	6.4631e-06
1654.12	2.47731e-06
1659	4.69576e-06
1663.88	3.72624e-06
1668.76	4.23955e-06
1673.64	3.05517e-06
1678.52	1.37795e-06
1683.4	2.49542e-06
1688.27	1.13993e-06
1693.15	2.69714e-06
1698.03	7.10408e-07
1702.91	9.76282e-07
1707.79	1.00403e-06
1712.67	4.64923e-07
1717.55	6.50676e-07
1722.43	0
1727.31	0
1732.19	0
1737.07	0
1741.95	0
1746.83	0
1751.71	0
1756.59	0
1761.47	0
1766.34	0
1771.22	0
1776.1	0
1780.98	0
1785.86	0
1790.74	0
1795.62	0
1800.5	0
1805.38	0
1810.26	0
1815.14	0
1820.02	0
1824.9	0
1829.78	0
1834.66	0
1839.54	0
1844.42	0
1849.29	0
1854.17	0
1859.05	0
1863.93	0
1868.81	0
1873.69	0
1878.57	0
1883.45	0
1888.33	0
1893.21	0
1898.09	0
1902.97	0
1907.85	0
1912.73	0
1917.61	0
1922.49	0
1927.37	0
1932.24	0
1937.12	0
1942	0
1946.88	0
1951.76	0
1956.64	0
1961.52	0
1966.4	0
1971.28	0
1976.16	0
1981.04	0
1985.92	0
1990.8	0
1995.68	0
2000.56	0
2005.44	0
2010.32	0
2015.19	0
2020.07	0
2024.95	0
2029.83	0
2034.71	0
2039.59	0
2044.47	0
2049.35	0
2054.23	0
2059.11	0
2063.99	0
2068.87	0
2073.75	0
2078.63	0
2083.51	0
2088.39	0
2093.27	0
2098.14	0
2103.02	0
2107.9	0
2112.78	0
2117.66	0
2122.54	0
2127.42	0
2132.3	0
2137.18	0
2142.06	0
2146.94	0
2151.82	0
2156.7	0
2161.58	0
2166.46	0
2171.34	0
2176.22	0
2181.09	0
2185.97	0
2190.85	0
2195.73	0
2200.61	0
2205.49	0
2210.37	0
2215.25	0
2220.13	0
2225.01	0
2229.89	0
2234.77	0
2239.65	0
2244.53	0
2249.41	0
2254.29	0
2259.17	0
2264.04	0
2268.92	0
2273.8	0
2278.68	0
2283.56	0
2288.44	0
2293.32	0
2298.2	0
2303.08	0
2307.96	0
2312.84	0
2317.72	0
2322.6	0
2327.48	0
2332.36	0
2337.24	0
2342.11	0
2346.99	0
2351.87	0
2356.75	0
2361.63	0
2366.51	0
2371.39	0
2376.27	0
2381.15	0
2386.03	0
2390.91	0
2395.79	0
2400.67	0
2405.55	0
2410.43	0
2415.31	0
2420.19	0
2425.06	0
2429.94	0
2434.82	0
