0	0.0404843
5.43931	0.186405
10.8786	0.186317
16.3179	0.187346
21.7572	0.188647
27.1965	0.18997
32.6358	0.191154
38.0752	0.192714
43.5145	0.193862
48.9538	0.195377
54.3931	0.196691
59.8324	0.198219
65.2717	0.199394
70.711	0.200223
76.1503	0.201199
81.5896	0.202391
87.0289	0.203181
92.4682	0.204138
97.9075	0.205467
103.347	0.206597
108.786	0.207498
114.225	0.209197
119.665	0.210235
125.104	0.211233
130.543	0.212171
135.983	0.213218
141.422	0.21475
146.861	0.215696
152.301	0.216559
157.74	0.217995
163.179	0.218755
168.619	0.219965
174.058	0.220855
179.497	0.22207
184.936	0.222855
190.376	0.224245
195.815	0.225741
201.254	0.227022
206.694	0.227842
212.133	0.229183
217.572	0.230558
223.012	0.231758
228.451	0.232708
233.89	0.23374
239.33	0.235484
244.769	0.236549
250.208	0.237655
255.647	0.238791
261.087	0.2398
266.526	0.241241
271.965	0.24251
277.405	0.243785
282.844	0.245071
288.283	0.246431
293.723	0.247565
299.162	0.248746
304.601	0.250454
310.041	0.251818
315.48	0.253356
320.919	0.254508
326.358	0.255942
331.798	0.257289
337.237	0.258384
342.676	0.259309
348.116	0.260894
353.555	0.262197
358.994	0.263883
364.434	0.264831
369.873	0.265528
375.312	0.267101
380.752	0.26893
386.191	0.270268
391.63	0.271422
397.069	0.272879
402.509	0.274252
407.948	0.27569
413.387	0.277661
418.827	0.279192
424.266	0.280313
429.705	0.282137
435.145	0.283139
440.584	0.284705
446.023	0.285679
451.463	0.288008
456.902	0.288997
462.341	0.289839
467.78	0.292066
473.22	0.293467
478.659	0.295331
484.098	0.296538
489.538	0.298113
494.977	0.300286
500.416	0.302039
505.856	0.303416
511.295	0.304322
516.734	0.305776
522.174	0.307371
527.613	0.308008
533.052	0.310178
538.491	0.312053
543.931	0.312984
549.37	0.314111
554.809	0.316027
560.249	0.31772
565.688	0.319994
571.127	0.322276
576.567	0.322881
582.006	0.324116
587.445	0.325437
592.885	0.327262
598.324	0.328373
603.763	0.330023
609.202	0.331853
614.642	0.333431
620.081	0.335601
625.52	0.336689
630.96	0.337326
636.399	0.338483
641.838	0.340956
647.278	0.342294
652.717	0.343815
658.156	0.345219
663.596	0.347297
669.035	0.349354
674.474	0.351729
679.913	0.353125
685.353	0.354781
690.792	0.356208
696.231	0.357481
701.671	0.358928
707.11	0.359541
712.549	0.361394
717.989	0.362741
723.428	0.363364
728.867	0.365666
734.307	0.367773
739.746	0.369479
745.185	0.370361
750.624	0.371244
756.064	0.373285
761.503	0.375261
766.942	0.377265
772.382	0.378185
777.821	0.37997
783.26	0.381204
788.7	0.382949
794.139	0.384218
799.578	0.386176
805.018	0.386585
810.457	0.388131
815.896	0.388175
821.335	0.390124
826.775	0.391841
832.214	0.3925
837.653	0.393081
843.093	0.394713
848.532	0.395748
853.971	0.396557
859.411	0.397419
864.85	0.39813
870.289	0.399013
875.729	0.39978
881.168	0.401629
886.607	0.402049
892.046	0.403866
897.486	0.404717
902.925	0.404622
908.364	0.404936
913.804	0.406045
919.243	0.407053
924.682	0.407241
930.122	0.409258
935.561	0.409321
941	0.410745
946.44	0.411655
951.879	0.411051
957.318	0.412266
962.757	0.413143
968.197	0.41385
973.636	0.413562
979.075	0.414032
984.515	0.414702
989.954	0.415099
995.393	0.414837
1000.83	0.414956
1006.27	0.41682
1011.71	0.416925
1017.15	0.417097
1022.59	0.416849
1028.03	0.417364
1033.47	0.417384
1038.91	0.416466
1044.35	0.416812
1049.79	0.416501
1055.23	0.417665
1060.66	0.418024
1066.1	0.416961
1071.54	0.416422
1076.98	0.416403
1082.42	0.417031
1087.86	0.416373
1093.3	0.415269
1098.74	0.415591
1104.18	0.415604
1109.62	0.414557
1115.06	0.413562
1120.5	0.413078
1125.94	0.413364
1131.38	0.412541
1136.82	0.410248
1142.25	0.410555
1147.69	0.410378
1153.13	0.411161
1158.57	0.411
1164.01	0.409861
1169.45	0.407217
1174.89	0.406781
1180.33	0.40573
1185.77	0.405193
1191.21	0.403726
1196.65	0.403079
1202.09	0.402126
1207.53	0.401044
1212.97	0.399903
1218.4	0.398712
1223.84	0.397026
1229.28	0.395934
1234.72	0.394541
1240.16	0.392972
1245.6	0.391066
1251.04	0.389484
1256.48	0.388489
1261.92	0.386196
1267.36	0.384263
1272.8	0.383017
1278.24	0.380827
1283.68	0.379128
1289.12	0.378067
1294.56	0.374484
1299.99	0.373335
1305.43	0.372054
1310.87	0.369813
1316.31	0.367033
1321.75	0.365453
1327.19	0.36318
1332.63	0.359978
1338.07	0.358539
1343.51	0.356425
1348.95	0.353307
1354.39	0.349754
1359.83	0.349213
1365.27	0.346413
1370.71	0.344974
1376.14	0.341102
1381.58	0.338913
1387.02	0.336172
1392.46	0.333369
1397.9	0.329747
1403.34	0.326841
1408.78	0.323581
1414.22	0.321424
1419.66	0.317674
1425.1	0.315077
1430.54	0.311111
1435.98	0.307999
1441.42	0.305038
1446.86	0.301963
1452.3	0.299311
1457.73	0.297064
1463.17	0.292412
1468.61	0.289594
1474.05	0.285321
1479.49	0.282421
1484.93	0.278374
1490.37	0.275241
1495.81	0.271105
1501.25	0.26691
1506.69	0.263092
1512.13	0.259529
1517.57	0.255133
1523.01	0.251451
1528.45	0.247767
1533.88	0.243955
1539.32	0.240338
1544.76	0.236351
1550.2	0.232132
1555.64	0.228851
1561.08	0.226424
1566.52	0.221319
1571.96	0.217413
1577.4	0.213497
1582.84	0.209661
1588.28	0.204608
1593.72	0.202136
1599.16	0.197702
1604.6	0.193782
1610.04	0.189835
1615.47	0.185538
1620.91	0.181858
1626.35	0.178413
1631.79	0.174217
1637.23	0.169211
1642.67	0.16493
1648.11	0.161327
1653.55	0.156873
1658.99	0.153102
1664.43	0.148977
1669.87	0.144532
1675.31	0.139661
1680.75	0.13676
1686.19	0.132466
1691.62	0.129001
1697.06	0.124833
1702.5	0.12085
1707.94	0.117384
1713.38	0.112786
1718.82	0.10902
1724.26	0.105906
1729.7	0.102254
1735.14	0.0985897
1740.58	0.0950549
1746.02	0.0917171
1751.46	0.0887364
1756.9	0.084396
1762.34	0.0818101
1767.77	0.0785881
1773.21	0.0749899
1778.65	0.071814
1784.09	0.0685705
1789.53	0.0665356
1794.97	0.0637167
1800.41	0.060439
1805.85	0.0573893
1811.29	0.0549018
1816.73	0.0527767
1822.17	0.0501782
1827.61	0.0476155
1833.05	0.0455285
1838.49	0.0427781
1843.93	0.0406201
1849.36	0.0388943
1854.8	0.0365097
1860.24	0.0344218
1865.68	0.0324413
1871.12	0.0308032
1876.56	0.0290471
1882	0.0273354
1887.44	0.0255813
1892.88	0.0241898
1898.32	0.0223655
1903.76	0.0210553
1909.2	0.0192827
1914.64	0.0183842
1920.08	0.017442
1925.51	0.0162229
1930.95	0.0154678
1936.39	0.0142105
1941.83	0.0131505
1947.27	0.0122299
1952.71	0.0115623
1958.15	0.0107085
1963.59	0.0100436
1969.03	0.00928396
1974.47	0.00851633
1979.91	0.00792614
1985.35	0.00748447
1990.79	0.00702516
1996.23	0.00668568
2001.67	0.00612219
2007.1	0.00565975
2012.54	0.00513576
2017.98	0.00477434
2023.42	0.00436709
2028.86	0.00400887
2034.3	0.00369898
2039.74	0.00341131
2045.18	0.00330883
2050.62	0.00278506
2056.06	0.00263885
2061.5	0.00256457
2066.94	0.00226291
2072.38	0.00207113
2077.82	0.00199873
2083.25	0.00178465
2088.69	0.0015828
2094.13	0.00158974
2099.57	0.00146187
2105.01	0.00149124
2110.45	0.00122252
2115.89	0.00115438
2121.33	0.00117501
2126.77	0.00103457
2132.21	0.000903903
2137.65	0.00082135
2143.09	0.000778864
2148.53	0.000799487
2153.97	0.000714475
2159.41	0.000599544
2164.84	0.000640694
2170.28	0.000535943
2175.72	0.000468992
2181.16	0.000438245
2186.6	0.000409218
2192.04	0.000385904
2197.48	0.00038674
2202.92	0.000403355
2208.36	0.00032424
2213.8	0.00026155
2219.24	0.000255174
2224.68	0.000225979
2230.12	0.000244424
2235.56	0.00023462
2240.99	0.000204137
2246.43	0.000193092
2251.87	0.000155228
2257.31	0.000179326
2262.75	0.0001933
2268.19	0.000168928
2273.63	0.00017304
2279.07	0.000150115
2284.51	0.000158839
2289.95	0.000132266
2295.39	0.000113207
2300.83	9.08395e-05
2306.27	0.000111627
2311.71	9.79177e-05
2317.15	0.000102534
2322.58	8.78959e-05
2328.02	0.000101896
2333.46	8.35862e-05
2338.9	6.16317e-05
2344.34	5.51924e-05
2349.78	6.20318e-05
2355.22	5.43368e-05
2360.66	5.8378e-05
2366.1	6.22533e-05
2371.54	7.98053e-05
2376.98	6.51936e-05
2382.42	5.36196e-05
2387.86	5.55668e-05
2393.3	4.70876e-05
2398.73	3.26651e-05
2404.17	3.98765e-05
2409.61	4.45398e-05
2415.05	4.70073e-05
2420.49	2.43971e-05
2425.93	2.14487e-05
2431.37	2.66113e-05
2436.81	1.50858e-05
2442.25	1.56403e-05
2447.69	1.44053e-05
2453.13	2.47649e-05
2458.57	8.45619e-06
2464.01	1.54547e-05
2469.45	1.19175e-05
2474.88	1.17525e-05
2480.32	7.47928e-06
2485.76	1.10069e-05
2491.2	8.40168e-06
2496.64	8.75163e-06
2502.08	8.37889e-06
2507.52	6.09718e-06
2512.96	5.3412e-06
2518.4	3.9878e-06
2523.84	6.63789e-06
2529.28	4.20903e-06
2534.72	4.6003e-06
2540.16	9.64629e-06
2545.6	6.3319e-06
2551.04	4.37276e-06
2556.47	4.04386e-06
2561.91	6.12965e-06
2567.35	5.02396e-06
2572.79	3.20584e-06
2578.23	6.38239e-06
2583.67	2.50399e-05
2589.11	1.1805e-05
2594.55	1.0359e-05
2599.99	1.24048e-05
2605.43	8.80121e-06
2610.87	1.21851e-05
2616.31	1.56317e-05
2621.75	1.31686e-05
2627.19	3.80873e-06
2632.62	1.57469e-06
2638.06	2.15172e-06
2643.5	8.73694e-07
2648.94	2.74075e-06
2654.38	1.16755e-06
2659.82	5.28842e-06
2665.26	8.53099e-08
2670.7	0
2676.14	1.6873e-06
2681.58	6.8177e-07
2687.02	4.1511e-08
2692.46	8.25866e-07
2697.9	4.01398e-07
2703.34	0
2708.78	1.44113e-06
2714.21	8.37743e-07
