1.77637e-2 9.96905e-1
3.04603e-2 9.96803e-1
4.50619e-2 9.95724e-1
5.88603e-2 9.93886e-1
7.26571e-2 9.92501e-1
8.64557e-2 9.90607e-1
1.00254e-1 9.88770e-1
1.14055e-1 9.86367e-1
1.27853e-1 9.84472e-1
1.41652e-1 9.82465e-1
1.55452e-1 9.80232e-1
1.69254e-1 9.77659e-1
1.83056e-1 9.74690e-1
1.96862e-1 9.70816e-1
2.10664e-1 9.68187e-1
2.24466e-1 9.65331e-1
2.38266e-1 9.63041e-1
2.52068e-1 9.60355e-1
2.65871e-1 9.57217e-1
2.79673e-1 9.54474e-1
2.93476e-1 9.51506e-1
3.07278e-1 9.48593e-1
3.21081e-1 9.45455e-1
3.34890e-1 9.40959e-1
3.48695e-1 9.37424e-1
3.62495e-1 9.34965e-1
3.76300e-1 9.31543e-1
3.90103e-1 9.28348e-1
4.03909e-1 9.24588e-1
4.17713e-1 9.21110e-1
4.31518e-1 9.17745e-1
4.45322e-1 9.14211e-1
4.59130e-1 9.10054e-1
4.72560e-1 9.05918e-1
4.86750e-1 9.00101e-1
5.00557e-1 8.96057e-1
5.14365e-1 8.91561e-1
5.28172e-1 8.87404e-1
5.41401e-1 8.83075e-1
5.55790e-1 8.78186e-1
5.69598e-1 8.73747e-1
5.83407e-1 8.69194e-1
5.97220e-1 8.63454e-1
6.11029e-1 8.58675e-1
6.24846e-1 8.51973e-1
6.38663e-1 8.45158e-1
6.52475e-1 8.39813e-1
6.66290e-1 8.33451e-1
6.80102e-1 8.27993e-1
6.93918e-1 8.21518e-1
7.07734e-1 8.14985e-1
7.21552e-1 8.08000e-1
7.35369e-1 8.01242e-1
7.49191e-1 7.93126e-1
7.63010e-1 7.85745e-1
7.76844e-1 7.74461e-1
7.90674e-1 7.64309e-1
8.04501e-1 7.54779e-1
8.18331e-1 7.44626e-1
8.32162e-1 7.33965e-1
8.45994e-1 7.23134e-1
8.59831e-1 7.11171e-1
8.73042e-1 6.98656e-1
8.85000e-1 6.86169e-1
8.96336e-1 6.72343e-1
9.07668e-1 6.59554e-1
9.17124e-1 6.45492e-1
