3.93384e-3 1.00253e+1
1.40155e-2 9.56962e+0
2.76016e-2 9.21257e+0
3.82951e-2 8.85980e+0
4.98102e-2 8.47275e+0
6.29773e-2 8.08502e+0
7.53195e-2 7.70642e+0
8.93159e-2 7.34461e+0
1.04962e-1 6.96421e+0
1.18956e-1 6.58564e+0
1.32955e-1 6.24557e+0
1.48606e-1 5.89927e+0
1.65908e-1 5.55293e+0
1.84038e-1 5.21844e+0
2.02171e-1 4.91096e+0
2.20312e-1 4.66497e+0
2.38454e-1 4.42198e+0
2.56597e-1 4.18948e+0
2.74743e-1 3.98549e+0
2.92889e-1 3.77700e+0
3.11038e-1 3.59101e+0
3.29188e-1 3.41852e+0
3.47341e-1 3.26252e+0
3.65495e-1 3.12453e+0
3.83655e-1 3.02253e+0
4.01812e-1 2.90554e+0
4.19969e-1 2.78104e+0
4.38125e-1 2.65805e+0
4.56282e-1 2.53805e+0
4.74442e-1 2.43455e+0
4.92600e-1 2.32356e+0
5.10760e-1 2.22606e+0
5.28920e-1 2.13457e+0
5.47085e-1 2.07457e+0
5.65246e-1 1.98907e+0
5.83409e-1 1.91107e+0
6.01571e-1 1.82708e+0
6.19732e-1 1.74458e+0
6.37897e-1 1.68308e+0
6.56059e-1 1.60509e+0
6.74224e-1 1.54509e+0
6.92387e-1 1.47609e+0
7.10557e-1 1.45659e+0
7.28724e-1 1.41559e+0
7.46891e-1 1.36825e+0
7.65052e-1 1.28260e+0
7.83216e-1 1.21510e+0
8.01383e-1 1.17310e+0
8.18264e-1 1.12527e+0
8.37713e-1 1.06061e+0
8.55881e-1 1.02311e+0
8.74052e-1 1.02011e+0
8.92222e-1 9.94611e-1
9.10386e-1 9.33114e-1
9.28555e-1 9.03115e-1
9.40942e-1 8.80991e-1
