2.06049e-2 9.92726e-1
5.05837e-2 9.57084e-1
9.05554e-2 9.11544e-1
1.71737e-1 8.55587e-1
2.21790e-1 8.06971e-1
2.51680e-1 7.76103e-1
2.90011e-1 7.43734e-1
3.21182e-1 7.21153e-1
3.52217e-1 6.96624e-1
3.81457e-1 6.74873e-1
4.05710e-1 6.58094e-1
4.28477e-1 6.40629e-1
4.58496e-1 6.25849e-1
4.93227e-1 6.10803e-1
5.17378e-1 5.93933e-1
5.44807e-1 5.76795e-1
5.74095e-1 5.59530e-1
6.09121e-1 5.43387e-1
6.47891e-1 5.26893e-1
6.78960e-1 5.09461e-1
7.06398e-1 4.94888e-1
7.39417e-1 4.79172e-1
7.70510e-1 4.63627e-1
8.01591e-1 4.48421e-1
8.28987e-1 4.35095e-1
8.58259e-1 4.21884e-1
8.89472e-1 4.09545e-1
9.20618e-1 3.96832e-1
9.52015e-1 3.83817e-1
9.94309e-1 3.72608e-1
1.02381e+0 3.63547e-1
1.05124e+0 3.53135e-1
1.08244e+0 3.42641e-1
1.11363e+0 3.32460e-1
1.14670e+0 3.22307e-1
1.17186e+0 3.13899e-1
1.20587e+0 3.04715e-1
1.25279e+0 2.95738e-1
1.27938e+0 2.88018e-1
1.31248e+0 2.79553e-1
1.34178e+0 2.71276e-1
1.36932e+0 2.64210e-1
1.40271e+0 2.56245e-1
1.42945e+0 2.49515e-1
1.45555e+0 2.42961e-1
1.49159e+0 2.36384e-1
1.52202e+0 2.28500e-1
1.55364e+0 2.23386e-1
1.59210e+0 2.17556e-1
1.62061e+0 2.12042e-1
1.65282e+0 2.06111e-1
1.72524e+0 1.95850e-1
1.77565e+0 1.86532e-1
1.84683e+0 1.77228e-1
1.90759e+0 1.68387e-1
1.96834e+0 1.59987e-1
2.02883e+0 1.50898e-1
2.08985e+0 1.44423e-1
2.13053e+0 1.40262e-1
2.16059e+0 1.35556e-1
2.22511e+0 1.30720e-1
2.24788e+0 1.27250e-1
2.28483e+0 1.23669e-1
2.31712e+0 1.20488e-1
2.34952e+0 1.17715e-1
2.38729e+0 1.14002e-1
2.42234e+0 1.10787e-1
2.46028e+0 1.07762e-1
2.50687e+0 1.05157e-1
2.54412e+0 1.03023e-1
