3.12152e-2 9.08978e-1
3.60714e-2 9.31803e-1
4.10951e-2 8.87655e-1
4.45956e-2 9.61511e-1
7.03923e-2 8.70212e-1
9.40162e-2 8.17733e-1
9.79398e-2 8.42333e-1
1.15850e-1 7.96389e-1
1.49396e-1 7.68857e-1
1.54037e-1 7.50034e-1
1.86770e-1 7.28373e-1
2.15527e-1 6.97862e-1
2.24360e-1 6.85202e-1
2.42050e-1 6.61008e-1
2.50464e-1 6.41544e-1
2.68666e-1 6.27700e-1
2.99733e-1 6.06889e-1
3.18627e-1 5.89568e-1
3.44667e-1 5.65670e-1
3.58712e-1 5.48001e-1
3.93245e-1 5.31925e-1
4.10942e-1 5.13228e-1
4.22136e-1 5.03732e-1
4.38222e-1 4.89917e-1
4.61747e-1 4.74407e-1
4.89705e-1 4.55404e-1
5.07673e-1 4.42702e-1
5.21051e-1 4.32227e-1
5.35406e-1 4.22336e-1
5.57590e-1 4.15308e-1
5.79165e-1 4.01595e-1
5.99093e-1 3.91044e-1
6.21025e-1 3.81872e-1
6.52204e-1 3.70360e-1
6.81340e-1 3.57762e-1
7.07877e-1 3.47998e-1
7.28270e-1 3.38762e-1
7.53341e-1 3.29132e-1
7.73804e-1 3.21019e-1
7.96021e-1 3.11858e-1
8.21510e-1 3.02523e-1
8.49385e-1 2.97424e-1
8.76877e-1 2.89345e-1
9.04304e-1 2.80985e-1
9.19298e-1 2.74596e-1
9.49916e-1 2.66840e-1
9.80981e-1 2.57983e-1
1.01030e+0 2.50484e-1
1.03772e+0 2.43202e-1
1.06884e+0 2.35452e-1
1.09999e+0 2.28202e-1
1.13793e+0 2.22013e-1
1.17789e+0 2.14828e-1
1.20940e+0 2.09341e-1
1.23645e+0 2.03842e-1
1.26925e+0 1.98765e-1
1.30296e+0 1.93577e-1
1.33790e+0 1.87576e-1
1.38257e+0 1.82895e-1
1.42961e+0 1.78035e-1
1.46574e+0 1.71617e-1
1.50737e+0 1.66501e-1
1.54439e+0 1.62084e-1
1.57482e+0 1.58063e-1
1.61374e+0 1.53939e-1
1.64630e+0 1.51065e-1
1.68792e+0 1.46488e-1
1.73048e+0 1.42010e-1
1.77131e+0 1.38313e-1
1.81776e+0 1.34413e-1
1.87372e+0 1.30682e-1
1.93898e+0 1.26584e-1
2.00018e+0 1.21745e-1
2.05120e+0 1.17950e-1
2.11571e+0 1.14078e-1
2.16228e+0 1.11256e-1
2.21352e+0 1.08240e-1
2.27433e+0 1.05534e-1
2.33518e+0 1.02996e-1
2.33944e+0 1.01615e-1
