1.25138e-4 9.97468e+0
1.34123e-3 9.56962e+0
3.62037e-3 9.00032e+0
6.28259e-3 8.55696e+0
1.12817e-2 8.00000e+0
1.37845e-2 7.74684e+0
2.07481e-2 7.27586e+0
2.45561e-2 6.90738e+0
2.89192e-2 6.57326e+0
3.38247e-2 6.17481e+0
4.03772e-2 5.73592e+0
4.61091e-2 5.33994e+0
5.34863e-2 4.89116e+0
6.08764e-2 4.54385e+0
6.82638e-2 4.17509e+0
7.73000e-2 3.78075e+0
8.79929e-2 3.42366e+0
1.00342e-1 3.10015e+0
1.15161e-1 2.71489e+0
1.32465e-1 2.37606e+0
1.50602e-1 2.09557e+0
1.68744e-1 1.85708e+0
1.86892e-1 1.66958e+0
2.05045e-1 1.51359e+0
2.23205e-1 1.41759e+0
2.41363e-1 1.30660e+0
2.59522e-1 1.19860e+0
2.77681e-1 1.09961e+0
2.95843e-1 1.01411e+0
3.14004e-1 9.27114e-1
3.32166e-1 8.49117e-1
3.50336e-1 8.30689e-1
3.68498e-1 7.44221e-1
3.86664e-1 6.99873e-1
4.04831e-1 6.54125e-1
4.22998e-1 6.12127e-1
4.41164e-1 5.67128e-1
4.59336e-1 5.63128e-1
4.77503e-1 5.19130e-1
4.95672e-1 4.98131e-1
5.13839e-1 4.56133e-1
5.32010e-1 4.39633e-1
5.50188e-1 4.87031e-1
5.68355e-1 4.47133e-1
5.86526e-1 4.33634e-1
6.04696e-1 4.20134e-1
6.22865e-1 3.90135e-1
6.41037e-1 3.87135e-1
6.59756e-1 3.58970e-1
6.82049e-1 3.54430e-1
6.99793e-1 3.54430e-1
7.23631e-1 3.33888e-1
7.50484e-1 3.03797e-1
7.73187e-1 2.97139e-1
7.96111e-1 3.03797e-1
8.11320e-1 3.03797e-1
8.27700e-1 2.62640e-1
8.45870e-1 2.43141e-1
8.64043e-1 2.53641e-1
8.82217e-1 2.64140e-1
9.00386e-1 2.41641e-1
9.12776e-1 2.41641e-1
