3.33282e-4 -7.82828e-1
3.10209e-3 -7.37374e-1
8.43460e-3 -6.86869e-1
1.37671e-2 -6.36364e-1
2.15608e-2 -6.01010e-1
3.19102e-2 -5.65630e-1
4.20243e-2 -5.28326e-1
5.37841e-2 -4.92668e-1
6.72082e-2 -4.55021e-1
8.31057e-2 -4.18908e-1
1.01463e-1 -3.87040e-1
1.19804e-1 -3.58314e-1
1.38128e-1 -3.33029e-1
1.56435e-1 -3.10886e-1
1.74736e-1 -2.90089e-1
1.93024e-1 -2.71836e-1
2.11295e-1 -2.57024e-1
2.29583e-1 -2.38771e-1
2.47847e-1 -2.25306e-1
2.66103e-1 -2.13187e-1
2.84360e-1 -2.01068e-1
3.02605e-1 -1.91343e-1
3.20859e-1 -1.79823e-1
3.39100e-1 -1.70846e-1
3.57341e-1 -1.61719e-1
3.75575e-1 -1.54089e-1
3.93827e-1 -1.43017e-1
4.12064e-1 -1.34788e-1
4.30289e-1 -1.28953e-1
4.48524e-1 -1.21173e-1
4.66743e-1 -1.16535e-1
4.84982e-1 -1.07876e-1
5.03204e-1 -1.02639e-1
5.21419e-1 -9.87492e-2
5.39637e-1 -9.43922e-2
5.57871e-1 -8.66122e-2
5.76094e-1 -8.12261e-2
5.92755e-1 -7.57576e-2
6.08009e-1 -7.07071e-2
6.25801e-1 -6.56566e-2
6.46119e-1 -6.31313e-2
6.67167e-1 -6.22431e-2
6.85372e-1 -6.04477e-2
7.03572e-1 -5.93822e-2
7.21803e-1 -5.23503e-2
7.40004e-1 -5.13030e-2
7.58214e-1 -4.84603e-2
7.76411e-1 -4.80115e-2
7.94633e-1 -4.27749e-2
8.12834e-1 -4.17276e-2
8.31032e-1 -4.11292e-2
8.49235e-1 -3.96330e-2
8.67443e-1 -3.72392e-2
8.85649e-1 -3.51445e-2
9.03845e-1 -3.49949e-2
9.22056e-1 -3.18530e-2
