1.28267e-2 9.94826e+0
3.09827e-2 9.81983e+0
4.91436e-2 9.73026e+0
6.73062e-2 9.65377e+0
8.54661e-2 9.55627e+0
1.03625e-1 9.45278e+0
1.21785e-1 9.35678e+0
1.39945e-1 9.25778e+0
1.58600e-1 9.15129e+0
1.76263e-1 9.04629e+0
1.94423e-1 8.94730e+0
2.12583e-1 8.85580e+0
2.30746e-1 8.77780e+0
2.48904e-1 8.66981e+0
2.67063e-1 8.56181e+0
2.85221e-1 8.45382e+0
3.03380e-1 8.34732e+0
3.21538e-1 8.23332e+0
3.39697e-1 8.12833e+0
3.57855e-1 8.01583e+0
3.76017e-1 7.93334e+0
3.94179e-1 7.85234e+0
4.12336e-1 7.73534e+0
4.30494e-1 7.62285e+0
4.48653e-1 7.51635e+0
4.66813e-1 7.41736e+0
4.84971e-1 7.30486e+0
5.03129e-1 7.19387e+0
5.21288e-1 7.08587e+0
5.39449e-1 7.00187e+0
5.57609e-1 6.90138e+0
5.75767e-1 6.79188e+0
5.93925e-1 6.67639e+0
6.12084e-1 6.56839e+0
6.30242e-1 6.45739e+0
6.47698e-1 6.39747e+0
6.66558e-1 6.23665e+0
6.86364e-1 6.08841e+0
7.04524e-1 5.99541e+0
7.22683e-1 5.88742e+0
7.40840e-1 5.76892e+0
7.58997e-1 5.64443e+0
7.77153e-1 5.51843e+0
7.95310e-1 5.39994e+0
8.13467e-1 5.27694e+0
8.31623e-1 5.15095e+0
8.49779e-1 5.01895e+0
8.67940e-1 4.92896e+0
8.86096e-1 4.80446e+0
9.04252e-1 4.67097e+0
9.22408e-1 4.54497e+0
9.40564e-1 4.41598e+0
9.57894e-1 4.28728e+0
