-1.43344e-3 1.00001e+0
2.22204e-2 9.76408e-1
3.89306e-2 9.59097e-1
5.02542e-2 9.48524e-1
6.40939e-2 9.35713e-1
7.79305e-2 9.23694e-1
9.17682e-2 9.11393e-1
1.05606e-1 8.99204e-1
1.19444e-1 8.86676e-1
1.33282e-1 8.74431e-1
1.47118e-1 8.62355e-1
1.60955e-1 8.50449e-1
1.74791e-1 8.38543e-1
1.88635e-1 8.24545e-1
2.02472e-1 8.12582e-1
2.16306e-1 8.01186e-1
2.30144e-1 7.88884e-1
2.43983e-1 7.76243e-1
2.57194e-1 7.63648e-1
2.70407e-1 7.51009e-1
2.84243e-1 7.39160e-1
2.98078e-1 7.27367e-1
3.11914e-1 7.15687e-1
3.25122e-1 7.04027e-1
3.38337e-1 6.90567e-1
3.50920e-1 6.78565e-1
3.63503e-1 6.66570e-1
3.77337e-1 6.55173e-1
3.91176e-1 6.42702e-1
4.05011e-1 6.31022e-1
4.18847e-1 6.19173e-1
4.32687e-1 6.06305e-1
4.46522e-1 5.94739e-1
4.60358e-1 5.82890e-1
4.72312e-1 5.71304e-1
4.84268e-1 5.59337e-1
4.98104e-1 5.47658e-1
5.11314e-1 5.35318e-1
5.25385e-1 5.25345e-1
5.32092e-1 5.11271e-1
5.45915e-1 5.02929e-1
5.59755e-1 4.89892e-1
5.73594e-1 4.77420e-1
5.87431e-1 4.65119e-1
6.01271e-1 4.52308e-1
6.13851e-1 4.41129e-1
6.26443e-1 4.26727e-1
6.40282e-1 4.13916e-1
6.54120e-1 4.01727e-1
6.67332e-1 3.89009e-1
6.80546e-1 3.75872e-1
6.94388e-1 3.62439e-1
7.07601e-1 3.49499e-1
7.20817e-1 3.35961e-1
7.34036e-1 3.21291e-1
7.47248e-1 3.08860e-1
7.59833e-1 2.96161e-1
7.72422e-1 2.82431e-1
7.86265e-1 2.68885e-1
7.99481e-1 2.55244e-1
8.12697e-1 2.41502e-1
8.25917e-1 2.26725e-1
8.39135e-1 2.12479e-1
8.52351e-1 1.98889e-1
8.64940e-1 1.85278e-1
8.78156e-1 1.71485e-1
8.91377e-1 1.56572e-1
9.03334e-1 1.44195e-1
9.15299e-1 1.29779e-1
