1.58499e-1 9.05675e-1
1.83477e-1 8.82910e-1
2.13636e-1 8.60772e-1
2.38065e-1 8.39743e-1
2.90059e-1 8.26992e-1
3.50223e-1 7.99000e-1
3.85086e-1 7.76964e-1
4.27396e-1 7.56786e-1
4.69215e-1 7.37903e-1
5.11071e-1 7.20198e-1
5.61856e-1 7.00308e-1
6.08852e-1 6.82759e-1
6.61080e-1 6.65031e-1
6.96286e-1 6.49036e-1
7.54236e-1 6.32608e-1
8.00010e-1 6.19475e-1
8.56053e-1 6.03645e-1
9.02558e-1 5.87561e-1
9.49102e-1 5.72519e-1
9.95625e-1 5.57552e-1
1.02910e+0 5.43091e-1
1.06962e+0 5.27893e-1
1.11620e+0 5.14949e-1
1.16749e+0 5.01712e-1
1.22352e+0 4.88726e-1
1.27951e+0 4.75549e-1
1.33089e+0 4.64422e-1
1.38214e+0 4.52082e-1
1.43348e+0 4.41048e-1
1.48471e+0 4.29059e-1
1.54077e+0 4.18263e-1
1.61301e+0 4.11762e-1
1.64440e+0 4.01192e-1
1.69910e+0 3.91035e-1
1.75097e+0 3.80048e-1
1.81186e+0 3.71300e-1
1.86796e+0 3.62359e-1
1.92405e+0 3.53634e-1
1.98011e+0 3.44736e-1
2.03621e+0 3.36435e-1
2.09694e+0 3.27305e-1
2.15773e+0 3.18952e-1
2.21851e+0 3.10698e-1
2.28403e+0 3.02595e-1
2.35439e+0 2.95429e-1
2.41992e+0 2.87838e-1
2.47605e+0 2.81167e-1
2.53220e+0 2.74803e-1
2.59308e+0 2.68393e-1
2.65396e+0 2.62215e-1
2.71483e+0 2.56072e-1
2.78046e+0 2.50106e-1
2.85071e+0 2.43507e-1
2.93044e+0 2.36916e-1
3.00553e+0 2.31231e-1
3.07584e+0 2.25438e-1
3.15098e+0 2.20288e-1
3.21665e+0 2.15463e-1
3.28697e+0 2.10135e-1
3.36671e+0 2.04536e-1
3.44177e+0 1.99420e-1
3.51686e+0 1.94621e-1
3.59195e+0 1.89938e-1
3.67654e+0 1.85343e-1
3.76584e+0 1.80718e-1
3.85235e+0 1.77293e-1
3.98186e+0 1.69083e-1
4.06638e+0 1.64731e-1
4.15107e+0 1.61205e-1
4.23564e+0 1.57269e-1
4.32500e+0 1.53587e-1
4.41432e+0 1.49794e-1
4.49896e+0 1.46408e-1
4.58356e+0 1.42938e-1
4.66820e+0 1.39706e-1
4.76228e+0 1.36302e-1
4.86578e+0 1.32744e-1
4.96941e+0 1.29723e-1
5.07292e+0 1.26349e-1
5.16237e+0 1.23666e-1
5.31787e+0 1.19648e-1
5.42138e+0 1.16536e-1
5.52501e+0 1.13895e-1
5.62859e+0 1.11134e-1
5.73219e+0 1.08517e-1
5.83592e+0 1.06337e-1
5.91611e+0 1.04797e-1
