1.07430e-3 9.98781e-1
1.61678e-2 9.90104e-1
2.86547e-2 9.86530e-1
4.26262e-2 9.76590e-1
5.64486e-2 9.68360e-1
7.02723e-2 9.59792e-1
8.40948e-2 9.51563e-1
9.79166e-2 9.43503e-1
1.11738e-1 9.35557e-1
1.25560e-1 9.27384e-1
1.39385e-1 9.18533e-1
1.53206e-1 9.10643e-1
1.67030e-1 9.02131e-1
1.80853e-1 8.93562e-1
1.94684e-1 8.83184e-1
2.08507e-1 8.74785e-1
2.22332e-1 8.65820e-1
2.36154e-1 8.57761e-1
2.49977e-1 8.49418e-1
2.63801e-1 8.40737e-1
2.77626e-1 8.31772e-1
2.91450e-1 8.23147e-1
3.05274e-1 8.14578e-1
3.19101e-1 8.05161e-1
3.32935e-1 7.93821e-1
3.46762e-1 7.84234e-1
3.60588e-1 7.75213e-1
3.74417e-1 7.65061e-1
3.88246e-1 7.55022e-1
4.02073e-1 7.45605e-1
4.15900e-1 7.36357e-1
4.29727e-1 7.26771e-1
4.43553e-1 7.17636e-1
4.57379e-1 7.08502e-1
4.71208e-1 6.98463e-1
4.85044e-1 6.86670e-1
4.98877e-1 6.75500e-1
5.12707e-1 6.65404e-1
5.27401e-1 6.56166e-1
5.39845e-1 6.44860e-1
5.54195e-1 6.35116e-1
5.68024e-1 6.25077e-1
5.81855e-1 6.14529e-1
5.95688e-1 6.03528e-1
6.09520e-1 5.92697e-1
6.23360e-1 5.79943e-1
6.37195e-1 5.68433e-1
6.51029e-1 5.56923e-1
6.64863e-1 5.45752e-1
6.78702e-1 5.33054e-1
6.91914e-1 5.20573e-1
7.05124e-1 5.08443e-1
7.18960e-1 4.96481e-1
7.32800e-1 4.83726e-1
7.46640e-1 4.70689e-1
7.59223e-1 4.58763e-1
7.71815e-1 4.44260e-1
7.85656e-1 4.30997e-1
7.98870e-1 4.17888e-1
8.12087e-1 4.03840e-1
8.25302e-1 3.90426e-1
8.38522e-1 3.75722e-1
8.51744e-1 3.60537e-1
8.63704e-1 3.47413e-1
8.74414e-1 3.33316e-1
8.84492e-1 3.20545e-1
8.95197e-1 3.07787e-1
9.05273e-1 2.95741e-1
9.13464e-1 2.84533e-1
