1.26942e-2 -7.93844e-1
3.15927e-2 -7.91092e-1
4.97932e-2 -7.90079e-1
6.79952e-2 -7.88784e-1
8.61942e-2 -7.88058e-1
1.04395e-1 -7.86961e-1
1.22614e-1 -7.82323e-1
1.40809e-1 -7.82323e-1
1.59005e-1 -7.82323e-1
1.77201e-1 -7.82174e-1
1.95404e-1 -7.80677e-1
2.13602e-1 -7.80079e-1
2.31816e-1 -7.76339e-1
2.50015e-1 -7.75740e-1
2.68212e-1 -7.75441e-1
2.86415e-1 -7.73945e-1
3.04612e-1 -7.73496e-1
3.22813e-1 -7.72449e-1
3.41009e-1 -7.72299e-1
3.59212e-1 -7.70803e-1
3.77416e-1 -7.69157e-1
3.95626e-1 -7.66165e-1
4.13823e-1 -7.65866e-1
4.32018e-1 -7.65866e-1
4.50218e-1 -7.64968e-1
4.68417e-1 -7.64220e-1
4.86613e-1 -7.64220e-1
5.04808e-1 -7.64220e-1
5.23003e-1 -7.64220e-1
5.41200e-1 -7.64070e-1
5.59419e-1 -7.59282e-1
5.77615e-1 -7.59282e-1
5.95810e-1 -7.59282e-1
6.14006e-1 -7.59133e-1
6.32208e-1 -7.57786e-1
6.50413e-1 -7.55991e-1
6.68601e-1 -7.57337e-1
6.86800e-1 -7.56739e-1
7.04992e-1 -7.57288e-1
7.23198e-1 -7.55243e-1
7.41393e-1 -7.55243e-1
7.59585e-1 -7.55991e-1
7.77780e-1 -7.55991e-1
7.95975e-1 -7.55991e-1
8.14171e-1 -7.55991e-1
8.32359e-1 -7.57337e-1
8.50545e-1 -7.59282e-1
8.68738e-1 -7.59731e-1
8.86952e-1 -7.55991e-1
9.05144e-1 -7.56739e-1
9.18364e-1 -7.59282e-1
