4.59531e-3 9.59384e-1
7.53136e-3 9.40300e-1
1.27204e-2 9.27362e-1
2.41581e-2 8.86424e-1
2.71122e-2 8.70236e-1
3.06347e-2 8.56790e-1
3.48369e-2 8.42107e-1
4.81719e-2 8.13007e-1
5.38500e-2 7.92264e-1
7.35952e-2 7.42659e-1
7.60750e-2 7.27776e-1
8.35075e-2 7.07255e-1
8.98933e-2 6.95206e-1
9.69891e-2 6.74444e-1
1.06427e-1 6.47135e-1
1.12530e-1 6.29125e-1
1.22283e-1 6.16200e-1
1.35528e-1 5.82253e-1
1.46636e-1 5.56822e-1
1.55853e-1 5.39628e-1
1.58837e-1 5.24008e-1
1.66607e-1 5.13771e-1
1.85483e-1 4.80119e-1
1.94743e-1 4.61993e-1
2.03871e-1 4.39758e-1
2.18528e-1 4.23963e-1
2.25929e-1 4.08720e-1
2.39163e-1 3.90347e-1
2.50983e-1 3.81008e-1
2.60811e-1 3.67999e-1
2.81455e-1 3.46230e-1
2.91826e-1 3.33304e-1
3.00214e-1 3.25563e-1
3.09658e-1 3.14627e-1
3.24747e-1 3.02955e-1
3.37954e-1 2.91847e-1
3.51537e-1 2.75885e-1
3.71267e-1 2.68457e-1
3.82181e-1 2.55649e-1
3.94630e-1 2.51305e-1
4.02706e-1 2.43254e-1
4.16510e-1 2.39822e-1
4.26485e-1 2.28749e-1
4.40387e-1 2.25218e-1
4.54208e-1 2.17272e-1
4.68033e-1 2.08335e-1
4.81191e-1 1.97309e-1
4.95104e-1 1.86574e-1
5.07077e-1 1.82138e-1
5.27257e-1 1.73803e-1
5.42147e-1 1.70756e-1
5.55967e-1 1.63205e-1
5.69793e-1 1.54128e-1
5.83606e-1 1.48218e-1
5.97420e-1 1.42216e-1
6.11232e-1 1.36737e-1
6.25042e-1 1.31845e-1
6.38862e-1 1.24238e-1
6.52676e-1 1.18441e-1
6.66486e-1 1.13323e-1
6.80300e-1 1.07526e-1
6.94103e-1 1.04331e-1
7.07915e-1 9.90427e-2
7.21729e-1 9.29629e-2
7.35542e-1 8.73356e-2
7.49354e-1 8.19346e-2
7.63168e-1 7.57982e-2
7.76978e-1 7.09063e-2
7.90784e-1 6.69194e-2
8.04595e-1 6.17446e-2
8.18403e-1 5.75314e-2
8.32213e-1 5.25829e-2
8.46021e-1 4.82566e-2
8.59830e-1 4.35909e-2
8.73636e-1 3.95474e-2
8.87447e-1 3.45423e-2
9.01257e-1 2.95373e-2
9.15070e-1 2.37969e-2
