

  **** PARTIAL WAVE ANALYSIS (DPWA0) ******************************************


  KINETIC ENERGY = 2.50000E+04 eV

      L       PHASE(SPIN UP)     PHASE(SPIN DOWN)
  -----------------------------------------------
       0      5.53070389E-01      0.00000000E+00
       1      4.09638797E-01      4.15417239E-01
       2      3.38611050E-01      3.41585108E-01
       3      2.92135373E-01      2.94122520E-01
       4      2.58033921E-01      2.59510966E-01
       5      2.31386541E-01      2.32550994E-01
       6      2.09713913E-01      2.10667157E-01
       7      1.91590486E-01      1.92391632E-01
       8      1.76121121E-01      1.76807690E-01
       9      1.62707161E-01      1.63304466E-01
      10      1.50928808E-01      1.51454725E-01
      11      1.40480614E-01      1.40948227E-01
      12      1.31133646E-01      1.31552812E-01
      13      1.22712094E-01      1.23090417E-01
      14      1.15078156E-01      1.15421618E-01
      15      1.08121927E-01      1.08435316E-01
      16      1.01754421E-01      1.02041626E-01
      17      9.59026324E-02      9.61668543E-02
      18      9.05059657E-02      9.07498668E-02
      19      8.55135969E-02      8.57394160E-02
      20      8.08824975E-02      8.10921343E-02
      21      7.65759287E-02      7.67710086E-02
      22      7.25622791E-02      7.27442033E-02
      23      6.88141563E-02      6.89841412E-02
      24      6.53076704E-02      6.54667787E-02
      25      6.20218618E-02      6.21710272E-02
      26      5.89382407E-02      5.90782881E-02
      27      5.60404135E-02      5.61720752E-02
      28      5.33137768E-02      5.34377062E-02
      29      5.07452656E-02      5.08620478E-02
      30      4.83231442E-02      4.84333053E-02
      31      4.60368311E-02      4.61408462E-02
      32      4.38767531E-02      4.39750521E-02
      33      4.18342204E-02      4.19271941E-02
      34      3.99013222E-02      3.99893266E-02
      35      3.80708361E-02      3.81541965E-02
      36      3.63361511E-02      3.64151655E-02
      37      3.46912014E-02      3.47661434E-02
      38      3.31304085E-02      3.32015299E-02
      39      3.16486312E-02      3.17161641E-02
      40      3.02411220E-02      3.03052810E-02
      41      2.89034886E-02      2.89644722E-02
      42      2.76316604E-02      2.76896529E-02
      43      2.64218589E-02      2.64770311E-02
      44      2.52705708E-02      2.53230819E-02
      45      2.41745254E-02      2.42245234E-02
      46      2.31306729E-02      2.31782962E-02
      47      2.21361668E-02      2.21815442E-02
      48      2.11883460E-02      2.12315984E-02
      49      2.02847211E-02      2.03259613E-02
      50      1.94229598E-02      1.94622936E-02
      51      1.86008752E-02      1.86384019E-02
      52      1.78164149E-02      1.78522276E-02
      53      1.70676506E-02      1.71018370E-02
      54      1.63527693E-02      1.63854118E-02
      55      1.56700649E-02      1.57012409E-02
      56      1.50179307E-02      1.50477133E-02
      57      1.43948523E-02      1.44233103E-02
      58      1.37994015E-02      1.38265998E-02
      59      1.32302304E-02      1.32562303E-02
      60      1.26860660E-02      1.27109255E-02
      61      1.21657054E-02      1.21894792E-02
      62      1.16680112E-02      1.16907511E-02
      63      1.11919074E-02      1.12136623E-02
      64      1.07363755E-02      1.07571918E-02
      65      1.03004508E-02      1.03203724E-02
      66      9.88321938E-03      9.90228789E-03
      67      9.48381480E-03      9.50206969E-03
      68      9.10141528E-03      9.11889399E-03
      69      8.73524117E-03      8.75197922E-03
      70      8.38455237E-03      8.40058348E-03
      71      8.04864608E-03      8.06400228E-03
      72      7.72685470E-03      7.74156641E-03
      73      7.41854373E-03      7.43263987E-03
      74      7.12311002E-03      7.13661809E-03
      75      6.83997996E-03      6.85292611E-03
      76      6.56860784E-03      6.58101695E-03
      77      6.30847440E-03      6.32037015E-03
      78      6.05908529E-03      6.07049023E-03
      79      5.81996981E-03      5.83090541E-03
      80      5.59067964E-03      5.60116635E-03
      81      5.37078761E-03      5.38084493E-03
      82      5.15988665E-03      5.16953313E-03
      83      4.95758871E-03      4.96684207E-03
      84      4.76352375E-03      4.77240088E-03
      85      4.57733890E-03      4.58585590E-03
      86      4.39869749E-03      4.40686973E-03
      87      4.22727830E-03      4.23512043E-03
      88      4.06277473E-03      4.07030076E-03
      89      3.90489414E-03      3.91211743E-03
      90      3.75335706E-03      3.76029036E-03
      91      3.60789664E-03      3.61455214E-03
      92      3.46825797E-03      3.47464731E-03
      93      3.33419748E-03      3.34033179E-03
      94      3.20548249E-03      3.21137239E-03
      95      3.08189058E-03      3.08754623E-03  i
      96      2.96320913E-03      2.96864023E-03  i
      97      2.84923489E-03      2.85445074E-03  i
      98      2.73977348E-03      2.74478296E-03  i
      99      2.63463902E-03      2.63945061E-03  i
     100      2.53365370E-03      2.53827554E-03  i
     105      2.08526053E-03      2.08904368E-03  i
     110      1.71796141E-03      1.72106260E-03  i
     115      1.41667101E-03      1.41921654E-03  i
     120      1.16921468E-03      1.17130662E-03  i
     125      9.65739864E-04      9.67460938E-04  i
     130      7.98253841E-04      7.99671216E-04  i
     135      6.60258408E-04      6.61426751E-04  i
     140      5.46460111E-04      5.47423998E-04  i
     145      4.52539196E-04      4.53335031E-04  i
     150      3.74964871E-04      3.75622435E-04  i
     155      3.10846951E-04      3.11390635E-04  i
     160      2.57816487E-04      2.58266298E-04  i
     165      2.13929375E-04      2.14301741E-04  i
     170      1.77588363E-04      1.77896789E-04  i
     175      1.47479814E-04      1.47735412E-04  i
     180      1.22522306E-04      1.22734227E-04  i
     185      1.01824782E-04      1.02000572E-04  i
     190      8.46524453E-05      8.47983260E-05  i
     195      7.03988838E-05      7.05199941E-05  i
     200      5.85632792E-05      5.86638641E-05  i
     205      4.87317430E-05      4.88153118E-05  i
     210      4.05620125E-05      4.06314680E-05  i
     215      3.37708894E-05      3.38286342E-05  i
     220      2.81239162E-05      2.81719399E-05  i
     225      2.34268858E-05      2.34668369E-05  i
     230      1.95188523E-05      1.95520973E-05  i
     235      1.62663724E-05      1.62940445E-05  i
     240      1.35587575E-05      1.35817969E-05  i
     245      1.13041546E-05      1.13233417E-05  i
     250      9.42631154E-06      9.44229429E-06  i
     255      7.86190317E-06      7.87521976E-06  i
     260      6.55832111E-06      6.56941871E-06  i
     265      5.47184524E-06      5.48109556E-06  i
     270      4.56613028E-06      4.57384238E-06  i
     275      3.81095239E-06      3.81738331E-06  i
     280      3.18117072E-06      3.18653431E-06  i
     285      2.65586686E-06      2.66034106E-06  i
     290      2.21763086E-06      2.22136380E-06  i
     295      1.85196905E-06      1.85508405E-06  i
     300      1.54681243E-06      1.54941222E-06  i
     310      1.07948426E-06      1.08129598E-06  i
     320      7.53721457E-07      7.54984763E-07  i
     330      5.26512073E-07      5.27393428E-07  i
     340      3.67956597E-07      3.68571813E-07  i
     350      2.57255554E-07      2.57685203E-07  i
     360      1.79930084E-07      1.80230266E-07  i
     370      1.25893358E-07      1.26103183E-07  i
     380      8.81158180E-08      8.82625318E-08  i
     390      6.16948266E-08      6.17974634E-08  i
     400      4.32095561E-08      4.32813828E-08  i
     410      3.02719163E-08      3.03221926E-08  i
     420      2.12140181E-08      2.12492126E-08  i
     430      1.48703292E-08      1.48949891E-08  i
     440      1.04261255E-08      1.04433974E-08  i
     450      7.31223281E-09      7.32433157E-09  i
     460      5.12931870E-09      5.13781654E-09  i
     470      3.59867877E-09      3.60465210E-09  i
     480      2.52534537E-09      2.52951176E-09  i
     490      1.77233128E-09      1.77526291E-09  i
     500      1.24395464E-09      1.24601794E-09  i


  *** SCATTERING AMPLITUDES AND DIFFERENTIAL CROSS SECTION ***

    ANGLE      DCS       ASYMMETRY    DIRECT AMPLITUDE       SPIN-FLIP AMPLITUDE     ERROR
    (deg)   (cm**2/sr)                      (cm)                    (cm)
  -------------------------------------------------------------------------------------------
  0.000E+00 6.47183E-16  0.000E+00 ( 2.539E-08, 1.616E-09) ( 0.000E+00, 0.000E+00)  1.00E-07
  1.000E-04 6.47183E-16  0.000E+00 ( 2.539E-08, 1.616E-09) ( 1.036E-15, 6.620E-17)  1.00E-07
  1.250E-04 6.47183E-16  0.000E+00 ( 2.539E-08, 1.616E-09) ( 1.294E-15, 8.275E-17)  1.00E-07
  1.500E-04 6.47183E-16  0.000E+00 ( 2.539E-08, 1.616E-09) ( 1.553E-15, 9.930E-17)  1.00E-07
  1.750E-04 6.47183E-16  0.000E+00 ( 2.539E-08, 1.616E-09) ( 1.812E-15, 1.158E-16)  1.00E-07
  2.000E-04 6.47183E-16  0.000E+00 ( 2.539E-08, 1.616E-09) ( 2.071E-15, 1.324E-16)  1.00E-07
  2.250E-04 6.47183E-16  0.000E+00 ( 2.539E-08, 1.616E-09) ( 2.330E-15, 1.489E-16)  1.00E-07
  2.500E-04 6.47183E-16  0.000E+00 ( 2.539E-08, 1.616E-09) ( 2.589E-15, 1.655E-16)  1.00E-07
  2.750E-04 6.47183E-16  0.000E+00 ( 2.539E-08, 1.616E-09) ( 2.848E-15, 1.820E-16)  1.00E-07
  3.000E-04 6.47183E-16  0.000E+00 ( 2.539E-08, 1.616E-09) ( 3.107E-15, 1.986E-16)  1.00E-07
  3.250E-04 6.47183E-16  0.000E+00 ( 2.539E-08, 1.616E-09) ( 3.366E-15, 2.151E-16)  1.00E-07
  3.500E-04 6.47183E-16  0.000E+00 ( 2.539E-08, 1.616E-09) ( 3.624E-15, 2.317E-16)  1.00E-07
  3.750E-04 6.47183E-16  0.000E+00 ( 2.539E-08, 1.616E-09) ( 3.883E-15, 2.482E-16)  1.00E-07
  4.000E-04 6.47183E-16  0.000E+00 ( 2.539E-08, 1.616E-09) ( 4.142E-15, 2.648E-16)  1.00E-07
  4.250E-04 6.47183E-16  0.000E+00 ( 2.539E-08, 1.616E-09) ( 4.401E-15, 2.813E-16)  1.00E-07
  4.500E-04 6.47183E-16  0.000E+00 ( 2.539E-08, 1.616E-09) ( 4.660E-15, 2.979E-16)  1.00E-07
  4.750E-04 6.47183E-16  0.000E+00 ( 2.539E-08, 1.616E-09) ( 4.919E-15, 3.144E-16)  1.00E-07
  5.000E-04 6.47182E-16  0.000E+00 ( 2.539E-08, 1.616E-09) ( 5.178E-15, 3.310E-16)  1.00E-07
  5.250E-04 6.47182E-16  0.000E+00 ( 2.539E-08, 1.616E-09) ( 5.437E-15, 3.475E-16)  1.00E-07
  5.500E-04 6.47182E-16  0.000E+00 ( 2.539E-08, 1.616E-09) ( 5.696E-15, 3.641E-16)  1.00E-07
  5.750E-04 6.47182E-16  0.000E+00 ( 2.539E-08, 1.616E-09) ( 5.954E-15, 3.806E-16)  1.00E-07
  6.000E-04 6.47182E-16  0.000E+00 ( 2.539E-08, 1.616E-09) ( 6.213E-15, 3.972E-16)  1.00E-07
  6.250E-04 6.47182E-16  0.000E+00 ( 2.539E-08, 1.616E-09) ( 6.472E-15, 4.137E-16)  1.00E-07
  6.500E-04 6.47182E-16  0.000E+00 ( 2.539E-08, 1.616E-09) ( 6.731E-15, 4.303E-16)  1.00E-07
  6.750E-04 6.47182E-16  0.000E+00 ( 2.539E-08, 1.616E-09) ( 6.990E-15, 4.468E-16)  1.00E-07
  7.000E-04 6.47182E-16  0.000E+00 ( 2.539E-08, 1.616E-09) ( 7.249E-15, 4.634E-16)  1.00E-07
  7.250E-04 6.47182E-16  0.000E+00 ( 2.539E-08, 1.616E-09) ( 7.508E-15, 4.799E-16)  1.00E-07
  7.500E-04 6.47182E-16  0.000E+00 ( 2.539E-08, 1.616E-09) ( 7.767E-15, 4.965E-16)  1.00E-07
  7.750E-04 6.47182E-16  0.000E+00 ( 2.539E-08, 1.616E-09) ( 8.026E-15, 5.130E-16)  1.00E-07
  8.000E-04 6.47182E-16  0.000E+00 ( 2.539E-08, 1.616E-09) ( 8.284E-15, 5.296E-16)  1.00E-07
  8.250E-04 6.47182E-16  0.000E+00 ( 2.539E-08, 1.616E-09) ( 8.543E-15, 5.461E-16)  1.00E-07
  8.500E-04 6.47182E-16  0.000E+00 ( 2.539E-08, 1.616E-09) ( 8.802E-15, 5.627E-16)  1.00E-07
  8.750E-04 6.47182E-16  0.000E+00 ( 2.539E-08, 1.616E-09) ( 9.061E-15, 5.792E-16)  1.00E-07
  9.000E-04 6.47182E-16  0.000E+00 ( 2.539E-08, 1.616E-09) ( 9.320E-15, 5.958E-16)  1.00E-07
  9.250E-04 6.47182E-16  0.000E+00 ( 2.539E-08, 1.616E-09) ( 9.579E-15, 6.123E-16)  1.00E-07
  9.500E-04 6.47182E-16  0.000E+00 ( 2.539E-08, 1.616E-09) ( 9.838E-15, 6.289E-16)  1.00E-07
  9.750E-04 6.47182E-16  0.000E+00 ( 2.539E-08, 1.616E-09) ( 1.010E-14, 6.454E-16)  1.00E-07
  1.000E-03 6.47182E-16  0.000E+00 ( 2.539E-08, 1.616E-09) ( 1.036E-14, 6.620E-16)  1.00E-07
  1.250E-03 6.47182E-16  0.000E+00 ( 2.539E-08, 1.616E-09) ( 1.294E-14, 8.275E-16)  1.00E-07
  1.500E-03 6.47182E-16  0.000E+00 ( 2.539E-08, 1.616E-09) ( 1.553E-14, 9.930E-16)  1.00E-07
  1.750E-03 6.47182E-16  0.000E+00 ( 2.539E-08, 1.616E-09) ( 1.812E-14, 1.158E-15)  1.00E-07
  2.000E-03 6.47181E-16  0.000E+00 ( 2.539E-08, 1.616E-09) ( 2.071E-14, 1.324E-15)  1.00E-07
  2.250E-03 6.47181E-16  0.000E+00 ( 2.539E-08, 1.616E-09) ( 2.330E-14, 1.489E-15)  1.00E-07
  2.500E-03 6.47181E-16  0.000E+00 ( 2.539E-08, 1.616E-09) ( 2.589E-14, 1.655E-15)  1.00E-07
  2.750E-03 6.47180E-16  0.000E+00 ( 2.539E-08, 1.616E-09) ( 2.848E-14, 1.820E-15)  1.00E-07
  3.000E-03 6.47180E-16  0.000E+00 ( 2.539E-08, 1.616E-09) ( 3.107E-14, 1.986E-15)  1.00E-07
  3.250E-03 6.47179E-16  0.000E+00 ( 2.539E-08, 1.616E-09) ( 3.366E-14, 2.151E-15)  1.00E-07
  3.500E-03 6.47179E-16  0.000E+00 ( 2.539E-08, 1.616E-09) ( 3.624E-14, 2.317E-15)  1.00E-07
  3.750E-03 6.47178E-16  0.000E+00 ( 2.539E-08, 1.616E-09) ( 3.883E-14, 2.482E-15)  1.00E-07
  4.000E-03 6.47177E-16  0.000E+00 ( 2.539E-08, 1.616E-09) ( 4.142E-14, 2.648E-15)  1.00E-07
  4.250E-03 6.47177E-16  0.000E+00 ( 2.539E-08, 1.616E-09) ( 4.401E-14, 2.813E-15)  1.00E-07
  4.500E-03 6.47176E-16  0.000E+00 ( 2.539E-08, 1.616E-09) ( 4.660E-14, 2.979E-15)  1.00E-07
  4.750E-03 6.47175E-16  0.000E+00 ( 2.539E-08, 1.616E-09) ( 4.919E-14, 3.144E-15)  1.00E-07
  5.000E-03 6.47174E-16  0.000E+00 ( 2.539E-08, 1.616E-09) ( 5.178E-14, 3.310E-15)  1.00E-07
  5.250E-03 6.47173E-16  0.000E+00 ( 2.539E-08, 1.616E-09) ( 5.437E-14, 3.475E-15)  1.00E-07
  5.500E-03 6.47173E-16  0.000E+00 ( 2.539E-08, 1.616E-09) ( 5.695E-14, 3.641E-15)  1.00E-07
  5.750E-03 6.47172E-16  0.000E+00 ( 2.539E-08, 1.616E-09) ( 5.954E-14, 3.806E-15)  1.00E-07
  6.000E-03 6.47171E-16  0.000E+00 ( 2.539E-08, 1.616E-09) ( 6.213E-14, 3.972E-15)  1.00E-07
  6.250E-03 6.47170E-16  0.000E+00 ( 2.539E-08, 1.616E-09) ( 6.472E-14, 4.137E-15)  1.00E-07
  6.500E-03 6.47169E-16  0.000E+00 ( 2.539E-08, 1.616E-09) ( 6.731E-14, 4.303E-15)  1.00E-07
  6.750E-03 6.47167E-16  0.000E+00 ( 2.539E-08, 1.616E-09) ( 6.990E-14, 4.468E-15)  1.00E-07
  7.000E-03 6.47166E-16  0.000E+00 ( 2.539E-08, 1.616E-09) ( 7.249E-14, 4.634E-15)  1.00E-07
  7.250E-03 6.47165E-16  0.000E+00 ( 2.539E-08, 1.616E-09) ( 7.508E-14, 4.799E-15)  1.00E-07
  7.500E-03 6.47164E-16  0.000E+00 ( 2.539E-08, 1.616E-09) ( 7.767E-14, 4.965E-15)  1.00E-07
  7.750E-03 6.47163E-16  0.000E+00 ( 2.539E-08, 1.616E-09) ( 8.025E-14, 5.130E-15)  1.00E-07
  8.000E-03 6.47161E-16  0.000E+00 ( 2.539E-08, 1.616E-09) ( 8.284E-14, 5.296E-15)  1.00E-07
  8.250E-03 6.47160E-16  0.000E+00 ( 2.539E-08, 1.616E-09) ( 8.543E-14, 5.461E-15)  1.00E-07
  8.500E-03 6.47159E-16  0.000E+00 ( 2.539E-08, 1.616E-09) ( 8.802E-14, 5.627E-15)  1.00E-07
  8.750E-03 6.47157E-16  0.000E+00 ( 2.539E-08, 1.616E-09) ( 9.061E-14, 5.792E-15)  1.00E-07
  9.000E-03 6.47156E-16  0.000E+00 ( 2.539E-08, 1.616E-09) ( 9.320E-14, 5.958E-15)  1.00E-07
  9.250E-03 6.47154E-16  0.000E+00 ( 2.539E-08, 1.616E-09) ( 9.579E-14, 6.123E-15)  1.00E-07
  9.500E-03 6.47153E-16  0.000E+00 ( 2.539E-08, 1.616E-09) ( 9.838E-14, 6.289E-15)  1.00E-07
  9.750E-03 6.47151E-16  0.000E+00 ( 2.539E-08, 1.616E-09) ( 1.010E-13, 6.454E-15)  1.00E-07
  1.000E-02 6.47149E-16  0.000E+00 ( 2.539E-08, 1.616E-09) ( 1.036E-13, 6.620E-15)  1.00E-07
  1.250E-02 6.47131E-16  0.000E+00 ( 2.539E-08, 1.616E-09) ( 1.294E-13, 8.275E-15)  1.00E-07
  1.500E-02 6.47108E-16  0.000E+00 ( 2.539E-08, 1.616E-09) ( 1.553E-13, 9.930E-15)  1.00E-07
  1.750E-02 6.47081E-16  0.000E+00 ( 2.539E-08, 1.616E-09) ( 1.812E-13, 1.158E-14)  1.00E-07
  2.000E-02 6.47050E-16  0.000E+00 ( 2.539E-08, 1.616E-09) ( 2.071E-13, 1.324E-14)  1.00E-07
  2.250E-02 6.47014E-16  0.000E+00 ( 2.539E-08, 1.616E-09) ( 2.330E-13, 1.489E-14)  1.00E-07
  2.500E-02 6.46975E-16  0.000E+00 ( 2.538E-08, 1.616E-09) ( 2.588E-13, 1.655E-14)  1.00E-07
  2.750E-02 6.46931E-16  0.000E+00 ( 2.538E-08, 1.616E-09) ( 2.847E-13, 1.820E-14)  1.00E-07
  3.000E-02 6.46884E-16  0.000E+00 ( 2.538E-08, 1.616E-09) ( 3.106E-13, 1.986E-14)  1.00E-07
  3.250E-02 6.46832E-16  0.000E+00 ( 2.538E-08, 1.616E-09) ( 3.365E-13, 2.151E-14)  1.00E-07
  3.500E-02 6.46776E-16  0.000E+00 ( 2.538E-08, 1.616E-09) ( 3.623E-13, 2.317E-14)  1.00E-07
  3.750E-02 6.46715E-16  0.000E+00 ( 2.538E-08, 1.616E-09) ( 3.882E-13, 2.482E-14)  1.00E-07
  4.000E-02 6.46651E-16  0.000E+00 ( 2.538E-08, 1.616E-09) ( 4.140E-13, 2.648E-14)  1.00E-07
  4.250E-02 6.46583E-16  0.000E+00 ( 2.538E-08, 1.616E-09) ( 4.399E-13, 2.813E-14)  1.00E-07
  4.500E-02 6.46510E-16  0.000E+00 ( 2.538E-08, 1.616E-09) ( 4.658E-13, 2.979E-14)  1.00E-07
  4.750E-02 6.46433E-16  0.000E+00 ( 2.537E-08, 1.616E-09) ( 4.916E-13, 3.144E-14)  1.00E-07
  5.000E-02 6.46353E-16  0.000E+00 ( 2.537E-08, 1.616E-09) ( 5.174E-13, 3.310E-14)  1.00E-07
  5.250E-02 6.46268E-16  0.000E+00 ( 2.537E-08, 1.616E-09) ( 5.433E-13, 3.475E-14)  1.00E-07
  5.500E-02 6.46178E-16  0.000E+00 ( 2.537E-08, 1.616E-09) ( 5.691E-13, 3.641E-14)  1.00E-07
  5.750E-02 6.46085E-16  0.000E+00 ( 2.537E-08, 1.616E-09) ( 5.949E-13, 3.806E-14)  1.00E-07
  6.000E-02 6.45988E-16  0.000E+00 ( 2.536E-08, 1.616E-09) ( 6.208E-13, 3.971E-14)  1.00E-07
  6.250E-02 6.45886E-16  0.000E+00 ( 2.536E-08, 1.616E-09) ( 6.466E-13, 4.137E-14)  1.00E-07
  6.500E-02 6.45781E-16  0.000E+00 ( 2.536E-08, 1.616E-09) ( 6.724E-13, 4.302E-14)  1.00E-07
  6.750E-02 6.45671E-16  0.000E+00 ( 2.536E-08, 1.616E-09) ( 6.982E-13, 4.468E-14)  1.00E-07
  7.000E-02 6.45557E-16  0.000E+00 ( 2.536E-08, 1.616E-09) ( 7.240E-13, 4.633E-14)  1.00E-07
  7.250E-02 6.45439E-16  0.000E+00 ( 2.535E-08, 1.616E-09) ( 7.498E-13, 4.798E-14)  1.00E-07
  7.500E-02 6.45317E-16  0.000E+00 ( 2.535E-08, 1.616E-09) ( 7.755E-13, 4.964E-14)  1.00E-07
  7.750E-02 6.45191E-16  0.000E+00 ( 2.535E-08, 1.615E-09) ( 8.013E-13, 5.129E-14)  1.00E-07
  8.000E-02 6.45061E-16  0.000E+00 ( 2.535E-08, 1.615E-09) ( 8.271E-13, 5.295E-14)  1.00E-07
  8.250E-02 6.44927E-16  0.000E+00 ( 2.534E-08, 1.615E-09) ( 8.528E-13, 5.460E-14)  1.00E-07
  8.500E-02 6.44788E-16  0.000E+00 ( 2.534E-08, 1.615E-09) ( 8.786E-13, 5.625E-14)  1.00E-07
  8.750E-02 6.44646E-16  0.000E+00 ( 2.534E-08, 1.615E-09) ( 9.043E-13, 5.791E-14)  1.00E-07
  9.000E-02 6.44499E-16  0.000E+00 ( 2.534E-08, 1.615E-09) ( 9.301E-13, 5.956E-14)  1.00E-07
  9.250E-02 6.44348E-16  0.000E+00 ( 2.533E-08, 1.615E-09) ( 9.558E-13, 6.121E-14)  1.00E-07
  9.500E-02 6.44194E-16  0.000E+00 ( 2.533E-08, 1.615E-09) ( 9.815E-13, 6.287E-14)  1.00E-07
  9.750E-02 6.44035E-16  0.000E+00 ( 2.533E-08, 1.615E-09) ( 1.007E-12, 6.452E-14)  1.00E-07
  1.000E-01 6.43872E-16  0.000E+00 ( 2.532E-08, 1.615E-09) ( 1.033E-12, 6.617E-14)  1.00E-07
  1.250E-01 6.42021E-16  0.000E+00 ( 2.529E-08, 1.615E-09) ( 1.289E-12, 8.270E-14)  1.00E-07
  1.500E-01 6.39770E-16  0.000E+00 ( 2.524E-08, 1.614E-09) ( 1.544E-12, 9.921E-14)  1.00E-07
  1.750E-01 6.37124E-16  0.000E+00 ( 2.519E-08, 1.614E-09) ( 1.798E-12, 1.157E-13)  1.00E-07
  2.000E-01 6.34092E-16  0.000E+00 ( 2.513E-08, 1.613E-09) ( 2.050E-12, 1.322E-13)  1.00E-07
  2.250E-01 6.30682E-16  0.000E+00 ( 2.506E-08, 1.612E-09) ( 2.300E-12, 1.486E-13)  1.00E-07
  2.500E-01 6.26903E-16  0.000E+00 ( 2.499E-08, 1.612E-09) ( 2.548E-12, 1.651E-13)  1.00E-07
  2.750E-01 6.22765E-16  0.000E+00 ( 2.490E-08, 1.611E-09) ( 2.793E-12, 1.815E-13)  1.00E-07
  3.000E-01 6.18281E-16  0.000E+00 ( 2.481E-08, 1.610E-09) ( 3.036E-12, 1.979E-13)  1.00E-07
  3.250E-01 6.13462E-16  0.000E+00 ( 2.472E-08, 1.609E-09) ( 3.277E-12, 2.142E-13)  1.00E-07
  3.500E-01 6.08320E-16  0.000E+00 ( 2.461E-08, 1.608E-09) ( 3.514E-12, 2.305E-13)  1.00E-07
  3.750E-01 6.02870E-16  0.000E+00 ( 2.450E-08, 1.606E-09) ( 3.748E-12, 2.468E-13)  1.00E-07
  4.000E-01 5.97124E-16  0.000E+00 ( 2.438E-08, 1.605E-09) ( 3.979E-12, 2.631E-13)  1.00E-07
  4.250E-01 5.91098E-16  0.000E+00 ( 2.426E-08, 1.604E-09) ( 4.206E-12, 2.793E-13)  1.00E-07
  4.500E-01 5.84806E-16  0.000E+00 ( 2.413E-08, 1.602E-09) ( 4.429E-12, 2.954E-13)  1.00E-07
  4.750E-01 5.78264E-16  0.000E+00 ( 2.399E-08, 1.601E-09) ( 4.649E-12, 3.115E-13)  1.00E-07
  5.000E-01 5.71486E-16  0.000E+00 ( 2.385E-08, 1.599E-09) ( 4.865E-12, 3.276E-13)  1.00E-07
  5.250E-01 5.64489E-16  0.000E+00 ( 2.371E-08, 1.598E-09) ( 5.077E-12, 3.436E-13)  1.00E-07
  5.500E-01 5.57289E-16  0.000E+00 ( 2.355E-08, 1.596E-09) ( 5.284E-12, 3.596E-13)  1.00E-07
  5.750E-01 5.49900E-16  0.000E+00 ( 2.340E-08, 1.594E-09) ( 5.488E-12, 3.755E-13)  1.00E-07
  6.000E-01 5.42340E-16  0.000E+00 ( 2.323E-08, 1.592E-09) ( 5.687E-12, 3.914E-13)  1.00E-07
  6.250E-01 5.34623E-16  0.000E+00 ( 2.307E-08, 1.590E-09) ( 5.881E-12, 4.072E-13)  1.00E-07
  6.500E-01 5.26766E-16  0.000E+00 ( 2.290E-08, 1.588E-09) ( 6.072E-12, 4.229E-13)  1.00E-07
  6.750E-01 5.18783E-16  0.000E+00 ( 2.272E-08, 1.586E-09) ( 6.257E-12, 4.386E-13)  1.00E-07
  7.000E-01 5.10690E-16  0.000E+00 ( 2.254E-08, 1.584E-09) ( 6.438E-12, 4.542E-13)  1.00E-07
  7.250E-01 5.02502E-16  0.000E+00 ( 2.236E-08, 1.581E-09) ( 6.614E-12, 4.698E-13)  1.00E-07
  7.500E-01 4.94233E-16  0.000E+00 ( 2.218E-08, 1.579E-09) ( 6.785E-12, 4.853E-13)  1.00E-07
  7.750E-01 4.85897E-16  0.000E+00 ( 2.199E-08, 1.577E-09) ( 6.952E-12, 5.007E-13)  1.00E-07
  8.000E-01 4.77508E-16  0.000E+00 ( 2.180E-08, 1.574E-09) ( 7.114E-12, 5.160E-13)  1.00E-07
  8.250E-01 4.69080E-16  0.000E+00 ( 2.160E-08, 1.572E-09) ( 7.271E-12, 5.313E-13)  1.00E-07
  8.500E-01 4.60624E-16  0.000E+00 ( 2.140E-08, 1.569E-09) ( 7.423E-12, 5.465E-13)  1.00E-07
  8.750E-01 4.52154E-16  0.000E+00 ( 2.121E-08, 1.566E-09) ( 7.571E-12, 5.616E-13)  1.00E-07
  9.000E-01 4.43681E-16  0.000E+00 ( 2.101E-08, 1.564E-09) ( 7.714E-12, 5.766E-13)  1.00E-07
  9.250E-01 4.35216E-16  0.000E+00 ( 2.080E-08, 1.561E-09) ( 7.852E-12, 5.916E-13)  1.00E-07
  9.500E-01 4.26770E-16  0.000E+00 ( 2.060E-08, 1.558E-09) ( 7.985E-12, 6.064E-13)  1.00E-07
  9.750E-01 4.18353E-16  0.000E+00 ( 2.039E-08, 1.555E-09) ( 8.114E-12, 6.212E-13)  1.00E-07
  1.000E+00 4.09975E-16  0.000E+00 ( 2.019E-08, 1.552E-09) ( 8.238E-12, 6.359E-13)  1.00E-07
  1.100E+00 3.77020E-16  0.000E+00 ( 1.936E-08, 1.539E-09) ( 8.689E-12, 6.938E-13)  1.00E-07
  1.200E+00 3.45306E-16  0.000E+00 ( 1.852E-08, 1.526E-09) ( 9.070E-12, 7.503E-13)  1.00E-07
  1.300E+00 3.15187E-16  0.000E+00 ( 1.769E-08, 1.511E-09) ( 9.387E-12, 8.051E-13)  1.00E-07
  1.400E+00 2.86899E-16  0.000E+00 ( 1.687E-08, 1.496E-09) ( 9.643E-12, 8.584E-13)  1.00E-07
  1.500E+00 2.60577E-16  0.000E+00 ( 1.607E-08, 1.480E-09) ( 9.844E-12, 9.100E-13)  1.00E-07
  1.600E+00 2.36272E-16  0.000E+00 ( 1.530E-08, 1.464E-09) ( 9.997E-12, 9.598E-13)  1.00E-07
  1.700E+00 2.13974E-16  0.000E+00 ( 1.456E-08, 1.446E-09) ( 1.011E-11, 1.008E-12)  1.00E-07
  1.800E+00 1.93624E-16  0.000E+00 ( 1.384E-08, 1.429E-09) ( 1.018E-11, 1.054E-12)  1.00E-07
  1.900E+00 1.75131E-16  0.000E+00 ( 1.316E-08, 1.411E-09) ( 1.021E-11, 1.099E-12)  1.00E-07
  2.000E+00 1.58383E-16  0.000E+00 ( 1.251E-08, 1.392E-09) ( 1.022E-11, 1.142E-12)  1.00E-07
  2.100E+00 1.43256E-16  0.000E+00 ( 1.189E-08, 1.373E-09) ( 1.020E-11, 1.183E-12)  1.00E-07
  2.200E+00 1.29621E-16  0.000E+00 ( 1.130E-08, 1.354E-09) ( 1.016E-11, 1.222E-12)  1.00E-07
  2.300E+00 1.17350E-16  0.000E+00 ( 1.075E-08, 1.335E-09) ( 1.011E-11, 1.259E-12)  1.00E-07
  2.400E+00 1.06318E-16  0.000E+00 ( 1.023E-08, 1.316E-09) ( 1.003E-11, 1.295E-12)  1.00E-07
  2.500E+00 9.64069E-17  0.000E+00 ( 9.733E-09, 1.296E-09) ( 9.950E-12, 1.329E-12)  1.00E-07
  2.600E+00 8.75054E-17  0.000E+00 ( 9.267E-09, 1.277E-09) ( 9.854E-12, 1.361E-12)  1.00E-07
  2.700E+00 7.95110E-17  0.000E+00 ( 8.828E-09, 1.257E-09) ( 9.750E-12, 1.392E-12)  1.00E-07
  2.800E+00 7.23299E-17  0.000E+00 ( 8.414E-09, 1.237E-09) ( 9.639E-12, 1.421E-12)  1.00E-07
  2.900E+00 6.58768E-17  0.000E+00 ( 8.025E-09, 1.218E-09) ( 9.523E-12, 1.449E-12)  1.00E-07
  3.000E+00 6.00746E-17  0.000E+00 ( 7.658E-09, 1.198E-09) ( 9.403E-12, 1.475E-12)  1.00E-07
  3.100E+00 5.48538E-17  0.000E+00 ( 7.312E-09, 1.179E-09) ( 9.279E-12, 1.500E-12)  1.00E-07
  3.200E+00 5.01522E-17  0.000E+00 ( 6.986E-09, 1.160E-09) ( 9.154E-12, 1.523E-12)  1.00E-07
  3.300E+00 4.59144E-17  0.000E+00 ( 6.679E-09, 1.141E-09) ( 9.027E-12, 1.545E-12)  1.00E-07
  3.400E+00 4.20905E-17  0.000E+00 ( 6.390E-09, 1.122E-09) ( 8.900E-12, 1.566E-12)  1.00E-07
  3.500E+00 3.86366E-17  0.000E+00 ( 6.117E-09, 1.103E-09) ( 8.772E-12, 1.586E-12)  1.00E-07
  3.600E+00 3.55132E-17  0.000E+00 ( 5.860E-09, 1.085E-09) ( 8.645E-12, 1.604E-12)  1.00E-07
  3.700E+00 3.26854E-17  0.000E+00 ( 5.617E-09, 1.067E-09) ( 8.519E-12, 1.621E-12)  1.00E-07
  3.800E+00 3.01221E-17  0.000E+00 ( 5.387E-09, 1.049E-09) ( 8.393E-12, 1.637E-12)  1.00E-07
  3.900E+00 2.77958E-17  0.000E+00 ( 5.170E-09, 1.031E-09) ( 8.269E-12, 1.652E-12)  1.00E-07
  4.000E+00 2.56820E-17  0.000E+00 ( 4.965E-09, 1.014E-09) ( 8.147E-12, 1.666E-12)  1.00E-07
  4.100E+00 2.37587E-17  0.000E+00 ( 4.771E-09, 9.969E-10) ( 8.026E-12, 1.679E-12)  1.00E-07
  4.200E+00 2.20067E-17  0.000E+00 ( 4.588E-09, 9.801E-10) ( 7.907E-12, 1.691E-12)  1.00E-07
  4.300E+00 2.04088E-17  0.000E+00 ( 4.414E-09, 9.636E-10) ( 7.790E-12, 1.703E-12)  1.00E-07
  4.400E+00 1.89494E-17  0.000E+00 ( 4.249E-09, 9.474E-10) ( 7.675E-12, 1.713E-12)  1.00E-07
  4.500E+00 1.76150E-17  0.000E+00 ( 4.092E-09, 9.314E-10) ( 7.563E-12, 1.723E-12)  1.00E-07
  4.600E+00 1.63934E-17  0.000E+00 ( 3.944E-09, 9.158E-10) ( 7.452E-12, 1.732E-12)  1.00E-07
  4.700E+00 1.52736E-17  0.000E+00 ( 3.803E-09, 9.004E-10) ( 7.344E-12, 1.740E-12)  1.00E-07
  4.800E+00 1.42459E-17  0.000E+00 ( 3.669E-09, 8.854E-10) ( 7.238E-12, 1.747E-12)  1.00E-07
  4.900E+00 1.33017E-17  0.000E+00 ( 3.542E-09, 8.706E-10) ( 7.134E-12, 1.754E-12)  1.00E-07
  5.000E+00 1.24331E-17  0.000E+00 ( 3.421E-09, 8.562E-10) ( 7.032E-12, 1.760E-12)  1.00E-07
  5.100E+00 1.16332E-17  0.000E+00 ( 3.305E-09, 8.420E-10) ( 6.932E-12, 1.766E-12)  1.00E-07
  5.200E+00 1.08956E-17  0.000E+00 ( 3.195E-09, 8.281E-10) ( 6.835E-12, 1.771E-12)  1.00E-07
  5.300E+00 1.02148E-17  0.000E+00 ( 3.091E-09, 8.145E-10) ( 6.740E-12, 1.776E-12)  1.00E-07
  5.400E+00 9.58574E-18  0.000E+00 ( 2.991E-09, 8.012E-10) ( 6.646E-12, 1.780E-12)  1.00E-07
  5.500E+00 9.00381E-18  0.000E+00 ( 2.895E-09, 7.881E-10) ( 6.555E-12, 1.784E-12)  1.00E-07
  5.600E+00 8.46492E-18  0.000E+00 ( 2.804E-09, 7.753E-10) ( 6.466E-12, 1.787E-12)  1.00E-07
  5.700E+00 7.96537E-18  0.000E+00 ( 2.717E-09, 7.628E-10) ( 6.379E-12, 1.789E-12)  1.00E-07
  5.800E+00 7.50182E-18  0.000E+00 ( 2.634E-09, 7.506E-10) ( 6.294E-12, 1.792E-12)  1.00E-07
  5.900E+00 7.07124E-18  0.000E+00 ( 2.555E-09, 7.386E-10) ( 6.211E-12, 1.794E-12)  1.00E-07
  6.000E+00 6.67090E-18  0.000E+00 ( 2.478E-09, 7.268E-10) ( 6.129E-12, 1.795E-12)  1.00E-07
  6.100E+00 6.29831E-18  0.000E+00 ( 2.406E-09, 7.154E-10) ( 6.049E-12, 1.797E-12)  1.00E-07
  6.200E+00 5.95123E-18  0.000E+00 ( 2.336E-09, 7.041E-10) ( 5.972E-12, 1.798E-12)  1.00E-07
  6.300E+00 5.62761E-18  0.000E+00 ( 2.269E-09, 6.931E-10) ( 5.895E-12, 1.798E-12)  1.00E-07
  6.400E+00 5.32559E-18  0.000E+00 ( 2.205E-09, 6.823E-10) ( 5.821E-12, 1.799E-12)  1.00E-07
  6.500E+00 5.04348E-18 -2.822E-06 ( 2.143E-09, 6.718E-10) ( 5.748E-12, 1.799E-12)  1.00E-07
  6.600E+00 4.77974E-18 -3.121E-06 ( 2.084E-09, 6.615E-10) ( 5.677E-12, 1.799E-12)  1.00E-07
  6.700E+00 4.53296E-18 -3.434E-06 ( 2.027E-09, 6.514E-10) ( 5.607E-12, 1.798E-12)  1.00E-07
  6.800E+00 4.30187E-18 -3.759E-06 ( 1.972E-09, 6.415E-10) ( 5.539E-12, 1.797E-12)  1.00E-07
  6.900E+00 4.08528E-18 -4.098E-06 ( 1.920E-09, 6.318E-10) ( 5.472E-12, 1.797E-12)  1.00E-07
  7.000E+00 3.88213E-18 -4.451E-06 ( 1.869E-09, 6.224E-10) ( 5.407E-12, 1.795E-12)  1.00E-07
  7.100E+00 3.69144E-18 -4.818E-06 ( 1.821E-09, 6.131E-10) ( 5.343E-12, 1.794E-12)  1.00E-07
  7.200E+00 3.51230E-18 -5.199E-06 ( 1.774E-09, 6.040E-10) ( 5.281E-12, 1.793E-12)  1.00E-07
  7.300E+00 3.34388E-18 -5.594E-06 ( 1.729E-09, 5.951E-10) ( 5.219E-12, 1.791E-12)  1.00E-07
  7.400E+00 3.18544E-18 -6.003E-06 ( 1.686E-09, 5.864E-10) ( 5.159E-12, 1.789E-12)  1.00E-07
  7.500E+00 3.03627E-18 -6.427E-06 ( 1.644E-09, 5.779E-10) ( 5.101E-12, 1.787E-12)  1.00E-07
  7.600E+00 2.89573E-18 -6.866E-06 ( 1.604E-09, 5.696E-10) ( 5.043E-12, 1.785E-12)  1.00E-07
  7.700E+00 2.76323E-18 -7.319E-06 ( 1.565E-09, 5.614E-10) ( 4.987E-12, 1.783E-12)  1.00E-07
  7.800E+00 2.63823E-18 -7.787E-06 ( 1.527E-09, 5.534E-10) ( 4.931E-12, 1.780E-12)  1.00E-07
  7.900E+00 2.52022E-18 -8.271E-06 ( 1.491E-09, 5.456E-10) ( 4.877E-12, 1.778E-12)  1.00E-07
  8.000E+00 2.40875E-18 -8.769E-06 ( 1.456E-09, 5.379E-10) ( 4.824E-12, 1.775E-12)  1.00E-07
  8.100E+00 2.30337E-18 -9.284E-06 ( 1.422E-09, 5.304E-10) ( 4.772E-12, 1.773E-12)  1.00E-07
  8.200E+00 2.20371E-18 -9.813E-06 ( 1.389E-09, 5.230E-10) ( 4.721E-12, 1.770E-12)  1.00E-07
  8.300E+00 2.10938E-18 -1.036E-05 ( 1.358E-09, 5.158E-10) ( 4.671E-12, 1.767E-12)  1.00E-07
  8.400E+00 2.02006E-18 -1.092E-05 ( 1.327E-09, 5.088E-10) ( 4.622E-12, 1.764E-12)  1.00E-07
  8.500E+00 1.93542E-18 -1.150E-05 ( 1.298E-09, 5.018E-10) ( 4.574E-12, 1.761E-12)  1.00E-07
  8.600E+00 1.85517E-18 -1.209E-05 ( 1.269E-09, 4.951E-10) ( 4.527E-12, 1.757E-12)  1.00E-07
  8.700E+00 1.77905E-18 -1.270E-05 ( 1.241E-09, 4.884E-10) ( 4.481E-12, 1.754E-12)  1.00E-07
  8.800E+00 1.70681E-18 -1.333E-05 ( 1.214E-09, 4.819E-10) ( 4.435E-12, 1.751E-12)  1.00E-07
  8.900E+00 1.63820E-18 -1.397E-05 ( 1.188E-09, 4.755E-10) ( 4.391E-12, 1.747E-12)  1.00E-07
  9.000E+00 1.57301E-18 -1.463E-05 ( 1.163E-09, 4.692E-10) ( 4.347E-12, 1.744E-12)  1.00E-07
  9.100E+00 1.51104E-18 -1.530E-05 ( 1.139E-09, 4.631E-10) ( 4.304E-12, 1.740E-12)  1.00E-07
  9.200E+00 1.45210E-18 -1.599E-05 ( 1.115E-09, 4.571E-10) ( 4.262E-12, 1.737E-12)  1.00E-07
  9.300E+00 1.39601E-18 -1.670E-05 ( 1.092E-09, 4.512E-10) ( 4.220E-12, 1.733E-12)  1.00E-07
  9.400E+00 1.34261E-18 -1.743E-05 ( 1.070E-09, 4.454E-10) ( 4.180E-12, 1.729E-12)  1.00E-07
  9.500E+00 1.29174E-18 -1.817E-05 ( 1.048E-09, 4.397E-10) ( 4.140E-12, 1.725E-12)  1.00E-07
  9.600E+00 1.24327E-18 -1.894E-05 ( 1.027E-09, 4.341E-10) ( 4.100E-12, 1.722E-12)  1.00E-07
  9.700E+00 1.19705E-18 -1.972E-05 ( 1.007E-09, 4.286E-10) ( 4.062E-12, 1.718E-12)  1.00E-07
  9.800E+00 1.15297E-18 -2.051E-05 ( 9.868E-10, 4.233E-10) ( 4.024E-12, 1.714E-12)  1.00E-07
  9.900E+00 1.11091E-18 -2.133E-05 ( 9.676E-10, 4.180E-10) ( 3.986E-12, 1.710E-12)  1.00E-07
  1.000E+01 1.07075E-18 -2.216E-05 ( 9.488E-10, 4.128E-10) ( 3.950E-12, 1.706E-12)  1.00E-07
  1.025E+01 9.78026E-19 -2.432E-05 ( 9.043E-10, 4.003E-10) ( 3.861E-12, 1.696E-12)  1.00E-07
  1.050E+01 8.95152E-19 -2.659E-05 ( 8.627E-10, 3.884E-10) ( 3.775E-12, 1.686E-12)  1.00E-07
  1.075E+01 8.20893E-19 -2.898E-05 ( 8.239E-10, 3.770E-10) ( 3.693E-12, 1.676E-12)  1.00E-07
  1.100E+01 7.54196E-19 -3.149E-05 ( 7.875E-10, 3.661E-10) ( 3.615E-12, 1.665E-12)  1.00E-07
  1.125E+01 6.94152E-19 -3.412E-05 ( 7.534E-10, 3.557E-10) ( 3.539E-12, 1.655E-12)  1.00E-07
  1.150E+01 6.39980E-19 -3.686E-05 ( 7.214E-10, 3.457E-10) ( 3.466E-12, 1.644E-12)  1.00E-07
  1.175E+01 5.91003E-19 -3.973E-05 ( 6.914E-10, 3.361E-10) ( 3.396E-12, 1.634E-12)  1.00E-07
  1.200E+01 5.46633E-19 -4.273E-05 ( 6.631E-10, 3.269E-10) ( 3.328E-12, 1.623E-12)  1.00E-07
  1.225E+01 5.06358E-19 -4.585E-05 ( 6.365E-10, 3.181E-10) ( 3.263E-12, 1.613E-12)  1.00E-07
  1.250E+01 4.69733E-19 -4.910E-05 ( 6.114E-10, 3.097E-10) ( 3.200E-12, 1.602E-12)  1.00E-07
  1.275E+01 4.36367E-19 -5.247E-05 ( 5.877E-10, 3.016E-10) ( 3.139E-12, 1.592E-12)  1.00E-07
  1.300E+01 4.05917E-19 -5.598E-05 ( 5.653E-10, 2.938E-10) ( 3.081E-12, 1.581E-12)  1.00E-07
  1.325E+01 3.78083E-19 -5.962E-05 ( 5.441E-10, 2.864E-10) ( 3.024E-12, 1.571E-12)  1.00E-07
  1.350E+01 3.52598E-19 -6.339E-05 ( 5.241E-10, 2.792E-10) ( 2.969E-12, 1.560E-12)  1.00E-07
  1.375E+01 3.29229E-19 -6.729E-05 ( 5.051E-10, 2.722E-10) ( 2.916E-12, 1.550E-12)  1.00E-07
  1.400E+01 3.07768E-19 -7.133E-05 ( 4.871E-10, 2.656E-10) ( 2.865E-12, 1.540E-12)  1.00E-07
  1.425E+01 2.88030E-19 -7.551E-05 ( 4.699E-10, 2.592E-10) ( 2.815E-12, 1.529E-12)  1.00E-07
  1.450E+01 2.69852E-19 -7.982E-05 ( 4.537E-10, 2.530E-10) ( 2.767E-12, 1.519E-12)  1.00E-07
  1.475E+01 2.53088E-19 -8.427E-05 ( 4.382E-10, 2.471E-10) ( 2.720E-12, 1.509E-12)  1.00E-07
  1.500E+01 2.37609E-19 -8.887E-05 ( 4.235E-10, 2.413E-10) ( 2.675E-12, 1.499E-12)  1.00E-07
  1.525E+01 2.23296E-19 -9.360E-05 ( 4.095E-10, 2.358E-10) ( 2.631E-12, 1.489E-12)  1.00E-07
  1.550E+01 2.10048E-19 -9.847E-05 ( 3.962E-10, 2.304E-10) ( 2.588E-12, 1.479E-12)  1.00E-07
  1.575E+01 1.97769E-19 -1.035E-04 ( 3.834E-10, 2.253E-10) ( 2.547E-12, 1.470E-12)  1.00E-07
  1.600E+01 1.86375E-19 -1.086E-04 ( 3.713E-10, 2.203E-10) ( 2.507E-12, 1.460E-12)  1.00E-07
  1.625E+01 1.75792E-19 -1.140E-04 ( 3.597E-10, 2.155E-10) ( 2.467E-12, 1.450E-12)  1.00E-07
  1.650E+01 1.65951E-19 -1.194E-04 ( 3.486E-10, 2.108E-10) ( 2.429E-12, 1.441E-12)  1.00E-07
  1.675E+01 1.56790E-19 -1.250E-04 ( 3.380E-10, 2.063E-10) ( 2.392E-12, 1.431E-12)  1.00E-07
  1.700E+01 1.48254E-19 -1.307E-04 ( 3.278E-10, 2.020E-10) ( 2.356E-12, 1.422E-12)  1.00E-07
  1.725E+01 1.40292E-19 -1.366E-04 ( 3.181E-10, 1.977E-10) ( 2.321E-12, 1.413E-12)  1.00E-07
  1.750E+01 1.32859E-19 -1.427E-04 ( 3.088E-10, 1.937E-10) ( 2.287E-12, 1.404E-12)  1.00E-07
  1.775E+01 1.25912E-19 -1.489E-04 ( 2.999E-10, 1.897E-10) ( 2.254E-12, 1.395E-12)  1.00E-07
  1.800E+01 1.19414E-19 -1.552E-04 ( 2.913E-10, 1.859E-10) ( 2.221E-12, 1.386E-12)  1.00E-07
  1.825E+01 1.13331E-19 -1.617E-04 ( 2.831E-10, 1.822E-10) ( 2.190E-12, 1.377E-12)  1.00E-07
  1.850E+01 1.07631E-19 -1.683E-04 ( 2.752E-10, 1.786E-10) ( 2.159E-12, 1.368E-12)  1.00E-07
  1.875E+01 1.02286E-19 -1.751E-04 ( 2.676E-10, 1.751E-10) ( 2.129E-12, 1.359E-12)  1.00E-07
  1.900E+01 9.72698E-20 -1.821E-04 ( 2.604E-10, 1.717E-10) ( 2.100E-12, 1.350E-12)  1.00E-07
  1.925E+01 9.25578E-20 -1.892E-04 ( 2.534E-10, 1.684E-10) ( 2.071E-12, 1.342E-12)  1.00E-07
  1.950E+01 8.81284E-20 -1.964E-04 ( 2.466E-10, 1.652E-10) ( 2.043E-12, 1.333E-12)  1.00E-07
  1.975E+01 8.39615E-20 -2.038E-04 ( 2.402E-10, 1.621E-10) ( 2.016E-12, 1.325E-12)  1.00E-07
  2.000E+01 8.00386E-20 -2.114E-04 ( 2.339E-10, 1.591E-10) ( 1.989E-12, 1.317E-12)  1.00E-07
  2.025E+01 7.63429E-20 -2.191E-04 ( 2.279E-10, 1.562E-10) ( 1.964E-12, 1.309E-12)  1.00E-07
  2.050E+01 7.28586E-20 -2.269E-04 ( 2.221E-10, 1.533E-10) ( 1.938E-12, 1.300E-12)  1.00E-07
  2.075E+01 6.95715E-20 -2.349E-04 ( 2.166E-10, 1.506E-10) ( 1.913E-12, 1.292E-12)  1.00E-07
  2.100E+01 6.64683E-20 -2.431E-04 ( 2.112E-10, 1.479E-10) ( 1.889E-12, 1.284E-12)  1.00E-07
  2.125E+01 6.35367E-20 -2.514E-04 ( 2.060E-10, 1.453E-10) ( 1.865E-12, 1.277E-12)  1.00E-07
  2.150E+01 6.07656E-20 -2.599E-04 ( 2.010E-10, 1.427E-10) ( 1.842E-12, 1.269E-12)  1.00E-07
  2.175E+01 5.81444E-20 -2.686E-04 ( 1.961E-10, 1.402E-10) ( 1.820E-12, 1.261E-12)  1.00E-07
  2.200E+01 5.56636E-20 -2.774E-04 ( 1.915E-10, 1.378E-10) ( 1.797E-12, 1.253E-12)  1.00E-07
  2.225E+01 5.33142E-20 -2.863E-04 ( 1.870E-10, 1.355E-10) ( 1.776E-12, 1.246E-12)  1.00E-07
  2.250E+01 5.10879E-20 -2.954E-04 ( 1.826E-10, 1.332E-10) ( 1.754E-12, 1.238E-12)  1.00E-07
  2.275E+01 4.89771E-20 -3.047E-04 ( 1.784E-10, 1.310E-10) ( 1.734E-12, 1.231E-12)  1.00E-07
  2.300E+01 4.69747E-20 -3.141E-04 ( 1.743E-10, 1.288E-10) ( 1.713E-12, 1.224E-12)  1.00E-07
  2.325E+01 4.50740E-20 -3.237E-04 ( 1.704E-10, 1.267E-10) ( 1.693E-12, 1.216E-12)  1.00E-07
  2.350E+01 4.32690E-20 -3.334E-04 ( 1.665E-10, 1.246E-10) ( 1.674E-12, 1.209E-12)  1.00E-07
  2.375E+01 4.15538E-20 -3.433E-04 ( 1.628E-10, 1.226E-10) ( 1.655E-12, 1.202E-12)  1.00E-07
  2.400E+01 3.99232E-20 -3.533E-04 ( 1.593E-10, 1.207E-10) ( 1.636E-12, 1.195E-12)  1.00E-07
  2.425E+01 3.83722E-20 -3.635E-04 ( 1.558E-10, 1.187E-10) ( 1.617E-12, 1.188E-12)  1.00E-07
  2.450E+01 3.68962E-20 -3.739E-04 ( 1.524E-10, 1.169E-10) ( 1.599E-12, 1.181E-12)  1.00E-07
  2.475E+01 3.54909E-20 -3.844E-04 ( 1.492E-10, 1.151E-10) ( 1.582E-12, 1.174E-12)  1.00E-07
  2.500E+01 3.41522E-20 -3.951E-04 ( 1.460E-10, 1.133E-10) ( 1.564E-12, 1.168E-12)  1.00E-07
  2.550E+01 3.16600E-20 -4.169E-04 ( 1.400E-10, 1.099E-10) ( 1.531E-12, 1.154E-12)  1.00E-07
  2.600E+01 2.93924E-20 -4.393E-04 ( 1.343E-10, 1.066E-10) ( 1.498E-12, 1.141E-12)  1.00E-07
  2.650E+01 2.73254E-20 -4.623E-04 ( 1.289E-10, 1.035E-10) ( 1.467E-12, 1.128E-12)  1.00E-07
  2.700E+01 2.54382E-20 -4.860E-04 ( 1.238E-10, 1.005E-10) ( 1.437E-12, 1.116E-12)  1.00E-07
  2.750E+01 2.37122E-20 -5.102E-04 ( 1.191E-10, 9.764E-11) ( 1.408E-12, 1.104E-12)  1.00E-07
  2.800E+01 2.21313E-20 -5.351E-04 ( 1.145E-10, 9.491E-11) ( 1.380E-12, 1.092E-12)  1.00E-07
  2.850E+01 2.06809E-20 -5.606E-04 ( 1.103E-10, 9.230E-11) ( 1.353E-12, 1.080E-12)  1.00E-07
  2.900E+01 1.93484E-20 -5.867E-04 ( 1.062E-10, 8.980E-11) ( 1.326E-12, 1.068E-12)  1.00E-07
  2.950E+01 1.81225E-20 -6.134E-04 ( 1.024E-10, 8.741E-11) ( 1.301E-12, 1.057E-12)  1.00E-07
  3.000E+01 1.69929E-20 -6.407E-04 ( 9.873E-11, 8.511E-11) ( 1.277E-12, 1.045E-12)  1.00E-07
  3.050E+01 1.59509E-20 -6.686E-04 ( 9.526E-11, 8.290E-11) ( 1.253E-12, 1.034E-12)  1.00E-07
  3.100E+01 1.49883E-20 -6.971E-04 ( 9.197E-11, 8.079E-11) ( 1.230E-12, 1.024E-12)  1.00E-07
  3.150E+01 1.40980E-20 -7.262E-04 ( 8.884E-11, 7.875E-11) ( 1.208E-12, 1.013E-12)  1.00E-07
  3.200E+01 1.32735E-20 -7.559E-04 ( 8.587E-11, 7.680E-11) ( 1.186E-12, 1.003E-12)  1.00E-07
  3.250E+01 1.25091E-20 -7.861E-04 ( 8.303E-11, 7.492E-11) ( 1.165E-12, 9.924E-13)  1.00E-07
  3.300E+01 1.17996E-20 -8.169E-04 ( 8.032E-11, 7.311E-11) ( 1.145E-12, 9.824E-13)  1.00E-07
  3.350E+01 1.11403E-20 -8.483E-04 ( 7.775E-11, 7.137E-11) ( 1.126E-12, 9.725E-13)  1.00E-07
  3.400E+01 1.05270E-20 -8.802E-04 ( 7.528E-11, 6.969E-11) ( 1.107E-12, 9.628E-13)  1.00E-07
  3.450E+01 9.95589E-21 -9.127E-04 ( 7.293E-11, 6.808E-11) ( 1.088E-12, 9.533E-13)  1.00E-07
  3.500E+01 9.42352E-21 -9.458E-04 ( 7.069E-11, 6.652E-11) ( 1.070E-12, 9.439E-13)  1.00E-07
  3.550E+01 8.92676E-21 -9.793E-04 ( 6.854E-11, 6.502E-11) ( 1.053E-12, 9.347E-13)  1.00E-07
  3.600E+01 8.46280E-21 -1.013E-03 ( 6.648E-11, 6.357E-11) ( 1.036E-12, 9.256E-13)  1.00E-07
  3.650E+01 8.02906E-21 -1.048E-03 ( 6.452E-11, 6.217E-11) ( 1.019E-12, 9.167E-13)  1.00E-07
  3.700E+01 7.62319E-21 -1.083E-03 ( 6.263E-11, 6.082E-11) ( 1.003E-12, 9.079E-13)  1.00E-07
  3.750E+01 7.24307E-21 -1.119E-03 ( 6.083E-11, 5.951E-11) ( 9.872E-13, 8.993E-13)  1.00E-07
  3.800E+01 6.88675E-21 -1.155E-03 ( 5.909E-11, 5.825E-11) ( 9.719E-13, 8.907E-13)  1.00E-07
  3.850E+01 6.55246E-21 -1.192E-03 ( 5.743E-11, 5.703E-11) ( 9.571E-13, 8.824E-13)  1.00E-07
  3.900E+01 6.23858E-21 -1.229E-03 ( 5.584E-11, 5.585E-11) ( 9.426E-13, 8.741E-13)  1.00E-07
  3.950E+01 5.94363E-21 -1.267E-03 ( 5.431E-11, 5.471E-11) ( 9.285E-13, 8.660E-13)  1.00E-07
  4.000E+01 5.66624E-21 -1.305E-03 ( 5.283E-11, 5.360E-11) ( 9.147E-13, 8.580E-13)  1.00E-07
  4.050E+01 5.40517E-21 -1.343E-03 ( 5.142E-11, 5.253E-11) ( 9.013E-13, 8.502E-13)  1.00E-07
  4.100E+01 5.15927E-21 -1.383E-03 ( 5.006E-11, 5.149E-11) ( 8.882E-13, 8.424E-13)  1.00E-07
  4.150E+01 4.92750E-21 -1.422E-03 ( 4.875E-11, 5.049E-11) ( 8.754E-13, 8.348E-13)  1.00E-07
  4.200E+01 4.70888E-21 -1.462E-03 ( 4.749E-11, 4.952E-11) ( 8.630E-13, 8.272E-13)  1.00E-07
  4.250E+01 4.50253E-21 -1.503E-03 ( 4.628E-11, 4.857E-11) ( 8.508E-13, 8.198E-13)  1.00E-07
  4.300E+01 4.30762E-21 -1.543E-03 ( 4.511E-11, 4.766E-11) ( 8.389E-13, 8.125E-13)  1.00E-07
  4.350E+01 4.12340E-21 -1.585E-03 ( 4.399E-11, 4.677E-11) ( 8.273E-13, 8.053E-13)  1.00E-07
  4.400E+01 3.94916E-21 -1.626E-03 ( 4.290E-11, 4.591E-11) ( 8.159E-13, 7.982E-13)  1.00E-07
  4.450E+01 3.78427E-21 -1.668E-03 ( 4.185E-11, 4.507E-11) ( 8.048E-13, 7.912E-13)  1.00E-07
  4.500E+01 3.62811E-21 -1.711E-03 ( 4.084E-11, 4.426E-11) ( 7.939E-13, 7.843E-13)  1.00E-07
  4.550E+01 3.48014E-21 -1.754E-03 ( 3.987E-11, 4.347E-11) ( 7.833E-13, 7.775E-13)  1.00E-07
  4.600E+01 3.33985E-21 -1.797E-03 ( 3.893E-11, 4.270E-11) ( 7.729E-13, 7.708E-13)  1.00E-07
  4.650E+01 3.20676E-21 -1.841E-03 ( 3.802E-11, 4.195E-11) ( 7.628E-13, 7.641E-13)  1.00E-07
  4.700E+01 3.08042E-21 -1.885E-03 ( 3.714E-11, 4.123E-11) ( 7.528E-13, 7.576E-13)  1.00E-07
  4.750E+01 2.96043E-21 -1.929E-03 ( 3.629E-11, 4.052E-11) ( 7.431E-13, 7.511E-13)  1.00E-07
  4.800E+01 2.84640E-21 -1.974E-03 ( 3.547E-11, 3.984E-11) ( 7.336E-13, 7.447E-13)  1.00E-07
  4.850E+01 2.73799E-21 -2.018E-03 ( 3.468E-11, 3.917E-11) ( 7.242E-13, 7.384E-13)  1.00E-07
  4.900E+01 2.63485E-21 -2.064E-03 ( 3.391E-11, 3.852E-11) ( 7.151E-13, 7.322E-13)  1.00E-07
  4.950E+01 2.53668E-21 -2.109E-03 ( 3.316E-11, 3.789E-11) ( 7.061E-13, 7.261E-13)  1.00E-07
  5.000E+01 2.44320E-21 -2.155E-03 ( 3.244E-11, 3.728E-11) ( 6.973E-13, 7.200E-13)  1.00E-07
  5.050E+01 2.35413E-21 -2.201E-03 ( 3.175E-11, 3.668E-11) ( 6.887E-13, 7.140E-13)  1.00E-07
  5.100E+01 2.26923E-21 -2.248E-03 ( 3.107E-11, 3.609E-11) ( 6.803E-13, 7.081E-13)  1.00E-07
  5.150E+01 2.18827E-21 -2.295E-03 ( 3.042E-11, 3.553E-11) ( 6.720E-13, 7.023E-13)  1.00E-07
  5.200E+01 2.11101E-21 -2.342E-03 ( 2.978E-11, 3.497E-11) ( 6.639E-13, 6.965E-13)  1.00E-07
  5.250E+01 2.03727E-21 -2.389E-03 ( 2.917E-11, 3.443E-11) ( 6.559E-13, 6.908E-13)  1.00E-07
  5.300E+01 1.96684E-21 -2.436E-03 ( 2.857E-11, 3.390E-11) ( 6.481E-13, 6.852E-13)  1.00E-07
  5.350E+01 1.89956E-21 -2.484E-03 ( 2.799E-11, 3.339E-11) ( 6.404E-13, 6.796E-13)  1.00E-07
  5.400E+01 1.83524E-21 -2.532E-03 ( 2.743E-11, 3.289E-11) ( 6.329E-13, 6.741E-13)  1.00E-07
  5.450E+01 1.77374E-21 -2.580E-03 ( 2.689E-11, 3.240E-11) ( 6.255E-13, 6.687E-13)  1.00E-07
  5.500E+01 1.71490E-21 -2.628E-03 ( 2.636E-11, 3.193E-11) ( 6.183E-13, 6.633E-13)  1.00E-07
  5.550E+01 1.65859E-21 -2.677E-03 ( 2.585E-11, 3.146E-11) ( 6.111E-13, 6.580E-13)  1.00E-07
  5.600E+01 1.60467E-21 -2.725E-03 ( 2.535E-11, 3.101E-11) ( 6.041E-13, 6.527E-13)  1.00E-07
  5.650E+01 1.55303E-21 -2.774E-03 ( 2.486E-11, 3.056E-11) ( 5.973E-13, 6.475E-13)  1.00E-07
  5.700E+01 1.50355E-21 -2.823E-03 ( 2.439E-11, 3.013E-11) ( 5.905E-13, 6.424E-13)  1.00E-07
  5.750E+01 1.45612E-21 -2.872E-03 ( 2.393E-11, 2.971E-11) ( 5.839E-13, 6.373E-13)  1.00E-07
  5.800E+01 1.41063E-21 -2.921E-03 ( 2.349E-11, 2.929E-11) ( 5.773E-13, 6.323E-13)  1.00E-07
  5.850E+01 1.36700E-21 -2.971E-03 ( 2.306E-11, 2.889E-11) ( 5.709E-13, 6.273E-13)  1.00E-07
  5.900E+01 1.32513E-21 -3.020E-03 ( 2.264E-11, 2.850E-11) ( 5.646E-13, 6.224E-13)  1.00E-07
  5.950E+01 1.28493E-21 -3.070E-03 ( 2.223E-11, 2.811E-11) ( 5.584E-13, 6.175E-13)  1.00E-07
  6.000E+01 1.24632E-21 -3.119E-03 ( 2.183E-11, 2.773E-11) ( 5.523E-13, 6.127E-13)  1.00E-07
  6.050E+01 1.20924E-21 -3.169E-03 ( 2.144E-11, 2.737E-11) ( 5.463E-13, 6.079E-13)  1.00E-07
  6.100E+01 1.17360E-21 -3.219E-03 ( 2.106E-11, 2.701E-11) ( 5.404E-13, 6.032E-13)  1.00E-07
  6.150E+01 1.13934E-21 -3.268E-03 ( 2.069E-11, 2.665E-11) ( 5.346E-13, 5.985E-13)  1.00E-07
  6.200E+01 1.10639E-21 -3.318E-03 ( 2.034E-11, 2.631E-11) ( 5.288E-13, 5.939E-13)  1.00E-07
  6.250E+01 1.07470E-21 -3.368E-03 ( 1.999E-11, 2.597E-11) ( 5.232E-13, 5.893E-13)  1.00E-07
  6.300E+01 1.04420E-21 -3.418E-03 ( 1.965E-11, 2.564E-11) ( 5.176E-13, 5.847E-13)  1.00E-07
  6.350E+01 1.01484E-21 -3.468E-03 ( 1.932E-11, 2.532E-11) ( 5.122E-13, 5.802E-13)  1.00E-07
  6.400E+01 9.86574E-22 -3.518E-03 ( 1.899E-11, 2.500E-11) ( 5.068E-13, 5.758E-13)  1.00E-07
  6.450E+01 9.59348E-22 -3.567E-03 ( 1.868E-11, 2.469E-11) ( 5.015E-13, 5.714E-13)  1.00E-07
  6.500E+01 9.33116E-22 -3.617E-03 ( 1.837E-11, 2.439E-11) ( 4.963E-13, 5.670E-13)  1.00E-07
  6.550E+01 9.07835E-22 -3.667E-03 ( 1.807E-11, 2.410E-11) ( 4.912E-13, 5.627E-13)  1.00E-07
  6.600E+01 8.83464E-22 -3.717E-03 ( 1.778E-11, 2.381E-11) ( 4.861E-13, 5.584E-13)  1.00E-07
  6.650E+01 8.59961E-22 -3.766E-03 ( 1.750E-11, 2.352E-11) ( 4.811E-13, 5.542E-13)  1.00E-07
  6.700E+01 8.37291E-22 -3.816E-03 ( 1.722E-11, 2.324E-11) ( 4.762E-13, 5.499E-13)  1.00E-07
  6.750E+01 8.15418E-22 -3.866E-03 ( 1.695E-11, 2.297E-11) ( 4.713E-13, 5.458E-13)  1.00E-07
  6.800E+01 7.94307E-22 -3.915E-03 ( 1.668E-11, 2.270E-11) ( 4.666E-13, 5.416E-13)  1.00E-07
  6.850E+01 7.73927E-22 -3.964E-03 ( 1.643E-11, 2.244E-11) ( 4.618E-13, 5.375E-13)  1.00E-07
  6.900E+01 7.54247E-22 -4.013E-03 ( 1.617E-11, 2.218E-11) ( 4.572E-13, 5.335E-13)  1.00E-07
  6.950E+01 7.35237E-22 -4.062E-03 ( 1.593E-11, 2.193E-11) ( 4.526E-13, 5.295E-13)  1.00E-07
  7.000E+01 7.16871E-22 -4.111E-03 ( 1.569E-11, 2.169E-11) ( 4.481E-13, 5.255E-13)  1.00E-07
  7.050E+01 6.99122E-22 -4.160E-03 ( 1.545E-11, 2.144E-11) ( 4.436E-13, 5.215E-13)  1.00E-07
  7.100E+01 6.81965E-22 -4.209E-03 ( 1.522E-11, 2.121E-11) ( 4.392E-13, 5.176E-13)  1.00E-07
  7.150E+01 6.65375E-22 -4.257E-03 ( 1.500E-11, 2.097E-11) ( 4.349E-13, 5.137E-13)  1.00E-07
  7.200E+01 6.49331E-22 -4.305E-03 ( 1.478E-11, 2.075E-11) ( 4.306E-13, 5.098E-13)  1.00E-07
  7.250E+01 6.33810E-22 -4.353E-03 ( 1.457E-11, 2.052E-11) ( 4.264E-13, 5.060E-13)  1.00E-07
  7.300E+01 6.18793E-22 -4.401E-03 ( 1.436E-11, 2.030E-11) ( 4.222E-13, 5.022E-13)  1.00E-07
  7.350E+01 6.04258E-22 -4.449E-03 ( 1.415E-11, 2.009E-11) ( 4.181E-13, 4.985E-13)  1.00E-07
  7.400E+01 5.90187E-22 -4.496E-03 ( 1.395E-11, 1.988E-11) ( 4.140E-13, 4.947E-13)  1.00E-07
  7.450E+01 5.76563E-22 -4.543E-03 ( 1.376E-11, 1.967E-11) ( 4.100E-13, 4.910E-13)  1.00E-07
  7.500E+01 5.63368E-22 -4.590E-03 ( 1.357E-11, 1.947E-11) ( 4.061E-13, 4.874E-13)  1.00E-07
  7.550E+01 5.50586E-22 -4.637E-03 ( 1.338E-11, 1.927E-11) ( 4.022E-13, 4.837E-13)  1.00E-07
  7.600E+01 5.38200E-22 -4.683E-03 ( 1.320E-11, 1.907E-11) ( 3.983E-13, 4.801E-13)  1.00E-07
  7.650E+01 5.26197E-22 -4.729E-03 ( 1.302E-11, 1.888E-11) ( 3.945E-13, 4.765E-13)  1.00E-07
  7.700E+01 5.14562E-22 -4.775E-03 ( 1.284E-11, 1.869E-11) ( 3.907E-13, 4.729E-13)  1.00E-07
  7.750E+01 5.03281E-22 -4.820E-03 ( 1.267E-11, 1.850E-11) ( 3.870E-13, 4.694E-13)  1.00E-07
  7.800E+01 4.92342E-22 -4.866E-03 ( 1.250E-11, 1.832E-11) ( 3.833E-13, 4.659E-13)  1.00E-07
  7.850E+01 4.81731E-22 -4.910E-03 ( 1.234E-11, 1.814E-11) ( 3.797E-13, 4.624E-13)  1.00E-07
  7.900E+01 4.71436E-22 -4.955E-03 ( 1.218E-11, 1.797E-11) ( 3.761E-13, 4.590E-13)  1.00E-07
  7.950E+01 4.61447E-22 -4.999E-03 ( 1.202E-11, 1.779E-11) ( 3.725E-13, 4.555E-13)  1.00E-07
  8.000E+01 4.51752E-22 -5.043E-03 ( 1.187E-11, 1.762E-11) ( 3.690E-13, 4.521E-13)  1.00E-07
  8.050E+01 4.42340E-22 -5.086E-03 ( 1.171E-11, 1.746E-11) ( 3.655E-13, 4.488E-13)  1.00E-07
  8.100E+01 4.33203E-22 -5.129E-03 ( 1.157E-11, 1.729E-11) ( 3.621E-13, 4.454E-13)  1.00E-07
  8.150E+01 4.24329E-22 -5.172E-03 ( 1.142E-11, 1.713E-11) ( 3.587E-13, 4.421E-13)  1.00E-07
  8.200E+01 4.15710E-22 -5.214E-03 ( 1.128E-11, 1.698E-11) ( 3.554E-13, 4.388E-13)  1.00E-07
  8.250E+01 4.07337E-22 -5.256E-03 ( 1.114E-11, 1.682E-11) ( 3.520E-13, 4.355E-13)  1.00E-07
  8.300E+01 3.99202E-22 -5.297E-03 ( 1.100E-11, 1.667E-11) ( 3.488E-13, 4.322E-13)  1.00E-07
  8.350E+01 3.91295E-22 -5.338E-03 ( 1.087E-11, 1.652E-11) ( 3.455E-13, 4.290E-13)  1.00E-07
  8.400E+01 3.83610E-22 -5.379E-03 ( 1.074E-11, 1.637E-11) ( 3.423E-13, 4.258E-13)  1.00E-07
  8.450E+01 3.76139E-22 -5.419E-03 ( 1.061E-11, 1.623E-11) ( 3.391E-13, 4.226E-13)  1.00E-07
  8.500E+01 3.68875E-22 -5.458E-03 ( 1.048E-11, 1.608E-11) ( 3.360E-13, 4.194E-13)  1.00E-07
  8.550E+01 3.61810E-22 -5.498E-03 ( 1.036E-11, 1.594E-11) ( 3.329E-13, 4.162E-13)  1.00E-07
  8.600E+01 3.54938E-22 -5.536E-03 ( 1.024E-11, 1.581E-11) ( 3.298E-13, 4.131E-13)  1.00E-07
  8.650E+01 3.48253E-22 -5.574E-03 ( 1.012E-11, 1.567E-11) ( 3.268E-13, 4.100E-13)  1.00E-07
  8.700E+01 3.41749E-22 -5.612E-03 ( 1.000E-11, 1.554E-11) ( 3.237E-13, 4.069E-13)  1.00E-07
  8.750E+01 3.35419E-22 -5.649E-03 ( 9.891E-12, 1.541E-11) ( 3.208E-13, 4.038E-13)  1.00E-07
  8.800E+01 3.29258E-22 -5.686E-03 ( 9.779E-12, 1.528E-11) ( 3.178E-13, 4.008E-13)  1.00E-07
  8.850E+01 3.23260E-22 -5.722E-03 ( 9.669E-12, 1.515E-11) ( 3.149E-13, 3.977E-13)  1.00E-07
  8.900E+01 3.17421E-22 -5.758E-03 ( 9.561E-12, 1.503E-11) ( 3.120E-13, 3.947E-13)  1.00E-07
  8.950E+01 3.11735E-22 -5.793E-03 ( 9.455E-12, 1.490E-11) ( 3.091E-13, 3.917E-13)  1.00E-07
  9.000E+01 3.06197E-22 -5.827E-03 ( 9.352E-12, 1.478E-11) ( 3.063E-13, 3.887E-13)  1.00E-07
  9.050E+01 3.00803E-22 -5.861E-03 ( 9.250E-12, 1.466E-11) ( 3.035E-13, 3.858E-13)  1.00E-07
  9.100E+01 2.95547E-22 -5.895E-03 ( 9.150E-12, 1.455E-11) ( 3.007E-13, 3.828E-13)  1.00E-07
  9.150E+01 2.90427E-22 -5.927E-03 ( 9.052E-12, 1.443E-11) ( 2.979E-13, 3.799E-13)  1.00E-07
  9.200E+01 2.85437E-22 -5.960E-03 ( 8.956E-12, 1.432E-11) ( 2.952E-13, 3.770E-13)  1.00E-07
  9.250E+01 2.80574E-22 -5.991E-03 ( 8.861E-12, 1.421E-11) ( 2.925E-13, 3.741E-13)  1.00E-07
  9.300E+01 2.75833E-22 -6.022E-03 ( 8.768E-12, 1.410E-11) ( 2.898E-13, 3.712E-13)  1.00E-07
  9.350E+01 2.71212E-22 -6.053E-03 ( 8.677E-12, 1.399E-11) ( 2.872E-13, 3.684E-13)  1.00E-07
  9.400E+01 2.66706E-22 -6.082E-03 ( 8.588E-12, 1.388E-11) ( 2.845E-13, 3.655E-13)  1.00E-07
  9.450E+01 2.62311E-22 -6.112E-03 ( 8.500E-12, 1.378E-11) ( 2.819E-13, 3.627E-13)  1.00E-07
  9.500E+01 2.58025E-22 -6.140E-03 ( 8.414E-12, 1.368E-11) ( 2.793E-13, 3.599E-13)  1.00E-07
  9.550E+01 2.53844E-22 -6.168E-03 ( 8.329E-12, 1.357E-11) ( 2.768E-13, 3.571E-13)  1.00E-07
  9.600E+01 2.49766E-22 -6.195E-03 ( 8.246E-12, 1.347E-11) ( 2.743E-13, 3.543E-13)  1.00E-07
  9.650E+01 2.45786E-22 -6.222E-03 ( 8.164E-12, 1.338E-11) ( 2.717E-13, 3.516E-13)  1.00E-07
  9.700E+01 2.41903E-22 -6.248E-03 ( 8.084E-12, 1.328E-11) ( 2.692E-13, 3.488E-13)  1.00E-07
  9.750E+01 2.38113E-22 -6.273E-03 ( 8.005E-12, 1.318E-11) ( 2.668E-13, 3.461E-13)  1.00E-07
  9.800E+01 2.34414E-22 -6.297E-03 ( 7.928E-12, 1.309E-11) ( 2.643E-13, 3.434E-13)  1.00E-07
  9.850E+01 2.30803E-22 -6.321E-03 ( 7.852E-12, 1.300E-11) ( 2.619E-13, 3.407E-13)  1.00E-07
  9.900E+01 2.27278E-22 -6.344E-03 ( 7.777E-12, 1.291E-11) ( 2.595E-13, 3.380E-13)  1.00E-07
  9.950E+01 2.23836E-22 -6.367E-03 ( 7.704E-12, 1.282E-11) ( 2.571E-13, 3.353E-13)  1.00E-07
  1.000E+02 2.20474E-22 -6.389E-03 ( 7.632E-12, 1.273E-11) ( 2.547E-13, 3.326E-13)  1.00E-07
  1.005E+02 2.17191E-22 -6.410E-03 ( 7.561E-12, 1.264E-11) ( 2.524E-13, 3.300E-13)  1.00E-07
  1.010E+02 2.13985E-22 -6.430E-03 ( 7.491E-12, 1.256E-11) ( 2.500E-13, 3.273E-13)  1.00E-07
  1.015E+02 2.10852E-22 -6.449E-03 ( 7.422E-12, 1.247E-11) ( 2.477E-13, 3.247E-13)  1.00E-07
  1.020E+02 2.07792E-22 -6.468E-03 ( 7.355E-12, 1.239E-11) ( 2.454E-13, 3.221E-13)  1.00E-07
  1.025E+02 2.04802E-22 -6.486E-03 ( 7.289E-12, 1.231E-11) ( 2.432E-13, 3.195E-13)  1.00E-07
  1.030E+02 2.01880E-22 -6.504E-03 ( 7.224E-12, 1.223E-11) ( 2.409E-13, 3.169E-13)  1.00E-07
  1.035E+02 1.99024E-22 -6.520E-03 ( 7.160E-12, 1.215E-11) ( 2.387E-13, 3.143E-13)  1.00E-07
  1.040E+02 1.96233E-22 -6.536E-03 ( 7.097E-12, 1.207E-11) ( 2.364E-13, 3.118E-13)  1.00E-07
  1.045E+02 1.93505E-22 -6.551E-03 ( 7.035E-12, 1.199E-11) ( 2.342E-13, 3.092E-13)  1.00E-07
  1.050E+02 1.90838E-22 -6.565E-03 ( 6.975E-12, 1.192E-11) ( 2.320E-13, 3.067E-13)  1.00E-07
  1.055E+02 1.88231E-22 -6.579E-03 ( 6.915E-12, 1.184E-11) ( 2.299E-13, 3.042E-13)  1.00E-07
  1.060E+02 1.85681E-22 -6.592E-03 ( 6.856E-12, 1.177E-11) ( 2.277E-13, 3.017E-13)  1.00E-07
  1.065E+02 1.83188E-22 -6.603E-03 ( 6.798E-12, 1.170E-11) ( 2.256E-13, 2.992E-13)  1.00E-07
  1.070E+02 1.80749E-22 -6.615E-03 ( 6.741E-12, 1.163E-11) ( 2.234E-13, 2.967E-13)  1.00E-07
  1.075E+02 1.78365E-22 -6.625E-03 ( 6.686E-12, 1.156E-11) ( 2.213E-13, 2.942E-13)  1.00E-07
  1.080E+02 1.76032E-22 -6.634E-03 ( 6.631E-12, 1.149E-11) ( 2.192E-13, 2.917E-13)  1.00E-07
  1.085E+02 1.73750E-22 -6.643E-03 ( 6.577E-12, 1.142E-11) ( 2.172E-13, 2.893E-13)  1.00E-07
  1.090E+02 1.71517E-22 -6.651E-03 ( 6.523E-12, 1.135E-11) ( 2.151E-13, 2.868E-13)  1.00E-07
  1.095E+02 1.69333E-22 -6.658E-03 ( 6.471E-12, 1.128E-11) ( 2.130E-13, 2.844E-13)  1.00E-07
  1.100E+02 1.67196E-22 -6.664E-03 ( 6.420E-12, 1.122E-11) ( 2.110E-13, 2.820E-13)  1.00E-07
  1.105E+02 1.65104E-22 -6.670E-03 ( 6.369E-12, 1.115E-11) ( 2.090E-13, 2.796E-13)  1.00E-07
  1.110E+02 1.63057E-22 -6.675E-03 ( 6.319E-12, 1.109E-11) ( 2.070E-13, 2.771E-13)  1.00E-07
  1.115E+02 1.61054E-22 -6.678E-03 ( 6.270E-12, 1.103E-11) ( 2.050E-13, 2.748E-13)  1.00E-07
  1.120E+02 1.59093E-22 -6.681E-03 ( 6.222E-12, 1.097E-11) ( 2.030E-13, 2.724E-13)  1.00E-07
  1.125E+02 1.57173E-22 -6.683E-03 ( 6.175E-12, 1.091E-11) ( 2.010E-13, 2.700E-13)  1.00E-07
  1.130E+02 1.55294E-22 -6.685E-03 ( 6.128E-12, 1.085E-11) ( 1.991E-13, 2.676E-13)  1.00E-07
  1.135E+02 1.53454E-22 -6.685E-03 ( 6.083E-12, 1.079E-11) ( 1.971E-13, 2.653E-13)  1.00E-07
  1.140E+02 1.51652E-22 -6.685E-03 ( 6.037E-12, 1.073E-11) ( 1.952E-13, 2.629E-13)  1.00E-07
  1.145E+02 1.49889E-22 -6.683E-03 ( 5.993E-12, 1.067E-11) ( 1.933E-13, 2.606E-13)  1.00E-07
  1.150E+02 1.48161E-22 -6.681E-03 ( 5.949E-12, 1.061E-11) ( 1.914E-13, 2.583E-13)  1.00E-07
  1.155E+02 1.46470E-22 -6.678E-03 ( 5.906E-12, 1.056E-11) ( 1.895E-13, 2.559E-13)  1.00E-07
  1.160E+02 1.44813E-22 -6.674E-03 ( 5.864E-12, 1.050E-11) ( 1.876E-13, 2.536E-13)  1.00E-07
  1.165E+02 1.43190E-22 -6.670E-03 ( 5.823E-12, 1.045E-11) ( 1.857E-13, 2.513E-13)  1.00E-07
  1.170E+02 1.41600E-22 -6.664E-03 ( 5.782E-12, 1.040E-11) ( 1.839E-13, 2.490E-13)  1.00E-07
  1.175E+02 1.40043E-22 -6.658E-03 ( 5.741E-12, 1.034E-11) ( 1.820E-13, 2.468E-13)  1.00E-07
  1.180E+02 1.38518E-22 -6.650E-03 ( 5.702E-12, 1.029E-11) ( 1.802E-13, 2.445E-13)  1.00E-07
  1.185E+02 1.37024E-22 -6.642E-03 ( 5.663E-12, 1.024E-11) ( 1.784E-13, 2.422E-13)  1.00E-07
  1.190E+02 1.35560E-22 -6.633E-03 ( 5.624E-12, 1.019E-11) ( 1.766E-13, 2.399E-13)  1.00E-07
  1.195E+02 1.34125E-22 -6.623E-03 ( 5.587E-12, 1.014E-11) ( 1.748E-13, 2.377E-13)  1.00E-07
  1.200E+02 1.32720E-22 -6.612E-03 ( 5.549E-12, 1.009E-11) ( 1.730E-13, 2.355E-13)  1.00E-07
  1.205E+02 1.31342E-22 -6.601E-03 ( 5.513E-12, 1.004E-11) ( 1.712E-13, 2.332E-13)  1.00E-07
  1.210E+02 1.29993E-22 -6.588E-03 ( 5.477E-12, 9.996E-12) ( 1.694E-13, 2.310E-13)  1.00E-07
  1.215E+02 1.28670E-22 -6.575E-03 ( 5.441E-12, 9.949E-12) ( 1.676E-13, 2.288E-13)  1.00E-07
  1.220E+02 1.27373E-22 -6.560E-03 ( 5.407E-12, 9.903E-12) ( 1.659E-13, 2.266E-13)  1.00E-07
  1.225E+02 1.26103E-22 -6.545E-03 ( 5.372E-12, 9.857E-12) ( 1.641E-13, 2.244E-13)  1.00E-07
  1.230E+02 1.24858E-22 -6.529E-03 ( 5.339E-12, 9.812E-12) ( 1.624E-13, 2.222E-13)  1.00E-07
  1.235E+02 1.23637E-22 -6.512E-03 ( 5.305E-12, 9.768E-12) ( 1.607E-13, 2.200E-13)  1.00E-07
  1.240E+02 1.22440E-22 -6.494E-03 ( 5.273E-12, 9.725E-12) ( 1.590E-13, 2.178E-13)  1.00E-07
  1.245E+02 1.21268E-22 -6.476E-03 ( 5.241E-12, 9.682E-12) ( 1.573E-13, 2.156E-13)  1.00E-07
  1.250E+02 1.20118E-22 -6.456E-03 ( 5.209E-12, 9.639E-12) ( 1.556E-13, 2.134E-13)  1.00E-07
  1.255E+02 1.18991E-22 -6.436E-03 ( 5.178E-12, 9.598E-12) ( 1.539E-13, 2.113E-13)  1.00E-07
  1.260E+02 1.17886E-22 -6.414E-03 ( 5.147E-12, 9.557E-12) ( 1.522E-13, 2.091E-13)  1.00E-07
  1.265E+02 1.16803E-22 -6.392E-03 ( 5.117E-12, 9.516E-12) ( 1.505E-13, 2.070E-13)  1.00E-07
  1.270E+02 1.15741E-22 -6.369E-03 ( 5.087E-12, 9.476E-12) ( 1.489E-13, 2.048E-13)  1.00E-07
  1.275E+02 1.14700E-22 -6.345E-03 ( 5.058E-12, 9.437E-12) ( 1.472E-13, 2.027E-13)  1.00E-07
  1.280E+02 1.13679E-22 -6.320E-03 ( 5.029E-12, 9.398E-12) ( 1.455E-13, 2.006E-13)  1.00E-07
  1.285E+02 1.12678E-22 -6.294E-03 ( 5.001E-12, 9.360E-12) ( 1.439E-13, 1.984E-13)  1.00E-07
  1.290E+02 1.11696E-22 -6.268E-03 ( 4.973E-12, 9.322E-12) ( 1.423E-13, 1.963E-13)  1.00E-07
  1.295E+02 1.10734E-22 -6.240E-03 ( 4.946E-12, 9.285E-12) ( 1.407E-13, 1.942E-13)  1.00E-07
  1.300E+02 1.09791E-22 -6.212E-03 ( 4.919E-12, 9.249E-12) ( 1.390E-13, 1.921E-13)  1.00E-07
  1.305E+02 1.08866E-22 -6.183E-03 ( 4.892E-12, 9.213E-12) ( 1.374E-13, 1.900E-13)  1.00E-07
  1.310E+02 1.07958E-22 -6.153E-03 ( 4.866E-12, 9.177E-12) ( 1.358E-13, 1.879E-13)  1.00E-07
  1.315E+02 1.07069E-22 -6.122E-03 ( 4.841E-12, 9.142E-12) ( 1.342E-13, 1.858E-13)  1.00E-07
  1.320E+02 1.06197E-22 -6.090E-03 ( 4.815E-12, 9.108E-12) ( 1.326E-13, 1.837E-13)  1.00E-07
  1.325E+02 1.05342E-22 -6.058E-03 ( 4.791E-12, 9.074E-12) ( 1.311E-13, 1.817E-13)  1.00E-07
  1.330E+02 1.04503E-22 -6.024E-03 ( 4.766E-12, 9.041E-12) ( 1.295E-13, 1.796E-13)  1.00E-07
  1.335E+02 1.03681E-22 -5.990E-03 ( 4.742E-12, 9.008E-12) ( 1.279E-13, 1.775E-13)  1.00E-07
  1.340E+02 1.02875E-22 -5.955E-03 ( 4.718E-12, 8.976E-12) ( 1.264E-13, 1.755E-13)  1.00E-07
  1.345E+02 1.02084E-22 -5.919E-03 ( 4.695E-12, 8.944E-12) ( 1.248E-13, 1.734E-13)  1.00E-07
  1.350E+02 1.01309E-22 -5.882E-03 ( 4.672E-12, 8.913E-12) ( 1.233E-13, 1.713E-13)  1.00E-07
  1.355E+02 1.00549E-22 -5.844E-03 ( 4.650E-12, 8.882E-12) ( 1.217E-13, 1.693E-13)  1.00E-07
  1.360E+02 9.98042E-23 -5.806E-03 ( 4.628E-12, 8.851E-12) ( 1.202E-13, 1.673E-13)  1.00E-07
  1.365E+02 9.90736E-23 -5.767E-03 ( 4.606E-12, 8.821E-12) ( 1.187E-13, 1.652E-13)  1.00E-07
  1.370E+02 9.83574E-23 -5.726E-03 ( 4.585E-12, 8.792E-12) ( 1.171E-13, 1.632E-13)  1.00E-07
  1.375E+02 9.76552E-23 -5.685E-03 ( 4.564E-12, 8.763E-12) ( 1.156E-13, 1.612E-13)  1.00E-07
  1.380E+02 9.69668E-23 -5.644E-03 ( 4.543E-12, 8.734E-12) ( 1.141E-13, 1.592E-13)  1.00E-07
  1.385E+02 9.62919E-23 -5.601E-03 ( 4.523E-12, 8.706E-12) ( 1.126E-13, 1.571E-13)  1.00E-07
  1.390E+02 9.56303E-23 -5.558E-03 ( 4.503E-12, 8.679E-12) ( 1.111E-13, 1.551E-13)  1.00E-07
  1.395E+02 9.49818E-23 -5.514E-03 ( 4.483E-12, 8.652E-12) ( 1.096E-13, 1.531E-13)  1.00E-07
  1.400E+02 9.43462E-23 -5.469E-03 ( 4.464E-12, 8.625E-12) ( 1.081E-13, 1.511E-13)  1.00E-07
  1.405E+02 9.37231E-23 -5.423E-03 ( 4.445E-12, 8.599E-12) ( 1.066E-13, 1.491E-13)  1.00E-07
  1.410E+02 9.31125E-23 -5.376E-03 ( 4.426E-12, 8.573E-12) ( 1.052E-13, 1.471E-13)  1.00E-07
  1.415E+02 9.25140E-23 -5.329E-03 ( 4.408E-12, 8.547E-12) ( 1.037E-13, 1.451E-13)  1.00E-07
  1.420E+02 9.19275E-23 -5.281E-03 ( 4.390E-12, 8.522E-12) ( 1.022E-13, 1.432E-13)  1.00E-07
  1.425E+02 9.13529E-23 -5.232E-03 ( 4.372E-12, 8.498E-12) ( 1.008E-13, 1.412E-13)  1.00E-07
  1.430E+02 9.07898E-23 -5.183E-03 ( 4.355E-12, 8.473E-12) ( 9.930E-14, 1.392E-13)  1.00E-07
  1.435E+02 9.02381E-23 -5.132E-03 ( 4.338E-12, 8.450E-12) ( 9.785E-14, 1.372E-13)  1.00E-07
  1.440E+02 8.96976E-23 -5.081E-03 ( 4.321E-12, 8.426E-12) ( 9.640E-14, 1.353E-13)  1.00E-07
  1.445E+02 8.91682E-23 -5.029E-03 ( 4.304E-12, 8.403E-12) ( 9.496E-14, 1.333E-13)  1.00E-07
  1.450E+02 8.86496E-23 -4.977E-03 ( 4.288E-12, 8.381E-12) ( 9.352E-14, 1.313E-13)  1.00E-07
  1.455E+02 8.81417E-23 -4.924E-03 ( 4.272E-12, 8.358E-12) ( 9.209E-14, 1.294E-13)  1.00E-07
  1.460E+02 8.76444E-23 -4.870E-03 ( 4.257E-12, 8.337E-12) ( 9.066E-14, 1.274E-13)  1.00E-07
  1.465E+02 8.71574E-23 -4.815E-03 ( 4.242E-12, 8.315E-12) ( 8.923E-14, 1.255E-13)  1.00E-07
  1.470E+02 8.66806E-23 -4.759E-03 ( 4.227E-12, 8.294E-12) ( 8.781E-14, 1.235E-13)  1.00E-07
  1.475E+02 8.62138E-23 -4.703E-03 ( 4.212E-12, 8.274E-12) ( 8.640E-14, 1.216E-13)  1.00E-07
  1.480E+02 8.57569E-23 -4.646E-03 ( 4.198E-12, 8.253E-12) ( 8.498E-14, 1.196E-13)  1.00E-07
  1.485E+02 8.53098E-23 -4.589E-03 ( 4.183E-12, 8.233E-12) ( 8.358E-14, 1.177E-13)  1.00E-07
  1.490E+02 8.48723E-23 -4.531E-03 ( 4.170E-12, 8.214E-12) ( 8.217E-14, 1.158E-13)  1.00E-07
  1.495E+02 8.44443E-23 -4.472E-03 ( 4.156E-12, 8.195E-12) ( 8.077E-14, 1.138E-13)  1.00E-07
  1.500E+02 8.40256E-23 -4.412E-03 ( 4.143E-12, 8.176E-12) ( 7.937E-14, 1.119E-13)  1.00E-07
  1.505E+02 8.36161E-23 -4.352E-03 ( 4.130E-12, 8.157E-12) ( 7.798E-14, 1.100E-13)  1.00E-07
  1.510E+02 8.32157E-23 -4.291E-03 ( 4.117E-12, 8.139E-12) ( 7.659E-14, 1.081E-13)  1.00E-07
  1.515E+02 8.28243E-23 -4.230E-03 ( 4.104E-12, 8.122E-12) ( 7.521E-14, 1.061E-13)  1.00E-07
  1.520E+02 8.24417E-23 -4.168E-03 ( 4.092E-12, 8.104E-12) ( 7.383E-14, 1.042E-13)  1.00E-07
  1.525E+02 8.20677E-23 -4.105E-03 ( 4.080E-12, 8.087E-12) ( 7.245E-14, 1.023E-13)  1.00E-07
  1.530E+02 8.17024E-23 -4.042E-03 ( 4.068E-12, 8.071E-12) ( 7.107E-14, 1.004E-13)  1.00E-07
  1.535E+02 8.13456E-23 -3.978E-03 ( 4.057E-12, 8.054E-12) ( 6.970E-14, 9.850E-14)  1.00E-07
  1.540E+02 8.09971E-23 -3.914E-03 ( 4.045E-12, 8.038E-12) ( 6.833E-14, 9.660E-14)  1.00E-07
  1.545E+02 8.06570E-23 -3.849E-03 ( 4.034E-12, 8.023E-12) ( 6.697E-14, 9.470E-14)  1.00E-07
  1.550E+02 8.03249E-23 -3.783E-03 ( 4.024E-12, 8.008E-12) ( 6.560E-14, 9.280E-14)  1.00E-07
  1.555E+02 8.00010E-23 -3.717E-03 ( 4.013E-12, 7.993E-12) ( 6.424E-14, 9.090E-14)  1.00E-07
  1.560E+02 7.96850E-23 -3.650E-03 ( 4.003E-12, 7.978E-12) ( 6.289E-14, 8.901E-14)  1.00E-07
  1.565E+02 7.93769E-23 -3.583E-03 ( 3.993E-12, 7.964E-12) ( 6.153E-14, 8.712E-14)  1.00E-07
  1.570E+02 7.90766E-23 -3.515E-03 ( 3.983E-12, 7.950E-12) ( 6.018E-14, 8.523E-14)  1.00E-07
  1.575E+02 7.87840E-23 -3.446E-03 ( 3.974E-12, 7.936E-12) ( 5.883E-14, 8.334E-14)  1.00E-07
  1.580E+02 7.84990E-23 -3.378E-03 ( 3.964E-12, 7.923E-12) ( 5.749E-14, 8.146E-14)  1.00E-07
  1.585E+02 7.82215E-23 -3.308E-03 ( 3.955E-12, 7.910E-12) ( 5.615E-14, 7.957E-14)  1.00E-07
  1.590E+02 7.79515E-23 -3.238E-03 ( 3.946E-12, 7.897E-12) ( 5.481E-14, 7.769E-14)  1.00E-07
  1.595E+02 7.76888E-23 -3.168E-03 ( 3.938E-12, 7.885E-12) ( 5.347E-14, 7.582E-14)  1.00E-07
  1.600E+02 7.74334E-23 -3.097E-03 ( 3.929E-12, 7.873E-12) ( 5.213E-14, 7.394E-14)  1.00E-07
  1.605E+02 7.71853E-23 -3.026E-03 ( 3.921E-12, 7.861E-12) ( 5.080E-14, 7.207E-14)  1.00E-07
  1.610E+02 7.69443E-23 -2.954E-03 ( 3.913E-12, 7.850E-12) ( 4.947E-14, 7.020E-14)  1.00E-07
  1.615E+02 7.67103E-23 -2.882E-03 ( 3.905E-12, 7.839E-12) ( 4.814E-14, 6.833E-14)  1.00E-07
  1.620E+02 7.64834E-23 -2.809E-03 ( 3.898E-12, 7.828E-12) ( 4.681E-14, 6.646E-14)  1.00E-07
  1.625E+02 7.62634E-23 -2.736E-03 ( 3.891E-12, 7.818E-12) ( 4.549E-14, 6.459E-14)  1.00E-07
  1.630E+02 7.60503E-23 -2.663E-03 ( 3.884E-12, 7.808E-12) ( 4.417E-14, 6.273E-14)  1.00E-07
  1.635E+02 7.58440E-23 -2.589E-03 ( 3.877E-12, 7.798E-12) ( 4.285E-14, 6.086E-14)  1.00E-07
  1.640E+02 7.56444E-23 -2.514E-03 ( 3.870E-12, 7.789E-12) ( 4.153E-14, 5.900E-14)  1.00E-07
  1.645E+02 7.54516E-23 -2.440E-03 ( 3.864E-12, 7.779E-12) ( 4.021E-14, 5.714E-14)  1.00E-07
  1.650E+02 7.52654E-23 -2.365E-03 ( 3.858E-12, 7.770E-12) ( 3.890E-14, 5.528E-14)  1.00E-07
  1.655E+02 7.50858E-23 -2.289E-03 ( 3.852E-12, 7.762E-12) ( 3.759E-14, 5.343E-14)  1.00E-07
  1.660E+02 7.49128E-23 -2.214E-03 ( 3.846E-12, 7.754E-12) ( 3.627E-14, 5.157E-14)  1.00E-07
  1.665E+02 7.47462E-23 -2.138E-03 ( 3.840E-12, 7.746E-12) ( 3.496E-14, 4.972E-14)  1.00E-07
  1.670E+02 7.45861E-23 -2.061E-03 ( 3.835E-12, 7.738E-12) ( 3.366E-14, 4.787E-14)  1.00E-07
  1.675E+02 7.44325E-23 -1.984E-03 ( 3.830E-12, 7.731E-12) ( 3.235E-14, 4.602E-14)  1.00E-07
  1.680E+02 7.42851E-23 -1.907E-03 ( 3.825E-12, 7.724E-12) ( 3.104E-14, 4.417E-14)  1.00E-07
  1.685E+02 7.41441E-23 -1.830E-03 ( 3.820E-12, 7.717E-12) ( 2.974E-14, 4.232E-14)  1.00E-07
  1.690E+02 7.40094E-23 -1.753E-03 ( 3.816E-12, 7.710E-12) ( 2.844E-14, 4.047E-14)  1.00E-07
  1.695E+02 7.38809E-23 -1.675E-03 ( 3.811E-12, 7.704E-12) ( 2.714E-14, 3.862E-14)  1.00E-07
  1.700E+02 7.37586E-23 -1.597E-03 ( 3.807E-12, 7.698E-12) ( 2.584E-14, 3.678E-14)  1.00E-07
  1.705E+02 7.36425E-23 -1.518E-03 ( 3.803E-12, 7.693E-12) ( 2.454E-14, 3.493E-14)  1.00E-07
  1.710E+02 7.35326E-23 -1.440E-03 ( 3.800E-12, 7.687E-12) ( 2.324E-14, 3.309E-14)  1.00E-07
  1.715E+02 7.34288E-23 -1.361E-03 ( 3.796E-12, 7.682E-12) ( 2.194E-14, 3.124E-14)  1.00E-07
  1.720E+02 7.33310E-23 -1.282E-03 ( 3.793E-12, 7.677E-12) ( 2.065E-14, 2.940E-14)  1.00E-07
  1.725E+02 7.32393E-23 -1.203E-03 ( 3.790E-12, 7.673E-12) ( 1.935E-14, 2.756E-14)  1.00E-07
  1.730E+02 7.31536E-23 -1.124E-03 ( 3.787E-12, 7.669E-12) ( 1.806E-14, 2.572E-14)  1.00E-07
  1.735E+02 7.30740E-23 -1.044E-03 ( 3.784E-12, 7.665E-12) ( 1.677E-14, 2.388E-14)  1.00E-07
  1.740E+02 7.30003E-23 -9.643E-04 ( 3.782E-12, 7.661E-12) ( 1.547E-14, 2.204E-14)  1.00E-07
  1.745E+02 7.29326E-23 -8.844E-04 ( 3.779E-12, 7.658E-12) ( 1.418E-14, 2.020E-14)  1.00E-07
  1.750E+02 7.28709E-23 -8.045E-04 ( 3.777E-12, 7.655E-12) ( 1.289E-14, 1.836E-14)  1.00E-07
  1.755E+02 7.28151E-23 -7.244E-04 ( 3.776E-12, 7.652E-12) ( 1.160E-14, 1.653E-14)  1.00E-07
  1.760E+02 7.27652E-23 -6.442E-04 ( 3.774E-12, 7.650E-12) ( 1.031E-14, 1.469E-14)  1.00E-07
  1.765E+02 7.27212E-23 -5.639E-04 ( 3.772E-12, 7.648E-12) ( 9.020E-15, 1.285E-14)  1.00E-07
  1.770E+02 7.26830E-23 -4.835E-04 ( 3.771E-12, 7.646E-12) ( 7.731E-15, 1.102E-14)  1.00E-07
  1.775E+02 7.26508E-23 -4.030E-04 ( 3.770E-12, 7.644E-12) ( 6.442E-15, 9.179E-15)  1.00E-07
  1.780E+02 7.26245E-23 -3.225E-04 ( 3.769E-12, 7.643E-12) ( 5.153E-15, 7.343E-15)  1.00E-07
  1.785E+02 7.26040E-23 -2.419E-04 ( 3.768E-12, 7.642E-12) ( 3.865E-15, 5.507E-15)  1.00E-07
  1.790E+02 7.25893E-23 -1.613E-04 ( 3.768E-12, 7.641E-12) ( 2.576E-15, 3.671E-15)  1.00E-07
  1.795E+02 7.25806E-23 -8.065E-05 ( 3.768E-12, 7.641E-12) ( 1.288E-15, 1.836E-15)  1.00E-07
  1.800E+02 7.25776E-23 -1.132E-18 ( 3.767E-12, 7.641E-12) ( 1.808E-29, 2.576E-29)  1.00E-07

  TOTAL ELASTIC CROSS SECTION = 2.476638E-18 cm**2
               FROM DCS TABLE = 2.475913E-18  (REL. DIF. = 2.93E-04)

  1ST TRANSPORT CROSS SECTION = 1.260556E-20 cm**2
               FROM DCS TABLE = 1.260518E-20  (REL. DIF. = 3.02E-05)

  2ND TRANSPORT CROSS SECTION = 3.212004E-20 cm**2

  **** DPWA0 ENDED ************************************************************

