 #  Scattering amplitudes (in cm)      MU=(1-cos(TH))/2
 #  Z =   6,   projectile: electron
 #  Kinetic energy = 2.50000E+04 eV
 #
 # TH (deg)      MU          Re(F)        Im(F)        Re(G)        Im(G)
 #--------------------------------------------------------------------------
  0.000E+00  0.00000E+00  2.53884E-08  1.61588E-09  0.00000E+00  0.00000E+00
  1.000E-04  7.61557E-13  2.53884E-08  1.61588E-09  1.03555E-15  6.61993E-17
  1.250E-04  1.18994E-12  2.53884E-08  1.61588E-09  1.29444E-15  8.27492E-17
  1.500E-04  1.71346E-12  2.53884E-08  1.61588E-09  1.55333E-15  9.92990E-17
  1.750E-04  2.33225E-12  2.53884E-08  1.61588E-09  1.81221E-15  1.15849E-16
  2.000E-04  3.04617E-12  2.53884E-08  1.61588E-09  2.07110E-15  1.32399E-16
  2.250E-04  3.85530E-12  2.53884E-08  1.61588E-09  2.32999E-15  1.48949E-16
  2.500E-04  4.75964E-12  2.53884E-08  1.61588E-09  2.58888E-15  1.65498E-16
  2.750E-04  5.75917E-12  2.53884E-08  1.61588E-09  2.84776E-15  1.82048E-16
  3.000E-04  6.85391E-12  2.53884E-08  1.61588E-09  3.10665E-15  1.98598E-16
  3.250E-04  8.04379E-12  2.53884E-08  1.61588E-09  3.36554E-15  2.15148E-16
  3.500E-04  9.32893E-12  2.53884E-08  1.61588E-09  3.62443E-15  2.31698E-16
  3.750E-04  1.07092E-11  2.53884E-08  1.61588E-09  3.88331E-15  2.48248E-16
  4.000E-04  1.21847E-11  2.53884E-08  1.61588E-09  4.14220E-15  2.64797E-16
  4.250E-04  1.37554E-11  2.53884E-08  1.61588E-09  4.40109E-15  2.81347E-16
  4.500E-04  1.54213E-11  2.53884E-08  1.61588E-09  4.65998E-15  2.97897E-16
  4.750E-04  1.71823E-11  2.53884E-08  1.61588E-09  4.91887E-15  3.14447E-16
  5.000E-04  1.90386E-11  2.53884E-08  1.61588E-09  5.17775E-15  3.30997E-16
  5.250E-04  2.09900E-11  2.53884E-08  1.61588E-09  5.43664E-15  3.47547E-16
  5.500E-04  2.30367E-11  2.53884E-08  1.61588E-09  5.69553E-15  3.64096E-16
  5.750E-04  2.51785E-11  2.53884E-08  1.61588E-09  5.95442E-15  3.80646E-16
  6.000E-04  2.74156E-11  2.53884E-08  1.61588E-09  6.21330E-15  3.97196E-16
  6.250E-04  2.97478E-11  2.53884E-08  1.61588E-09  6.47219E-15  4.13746E-16
  6.500E-04  3.21752E-11  2.53884E-08  1.61588E-09  6.73108E-15  4.30296E-16
  6.750E-04  3.46979E-11  2.53884E-08  1.61588E-09  6.98997E-15  4.46846E-16
  7.000E-04  3.73157E-11  2.53884E-08  1.61588E-09  7.24885E-15  4.63395E-16
  7.250E-04  4.00286E-11  2.53884E-08  1.61588E-09  7.50774E-15  4.79945E-16
  7.500E-04  4.28368E-11  2.53884E-08  1.61588E-09  7.76663E-15  4.96495E-16
  7.750E-04  4.57402E-11  2.53884E-08  1.61588E-09  8.02552E-15  5.13045E-16
  8.000E-04  4.87388E-11  2.53884E-08  1.61588E-09  8.28440E-15  5.29595E-16
  8.250E-04  5.18325E-11  2.53884E-08  1.61588E-09  8.54329E-15  5.46145E-16
  8.500E-04  5.50215E-11  2.53884E-08  1.61588E-09  8.80218E-15  5.62694E-16
  8.750E-04  5.83057E-11  2.53884E-08  1.61588E-09  9.06107E-15  5.79244E-16
  9.000E-04  6.16850E-11  2.53884E-08  1.61588E-09  9.31995E-15  5.95794E-16
  9.250E-04  6.51595E-11  2.53884E-08  1.61588E-09  9.57884E-15  6.12344E-16
  9.500E-04  6.87293E-11  2.53884E-08  1.61588E-09  9.83773E-15  6.28894E-16
  9.750E-04  7.23943E-11  2.53884E-08  1.61588E-09  1.00966E-14  6.45444E-16
  1.000E-03  7.61544E-11  2.53884E-08  1.61588E-09  1.03555E-14  6.61993E-16
  1.250E-03  1.18991E-10  2.53884E-08  1.61588E-09  1.29444E-14  8.27492E-16
  1.500E-03  1.71347E-10  2.53884E-08  1.61588E-09  1.55333E-14  9.92990E-16
  1.750E-03  2.33223E-10  2.53884E-08  1.61588E-09  1.81221E-14  1.15849E-15
  2.000E-03  3.04617E-10  2.53884E-08  1.61588E-09  2.07110E-14  1.32399E-15
  2.250E-03  3.85531E-10  2.53884E-08  1.61588E-09  2.32999E-14  1.48948E-15
  2.500E-03  4.75965E-10  2.53884E-08  1.61588E-09  2.58887E-14  1.65498E-15
  2.750E-03  5.75917E-10  2.53884E-08  1.61588E-09  2.84776E-14  1.82048E-15
  3.000E-03  6.85389E-10  2.53884E-08  1.61588E-09  3.10664E-14  1.98598E-15
  3.250E-03  8.04380E-10  2.53883E-08  1.61588E-09  3.36553E-14  2.15148E-15
  3.500E-03  9.32891E-10  2.53883E-08  1.61588E-09  3.62442E-14  2.31698E-15
  3.750E-03  1.07092E-09  2.53883E-08  1.61588E-09  3.88330E-14  2.48247E-15
  4.000E-03  1.21847E-09  2.53883E-08  1.61588E-09  4.14219E-14  2.64797E-15
  4.250E-03  1.37554E-09  2.53883E-08  1.61588E-09  4.40107E-14  2.81347E-15
  4.500E-03  1.54213E-09  2.53883E-08  1.61588E-09  4.65995E-14  2.97897E-15
  4.750E-03  1.71823E-09  2.53883E-08  1.61588E-09  4.91884E-14  3.14447E-15
  5.000E-03  1.90386E-09  2.53882E-08  1.61588E-09  5.17772E-14  3.30996E-15
  5.250E-03  2.09900E-09  2.53882E-08  1.61588E-09  5.43660E-14  3.47546E-15
  5.500E-03  2.30367E-09  2.53882E-08  1.61588E-09  5.69548E-14  3.64096E-15
  5.750E-03  2.51785E-09  2.53882E-08  1.61588E-09  5.95437E-14  3.80646E-15
  6.000E-03  2.74156E-09  2.53882E-08  1.61588E-09  6.21325E-14  3.97195E-15
  6.250E-03  2.97478E-09  2.53882E-08  1.61588E-09  6.47213E-14  4.13745E-15
  6.500E-03  3.21752E-09  2.53881E-08  1.61588E-09  6.73101E-14  4.30295E-15
  6.750E-03  3.46978E-09  2.53881E-08  1.61588E-09  6.98988E-14  4.46845E-15
  7.000E-03  3.73156E-09  2.53881E-08  1.61588E-09  7.24876E-14  4.63394E-15
  7.250E-03  4.00286E-09  2.53881E-08  1.61588E-09  7.50764E-14  4.79944E-15
  7.500E-03  4.28368E-09  2.53880E-08  1.61588E-09  7.76652E-14  4.96494E-15
  7.750E-03  4.57402E-09  2.53880E-08  1.61588E-09  8.02539E-14  5.13044E-15
  8.000E-03  4.87388E-09  2.53880E-08  1.61588E-09  8.28427E-14  5.29593E-15
  8.250E-03  5.18326E-09  2.53880E-08  1.61588E-09  8.54314E-14  5.46143E-15
  8.500E-03  5.50215E-09  2.53879E-08  1.61588E-09  8.80202E-14  5.62693E-15
  8.750E-03  5.83057E-09  2.53879E-08  1.61588E-09  9.06089E-14  5.79242E-15
  9.000E-03  6.16850E-09  2.53879E-08  1.61587E-09  9.31976E-14  5.95792E-15
  9.250E-03  6.51596E-09  2.53879E-08  1.61587E-09  9.57863E-14  6.12342E-15
  9.500E-03  6.87293E-09  2.53878E-08  1.61587E-09  9.83750E-14  6.28891E-15
  9.750E-03  7.23942E-09  2.53878E-08  1.61587E-09  1.00964E-13  6.45441E-15
  1.000E-02  7.61544E-09  2.53878E-08  1.61587E-09  1.03552E-13  6.61991E-15
  1.250E-02  1.18991E-08  2.53874E-08  1.61587E-09  1.29439E-13  8.27486E-15
  1.500E-02  1.71347E-08  2.53869E-08  1.61587E-09  1.55324E-13  9.92981E-15
  1.750E-02  2.33223E-08  2.53864E-08  1.61586E-09  1.81207E-13  1.15847E-14
  2.000E-02  3.04617E-08  2.53858E-08  1.61585E-09  2.07089E-13  1.32396E-14
  2.250E-02  3.85531E-08  2.53851E-08  1.61585E-09  2.32969E-13  1.48945E-14
  2.500E-02  4.75965E-08  2.53843E-08  1.61584E-09  2.58846E-13  1.65494E-14
  2.750E-02  5.75917E-08  2.53835E-08  1.61583E-09  2.84721E-13  1.82042E-14
  3.000E-02  6.85389E-08  2.53825E-08  1.61582E-09  3.10593E-13  1.98591E-14
  3.250E-02  8.04380E-08  2.53815E-08  1.61581E-09  3.36463E-13  2.15138E-14
  3.500E-02  9.32891E-08  2.53804E-08  1.61580E-09  3.62329E-13  2.31686E-14
  3.750E-02  1.07092E-07  2.53792E-08  1.61579E-09  3.88191E-13  2.48233E-14
  4.000E-02  1.21847E-07  2.53780E-08  1.61577E-09  4.14050E-13  2.64780E-14
  4.250E-02  1.37554E-07  2.53766E-08  1.61576E-09  4.39905E-13  2.81326E-14
  4.500E-02  1.54213E-07  2.53752E-08  1.61574E-09  4.65755E-13  2.97872E-14
  4.750E-02  1.71823E-07  2.53737E-08  1.61573E-09  4.91601E-13  3.14417E-14
  5.000E-02  1.90386E-07  2.53721E-08  1.61571E-09  5.17443E-13  3.30962E-14
  5.250E-02  2.09900E-07  2.53704E-08  1.61570E-09  5.43279E-13  3.47507E-14
  5.500E-02  2.30367E-07  2.53686E-08  1.61568E-09  5.69110E-13  3.64051E-14
  5.750E-02  2.51785E-07  2.53668E-08  1.61566E-09  5.94936E-13  3.80594E-14
  6.000E-02  2.74156E-07  2.53649E-08  1.61564E-09  6.20756E-13  3.97137E-14
  6.250E-02  2.97478E-07  2.53629E-08  1.61562E-09  6.46570E-13  4.13679E-14
  6.500E-02  3.21752E-07  2.53608E-08  1.61560E-09  6.72377E-13  4.30220E-14
  6.750E-02  3.46978E-07  2.53586E-08  1.61557E-09  6.98179E-13  4.46761E-14
  7.000E-02  3.73156E-07  2.53564E-08  1.61555E-09  7.23973E-13  4.63301E-14
  7.250E-02  4.00286E-07  2.53541E-08  1.61553E-09  7.49761E-13  4.79841E-14
  7.500E-02  4.28368E-07  2.53517E-08  1.61550E-09  7.75541E-13  4.96379E-14
  7.750E-02  4.57402E-07  2.53492E-08  1.61548E-09  8.01314E-13  5.12917E-14
  8.000E-02  4.87388E-07  2.53466E-08  1.61545E-09  8.27079E-13  5.29454E-14
  8.250E-02  5.18325E-07  2.53440E-08  1.61542E-09  8.52837E-13  5.45991E-14
  8.500E-02  5.50215E-07  2.53412E-08  1.61539E-09  8.78586E-13  5.62526E-14
  8.750E-02  5.83057E-07  2.53384E-08  1.61537E-09  9.04326E-13  5.79061E-14
  9.000E-02  6.16850E-07  2.53355E-08  1.61534E-09  9.30058E-13  5.95594E-14
  9.250E-02  6.51596E-07  2.53326E-08  1.61531E-09  9.55781E-13  6.12127E-14
  9.500E-02  6.87293E-07  2.53295E-08  1.61527E-09  9.81495E-13  6.28659E-14
  9.750E-02  7.23942E-07  2.53264E-08  1.61524E-09  1.00720E-12  6.45190E-14
  1.000E-01  7.61543E-07  2.53232E-08  1.61521E-09  1.03289E-12  6.61719E-14
  1.250E-01  1.18991E-06  2.52866E-08  1.61483E-09  1.28926E-12  8.26957E-14
  1.500E-01  1.71347E-06  2.52421E-08  1.61437E-09  1.54439E-12  9.92066E-14
  1.750E-01  2.33223E-06  2.51897E-08  1.61382E-09  1.79805E-12  1.15702E-13
  2.000E-01  3.04617E-06  2.51295E-08  1.61320E-09  2.05001E-12  1.32180E-13
  2.250E-01  3.85531E-06  2.50616E-08  1.61248E-09  2.30005E-12  1.48637E-13
  2.500E-01  4.75964E-06  2.49861E-08  1.61169E-09  2.54793E-12  1.65071E-13
  2.750E-01  5.75916E-06  2.49032E-08  1.61081E-09  2.79344E-12  1.81480E-13
  3.000E-01  6.85388E-06  2.48131E-08  1.60986E-09  3.03638E-12  1.97861E-13
  3.250E-01  8.04378E-06  2.47159E-08  1.60881E-09  3.27654E-12  2.14212E-13
  3.500E-01  9.32888E-06  2.46117E-08  1.60769E-09  3.51374E-12  2.30530E-13
  3.750E-01  1.07092E-05  2.45008E-08  1.60649E-09  3.74779E-12  2.46812E-13
  4.000E-01  1.21846E-05  2.43833E-08  1.60521E-09  3.97851E-12  2.63057E-13
  4.250E-01  1.37553E-05  2.42596E-08  1.60384E-09  4.20575E-12  2.79262E-13
  4.500E-01  1.54212E-05  2.41296E-08  1.60240E-09  4.42934E-12  2.95425E-13
  4.750E-01  1.71822E-05  2.39938E-08  1.60088E-09  4.64914E-12  3.11543E-13
  5.000E-01  1.90385E-05  2.38522E-08  1.59928E-09  4.86501E-12  3.27614E-13
  5.250E-01  2.09899E-05  2.37052E-08  1.59760E-09  5.07684E-12  3.43635E-13
  5.500E-01  2.30365E-05  2.35530E-08  1.59585E-09  5.28449E-12  3.59605E-13
  5.750E-01  2.51783E-05  2.33957E-08  1.59402E-09  5.48788E-12  3.75522E-13
  6.000E-01  2.74153E-05  2.32337E-08  1.59211E-09  5.68691E-12  3.91383E-13
  6.250E-01  2.97475E-05  2.30672E-08  1.59012E-09  5.88148E-12  4.07185E-13
  6.500E-01  3.21749E-05  2.28964E-08  1.58807E-09  6.07153E-12  4.22927E-13
  6.750E-01  3.46974E-05  2.27215E-08  1.58594E-09  6.25700E-12  4.38608E-13
  7.000E-01  3.73152E-05  2.25429E-08  1.58373E-09  6.43782E-12  4.54224E-13
  7.250E-01  4.00281E-05  2.23607E-08  1.58146E-09  6.61396E-12  4.69773E-13
  7.500E-01  4.28362E-05  2.21752E-08  1.57911E-09  6.78537E-12  4.85255E-13
  7.750E-01  4.57395E-05  2.19866E-08  1.57669E-09  6.95204E-12  5.00666E-13
  8.000E-01  4.87380E-05  2.17952E-08  1.57420E-09  7.11394E-12  5.16006E-13
  8.250E-01  5.18317E-05  2.16011E-08  1.57165E-09  7.27107E-12  5.31271E-13
  8.500E-01  5.50205E-05  2.14047E-08  1.56902E-09  7.42342E-12  5.46461E-13
  8.750E-01  5.83045E-05  2.12061E-08  1.56633E-09  7.57101E-12  5.61573E-13
  9.000E-01  6.16838E-05  2.10056E-08  1.56357E-09  7.71383E-12  5.76607E-13
  9.250E-01  6.51582E-05  2.08034E-08  1.56075E-09  7.85193E-12  5.91559E-13
  9.500E-01  6.87277E-05  2.05996E-08  1.55786E-09  7.98531E-12  6.06429E-13
  9.750E-01  7.23925E-05  2.03945E-08  1.55491E-09  8.11403E-12  6.21215E-13
  1.000E+00  7.61524E-05  2.01883E-08  1.55190E-09  8.23811E-12  6.35916E-13
  1.100E+00  9.21439E-05  1.93559E-08  1.53924E-09  8.68908E-12  6.93833E-13
  1.200E+00  1.09658E-04  1.85197E-08  1.52567E-09  9.07036E-12  7.50269E-13
  1.300E+00  1.28695E-04  1.76891E-08  1.51125E-09  9.38652E-12  8.05148E-13
  1.400E+00  1.49255E-04  1.68719E-08  1.49604E-09  9.64267E-12  8.58404E-13
  1.500E+00  1.71338E-04  1.60744E-08  1.48012E-09  9.84426E-12  9.09984E-13
  1.600E+00  1.94942E-04  1.53013E-08  1.46355E-09  9.99681E-12  9.59845E-13
  1.700E+00  2.20070E-04  1.45562E-08  1.44641E-09  1.01057E-11  1.00796E-12
  1.800E+00  2.46720E-04  1.38413E-08  1.42876E-09  1.01761E-11  1.05429E-12
  1.900E+00  2.74892E-04  1.31583E-08  1.41067E-09  1.02129E-11  1.09885E-12
  2.000E+00  3.04586E-04  1.25078E-08  1.39219E-09  1.02205E-11  1.14162E-12
  2.100E+00  3.35803E-04  1.18899E-08  1.37339E-09  1.02030E-11  1.18261E-12
  2.200E+00  3.68542E-04  1.13043E-08  1.35434E-09  1.01640E-11  1.22182E-12
  2.300E+00  4.02802E-04  1.07502E-08  1.33507E-09  1.01070E-11  1.25929E-12
  2.400E+00  4.38585E-04  1.02268E-08  1.31565E-09  1.00346E-11  1.29504E-12
  2.500E+00  4.75889E-04  9.73277E-09  1.29612E-09  9.94957E-12  1.32909E-12
  2.600E+00  5.14715E-04  9.26692E-09  1.27654E-09  9.85407E-12  1.36149E-12
  2.700E+00  5.55063E-04  8.82786E-09  1.25693E-09  9.75006E-12  1.39226E-12
  2.800E+00  5.96931E-04  8.41420E-09  1.23735E-09  9.63924E-12  1.42146E-12
  2.900E+00  6.40321E-04  8.02457E-09  1.21782E-09  9.52305E-12  1.44913E-12
  3.000E+00  6.85233E-04  7.65757E-09  1.19837E-09  9.40276E-12  1.47531E-12
  3.100E+00  7.31665E-04  7.31188E-09  1.17905E-09  9.27943E-12  1.50005E-12
  3.200E+00  7.79618E-04  6.98619E-09  1.15987E-09  9.15400E-12  1.52340E-12
  3.300E+00  8.29092E-04  6.67927E-09  1.14086E-09  9.02723E-12  1.54541E-12
  3.400E+00  8.80086E-04  6.38995E-09  1.12204E-09  8.89979E-12  1.56613E-12
  3.500E+00  9.32601E-04  6.11710E-09  1.10343E-09  8.77224E-12  1.58562E-12
  3.600E+00  9.86636E-04  5.85967E-09  1.08504E-09  8.64504E-12  1.60391E-12
  3.700E+00  1.04219E-03  5.61668E-09  1.06689E-09  8.51859E-12  1.62106E-12
  3.800E+00  1.09927E-03  5.38718E-09  1.04899E-09  8.39321E-12  1.63712E-12
  3.900E+00  1.15786E-03  5.17031E-09  1.03135E-09  8.26917E-12  1.65213E-12
  4.000E+00  1.21797E-03  4.96525E-09  1.01399E-09  8.14668E-12  1.66614E-12
  4.100E+00  1.27961E-03  4.77125E-09  9.96901E-10  8.02592E-12  1.67919E-12
  4.200E+00  1.34276E-03  4.58760E-09  9.80096E-10  7.90704E-12  1.69133E-12
  4.300E+00  1.40743E-03  4.41364E-09  9.63579E-10  7.79014E-12  1.70261E-12
  4.400E+00  1.47362E-03  4.24875E-09  9.47353E-10  7.67529E-12  1.71305E-12
  4.500E+00  1.54133E-03  4.09236E-09  9.31420E-10  7.56258E-12  1.72271E-12
  4.600E+00  1.61056E-03  3.94394E-09  9.15781E-10  7.45202E-12  1.73162E-12
  4.700E+00  1.68131E-03  3.80299E-09  9.00437E-10  7.34366E-12  1.73981E-12
  4.800E+00  1.75357E-03  3.66905E-09  8.85387E-10  7.23751E-12  1.74733E-12
  4.900E+00  1.82735E-03  3.54170E-09  8.70630E-10  7.13356E-12  1.75419E-12
  5.000E+00  1.90265E-03  3.42053E-09  8.56164E-10  7.03180E-12  1.76045E-12
  5.100E+00  1.97947E-03  3.30517E-09  8.41988E-10  6.93223E-12  1.76612E-12
  5.200E+00  2.05780E-03  3.19528E-09  8.28098E-10  6.83481E-12  1.77124E-12
  5.300E+00  2.13765E-03  3.09053E-09  8.14491E-10  6.73953E-12  1.77584E-12
  5.400E+00  2.21902E-03  2.99062E-09  8.01164E-10  6.64634E-12  1.77994E-12
  5.500E+00  2.30190E-03  2.89528E-09  7.88112E-10  6.55521E-12  1.78356E-12
  5.600E+00  2.38630E-03  2.80423E-09  7.75333E-10  6.46611E-12  1.78674E-12
  5.700E+00  2.47222E-03  2.71725E-09  7.62821E-10  6.37899E-12  1.78950E-12
  5.800E+00  2.55965E-03  2.63409E-09  7.50572E-10  6.29381E-12  1.79185E-12
  5.900E+00  2.64859E-03  2.55454E-09  7.38581E-10  6.21053E-12  1.79382E-12
  6.000E+00  2.73905E-03  2.47842E-09  7.26844E-10  6.12910E-12  1.79543E-12
  6.100E+00  2.83103E-03  2.40552E-09  7.15356E-10  6.04948E-12  1.79670E-12
  6.200E+00  2.92452E-03  2.33568E-09  7.04113E-10  5.97163E-12  1.79765E-12
  6.300E+00  3.01952E-03  2.26874E-09  6.93108E-10  5.89549E-12  1.79829E-12
  6.400E+00  3.11604E-03  2.20453E-09  6.82337E-10  5.82104E-12  1.79864E-12
  6.500E+00  3.21407E-03  2.14293E-09  6.71795E-10  5.74821E-12  1.79871E-12
  6.600E+00  3.31362E-03  2.08378E-09  6.61478E-10  5.67698E-12  1.79853E-12
  6.700E+00  3.41468E-03  2.02698E-09  6.51380E-10  5.60729E-12  1.79809E-12
  6.800E+00  3.51725E-03  1.97239E-09  6.41496E-10  5.53910E-12  1.79743E-12
  6.900E+00  3.62133E-03  1.91991E-09  6.31822E-10  5.47238E-12  1.79654E-12
  7.000E+00  3.72692E-03  1.86943E-09  6.22353E-10  5.40708E-12  1.79545E-12
  7.100E+00  3.83403E-03  1.82086E-09  6.13084E-10  5.34317E-12  1.79416E-12
  7.200E+00  3.94265E-03  1.77410E-09  6.04010E-10  5.28061E-12  1.79269E-12
  7.300E+00  4.05278E-03  1.72907E-09  5.95126E-10  5.21935E-12  1.79103E-12
  7.400E+00  4.16442E-03  1.68568E-09  5.86429E-10  5.15937E-12  1.78922E-12
  7.500E+00  4.27757E-03  1.64385E-09  5.77914E-10  5.10062E-12  1.78724E-12
  7.600E+00  4.39223E-03  1.60352E-09  5.69576E-10  5.04308E-12  1.78512E-12
  7.700E+00  4.50840E-03  1.56462E-09  5.61411E-10  4.98671E-12  1.78286E-12
  7.800E+00  4.62608E-03  1.52707E-09  5.53415E-10  4.93148E-12  1.78046E-12
  7.900E+00  4.74527E-03  1.49082E-09  5.45584E-10  4.87735E-12  1.77794E-12
  8.000E+00  4.86597E-03  1.45580E-09  5.37914E-10  4.82430E-12  1.77530E-12
  8.100E+00  4.98817E-03  1.42198E-09  5.30400E-10  4.77229E-12  1.77255E-12
  8.200E+00  5.11188E-03  1.38928E-09  5.23040E-10  4.72130E-12  1.76970E-12
  8.300E+00  5.23711E-03  1.35767E-09  5.15828E-10  4.67131E-12  1.76675E-12
  8.400E+00  5.36383E-03  1.32710E-09  5.08762E-10  4.62227E-12  1.76370E-12
  8.500E+00  5.49207E-03  1.29752E-09  5.01839E-10  4.57417E-12  1.76057E-12
  8.600E+00  5.62181E-03  1.26889E-09  4.95053E-10  4.52699E-12  1.75736E-12
  8.700E+00  5.75306E-03  1.24117E-09  4.88403E-10  4.48069E-12  1.75406E-12
  8.800E+00  5.88581E-03  1.21432E-09  4.81885E-10  4.43525E-12  1.75070E-12
  8.900E+00  6.02007E-03  1.18831E-09  4.75495E-10  4.39066E-12  1.74727E-12
  9.000E+00  6.15583E-03  1.16310E-09  4.69230E-10  4.34688E-12  1.74377E-12
  9.100E+00  6.29310E-03  1.13867E-09  4.63088E-10  4.30391E-12  1.74021E-12
  9.200E+00  6.43187E-03  1.11497E-09  4.57065E-10  4.26170E-12  1.73660E-12
  9.300E+00  6.57214E-03  1.09199E-09  4.51159E-10  4.22026E-12  1.73293E-12
  9.400E+00  6.71392E-03  1.06969E-09  4.45366E-10  4.17955E-12  1.72922E-12
  9.500E+00  6.85720E-03  1.04805E-09  4.39684E-10  4.13956E-12  1.72546E-12
  9.600E+00  7.00198E-03  1.02703E-09  4.34110E-10  4.10026E-12  1.72165E-12
  9.700E+00  7.14827E-03  1.00663E-09  4.28642E-10  4.06165E-12  1.71781E-12
  9.800E+00  7.29605E-03  9.86808E-10  4.23276E-10  4.02371E-12  1.71393E-12
  9.900E+00  7.44534E-03  9.67551E-10  4.18012E-10  3.98641E-12  1.71001E-12
  1.000E+01  7.59612E-03  9.48835E-10  4.12845E-10  3.94974E-12  1.70606E-12
  1.025E+01  7.97965E-03  9.04287E-10  4.00342E-10  3.86074E-12  1.69606E-12
  1.050E+01  8.37255E-03  8.62715E-10  3.88403E-10  3.77536E-12  1.68591E-12
  1.075E+01  8.77480E-03  8.23863E-10  3.76996E-10  3.69339E-12  1.67564E-12
  1.100E+01  9.18641E-03  7.87501E-10  3.66089E-10  3.61463E-12  1.66527E-12
  1.125E+01  9.60736E-03  7.53423E-10  3.55655E-10  3.53890E-12  1.65483E-12
  1.150E+01  1.00376E-02  7.21443E-10  3.45667E-10  3.46604E-12  1.64434E-12
  1.175E+01  1.04773E-02  6.91394E-10  3.36100E-10  3.39587E-12  1.63382E-12
  1.200E+01  1.09262E-02  6.63125E-10  3.26932E-10  3.32826E-12  1.62327E-12
  1.225E+01  1.13844E-02  6.36500E-10  3.18139E-10  3.26307E-12  1.61273E-12
  1.250E+01  1.18520E-02  6.11395E-10  3.09703E-10  3.20017E-12  1.60219E-12
  1.275E+01  1.23288E-02  5.87698E-10  3.01605E-10  3.13946E-12  1.59168E-12
  1.300E+01  1.28150E-02  5.65307E-10  2.93826E-10  3.08080E-12  1.58119E-12
  1.325E+01  1.33104E-02  5.44127E-10  2.86351E-10  3.02411E-12  1.57075E-12
  1.350E+01  1.38150E-02  5.24076E-10  2.79163E-10  2.96929E-12  1.56035E-12
  1.375E+01  1.43290E-02  5.05074E-10  2.72247E-10  2.91625E-12  1.55000E-12
  1.400E+01  1.48521E-02  4.87051E-10  2.65592E-10  2.86490E-12  1.53971E-12
  1.425E+01  1.53845E-02  4.69941E-10  2.59182E-10  2.81516E-12  1.52948E-12
  1.450E+01  1.59262E-02  4.53684E-10  2.53008E-10  2.76697E-12  1.51932E-12
  1.475E+01  1.64770E-02  4.38226E-10  2.47056E-10  2.72024E-12  1.50924E-12
  1.500E+01  1.70371E-02  4.23516E-10  2.41316E-10  2.67492E-12  1.49922E-12
  1.525E+01  1.76063E-02  4.09506E-10  2.35779E-10  2.63095E-12  1.48929E-12
  1.550E+01  1.81848E-02  3.96154E-10  2.30435E-10  2.58826E-12  1.47943E-12
  1.575E+01  1.87724E-02  3.83420E-10  2.25275E-10  2.54680E-12  1.46966E-12
  1.600E+01  1.93692E-02  3.71267E-10  2.20291E-10  2.50652E-12  1.45997E-12
  1.625E+01  1.99751E-02  3.59660E-10  2.15474E-10  2.46738E-12  1.45037E-12
  1.650E+01  2.05901E-02  3.48568E-10  2.10817E-10  2.42931E-12  1.44085E-12
  1.675E+01  2.12143E-02  3.37961E-10  2.06313E-10  2.39229E-12  1.43141E-12
  1.700E+01  2.18476E-02  3.27811E-10  2.01956E-10  2.35627E-12  1.42207E-12
  1.725E+01  2.24900E-02  3.18094E-10  1.97739E-10  2.32120E-12  1.41281E-12
  1.750E+01  2.31415E-02  3.08786E-10  1.93656E-10  2.28707E-12  1.40365E-12
  1.775E+01  2.38021E-02  2.99864E-10  1.89701E-10  2.25381E-12  1.39457E-12
  1.800E+01  2.44717E-02  2.91307E-10  1.85870E-10  2.22142E-12  1.38558E-12
  1.825E+01  2.51504E-02  2.83096E-10  1.82156E-10  2.18984E-12  1.37667E-12
  1.850E+01  2.58382E-02  2.75214E-10  1.78556E-10  2.15906E-12  1.36786E-12
  1.875E+01  2.65349E-02  2.67643E-10  1.75064E-10  2.12904E-12  1.35913E-12
  1.900E+01  2.72407E-02  2.60367E-10  1.71676E-10  2.09976E-12  1.35049E-12
  1.925E+01  2.79555E-02  2.53371E-10  1.68388E-10  2.07119E-12  1.34194E-12
  1.950E+01  2.86793E-02  2.46642E-10  1.65197E-10  2.04330E-12  1.33348E-12
  1.975E+01  2.94120E-02  2.40167E-10  1.62097E-10  2.01607E-12  1.32510E-12
  2.000E+01  3.01537E-02  2.33932E-10  1.59087E-10  1.98949E-12  1.31680E-12
  2.025E+01  3.09043E-02  2.27927E-10  1.56162E-10  1.96351E-12  1.30860E-12
  2.050E+01  3.16639E-02  2.22141E-10  1.53319E-10  1.93814E-12  1.30047E-12
  2.075E+01  3.24324E-02  2.16562E-10  1.50555E-10  1.91334E-12  1.29243E-12
  2.100E+01  3.32098E-02  2.11183E-10  1.47868E-10  1.88910E-12  1.28447E-12
  2.125E+01  3.39961E-02  2.05993E-10  1.45254E-10  1.86540E-12  1.27659E-12
  2.150E+01  3.47912E-02  2.00983E-10  1.42710E-10  1.84222E-12  1.26879E-12
  2.175E+01  3.55952E-02  1.96147E-10  1.40235E-10  1.81955E-12  1.26108E-12
  2.200E+01  3.64081E-02  1.91476E-10  1.37825E-10  1.79737E-12  1.25344E-12
  2.225E+01  3.72297E-02  1.86962E-10  1.35479E-10  1.77566E-12  1.24588E-12
  2.250E+01  3.80602E-02  1.82600E-10  1.33194E-10  1.75441E-12  1.23840E-12
  2.275E+01  3.88995E-02  1.78381E-10  1.30968E-10  1.73360E-12  1.23099E-12
  2.300E+01  3.97476E-02  1.74301E-10  1.28799E-10  1.71323E-12  1.22366E-12
  2.325E+01  4.06044E-02  1.70354E-10  1.26686E-10  1.69328E-12  1.21641E-12
  2.350E+01  4.14700E-02  1.66533E-10  1.24625E-10  1.67373E-12  1.20922E-12
  2.375E+01  4.23443E-02  1.62834E-10  1.22616E-10  1.65458E-12  1.20211E-12
  2.400E+01  4.32273E-02  1.59252E-10  1.20656E-10  1.63581E-12  1.19508E-12
  2.425E+01  4.41190E-02  1.55781E-10  1.18745E-10  1.61742E-12  1.18811E-12
  2.450E+01  4.50194E-02  1.52418E-10  1.16880E-10  1.59938E-12  1.18121E-12
  2.475E+01  4.59284E-02  1.49158E-10  1.15060E-10  1.58170E-12  1.17439E-12
  2.500E+01  4.68461E-02  1.45997E-10  1.13284E-10  1.56436E-12  1.16763E-12
  2.550E+01  4.87074E-02  1.39957E-10  1.09856E-10  1.53066E-12  1.15431E-12
  2.600E+01  5.06030E-02  1.34269E-10  1.06587E-10  1.49822E-12  1.14126E-12
  2.650E+01  5.25328E-02  1.28906E-10  1.03466E-10  1.46696E-12  1.12846E-12
  2.700E+01  5.44967E-02  1.23845E-10  1.00485E-10  1.43683E-12  1.11591E-12
  2.750E+01  5.64946E-02  1.19064E-10  9.76355E-11  1.40777E-12  1.10360E-12
  2.800E+01  5.85262E-02  1.14544E-10  9.49095E-11  1.37973E-12  1.09152E-12
  2.850E+01  6.05914E-02  1.10266E-10  9.23001E-11  1.35264E-12  1.07968E-12
  2.900E+01  6.26901E-02  1.06214E-10  8.98008E-11  1.32647E-12  1.06805E-12
  2.950E+01  6.48222E-02  1.02372E-10  8.74054E-11  1.30117E-12  1.05665E-12
  3.000E+01  6.69873E-02  9.87260E-11  8.51081E-11  1.27670E-12  1.04545E-12
  3.050E+01  6.91854E-02  9.52640E-11  8.29036E-11  1.25302E-12  1.03446E-12
  3.100E+01  7.14163E-02  9.19738E-11  8.07870E-11  1.23009E-12  1.02367E-12
  3.150E+01  7.36799E-02  8.88445E-11  7.87537E-11  1.20788E-12  1.01307E-12
  3.200E+01  7.59760E-02  8.58659E-11  7.67993E-11  1.18635E-12  1.00266E-12
  3.250E+01  7.83043E-02  8.30289E-11  7.49197E-11  1.16548E-12  9.92436E-13
  3.300E+01  8.06647E-02  8.03248E-11  7.31112E-11  1.14524E-12  9.82388E-13
  3.350E+01  8.30571E-02  7.77457E-11  7.13702E-11  1.12559E-12  9.72515E-13
  3.400E+01  8.54812E-02  7.52841E-11  6.96933E-11  1.10652E-12  9.62810E-13
  3.450E+01  8.79369E-02  7.29332E-11  6.80775E-11  1.08800E-12  9.53270E-13
  3.500E+01  9.04240E-02  7.06866E-11  6.65198E-11  1.07001E-12  9.43890E-13
  3.550E+01  9.29422E-02  6.85385E-11  6.50174E-11  1.05252E-12  9.34666E-13
  3.600E+01  9.54915E-02  6.64832E-11  6.35677E-11  1.03551E-12  9.25594E-13
  3.650E+01  9.80716E-02  6.45157E-11  6.21683E-11  1.01896E-12  9.16670E-13
  3.700E+01  1.00682E-01  6.26312E-11  6.08169E-11  1.00287E-12  9.07890E-13
  3.750E+01  1.03323E-01  6.08251E-11  5.95113E-11  9.87198E-13  8.99251E-13
  3.800E+01  1.05995E-01  5.90934E-11  5.82494E-11  9.71940E-13  8.90748E-13
  3.850E+01  1.08696E-01  5.74320E-11  5.70293E-11  9.57078E-13  8.82378E-13
  3.900E+01  1.11427E-01  5.58373E-11  5.58491E-11  9.42597E-13  8.74138E-13
  3.950E+01  1.14188E-01  5.43059E-11  5.47072E-11  9.28483E-13  8.66025E-13
  4.000E+01  1.16978E-01  5.28346E-11  5.36019E-11  9.14721E-13  8.58035E-13
  4.050E+01  1.19797E-01  5.14204E-11  5.25317E-11  9.01300E-13  8.50166E-13
  4.100E+01  1.22645E-01  5.00604E-11  5.14950E-11  8.88205E-13  8.42413E-13
  4.150E+01  1.25522E-01  4.87519E-11  5.04904E-11  8.75427E-13  8.34776E-13
  4.200E+01  1.28428E-01  4.74926E-11  4.95168E-11  8.62953E-13  8.27250E-13
  4.250E+01  1.31361E-01  4.62799E-11  4.85727E-11  8.50773E-13  8.19832E-13
  4.300E+01  1.34323E-01  4.51117E-11  4.76570E-11  8.38877E-13  8.12521E-13
  4.350E+01  1.37313E-01  4.39859E-11  4.67687E-11  8.27254E-13  8.05314E-13
  4.400E+01  1.40330E-01  4.29005E-11  4.59065E-11  8.15896E-13  7.98208E-13
  4.450E+01  1.43375E-01  4.18537E-11  4.50695E-11  8.04794E-13  7.91201E-13
  4.500E+01  1.46447E-01  4.08438E-11  4.42567E-11  7.93939E-13  7.84291E-13
  4.550E+01  1.49545E-01  3.98689E-11  4.34672E-11  7.83322E-13  7.77475E-13
  4.600E+01  1.52671E-01  3.89277E-11  4.27001E-11  7.72937E-13  7.70751E-13
  4.650E+01  1.55823E-01  3.80186E-11  4.19545E-11  7.62775E-13  7.64116E-13
  4.700E+01  1.59001E-01  3.71402E-11  4.12297E-11  7.52829E-13  7.57570E-13
  4.750E+01  1.62205E-01  3.62911E-11  4.05249E-11  7.43093E-13  7.51110E-13
  4.800E+01  1.65435E-01  3.54702E-11  3.98394E-11  7.33560E-13  7.44733E-13
  4.850E+01  1.68690E-01  3.46762E-11  3.91724E-11  7.24224E-13  7.38439E-13
  4.900E+01  1.71970E-01  3.39080E-11  3.85233E-11  7.15078E-13  7.32225E-13
  4.950E+01  1.75276E-01  3.31646E-11  3.78915E-11  7.06116E-13  7.26089E-13
  5.000E+01  1.78606E-01  3.24448E-11  3.72764E-11  6.97334E-13  7.20030E-13
  5.050E+01  1.81961E-01  3.17478E-11  3.66774E-11  6.88725E-13  7.14046E-13
  5.100E+01  1.85340E-01  3.10726E-11  3.60938E-11  6.80285E-13  7.08135E-13
  5.150E+01  1.88743E-01  3.04183E-11  3.55253E-11  6.72008E-13  7.02297E-13
  5.200E+01  1.92169E-01  2.97842E-11  3.49713E-11  6.63890E-13  6.96528E-13
  5.250E+01  1.95619E-01  2.91694E-11  3.44312E-11  6.55925E-13  6.90828E-13
  5.300E+01  1.99092E-01  2.85731E-11  3.39047E-11  6.48111E-13  6.85196E-13
  5.350E+01  2.02589E-01  2.79947E-11  3.33913E-11  6.40442E-13  6.79629E-13
  5.400E+01  2.06107E-01  2.74335E-11  3.28905E-11  6.32914E-13  6.74127E-13
  5.450E+01  2.09649E-01  2.68888E-11  3.24020E-11  6.25523E-13  6.68688E-13
  5.500E+01  2.13212E-01  2.63600E-11  3.19254E-11  6.18266E-13  6.63311E-13
  5.550E+01  2.16797E-01  2.58465E-11  3.14602E-11  6.11139E-13  6.57994E-13
  5.600E+01  2.20404E-01  2.53477E-11  3.10061E-11  6.04138E-13  6.52737E-13
  5.650E+01  2.24032E-01  2.48631E-11  3.05628E-11  5.97259E-13  6.47538E-13
  5.700E+01  2.27680E-01  2.43922E-11  3.01299E-11  5.90500E-13  6.42396E-13
  5.750E+01  2.31350E-01  2.39345E-11  2.97071E-11  5.83858E-13  6.37309E-13
  5.800E+01  2.35040E-01  2.34895E-11  2.92941E-11  5.77328E-13  6.32278E-13
  5.850E+01  2.38751E-01  2.30567E-11  2.88906E-11  5.70909E-13  6.27300E-13
  5.900E+01  2.42481E-01  2.26358E-11  2.84963E-11  5.64597E-13  6.22374E-13
  5.950E+01  2.46231E-01  2.22263E-11  2.81109E-11  5.58389E-13  6.17500E-13
  6.000E+01  2.50000E-01  2.18279E-11  2.77342E-11  5.52284E-13  6.12676E-13
  6.050E+01  2.53788E-01  2.14400E-11  2.73659E-11  5.46278E-13  6.07902E-13
  6.100E+01  2.57595E-01  2.10625E-11  2.70058E-11  5.40368E-13  6.03177E-13
  6.150E+01  2.61421E-01  2.06949E-11  2.66536E-11  5.34553E-13  5.98499E-13
  6.200E+01  2.65264E-01  2.03369E-11  2.63091E-11  5.28829E-13  5.93868E-13
  6.250E+01  2.69126E-01  1.99882E-11  2.59721E-11  5.23196E-13  5.89283E-13
  6.300E+01  2.73005E-01  1.96484E-11  2.56423E-11  5.17649E-13  5.84743E-13
  6.350E+01  2.76901E-01  1.93173E-11  2.53196E-11  5.12189E-13  5.80247E-13
  6.400E+01  2.80814E-01  1.89946E-11  2.50038E-11  5.06811E-13  5.75794E-13
  6.450E+01  2.84744E-01  1.86801E-11  2.46946E-11  5.01514E-13  5.71384E-13
  6.500E+01  2.88691E-01  1.83734E-11  2.43920E-11  4.96297E-13  5.67016E-13
  6.550E+01  2.92653E-01  1.80743E-11  2.40956E-11  4.91158E-13  5.62688E-13
  6.600E+01  2.96632E-01  1.77826E-11  2.38054E-11  4.86093E-13  5.58401E-13
  6.650E+01  3.00625E-01  1.74980E-11  2.35211E-11  4.81103E-13  5.54153E-13
  6.700E+01  3.04634E-01  1.72204E-11  2.32427E-11  4.76185E-13  5.49944E-13
  6.750E+01  3.08658E-01  1.69494E-11  2.29699E-11  4.71337E-13  5.45774E-13
  6.800E+01  3.12697E-01  1.66850E-11  2.27026E-11  4.66558E-13  5.41640E-13
  6.850E+01  3.16749E-01  1.64268E-11  2.24407E-11  4.61846E-13  5.37544E-13
  6.900E+01  3.20816E-01  1.61748E-11  2.21840E-11  4.57200E-13  5.33483E-13
  6.950E+01  3.24896E-01  1.59287E-11  2.19324E-11  4.52618E-13  5.29458E-13
  7.000E+01  3.28990E-01  1.56883E-11  2.16857E-11  4.48099E-13  5.25468E-13
  7.050E+01  3.33097E-01  1.54535E-11  2.14439E-11  4.43642E-13  5.21512E-13
  7.100E+01  3.37216E-01  1.52242E-11  2.12068E-11  4.39244E-13  5.17589E-13
  7.150E+01  3.41348E-01  1.50001E-11  2.09743E-11  4.34905E-13  5.13700E-13
  7.200E+01  3.45492E-01  1.47811E-11  2.07462E-11  4.30624E-13  5.09843E-13
  7.250E+01  3.49647E-01  1.45670E-11  2.05225E-11  4.26398E-13  5.06019E-13
  7.300E+01  3.53814E-01  1.43578E-11  2.03031E-11  4.22228E-13  5.02225E-13
  7.350E+01  3.57992E-01  1.41532E-11  2.00878E-11  4.18112E-13  4.98463E-13
  7.400E+01  3.62181E-01  1.39532E-11  1.98766E-11  4.14048E-13  4.94731E-13
  7.450E+01  3.66381E-01  1.37576E-11  1.96693E-11  4.10035E-13  4.91028E-13
  7.500E+01  3.70590E-01  1.35663E-11  1.94659E-11  4.06073E-13  4.87356E-13
  7.550E+01  3.74810E-01  1.33792E-11  1.92662E-11  4.02161E-13  4.83712E-13
  7.600E+01  3.79039E-01  1.31961E-11  1.90702E-11  3.98297E-13  4.80096E-13
  7.650E+01  3.83277E-01  1.30170E-11  1.88778E-11  3.94480E-13  4.76508E-13
  7.700E+01  3.87524E-01  1.28417E-11  1.86890E-11  3.90710E-13  4.72948E-13
  7.750E+01  3.91780E-01  1.26701E-11  1.85035E-11  3.86985E-13  4.69415E-13
  7.800E+01  3.96044E-01  1.25022E-11  1.83213E-11  3.83304E-13  4.65908E-13
  7.850E+01  4.00316E-01  1.23379E-11  1.81425E-11  3.79668E-13  4.62428E-13
  7.900E+01  4.04596E-01  1.21769E-11  1.79668E-11  3.76073E-13  4.58973E-13
  7.950E+01  4.08882E-01  1.20194E-11  1.77942E-11  3.72521E-13  4.55544E-13
  8.000E+01  4.13176E-01  1.18651E-11  1.76247E-11  3.69010E-13  4.52140E-13
  8.050E+01  4.17476E-01  1.17140E-11  1.74582E-11  3.65539E-13  4.48760E-13
  8.100E+01  4.21783E-01  1.15659E-11  1.72946E-11  3.62108E-13  4.45404E-13
  8.150E+01  4.26095E-01  1.14209E-11  1.71338E-11  3.58715E-13  4.42072E-13
  8.200E+01  4.30413E-01  1.12789E-11  1.69758E-11  3.55360E-13  4.38764E-13
  8.250E+01  4.34737E-01  1.11397E-11  1.68206E-11  3.52042E-13  4.35479E-13
  8.300E+01  4.39065E-01  1.10033E-11  1.66680E-11  3.48761E-13  4.32216E-13
  8.350E+01  4.43398E-01  1.08696E-11  1.65180E-11  3.45515E-13  4.28975E-13
  8.400E+01  4.47736E-01  1.07386E-11  1.63705E-11  3.42305E-13  4.25757E-13
  8.450E+01  4.52077E-01  1.06102E-11  1.62256E-11  3.39129E-13  4.22560E-13
  8.500E+01  4.56422E-01  1.04843E-11  1.60831E-11  3.35986E-13  4.19385E-13
  8.550E+01  4.60770E-01  1.03609E-11  1.59430E-11  3.32877E-13  4.16230E-13
  8.600E+01  4.65122E-01  1.02398E-11  1.58052E-11  3.29801E-13  4.13096E-13
  8.650E+01  4.69476E-01  1.01212E-11  1.56697E-11  3.26756E-13  4.09983E-13
  8.700E+01  4.73832E-01  1.00048E-11  1.55365E-11  3.23742E-13  4.06890E-13
  8.750E+01  4.78190E-01  9.89064E-12  1.54055E-11  3.20760E-13  4.03816E-13
  8.800E+01  4.82550E-01  9.77867E-12  1.52766E-11  3.17807E-13  4.00762E-13
  8.850E+01  4.86912E-01  9.66884E-12  1.51498E-11  3.14884E-13  3.97727E-13
  8.900E+01  4.91274E-01  9.56108E-12  1.50251E-11  3.11990E-13  3.94711E-13
  8.950E+01  4.95637E-01  9.45536E-12  1.49024E-11  3.09125E-13  3.91713E-13
  9.000E+01  5.00000E-01  9.35162E-12  1.47817E-11  3.06287E-13  3.88734E-13
  9.050E+01  5.04363E-01  9.24982E-12  1.46630E-11  3.03477E-13  3.85773E-13
  9.100E+01  5.08726E-01  9.14992E-12  1.45461E-11  3.00694E-13  3.82830E-13
  9.150E+01  5.13088E-01  9.05186E-12  1.44311E-11  2.97938E-13  3.79904E-13
  9.200E+01  5.17450E-01  8.95562E-12  1.43180E-11  2.95208E-13  3.76996E-13
  9.250E+01  5.21810E-01  8.86114E-12  1.42066E-11  2.92503E-13  3.74104E-13
  9.300E+01  5.26168E-01  8.76839E-12  1.40971E-11  2.89824E-13  3.71229E-13
  9.350E+01  5.30524E-01  8.67733E-12  1.39892E-11  2.87169E-13  3.68371E-13
  9.400E+01  5.34878E-01  8.58793E-12  1.38830E-11  2.84539E-13  3.65530E-13
  9.450E+01  5.39230E-01  8.50013E-12  1.37785E-11  2.81932E-13  3.62704E-13
  9.500E+01  5.43578E-01  8.41392E-12  1.36757E-11  2.79349E-13  3.59894E-13
  9.550E+01  5.47923E-01  8.32926E-12  1.35744E-11  2.76789E-13  3.57100E-13
  9.600E+01  5.52264E-01  8.24610E-12  1.34747E-11  2.74251E-13  3.54321E-13
  9.650E+01  5.56602E-01  8.16443E-12  1.33765E-11  2.71736E-13  3.51557E-13
  9.700E+01  5.60935E-01  8.08420E-12  1.32799E-11  2.69243E-13  3.48809E-13
  9.750E+01  5.65263E-01  8.00539E-12  1.31847E-11  2.66771E-13  3.46075E-13
  9.800E+01  5.69587E-01  7.92797E-12  1.30910E-11  2.64320E-13  3.43355E-13
  9.850E+01  5.73905E-01  7.85190E-12  1.29987E-11  2.61890E-13  3.40650E-13
  9.900E+01  5.78217E-01  7.77716E-12  1.29078E-11  2.59481E-13  3.37959E-13
  9.950E+01  5.82524E-01  7.70372E-12  1.28183E-11  2.57091E-13  3.35282E-13
  1.000E+02  5.86824E-01  7.63156E-12  1.27302E-11  2.54722E-13  3.32619E-13
  1.005E+02  5.91118E-01  7.56064E-12  1.26434E-11  2.52371E-13  3.29969E-13
  1.010E+02  5.95404E-01  7.49095E-12  1.25579E-11  2.50040E-13  3.27333E-13
  1.015E+02  5.99684E-01  7.42245E-12  1.24737E-11  2.47728E-13  3.24710E-13
  1.020E+02  6.03956E-01  7.35513E-12  1.23907E-11  2.45434E-13  3.22099E-13
  1.025E+02  6.08220E-01  7.28895E-12  1.23090E-11  2.43158E-13  3.19502E-13
  1.030E+02  6.12476E-01  7.22390E-12  1.22285E-11  2.40901E-13  3.16917E-13
  1.035E+02  6.16723E-01  7.15995E-12  1.21492E-11  2.38660E-13  3.14345E-13
  1.040E+02  6.20961E-01  7.09708E-12  1.20711E-11  2.36437E-13  3.11785E-13
  1.045E+02  6.25190E-01  7.03528E-12  1.19941E-11  2.34231E-13  3.09237E-13
  1.050E+02  6.29410E-01  6.97451E-12  1.19183E-11  2.32042E-13  3.06702E-13
  1.055E+02  6.33619E-01  6.91476E-12  1.18436E-11  2.29869E-13  3.04177E-13
  1.060E+02  6.37819E-01  6.85601E-12  1.17700E-11  2.27713E-13  3.01665E-13
  1.065E+02  6.42008E-01  6.79824E-12  1.16975E-11  2.25572E-13  2.99164E-13
  1.070E+02  6.46186E-01  6.74143E-12  1.16260E-11  2.23447E-13  2.96674E-13
  1.075E+02  6.50353E-01  6.68556E-12  1.15556E-11  2.21338E-13  2.94196E-13
  1.080E+02  6.54508E-01  6.63062E-12  1.14862E-11  2.19243E-13  2.91729E-13
  1.085E+02  6.58652E-01  6.57658E-12  1.14179E-11  2.17164E-13  2.89272E-13
  1.090E+02  6.62784E-01  6.52343E-12  1.13505E-11  2.15099E-13  2.86826E-13
  1.095E+02  6.66903E-01  6.47116E-12  1.12841E-11  2.13049E-13  2.84391E-13
  1.100E+02  6.71010E-01  6.41974E-12  1.12187E-11  2.11013E-13  2.81966E-13
  1.105E+02  6.75104E-01  6.36916E-12  1.11542E-11  2.08991E-13  2.79551E-13
  1.110E+02  6.79184E-01  6.31941E-12  1.10907E-11  2.06982E-13  2.77147E-13
  1.115E+02  6.83251E-01  6.27047E-12  1.10280E-11  2.04988E-13  2.74752E-13
  1.120E+02  6.87303E-01  6.22233E-12  1.09663E-11  2.03006E-13  2.72368E-13
  1.125E+02  6.91342E-01  6.17496E-12  1.09055E-11  2.01038E-13  2.69993E-13
  1.130E+02  6.95366E-01  6.12837E-12  1.08455E-11  1.99083E-13  2.67628E-13
  1.135E+02  6.99375E-01  6.08252E-12  1.07865E-11  1.97140E-13  2.65272E-13
  1.140E+02  7.03368E-01  6.03742E-12  1.07282E-11  1.95210E-13  2.62926E-13
  1.145E+02  7.07347E-01  5.99304E-12  1.06708E-11  1.93293E-13  2.60588E-13
  1.150E+02  7.11309E-01  5.94938E-12  1.06143E-11  1.91387E-13  2.58260E-13
  1.155E+02  7.15256E-01  5.90642E-12  1.05585E-11  1.89494E-13  2.55941E-13
  1.160E+02  7.19186E-01  5.86415E-12  1.05036E-11  1.87612E-13  2.53631E-13
  1.165E+02  7.23099E-01  5.82256E-12  1.04494E-11  1.85742E-13  2.51330E-13
  1.170E+02  7.26995E-01  5.78163E-12  1.03960E-11  1.83883E-13  2.49037E-13
  1.175E+02  7.30874E-01  5.74136E-12  1.03434E-11  1.82036E-13  2.46752E-13
  1.180E+02  7.34736E-01  5.70173E-12  1.02916E-11  1.80199E-13  2.44476E-13
  1.185E+02  7.38579E-01  5.66274E-12  1.02404E-11  1.78374E-13  2.42209E-13
  1.190E+02  7.42405E-01  5.62437E-12  1.01901E-11  1.76559E-13  2.39949E-13
  1.195E+02  7.46212E-01  5.58660E-12  1.01404E-11  1.74755E-13  2.37698E-13
  1.200E+02  7.50000E-01  5.54944E-12  1.00915E-11  1.72961E-13  2.35454E-13
  1.205E+02  7.53769E-01  5.51287E-12  1.00432E-11  1.71177E-13  2.33218E-13
  1.210E+02  7.57519E-01  5.47689E-12  9.99571E-12  1.69403E-13  2.30990E-13
  1.215E+02  7.61249E-01  5.44147E-12  9.94885E-12  1.67640E-13  2.28770E-13
  1.220E+02  7.64960E-01  5.40662E-12  9.90267E-12  1.65886E-13  2.26557E-13
  1.225E+02  7.68650E-01  5.37233E-12  9.85716E-12  1.64142E-13  2.24352E-13
  1.230E+02  7.72320E-01  5.33858E-12  9.81231E-12  1.62407E-13  2.22154E-13
  1.235E+02  7.75968E-01  5.30536E-12  9.76810E-12  1.60681E-13  2.19963E-13
  1.240E+02  7.79596E-01  5.27268E-12  9.72454E-12  1.58965E-13  2.17779E-13
  1.245E+02  7.83203E-01  5.24051E-12  9.68160E-12  1.57257E-13  2.15602E-13
  1.250E+02  7.86788E-01  5.20886E-12  9.63929E-12  1.55559E-13  2.13432E-13
  1.255E+02  7.90351E-01  5.17771E-12  9.59760E-12  1.53869E-13  2.11269E-13
  1.260E+02  7.93893E-01  5.14706E-12  9.55651E-12  1.52188E-13  2.09113E-13
  1.265E+02  7.97411E-01  5.11689E-12  9.51602E-12  1.50516E-13  2.06963E-13
  1.270E+02  8.00908E-01  5.08721E-12  9.47612E-12  1.48851E-13  2.04820E-13
  1.275E+02  8.04381E-01  5.05800E-12  9.43681E-12  1.47195E-13  2.02684E-13
  1.280E+02  8.07831E-01  5.02926E-12  9.39807E-12  1.45547E-13  2.00553E-13
  1.285E+02  8.11257E-01  5.00098E-12  9.35991E-12  1.43907E-13  1.98429E-13
  1.290E+02  8.14660E-01  4.97315E-12  9.32231E-12  1.42275E-13  1.96312E-13
  1.295E+02  8.18039E-01  4.94577E-12  9.28526E-12  1.40651E-13  1.94200E-13
  1.300E+02  8.21394E-01  4.91883E-12  9.24876E-12  1.39034E-13  1.92094E-13
  1.305E+02  8.24724E-01  4.89232E-12  9.21281E-12  1.37425E-13  1.89994E-13
  1.310E+02  8.28030E-01  4.86624E-12  9.17739E-12  1.35823E-13  1.87900E-13
  1.315E+02  8.31310E-01  4.84058E-12  9.14250E-12  1.34228E-13  1.85812E-13
  1.320E+02  8.34565E-01  4.81534E-12  9.10813E-12  1.32640E-13  1.83730E-13
  1.325E+02  8.37795E-01  4.79051E-12  9.07428E-12  1.31060E-13  1.81653E-13
  1.330E+02  8.40999E-01  4.76608E-12  9.04094E-12  1.29486E-13  1.79581E-13
  1.335E+02  8.44177E-01  4.74206E-12  9.00811E-12  1.27919E-13  1.77515E-13
  1.340E+02  8.47329E-01  4.71842E-12  8.97578E-12  1.26359E-13  1.75455E-13
  1.345E+02  8.50455E-01  4.69517E-12  8.94394E-12  1.24805E-13  1.73399E-13
  1.350E+02  8.53553E-01  4.67231E-12  8.91259E-12  1.23258E-13  1.71349E-13
  1.355E+02  8.56625E-01  4.64982E-12  8.88172E-12  1.21717E-13  1.69304E-13
  1.360E+02  8.59670E-01  4.62771E-12  8.85133E-12  1.20182E-13  1.67264E-13
  1.365E+02  8.62687E-01  4.60596E-12  8.82142E-12  1.18654E-13  1.65229E-13
  1.370E+02  8.65677E-01  4.58458E-12  8.79197E-12  1.17132E-13  1.63199E-13
  1.375E+02  8.68639E-01  4.56356E-12  8.76298E-12  1.15615E-13  1.61174E-13
  1.380E+02  8.71572E-01  4.54289E-12  8.73445E-12  1.14105E-13  1.59153E-13
  1.385E+02  8.74478E-01  4.52256E-12  8.70637E-12  1.12600E-13  1.57137E-13
  1.390E+02  8.77355E-01  4.50259E-12  8.67875E-12  1.11101E-13  1.55126E-13
  1.395E+02  8.80203E-01  4.48295E-12  8.65156E-12  1.09607E-13  1.53119E-13
  1.400E+02  8.83022E-01  4.46365E-12  8.62481E-12  1.08119E-13  1.51117E-13
  1.405E+02  8.85812E-01  4.44469E-12  8.59850E-12  1.06637E-13  1.49119E-13
  1.410E+02  8.88573E-01  4.42605E-12  8.57262E-12  1.05160E-13  1.47126E-13
  1.415E+02  8.91304E-01  4.40773E-12  8.54717E-12  1.03687E-13  1.45136E-13
  1.420E+02  8.94005E-01  4.38974E-12  8.52213E-12  1.02220E-13  1.43151E-13
  1.425E+02  8.96677E-01  4.37207E-12  8.49752E-12  1.00758E-13  1.41170E-13
  1.430E+02  8.99318E-01  4.35470E-12  8.47332E-12  9.93014E-14  1.39193E-13
  1.435E+02  9.01928E-01  4.33765E-12  8.44953E-12  9.78492E-14  1.37220E-13
  1.440E+02  9.04508E-01  4.32090E-12  8.42614E-12  9.64018E-14  1.35251E-13
  1.445E+02  9.07058E-01  4.30446E-12  8.40316E-12  9.49590E-14  1.33286E-13
  1.450E+02  9.09576E-01  4.28831E-12  8.38057E-12  9.35209E-14  1.31325E-13
  1.455E+02  9.12063E-01  4.27247E-12  8.35838E-12  9.20873E-14  1.29367E-13
  1.460E+02  9.14519E-01  4.25691E-12  8.33658E-12  9.06581E-14  1.27413E-13
  1.465E+02  9.16943E-01  4.24164E-12  8.31517E-12  8.92333E-14  1.25463E-13
  1.470E+02  9.19335E-01  4.22666E-12  8.29415E-12  8.78128E-14  1.23516E-13
  1.475E+02  9.21696E-01  4.21197E-12  8.27350E-12  8.63964E-14  1.21572E-13
  1.480E+02  9.24024E-01  4.19755E-12  8.25324E-12  8.49842E-14  1.19632E-13
  1.485E+02  9.26320E-01  4.18342E-12  8.23335E-12  8.35760E-14  1.17696E-13
  1.490E+02  9.28584E-01  4.16955E-12  8.21383E-12  8.21717E-14  1.15762E-13
  1.495E+02  9.30815E-01  4.15597E-12  8.19468E-12  8.07714E-14  1.13832E-13
  1.500E+02  9.33013E-01  4.14265E-12  8.17590E-12  7.93749E-14  1.11905E-13
  1.505E+02  9.35178E-01  4.12959E-12  8.15748E-12  7.79820E-14  1.09981E-13
  1.510E+02  9.37310E-01  4.11681E-12  8.13942E-12  7.65929E-14  1.08060E-13
  1.515E+02  9.39409E-01  4.10428E-12  8.12171E-12  7.52073E-14  1.06143E-13
  1.520E+02  9.41474E-01  4.09201E-12  8.10437E-12  7.38253E-14  1.04228E-13
  1.525E+02  9.43505E-01  4.08000E-12  8.08737E-12  7.24467E-14  1.02316E-13
  1.530E+02  9.45503E-01  4.06825E-12  8.07073E-12  7.10714E-14  1.00406E-13
  1.535E+02  9.47467E-01  4.05675E-12  8.05443E-12  6.96995E-14  9.84999E-14
  1.540E+02  9.49397E-01  4.04550E-12  8.03847E-12  6.83307E-14  9.65962E-14
  1.545E+02  9.51293E-01  4.03450E-12  8.02286E-12  6.69652E-14  9.46950E-14
  1.550E+02  9.53154E-01  4.02374E-12  8.00759E-12  6.56027E-14  9.27965E-14
  1.555E+02  9.54981E-01  4.01323E-12  7.99266E-12  6.42432E-14  9.09005E-14
  1.560E+02  9.56773E-01  4.00296E-12  7.97806E-12  6.28867E-14  8.90070E-14
  1.565E+02  9.58530E-01  3.99293E-12  7.96380E-12  6.15331E-14  8.71158E-14
  1.570E+02  9.60252E-01  3.98314E-12  7.94986E-12  6.01822E-14  8.52271E-14
  1.575E+02  9.61940E-01  3.97359E-12  7.93626E-12  5.88342E-14  8.33407E-14
  1.580E+02  9.63592E-01  3.96427E-12  7.92298E-12  5.74888E-14  8.14565E-14
  1.585E+02  9.65209E-01  3.95518E-12  7.91003E-12  5.61460E-14  7.95745E-14
  1.590E+02  9.66790E-01  3.94633E-12  7.89740E-12  5.48057E-14  7.76947E-14
  1.595E+02  9.68336E-01  3.93770E-12  7.88509E-12  5.34680E-14  7.58169E-14
  1.600E+02  9.69846E-01  3.92931E-12  7.87311E-12  5.21326E-14  7.39412E-14
  1.605E+02  9.71321E-01  3.92114E-12  7.86144E-12  5.07997E-14  7.20675E-14
  1.610E+02  9.72759E-01  3.91319E-12  7.85008E-12  4.94690E-14  7.01957E-14
  1.615E+02  9.74162E-01  3.90547E-12  7.83904E-12  4.81405E-14  6.83259E-14
  1.620E+02  9.75528E-01  3.89797E-12  7.82832E-12  4.68142E-14  6.64578E-14
  1.625E+02  9.76858E-01  3.89070E-12  7.81790E-12  4.54900E-14  6.45915E-14
  1.630E+02  9.78152E-01  3.88364E-12  7.80780E-12  4.41678E-14  6.27270E-14
  1.635E+02  9.79410E-01  3.87680E-12  7.79800E-12  4.28476E-14  6.08641E-14
  1.640E+02  9.80631E-01  3.87018E-12  7.78852E-12  4.15294E-14  5.90028E-14
  1.645E+02  9.81815E-01  3.86377E-12  7.77933E-12  4.02129E-14  5.71431E-14
  1.650E+02  9.82963E-01  3.85758E-12  7.77045E-12  3.88983E-14  5.52850E-14
  1.655E+02  9.84074E-01  3.85160E-12  7.76188E-12  3.75854E-14  5.34283E-14
  1.660E+02  9.85148E-01  3.84583E-12  7.75360E-12  3.62742E-14  5.15730E-14
  1.665E+02  9.86185E-01  3.84028E-12  7.74563E-12  3.49646E-14  4.97191E-14
  1.670E+02  9.87185E-01  3.83493E-12  7.73796E-12  3.36565E-14  4.78665E-14
  1.675E+02  9.88148E-01  3.82980E-12  7.73058E-12  3.23499E-14  4.60152E-14
  1.680E+02  9.89074E-01  3.82487E-12  7.72351E-12  3.10448E-14  4.41651E-14
  1.685E+02  9.89962E-01  3.82016E-12  7.71673E-12  2.97410E-14  4.23161E-14
  1.690E+02  9.90814E-01  3.81564E-12  7.71024E-12  2.84386E-14  4.04683E-14
  1.695E+02  9.91627E-01  3.81134E-12  7.70405E-12  2.71374E-14  3.86215E-14
  1.700E+02  9.92404E-01  3.80724E-12  7.69815E-12  2.58374E-14  3.67758E-14
  1.705E+02  9.93143E-01  3.80334E-12  7.69255E-12  2.45385E-14  3.49311E-14
  1.710E+02  9.93844E-01  3.79965E-12  7.68724E-12  2.32407E-14  3.30872E-14
  1.715E+02  9.94508E-01  3.79616E-12  7.68222E-12  2.19439E-14  3.12443E-14
  1.720E+02  9.95134E-01  3.79288E-12  7.67749E-12  2.06481E-14  2.94021E-14
  1.725E+02  9.95722E-01  3.78979E-12  7.67305E-12  1.93533E-14  2.75607E-14
  1.730E+02  9.96273E-01  3.78691E-12  7.66890E-12  1.80592E-14  2.57201E-14
  1.735E+02  9.96786E-01  3.78423E-12  7.66503E-12  1.67660E-14  2.38801E-14
  1.740E+02  9.97261E-01  3.78175E-12  7.66146E-12  1.54735E-14  2.20408E-14
  1.745E+02  9.97698E-01  3.77947E-12  7.65817E-12  1.41816E-14  2.02020E-14
  1.750E+02  9.98097E-01  3.77739E-12  7.65518E-12  1.28904E-14  1.83638E-14
  1.755E+02  9.98459E-01  3.77551E-12  7.65246E-12  1.15998E-14  1.65260E-14
  1.760E+02  9.98782E-01  3.77382E-12  7.65004E-12  1.03096E-14  1.46887E-14
  1.765E+02  9.99067E-01  3.77234E-12  7.64790E-12  9.01993E-15  1.28518E-14
  1.770E+02  9.99315E-01  3.77105E-12  7.64605E-12  7.73064E-15  1.10152E-14
  1.775E+02  9.99524E-01  3.76997E-12  7.64448E-12  6.44168E-15  9.17888E-15
  1.780E+02  9.99695E-01  3.76908E-12  7.64320E-12  5.15301E-15  7.34282E-15
  1.785E+02  9.99829E-01  3.76839E-12  7.64220E-12  3.86456E-15  5.50694E-15
  1.790E+02  9.99924E-01  3.76789E-12  7.64149E-12  2.57628E-15  3.67122E-15
  1.795E+02  9.99981E-01  3.76760E-12  7.64106E-12  1.28811E-15  1.83558E-15
  1.800E+02  1.00000E+00  3.76750E-12  7.64092E-12  1.80765E-29  2.57594E-29
