-1.02582e-2 1.00488e+0
9.35621e-2 9.90366e-1
1.55642e-1 9.76027e-1
2.55573e-1 9.59838e-1
3.59394e-1 9.42927e-1
4.63222e-1 9.26501e-1
5.67009e-1 9.09351e-1
6.70947e-1 8.96218e-1
7.74874e-1 8.83008e-1
8.78746e-1 8.68677e-1
9.82573e-1 8.53544e-1
1.08645e+0 8.39860e-1
1.19026e+0 8.24841e-1
1.29536e+0 8.08597e-1
1.39576e+0 7.97158e-1
1.47020e+0 7.84845e-1
1.56050e+0 7.75306e-1
1.64121e+0 7.63662e-1
1.72906e+0 7.56888e-1
1.79382e+0 7.45880e-1
1.88026e+0 7.41428e-1
2.03136e+0 7.24237e-1
2.18768e+0 7.12775e-1
2.29684e+0 7.05417e-1
2.43333e+0 6.88320e-1
2.54410e+0 6.77615e-1
2.67364e+0 6.68385e-1
2.77755e+0 6.58268e-1
2.88147e+0 6.48499e-1
2.98550e+0 6.40748e-1
3.08939e+0 6.30646e-1
3.19345e+0 6.23633e-1
3.29741e+0 6.14999e-1
3.40134e+0 6.05873e-1
3.50530e+0 5.97605e-1
3.60923e+0 5.88856e-1
3.71320e+0 5.80762e-1
3.81714e+0 5.72490e-1
3.93367e+0 5.63119e-1
4.02506e+0 5.56748e-1
4.12915e+0 5.50983e-1
4.23318e+0 5.44447e-1
4.33721e+0 5.37999e-1
4.44117e+0 5.30497e-1
4.54514e+0 5.23311e-1
4.64911e+0 5.16170e-1
4.75311e+0 5.09692e-1
4.85101e+0 5.06387e-1
4.96506e+0 4.96601e-1
5.06507e+0 4.89901e-1
5.16911e+0 4.84143e-1
5.27321e+0 4.79323e-1
5.37721e+0 4.73212e-1
5.48121e+0 4.67179e-1
5.58525e+0 4.61688e-1
5.68927e+0 4.56124e-1
5.79327e+0 4.50218e-1
5.89728e+0 4.44702e-1
6.00130e+0 4.39254e-1
6.10532e+0 4.33873e-1
6.20935e+0 4.28730e-1
6.31343e+0 4.24205e-1
6.41755e+0 4.20109e-1
6.52161e+0 4.15506e-1
6.62566e+0 4.10747e-1
6.72968e+0 4.05715e-1
6.82428e+0 4.01574e-1
