8.31270e-2 9.90358e-1
1.65989e-1 9.73657e-1
2.55555e-1 9.59354e-1
3.59394e-1 9.42927e-1
4.63222e-1 9.26501e-1
5.67009e-1 9.09351e-1
6.70870e-1 8.94321e-1
7.74716e-1 8.79185e-1
8.78628e-1 8.65876e-1
9.82522e-1 8.52339e-1
1.08643e+0 8.39267e-1
1.19025e+0 8.24425e-1
1.29536e+0 8.08512e-1
1.39470e+0 7.95177e-1
1.50166e+0 7.80655e-1
1.59294e+0 7.69360e-1
1.69986e+0 7.54510e-1
1.80380e+0 7.43613e-1
1.90771e+0 7.32357e-1
2.01156e+0 7.20107e-1
2.10890e+0 7.09146e-1
2.21926e+0 6.96009e-1
2.31553e+0 6.84694e-1
2.42704e+0 6.74280e-1
2.53091e+0 6.63202e-1
2.63480e+0 6.52899e-1
2.73866e+0 6.42108e-1
2.84257e+0 6.32261e-1
2.94657e+0 6.24200e-1
3.05055e+0 6.15931e-1
3.15444e+0 6.06240e-1
3.25832e+0 5.96521e-1
3.37059e+0 5.90986e-1
3.46614e+0 5.78540e-1
3.57006e+0 5.69919e-1
3.67397e+0 5.61214e-1
3.77788e+0 5.52774e-1
3.88185e+0 5.45283e-1
3.98580e+0 5.37559e-1
4.08986e+0 5.31639e-1
4.19381e+0 5.24119e-1
4.29773e+0 5.16312e-1
4.40165e+0 5.08492e-1
4.50564e+0 5.01920e-1
4.60961e+0 4.95068e-1
4.71352e+0 4.87574e-1
4.81750e+0 4.81177e-1
4.91859e+0 4.75707e-1
5.02540e+0 4.67656e-1
5.12937e+0 4.61324e-1
5.20254e+0 4.53503e-1
5.30912e+0 4.52612e-1
5.41305e+0 4.46013e-1
5.51704e+0 4.40181e-1
5.62098e+0 4.33881e-1
5.72497e+0 4.28224e-1
5.82896e+0 4.22563e-1
5.93294e+0 4.16993e-1
6.03695e+0 4.11772e-1
6.14090e+0 4.06005e-1
6.24416e+0 4.00752e-1
6.34905e+0 3.97307e-1
6.45306e+0 3.92409e-1
6.55707e+0 3.87492e-1
6.66114e+0 3.83304e-1
6.76514e+0 3.78363e-1
6.83167e+0 3.78914e-1
