1.12310e-1 9.38618e-1
1.35095e-1 9.14164e-1
1.48461e-1 8.92247e-1
2.10522e-1 8.67387e-1
2.60328e-1 8.42164e-1
2.95720e-1 8.26946e-1
3.36576e-1 8.07046e-1
3.84429e-1 7.85539e-1
4.25020e-1 7.66730e-1
4.55268e-1 7.43999e-1
5.01841e-1 7.25521e-1
5.43645e-1 7.07124e-1
5.90236e-1 6.89910e-1
6.41501e-1 6.71741e-1
6.82759e-1 6.54365e-1
7.25302e-1 6.41495e-1
7.74503e-1 6.26225e-1
8.28090e-1 6.12497e-1
8.83973e-1 5.94220e-1
9.49378e-1 5.76891e-1
9.85210e-1 5.59662e-1
1.03500e+0 5.45277e-1
1.10714e+0 5.31745e-1
1.17054e+0 5.17896e-1
1.23925e+0 5.09203e-1
1.29059e+0 4.96775e-1
1.34202e+0 4.85835e-1
1.38868e+0 4.74975e-1
1.43069e+0 4.65596e-1
1.49138e+0 4.52373e-1
1.51384e+0 4.44912e-1
1.58015e+0 4.34605e-1
1.61998e+0 4.22802e-1
1.63623e+0 4.23983e-1
1.69701e+0 4.13021e-1
1.75777e+0 4.02173e-1
1.81863e+0 3.92564e-1
1.89359e+0 3.81722e-1
1.95362e+0 3.73976e-1
2.01063e+0 3.64621e-1
2.07150e+0 3.55993e-1
2.13234e+0 3.47404e-1
2.19316e+0 3.38789e-1
2.25402e+0 3.30755e-1
2.31017e+0 3.23329e-1
2.37107e+0 3.16004e-1
2.43664e+0 3.08201e-1
2.51166e+0 3.00187e-1
2.59144e+0 2.92427e-1
2.66643e+0 2.84599e-1
2.73673e+0 2.77469e-1
2.80707e+0 2.70764e-1
2.88209e+0 2.63663e-1
2.96194e+0 2.57394e-1
3.04173e+0 2.50884e-1
3.11211e+0 2.45069e-1
3.18248e+0 2.39384e-1
3.26224e+0 2.33096e-1
3.34200e+0 2.26962e-1
3.42661e+0 2.21662e-1
3.51116e+0 2.16084e-1
3.58629e+0 2.11147e-1
3.67083e+0 2.05748e-1
3.75538e+0 2.00581e-1
3.84561e+0 1.96918e-1
3.89051e+0 1.90962e-1
3.98087e+0 1.87562e-1
4.07971e+0 1.83108e-1
4.17384e+0 1.78893e-1
4.25842e+0 1.74589e-1
4.34297e+0 1.70200e-1
4.42285e+0 1.66272e-1
4.50275e+0 1.62549e-1
4.58737e+0 1.58756e-1
4.67203e+0 1.55262e-1
4.76138e+0 1.51575e-1
4.85543e+0 1.47765e-1
4.94474e+0 1.44131e-1
5.03879e+0 1.40523e-1
5.13287e+0 1.37096e-1
5.22701e+0 1.34021e-1
5.33066e+0 1.31024e-1
5.42477e+0 1.27977e-1
5.51888e+0 1.24987e-1
5.61770e+0 1.21930e-1
5.71180e+0 1.19050e-1
5.81056e+0 1.15951e-1
5.91412e+0 1.13072e-1
6.01295e+0 1.10349e-1
6.11181e+0 1.07765e-1
6.21547e+0 1.05419e-1
6.31909e+0 1.02978e-1
