1.03358e-2 -7.89063e-1
2.99740e-2 -7.84115e-1
4.82009e-2 -7.77901e-1
6.75949e-2 -7.67365e-1
8.46774e-2 -7.60994e-1
1.04057e-1 -7.53206e-1
1.21172e-1 -7.40581e-1
1.39575e-1 -7.32127e-1
1.57635e-1 -7.26218e-1
1.75869e-1 -7.18737e-1
1.94097e-1 -7.12154e-1
2.12333e-1 -7.04224e-1
2.30582e-1 -6.93751e-1
2.48819e-1 -6.85373e-1
2.67056e-1 -6.77293e-1
2.85288e-1 -6.69962e-1
3.03516e-1 -6.63678e-1
3.21746e-1 -6.56796e-1
3.39973e-1 -6.50512e-1
3.58206e-1 -6.43031e-1
3.76432e-1 -6.37047e-1
3.94684e-1 -6.25975e-1
4.12911e-1 -6.19691e-1
4.31141e-1 -6.12809e-1
4.49367e-1 -6.06825e-1
4.67599e-1 -5.99493e-1
4.85822e-1 -5.94107e-1
5.04048e-1 -5.88123e-1
5.22270e-1 -5.82886e-1
5.40499e-1 -5.76303e-1
5.58745e-1 -5.66279e-1
5.76973e-1 -5.59845e-1
5.95195e-1 -5.54459e-1
6.13420e-1 -5.48624e-1
6.31641e-1 -5.43687e-1
6.49870e-1 -5.36954e-1
6.68091e-1 -5.32017e-1
6.86313e-1 -5.26631e-1
7.04540e-1 -5.20497e-1
7.22781e-1 -5.11520e-1
7.41000e-1 -5.06732e-1
7.59216e-1 -5.02742e-1
7.77440e-1 -4.97186e-1
7.95647e-1 -4.94912e-1
8.13867e-1 -4.90030e-1
8.30671e-1 -4.84820e-1
8.50313e-1 -4.79053e-1
8.68536e-1 -4.73667e-1
8.86769e-1 -4.66186e-1
9.04982e-1 -4.62745e-1
9.23200e-1 -4.58257e-1
9.41414e-1 -4.54516e-1
