7.64061e-2 8.22775e-1
8.48956e-2 7.79793e-1
9.35621e-2 7.42670e-1
1.02405e-1 7.10773e-1
1.02958e-1 8.94269e-1
1.06753e-1 9.17905e-1
1.07638e-1 9.40596e-1
1.09170e-1 8.60744e-1
1.09268e-1 9.83845e-1
1.17735e-1 6.89275e-1
1.22293e-1 6.70848e-1
1.27940e-1 6.58311e-1
1.36223e-1 6.36637e-1
1.63876e-1 6.22098e-1
1.69438e-1 6.02172e-1
1.82649e-1 5.79126e-1
1.95885e-1 5.55892e-1
2.15869e-1 5.42130e-1
2.30850e-1 5.23052e-1
2.37288e-1 5.08478e-1
2.41007e-1 4.94244e-1
2.49129e-1 4.75854e-1
2.66829e-1 4.59171e-1
2.70588e-1 4.46812e-1
2.79049e-1 4.34225e-1
2.97766e-1 4.17049e-1
3.04985e-1 4.04682e-1
3.13657e-1 3.95581e-1
3.26806e-1 3.83799e-1
3.55770e-1 3.72235e-1
3.71243e-1 3.52861e-1
3.76756e-1 3.60384e-1
3.87028e-1 3.44832e-1
4.01441e-1 3.33080e-1
4.20479e-1 3.24869e-1
4.24362e-1 3.17209e-1
4.45908e-1 3.06486e-1
4.69490e-1 2.97244e-1
4.92130e-1 2.88346e-1
5.00752e-1 2.81470e-1
5.17523e-1 2.71757e-1
5.42426e-1 2.61669e-1
5.52426e-1 2.53992e-1
5.69827e-1 2.48442e-1
5.90032e-1 2.40599e-1
6.07738e-1 2.32206e-1
6.31790e-1 2.24191e-1
6.63327e-1 2.17682e-1
6.92683e-1 2.09718e-1
7.02917e-1 2.04888e-1
7.27888e-1 1.98512e-1
7.53791e-1 1.92249e-1
7.89317e-1 1.84396e-1
8.26887e-1 1.77572e-1
8.56406e-1 1.70783e-1
8.88546e-1 1.63833e-1
9.15693e-1 1.57874e-1
9.45077e-1 1.53557e-1
9.76026e-1 1.47983e-1
1.00715e+0 1.43288e-1
1.03445e+0 1.38660e-1
1.06378e+0 1.34659e-1
1.09973e+0 1.30697e-1
1.14119e+0 1.26164e-1
1.17057e+0 1.22709e-1
1.19995e+0 1.19354e-1
1.22940e+0 1.16297e-1
1.26057e+0 1.12753e-1
1.29186e+0 1.09682e-1
1.32694e+0 1.06684e-1
1.38088e+0 1.03378e-1
