8.75482e-2 9.68560e-1
1.13694e-1 9.33494e-1
1.52608e-1 9.09503e-1
2.15363e-1 8.83265e-1
2.87865e-1 8.56908e-1
3.68976e-1 8.29129e-1
4.07615e-1 8.08106e-1
4.71519e-1 7.86321e-1
5.23770e-1 7.61376e-1
5.81573e-1 7.29458e-1
5.74042e-1 7.45310e-1
6.50026e-1 7.13647e-1
6.34828e-1 7.26157e-1
6.97903e-1 6.96665e-1
6.90885e-1 7.07886e-1
7.60785e-1 6.82464e-1
8.12118e-1 6.65733e-1
8.58783e-1 6.50853e-1
9.21814e-1 6.31880e-1
9.75664e-1 6.18835e-1
1.03173e+0 6.03487e-1
1.08776e+0 5.87759e-1
1.14381e+0 5.72864e-1
1.19981e+0 5.57520e-1
1.26604e+0 5.43540e-1
1.33093e+0 5.30021e-1
1.38696e+0 5.16399e-1
1.44773e+0 5.02902e-1
1.50846e+0 4.89201e-1
1.56451e+0 4.76804e-1
1.62064e+0 4.65668e-1
1.68142e+0 4.53665e-1
1.74225e+0 4.42532e-1
1.80310e+0 4.31946e-1
1.86871e+0 4.21749e-1
1.93421e+0 4.10554e-1
1.99503e+0 4.00321e-1
2.05588e+0 3.90714e-1
2.12616e+0 3.80646e-1
2.20116e+0 3.70560e-1
2.27139e+0 3.60596e-1
2.33226e+0 3.52119e-1
2.39315e+0 3.44042e-1
2.45870e+0 3.35388e-1
2.52430e+0 3.27314e-1
2.58985e+0 3.19031e-1
2.65546e+0 3.11549e-1
2.72108e+0 3.04194e-1
2.79152e+0 2.97674e-1
2.86185e+0 2.90418e-1
2.93218e+0 2.83321e-1
3.00262e+0 2.77265e-1
3.07290e+0 2.70147e-1
3.14322e+0 2.63452e-1
3.20417e+0 2.57858e-1
3.26983e+0 2.52117e-1
3.34487e+0 2.45675e-1
3.41995e+0 2.39730e-1
3.49965e+0 2.33018e-1
3.57003e+0 2.27667e-1
3.64990e+0 2.22384e-1
3.73675e+0 2.17893e-1
3.82153e+0 2.12226e-1
3.89155e+0 2.05287e-1
3.98791e+0 1.99814e-1
4.06779e+0 1.95223e-1
4.15708e+0 1.90292e-1
4.25111e+0 1.85420e-1
4.34516e+0 1.80803e-1
4.42030e+0 1.76658e-1
4.50015e+0 1.72462e-1
4.58472e+0 1.68243e-1
4.66459e+0 1.64304e-1
4.74915e+0 1.60233e-1
4.83844e+0 1.56178e-1
4.92775e+0 1.52317e-1
5.01240e+0 1.48909e-1
5.10666e+0 1.46037e-1
5.18164e+0 1.42051e-1
5.27584e+0 1.39105e-1
5.35109e+0 1.36352e-1
5.42282e+0 1.33152e-1
5.52521e+0 1.30534e-1
5.61934e+0 1.27579e-1
5.71813e+0 1.24340e-1
5.81696e+0 1.21328e-1
5.91583e+0 1.18528e-1
6.01940e+0 1.15655e-1
6.11826e+0 1.12961e-1
6.21716e+0 1.10427e-1
6.32077e+0 1.07860e-1
6.42462e+0 1.06055e-1
6.52829e+0 1.03736e-1
