8.11808e-3  -1.08354e+1
4.35424e-2  -1.14407e+1
8.04428e-2  -1.10775e+1
1.18819e-1  -8.77724e+0
1.52768e-1  -2.60291e+0
1.88192e-1  5.50847e+0
2.23616e-1  1.02300e+1
2.66421e-1  1.25303e+1
3.00369e-1  1.25303e+1
3.38745e-1  1.15617e+1
3.72694e-1  8.77724e+0
4.15498e-1  9.07990e-1
4.45018e-1  -6.11380e+0
4.78967e-1  -1.07143e+1
5.14391e-1  -1.15617e+1
5.49815e-1  -1.21671e+1
5.89668e-1  -1.13196e+1
6.23616e-1  -8.77724e+0
6.54613e-1  -3.45036e+0
6.94465e-1  5.02421e+0
7.35793e-1  9.86683e+0
7.72694e-1  1.26513e+1
8.12546e-1  1.21671e+1
8.49446e-1  1.05932e+1
8.86347e-1  6.47700e+0
9.23247e-1  6.65860e-1
9.61624e-1  -7.32446e+0
9.95572e-1  -1.05932e+1
