9.55107e-2 6.75289e+3
9.79316e-2 7.06407e+4
1.03226e-1 8.46052e+4
1.10247e-1 1.06004e+5
1.24138e-1 1.10848e+5
1.49317e-1 1.01204e+5
1.74947e-1 7.71405e+4
2.10459e-1 5.61970e+4
2.40161e-1 4.38172e+4
2.70465e-1 3.41664e+4
2.96660e-1 2.72523e+4
3.29703e-1 2.27401e+4
3.61645e-1 1.73375e+4
4.18179e-1 1.26324e+4
4.89983e-1 8.79736e+3
5.81737e-1 6.12628e+3
6.55184e-1 4.26709e+3
7.88241e-1 2.71480e+3
8.87736e-1 1.97825e+3
1.02654e+0 1.37775e+3
1.12599e+0 1.05043e+3
1.26812e+0 7.65437e+2
1.42818e+0 5.57766e+2
1.58743e+0 3.88516e+2
1.76438e+0 2.83122e+2
1.78526e+0 3.39145e+3
2.01060e+0 2.47132e+3
2.26433e+0 1.88399e+3
2.61844e+0 1.25418e+3
3.02776e+0 9.13815e+2
3.41003e+0 6.36492e+2
3.89155e+0 4.43308e+2
4.38298e+0 2.95143e+2
4.87143e+0 2.25012e+2
5.78395e+0 1.43164e+2
6.34446e+0 1.04333e+2
7.05150e+0 7.95417e+1
7.83773e+0 5.54054e+1
8.82705e+0 4.03734e+1
1.00737e+1 2.68781e+1
1.09046e+1 2.14400e+1
1.26099e+1 1.42727e+1
1.38316e+1 1.08818e+1
1.53734e+1 7.92990e+0
1.68628e+1 6.04593e+0
1.84965e+1 4.60955e+0
2.11088e+1 3.06876e+0
2.31538e+1 2.33969e+0
2.60764e+1 1.70491e+0
2.93694e+1 1.13508e+0
3.30783e+1 7.55709e-1
3.67655e+1 5.50706e-1
4.19581e+1 3.66627e-1
4.98190e+1 2.22970e-1
5.99395e+1 1.29609e-1
