

  **** PARTIAL WAVE ANALYSIS (DPWA0) ******************************************


  KINETIC ENERGY = 2.50000E+04 eV

      L       PHASE(SPIN UP)     PHASE(SPIN DOWN)
  -----------------------------------------------
       0     -4.95426835E-01      0.00000000E+00
       1      1.17010098E+00      1.48441683E+00
       2      2.64340711E-01      3.56004448E-01
       3     -3.50302934E-01     -3.05199791E-01
       4     -7.91039838E-01     -7.63585216E-01
       5     -1.12238429E+00     -1.10359998E+00
       6     -1.38088443E+00     -1.36707517E+00
       7      1.55329312E+00      1.56393889E+00
       8      1.38324760E+00      1.39173277E+00
       9      1.24146051E+00      1.24839197E+00
      10      1.12160527E+00      1.12737574E+00
      11      1.01912730E+00      1.02400437E+00
      12      9.30650806E-01      9.34824288E-01
      13      8.53613809E-01      8.57222760E-01
      14      7.86033988E-01      7.89182938E-01
      15      7.26352588E-01      7.29121807E-01
      16      6.73327103E-01      6.75779339E-01
      17      6.25955461E-01      6.28140501E-01
      18      5.83421212E-01      5.85379078E-01
      19      5.45053136E-01      5.46816358E-01
      20      5.10294953E-01      5.11890237E-01
      21      4.78682292E-01      4.80131753E-01
      22      4.49824931E-01      4.51147026E-01
      23      4.23392963E-01      4.24603207E-01
      24      3.99105901E-01      4.00217421E-01
      25      3.76724019E-01      3.77747990E-01
      26      3.56041424E-01      3.56987407E-01
      27      3.36880448E-01      3.37756671E-01
      28      3.19087111E-01      3.19900686E-01
      29      3.02527395E-01      3.03284499E-01
      30      2.87084185E-01      2.87790207E-01
      31      2.72654748E-01      2.73314407E-01
      32      2.59148621E-01      2.59766068E-01
      33      2.46485870E-01      2.47064768E-01
      34      2.34595610E-01      2.35139205E-01
      35      2.23414777E-01      2.23925955E-01
      36      2.12887074E-01      2.13368410E-01
      37      2.02962096E-01      2.03415894E-01
      38      1.93594569E-01      1.94022896E-01
      39      1.84743707E-01      1.85148428E-01
      40      1.76372668E-01      1.76755465E-01
      41      1.68448073E-01      1.68810472E-01
      42      1.60939608E-01      1.61282991E-01
      43      1.53819663E-01      1.54145292E-01
      44      1.47063033E-01      1.47372059E-01
      45      1.40646655E-01      1.40940130E-01
      46      1.34549374E-01      1.34828264E-01
      47      1.28751742E-01      1.29016935E-01
      48      1.23235846E-01      1.23488161E-01
      49      1.17985150E-01      1.18225342E-01
      50      1.12984364E-01      1.13213131E-01
      51      1.08219317E-01      1.08437306E-01
      52      1.03676859E-01      1.03884671E-01
      53      9.93447624E-02      9.95429564E-02
      54      9.52116414E-02      9.54007373E-02
      55      9.12668770E-02      9.14473599E-02
      56      8.75005514E-02      8.76728745E-02
      57      8.39033887E-02      8.40679759E-02
      58      8.04667027E-02      8.06239509E-02
      59      7.71823487E-02      7.73326302E-02
      60      7.40426811E-02      7.41863454E-02
      61      7.10405153E-02      7.11778908E-02
      62      6.81690920E-02      6.83004877E-02
      63      6.54220467E-02      6.55477535E-02
      64      6.27933802E-02      6.29136724E-02
      65      6.02774330E-02      6.03925693E-02
      66      5.78688616E-02      5.79790863E-02
      67      5.55626168E-02      5.56681608E-02
      68      5.33539238E-02      5.34550054E-02
      69      5.12382643E-02      5.13350901E-02
      70      4.92113594E-02      4.93041251E-02
      71      4.72691551E-02      4.73580460E-02
      72      4.54078072E-02      4.54929991E-02
      73      4.36236689E-02      4.37053286E-02
      74      4.19132791E-02      4.19915648E-02
      75      4.02733502E-02      4.03484124E-02
      76      3.87007590E-02      3.87727404E-02
      77      3.71925364E-02      3.72615729E-02
      78      3.57458587E-02      3.58120793E-02
      79      3.43580394E-02      3.44215670E-02
      80      3.30265214E-02      3.30874730E-02
      81      3.17488700E-02      3.18073569E-02
      82      3.05227661E-02      3.05788944E-02
      83      2.93459997E-02      2.93998705E-02
      84      2.82164646E-02      2.82681742E-02
      85      2.71321524E-02      2.71817927E-02
      86      2.60911474E-02      2.61388060E-02
      87      2.50916221E-02      2.51373826E-02
      88      2.41318326E-02      2.41757747E-02
      89      2.32101137E-02      2.32523136E-02
      90      2.23248759E-02      2.23654064E-02
      91      2.14746010E-02      2.15135314E-02
      92      2.06578384E-02      2.06952351E-02
      93      1.98732023E-02      1.99091287E-02
      94      1.91193682E-02      1.91538849E-02
      95      1.83950698E-02      1.84282347E-02  i
      96      1.76990965E-02      1.77309651E-02  i
      97      1.70302906E-02      1.70609157E-02  i
      98      1.63875445E-02      1.64169769E-02  i
      99      1.57697989E-02      1.57980869E-02  i
     100      1.51760399E-02      1.52032301E-02  i
     105      1.25345016E-02      1.25568313E-02  i
     110      1.03633937E-02      1.03817597E-02  i
     115      8.57638382E-03      8.59151026E-03  i
     120      7.10362003E-03      7.11609375E-03  i
     125      5.88841965E-03      5.89871742E-03  i
     130      4.88466751E-03      4.89317762E-03  i
     135      4.05475993E-03      4.06179932E-03  i
     140      3.36797102E-03      3.37379890E-03  i
     145      2.79914852E-03      2.80397725E-03  i
     150      2.32766855E-03      2.33167239E-03  i
     155      1.93659481E-03      1.93991696E-03  i
     160      1.61200008E-03      1.61475835E-03  i
     165      1.34241724E-03      1.34470872E-03  i
     170      1.11839376E-03      1.12029851E-03  i
     175      9.32129528E-04      9.33713644E-04  i
     180      7.77181672E-04      7.78499774E-04  i
     185      6.48223512E-04      6.49320779E-04  i
     190      5.40847528E-04      5.41761358E-04  i
     195      4.51403869E-04      4.52165242E-04  i
     200      3.76867884E-04      3.77502482E-04  i
     205      3.14731328E-04      3.15260455E-04  i
     210      2.62912871E-04      2.63354211E-04  i
     215      2.19684389E-04      2.20052629E-04  i
     220      1.83610215E-04      1.83917561E-04  i
     225      1.53497015E-04      1.53753613E-04  i
     230      1.28352388E-04      1.28566679E-04  i
     235      1.07350646E-04      1.07529655E-04  i
     240      8.98044978E-05      8.99540723E-05  i
     245      7.51416104E-05      7.52666219E-05  i
     250      6.28851903E-05      6.29896975E-05  i
     255      5.26378840E-05      5.27252702E-05  i
     260      4.40684230E-05      4.41415091E-05  i
     265      3.69005378E-05      3.69616768E-05  i
     270      3.09037512E-05      3.09549065E-05  i
     275      2.58857284E-05      2.59285386E-05  i
     280      2.16859162E-05      2.17217494E-05  i
     285      1.81702539E-05      1.82002526E-05  i
     290      1.52267706E-05      1.52518892E-05  i
     295      1.27619223E-05      1.27829582E-05  i
     300      1.06975375E-05      1.07151571E-05  i
     310      7.51951757E-06      7.53188472E-06  i
     320      5.28824990E-06      5.29693545E-06  i
     330      3.72080381E-06      3.72690707E-06  i
     340      2.61910243E-06      2.62339332E-06  i
     350      1.84437076E-06      1.84738893E-06  i
     360      1.29931385E-06      1.30143778E-06  i
     370      9.15673846E-07      9.17169116E-07  i
     380      6.45535266E-07      6.46588350E-07  i
     390      4.55243439E-07      4.55985427E-07  i
     400      3.21147644E-07      3.21670594E-07  i
     410      2.26619035E-07      2.26987741E-07  i
     420      1.59960293E-07      1.60220344E-07  i
     430      1.12940045E-07      1.13123509E-07  i
     440      7.97618710E-08      7.98913393E-08  i
     450      5.63443005E-08      5.64357049E-08  i
     460      3.98114173E-08      3.98759497E-08  i
     470      2.81360050E-08      2.81815754E-08  i
     480      1.98887629E-08      1.99209594E-08  i
     490      1.40618707E-08      1.40846250E-08  i
     500      9.94391183E-09      9.95999067E-09  i
     510      7.03313404E-09      7.04450031E-09  i
     520      4.97555591E-09      4.98360350E-09  i
     530      3.52022419E-09      3.52590986E-09  i
     540      2.49087737E-09      2.49489910E-09  i
     550      1.76275409E-09      1.76559461E-09  i
     560      1.24752267E-09      1.24952819E-09  i


  *** SCATTERING AMPLITUDES AND DIFFERENTIAL CROSS SECTION ***

    ANGLE      DCS       ASYMMETRY    DIRECT AMPLITUDE       SPIN-FLIP AMPLITUDE     ERROR
    (deg)   (cm**2/sr)                      (cm)                    (cm)
  -------------------------------------------------------------------------------------------
  0.000E+00 1.76687E-14  0.000E+00 ( 1.251E-07, 4.483E-08) ( 0.000E+00, 0.000E+00)  1.00E-07
  1.000E-04 1.76687E-14  9.170E-10 ( 1.251E-07, 4.483E-08) ( 5.064E-15, 1.879E-15)  1.00E-07
  1.250E-04 1.76687E-14  1.146E-09 ( 1.251E-07, 4.483E-08) ( 6.330E-15, 2.349E-15)  1.00E-07
  1.500E-04 1.76687E-14  1.375E-09 ( 1.251E-07, 4.483E-08) ( 7.596E-15, 2.818E-15)  1.00E-07
  1.750E-04 1.76687E-14  1.605E-09 ( 1.251E-07, 4.483E-08) ( 8.861E-15, 3.288E-15)  1.00E-07
  2.000E-04 1.76687E-14  1.834E-09 ( 1.251E-07, 4.483E-08) ( 1.013E-14, 3.758E-15)  1.00E-07
  2.250E-04 1.76687E-14  2.063E-09 ( 1.251E-07, 4.483E-08) ( 1.139E-14, 4.227E-15)  1.00E-07
  2.500E-04 1.76687E-14  2.292E-09 ( 1.251E-07, 4.483E-08) ( 1.266E-14, 4.697E-15)  1.00E-07
  2.750E-04 1.76687E-14  2.522E-09 ( 1.251E-07, 4.483E-08) ( 1.393E-14, 5.167E-15)  1.00E-07
  3.000E-04 1.76687E-14  2.751E-09 ( 1.251E-07, 4.483E-08) ( 1.519E-14, 5.637E-15)  1.00E-07
  3.250E-04 1.76687E-14  2.980E-09 ( 1.251E-07, 4.483E-08) ( 1.646E-14, 6.106E-15)  1.00E-07
  3.500E-04 1.76687E-14  3.209E-09 ( 1.251E-07, 4.483E-08) ( 1.772E-14, 6.576E-15)  1.00E-07
  3.750E-04 1.76687E-14  3.439E-09 ( 1.251E-07, 4.483E-08) ( 1.899E-14, 7.046E-15)  1.00E-07
  4.000E-04 1.76687E-14  3.668E-09 ( 1.251E-07, 4.483E-08) ( 2.025E-14, 7.515E-15)  1.00E-07
  4.250E-04 1.76687E-14  3.897E-09 ( 1.251E-07, 4.483E-08) ( 2.152E-14, 7.985E-15)  1.00E-07
  4.500E-04 1.76687E-14  4.126E-09 ( 1.251E-07, 4.483E-08) ( 2.279E-14, 8.455E-15)  1.00E-07
  4.750E-04 1.76687E-14  4.356E-09 ( 1.251E-07, 4.483E-08) ( 2.405E-14, 8.925E-15)  1.00E-07
  5.000E-04 1.76687E-14  4.585E-09 ( 1.251E-07, 4.483E-08) ( 2.532E-14, 9.394E-15)  1.00E-07
  5.250E-04 1.76687E-14  4.814E-09 ( 1.251E-07, 4.483E-08) ( 2.658E-14, 9.864E-15)  1.00E-07
  5.500E-04 1.76687E-14  5.043E-09 ( 1.251E-07, 4.483E-08) ( 2.785E-14, 1.033E-14)  1.00E-07
  5.750E-04 1.76687E-14  5.273E-09 ( 1.251E-07, 4.483E-08) ( 2.912E-14, 1.080E-14)  1.00E-07
  6.000E-04 1.76687E-14  5.502E-09 ( 1.251E-07, 4.483E-08) ( 3.038E-14, 1.127E-14)  1.00E-07
  6.250E-04 1.76687E-14  5.731E-09 ( 1.251E-07, 4.483E-08) ( 3.165E-14, 1.174E-14)  1.00E-07
  6.500E-04 1.76687E-14  5.960E-09 ( 1.251E-07, 4.483E-08) ( 3.291E-14, 1.221E-14)  1.00E-07
  6.750E-04 1.76687E-14  6.190E-09 ( 1.251E-07, 4.483E-08) ( 3.418E-14, 1.268E-14)  1.00E-07
  7.000E-04 1.76687E-14  6.419E-09 ( 1.251E-07, 4.483E-08) ( 3.545E-14, 1.315E-14)  1.00E-07
  7.250E-04 1.76687E-14  6.648E-09 ( 1.251E-07, 4.483E-08) ( 3.671E-14, 1.362E-14)  1.00E-07
  7.500E-04 1.76687E-14  6.877E-09 ( 1.251E-07, 4.483E-08) ( 3.798E-14, 1.409E-14)  1.00E-07
  7.750E-04 1.76687E-14  7.107E-09 ( 1.251E-07, 4.483E-08) ( 3.924E-14, 1.456E-14)  1.00E-07
  8.000E-04 1.76687E-14  7.336E-09 ( 1.251E-07, 4.483E-08) ( 4.051E-14, 1.503E-14)  1.00E-07
  8.250E-04 1.76687E-14  7.565E-09 ( 1.251E-07, 4.483E-08) ( 4.178E-14, 1.550E-14)  1.00E-07
  8.500E-04 1.76687E-14  7.794E-09 ( 1.251E-07, 4.483E-08) ( 4.304E-14, 1.597E-14)  1.00E-07
  8.750E-04 1.76687E-14  8.024E-09 ( 1.251E-07, 4.483E-08) ( 4.431E-14, 1.644E-14)  1.00E-07
  9.000E-04 1.76687E-14  8.253E-09 ( 1.251E-07, 4.483E-08) ( 4.557E-14, 1.691E-14)  1.00E-07
  9.250E-04 1.76687E-14  8.482E-09 ( 1.251E-07, 4.483E-08) ( 4.684E-14, 1.738E-14)  1.00E-07
  9.500E-04 1.76687E-14  8.711E-09 ( 1.251E-07, 4.483E-08) ( 4.811E-14, 1.785E-14)  1.00E-07
  9.750E-04 1.76687E-14  8.941E-09 ( 1.251E-07, 4.483E-08) ( 4.937E-14, 1.832E-14)  1.00E-07
  1.000E-03 1.76687E-14  9.170E-09 ( 1.251E-07, 4.483E-08) ( 5.064E-14, 1.879E-14)  1.00E-07
  1.250E-03 1.76687E-14  1.146E-08 ( 1.251E-07, 4.483E-08) ( 6.330E-14, 2.349E-14)  1.00E-07
  1.500E-03 1.76687E-14  1.375E-08 ( 1.251E-07, 4.483E-08) ( 7.596E-14, 2.818E-14)  1.00E-07
  1.750E-03 1.76686E-14  1.605E-08 ( 1.251E-07, 4.483E-08) ( 8.861E-14, 3.288E-14)  1.00E-07
  2.000E-03 1.76686E-14  1.834E-08 ( 1.251E-07, 4.483E-08) ( 1.013E-13, 3.758E-14)  1.00E-07
  2.250E-03 1.76686E-14  2.063E-08 ( 1.251E-07, 4.483E-08) ( 1.139E-13, 4.227E-14)  1.00E-07
  2.500E-03 1.76686E-14  2.292E-08 ( 1.251E-07, 4.483E-08) ( 1.266E-13, 4.697E-14)  1.00E-07
  2.750E-03 1.76686E-14  2.522E-08 ( 1.251E-07, 4.483E-08) ( 1.393E-13, 5.167E-14)  1.00E-07
  3.000E-03 1.76686E-14  2.751E-08 ( 1.251E-07, 4.483E-08) ( 1.519E-13, 5.637E-14)  1.00E-07
  3.250E-03 1.76686E-14  2.980E-08 ( 1.251E-07, 4.483E-08) ( 1.646E-13, 6.106E-14)  1.00E-07
  3.500E-03 1.76686E-14  3.209E-08 ( 1.251E-07, 4.483E-08) ( 1.772E-13, 6.576E-14)  1.00E-07
  3.750E-03 1.76685E-14  3.439E-08 ( 1.251E-07, 4.483E-08) ( 1.899E-13, 7.046E-14)  1.00E-07
  4.000E-03 1.76685E-14  3.668E-08 ( 1.251E-07, 4.483E-08) ( 2.025E-13, 7.515E-14)  1.00E-07
  4.250E-03 1.76685E-14  3.897E-08 ( 1.251E-07, 4.483E-08) ( 2.152E-13, 7.985E-14)  1.00E-07
  4.500E-03 1.76685E-14  4.126E-08 ( 1.251E-07, 4.483E-08) ( 2.279E-13, 8.455E-14)  1.00E-07
  4.750E-03 1.76685E-14  4.356E-08 ( 1.251E-07, 4.483E-08) ( 2.405E-13, 8.925E-14)  1.00E-07
  5.000E-03 1.76684E-14  4.585E-08 ( 1.251E-07, 4.483E-08) ( 2.532E-13, 9.394E-14)  1.00E-07
  5.250E-03 1.76684E-14  4.814E-08 ( 1.251E-07, 4.483E-08) ( 2.658E-13, 9.864E-14)  1.00E-07
  5.500E-03 1.76684E-14  5.043E-08 ( 1.251E-07, 4.483E-08) ( 2.785E-13, 1.033E-13)  1.00E-07
  5.750E-03 1.76683E-14  5.273E-08 ( 1.251E-07, 4.483E-08) ( 2.912E-13, 1.080E-13)  1.00E-07
  6.000E-03 1.76683E-14  5.502E-08 ( 1.251E-07, 4.483E-08) ( 3.038E-13, 1.127E-13)  1.00E-07
  6.250E-03 1.76683E-14  5.731E-08 ( 1.251E-07, 4.483E-08) ( 3.165E-13, 1.174E-13)  1.00E-07
  6.500E-03 1.76683E-14  5.960E-08 ( 1.251E-07, 4.483E-08) ( 3.291E-13, 1.221E-13)  1.00E-07
  6.750E-03 1.76682E-14  6.190E-08 ( 1.251E-07, 4.483E-08) ( 3.418E-13, 1.268E-13)  1.00E-07
  7.000E-03 1.76682E-14  6.419E-08 ( 1.251E-07, 4.483E-08) ( 3.545E-13, 1.315E-13)  1.00E-07
  7.250E-03 1.76682E-14  6.648E-08 ( 1.251E-07, 4.483E-08) ( 3.671E-13, 1.362E-13)  1.00E-07
  7.500E-03 1.76681E-14  6.878E-08 ( 1.251E-07, 4.483E-08) ( 3.798E-13, 1.409E-13)  1.00E-07
  7.750E-03 1.76681E-14  7.107E-08 ( 1.251E-07, 4.483E-08) ( 3.924E-13, 1.456E-13)  1.00E-07
  8.000E-03 1.76680E-14  7.336E-08 ( 1.251E-07, 4.483E-08) ( 4.051E-13, 1.503E-13)  1.00E-07
  8.250E-03 1.76680E-14  7.565E-08 ( 1.251E-07, 4.483E-08) ( 4.177E-13, 1.550E-13)  1.00E-07
  8.500E-03 1.76680E-14  7.795E-08 ( 1.251E-07, 4.483E-08) ( 4.304E-13, 1.597E-13)  1.00E-07
  8.750E-03 1.76679E-14  8.024E-08 ( 1.251E-07, 4.483E-08) ( 4.431E-13, 1.644E-13)  1.00E-07
  9.000E-03 1.76679E-14  8.253E-08 ( 1.251E-07, 4.483E-08) ( 4.557E-13, 1.691E-13)  1.00E-07
  9.250E-03 1.76678E-14  8.482E-08 ( 1.251E-07, 4.483E-08) ( 4.684E-13, 1.738E-13)  1.00E-07
  9.500E-03 1.76678E-14  8.712E-08 ( 1.251E-07, 4.483E-08) ( 4.810E-13, 1.785E-13)  1.00E-07
  9.750E-03 1.76677E-14  8.941E-08 ( 1.251E-07, 4.483E-08) ( 4.937E-13, 1.832E-13)  1.00E-07
  1.000E-02 1.76677E-14  9.170E-08 ( 1.251E-07, 4.483E-08) ( 5.064E-13, 1.879E-13)  1.00E-07
  1.250E-02 1.76671E-14  1.146E-07 ( 1.251E-07, 4.483E-08) ( 6.329E-13, 2.349E-13)  1.00E-07
  1.500E-02 1.76664E-14  1.376E-07 ( 1.251E-07, 4.483E-08) ( 7.595E-13, 2.818E-13)  1.00E-07
  1.750E-02 1.76656E-14  1.605E-07 ( 1.251E-07, 4.483E-08) ( 8.861E-13, 3.288E-13)  1.00E-07
  2.000E-02 1.76647E-14  1.834E-07 ( 1.251E-07, 4.483E-08) ( 1.013E-12, 3.758E-13)  1.00E-07
  2.250E-02 1.76636E-14  2.064E-07 ( 1.251E-07, 4.483E-08) ( 1.139E-12, 4.227E-13)  1.00E-07
  2.500E-02 1.76624E-14  2.293E-07 ( 1.251E-07, 4.483E-08) ( 1.266E-12, 4.697E-13)  1.00E-07
  2.750E-02 1.76611E-14  2.522E-07 ( 1.251E-07, 4.483E-08) ( 1.392E-12, 5.167E-13)  1.00E-07
  3.000E-02 1.76597E-14  2.752E-07 ( 1.251E-07, 4.483E-08) ( 1.519E-12, 5.636E-13)  1.00E-07
  3.250E-02 1.76581E-14  2.981E-07 ( 1.251E-07, 4.483E-08) ( 1.645E-12, 6.106E-13)  1.00E-07
  3.500E-02 1.76564E-14  3.211E-07 ( 1.251E-07, 4.483E-08) ( 1.772E-12, 6.576E-13)  1.00E-07
  3.750E-02 1.76546E-14  3.440E-07 ( 1.251E-07, 4.483E-08) ( 1.898E-12, 7.045E-13)  1.00E-07
  4.000E-02 1.76527E-14  3.670E-07 ( 1.251E-07, 4.483E-08) ( 2.024E-12, 7.515E-13)  1.00E-07
  4.250E-02 1.76506E-14  3.899E-07 ( 1.251E-07, 4.483E-08) ( 2.151E-12, 7.984E-13)  1.00E-07
  4.500E-02 1.76485E-14  4.129E-07 ( 1.251E-07, 4.483E-08) ( 2.277E-12, 8.454E-13)  1.00E-07
  4.750E-02 1.76462E-14  4.359E-07 ( 1.250E-07, 4.483E-08) ( 2.404E-12, 8.924E-13)  1.00E-07
  5.000E-02 1.76437E-14  4.588E-07 ( 1.250E-07, 4.482E-08) ( 2.530E-12, 9.393E-13)  1.00E-07
  5.250E-02 1.76412E-14  4.818E-07 ( 1.250E-07, 4.482E-08) ( 2.656E-12, 9.863E-13)  1.00E-07
  5.500E-02 1.76385E-14  5.048E-07 ( 1.250E-07, 4.482E-08) ( 2.782E-12, 1.033E-12)  1.00E-07
  5.750E-02 1.76357E-14  5.278E-07 ( 1.250E-07, 4.482E-08) ( 2.909E-12, 1.080E-12)  1.00E-07
  6.000E-02 1.76328E-14  5.508E-07 ( 1.250E-07, 4.482E-08) ( 3.035E-12, 1.127E-12)  1.00E-07
  6.250E-02 1.76297E-14  5.738E-07 ( 1.250E-07, 4.482E-08) ( 3.161E-12, 1.174E-12)  1.00E-07
  6.500E-02 1.76265E-14  5.968E-07 ( 1.250E-07, 4.482E-08) ( 3.287E-12, 1.221E-12)  1.00E-07
  6.750E-02 1.76232E-14  6.198E-07 ( 1.250E-07, 4.482E-08) ( 3.413E-12, 1.268E-12)  1.00E-07
  7.000E-02 1.76198E-14  6.428E-07 ( 1.249E-07, 4.482E-08) ( 3.539E-12, 1.315E-12)  1.00E-07
  7.250E-02 1.76163E-14  6.658E-07 ( 1.249E-07, 4.482E-08) ( 3.665E-12, 1.362E-12)  1.00E-07
  7.500E-02 1.76126E-14  6.889E-07 ( 1.249E-07, 4.482E-08) ( 3.791E-12, 1.409E-12)  1.00E-07
  7.750E-02 1.76088E-14  7.119E-07 ( 1.249E-07, 4.482E-08) ( 3.917E-12, 1.456E-12)  1.00E-07
  8.000E-02 1.76049E-14  7.350E-07 ( 1.249E-07, 4.482E-08) ( 4.043E-12, 1.503E-12)  1.00E-07
  8.250E-02 1.76009E-14  7.580E-07 ( 1.249E-07, 4.481E-08) ( 4.169E-12, 1.550E-12)  1.00E-07
  8.500E-02 1.75967E-14  7.811E-07 ( 1.249E-07, 4.481E-08) ( 4.294E-12, 1.596E-12)  1.00E-07
  8.750E-02 1.75924E-14  8.042E-07 ( 1.248E-07, 4.481E-08) ( 4.420E-12, 1.643E-12)  1.00E-07
  9.000E-02 1.75880E-14  8.272E-07 ( 1.248E-07, 4.481E-08) ( 4.546E-12, 1.690E-12)  1.00E-07
  9.250E-02 1.75835E-14  8.503E-07 ( 1.248E-07, 4.481E-08) ( 4.671E-12, 1.737E-12)  1.00E-07
  9.500E-02 1.75788E-14  8.734E-07 ( 1.248E-07, 4.481E-08) ( 4.797E-12, 1.784E-12)  1.00E-07
  9.750E-02 1.75741E-14  8.965E-07 ( 1.248E-07, 4.481E-08) ( 4.922E-12, 1.831E-12)  1.00E-07
  1.000E-01 1.75692E-14  9.197E-07 ( 1.247E-07, 4.481E-08) ( 5.048E-12, 1.878E-12)  1.00E-07
  1.250E-01 1.75136E-14  1.151E-06 ( 1.245E-07, 4.479E-08) ( 6.299E-12, 2.347E-12)  1.00E-07
  1.500E-01 1.74459E-14  1.385E-06 ( 1.243E-07, 4.478E-08) ( 7.542E-12, 2.815E-12)  1.00E-07
  1.750E-01 1.73665E-14  1.619E-06 ( 1.239E-07, 4.476E-08) ( 8.777E-12, 3.283E-12)  1.00E-07
  2.000E-01 1.72756E-14  1.855E-06 ( 1.236E-07, 4.474E-08) ( 1.000E-11, 3.750E-12)  1.00E-07
  2.250E-01 1.71733E-14  2.094E-06 ( 1.232E-07, 4.471E-08) ( 1.121E-11, 4.217E-12)  1.00E-07
  2.500E-01 1.70601E-14  2.334E-06 ( 1.227E-07, 4.469E-08) ( 1.241E-11, 4.682E-12)  1.00E-07
  2.750E-01 1.69363E-14  2.577E-06 ( 1.222E-07, 4.466E-08) ( 1.360E-11, 5.147E-12)  1.00E-07
  3.000E-01 1.68022E-14  2.823E-06 ( 1.217E-07, 4.462E-08) ( 1.477E-11, 5.611E-12)  1.00E-07
  3.250E-01 1.66582E-14  3.072E-06 ( 1.211E-07, 4.459E-08) ( 1.593E-11, 6.074E-12)  1.00E-07
  3.500E-01 1.65047E-14  3.324E-06 ( 1.205E-07, 4.455E-08) ( 1.706E-11, 6.535E-12)  1.00E-07
  3.750E-01 1.63422E-14  3.580E-06 ( 1.198E-07, 4.451E-08) ( 1.818E-11, 6.996E-12)  1.00E-07
  4.000E-01 1.61711E-14  3.840E-06 ( 1.191E-07, 4.446E-08) ( 1.928E-11, 7.455E-12)  1.00E-07
  4.250E-01 1.59918E-14  4.103E-06 ( 1.184E-07, 4.441E-08) ( 2.035E-11, 7.913E-12)  1.00E-07
  4.500E-01 1.58049E-14  4.371E-06 ( 1.176E-07, 4.436E-08) ( 2.141E-11, 8.369E-12)  1.00E-07
  4.750E-01 1.56108E-14  4.643E-06 ( 1.168E-07, 4.431E-08) ( 2.244E-11, 8.824E-12)  1.00E-07
  5.000E-01 1.54101E-14  4.920E-06 ( 1.160E-07, 4.426E-08) ( 2.345E-11, 9.277E-12)  1.00E-07
  5.250E-01 1.52031E-14  5.203E-06 ( 1.151E-07, 4.420E-08) ( 2.444E-11, 9.728E-12)  1.00E-07
  5.500E-01 1.49905E-14  5.490E-06 ( 1.142E-07, 4.414E-08) ( 2.540E-11, 1.018E-11)  1.00E-07
  5.750E-01 1.47726E-14  5.783E-06 ( 1.133E-07, 4.408E-08) ( 2.634E-11, 1.063E-11)  1.00E-07
  6.000E-01 1.45501E-14  6.082E-06 ( 1.123E-07, 4.401E-08) ( 2.725E-11, 1.107E-11)  1.00E-07
  6.250E-01 1.43234E-14  6.387E-06 ( 1.113E-07, 4.394E-08) ( 2.813E-11, 1.151E-11)  1.00E-07
  6.500E-01 1.40929E-14  6.698E-06 ( 1.103E-07, 4.387E-08) ( 2.899E-11, 1.196E-11)  1.00E-07
  6.750E-01 1.38592E-14  7.016E-06 ( 1.093E-07, 4.380E-08) ( 2.982E-11, 1.240E-11)  1.00E-07
  7.000E-01 1.36227E-14  7.341E-06 ( 1.082E-07, 4.372E-08) ( 3.062E-11, 1.283E-11)  1.00E-07
  7.250E-01 1.33839E-14  7.672E-06 ( 1.071E-07, 4.364E-08) ( 3.140E-11, 1.327E-11)  1.00E-07
  7.500E-01 1.31433E-14  8.012E-06 ( 1.060E-07, 4.356E-08) ( 3.214E-11, 1.370E-11)  1.00E-07
  7.750E-01 1.29012E-14  8.358E-06 ( 1.049E-07, 4.348E-08) ( 3.286E-11, 1.413E-11)  1.00E-07
  8.000E-01 1.26580E-14  8.713E-06 ( 1.038E-07, 4.339E-08) ( 3.356E-11, 1.456E-11)  1.00E-07
  8.250E-01 1.24143E-14  9.075E-06 ( 1.027E-07, 4.330E-08) ( 3.422E-11, 1.498E-11)  1.00E-07
  8.500E-01 1.21703E-14  9.446E-06 ( 1.015E-07, 4.321E-08) ( 3.486E-11, 1.541E-11)  1.00E-07
  8.750E-01 1.19264E-14  9.826E-06 ( 1.003E-07, 4.312E-08) ( 3.547E-11, 1.583E-11)  1.00E-07
  9.000E-01 1.16830E-14  1.021E-05 ( 9.916E-08, 4.302E-08) ( 3.605E-11, 1.624E-11)  1.00E-07
  9.250E-01 1.14404E-14  1.061E-05 ( 9.797E-08, 4.293E-08) ( 3.660E-11, 1.666E-11)  1.00E-07
  9.500E-01 1.11989E-14  1.102E-05 ( 9.677E-08, 4.283E-08) ( 3.713E-11, 1.707E-11)  1.00E-07
  9.750E-01 1.09588E-14  1.143E-05 ( 9.557E-08, 4.272E-08) ( 3.762E-11, 1.748E-11)  1.00E-07
  1.000E+00 1.07204E-14  1.186E-05 ( 9.436E-08, 4.262E-08) ( 3.810E-11, 1.788E-11)  1.00E-07
  1.100E+00 9.78833E-15  1.367E-05 ( 8.949E-08, 4.218E-08) ( 3.972E-11, 1.947E-11)  1.00E-07
  1.200E+00 8.90044E-15  1.565E-05 ( 8.462E-08, 4.172E-08) ( 4.095E-11, 2.101E-11)  1.00E-07
  1.300E+00 8.06602E-15  1.783E-05 ( 7.979E-08, 4.122E-08) ( 4.181E-11, 2.250E-11)  1.00E-07
  1.400E+00 7.29071E-15  2.021E-05 ( 7.507E-08, 4.069E-08) ( 4.232E-11, 2.393E-11)  1.00E-07
  1.500E+00 6.57706E-15  2.281E-05 ( 7.047E-08, 4.014E-08) ( 4.254E-11, 2.530E-11)  1.00E-07
  1.600E+00 5.92527E-15  2.564E-05 ( 6.602E-08, 3.957E-08) ( 4.247E-11, 2.661E-11)  1.00E-07
  1.700E+00 5.33378E-15  2.871E-05 ( 6.176E-08, 3.898E-08) ( 4.217E-11, 2.786E-11)  1.00E-07
  1.800E+00 4.79975E-15  3.204E-05 ( 5.768E-08, 3.837E-08) ( 4.166E-11, 2.904E-11)  1.00E-07
  1.900E+00 4.31959E-15  3.562E-05 ( 5.380E-08, 3.775E-08) ( 4.096E-11, 3.017E-11)  1.00E-07
  2.000E+00 3.88922E-15  3.948E-05 ( 5.012E-08, 3.711E-08) ( 4.012E-11, 3.123E-11)  1.00E-07
  2.100E+00 3.50441E-15  4.360E-05 ( 4.664E-08, 3.646E-08) ( 3.914E-11, 3.224E-11)  1.00E-07
  2.200E+00 3.16092E-15  4.800E-05 ( 4.335E-08, 3.580E-08) ( 3.804E-11, 3.318E-11)  1.00E-07
  2.300E+00 2.85465E-15  5.268E-05 ( 4.025E-08, 3.514E-08) ( 3.686E-11, 3.405E-11)  1.00E-07
  2.400E+00 2.58172E-15  5.764E-05 ( 3.733E-08, 3.447E-08) ( 3.561E-11, 3.487E-11)  1.00E-07
  2.500E+00 2.33856E-15  6.287E-05 ( 3.459E-08, 3.380E-08) ( 3.429E-11, 3.563E-11)  1.00E-07
  2.600E+00 2.12186E-15  6.838E-05 ( 3.202E-08, 3.312E-08) ( 3.293E-11, 3.633E-11)  1.00E-07
  2.700E+00 1.92864E-15  7.415E-05 ( 2.960E-08, 3.244E-08) ( 3.153E-11, 3.698E-11)  1.00E-07
  2.800E+00 1.75622E-15  8.019E-05 ( 2.734E-08, 3.176E-08) ( 3.011E-11, 3.756E-11)  1.00E-07
  2.900E+00 1.60220E-15  8.647E-05 ( 2.521E-08, 3.109E-08) ( 2.867E-11, 3.810E-11)  1.00E-07
  3.000E+00 1.46444E-15  9.301E-05 ( 2.322E-08, 3.042E-08) ( 2.721E-11, 3.858E-11)  1.00E-07
  3.100E+00 1.34107E-15  9.977E-05 ( 2.136E-08, 2.975E-08) ( 2.576E-11, 3.901E-11)  1.00E-07
  3.200E+00 1.23040E-15  1.068E-04 ( 1.961E-08, 2.908E-08) ( 2.430E-11, 3.939E-11)  1.00E-07
  3.300E+00 1.13098E-15  1.140E-04 ( 1.797E-08, 2.843E-08) ( 2.285E-11, 3.973E-11)  1.00E-07
  3.400E+00 1.04150E-15  1.214E-04 ( 1.644E-08, 2.777E-08) ( 2.140E-11, 4.001E-11)  1.00E-07
  3.500E+00 9.60832E-16  1.289E-04 ( 1.500E-08, 2.713E-08) ( 1.997E-11, 4.026E-11)  1.00E-07
  3.600E+00 8.87979E-16  1.367E-04 ( 1.365E-08, 2.649E-08) ( 1.855E-11, 4.046E-11)  1.00E-07
  3.700E+00 8.22064E-16  1.446E-04 ( 1.238E-08, 2.586E-08) ( 1.715E-11, 4.062E-11)  1.00E-07
  3.800E+00 7.62317E-16  1.526E-04 ( 1.120E-08, 2.524E-08) ( 1.577E-11, 4.074E-11)  1.00E-07
  3.900E+00 7.08060E-16  1.608E-04 ( 1.008E-08, 2.462E-08) ( 1.440E-11, 4.082E-11)  1.00E-07
  4.000E+00 6.58701E-16  1.691E-04 ( 9.041E-09, 2.402E-08) ( 1.306E-11, 4.086E-11)  1.00E-07
  4.100E+00 6.13716E-16  1.775E-04 ( 8.062E-09, 2.342E-08) ( 1.174E-11, 4.087E-11)  1.00E-07
  4.200E+00 5.72644E-16  1.859E-04 ( 7.143E-09, 2.284E-08) ( 1.045E-11, 4.085E-11)  1.00E-07
  4.300E+00 5.35079E-16  1.944E-04 ( 6.280E-09, 2.226E-08) ( 9.173E-12, 4.080E-11)  1.00E-07
  4.400E+00 5.00663E-16  2.030E-04 ( 5.471E-09, 2.170E-08) ( 7.923E-12, 4.071E-11)  1.00E-07
  4.500E+00 4.69078E-16  2.115E-04 ( 4.710E-09, 2.114E-08) ( 6.699E-12, 4.060E-11)  1.00E-07
  4.600E+00 4.40046E-16  2.201E-04 ( 3.996E-09, 2.059E-08) ( 5.498E-12, 4.046E-11)  1.00E-07
  4.700E+00 4.13316E-16  2.287E-04 ( 3.325E-09, 2.006E-08) ( 4.323E-12, 4.029E-11)  1.00E-07
  4.800E+00 3.88668E-16  2.372E-04 ( 2.695E-09, 1.953E-08) ( 3.173E-12, 4.009E-11)  1.00E-07
  4.900E+00 3.65905E-16  2.457E-04 ( 2.103E-09, 1.901E-08) ( 2.047E-12, 3.988E-11)  1.00E-07
  5.000E+00 3.44854E-16  2.541E-04 ( 1.547E-09, 1.851E-08) ( 9.465E-13, 3.963E-11)  1.00E-07
  5.100E+00 3.25356E-16  2.625E-04 ( 1.025E-09, 1.801E-08) (-1.293E-13, 3.937E-11)  1.00E-07
  5.200E+00 3.07274E-16  2.707E-04 ( 5.349E-10, 1.752E-08) (-1.180E-12, 3.909E-11)  1.00E-07
  5.300E+00 2.90483E-16  2.788E-04 ( 7.432E-11, 1.704E-08) (-2.207E-12, 3.879E-11)  1.00E-07
  5.400E+00 2.74869E-16  2.868E-04 (-3.582E-10, 1.658E-08) (-3.209E-12, 3.846E-11)  1.00E-07
  5.500E+00 2.60333E-16  2.946E-04 (-7.642E-10, 1.612E-08) (-4.187E-12, 3.812E-11)  1.00E-07
  5.600E+00 2.46784E-16  3.023E-04 (-1.145E-09, 1.567E-08) (-5.141E-12, 3.777E-11)  1.00E-07
  5.700E+00 2.34141E-16  3.097E-04 (-1.503E-09, 1.523E-08) (-6.072E-12, 3.740E-11)  1.00E-07
  5.800E+00 2.22329E-16  3.169E-04 (-1.838E-09, 1.480E-08) (-6.979E-12, 3.701E-11)  1.00E-07
  5.900E+00 2.11283E-16  3.239E-04 (-2.153E-09, 1.438E-08) (-7.863E-12, 3.661E-11)  1.00E-07
  6.000E+00 2.00941E-16  3.306E-04 (-2.448E-09, 1.396E-08) (-8.724E-12, 3.619E-11)  1.00E-07
  6.100E+00 1.91249E-16  3.371E-04 (-2.724E-09, 1.356E-08) (-9.562E-12, 3.576E-11)  1.00E-07
  6.200E+00 1.82158E-16  3.433E-04 (-2.982E-09, 1.316E-08) (-1.038E-11, 3.532E-11)  1.00E-07
  6.300E+00 1.73623E-16  3.491E-04 (-3.224E-09, 1.278E-08) (-1.117E-11, 3.487E-11)  1.00E-07
  6.400E+00 1.65601E-16  3.546E-04 (-3.450E-09, 1.240E-08) (-1.195E-11, 3.441E-11)  1.00E-07
  6.500E+00 1.58055E-16  3.597E-04 (-3.661E-09, 1.203E-08) (-1.270E-11, 3.394E-11)  1.00E-07
  6.600E+00 1.50952E-16  3.645E-04 (-3.858E-09, 1.166E-08) (-1.343E-11, 3.346E-11)  1.00E-07
  6.700E+00 1.44259E-16  3.689E-04 (-4.042E-09, 1.131E-08) (-1.413E-11, 3.297E-11)  1.00E-07
  6.800E+00 1.37948E-16  3.728E-04 (-4.213E-09, 1.096E-08) (-1.482E-11, 3.247E-11)  1.00E-07
  6.900E+00 1.31993E-16  3.763E-04 (-4.372E-09, 1.062E-08) (-1.549E-11, 3.197E-11)  1.00E-07
  7.000E+00 1.26368E-16  3.794E-04 (-4.519E-09, 1.029E-08) (-1.614E-11, 3.145E-11)  1.00E-07
  7.100E+00 1.21053E-16  3.819E-04 (-4.656E-09, 9.969E-09) (-1.677E-11, 3.093E-11)  1.00E-07
  7.200E+00 1.16025E-16  3.840E-04 (-4.782E-09, 9.652E-09) (-1.738E-11, 3.041E-11)  1.00E-07
  7.300E+00 1.11267E-16  3.856E-04 (-4.899E-09, 9.342E-09) (-1.797E-11, 2.988E-11)  1.00E-07
  7.400E+00 1.06761E-16  3.866E-04 (-5.006E-09, 9.039E-09) (-1.854E-11, 2.934E-11)  1.00E-07
  7.500E+00 1.02490E-16  3.871E-04 (-5.105E-09, 8.742E-09) (-1.909E-11, 2.880E-11)  1.00E-07
  7.600E+00 9.84405E-17  3.870E-04 (-5.195E-09, 8.453E-09) (-1.962E-11, 2.826E-11)  1.00E-07
  7.700E+00 9.45976E-17  3.863E-04 (-5.278E-09, 8.170E-09) (-2.014E-11, 2.771E-11)  1.00E-07
  7.800E+00 9.09489E-17  3.850E-04 (-5.353E-09, 7.893E-09) (-2.064E-11, 2.716E-11)  1.00E-07
  7.900E+00 8.74824E-17  3.831E-04 (-5.420E-09, 7.622E-09) (-2.112E-11, 2.661E-11)  1.00E-07
  8.000E+00 8.41871E-17  3.806E-04 (-5.481E-09, 7.358E-09) (-2.158E-11, 2.605E-11)  1.00E-07
  8.100E+00 8.10527E-17  3.774E-04 (-5.536E-09, 7.100E-09) (-2.203E-11, 2.549E-11)  1.00E-07
  8.200E+00 7.80699E-17  3.735E-04 (-5.584E-09, 6.847E-09) (-2.246E-11, 2.493E-11)  1.00E-07
  8.300E+00 7.52296E-17  3.689E-04 (-5.627E-09, 6.601E-09) (-2.287E-11, 2.437E-11)  1.00E-07
  8.400E+00 7.25236E-17  3.637E-04 (-5.664E-09, 6.360E-09) (-2.327E-11, 2.380E-11)  1.00E-07
  8.500E+00 6.99442E-17  3.577E-04 (-5.695E-09, 6.124E-09) (-2.365E-11, 2.324E-11)  1.00E-07
  8.600E+00 6.74842E-17  3.510E-04 (-5.722E-09, 5.894E-09) (-2.402E-11, 2.267E-11)  1.00E-07
  8.700E+00 6.51369E-17  3.436E-04 (-5.744E-09, 5.670E-09) (-2.437E-11, 2.211E-11)  1.00E-07
  8.800E+00 6.28961E-17  3.354E-04 (-5.761E-09, 5.450E-09) (-2.470E-11, 2.154E-11)  1.00E-07
  8.900E+00 6.07558E-17  3.264E-04 (-5.774E-09, 5.236E-09) (-2.503E-11, 2.097E-11)  1.00E-07
  9.000E+00 5.87106E-17  3.167E-04 (-5.783E-09, 5.026E-09) (-2.533E-11, 2.041E-11)  1.00E-07
  9.100E+00 5.67554E-17  3.062E-04 (-5.788E-09, 4.822E-09) (-2.562E-11, 1.985E-11)  1.00E-07
  9.200E+00 5.48853E-17  2.948E-04 (-5.790E-09, 4.622E-09) (-2.590E-11, 1.928E-11)  1.00E-07
  9.300E+00 5.30958E-17  2.827E-04 (-5.787E-09, 4.427E-09) (-2.616E-11, 1.872E-11)  1.00E-07
  9.400E+00 5.13827E-17  2.698E-04 (-5.782E-09, 4.237E-09) (-2.641E-11, 1.816E-11)  1.00E-07
  9.500E+00 4.97420E-17  2.560E-04 (-5.773E-09, 4.051E-09) (-2.665E-11, 1.760E-11)  1.00E-07
  9.600E+00 4.81700E-17  2.414E-04 (-5.761E-09, 3.870E-09) (-2.688E-11, 1.704E-11)  1.00E-07
  9.700E+00 4.66632E-17  2.260E-04 (-5.747E-09, 3.693E-09) (-2.709E-11, 1.649E-11)  1.00E-07
  9.800E+00 4.52182E-17  2.097E-04 (-5.730E-09, 3.520E-09) (-2.728E-11, 1.593E-11)  1.00E-07
  9.900E+00 4.38320E-17  1.926E-04 (-5.710E-09, 3.351E-09) (-2.747E-11, 1.538E-11)  1.00E-07
  1.000E+01 4.25017E-17  1.746E-04 (-5.688E-09, 3.186E-09) (-2.764E-11, 1.483E-11)  1.00E-07
  1.025E+01 3.94024E-17  1.260E-04 (-5.622E-09, 2.792E-09) (-2.802E-11, 1.348E-11)  1.00E-07
  1.050E+01 3.65965E-17  7.190E-05 (-5.544E-09, 2.421E-09) (-2.833E-11, 1.214E-11)  1.00E-07
  1.075E+01 3.40503E-17  1.244E-05 (-5.455E-09, 2.073E-09) (-2.857E-11, 1.082E-11)  1.00E-07
  1.100E+01 3.17347E-17 -5.240E-05 (-5.356E-09, 1.746E-09) (-2.875E-11, 9.528E-12)  1.00E-07
  1.125E+01 2.96242E-17 -1.226E-04 (-5.249E-09, 1.439E-09) (-2.886E-11, 8.261E-12)  1.00E-07
  1.150E+01 2.76968E-17 -1.981E-04 (-5.135E-09, 1.152E-09) (-2.892E-11, 7.021E-12)  1.00E-07
  1.175E+01 2.59330E-17 -2.788E-04 (-5.015E-09, 8.825E-10) (-2.892E-11, 5.809E-12)  1.00E-07
  1.200E+01 2.43159E-17 -3.645E-04 (-4.891E-09, 6.306E-10) (-2.887E-11, 4.628E-12)  1.00E-07
  1.225E+01 2.28306E-17 -4.553E-04 (-4.762E-09, 3.951E-10) (-2.876E-11, 3.478E-12)  1.00E-07
  1.250E+01 2.14639E-17 -5.508E-04 (-4.630E-09, 1.753E-10) (-2.861E-11, 2.360E-12)  1.00E-07
  1.275E+01 2.02041E-17 -6.509E-04 (-4.495E-09,-2.979E-11) (-2.841E-11, 1.275E-12)  1.00E-07
  1.300E+01 1.90410E-17 -7.554E-04 (-4.358E-09,-2.208E-10) (-2.818E-11, 2.229E-13)  1.00E-07
  1.325E+01 1.79655E-17 -8.642E-04 (-4.220E-09,-3.984E-10) (-2.790E-11,-7.947E-13)  1.00E-07
  1.350E+01 1.69694E-17 -9.769E-04 (-4.081E-09,-5.634E-10) (-2.759E-11,-1.778E-12)  1.00E-07
  1.375E+01 1.60455E-17 -1.093E-03 (-3.941E-09,-7.164E-10) (-2.724E-11,-2.726E-12)  1.00E-07
  1.400E+01 1.51874E-17 -1.213E-03 (-3.801E-09,-8.580E-10) (-2.686E-11,-3.639E-12)  1.00E-07
  1.425E+01 1.43892E-17 -1.336E-03 (-3.662E-09,-9.889E-10) (-2.644E-11,-4.516E-12)  1.00E-07
  1.450E+01 1.36458E-17 -1.462E-03 (-3.523E-09,-1.109E-09) (-2.600E-11,-5.358E-12)  1.00E-07
  1.475E+01 1.29525E-17 -1.590E-03 (-3.386E-09,-1.220E-09) (-2.554E-11,-6.164E-12)  1.00E-07
  1.500E+01 1.23052E-17 -1.721E-03 (-3.249E-09,-1.322E-09) (-2.505E-11,-6.935E-12)  1.00E-07
  1.525E+01 1.17001E-17 -1.853E-03 (-3.114E-09,-1.415E-09) (-2.454E-11,-7.670E-12)  1.00E-07
  1.550E+01 1.11338E-17 -1.987E-03 (-2.980E-09,-1.500E-09) (-2.401E-11,-8.370E-12)  1.00E-07
  1.575E+01 1.06032E-17 -2.122E-03 (-2.849E-09,-1.577E-09) (-2.346E-11,-9.035E-12)  1.00E-07
  1.600E+01 1.01055E-17 -2.258E-03 (-2.719E-09,-1.647E-09) (-2.289E-11,-9.665E-12)  1.00E-07
  1.625E+01 9.63814E-18 -2.394E-03 (-2.592E-09,-1.709E-09) (-2.231E-11,-1.026E-11)  1.00E-07
  1.650E+01 9.19893E-18 -2.530E-03 (-2.466E-09,-1.765E-09) (-2.171E-11,-1.082E-11)  1.00E-07
  1.675E+01 8.78571E-18 -2.665E-03 (-2.343E-09,-1.815E-09) (-2.110E-11,-1.135E-11)  1.00E-07
  1.700E+01 8.39659E-18 -2.800E-03 (-2.222E-09,-1.859E-09) (-2.048E-11,-1.184E-11)  1.00E-07
  1.725E+01 8.02983E-18 -2.934E-03 (-2.104E-09,-1.898E-09) (-1.985E-11,-1.231E-11)  1.00E-07
  1.750E+01 7.68384E-18 -3.066E-03 (-1.989E-09,-1.931E-09) (-1.922E-11,-1.273E-11)  1.00E-07
  1.775E+01 7.35716E-18 -3.195E-03 (-1.876E-09,-1.959E-09) (-1.857E-11,-1.313E-11)  1.00E-07
  1.800E+01 7.04846E-18 -3.323E-03 (-1.765E-09,-1.983E-09) (-1.792E-11,-1.350E-11)  1.00E-07
  1.825E+01 6.75651E-18 -3.447E-03 (-1.658E-09,-2.002E-09) (-1.727E-11,-1.383E-11)  1.00E-07
  1.850E+01 6.48020E-18 -3.568E-03 (-1.553E-09,-2.017E-09) (-1.662E-11,-1.414E-11)  1.00E-07
  1.875E+01 6.21849E-18 -3.685E-03 (-1.451E-09,-2.028E-09) (-1.596E-11,-1.441E-11)  1.00E-07
  1.900E+01 5.97043E-18 -3.798E-03 (-1.351E-09,-2.036E-09) (-1.530E-11,-1.466E-11)  1.00E-07
  1.925E+01 5.73513E-18 -3.906E-03 (-1.254E-09,-2.040E-09) (-1.464E-11,-1.487E-11)  1.00E-07
  1.950E+01 5.51179E-18 -4.009E-03 (-1.160E-09,-2.041E-09) (-1.398E-11,-1.506E-11)  1.00E-07
  1.975E+01 5.29966E-18 -4.107E-03 (-1.069E-09,-2.039E-09) (-1.332E-11,-1.523E-11)  1.00E-07
  2.000E+01 5.09804E-18 -4.198E-03 (-9.801E-10,-2.034E-09) (-1.266E-11,-1.536E-11)  1.00E-07
  2.025E+01 4.90629E-18 -4.284E-03 (-8.940E-10,-2.026E-09) (-1.201E-11,-1.547E-11)  1.00E-07
  2.050E+01 4.72382E-18 -4.362E-03 (-8.106E-10,-2.017E-09) (-1.136E-11,-1.556E-11)  1.00E-07
  2.075E+01 4.55008E-18 -4.433E-03 (-7.299E-10,-2.004E-09) (-1.072E-11,-1.562E-11)  1.00E-07
  2.100E+01 4.38454E-18 -4.496E-03 (-6.517E-10,-1.990E-09) (-1.008E-11,-1.565E-11)  1.00E-07
  2.125E+01 4.22674E-18 -4.552E-03 (-5.760E-10,-1.973E-09) (-9.446E-12,-1.566E-11)  1.00E-07
  2.150E+01 4.07623E-18 -4.598E-03 (-5.029E-10,-1.955E-09) (-8.819E-12,-1.565E-11)  1.00E-07
  2.175E+01 3.93259E-18 -4.636E-03 (-4.322E-10,-1.935E-09) (-8.199E-12,-1.562E-11)  1.00E-07
  2.200E+01 3.79545E-18 -4.665E-03 (-3.640E-10,-1.914E-09) (-7.586E-12,-1.557E-11)  1.00E-07
  2.225E+01 3.66444E-18 -4.683E-03 (-2.983E-10,-1.891E-09) (-6.982E-12,-1.549E-11)  1.00E-07
  2.250E+01 3.53922E-18 -4.692E-03 (-2.348E-10,-1.866E-09) (-6.385E-12,-1.540E-11)  1.00E-07
  2.275E+01 3.41948E-18 -4.690E-03 (-1.737E-10,-1.841E-09) (-5.798E-12,-1.528E-11)  1.00E-07
  2.300E+01 3.30492E-18 -4.677E-03 (-1.149E-10,-1.814E-09) (-5.220E-12,-1.515E-11)  1.00E-07
  2.325E+01 3.19528E-18 -4.653E-03 (-5.830E-11,-1.787E-09) (-4.651E-12,-1.500E-11)  1.00E-07
  2.350E+01 3.09029E-18 -4.618E-03 (-3.893E-12,-1.758E-09) (-4.092E-12,-1.483E-11)  1.00E-07
  2.375E+01 2.98972E-18 -4.570E-03 ( 4.837E-11,-1.728E-09) (-3.543E-12,-1.464E-11)  1.00E-07
  2.400E+01 2.89333E-18 -4.510E-03 ( 9.854E-11,-1.698E-09) (-3.005E-12,-1.444E-11)  1.00E-07
  2.425E+01 2.80091E-18 -4.438E-03 ( 1.467E-10,-1.667E-09) (-2.477E-12,-1.422E-11)  1.00E-07
  2.450E+01 2.71226E-18 -4.352E-03 ( 1.928E-10,-1.636E-09) (-1.961E-12,-1.398E-11)  1.00E-07
  2.475E+01 2.62720E-18 -4.253E-03 ( 2.369E-10,-1.603E-09) (-1.456E-12,-1.373E-11)  1.00E-07
  2.500E+01 2.54554E-18 -4.141E-03 ( 2.792E-10,-1.571E-09) (-9.617E-13,-1.347E-11)  1.00E-07
  2.550E+01 2.39180E-18 -3.875E-03 ( 3.581E-10,-1.504E-09) (-9.086E-15,-1.290E-11)  1.00E-07
  2.600E+01 2.24981E-18 -3.550E-03 ( 4.299E-10,-1.437E-09) ( 8.958E-13,-1.228E-11)  1.00E-07
  2.650E+01 2.11849E-18 -3.167E-03 ( 4.950E-10,-1.369E-09) ( 1.752E-12,-1.162E-11)  1.00E-07
  2.700E+01 1.99688E-18 -2.721E-03 ( 5.537E-10,-1.300E-09) ( 2.559E-12,-1.092E-11)  1.00E-07
  2.750E+01 1.88410E-18 -2.213E-03 ( 6.064E-10,-1.231E-09) ( 3.316E-12,-1.017E-11)  1.00E-07
  2.800E+01 1.77938E-18 -1.640E-03 ( 6.533E-10,-1.163E-09) ( 4.022E-12,-9.394E-12)  1.00E-07
  2.850E+01 1.68204E-18 -1.001E-03 ( 6.949E-10,-1.095E-09) ( 4.679E-12,-8.585E-12)  1.00E-07
  2.900E+01 1.59144E-18 -2.960E-04 ( 7.314E-10,-1.028E-09) ( 5.285E-12,-7.749E-12)  1.00E-07
  2.950E+01 1.50703E-18  4.768E-04 ( 7.631E-10,-9.616E-10) ( 5.841E-12,-6.890E-12)  1.00E-07
  3.000E+01 1.42829E-18  1.318E-03 ( 7.904E-10,-8.964E-10) ( 6.348E-12,-6.009E-12)  1.00E-07
  3.050E+01 1.35478E-18  2.227E-03 ( 8.135E-10,-8.325E-10) ( 6.806E-12,-5.110E-12)  1.00E-07
  3.100E+01 1.28607E-18  3.204E-03 ( 8.326E-10,-7.699E-10) ( 7.215E-12,-4.197E-12)  1.00E-07
  3.150E+01 1.22178E-18  4.249E-03 ( 8.481E-10,-7.088E-10) ( 7.576E-12,-3.271E-12)  1.00E-07
  3.200E+01 1.16159E-18  5.363E-03 ( 8.602E-10,-6.493E-10) ( 7.890E-12,-2.335E-12)  1.00E-07
  3.250E+01 1.10517E-18  6.543E-03 ( 8.691E-10,-5.914E-10) ( 8.159E-12,-1.392E-12)  1.00E-07
  3.300E+01 1.05224E-18  7.790E-03 ( 8.750E-10,-5.352E-10) ( 8.382E-12,-4.434E-13)  1.00E-07
  3.350E+01 1.00254E-18  9.101E-03 ( 8.782E-10,-4.808E-10) ( 8.561E-12, 5.081E-13)  1.00E-07
  3.400E+01 9.55844E-19  1.048E-02 ( 8.789E-10,-4.282E-10) ( 8.697E-12, 1.460E-12)  1.00E-07
  3.450E+01 9.11928E-19  1.191E-02 ( 8.772E-10,-3.773E-10) ( 8.791E-12, 2.412E-12)  1.00E-07
  3.500E+01 8.70596E-19  1.341E-02 ( 8.733E-10,-3.283E-10) ( 8.844E-12, 3.361E-12)  1.00E-07
  3.550E+01 8.31666E-19  1.497E-02 ( 8.675E-10,-2.811E-10) ( 8.857E-12, 4.305E-12)  1.00E-07
  3.600E+01 7.94971E-19  1.658E-02 ( 8.598E-10,-2.357E-10) ( 8.833E-12, 5.244E-12)  1.00E-07
  3.650E+01 7.60360E-19  1.825E-02 ( 8.505E-10,-1.922E-10) ( 8.770E-12, 6.175E-12)  1.00E-07
  3.700E+01 7.27689E-19  1.996E-02 ( 8.396E-10,-1.505E-10) ( 8.672E-12, 7.098E-12)  1.00E-07
  3.750E+01 6.96831E-19  2.173E-02 ( 8.273E-10,-1.105E-10) ( 8.539E-12, 8.010E-12)  1.00E-07
  3.800E+01 6.67665E-19  2.354E-02 ( 8.138E-10,-7.239E-11) ( 8.373E-12, 8.912E-12)  1.00E-07
  3.850E+01 6.40080E-19  2.539E-02 ( 7.991E-10,-3.599E-11) ( 8.174E-12, 9.801E-12)  1.00E-07
  3.900E+01 6.13975E-19  2.728E-02 ( 7.835E-10,-1.320E-12) ( 7.944E-12, 1.068E-11)  1.00E-07
  3.950E+01 5.89255E-19  2.921E-02 ( 7.669E-10, 3.166E-11) ( 7.685E-12, 1.154E-11)  1.00E-07
  4.000E+01 5.65832E-19  3.116E-02 ( 7.494E-10, 6.298E-11) ( 7.397E-12, 1.239E-11)  1.00E-07
  4.050E+01 5.43626E-19  3.315E-02 ( 7.313E-10, 9.267E-11) ( 7.081E-12, 1.322E-11)  1.00E-07
  4.100E+01 5.22560E-19  3.515E-02 ( 7.126E-10, 1.208E-10) ( 6.740E-12, 1.403E-11)  1.00E-07
  4.150E+01 5.02566E-19  3.718E-02 ( 6.933E-10, 1.473E-10) ( 6.373E-12, 1.483E-11)  1.00E-07
  4.200E+01 4.83579E-19  3.922E-02 ( 6.735E-10, 1.724E-10) ( 5.983E-12, 1.561E-11)  1.00E-07
  4.250E+01 4.65537E-19  4.127E-02 ( 6.533E-10, 1.960E-10) ( 5.570E-12, 1.637E-11)  1.00E-07
  4.300E+01 4.48386E-19  4.332E-02 ( 6.328E-10, 2.181E-10) ( 5.135E-12, 1.712E-11)  1.00E-07
  4.350E+01 4.32072E-19  4.538E-02 ( 6.121E-10, 2.389E-10) ( 4.681E-12, 1.784E-11)  1.00E-07
  4.400E+01 4.16548E-19  4.743E-02 ( 5.912E-10, 2.583E-10) ( 4.207E-12, 1.855E-11)  1.00E-07
  4.450E+01 4.01767E-19  4.947E-02 ( 5.701E-10, 2.764E-10) ( 3.714E-12, 1.923E-11)  1.00E-07
  4.500E+01 3.87687E-19  5.150E-02 ( 5.489E-10, 2.932E-10) ( 3.205E-12, 1.990E-11)  1.00E-07
  4.550E+01 3.74268E-19  5.351E-02 ( 5.277E-10, 3.089E-10) ( 2.680E-12, 2.055E-11)  1.00E-07
  4.600E+01 3.61474E-19  5.550E-02 ( 5.064E-10, 3.233E-10) ( 2.140E-12, 2.117E-11)  1.00E-07
  4.650E+01 3.49270E-19  5.746E-02 ( 4.852E-10, 3.366E-10) ( 1.585E-12, 2.178E-11)  1.00E-07
  4.700E+01 3.37624E-19  5.938E-02 ( 4.641E-10, 3.489E-10) ( 1.018E-12, 2.236E-11)  1.00E-07
  4.750E+01 3.26504E-19  6.127E-02 ( 4.431E-10, 3.600E-10) ( 4.379E-13, 2.293E-11)  1.00E-07
  4.800E+01 3.15883E-19  6.311E-02 ( 4.223E-10, 3.702E-10) (-1.530E-13, 2.347E-11)  1.00E-07
  4.850E+01 3.05734E-19  6.491E-02 ( 4.016E-10, 3.794E-10) (-7.543E-13, 2.400E-11)  1.00E-07
  4.900E+01 2.96032E-19  6.665E-02 ( 3.811E-10, 3.876E-10) (-1.365E-12, 2.450E-11)  1.00E-07
  4.950E+01 2.86754E-19  6.833E-02 ( 3.608E-10, 3.949E-10) (-1.985E-12, 2.498E-11)  1.00E-07
  5.000E+01 2.77877E-19  6.995E-02 ( 3.408E-10, 4.014E-10) (-2.612E-12, 2.545E-11)  1.00E-07
  5.050E+01 2.69380E-19  7.150E-02 ( 3.210E-10, 4.070E-10) (-3.246E-12, 2.589E-11)  1.00E-07
  5.100E+01 2.61245E-19  7.298E-02 ( 3.015E-10, 4.119E-10) (-3.887E-12, 2.631E-11)  1.00E-07
  5.150E+01 2.53453E-19  7.439E-02 ( 2.823E-10, 4.160E-10) (-4.533E-12, 2.671E-11)  1.00E-07
  5.200E+01 2.45986E-19  7.571E-02 ( 2.634E-10, 4.193E-10) (-5.184E-12, 2.710E-11)  1.00E-07
  5.250E+01 2.38829E-19  7.694E-02 ( 2.449E-10, 4.220E-10) (-5.839E-12, 2.746E-11)  1.00E-07
  5.300E+01 2.31966E-19  7.809E-02 ( 2.267E-10, 4.240E-10) (-6.497E-12, 2.780E-11)  1.00E-07
  5.350E+01 2.25382E-19  7.914E-02 ( 2.088E-10, 4.254E-10) (-7.159E-12, 2.813E-11)  1.00E-07
  5.400E+01 2.19065E-19  8.009E-02 ( 1.913E-10, 4.262E-10) (-7.822E-12, 2.843E-11)  1.00E-07
  5.450E+01 2.13001E-19  8.094E-02 ( 1.741E-10, 4.264E-10) (-8.487E-12, 2.872E-11)  1.00E-07
  5.500E+01 2.07177E-19  8.169E-02 ( 1.574E-10, 4.260E-10) (-9.154E-12, 2.899E-11)  1.00E-07
  5.550E+01 2.01584E-19  8.232E-02 ( 1.410E-10, 4.252E-10) (-9.820E-12, 2.924E-11)  1.00E-07
  5.600E+01 1.96209E-19  8.284E-02 ( 1.249E-10, 4.238E-10) (-1.049E-11, 2.947E-11)  1.00E-07
  5.650E+01 1.91043E-19  8.324E-02 ( 1.093E-10, 4.220E-10) (-1.115E-11, 2.969E-11)  1.00E-07
  5.700E+01 1.86076E-19  8.353E-02 ( 9.405E-11, 4.198E-10) (-1.182E-11, 2.989E-11)  1.00E-07
  5.750E+01 1.81298E-19  8.369E-02 ( 7.918E-11, 4.171E-10) (-1.248E-11, 3.007E-11)  1.00E-07
  5.800E+01 1.76702E-19  8.372E-02 ( 6.470E-11, 4.140E-10) (-1.314E-11, 3.023E-11)  1.00E-07
  5.850E+01 1.72279E-19  8.363E-02 ( 5.061E-11, 4.106E-10) (-1.380E-11, 3.038E-11)  1.00E-07
  5.900E+01 1.68021E-19  8.341E-02 ( 3.691E-11, 4.068E-10) (-1.446E-11, 3.051E-11)  1.00E-07
  5.950E+01 1.63920E-19  8.305E-02 ( 2.359E-11, 4.027E-10) (-1.511E-11, 3.063E-11)  1.00E-07
  6.000E+01 1.59971E-19  8.256E-02 ( 1.066E-11, 3.983E-10) (-1.576E-11, 3.073E-11)  1.00E-07
  6.050E+01 1.56166E-19  8.194E-02 (-1.884E-12, 3.936E-10) (-1.640E-11, 3.081E-11)  1.00E-07
  6.100E+01 1.52499E-19  8.117E-02 (-1.405E-11, 3.887E-10) (-1.704E-11, 3.088E-11)  1.00E-07
  6.150E+01 1.48964E-19  8.027E-02 (-2.584E-11, 3.834E-10) (-1.768E-11, 3.094E-11)  1.00E-07
  6.200E+01 1.45555E-19  7.922E-02 (-3.725E-11, 3.780E-10) (-1.831E-11, 3.098E-11)  1.00E-07
  6.250E+01 1.42267E-19  7.804E-02 (-4.829E-11, 3.723E-10) (-1.893E-11, 3.100E-11)  1.00E-07
  6.300E+01 1.39096E-19  7.671E-02 (-5.897E-11, 3.664E-10) (-1.955E-11, 3.102E-11)  1.00E-07
  6.350E+01 1.36035E-19  7.524E-02 (-6.928E-11, 3.604E-10) (-2.016E-11, 3.102E-11)  1.00E-07
  6.400E+01 1.33081E-19  7.362E-02 (-7.923E-11, 3.541E-10) (-2.077E-11, 3.101E-11)  1.00E-07
  6.450E+01 1.30229E-19  7.187E-02 (-8.883E-11, 3.477E-10) (-2.137E-11, 3.098E-11)  1.00E-07
  6.500E+01 1.27475E-19  6.997E-02 (-9.808E-11, 3.412E-10) (-2.196E-11, 3.094E-11)  1.00E-07
  6.550E+01 1.24815E-19  6.793E-02 (-1.070E-10, 3.345E-10) (-2.255E-11, 3.089E-11)  1.00E-07
  6.600E+01 1.22246E-19  6.574E-02 (-1.156E-10, 3.277E-10) (-2.313E-11, 3.083E-11)  1.00E-07
  6.650E+01 1.19762E-19  6.341E-02 (-1.238E-10, 3.208E-10) (-2.370E-11, 3.076E-11)  1.00E-07
  6.700E+01 1.17363E-19  6.095E-02 (-1.317E-10, 3.138E-10) (-2.427E-11, 3.068E-11)  1.00E-07
  6.750E+01 1.15043E-19  5.834E-02 (-1.393E-10, 3.067E-10) (-2.483E-11, 3.058E-11)  1.00E-07
  6.800E+01 1.12799E-19  5.560E-02 (-1.465E-10, 2.996E-10) (-2.538E-11, 3.048E-11)  1.00E-07
  6.850E+01 1.10630E-19  5.271E-02 (-1.535E-10, 2.924E-10) (-2.592E-11, 3.036E-11)  1.00E-07
  6.900E+01 1.08532E-19  4.970E-02 (-1.602E-10, 2.851E-10) (-2.645E-11, 3.024E-11)  1.00E-07
  6.950E+01 1.06502E-19  4.655E-02 (-1.665E-10, 2.777E-10) (-2.697E-11, 3.011E-11)  1.00E-07
  7.000E+01 1.04538E-19  4.327E-02 (-1.726E-10, 2.704E-10) (-2.749E-11, 2.996E-11)  1.00E-07
  7.050E+01 1.02637E-19  3.986E-02 (-1.784E-10, 2.630E-10) (-2.800E-11, 2.981E-11)  1.00E-07
  7.100E+01 1.00797E-19  3.633E-02 (-1.839E-10, 2.555E-10) (-2.850E-11, 2.965E-11)  1.00E-07
  7.150E+01 9.90157E-20  3.267E-02 (-1.891E-10, 2.481E-10) (-2.899E-11, 2.948E-11)  1.00E-07
  7.200E+01 9.72910E-20  2.889E-02 (-1.940E-10, 2.406E-10) (-2.947E-11, 2.931E-11)  1.00E-07
  7.250E+01 9.56208E-20  2.500E-02 (-1.987E-10, 2.332E-10) (-2.994E-11, 2.912E-11)  1.00E-07
  7.300E+01 9.40031E-20  2.099E-02 (-2.032E-10, 2.257E-10) (-3.041E-11, 2.893E-11)  1.00E-07
  7.350E+01 9.24360E-20  1.686E-02 (-2.074E-10, 2.183E-10) (-3.086E-11, 2.873E-11)  1.00E-07
  7.400E+01 9.09177E-20  1.263E-02 (-2.113E-10, 2.109E-10) (-3.131E-11, 2.852E-11)  1.00E-07
  7.450E+01 8.94466E-20  8.300E-03 (-2.150E-10, 2.035E-10) (-3.175E-11, 2.831E-11)  1.00E-07
  7.500E+01 8.80209E-20  3.865E-03 (-2.185E-10, 1.961E-10) (-3.217E-11, 2.809E-11)  1.00E-07
  7.550E+01 8.66392E-20 -6.662E-04 (-2.218E-10, 1.887E-10) (-3.259E-11, 2.787E-11)  1.00E-07
  7.600E+01 8.52998E-20 -5.290E-03 (-2.248E-10, 1.814E-10) (-3.300E-11, 2.764E-11)  1.00E-07
  7.650E+01 8.40013E-20 -1.000E-02 (-2.276E-10, 1.742E-10) (-3.340E-11, 2.740E-11)  1.00E-07
  7.700E+01 8.27423E-20 -1.480E-02 (-2.302E-10, 1.669E-10) (-3.379E-11, 2.716E-11)  1.00E-07
  7.750E+01 8.15216E-20 -1.968E-02 (-2.326E-10, 1.597E-10) (-3.417E-11, 2.692E-11)  1.00E-07
  7.800E+01 8.03377E-20 -2.463E-02 (-2.348E-10, 1.526E-10) (-3.455E-11, 2.666E-11)  1.00E-07
  7.850E+01 7.91896E-20 -2.966E-02 (-2.368E-10, 1.455E-10) (-3.491E-11, 2.641E-11)  1.00E-07
  7.900E+01 7.80759E-20 -3.475E-02 (-2.387E-10, 1.385E-10) (-3.526E-11, 2.615E-11)  1.00E-07
  7.950E+01 7.69956E-20 -3.991E-02 (-2.403E-10, 1.315E-10) (-3.561E-11, 2.588E-11)  1.00E-07
  8.000E+01 7.59476E-20 -4.513E-02 (-2.418E-10, 1.246E-10) (-3.594E-11, 2.561E-11)  1.00E-07
  8.050E+01 7.49309E-20 -5.039E-02 (-2.431E-10, 1.178E-10) (-3.627E-11, 2.534E-11)  1.00E-07
  8.100E+01 7.39443E-20 -5.571E-02 (-2.442E-10, 1.110E-10) (-3.659E-11, 2.507E-11)  1.00E-07
  8.150E+01 7.29871E-20 -6.107E-02 (-2.452E-10, 1.043E-10) (-3.689E-11, 2.479E-11)  1.00E-07
  8.200E+01 7.20581E-20 -6.647E-02 (-2.460E-10, 9.771E-11) (-3.719E-11, 2.451E-11)  1.00E-07
  8.250E+01 7.11567E-20 -7.191E-02 (-2.467E-10, 9.116E-11) (-3.748E-11, 2.422E-11)  1.00E-07
  8.300E+01 7.02817E-20 -7.737E-02 (-2.472E-10, 8.468E-11) (-3.776E-11, 2.393E-11)  1.00E-07
  8.350E+01 6.94326E-20 -8.286E-02 (-2.476E-10, 7.828E-11) (-3.803E-11, 2.364E-11)  1.00E-07
  8.400E+01 6.86084E-20 -8.837E-02 (-2.478E-10, 7.196E-11) (-3.829E-11, 2.335E-11)  1.00E-07
  8.450E+01 6.78084E-20 -9.390E-02 (-2.479E-10, 6.572E-11) (-3.855E-11, 2.306E-11)  1.00E-07
  8.500E+01 6.70318E-20 -9.943E-02 (-2.479E-10, 5.955E-11) (-3.879E-11, 2.276E-11)  1.00E-07
  8.550E+01 6.62780E-20 -1.050E-01 (-2.478E-10, 5.347E-11) (-3.903E-11, 2.246E-11)  1.00E-07
  8.600E+01 6.55462E-20 -1.105E-01 (-2.475E-10, 4.747E-11) (-3.925E-11, 2.216E-11)  1.00E-07
  8.650E+01 6.48358E-20 -1.161E-01 (-2.471E-10, 4.156E-11) (-3.947E-11, 2.186E-11)  1.00E-07
  8.700E+01 6.41462E-20 -1.216E-01 (-2.466E-10, 3.572E-11) (-3.968E-11, 2.156E-11)  1.00E-07
  8.750E+01 6.34767E-20 -1.271E-01 (-2.460E-10, 2.997E-11) (-3.988E-11, 2.125E-11)  1.00E-07
  8.800E+01 6.28267E-20 -1.326E-01 (-2.453E-10, 2.431E-11) (-4.007E-11, 2.095E-11)  1.00E-07
  8.850E+01 6.21956E-20 -1.381E-01 (-2.445E-10, 1.873E-11) (-4.025E-11, 2.064E-11)  1.00E-07
  8.900E+01 6.15830E-20 -1.435E-01 (-2.436E-10, 1.324E-11) (-4.043E-11, 2.034E-11)  1.00E-07
  8.950E+01 6.09883E-20 -1.490E-01 (-2.426E-10, 7.833E-12) (-4.059E-11, 2.003E-11)  1.00E-07
  9.000E+01 6.04109E-20 -1.544E-01 (-2.416E-10, 2.513E-12) (-4.075E-11, 1.972E-11)  1.00E-07
  9.050E+01 5.98503E-20 -1.597E-01 (-2.404E-10,-2.722E-12) (-4.090E-11, 1.942E-11)  1.00E-07
  9.100E+01 5.93061E-20 -1.650E-01 (-2.392E-10,-7.871E-12) (-4.104E-11, 1.911E-11)  1.00E-07
  9.150E+01 5.87778E-20 -1.703E-01 (-2.378E-10,-1.293E-11) (-4.117E-11, 1.880E-11)  1.00E-07
  9.200E+01 5.82650E-20 -1.755E-01 (-2.364E-10,-1.791E-11) (-4.130E-11, 1.850E-11)  1.00E-07
  9.250E+01 5.77672E-20 -1.807E-01 (-2.349E-10,-2.280E-11) (-4.142E-11, 1.819E-11)  1.00E-07
  9.300E+01 5.72839E-20 -1.858E-01 (-2.334E-10,-2.761E-11) (-4.153E-11, 1.788E-11)  1.00E-07
  9.350E+01 5.68149E-20 -1.908E-01 (-2.318E-10,-3.233E-11) (-4.163E-11, 1.758E-11)  1.00E-07
  9.400E+01 5.63596E-20 -1.958E-01 (-2.301E-10,-3.696E-11) (-4.172E-11, 1.727E-11)  1.00E-07
  9.450E+01 5.59177E-20 -2.007E-01 (-2.284E-10,-4.152E-11) (-4.181E-11, 1.697E-11)  1.00E-07
  9.500E+01 5.54889E-20 -2.055E-01 (-2.266E-10,-4.598E-11) (-4.188E-11, 1.666E-11)  1.00E-07
  9.550E+01 5.50727E-20 -2.103E-01 (-2.247E-10,-5.037E-11) (-4.196E-11, 1.636E-11)  1.00E-07
  9.600E+01 5.46688E-20 -2.149E-01 (-2.228E-10,-5.467E-11) (-4.202E-11, 1.606E-11)  1.00E-07
  9.650E+01 5.42770E-20 -2.196E-01 (-2.209E-10,-5.889E-11) (-4.207E-11, 1.576E-11)  1.00E-07
  9.700E+01 5.38967E-20 -2.241E-01 (-2.189E-10,-6.303E-11) (-4.212E-11, 1.546E-11)  1.00E-07
  9.750E+01 5.35278E-20 -2.285E-01 (-2.168E-10,-6.708E-11) (-4.216E-11, 1.516E-11)  1.00E-07
  9.800E+01 5.31700E-20 -2.329E-01 (-2.148E-10,-7.106E-11) (-4.220E-11, 1.486E-11)  1.00E-07
  9.850E+01 5.28228E-20 -2.371E-01 (-2.126E-10,-7.495E-11) (-4.223E-11, 1.457E-11)  1.00E-07
  9.900E+01 5.24861E-20 -2.413E-01 (-2.105E-10,-7.877E-11) (-4.225E-11, 1.427E-11)  1.00E-07
  9.950E+01 5.21595E-20 -2.454E-01 (-2.083E-10,-8.251E-11) (-4.226E-11, 1.398E-11)  1.00E-07
  1.000E+02 5.18429E-20 -2.493E-01 (-2.060E-10,-8.617E-11) (-4.227E-11, 1.369E-11)  1.00E-07
  1.005E+02 5.15358E-20 -2.532E-01 (-2.038E-10,-8.975E-11) (-4.227E-11, 1.340E-11)  1.00E-07
  1.010E+02 5.12381E-20 -2.570E-01 (-2.015E-10,-9.326E-11) (-4.226E-11, 1.312E-11)  1.00E-07
  1.015E+02 5.09495E-20 -2.607E-01 (-1.991E-10,-9.669E-11) (-4.225E-11, 1.283E-11)  1.00E-07
  1.020E+02 5.06698E-20 -2.642E-01 (-1.968E-10,-1.001E-10) (-4.223E-11, 1.255E-11)  1.00E-07
  1.025E+02 5.03987E-20 -2.677E-01 (-1.944E-10,-1.033E-10) (-4.220E-11, 1.227E-11)  1.00E-07
  1.030E+02 5.01360E-20 -2.711E-01 (-1.920E-10,-1.065E-10) (-4.217E-11, 1.199E-11)  1.00E-07
  1.035E+02 4.98815E-20 -2.743E-01 (-1.896E-10,-1.097E-10) (-4.213E-11, 1.172E-11)  1.00E-07
  1.040E+02 4.96349E-20 -2.775E-01 (-1.871E-10,-1.128E-10) (-4.209E-11, 1.144E-11)  1.00E-07
  1.045E+02 4.93961E-20 -2.806E-01 (-1.847E-10,-1.158E-10) (-4.204E-11, 1.117E-11)  1.00E-07
  1.050E+02 4.91648E-20 -2.835E-01 (-1.822E-10,-1.187E-10) (-4.198E-11, 1.090E-11)  1.00E-07
  1.055E+02 4.89409E-20 -2.863E-01 (-1.797E-10,-1.216E-10) (-4.192E-11, 1.064E-11)  1.00E-07
  1.060E+02 4.87241E-20 -2.890E-01 (-1.772E-10,-1.243E-10) (-4.185E-11, 1.037E-11)  1.00E-07
  1.065E+02 4.85142E-20 -2.917E-01 (-1.747E-10,-1.271E-10) (-4.178E-11, 1.011E-11)  1.00E-07
  1.070E+02 4.83112E-20 -2.942E-01 (-1.722E-10,-1.297E-10) (-4.170E-11, 9.851E-12)  1.00E-07
  1.075E+02 4.81147E-20 -2.966E-01 (-1.696E-10,-1.323E-10) (-4.161E-11, 9.595E-12)  1.00E-07
  1.080E+02 4.79246E-20 -2.988E-01 (-1.671E-10,-1.349E-10) (-4.152E-11, 9.341E-12)  1.00E-07
  1.085E+02 4.77408E-20 -3.010E-01 (-1.646E-10,-1.374E-10) (-4.142E-11, 9.090E-12)  1.00E-07
  1.090E+02 4.75631E-20 -3.031E-01 (-1.620E-10,-1.398E-10) (-4.132E-11, 8.842E-12)  1.00E-07
  1.095E+02 4.73913E-20 -3.050E-01 (-1.594E-10,-1.421E-10) (-4.122E-11, 8.596E-12)  1.00E-07
  1.100E+02 4.72253E-20 -3.069E-01 (-1.569E-10,-1.444E-10) (-4.110E-11, 8.354E-12)  1.00E-07
  1.105E+02 4.70649E-20 -3.086E-01 (-1.543E-10,-1.466E-10) (-4.099E-11, 8.114E-12)  1.00E-07
  1.110E+02 4.69099E-20 -3.102E-01 (-1.518E-10,-1.488E-10) (-4.087E-11, 7.877E-12)  1.00E-07
  1.115E+02 4.67603E-20 -3.118E-01 (-1.492E-10,-1.509E-10) (-4.074E-11, 7.642E-12)  1.00E-07
  1.120E+02 4.66158E-20 -3.132E-01 (-1.466E-10,-1.530E-10) (-4.061E-11, 7.411E-12)  1.00E-07
  1.125E+02 4.64764E-20 -3.145E-01 (-1.441E-10,-1.550E-10) (-4.047E-11, 7.183E-12)  1.00E-07
  1.130E+02 4.63418E-20 -3.157E-01 (-1.415E-10,-1.570E-10) (-4.033E-11, 6.958E-12)  1.00E-07
  1.135E+02 4.62121E-20 -3.168E-01 (-1.390E-10,-1.589E-10) (-4.018E-11, 6.735E-12)  1.00E-07
  1.140E+02 4.60870E-20 -3.178E-01 (-1.364E-10,-1.607E-10) (-4.003E-11, 6.516E-12)  1.00E-07
  1.145E+02 4.59664E-20 -3.187E-01 (-1.339E-10,-1.625E-10) (-3.988E-11, 6.299E-12)  1.00E-07
  1.150E+02 4.58502E-20 -3.195E-01 (-1.314E-10,-1.643E-10) (-3.972E-11, 6.086E-12)  1.00E-07
  1.155E+02 4.57383E-20 -3.201E-01 (-1.288E-10,-1.660E-10) (-3.956E-11, 5.876E-12)  1.00E-07
  1.160E+02 4.56305E-20 -3.207E-01 (-1.263E-10,-1.676E-10) (-3.939E-11, 5.669E-12)  1.00E-07
  1.165E+02 4.55268E-20 -3.212E-01 (-1.238E-10,-1.692E-10) (-3.922E-11, 5.465E-12)  1.00E-07
  1.170E+02 4.54271E-20 -3.216E-01 (-1.213E-10,-1.708E-10) (-3.904E-11, 5.264E-12)  1.00E-07
  1.175E+02 4.53311E-20 -3.219E-01 (-1.188E-10,-1.723E-10) (-3.886E-11, 5.066E-12)  1.00E-07
  1.180E+02 4.52389E-20 -3.221E-01 (-1.163E-10,-1.737E-10) (-3.867E-11, 4.871E-12)  1.00E-07
  1.185E+02 4.51504E-20 -3.222E-01 (-1.139E-10,-1.752E-10) (-3.849E-11, 4.679E-12)  1.00E-07
  1.190E+02 4.50653E-20 -3.222E-01 (-1.114E-10,-1.765E-10) (-3.829E-11, 4.490E-12)  1.00E-07
  1.195E+02 4.49837E-20 -3.222E-01 (-1.090E-10,-1.779E-10) (-3.810E-11, 4.305E-12)  1.00E-07
  1.200E+02 4.49054E-20 -3.220E-01 (-1.065E-10,-1.792E-10) (-3.790E-11, 4.123E-12)  1.00E-07
  1.205E+02 4.48303E-20 -3.217E-01 (-1.041E-10,-1.804E-10) (-3.770E-11, 3.943E-12)  1.00E-07
  1.210E+02 4.47584E-20 -3.214E-01 (-1.017E-10,-1.816E-10) (-3.749E-11, 3.767E-12)  1.00E-07
  1.215E+02 4.46895E-20 -3.210E-01 (-9.933E-11,-1.828E-10) (-3.728E-11, 3.594E-12)  1.00E-07
  1.220E+02 4.46236E-20 -3.205E-01 (-9.696E-11,-1.839E-10) (-3.706E-11, 3.425E-12)  1.00E-07
  1.225E+02 4.45606E-20 -3.199E-01 (-9.460E-11,-1.851E-10) (-3.685E-11, 3.258E-12)  1.00E-07
  1.230E+02 4.45004E-20 -3.192E-01 (-9.226E-11,-1.861E-10) (-3.663E-11, 3.095E-12)  1.00E-07
  1.235E+02 4.44429E-20 -3.184E-01 (-8.993E-11,-1.871E-10) (-3.640E-11, 2.934E-12)  1.00E-07
  1.240E+02 4.43881E-20 -3.176E-01 (-8.762E-11,-1.881E-10) (-3.617E-11, 2.777E-12)  1.00E-07
  1.245E+02 4.43358E-20 -3.167E-01 (-8.533E-11,-1.891E-10) (-3.594E-11, 2.623E-12)  1.00E-07
  1.250E+02 4.42860E-20 -3.157E-01 (-8.305E-11,-1.900E-10) (-3.571E-11, 2.472E-12)  1.00E-07
  1.255E+02 4.42386E-20 -3.147E-01 (-8.079E-11,-1.909E-10) (-3.547E-11, 2.324E-12)  1.00E-07
  1.260E+02 4.41936E-20 -3.135E-01 (-7.855E-11,-1.918E-10) (-3.523E-11, 2.179E-12)  1.00E-07
  1.265E+02 4.41508E-20 -3.123E-01 (-7.633E-11,-1.926E-10) (-3.499E-11, 2.037E-12)  1.00E-07
  1.270E+02 4.41103E-20 -3.111E-01 (-7.412E-11,-1.934E-10) (-3.474E-11, 1.898E-12)  1.00E-07
  1.275E+02 4.40719E-20 -3.097E-01 (-7.194E-11,-1.942E-10) (-3.450E-11, 1.763E-12)  1.00E-07
  1.280E+02 4.40355E-20 -3.083E-01 (-6.977E-11,-1.949E-10) (-3.424E-11, 1.630E-12)  1.00E-07
  1.285E+02 4.40012E-20 -3.069E-01 (-6.762E-11,-1.956E-10) (-3.399E-11, 1.501E-12)  1.00E-07
  1.290E+02 4.39688E-20 -3.053E-01 (-6.550E-11,-1.963E-10) (-3.373E-11, 1.374E-12)  1.00E-07
  1.295E+02 4.39383E-20 -3.037E-01 (-6.339E-11,-1.970E-10) (-3.347E-11, 1.251E-12)  1.00E-07
  1.300E+02 4.39097E-20 -3.021E-01 (-6.130E-11,-1.976E-10) (-3.321E-11, 1.130E-12)  1.00E-07
  1.305E+02 4.38828E-20 -3.004E-01 (-5.923E-11,-1.982E-10) (-3.295E-11, 1.013E-12)  1.00E-07
  1.310E+02 4.38576E-20 -2.986E-01 (-5.718E-11,-1.988E-10) (-3.268E-11, 8.985E-13)  1.00E-07
  1.315E+02 4.38340E-20 -2.968E-01 (-5.515E-11,-1.994E-10) (-3.241E-11, 7.870E-13)  1.00E-07
  1.320E+02 4.38121E-20 -2.949E-01 (-5.315E-11,-1.999E-10) (-3.214E-11, 6.784E-13)  1.00E-07
  1.325E+02 4.37917E-20 -2.930E-01 (-5.116E-11,-2.004E-10) (-3.186E-11, 5.727E-13)  1.00E-07
  1.330E+02 4.37728E-20 -2.910E-01 (-4.919E-11,-2.009E-10) (-3.159E-11, 4.700E-13)  1.00E-07
  1.335E+02 4.37554E-20 -2.890E-01 (-4.725E-11,-2.014E-10) (-3.131E-11, 3.701E-13)  1.00E-07
  1.340E+02 4.37393E-20 -2.869E-01 (-4.532E-11,-2.018E-10) (-3.103E-11, 2.731E-13)  1.00E-07
  1.345E+02 4.37246E-20 -2.847E-01 (-4.342E-11,-2.022E-10) (-3.074E-11, 1.790E-13)  1.00E-07
  1.350E+02 4.37112E-20 -2.826E-01 (-4.154E-11,-2.026E-10) (-3.046E-11, 8.770E-14)  1.00E-07
  1.355E+02 4.36990E-20 -2.803E-01 (-3.968E-11,-2.030E-10) (-3.017E-11,-7.995E-16)  1.00E-07
  1.360E+02 4.36880E-20 -2.781E-01 (-3.784E-11,-2.034E-10) (-2.988E-11,-8.651E-14)  1.00E-07
  1.365E+02 4.36782E-20 -2.758E-01 (-3.602E-11,-2.037E-10) (-2.959E-11,-1.695E-13)  1.00E-07
  1.370E+02 4.36696E-20 -2.734E-01 (-3.423E-11,-2.041E-10) (-2.930E-11,-2.497E-13)  1.00E-07
  1.375E+02 4.36620E-20 -2.710E-01 (-3.245E-11,-2.044E-10) (-2.900E-11,-3.271E-13)  1.00E-07
  1.380E+02 4.36554E-20 -2.686E-01 (-3.070E-11,-2.047E-10) (-2.870E-11,-4.019E-13)  1.00E-07
  1.385E+02 4.36498E-20 -2.661E-01 (-2.897E-11,-2.049E-10) (-2.841E-11,-4.740E-13)  1.00E-07
  1.390E+02 4.36452E-20 -2.636E-01 (-2.726E-11,-2.052E-10) (-2.810E-11,-5.435E-13)  1.00E-07
  1.395E+02 4.36415E-20 -2.611E-01 (-2.557E-11,-2.055E-10) (-2.780E-11,-6.103E-13)  1.00E-07
  1.400E+02 4.36387E-20 -2.585E-01 (-2.391E-11,-2.057E-10) (-2.750E-11,-6.745E-13)  1.00E-07
  1.405E+02 4.36367E-20 -2.559E-01 (-2.226E-11,-2.059E-10) (-2.719E-11,-7.361E-13)  1.00E-07
  1.410E+02 4.36355E-20 -2.532E-01 (-2.064E-11,-2.061E-10) (-2.688E-11,-7.952E-13)  1.00E-07
  1.415E+02 4.36351E-20 -2.506E-01 (-1.904E-11,-2.063E-10) (-2.657E-11,-8.518E-13)  1.00E-07
  1.420E+02 4.36355E-20 -2.478E-01 (-1.746E-11,-2.065E-10) (-2.626E-11,-9.058E-13)  1.00E-07
  1.425E+02 4.36365E-20 -2.451E-01 (-1.591E-11,-2.067E-10) (-2.595E-11,-9.574E-13)  1.00E-07
  1.430E+02 4.36382E-20 -2.423E-01 (-1.437E-11,-2.068E-10) (-2.564E-11,-1.007E-12)  1.00E-07
  1.435E+02 4.36406E-20 -2.395E-01 (-1.286E-11,-2.070E-10) (-2.532E-11,-1.053E-12)  1.00E-07
  1.440E+02 4.36435E-20 -2.367E-01 (-1.137E-11,-2.071E-10) (-2.500E-11,-1.098E-12)  1.00E-07
  1.445E+02 4.36471E-20 -2.339E-01 (-9.904E-12,-2.072E-10) (-2.469E-11,-1.139E-12)  1.00E-07
  1.450E+02 4.36511E-20 -2.310E-01 (-8.457E-12,-2.073E-10) (-2.437E-11,-1.179E-12)  1.00E-07
  1.455E+02 4.36557E-20 -2.281E-01 (-7.033E-12,-2.074E-10) (-2.405E-11,-1.216E-12)  1.00E-07
  1.460E+02 4.36608E-20 -2.252E-01 (-5.630E-12,-2.075E-10) (-2.372E-11,-1.251E-12)  1.00E-07
  1.465E+02 4.36664E-20 -2.222E-01 (-4.250E-12,-2.076E-10) (-2.340E-11,-1.284E-12)  1.00E-07
  1.470E+02 4.36724E-20 -2.193E-01 (-2.891E-12,-2.077E-10) (-2.307E-11,-1.315E-12)  1.00E-07
  1.475E+02 4.36788E-20 -2.163E-01 (-1.554E-12,-2.077E-10) (-2.275E-11,-1.343E-12)  1.00E-07
  1.480E+02 4.36856E-20 -2.133E-01 (-2.385E-13,-2.078E-10) (-2.242E-11,-1.369E-12)  1.00E-07
  1.485E+02 4.36927E-20 -2.103E-01 ( 1.055E-12,-2.078E-10) (-2.209E-11,-1.393E-12)  1.00E-07
  1.490E+02 4.37002E-20 -2.072E-01 ( 2.327E-12,-2.079E-10) (-2.176E-11,-1.415E-12)  1.00E-07
  1.495E+02 4.37080E-20 -2.041E-01 ( 3.577E-12,-2.079E-10) (-2.143E-11,-1.435E-12)  1.00E-07
  1.500E+02 4.37161E-20 -2.011E-01 ( 4.806E-12,-2.080E-10) (-2.110E-11,-1.453E-12)  1.00E-07
  1.505E+02 4.37244E-20 -1.980E-01 ( 6.013E-12,-2.080E-10) (-2.077E-11,-1.468E-12)  1.00E-07
  1.510E+02 4.37330E-20 -1.948E-01 ( 7.198E-12,-2.080E-10) (-2.043E-11,-1.482E-12)  1.00E-07
  1.515E+02 4.37418E-20 -1.917E-01 ( 8.362E-12,-2.080E-10) (-2.010E-11,-1.494E-12)  1.00E-07
  1.520E+02 4.37508E-20 -1.886E-01 ( 9.504E-12,-2.080E-10) (-1.976E-11,-1.504E-12)  1.00E-07
  1.525E+02 4.37600E-20 -1.854E-01 ( 1.063E-11,-2.080E-10) (-1.942E-11,-1.512E-12)  1.00E-07
  1.530E+02 4.37694E-20 -1.822E-01 ( 1.172E-11,-2.080E-10) (-1.909E-11,-1.518E-12)  1.00E-07
  1.535E+02 4.37788E-20 -1.790E-01 ( 1.280E-11,-2.080E-10) (-1.875E-11,-1.522E-12)  1.00E-07
  1.540E+02 4.37885E-20 -1.758E-01 ( 1.386E-11,-2.080E-10) (-1.841E-11,-1.525E-12)  1.00E-07
  1.545E+02 4.37982E-20 -1.726E-01 ( 1.490E-11,-2.080E-10) (-1.807E-11,-1.526E-12)  1.00E-07
  1.550E+02 4.38080E-20 -1.694E-01 ( 1.591E-11,-2.079E-10) (-1.773E-11,-1.525E-12)  1.00E-07
  1.555E+02 4.38178E-20 -1.661E-01 ( 1.690E-11,-2.079E-10) (-1.738E-11,-1.522E-12)  1.00E-07
  1.560E+02 4.38278E-20 -1.629E-01 ( 1.788E-11,-2.079E-10) (-1.704E-11,-1.518E-12)  1.00E-07
  1.565E+02 4.38377E-20 -1.596E-01 ( 1.883E-11,-2.079E-10) (-1.670E-11,-1.512E-12)  1.00E-07
  1.570E+02 4.38477E-20 -1.564E-01 ( 1.976E-11,-2.078E-10) (-1.635E-11,-1.504E-12)  1.00E-07
  1.575E+02 4.38577E-20 -1.531E-01 ( 2.067E-11,-2.078E-10) (-1.601E-11,-1.495E-12)  1.00E-07
  1.580E+02 4.38676E-20 -1.498E-01 ( 2.156E-11,-2.077E-10) (-1.566E-11,-1.484E-12)  1.00E-07
  1.585E+02 4.38776E-20 -1.465E-01 ( 2.242E-11,-2.077E-10) (-1.531E-11,-1.472E-12)  1.00E-07
  1.590E+02 4.38875E-20 -1.432E-01 ( 2.327E-11,-2.077E-10) (-1.497E-11,-1.458E-12)  1.00E-07
  1.595E+02 4.38973E-20 -1.399E-01 ( 2.410E-11,-2.076E-10) (-1.462E-11,-1.443E-12)  1.00E-07
  1.600E+02 4.39071E-20 -1.365E-01 ( 2.490E-11,-2.076E-10) (-1.427E-11,-1.427E-12)  1.00E-07
  1.605E+02 4.39168E-20 -1.332E-01 ( 2.569E-11,-2.075E-10) (-1.392E-11,-1.409E-12)  1.00E-07
  1.610E+02 4.39264E-20 -1.299E-01 ( 2.645E-11,-2.075E-10) (-1.357E-11,-1.390E-12)  1.00E-07
  1.615E+02 4.39359E-20 -1.265E-01 ( 2.720E-11,-2.074E-10) (-1.322E-11,-1.369E-12)  1.00E-07
  1.620E+02 4.39453E-20 -1.232E-01 ( 2.792E-11,-2.074E-10) (-1.287E-11,-1.347E-12)  1.00E-07
  1.625E+02 4.39545E-20 -1.198E-01 ( 2.862E-11,-2.073E-10) (-1.252E-11,-1.324E-12)  1.00E-07
  1.630E+02 4.39636E-20 -1.164E-01 ( 2.930E-11,-2.073E-10) (-1.217E-11,-1.300E-12)  1.00E-07
  1.635E+02 4.39726E-20 -1.131E-01 ( 2.997E-11,-2.072E-10) (-1.181E-11,-1.274E-12)  1.00E-07
  1.640E+02 4.39814E-20 -1.097E-01 ( 3.061E-11,-2.072E-10) (-1.146E-11,-1.248E-12)  1.00E-07
  1.645E+02 4.39900E-20 -1.063E-01 ( 3.123E-11,-2.071E-10) (-1.111E-11,-1.220E-12)  1.00E-07
  1.650E+02 4.39984E-20 -1.029E-01 ( 3.183E-11,-2.070E-10) (-1.075E-11,-1.191E-12)  1.00E-07
  1.655E+02 4.40067E-20 -9.953E-02 ( 3.241E-11,-2.070E-10) (-1.040E-11,-1.161E-12)  1.00E-07
  1.660E+02 4.40148E-20 -9.614E-02 ( 3.297E-11,-2.069E-10) (-1.004E-11,-1.131E-12)  1.00E-07
  1.665E+02 4.40226E-20 -9.274E-02 ( 3.351E-11,-2.069E-10) (-9.688E-12,-1.099E-12)  1.00E-07
  1.670E+02 4.40302E-20 -8.933E-02 ( 3.404E-11,-2.068E-10) (-9.333E-12,-1.066E-12)  1.00E-07
  1.675E+02 4.40376E-20 -8.592E-02 ( 3.454E-11,-2.068E-10) (-8.977E-12,-1.033E-12)  1.00E-07
  1.680E+02 4.40448E-20 -8.251E-02 ( 3.502E-11,-2.067E-10) (-8.620E-12,-9.981E-13)  1.00E-07
  1.685E+02 4.40518E-20 -7.910E-02 ( 3.548E-11,-2.067E-10) (-8.264E-12,-9.627E-13)  1.00E-07
  1.690E+02 4.40585E-20 -7.568E-02 ( 3.592E-11,-2.067E-10) (-7.907E-12,-9.266E-13)  1.00E-07
  1.695E+02 4.40649E-20 -7.226E-02 ( 3.634E-11,-2.066E-10) (-7.549E-12,-8.897E-13)  1.00E-07
  1.700E+02 4.40711E-20 -6.884E-02 ( 3.674E-11,-2.066E-10) (-7.192E-12,-8.521E-13)  1.00E-07
  1.705E+02 4.40770E-20 -6.541E-02 ( 3.712E-11,-2.065E-10) (-6.834E-12,-8.138E-13)  1.00E-07
  1.710E+02 4.40826E-20 -6.198E-02 ( 3.749E-11,-2.065E-10) (-6.476E-12,-7.748E-13)  1.00E-07
  1.715E+02 4.40880E-20 -5.855E-02 ( 3.783E-11,-2.064E-10) (-6.117E-12,-7.352E-13)  1.00E-07
  1.720E+02 4.40931E-20 -5.512E-02 ( 3.815E-11,-2.064E-10) (-5.759E-12,-6.951E-13)  1.00E-07
  1.725E+02 4.40979E-20 -5.168E-02 ( 3.845E-11,-2.064E-10) (-5.400E-12,-6.543E-13)  1.00E-07
  1.730E+02 4.41024E-20 -4.824E-02 ( 3.874E-11,-2.063E-10) (-5.041E-12,-6.130E-13)  1.00E-07
  1.735E+02 4.41067E-20 -4.480E-02 ( 3.900E-11,-2.063E-10) (-4.681E-12,-5.713E-13)  1.00E-07
  1.740E+02 4.41106E-20 -4.136E-02 ( 3.924E-11,-2.063E-10) (-4.322E-12,-5.291E-13)  1.00E-07
  1.745E+02 4.41142E-20 -3.792E-02 ( 3.947E-11,-2.063E-10) (-3.962E-12,-4.865E-13)  1.00E-07
  1.750E+02 4.41175E-20 -3.448E-02 ( 3.967E-11,-2.062E-10) (-3.603E-12,-4.435E-13)  1.00E-07
  1.755E+02 4.41206E-20 -3.103E-02 ( 3.986E-11,-2.062E-10) (-3.243E-12,-4.001E-13)  1.00E-07
  1.760E+02 4.41233E-20 -2.759E-02 ( 4.002E-11,-2.062E-10) (-2.883E-12,-3.564E-13)  1.00E-07
  1.765E+02 4.41257E-20 -2.414E-02 ( 4.017E-11,-2.062E-10) (-2.523E-12,-3.125E-13)  1.00E-07
  1.770E+02 4.41277E-20 -2.069E-02 ( 4.030E-11,-2.062E-10) (-2.162E-12,-2.683E-13)  1.00E-07
  1.775E+02 4.41295E-20 -1.725E-02 ( 4.040E-11,-2.061E-10) (-1.802E-12,-2.239E-13)  1.00E-07
  1.780E+02 4.41309E-20 -1.380E-02 ( 4.049E-11,-2.061E-10) (-1.442E-12,-1.793E-13)  1.00E-07
  1.785E+02 4.41321E-20 -1.035E-02 ( 4.056E-11,-2.061E-10) (-1.081E-12,-1.346E-13)  1.00E-07
  1.790E+02 4.41329E-20 -6.899E-03 ( 4.061E-11,-2.061E-10) (-7.210E-13,-8.981E-14)  1.00E-07
  1.795E+02 4.41333E-20 -3.450E-03 ( 4.064E-11,-2.061E-10) (-3.605E-13,-4.492E-14)  1.00E-07
  1.800E+02 4.41335E-20 -4.841E-17 ( 4.065E-11,-2.061E-10) (-5.059E-27,-6.305E-28)  1.00E-07

  TOTAL ELASTIC CROSS SECTION = 6.871134E-17 cm**2
               FROM DCS TABLE = 6.869366E-17  (REL. DIF. = 2.57E-04)

  1ST TRANSPORT CROSS SECTION = 1.247861E-18 cm**2
               FROM DCS TABLE = 1.247856E-18  (REL. DIF. = 3.85E-06)

  2ND TRANSPORT CROSS SECTION = 2.365241E-18 cm**2

  **** DPWA0 ENDED ************************************************************

