 #  Scattering field.
 #  All quantities in atomic units (a.u.), unless otherwise indicated.
 #  Z =  80, NELEC =  80,   projectile: electron
 #  Kinetic energy = 9.18733E+02 a.u. = 2.50000E+04 eV
 #
 #   i       r           r*V         r*Vst        r*Vex       r*Vpol       r*Wabs        rho_e
 #------------------------------------------------------------------------------------------------
     1  0.00000E+00 -0.00000E+00 -0.00000E+00  0.00000E+00  0.00000E+00  0.00000E+00  2.44094E+09
     2  2.73270E-07 -2.66166E-01 -2.64016E-01 -2.14941E-03  0.00000E+00  0.00000E+00  2.44094E+09
     3  5.52859E-07 -5.36293E-01 -5.34134E-01 -2.15818E-03  0.00000E+00  0.00000E+00  1.20651E+09
     4  8.38903E-07 -8.12644E-01 -8.10483E-01 -2.16114E-03  0.00000E+00  0.00000E+00  7.95119E+08
     5  1.13155E-06 -1.09537E+00 -1.09320E+00 -2.16264E-03  0.00000E+00  0.00000E+00  5.89476E+08
     6  1.43096E-06 -1.38460E+00 -1.38244E+00 -2.16355E-03  0.00000E+00  0.00000E+00  4.66134E+08
     7  1.73727E-06 -1.68049E+00 -1.67833E+00 -2.16418E-03  0.00000E+00  0.00000E+00  3.83942E+08
     8  2.05066E-06 -1.98320E+00 -1.98103E+00 -2.16464E-03  0.00000E+00  0.00000E+00  3.25264E+08
     9  2.37129E-06 -2.29286E+00 -2.29069E+00 -2.16502E-03  0.00000E+00  0.00000E+00  2.81282E+08
    10  2.69932E-06 -2.60964E+00 -2.60747E+00 -2.16533E-03  0.00000E+00  0.00000E+00  2.47098E+08
    11  3.03492E-06 -2.93369E+00 -2.93152E+00 -2.16561E-03  0.00000E+00  0.00000E+00  2.19772E+08
    12  3.37827E-06 -3.26518E+00 -3.26301E+00 -2.16586E-03  0.00000E+00  0.00000E+00  1.97434E+08
    13  3.72955E-06 -3.60426E+00 -3.60209E+00 -2.16610E-03  0.00000E+00  0.00000E+00  1.78837E+08
    14  4.08893E-06 -3.95111E+00 -3.94894E+00 -2.16634E-03  0.00000E+00  0.00000E+00  1.63117E+08
    15  4.45662E-06 -4.30589E+00 -4.30373E+00 -2.16658E-03  0.00000E+00  0.00000E+00  1.49658E+08
    16  4.83279E-06 -4.66878E+00 -4.66662E+00 -2.16682E-03  0.00000E+00  0.00000E+00  1.38007E+08
    17  5.21765E-06 -5.03996E+00 -5.03779E+00 -2.16706E-03  0.00000E+00  0.00000E+00  1.27827E+08
    18  5.61140E-06 -5.41959E+00 -5.41742E+00 -2.16732E-03  0.00000E+00  0.00000E+00  1.18856E+08
    19  6.01423E-06 -5.80787E+00 -5.80570E+00 -2.16759E-03  0.00000E+00  0.00000E+00  1.10894E+08
    20  6.42637E-06 -6.20498E+00 -6.20281E+00 -2.16788E-03  0.00000E+00  0.00000E+00  1.03781E+08
    21  6.84802E-06 -6.61110E+00 -6.60893E+00 -2.16819E-03  0.00000E+00  0.00000E+00  9.73898E+07
    22  7.27941E-06 -7.02643E+00 -7.02426E+00 -2.16851E-03  0.00000E+00  0.00000E+00  9.16174E+07
    23  7.72076E-06 -7.45116E+00 -7.44899E+00 -2.16886E-03  0.00000E+00  0.00000E+00  8.63793E+07
    24  8.17229E-06 -7.88549E+00 -7.88332E+00 -2.16923E-03  0.00000E+00  0.00000E+00  8.16057E+07
    25  8.63426E-06 -8.32961E+00 -8.32744E+00 -2.16963E-03  0.00000E+00  0.00000E+00  7.72386E+07
    26  9.10688E-06 -8.78373E+00 -8.78156E+00 -2.17006E-03  0.00000E+00  0.00000E+00  7.32293E+07
    27  9.59042E-06 -9.24806E+00 -9.24589E+00 -2.17051E-03  0.00000E+00  0.00000E+00  6.95363E+07
    28  1.00851E-05 -9.72279E+00 -9.72061E+00 -2.17100E-03  0.00000E+00  0.00000E+00  6.61245E+07
    29  1.05913E-05 -1.02081E+01 -1.02060E+01 -2.17153E-03  0.00000E+00  0.00000E+00  6.29638E+07
    30  1.11091E-05 -1.07043E+01 -1.07021E+01 -2.17209E-03  0.00000E+00  0.00000E+00  6.00282E+07
    31  1.16388E-05 -1.12115E+01 -1.12093E+01 -2.17269E-03  0.00000E+00  0.00000E+00  5.72951E+07
    32  1.21808E-05 -1.17300E+01 -1.17278E+01 -2.17333E-03  0.00000E+00  0.00000E+00  5.47450E+07
    33  1.27353E-05 -1.22599E+01 -1.22578E+01 -2.17402E-03  0.00000E+00  0.00000E+00  5.23606E+07
    34  1.33027E-05 -1.28016E+01 -1.27994E+01 -2.17475E-03  0.00000E+00  0.00000E+00  5.01269E+07
    35  1.38831E-05 -1.33551E+01 -1.33529E+01 -2.17554E-03  0.00000E+00  0.00000E+00  4.80306E+07
    36  1.44769E-05 -1.39208E+01 -1.39186E+01 -2.17637E-03  0.00000E+00  0.00000E+00  4.60598E+07
    37  1.50844E-05 -1.44988E+01 -1.44966E+01 -2.17727E-03  0.00000E+00  0.00000E+00  4.42040E+07
    38  1.57059E-05 -1.50894E+01 -1.50872E+01 -2.17822E-03  0.00000E+00  0.00000E+00  4.24541E+07
    39  1.63418E-05 -1.56927E+01 -1.56906E+01 -2.17923E-03  0.00000E+00  0.00000E+00  4.08014E+07
    40  1.69924E-05 -1.63091E+01 -1.63070E+01 -2.18031E-03  0.00000E+00  0.00000E+00  3.92386E+07
    41  1.76580E-05 -1.69387E+01 -1.69366E+01 -2.18146E-03  0.00000E+00  0.00000E+00  3.77590E+07
    42  1.83390E-05 -1.75818E+01 -1.75796E+01 -2.18268E-03  0.00000E+00  0.00000E+00  3.63563E+07
    43  1.90357E-05 -1.82385E+01 -1.82363E+01 -2.18399E-03  0.00000E+00  0.00000E+00  3.50251E+07
    44  1.97485E-05 -1.89091E+01 -1.89069E+01 -2.18537E-03  0.00000E+00  0.00000E+00  3.37603E+07
    45  2.04777E-05 -1.95938E+01 -1.95916E+01 -2.18684E-03  0.00000E+00  0.00000E+00  3.25575E+07
    46  2.12238E-05 -2.02928E+01 -2.02906E+01 -2.18840E-03  0.00000E+00  0.00000E+00  3.14124E+07
    47  2.19871E-05 -2.10062E+01 -2.10041E+01 -2.19006E-03  0.00000E+00  0.00000E+00  3.03213E+07
    48  2.27680E-05 -2.17344E+01 -2.17322E+01 -2.19183E-03  0.00000E+00  0.00000E+00  2.92808E+07
    49  2.35669E-05 -2.24774E+01 -2.24752E+01 -2.19370E-03  0.00000E+00  0.00000E+00  2.82876E+07
    50  2.43843E-05 -2.32355E+01 -2.32333E+01 -2.19568E-03  0.00000E+00  0.00000E+00  2.73388E+07
    51  2.52206E-05 -2.40088E+01 -2.40066E+01 -2.19779E-03  0.00000E+00  0.00000E+00  2.64317E+07
    52  2.60762E-05 -2.47976E+01 -2.47954E+01 -2.20002E-03  0.00000E+00  0.00000E+00  2.55639E+07
    53  2.69515E-05 -2.56018E+01 -2.55996E+01 -2.20239E-03  0.00000E+00  0.00000E+00  2.47331E+07
    54  2.78470E-05 -2.64218E+01 -2.64196E+01 -2.20490E-03  0.00000E+00  0.00000E+00  2.39372E+07
    55  2.87632E-05 -2.72576E+01 -2.72553E+01 -2.20756E-03  0.00000E+00  0.00000E+00  2.31742E+07
    56  2.97006E-05 -2.81093E+01 -2.81071E+01 -2.21038E-03  0.00000E+00  0.00000E+00  2.24423E+07
    57  3.06596E-05 -2.89770E+01 -2.89748E+01 -2.21336E-03  0.00000E+00  0.00000E+00  2.17398E+07
    58  3.16408E-05 -2.98608E+01 -2.98586E+01 -2.21653E-03  0.00000E+00  0.00000E+00  2.10652E+07
    59  3.26446E-05 -3.07609E+01 -3.07586E+01 -2.21988E-03  0.00000E+00  0.00000E+00  2.04169E+07
    60  3.36715E-05 -3.16771E+01 -3.16748E+01 -2.22343E-03  0.00000E+00  0.00000E+00  1.97937E+07
    61  3.47222E-05 -3.26095E+01 -3.26072E+01 -2.22719E-03  0.00000E+00  0.00000E+00  1.91942E+07
    62  3.57972E-05 -3.35581E+01 -3.35558E+01 -2.23117E-03  0.00000E+00  0.00000E+00  1.86174E+07
    63  3.68969E-05 -3.45228E+01 -3.45206E+01 -2.23539E-03  0.00000E+00  0.00000E+00  1.80619E+07
    64  3.80221E-05 -3.55036E+01 -3.55013E+01 -2.23985E-03  0.00000E+00  0.00000E+00  1.75270E+07
    65  3.91732E-05 -3.65003E+01 -3.64981E+01 -2.24458E-03  0.00000E+00  0.00000E+00  1.70114E+07
    66  4.03510E-05 -3.75128E+01 -3.75106E+01 -2.24958E-03  0.00000E+00  0.00000E+00  1.65144E+07
    67  4.15559E-05 -3.85409E+01 -3.85387E+01 -2.25488E-03  0.00000E+00  0.00000E+00  1.60351E+07
    68  4.27886E-05 -3.95843E+01 -3.95821E+01 -2.26050E-03  0.00000E+00  0.00000E+00  1.55727E+07
    69  4.40498E-05 -4.06428E+01 -4.06405E+01 -2.26644E-03  0.00000E+00  0.00000E+00  1.51264E+07
    70  4.53401E-05 -4.17159E+01 -4.17137E+01 -2.27274E-03  0.00000E+00  0.00000E+00  1.46954E+07
    71  4.66602E-05 -4.28034E+01 -4.28011E+01 -2.27941E-03  0.00000E+00  0.00000E+00  1.42792E+07
    72  4.80107E-05 -4.39046E+01 -4.39023E+01 -2.28648E-03  0.00000E+00  0.00000E+00  1.38770E+07
    73  4.93925E-05 -4.50190E+01 -4.50167E+01 -2.29397E-03  0.00000E+00  0.00000E+00  1.34884E+07
    74  5.08061E-05 -4.61460E+01 -4.61437E+01 -2.30190E-03  0.00000E+00  0.00000E+00  1.31126E+07
    75  5.22524E-05 -4.72849E+01 -4.72826E+01 -2.31032E-03  0.00000E+00  0.00000E+00  1.27492E+07
    76  5.37321E-05 -4.84350E+01 -4.84326E+01 -2.31924E-03  0.00000E+00  0.00000E+00  1.23977E+07
    77  5.52459E-05 -4.95952E+01 -4.95928E+01 -2.32870E-03  0.00000E+00  0.00000E+00  1.20575E+07
    78  5.67947E-05 -5.07645E+01 -5.07622E+01 -2.33873E-03  0.00000E+00  0.00000E+00  1.17282E+07
    79  5.83793E-05 -5.19420E+01 -5.19396E+01 -2.34939E-03  0.00000E+00  0.00000E+00  1.14094E+07
    80  6.00004E-05 -5.31263E+01 -5.31239E+01 -2.36069E-03  0.00000E+00  0.00000E+00  1.11007E+07
    81  6.16590E-05 -5.43160E+01 -5.43136E+01 -2.37270E-03  0.00000E+00  0.00000E+00  1.08017E+07
    82  6.33559E-05 -5.55096E+01 -5.55072E+01 -2.38546E-03  0.00000E+00  0.00000E+00  1.05119E+07
    83  6.50919E-05 -5.67055E+01 -5.67031E+01 -2.39902E-03  0.00000E+00  0.00000E+00  1.02311E+07
    84  6.68680E-05 -5.79018E+01 -5.78994E+01 -2.41344E-03  0.00000E+00  0.00000E+00  9.95895E+06
    85  6.86852E-05 -5.90966E+01 -5.90941E+01 -2.42878E-03  0.00000E+00  0.00000E+00  9.69504E+06
    86  7.05442E-05 -6.02876E+01 -6.02851E+01 -2.44511E-03  0.00000E+00  0.00000E+00  9.43910E+06
    87  7.24462E-05 -6.14724E+01 -6.14699E+01 -2.46250E-03  0.00000E+00  0.00000E+00  9.19086E+06
    88  7.43922E-05 -6.26485E+01 -6.26460E+01 -2.48103E-03  0.00000E+00  0.00000E+00  8.95001E+06
    89  7.63830E-05 -6.38130E+01 -6.38105E+01 -2.50079E-03  0.00000E+00  0.00000E+00  8.71631E+06
    90  7.84198E-05 -6.49630E+01 -6.49605E+01 -2.52188E-03  0.00000E+00  0.00000E+00  8.48949E+06
    91  8.05036E-05 -6.60951E+01 -6.60925E+01 -2.54439E-03  0.00000E+00  0.00000E+00  8.26931E+06
    92  8.26356E-05 -6.72058E+01 -6.72032E+01 -2.56844E-03  0.00000E+00  0.00000E+00  8.05554E+06
    93  8.48167E-05 -6.82914E+01 -6.82888E+01 -2.59416E-03  0.00000E+00  0.00000E+00  7.84796E+06
    94  8.70483E-05 -6.93480E+01 -6.93454E+01 -2.62167E-03  0.00000E+00  0.00000E+00  7.64635E+06
    95  8.93313E-05 -7.03714E+01 -7.03687E+01 -2.65112E-03  0.00000E+00  0.00000E+00  7.45051E+06
    96  9.16671E-05 -7.13572E+01 -7.13545E+01 -2.68266E-03  0.00000E+00  0.00000E+00  7.26025E+06
    97  9.40568E-05 -7.23009E+01 -7.22982E+01 -2.71646E-03  0.00000E+00  0.00000E+00  7.07537E+06
    98  9.65016E-05 -7.31981E+01 -7.31954E+01 -2.75270E-03  0.00000E+00  0.00000E+00  6.89569E+06
    99  9.90029E-05 -7.40444E+01 -7.40416E+01 -2.79155E-03  0.00000E+00  0.00000E+00  6.72106E+06
   100  1.01562E-04 -7.48353E+01 -7.48325E+01 -2.83320E-03  0.00000E+00  0.00000E+00  6.55129E+06
   101  1.04180E-04 -7.55672E+01 -7.55643E+01 -2.87785E-03  0.00000E+00  0.00000E+00  6.38624E+06
   102  1.06859E-04 -7.62366E+01 -7.62337E+01 -2.92566E-03  0.00000E+00  0.00000E+00  6.22574E+06
   103  1.09599E-04 -7.68411E+01 -7.68381E+01 -2.97682E-03  0.00000E+00  0.00000E+00  6.06966E+06
   104  1.12403E-04 -7.73794E+01 -7.73764E+01 -3.03144E-03  0.00000E+00  0.00000E+00  5.91785E+06
   105  1.15271E-04 -7.78514E+01 -7.78483E+01 -3.08965E-03  0.00000E+00  0.00000E+00  5.77018E+06
   106  1.18206E-04 -7.82585E+01 -7.82553E+01 -3.15151E-03  0.00000E+00  0.00000E+00  5.62652E+06
   107  1.21208E-04 -7.86036E+01 -7.86004E+01 -3.21704E-03  0.00000E+00  0.00000E+00  5.48674E+06
   108  1.24280E-04 -7.88911E+01 -7.88878E+01 -3.28619E-03  0.00000E+00  0.00000E+00  5.35072E+06
   109  1.27423E-04 -7.91264E+01 -7.91231E+01 -3.35890E-03  0.00000E+00  0.00000E+00  5.21835E+06
   110  1.30638E-04 -7.93157E+01 -7.93122E+01 -3.43504E-03  0.00000E+00  0.00000E+00  5.08951E+06
   111  1.33927E-04 -7.94654E+01 -7.94619E+01 -3.51449E-03  0.00000E+00  0.00000E+00  4.96410E+06
   112  1.37293E-04 -7.95819E+01 -7.95783E+01 -3.59709E-03  0.00000E+00  0.00000E+00  4.84201E+06
   113  1.40736E-04 -7.96712E+01 -7.96675E+01 -3.68271E-03  0.00000E+00  0.00000E+00  4.72315E+06
   114  1.44258E-04 -7.97386E+01 -7.97348E+01 -3.77121E-03  0.00000E+00  0.00000E+00  4.60741E+06
   115  1.47862E-04 -7.97887E+01 -7.97849E+01 -3.86249E-03  0.00000E+00  0.00000E+00  4.49471E+06
   116  1.51549E-04 -7.98255E+01 -7.98215E+01 -3.95646E-03  0.00000E+00  0.00000E+00  4.38496E+06
   117  1.55321E-04 -7.98519E+01 -7.98478E+01 -4.05304E-03  0.00000E+00  0.00000E+00  4.27806E+06
   118  1.59181E-04 -7.98705E+01 -7.98664E+01 -4.15219E-03  0.00000E+00  0.00000E+00  4.17394E+06
   119  1.63129E-04 -7.98834E+01 -7.98791E+01 -4.25389E-03  0.00000E+00  0.00000E+00  4.07252E+06
   120  1.67169E-04 -7.98919E+01 -7.98876E+01 -4.35812E-03  0.00000E+00  0.00000E+00  3.97371E+06
   121  1.71302E-04 -7.98973E+01 -7.98928E+01 -4.46489E-03  0.00000E+00  0.00000E+00  3.87744E+06
   122  1.75530E-04 -7.99004E+01 -7.98958E+01 -4.57421E-03  0.00000E+00  0.00000E+00  3.78364E+06
   123  1.79856E-04 -7.99018E+01 -7.98971E+01 -4.68611E-03  0.00000E+00  0.00000E+00  3.69224E+06
   124  1.84282E-04 -7.99021E+01 -7.98973E+01 -4.80063E-03  0.00000E+00  0.00000E+00  3.60317E+06
   125  1.88809E-04 -7.99015E+01 -7.98966E+01 -4.91781E-03  0.00000E+00  0.00000E+00  3.51637E+06
   126  1.93442E-04 -7.99003E+01 -7.98952E+01 -5.03769E-03  0.00000E+00  0.00000E+00  3.43176E+06
   127  1.98181E-04 -7.98986E+01 -7.98935E+01 -5.16033E-03  0.00000E+00  0.00000E+00  3.34930E+06
   128  2.03030E-04 -7.98967E+01 -7.98914E+01 -5.28578E-03  0.00000E+00  0.00000E+00  3.26892E+06
   129  2.07991E-04 -7.98945E+01 -7.98891E+01 -5.41410E-03  0.00000E+00  0.00000E+00  3.19056E+06
   130  2.13066E-04 -7.98922E+01 -7.98866E+01 -5.54534E-03  0.00000E+00  0.00000E+00  3.11417E+06
   131  2.18259E-04 -7.98897E+01 -7.98840E+01 -5.67958E-03  0.00000E+00  0.00000E+00  3.03969E+06
   132  2.23571E-04 -7.98871E+01 -7.98813E+01 -5.81688E-03  0.00000E+00  0.00000E+00  2.96707E+06
   133  2.29006E-04 -7.98844E+01 -7.98784E+01 -5.95731E-03  0.00000E+00  0.00000E+00  2.89626E+06
   134  2.34567E-04 -7.98816E+01 -7.98755E+01 -6.10093E-03  0.00000E+00  0.00000E+00  2.82721E+06
   135  2.40256E-04 -7.98788E+01 -7.98725E+01 -6.24781E-03  0.00000E+00  0.00000E+00  2.75988E+06
   136  2.46076E-04 -7.98759E+01 -7.98695E+01 -6.39804E-03  0.00000E+00  0.00000E+00  2.69421E+06
   137  2.52030E-04 -7.98729E+01 -7.98663E+01 -6.55168E-03  0.00000E+00  0.00000E+00  2.63017E+06
   138  2.58123E-04 -7.98698E+01 -7.98631E+01 -6.70881E-03  0.00000E+00  0.00000E+00  2.56771E+06
   139  2.64355E-04 -7.98667E+01 -7.98598E+01 -6.86951E-03  0.00000E+00  0.00000E+00  2.50678E+06
   140  2.70732E-04 -7.98635E+01 -7.98564E+01 -7.03385E-03  0.00000E+00  0.00000E+00  2.44735E+06
   141  2.77256E-04 -7.98602E+01 -7.98530E+01 -7.20193E-03  0.00000E+00  0.00000E+00  2.38938E+06
   142  2.83930E-04 -7.98568E+01 -7.98494E+01 -7.37381E-03  0.00000E+00  0.00000E+00  2.33282E+06
   143  2.90759E-04 -7.98534E+01 -7.98458E+01 -7.54959E-03  0.00000E+00  0.00000E+00  2.27765E+06
   144  2.97745E-04 -7.98499E+01 -7.98421E+01 -7.72935E-03  0.00000E+00  0.00000E+00  2.22382E+06
   145  3.04892E-04 -7.98463E+01 -7.98383E+01 -7.91319E-03  0.00000E+00  0.00000E+00  2.17131E+06
   146  3.12205E-04 -7.98426E+01 -7.98345E+01 -8.10119E-03  0.00000E+00  0.00000E+00  2.12007E+06
   147  3.19686E-04 -7.98388E+01 -7.98305E+01 -8.29344E-03  0.00000E+00  0.00000E+00  2.07007E+06
   148  3.27340E-04 -7.98350E+01 -7.98265E+01 -8.49003E-03  0.00000E+00  0.00000E+00  2.02128E+06
   149  3.35171E-04 -7.98310E+01 -7.98223E+01 -8.69108E-03  0.00000E+00  0.00000E+00  1.97367E+06
   150  3.43183E-04 -7.98270E+01 -7.98181E+01 -8.89666E-03  0.00000E+00  0.00000E+00  1.92721E+06
   151  3.51379E-04 -7.98229E+01 -7.98138E+01 -9.10689E-03  0.00000E+00  0.00000E+00  1.88188E+06
   152  3.59765E-04 -7.98187E+01 -7.98093E+01 -9.32186E-03  0.00000E+00  0.00000E+00  1.83763E+06
   153  3.68344E-04 -7.98143E+01 -7.98048E+01 -9.54168E-03  0.00000E+00  0.00000E+00  1.79445E+06
   154  3.77122E-04 -7.98099E+01 -7.98002E+01 -9.76646E-03  0.00000E+00  0.00000E+00  1.75230E+06
   155  3.86102E-04 -7.98054E+01 -7.97954E+01 -9.99630E-03  0.00000E+00  0.00000E+00  1.71116E+06
   156  3.95289E-04 -7.98008E+01 -7.97906E+01 -1.02313E-02  0.00000E+00  0.00000E+00  1.67101E+06
   157  4.04689E-04 -7.97961E+01 -7.97856E+01 -1.04716E-02  0.00000E+00  0.00000E+00  1.63182E+06
   158  4.14305E-04 -7.97912E+01 -7.97805E+01 -1.07173E-02  0.00000E+00  0.00000E+00  1.59356E+06
   159  4.24144E-04 -7.97863E+01 -7.97753E+01 -1.09686E-02  0.00000E+00  0.00000E+00  1.55622E+06
   160  4.34209E-04 -7.97812E+01 -7.97700E+01 -1.12255E-02  0.00000E+00  0.00000E+00  1.51976E+06
   161  4.44507E-04 -7.97761E+01 -7.97646E+01 -1.14881E-02  0.00000E+00  0.00000E+00  1.48418E+06
   162  4.55043E-04 -7.97708E+01 -7.97590E+01 -1.17567E-02  0.00000E+00  0.00000E+00  1.44943E+06
   163  4.65822E-04 -7.97654E+01 -7.97533E+01 -1.20312E-02  0.00000E+00  0.00000E+00  1.41552E+06
   164  4.76850E-04 -7.97598E+01 -7.97475E+01 -1.23120E-02  0.00000E+00  0.00000E+00  1.38240E+06
   165  4.88132E-04 -7.97542E+01 -7.97416E+01 -1.25990E-02  0.00000E+00  0.00000E+00  1.35007E+06
   166  4.99675E-04 -7.97484E+01 -7.97355E+01 -1.28924E-02  0.00000E+00  0.00000E+00  1.31851E+06
   167  5.11485E-04 -7.97424E+01 -7.97293E+01 -1.31924E-02  0.00000E+00  0.00000E+00  1.28769E+06
   168  5.23567E-04 -7.97364E+01 -7.97229E+01 -1.34991E-02  0.00000E+00  0.00000E+00  1.25760E+06
   169  5.35928E-04 -7.97302E+01 -7.97164E+01 -1.38126E-02  0.00000E+00  0.00000E+00  1.22821E+06
   170  5.48574E-04 -7.97238E+01 -7.97097E+01 -1.41331E-02  0.00000E+00  0.00000E+00  1.19952E+06
   171  5.61513E-04 -7.97174E+01 -7.97029E+01 -1.44608E-02  0.00000E+00  0.00000E+00  1.17151E+06
   172  5.74750E-04 -7.97107E+01 -7.96959E+01 -1.47958E-02  0.00000E+00  0.00000E+00  1.14415E+06
   173  5.88292E-04 -7.97039E+01 -7.96888E+01 -1.51382E-02  0.00000E+00  0.00000E+00  1.11744E+06
   174  6.02148E-04 -7.96970E+01 -7.96815E+01 -1.54882E-02  0.00000E+00  0.00000E+00  1.09135E+06
   175  6.16323E-04 -7.96899E+01 -7.96740E+01 -1.58460E-02  0.00000E+00  0.00000E+00  1.06588E+06
   176  6.30825E-04 -7.96826E+01 -7.96664E+01 -1.62118E-02  0.00000E+00  0.00000E+00  1.04100E+06
   177  6.45662E-04 -7.96752E+01 -7.96586E+01 -1.65857E-02  0.00000E+00  0.00000E+00  1.01670E+06
   178  6.60842E-04 -7.96676E+01 -7.96506E+01 -1.69678E-02  0.00000E+00  0.00000E+00  9.92977E+05
   179  6.76372E-04 -7.96598E+01 -7.96424E+01 -1.73584E-02  0.00000E+00  0.00000E+00  9.69805E+05
   180  6.92261E-04 -7.96518E+01 -7.96341E+01 -1.77576E-02  0.00000E+00  0.00000E+00  9.47173E+05
   181  7.08516E-04 -7.96437E+01 -7.96255E+01 -1.81657E-02  0.00000E+00  0.00000E+00  9.25070E+05
   182  7.25147E-04 -7.96354E+01 -7.96168E+01 -1.85827E-02  0.00000E+00  0.00000E+00  9.03482E+05
   183  7.42162E-04 -7.96269E+01 -7.96079E+01 -1.90089E-02  0.00000E+00  0.00000E+00  8.82397E+05
   184  7.59569E-04 -7.96182E+01 -7.95987E+01 -1.94446E-02  0.00000E+00  0.00000E+00  8.61803E+05
   185  7.77379E-04 -7.96093E+01 -7.95894E+01 -1.98898E-02  0.00000E+00  0.00000E+00  8.41688E+05
   186  7.95599E-04 -7.96001E+01 -7.95798E+01 -2.03447E-02  0.00000E+00  0.00000E+00  8.22041E+05
   187  8.14240E-04 -7.95908E+01 -7.95700E+01 -2.08097E-02  0.00000E+00  0.00000E+00  8.02851E+05
   188  8.33312E-04 -7.95813E+01 -7.95600E+01 -2.12848E-02  0.00000E+00  0.00000E+00  7.84107E+05
   189  8.52823E-04 -7.95716E+01 -7.95498E+01 -2.17703E-02  0.00000E+00  0.00000E+00  7.65797E+05
   190  8.72785E-04 -7.95616E+01 -7.95393E+01 -2.22665E-02  0.00000E+00  0.00000E+00  7.47912E+05
   191  8.93208E-04 -7.95514E+01 -7.95286E+01 -2.27734E-02  0.00000E+00  0.00000E+00  7.30442E+05
   192  9.14103E-04 -7.95410E+01 -7.95177E+01 -2.32914E-02  0.00000E+00  0.00000E+00  7.13377E+05
   193  9.35480E-04 -7.95303E+01 -7.95065E+01 -2.38207E-02  0.00000E+00  0.00000E+00  6.96707E+05
   194  9.57350E-04 -7.95194E+01 -7.94950E+01 -2.43615E-02  0.00000E+00  0.00000E+00  6.80423E+05
   195  9.79725E-04 -7.95082E+01 -7.94833E+01 -2.49140E-02  0.00000E+00  0.00000E+00  6.64515E+05
   196  1.00262E-03 -7.94968E+01 -7.94713E+01 -2.54785E-02  0.00000E+00  0.00000E+00  6.48975E+05
   197  1.02604E-03 -7.94851E+01 -7.94591E+01 -2.60552E-02  0.00000E+00  0.00000E+00  6.33794E+05
   198  1.05000E-03 -7.94732E+01 -7.94465E+01 -2.66443E-02  0.00000E+00  0.00000E+00  6.18964E+05
   199  1.07451E-03 -7.94610E+01 -7.94337E+01 -2.72462E-02  0.00000E+00  0.00000E+00  6.04477E+05
   200  1.09959E-03 -7.94485E+01 -7.94206E+01 -2.78610E-02  0.00000E+00  0.00000E+00  5.90323E+05
   201  1.12525E-03 -7.94357E+01 -7.94072E+01 -2.84890E-02  0.00000E+00  0.00000E+00  5.76497E+05
   202  1.15150E-03 -7.94227E+01 -7.93935E+01 -2.91305E-02  0.00000E+00  0.00000E+00  5.62988E+05
   203  1.17836E-03 -7.94093E+01 -7.93795E+01 -2.97857E-02  0.00000E+00  0.00000E+00  5.49792E+05
   204  1.20584E-03 -7.93956E+01 -7.93652E+01 -3.04550E-02  0.00000E+00  0.00000E+00  5.36899E+05
   205  1.23395E-03 -7.93817E+01 -7.93505E+01 -3.11385E-02  0.00000E+00  0.00000E+00  5.24303E+05
   206  1.26271E-03 -7.93674E+01 -7.93355E+01 -3.18365E-02  0.00000E+00  0.00000E+00  5.11997E+05
   207  1.29213E-03 -7.93527E+01 -7.93202E+01 -3.25495E-02  0.00000E+00  0.00000E+00  4.99974E+05
   208  1.32224E-03 -7.93378E+01 -7.93045E+01 -3.32775E-02  0.00000E+00  0.00000E+00  4.88228E+05
   209  1.35303E-03 -7.93225E+01 -7.92885E+01 -3.40209E-02  0.00000E+00  0.00000E+00  4.76752E+05
   210  1.38454E-03 -7.93069E+01 -7.92721E+01 -3.47800E-02  0.00000E+00  0.00000E+00  4.65539E+05
   211  1.41678E-03 -7.92909E+01 -7.92553E+01 -3.55552E-02  0.00000E+00  0.00000E+00  4.54585E+05
   212  1.44976E-03 -7.92746E+01 -7.92382E+01 -3.63466E-02  0.00000E+00  0.00000E+00  4.43881E+05
   213  1.48350E-03 -7.92578E+01 -7.92207E+01 -3.71546E-02  0.00000E+00  0.00000E+00  4.33424E+05
   214  1.51802E-03 -7.92407E+01 -7.92028E+01 -3.79796E-02  0.00000E+00  0.00000E+00  4.23207E+05
   215  1.55334E-03 -7.92233E+01 -7.91844E+01 -3.88217E-02  0.00000E+00  0.00000E+00  4.13224E+05
   216  1.58947E-03 -7.92054E+01 -7.91657E+01 -3.96814E-02  0.00000E+00  0.00000E+00  4.03470E+05
   217  1.62644E-03 -7.91871E+01 -7.91465E+01 -4.05590E-02  0.00000E+00  0.00000E+00  3.93940E+05
   218  1.66426E-03 -7.91684E+01 -7.91270E+01 -4.14547E-02  0.00000E+00  0.00000E+00  3.84629E+05
   219  1.70296E-03 -7.91493E+01 -7.91069E+01 -4.23690E-02  0.00000E+00  0.00000E+00  3.75531E+05
   220  1.74254E-03 -7.91297E+01 -7.90864E+01 -4.33020E-02  0.00000E+00  0.00000E+00  3.66641E+05
   221  1.78304E-03 -7.91098E+01 -7.90655E+01 -4.42543E-02  0.00000E+00  0.00000E+00  3.57955E+05
   222  1.82448E-03 -7.90893E+01 -7.90441E+01 -4.52260E-02  0.00000E+00  0.00000E+00  3.49468E+05
   223  1.86687E-03 -7.90684E+01 -7.90222E+01 -4.62176E-02  0.00000E+00  0.00000E+00  3.41176E+05
   224  1.91024E-03 -7.90471E+01 -7.89998E+01 -4.72294E-02  0.00000E+00  0.00000E+00  3.33074E+05
   225  1.95461E-03 -7.90252E+01 -7.89769E+01 -4.82617E-02  0.00000E+00  0.00000E+00  3.25157E+05
   226  2.00001E-03 -7.90029E+01 -7.89536E+01 -4.93149E-02  0.00000E+00  0.00000E+00  3.17421E+05
   227  2.04645E-03 -7.89800E+01 -7.89296E+01 -5.03894E-02  0.00000E+00  0.00000E+00  3.09862E+05
   228  2.09396E-03 -7.89567E+01 -7.89052E+01 -5.14854E-02  0.00000E+00  0.00000E+00  3.02477E+05
   229  2.14258E-03 -7.89328E+01 -7.88802E+01 -5.26034E-02  0.00000E+00  0.00000E+00  2.95260E+05
   230  2.19231E-03 -7.89084E+01 -7.88546E+01 -5.37436E-02  0.00000E+00  0.00000E+00  2.88208E+05
   231  2.24319E-03 -7.88834E+01 -7.88285E+01 -5.49065E-02  0.00000E+00  0.00000E+00  2.81318E+05
   232  2.29525E-03 -7.88579E+01 -7.88018E+01 -5.60925E-02  0.00000E+00  0.00000E+00  2.74586E+05
   233  2.34851E-03 -7.88318E+01 -7.87745E+01 -5.73018E-02  0.00000E+00  0.00000E+00  2.68007E+05
   234  2.40299E-03 -7.88052E+01 -7.87466E+01 -5.85349E-02  0.00000E+00  0.00000E+00  2.61579E+05
   235  2.45874E-03 -7.87779E+01 -7.87181E+01 -5.97921E-02  0.00000E+00  0.00000E+00  2.55298E+05
   236  2.51577E-03 -7.87500E+01 -7.86889E+01 -6.10737E-02  0.00000E+00  0.00000E+00  2.49161E+05
   237  2.57412E-03 -7.87215E+01 -7.86591E+01 -6.23802E-02  0.00000E+00  0.00000E+00  2.43164E+05
   238  2.63381E-03 -7.86924E+01 -7.86287E+01 -6.37119E-02  0.00000E+00  0.00000E+00  2.37304E+05
   239  2.69488E-03 -7.86626E+01 -7.85975E+01 -6.50692E-02  0.00000E+00  0.00000E+00  2.31578E+05
   240  2.75736E-03 -7.86322E+01 -7.85657E+01 -6.64524E-02  0.00000E+00  0.00000E+00  2.25983E+05
   241  2.82129E-03 -7.86010E+01 -7.85332E+01 -6.78620E-02  0.00000E+00  0.00000E+00  2.20516E+05
   242  2.88669E-03 -7.85692E+01 -7.84999E+01 -6.92982E-02  0.00000E+00  0.00000E+00  2.15174E+05
   243  2.95359E-03 -7.85367E+01 -7.84660E+01 -7.07614E-02  0.00000E+00  0.00000E+00  2.09954E+05
   244  3.02205E-03 -7.85035E+01 -7.84312E+01 -7.22520E-02  0.00000E+00  0.00000E+00  2.04854E+05
   245  3.09208E-03 -7.84695E+01 -7.83957E+01 -7.37703E-02  0.00000E+00  0.00000E+00  1.99870E+05
   246  3.16373E-03 -7.84348E+01 -7.83595E+01 -7.53168E-02  0.00000E+00  0.00000E+00  1.95000E+05
   247  3.23703E-03 -7.83993E+01 -7.83224E+01 -7.68916E-02  0.00000E+00  0.00000E+00  1.90242E+05
   248  3.31202E-03 -7.83630E+01 -7.82845E+01 -7.84953E-02  0.00000E+00  0.00000E+00  1.85592E+05
   249  3.38874E-03 -7.83259E+01 -7.82458E+01 -8.01281E-02  0.00000E+00  0.00000E+00  1.81049E+05
   250  3.46724E-03 -7.82880E+01 -7.82063E+01 -8.17903E-02  0.00000E+00  0.00000E+00  1.76610E+05
   251  3.54755E-03 -7.82493E+01 -7.81658E+01 -8.34824E-02  0.00000E+00  0.00000E+00  1.72273E+05
   252  3.62970E-03 -7.82097E+01 -7.81245E+01 -8.52045E-02  0.00000E+00  0.00000E+00  1.68035E+05
   253  3.71376E-03 -7.81693E+01 -7.80823E+01 -8.69571E-02  0.00000E+00  0.00000E+00  1.63894E+05
   254  3.79975E-03 -7.81280E+01 -7.80392E+01 -8.87403E-02  0.00000E+00  0.00000E+00  1.59847E+05
   255  3.88773E-03 -7.80857E+01 -7.79952E+01 -9.05547E-02  0.00000E+00  0.00000E+00  1.55894E+05
   256  3.97774E-03 -7.80426E+01 -7.79502E+01 -9.24003E-02  0.00000E+00  0.00000E+00  1.52031E+05
   257  4.06983E-03 -7.79984E+01 -7.79042E+01 -9.42775E-02  0.00000E+00  0.00000E+00  1.48256E+05
   258  4.16404E-03 -7.79534E+01 -7.78572E+01 -9.61866E-02  0.00000E+00  0.00000E+00  1.44568E+05
   259  4.26043E-03 -7.79073E+01 -7.78092E+01 -9.81278E-02  0.00000E+00  0.00000E+00  1.40965E+05
   260  4.35904E-03 -7.78603E+01 -7.77602E+01 -1.00101E-01  0.00000E+00  0.00000E+00  1.37444E+05
   261  4.45992E-03 -7.78122E+01 -7.77101E+01 -1.02107E-01  0.00000E+00  0.00000E+00  1.34005E+05
   262  4.56313E-03 -7.77631E+01 -7.76589E+01 -1.04146E-01  0.00000E+00  0.00000E+00  1.30644E+05
   263  4.66873E-03 -7.77129E+01 -7.76067E+01 -1.06218E-01  0.00000E+00  0.00000E+00  1.27360E+05
   264  4.77676E-03 -7.76616E+01 -7.75533E+01 -1.08323E-01  0.00000E+00  0.00000E+00  1.24152E+05
   265  4.88728E-03 -7.76092E+01 -7.74988E+01 -1.10462E-01  0.00000E+00  0.00000E+00  1.21017E+05
   266  5.00035E-03 -7.75557E+01 -7.74431E+01 -1.12634E-01  0.00000E+00  0.00000E+00  1.17955E+05
   267  5.11604E-03 -7.75011E+01 -7.73862E+01 -1.14839E-01  0.00000E+00  0.00000E+00  1.14963E+05
   268  5.23439E-03 -7.74452E+01 -7.73281E+01 -1.17078E-01  0.00000E+00  0.00000E+00  1.12040E+05
   269  5.35547E-03 -7.73882E+01 -7.72688E+01 -1.19351E-01  0.00000E+00  0.00000E+00  1.09185E+05
   270  5.47934E-03 -7.73299E+01 -7.72083E+01 -1.21658E-01  0.00000E+00  0.00000E+00  1.06395E+05
   271  5.60608E-03 -7.72704E+01 -7.71464E+01 -1.23999E-01  0.00000E+00  0.00000E+00  1.03670E+05
   272  5.73573E-03 -7.72096E+01 -7.70832E+01 -1.26374E-01  0.00000E+00  0.00000E+00  1.01007E+05
   273  5.86838E-03 -7.71475E+01 -7.70188E+01 -1.28782E-01  0.00000E+00  0.00000E+00  9.84060E+04
   274  6.00409E-03 -7.70841E+01 -7.69529E+01 -1.31224E-01  0.00000E+00  0.00000E+00  9.58651E+04
   275  6.14293E-03 -7.70194E+01 -7.68857E+01 -1.33700E-01  0.00000E+00  0.00000E+00  9.33830E+04
   276  6.28497E-03 -7.69533E+01 -7.68171E+01 -1.36210E-01  0.00000E+00  0.00000E+00  9.09583E+04
   277  6.43029E-03 -7.68858E+01 -7.67470E+01 -1.38753E-01  0.00000E+00  0.00000E+00  8.85899E+04
   278  6.57896E-03 -7.68168E+01 -7.66755E+01 -1.41329E-01  0.00000E+00  0.00000E+00  8.62763E+04
   279  6.73106E-03 -7.67464E+01 -7.66025E+01 -1.43938E-01  0.00000E+00  0.00000E+00  8.40165E+04
   280  6.88666E-03 -7.66745E+01 -7.65279E+01 -1.46580E-01  0.00000E+00  0.00000E+00  8.18092E+04
   281  7.04586E-03 -7.66011E+01 -7.64519E+01 -1.49254E-01  0.00000E+00  0.00000E+00  7.96532E+04
   282  7.20873E-03 -7.65262E+01 -7.63742E+01 -1.51961E-01  0.00000E+00  0.00000E+00  7.75475E+04
   283  7.37536E-03 -7.64497E+01 -7.62950E+01 -1.54699E-01  0.00000E+00  0.00000E+00  7.54908E+04
   284  7.54583E-03 -7.63716E+01 -7.62141E+01 -1.57469E-01  0.00000E+00  0.00000E+00  7.34821E+04
   285  7.72023E-03 -7.62919E+01 -7.61316E+01 -1.60269E-01  0.00000E+00  0.00000E+00  7.15204E+04
   286  7.89865E-03 -7.62105E+01 -7.60474E+01 -1.63100E-01  0.00000E+00  0.00000E+00  6.96045E+04
   287  8.08119E-03 -7.61275E+01 -7.59615E+01 -1.65960E-01  0.00000E+00  0.00000E+00  6.77335E+04
   288  8.26794E-03 -7.60427E+01 -7.58739E+01 -1.68850E-01  0.00000E+00  0.00000E+00  6.59064E+04
   289  8.45899E-03 -7.59562E+01 -7.57844E+01 -1.71768E-01  0.00000E+00  0.00000E+00  6.41222E+04
   290  8.65445E-03 -7.58679E+01 -7.56932E+01 -1.74713E-01  0.00000E+00  0.00000E+00  6.23800E+04
   291  8.85442E-03 -7.57778E+01 -7.56001E+01 -1.77685E-01  0.00000E+00  0.00000E+00  6.06789E+04
   292  9.05900E-03 -7.56859E+01 -7.55052E+01 -1.80683E-01  0.00000E+00  0.00000E+00  5.90178E+04
   293  9.26830E-03 -7.55920E+01 -7.54083E+01 -1.83707E-01  0.00000E+00  0.00000E+00  5.73961E+04
   294  9.48242E-03 -7.54963E+01 -7.53096E+01 -1.86754E-01  0.00000E+00  0.00000E+00  5.58127E+04
   295  9.70148E-03 -7.53987E+01 -7.52088E+01 -1.89824E-01  0.00000E+00  0.00000E+00  5.42669E+04
   296  9.92559E-03 -7.52990E+01 -7.51061E+01 -1.92916E-01  0.00000E+00  0.00000E+00  5.27578E+04
   297  1.01549E-02 -7.51974E+01 -7.50014E+01 -1.96029E-01  0.00000E+00  0.00000E+00  5.12847E+04
   298  1.03894E-02 -7.50937E+01 -7.48946E+01 -1.99161E-01  0.00000E+00  0.00000E+00  4.98467E+04
   299  1.06294E-02 -7.49880E+01 -7.47857E+01 -2.02311E-01  0.00000E+00  0.00000E+00  4.84430E+04
   300  1.08749E-02 -7.48801E+01 -7.46746E+01 -2.05478E-01  0.00000E+00  0.00000E+00  4.70730E+04
   301  1.11261E-02 -7.47701E+01 -7.45614E+01 -2.08659E-01  0.00000E+00  0.00000E+00  4.57359E+04
   302  1.13830E-02 -7.46579E+01 -7.44461E+01 -2.11855E-01  0.00000E+00  0.00000E+00  4.44310E+04
   303  1.16459E-02 -7.45435E+01 -7.43285E+01 -2.15062E-01  0.00000E+00  0.00000E+00  4.31576E+04
   304  1.19149E-02 -7.44269E+01 -7.42086E+01 -2.18280E-01  0.00000E+00  0.00000E+00  4.19149E+04
   305  1.21900E-02 -7.43079E+01 -7.40864E+01 -2.21505E-01  0.00000E+00  0.00000E+00  4.07024E+04
   306  1.24715E-02 -7.41867E+01 -7.39620E+01 -2.24738E-01  0.00000E+00  0.00000E+00  3.95193E+04
   307  1.27594E-02 -7.40631E+01 -7.38351E+01 -2.27974E-01  0.00000E+00  0.00000E+00  3.83651E+04
   308  1.30540E-02 -7.39371E+01 -7.37059E+01 -2.31213E-01  0.00000E+00  0.00000E+00  3.72391E+04
   309  1.33554E-02 -7.38087E+01 -7.35742E+01 -2.34453E-01  0.00000E+00  0.00000E+00  3.61407E+04
   310  1.36638E-02 -7.36778E+01 -7.34401E+01 -2.37690E-01  0.00000E+00  0.00000E+00  3.50694E+04
   311  1.39792E-02 -7.35444E+01 -7.33034E+01 -2.40923E-01  0.00000E+00  0.00000E+00  3.40244E+04
   312  1.43019E-02 -7.34084E+01 -7.31643E+01 -2.44150E-01  0.00000E+00  0.00000E+00  3.30053E+04
   313  1.46321E-02 -7.32699E+01 -7.30225E+01 -2.47367E-01  0.00000E+00  0.00000E+00  3.20116E+04
   314  1.49698E-02 -7.31288E+01 -7.28782E+01 -2.50573E-01  0.00000E+00  0.00000E+00  3.10426E+04
   315  1.53154E-02 -7.29850E+01 -7.27312E+01 -2.53764E-01  0.00000E+00  0.00000E+00  3.00978E+04
   316  1.56689E-02 -7.28385E+01 -7.25816E+01 -2.56937E-01  0.00000E+00  0.00000E+00  2.91767E+04
   317  1.60305E-02 -7.26893E+01 -7.24292E+01 -2.60091E-01  0.00000E+00  0.00000E+00  2.82789E+04
   318  1.64005E-02 -7.25374E+01 -7.22742E+01 -2.63222E-01  0.00000E+00  0.00000E+00  2.74038E+04
   319  1.67790E-02 -7.23826E+01 -7.21163E+01 -2.66327E-01  0.00000E+00  0.00000E+00  2.65509E+04
   320  1.71662E-02 -7.22250E+01 -7.19556E+01 -2.69403E-01  0.00000E+00  0.00000E+00  2.57197E+04
   321  1.75624E-02 -7.20646E+01 -7.17921E+01 -2.72446E-01  0.00000E+00  0.00000E+00  2.49098E+04
   322  1.79676E-02 -7.19012E+01 -7.16258E+01 -2.75455E-01  0.00000E+00  0.00000E+00  2.41208E+04
   323  1.83822E-02 -7.17349E+01 -7.14565E+01 -2.78424E-01  0.00000E+00  0.00000E+00  2.33522E+04
   324  1.88064E-02 -7.15656E+01 -7.12842E+01 -2.81352E-01  0.00000E+00  0.00000E+00  2.26036E+04
   325  1.92403E-02 -7.13933E+01 -7.11091E+01 -2.84234E-01  0.00000E+00  0.00000E+00  2.18744E+04
   326  1.96842E-02 -7.12179E+01 -7.09309E+01 -2.87066E-01  0.00000E+00  0.00000E+00  2.11644E+04
   327  2.01383E-02 -7.10395E+01 -7.07496E+01 -2.89847E-01  0.00000E+00  0.00000E+00  2.04732E+04
   328  2.06029E-02 -7.08579E+01 -7.05653E+01 -2.92571E-01  0.00000E+00  0.00000E+00  1.98002E+04
   329  2.10782E-02 -7.06732E+01 -7.03779E+01 -2.95235E-01  0.00000E+00  0.00000E+00  1.91452E+04
   330  2.15644E-02 -7.04852E+01 -7.01874E+01 -2.97836E-01  0.00000E+00  0.00000E+00  1.85077E+04
   331  2.20618E-02 -7.02941E+01 -6.99937E+01 -3.00370E-01  0.00000E+00  0.00000E+00  1.78874E+04
   332  2.25707E-02 -7.00997E+01 -6.97968E+01 -3.02833E-01  0.00000E+00  0.00000E+00  1.72839E+04
   333  2.30912E-02 -6.99020E+01 -6.95967E+01 -3.05221E-01  0.00000E+00  0.00000E+00  1.66968E+04
   334  2.36238E-02 -6.97009E+01 -6.93934E+01 -3.07530E-01  0.00000E+00  0.00000E+00  1.61259E+04
   335  2.41686E-02 -6.94965E+01 -6.91868E+01 -3.09758E-01  0.00000E+00  0.00000E+00  1.55707E+04
   336  2.47260E-02 -6.92888E+01 -6.89769E+01 -3.11899E-01  0.00000E+00  0.00000E+00  1.50309E+04
   337  2.52961E-02 -6.90776E+01 -6.87636E+01 -3.13951E-01  0.00000E+00  0.00000E+00  1.45063E+04
   338  2.58794E-02 -6.88629E+01 -6.85470E+01 -3.15909E-01  0.00000E+00  0.00000E+00  1.39964E+04
   339  2.64761E-02 -6.86448E+01 -6.83270E+01 -3.17770E-01  0.00000E+00  0.00000E+00  1.35009E+04
   340  2.70866E-02 -6.84232E+01 -6.81036E+01 -3.19530E-01  0.00000E+00  0.00000E+00  1.30196E+04
   341  2.77111E-02 -6.81980E+01 -6.78768E+01 -3.21186E-01  0.00000E+00  0.00000E+00  1.25522E+04
   342  2.83499E-02 -6.79693E+01 -6.76465E+01 -3.22734E-01  0.00000E+00  0.00000E+00  1.20983E+04
   343  2.90034E-02 -6.77370E+01 -6.74128E+01 -3.24171E-01  0.00000E+00  0.00000E+00  1.16576E+04
   344  2.96720E-02 -6.75010E+01 -6.71755E+01 -3.25493E-01  0.00000E+00  0.00000E+00  1.12299E+04
   345  3.03559E-02 -6.72615E+01 -6.69348E+01 -3.26697E-01  0.00000E+00  0.00000E+00  1.08149E+04
   346  3.10556E-02 -6.70182E+01 -6.66905E+01 -3.27780E-01  0.00000E+00  0.00000E+00  1.04122E+04
   347  3.17714E-02 -6.67713E+01 -6.64426E+01 -3.28739E-01  0.00000E+00  0.00000E+00  1.00217E+04
   348  3.25036E-02 -6.65207E+01 -6.61912E+01 -3.29572E-01  0.00000E+00  0.00000E+00  9.64310E+03
   349  3.32526E-02 -6.62664E+01 -6.59361E+01 -3.30274E-01  0.00000E+00  0.00000E+00  9.27605E+03
   350  3.40188E-02 -6.60083E+01 -6.56775E+01 -3.30845E-01  0.00000E+00  0.00000E+00  8.92034E+03
   351  3.48027E-02 -6.57465E+01 -6.54152E+01 -3.31281E-01  0.00000E+00  0.00000E+00  8.57571E+03
   352  3.56046E-02 -6.54809E+01 -6.51493E+01 -3.31581E-01  0.00000E+00  0.00000E+00  8.24192E+03
   353  3.64249E-02 -6.52115E+01 -6.48797E+01 -3.31742E-01  0.00000E+00  0.00000E+00  7.91872E+03
   354  3.72640E-02 -6.49382E+01 -6.46065E+01 -3.31763E-01  0.00000E+00  0.00000E+00  7.60585E+03
   355  3.81224E-02 -6.46612E+01 -6.43295E+01 -3.31642E-01  0.00000E+00  0.00000E+00  7.30310E+03
   356  3.90006E-02 -6.43803E+01 -6.40489E+01 -3.31378E-01  0.00000E+00  0.00000E+00  7.01022E+03
   357  3.98989E-02 -6.40956E+01 -6.37646E+01 -3.30971E-01  0.00000E+00  0.00000E+00  6.72698E+03
   358  4.08178E-02 -6.38070E+01 -6.34766E+01 -3.30418E-01  0.00000E+00  0.00000E+00  6.45316E+03
   359  4.17578E-02 -6.35145E+01 -6.31848E+01 -3.29721E-01  0.00000E+00  0.00000E+00  6.18852E+03
   360  4.27194E-02 -6.32182E+01 -6.28893E+01 -3.28878E-01  0.00000E+00  0.00000E+00  5.93286E+03
   361  4.37031E-02 -6.29180E+01 -6.25901E+01 -3.27890E-01  0.00000E+00  0.00000E+00  5.68595E+03
   362  4.47093E-02 -6.26139E+01 -6.22871E+01 -3.26757E-01  0.00000E+00  0.00000E+00  5.44758E+03
   363  4.57387E-02 -6.23059E+01 -6.19804E+01 -3.25481E-01  0.00000E+00  0.00000E+00  5.21753E+03
   364  4.67916E-02 -6.19940E+01 -6.16700E+01 -3.24061E-01  0.00000E+00  0.00000E+00  4.99561E+03
   365  4.78688E-02 -6.16783E+01 -6.13558E+01 -3.22500E-01  0.00000E+00  0.00000E+00  4.78160E+03
   366  4.89706E-02 -6.13586E+01 -6.10378E+01 -3.20799E-01  0.00000E+00  0.00000E+00  4.57530E+03
   367  5.00977E-02 -6.10350E+01 -6.07161E+01 -3.18960E-01  0.00000E+00  0.00000E+00  4.37651E+03
   368  5.12506E-02 -6.07076E+01 -6.03906E+01 -3.16986E-01  0.00000E+00  0.00000E+00  4.18504E+03
   369  5.24300E-02 -6.03762E+01 -6.00614E+01 -3.14879E-01  0.00000E+00  0.00000E+00  4.00068E+03
   370  5.36364E-02 -6.00410E+01 -5.97284E+01 -3.12641E-01  0.00000E+00  0.00000E+00  3.82326E+03
   371  5.48704E-02 -5.97019E+01 -5.93916E+01 -3.10277E-01  0.00000E+00  0.00000E+00  3.65258E+03
   372  5.61328E-02 -5.93589E+01 -5.90512E+01 -3.07791E-01  0.00000E+00  0.00000E+00  3.48845E+03
   373  5.74240E-02 -5.90121E+01 -5.87069E+01 -3.05184E-01  0.00000E+00  0.00000E+00  3.33069E+03
   374  5.87449E-02 -5.86614E+01 -5.83589E+01 -3.02463E-01  0.00000E+00  0.00000E+00  3.17912E+03
   375  6.00960E-02 -5.83069E+01 -5.80072E+01 -2.99631E-01  0.00000E+00  0.00000E+00  3.03355E+03
   376  6.14780E-02 -5.79485E+01 -5.76518E+01 -2.96693E-01  0.00000E+00  0.00000E+00  2.89383E+03
   377  6.28917E-02 -5.75863E+01 -5.72926E+01 -2.93655E-01  0.00000E+00  0.00000E+00  2.75976E+03
   378  6.43377E-02 -5.72203E+01 -5.69298E+01 -2.90520E-01  0.00000E+00  0.00000E+00  2.63117E+03
   379  6.58168E-02 -5.68505E+01 -5.65632E+01 -2.87295E-01  0.00000E+00  0.00000E+00  2.50791E+03
   380  6.73298E-02 -5.64769E+01 -5.61929E+01 -2.83985E-01  0.00000E+00  0.00000E+00  2.38980E+03
   381  6.88774E-02 -5.60996E+01 -5.58190E+01 -2.80595E-01  0.00000E+00  0.00000E+00  2.27668E+03
   382  7.04604E-02 -5.57185E+01 -5.54414E+01 -2.77133E-01  0.00000E+00  0.00000E+00  2.16839E+03
   383  7.20795E-02 -5.53337E+01 -5.50601E+01 -2.73603E-01  0.00000E+00  0.00000E+00  2.06477E+03
   384  7.37357E-02 -5.49452E+01 -5.46752E+01 -2.70011E-01  0.00000E+00  0.00000E+00  1.96566E+03
   385  7.54298E-02 -5.45530E+01 -5.42866E+01 -2.66365E-01  0.00000E+00  0.00000E+00  1.87090E+03
   386  7.71625E-02 -5.41571E+01 -5.38945E+01 -2.62669E-01  0.00000E+00  0.00000E+00  1.78036E+03
   387  7.89349E-02 -5.37576E+01 -5.34987E+01 -2.58931E-01  0.00000E+00  0.00000E+00  1.69387E+03
   388  8.07477E-02 -5.33545E+01 -5.30994E+01 -2.55156E-01  0.00000E+00  0.00000E+00  1.61130E+03
   389  8.26019E-02 -5.29478E+01 -5.26964E+01 -2.51350E-01  0.00000E+00  0.00000E+00  1.53251E+03
   390  8.44985E-02 -5.25375E+01 -5.22900E+01 -2.47520E-01  0.00000E+00  0.00000E+00  1.45734E+03
   391  8.64383E-02 -5.21237E+01 -5.18800E+01 -2.43671E-01  0.00000E+00  0.00000E+00  1.38566E+03
   392  8.84225E-02 -5.17064E+01 -5.14666E+01 -2.39809E-01  0.00000E+00  0.00000E+00  1.31735E+03
   393  9.04518E-02 -5.12856E+01 -5.10496E+01 -2.35941E-01  0.00000E+00  0.00000E+00  1.25226E+03
   394  9.25275E-02 -5.08613E+01 -5.06293E+01 -2.32070E-01  0.00000E+00  0.00000E+00  1.19027E+03
   395  9.46504E-02 -5.04337E+01 -5.02055E+01 -2.28203E-01  0.00000E+00  0.00000E+00  1.13126E+03
   396  9.68218E-02 -5.00026E+01 -4.97783E+01 -2.24345E-01  0.00000E+00  0.00000E+00  1.07509E+03
   397  9.90426E-02 -4.95683E+01 -4.93478E+01 -2.20500E-01  0.00000E+00  0.00000E+00  1.02166E+03
   398  1.01314E-01 -4.91306E+01 -4.89139E+01 -2.16673E-01  0.00000E+00  0.00000E+00  9.70838E+02
   399  1.03637E-01 -4.86896E+01 -4.84768E+01 -2.12867E-01  0.00000E+00  0.00000E+00  9.22518E+02
   400  1.06013E-01 -4.82455E+01 -4.80364E+01 -2.09088E-01  0.00000E+00  0.00000E+00  8.76589E+02
   401  1.08443E-01 -4.77982E+01 -4.75928E+01 -2.05337E-01  0.00000E+00  0.00000E+00  8.32942E+02
   402  1.10929E-01 -4.73477E+01 -4.71461E+01 -2.01620E-01  0.00000E+00  0.00000E+00  7.91474E+02
   403  1.13471E-01 -4.68942E+01 -4.66962E+01 -1.97937E-01  0.00000E+00  0.00000E+00  7.52085E+02
   404  1.16070E-01 -4.64376E+01 -4.62433E+01 -1.94293E-01  0.00000E+00  0.00000E+00  7.14675E+02
   405  1.18729E-01 -4.59781E+01 -4.57874E+01 -1.90689E-01  0.00000E+00  0.00000E+00  6.79151E+02
   406  1.21448E-01 -4.55156E+01 -4.53285E+01 -1.87126E-01  0.00000E+00  0.00000E+00  6.45422E+02
   407  1.24229E-01 -4.50504E+01 -4.48668E+01 -1.83607E-01  0.00000E+00  0.00000E+00  6.13399E+02
   408  1.27073E-01 -4.45823E+01 -4.44022E+01 -1.80133E-01  0.00000E+00  0.00000E+00  5.82998E+02
   409  1.29982E-01 -4.41115E+01 -4.39348E+01 -1.76703E-01  0.00000E+00  0.00000E+00  5.54138E+02
   410  1.32956E-01 -4.36381E+01 -4.34648E+01 -1.73320E-01  0.00000E+00  0.00000E+00  5.26739E+02
   411  1.35998E-01 -4.31622E+01 -4.29922E+01 -1.69982E-01  0.00000E+00  0.00000E+00  5.00727E+02
   412  1.39109E-01 -4.26837E+01 -4.25171E+01 -1.66690E-01  0.00000E+00  0.00000E+00  4.76029E+02
   413  1.42291E-01 -4.22029E+01 -4.20395E+01 -1.63443E-01  0.00000E+00  0.00000E+00  4.52577E+02
   414  1.45544E-01 -4.17198E+01 -4.15596E+01 -1.60241E-01  0.00000E+00  0.00000E+00  4.30305E+02
   415  1.48871E-01 -4.12345E+01 -4.10774E+01 -1.57083E-01  0.00000E+00  0.00000E+00  4.09149E+02
   416  1.52274E-01 -4.07470E+01 -4.05931E+01 -1.53967E-01  0.00000E+00  0.00000E+00  3.89051E+02
   417  1.55753E-01 -4.02576E+01 -4.01067E+01 -1.50892E-01  0.00000E+00  0.00000E+00  3.69952E+02
   418  1.59311E-01 -3.97663E+01 -3.96184E+01 -1.47857E-01  0.00000E+00  0.00000E+00  3.51799E+02
   419  1.62949E-01 -3.92732E+01 -3.91283E+01 -1.44861E-01  0.00000E+00  0.00000E+00  3.34540E+02
   420  1.66670E-01 -3.87784E+01 -3.86365E+01 -1.41901E-01  0.00000E+00  0.00000E+00  3.18127E+02
   421  1.70474E-01 -3.82821E+01 -3.81432E+01 -1.38976E-01  0.00000E+00  0.00000E+00  3.02513E+02
   422  1.74365E-01 -3.77845E+01 -3.76484E+01 -1.36084E-01  0.00000E+00  0.00000E+00  2.87655E+02
   423  1.78343E-01 -3.72855E+01 -3.71523E+01 -1.33223E-01  0.00000E+00  0.00000E+00  2.73512E+02
   424  1.82410E-01 -3.67855E+01 -3.66551E+01 -1.30392E-01  0.00000E+00  0.00000E+00  2.60045E+02
   425  1.86570E-01 -3.62844E+01 -3.61568E+01 -1.27589E-01  0.00000E+00  0.00000E+00  2.47218E+02
   426  1.90823E-01 -3.57826E+01 -3.56578E+01 -1.24811E-01  0.00000E+00  0.00000E+00  2.34997E+02
   427  1.95171E-01 -3.52800E+01 -3.51580E+01 -1.22058E-01  0.00000E+00  0.00000E+00  2.23349E+02
   428  1.99618E-01 -3.47770E+01 -3.46577E+01 -1.19328E-01  0.00000E+00  0.00000E+00  2.12243E+02
   429  2.04164E-01 -3.42737E+01 -3.41570E+01 -1.16619E-01  0.00000E+00  0.00000E+00  2.01653E+02
   430  2.08812E-01 -3.37701E+01 -3.36562E+01 -1.13931E-01  0.00000E+00  0.00000E+00  1.91551E+02
   431  2.13565E-01 -3.32666E+01 -3.31553E+01 -1.11262E-01  0.00000E+00  0.00000E+00  1.81912E+02
   432  2.18424E-01 -3.27633E+01 -3.26547E+01 -1.08611E-01  0.00000E+00  0.00000E+00  1.72714E+02
   433  2.23393E-01 -3.22603E+01 -3.21543E+01 -1.05977E-01  0.00000E+00  0.00000E+00  1.63935E+02
   434  2.28472E-01 -3.17579E+01 -3.16545E+01 -1.03361E-01  0.00000E+00  0.00000E+00  1.55553E+02
   435  2.33665E-01 -3.12562E+01 -3.11554E+01 -1.00760E-01  0.00000E+00  0.00000E+00  1.47551E+02
   436  2.38975E-01 -3.07554E+01 -3.06573E+01 -9.81767E-02  0.00000E+00  0.00000E+00  1.39911E+02
   437  2.44403E-01 -3.02558E+01 -3.01602E+01 -9.56093E-02  0.00000E+00  0.00000E+00  1.32616E+02
   438  2.49952E-01 -2.97575E+01 -2.96645E+01 -9.30584E-02  0.00000E+00  0.00000E+00  1.25650E+02
   439  2.55625E-01 -2.92607E+01 -2.91702E+01 -9.05244E-02  0.00000E+00  0.00000E+00  1.18999E+02
   440  2.61425E-01 -2.87656E+01 -2.86776E+01 -8.80078E-02  0.00000E+00  0.00000E+00  1.12649E+02
   441  2.67353E-01 -2.82725E+01 -2.81870E+01 -8.55093E-02  0.00000E+00  0.00000E+00  1.06588E+02
   442  2.73414E-01 -2.77814E+01 -2.76984E+01 -8.30299E-02  0.00000E+00  0.00000E+00  1.00802E+02
   443  2.79610E-01 -2.72926E+01 -2.72121E+01 -8.05705E-02  0.00000E+00  0.00000E+00  9.52823E+01
   444  2.85943E-01 -2.68063E+01 -2.67282E+01 -7.81322E-02  0.00000E+00  0.00000E+00  9.00163E+01
   445  2.92418E-01 -2.63227E+01 -2.62470E+01 -7.57163E-02  0.00000E+00  0.00000E+00  8.49942E+01
   446  2.99035E-01 -2.58420E+01 -2.57687E+01 -7.33243E-02  0.00000E+00  0.00000E+00  8.02066E+01
   447  3.05800E-01 -2.53644E+01 -2.52934E+01 -7.09575E-02  0.00000E+00  0.00000E+00  7.56441E+01
   448  3.12714E-01 -2.48899E+01 -2.48213E+01 -6.86174E-02  0.00000E+00  0.00000E+00  7.12981E+01
   449  3.19782E-01 -2.44189E+01 -2.43526E+01 -6.63058E-02  0.00000E+00  0.00000E+00  6.71601E+01
   450  3.27005E-01 -2.39515E+01 -2.38875E+01 -6.40241E-02  0.00000E+00  0.00000E+00  6.32223E+01
   451  3.34389E-01 -2.34879E+01 -2.34261E+01 -6.17741E-02  0.00000E+00  0.00000E+00  5.94769E+01
   452  3.41935E-01 -2.30282E+01 -2.29686E+01 -5.95573E-02  0.00000E+00  0.00000E+00  5.59167E+01
   453  3.49647E-01 -2.25726E+01 -2.25152E+01 -5.73755E-02  0.00000E+00  0.00000E+00  5.25344E+01
   454  3.57530E-01 -2.21212E+01 -2.20659E+01 -5.52303E-02  0.00000E+00  0.00000E+00  4.93232E+01
   455  3.65585E-01 -2.16742E+01 -2.16210E+01 -5.31233E-02  0.00000E+00  0.00000E+00  4.62765E+01
   456  3.73818E-01 -2.12317E+01 -2.11806E+01 -5.10560E-02  0.00000E+00  0.00000E+00  4.33880E+01
   457  3.82232E-01 -2.07938E+01 -2.07448E+01 -4.90300E-02  0.00000E+00  0.00000E+00  4.06512E+01
   458  3.90830E-01 -2.03607E+01 -2.03137E+01 -4.70465E-02  0.00000E+00  0.00000E+00  3.80603E+01
   459  3.99616E-01 -1.99325E+01 -1.98874E+01 -4.51071E-02  0.00000E+00  0.00000E+00  3.56093E+01
   460  4.08594E-01 -1.95093E+01 -1.94661E+01 -4.32128E-02  0.00000E+00  0.00000E+00  3.32925E+01
   461  4.17769E-01 -1.90911E+01 -1.90498E+01 -4.13649E-02  0.00000E+00  0.00000E+00  3.11044E+01
   462  4.27144E-01 -1.86781E+01 -1.86386E+01 -3.95644E-02  0.00000E+00  0.00000E+00  2.90394E+01
   463  4.36723E-01 -1.82704E+01 -1.82325E+01 -3.78122E-02  0.00000E+00  0.00000E+00  2.70924E+01
   464  4.46511E-01 -1.78679E+01 -1.78318E+01 -3.61091E-02  0.00000E+00  0.00000E+00  2.52582E+01
   465  4.56512E-01 -1.74708E+01 -1.74363E+01 -3.44558E-02  0.00000E+00  0.00000E+00  2.35318E+01
   466  4.66729E-01 -1.70791E+01 -1.70462E+01 -3.28528E-02  0.00000E+00  0.00000E+00  2.19083E+01
   467  4.77168E-01 -1.66928E+01 -1.66615E+01 -3.13006E-02  0.00000E+00  0.00000E+00  2.03829E+01
   468  4.87834E-01 -1.63121E+01 -1.62823E+01 -2.97996E-02  0.00000E+00  0.00000E+00  1.89511E+01
   469  4.98729E-01 -1.59368E+01 -1.59084E+01 -2.83497E-02  0.00000E+00  0.00000E+00  1.76084E+01
   470  5.09861E-01 -1.55670E+01 -1.55401E+01 -2.69512E-02  0.00000E+00  0.00000E+00  1.63503E+01
   471  5.21232E-01 -1.52027E+01 -1.51771E+01 -2.56040E-02  0.00000E+00  0.00000E+00  1.51728E+01
   472  5.32847E-01 -1.48440E+01 -1.48197E+01 -2.43077E-02  0.00000E+00  0.00000E+00  1.40716E+01
   473  5.44713E-01 -1.44907E+01 -1.44676E+01 -2.30621E-02  0.00000E+00  0.00000E+00  1.30428E+01
   474  5.56833E-01 -1.41429E+01 -1.41210E+01 -2.18669E-02  0.00000E+00  0.00000E+00  1.20826E+01
   475  5.69213E-01 -1.38006E+01 -1.37798E+01 -2.07213E-02  0.00000E+00  0.00000E+00  1.11872E+01
   476  5.81857E-01 -1.34636E+01 -1.34440E+01 -1.96248E-02  0.00000E+00  0.00000E+00  1.03531E+01
   477  5.94772E-01 -1.31321E+01 -1.31135E+01 -1.85765E-02  0.00000E+00  0.00000E+00  9.57678E+00
   478  6.07962E-01 -1.28058E+01 -1.27882E+01 -1.75757E-02  0.00000E+00  0.00000E+00  8.85491E+00
   479  6.21433E-01 -1.24848E+01 -1.24682E+01 -1.66214E-02  0.00000E+00  0.00000E+00  8.18431E+00
   480  6.35189E-01 -1.21691E+01 -1.21534E+01 -1.57126E-02  0.00000E+00  0.00000E+00  7.56188E+00
   481  6.49238E-01 -1.18585E+01 -1.18436E+01 -1.48480E-02  0.00000E+00  0.00000E+00  6.98470E+00
   482  6.63584E-01 -1.15530E+01 -1.15389E+01 -1.40267E-02  0.00000E+00  0.00000E+00  6.44992E+00
   483  6.78233E-01 -1.12525E+01 -1.12392E+01 -1.32473E-02  0.00000E+00  0.00000E+00  5.95485E+00
   484  6.93191E-01 -1.09569E+01 -1.09444E+01 -1.25085E-02  0.00000E+00  0.00000E+00  5.49692E+00
   485  7.08463E-01 -1.06663E+01 -1.06545E+01 -1.18090E-02  0.00000E+00  0.00000E+00  5.07366E+00
   486  7.24057E-01 -1.03805E+01 -1.03693E+01 -1.11474E-02  0.00000E+00  0.00000E+00  4.68274E+00
   487  7.39977E-01 -1.00994E+01 -1.00889E+01 -1.05223E-02  0.00000E+00  0.00000E+00  4.32195E+00
   488  7.56231E-01 -9.82301E+00 -9.81308E+00 -9.93226E-03  0.00000E+00  0.00000E+00  3.98916E+00
   489  7.72823E-01 -9.55122E+00 -9.54185E+00 -9.37585E-03  0.00000E+00  0.00000E+00  3.68240E+00
   490  7.89761E-01 -9.28397E+00 -9.27512E+00 -8.85158E-03  0.00000E+00  0.00000E+00  3.39978E+00
   491  8.07052E-01 -9.02119E+00 -9.01283E+00 -8.35800E-03  0.00000E+00  0.00000E+00  3.13952E+00
   492  8.24700E-01 -8.76282E+00 -8.75493E+00 -7.89364E-03  0.00000E+00  0.00000E+00  2.89996E+00
   493  8.42714E-01 -8.50879E+00 -8.50134E+00 -7.45705E-03  0.00000E+00  0.00000E+00  2.67951E+00
   494  8.61100E-01 -8.25905E+00 -8.25201E+00 -7.04680E-03  0.00000E+00  0.00000E+00  2.47672E+00
   495  8.79864E-01 -8.01355E+00 -8.00689E+00 -6.66146E-03  0.00000E+00  0.00000E+00  2.29019E+00
   496  8.99014E-01 -7.77222E+00 -7.76592E+00 -6.29966E-03  0.00000E+00  0.00000E+00  2.11864E+00
   497  9.18556E-01 -7.53503E+00 -7.52907E+00 -5.96005E-03  0.00000E+00  0.00000E+00  1.96087E+00
   498  9.38498E-01 -7.30193E+00 -7.29628E+00 -5.64130E-03  0.00000E+00  0.00000E+00  1.81575E+00
   499  9.58846E-01 -7.07287E+00 -7.06753E+00 -5.34213E-03  0.00000E+00  0.00000E+00  1.68225E+00
   500  9.79608E-01 -6.84784E+00 -6.84278E+00 -5.06133E-03  0.00000E+00  0.00000E+00  1.55941E+00
   501  1.00079E+00 -6.62680E+00 -6.62200E+00 -4.79769E-03  0.00000E+00  0.00000E+00  1.44633E+00
   502  1.02240E+00 -6.40971E+00 -6.40516E+00 -4.55008E-03  0.00000E+00  0.00000E+00  1.34219E+00
   503  1.04445E+00 -6.19657E+00 -6.19225E+00 -4.31741E-03  0.00000E+00  0.00000E+00  1.24624E+00
   504  1.06694E+00 -5.98735E+00 -5.98325E+00 -4.09866E-03  0.00000E+00  0.00000E+00  1.15776E+00
   505  1.08988E+00 -5.78204E+00 -5.77815E+00 -3.89283E-03  0.00000E+00  0.00000E+00  1.07612E+00
   506  1.11328E+00 -5.58064E+00 -5.57694E+00 -3.69901E-03  0.00000E+00  0.00000E+00  1.00074E+00
   507  1.13715E+00 -5.38313E+00 -5.37961E+00 -3.51632E-03  0.00000E+00  0.00000E+00  9.31076E-01
   508  1.16149E+00 -5.18951E+00 -5.18617E+00 -3.34395E-03  0.00000E+00  0.00000E+00  8.66634E-01
   509  1.18632E+00 -4.99979E+00 -4.99661E+00 -3.18113E-03  0.00000E+00  0.00000E+00  8.06970E-01
   510  1.21163E+00 -4.81397E+00 -4.81095E+00 -3.02716E-03  0.00000E+00  0.00000E+00  7.51674E-01
   511  1.23744E+00 -4.63206E+00 -4.62918E+00 -2.88136E-03  0.00000E+00  0.00000E+00  7.00377E-01
   512  1.26376E+00 -4.45405E+00 -4.45131E+00 -2.74314E-03  0.00000E+00  0.00000E+00  6.52741E-01
   513  1.29060E+00 -4.27997E+00 -4.27736E+00 -2.61193E-03  0.00000E+00  0.00000E+00  6.08462E-01
   514  1.31795E+00 -4.10981E+00 -4.10733E+00 -2.48721E-03  0.00000E+00  0.00000E+00  5.67263E-01
   515  1.34584E+00 -3.94360E+00 -3.94123E+00 -2.36852E-03  0.00000E+00  0.00000E+00  5.28893E-01
   516  1.37427E+00 -3.78134E+00 -3.77908E+00 -2.25542E-03  0.00000E+00  0.00000E+00  4.93127E-01
   517  1.40325E+00 -3.62303E+00 -3.62088E+00 -2.14753E-03  0.00000E+00  0.00000E+00  4.59759E-01
   518  1.43278E+00 -3.46869E+00 -3.46665E+00 -2.04449E-03  0.00000E+00  0.00000E+00  4.28604E-01
   519  1.46288E+00 -3.31833E+00 -3.31639E+00 -1.94599E-03  0.00000E+00  0.00000E+00  3.99495E-01
   520  1.49356E+00 -3.17196E+00 -3.17011E+00 -1.85173E-03  0.00000E+00  0.00000E+00  3.72280E-01
   521  1.52481E+00 -3.02957E+00 -3.02780E+00 -1.76146E-03  0.00000E+00  0.00000E+00  3.46822E-01
   522  1.55666E+00 -2.89116E+00 -2.88949E+00 -1.67494E-03  0.00000E+00  0.00000E+00  3.22996E-01
   523  1.58911E+00 -2.75674E+00 -2.75515E+00 -1.59198E-03  0.00000E+00  0.00000E+00  3.00689E-01
   524  1.62217E+00 -2.62631E+00 -2.62479E+00 -1.51238E-03  0.00000E+00  0.00000E+00  2.79799E-01
   525  1.65585E+00 -2.49984E+00 -2.49841E+00 -1.43599E-03  0.00000E+00  0.00000E+00  2.60232E-01
   526  1.69016E+00 -2.37734E+00 -2.37598E+00 -1.36265E-03  0.00000E+00  0.00000E+00  2.41903E-01
   527  1.72510E+00 -2.25879E+00 -2.25750E+00 -1.29224E-03  0.00000E+00  0.00000E+00  2.24733E-01
   528  1.76069E+00 -2.14416E+00 -2.14294E+00 -1.22463E-03  0.00000E+00  0.00000E+00  2.08650E-01
   529  1.79693E+00 -2.03344E+00 -2.03228E+00 -1.15972E-03  0.00000E+00  0.00000E+00  1.93588E-01
   530  1.83383E+00 -1.92659E+00 -1.92550E+00 -1.09742E-03  0.00000E+00  0.00000E+00  1.79486E-01
   531  1.87141E+00 -1.82359E+00 -1.82255E+00 -1.03763E-03  0.00000E+00  0.00000E+00  1.66287E-01
   532  1.90967E+00 -1.72440E+00 -1.72342E+00 -9.80290E-04  0.00000E+00  0.00000E+00  1.53939E-01
   533  1.94863E+00 -1.62897E+00 -1.62804E+00 -9.25314E-04  0.00000E+00  0.00000E+00  1.42391E-01
   534  1.98828E+00 -1.53726E+00 -1.53639E+00 -8.72639E-04  0.00000E+00  0.00000E+00  1.31598E-01
   535  2.02864E+00 -1.44923E+00 -1.44840E+00 -8.22200E-04  0.00000E+00  0.00000E+00  1.21517E-01
   536  2.06972E+00 -1.36481E+00 -1.36403E+00 -7.73937E-04  0.00000E+00  0.00000E+00  1.12107E-01
   537  2.11153E+00 -1.28395E+00 -1.28322E+00 -7.27793E-04  0.00000E+00  0.00000E+00  1.03330E-01
   538  2.15407E+00 -1.20658E+00 -1.20590E+00 -6.83713E-04  0.00000E+00  0.00000E+00  9.51496E-02
   539  2.19736E+00 -1.13265E+00 -1.13201E+00 -6.41642E-04  0.00000E+00  0.00000E+00  8.75313E-02
   540  2.24141E+00 -1.06208E+00 -1.06148E+00 -6.01527E-04  0.00000E+00  0.00000E+00  8.04428E-02
   541  2.28622E+00 -9.94802E-01 -9.94238E-01 -5.63315E-04  0.00000E+00  0.00000E+00  7.38531E-02
   542  2.33181E+00 -9.30732E-01 -9.30206E-01 -5.26955E-04  0.00000E+00  0.00000E+00  6.77330E-02
   543  2.37818E+00 -8.69796E-01 -8.69304E-01 -4.92394E-04  0.00000E+00  0.00000E+00  6.20544E-02
   544  2.42534E+00 -8.11912E-01 -8.11452E-01 -4.59580E-04  0.00000E+00  0.00000E+00  5.67909E-02
   545  2.47330E+00 -7.56995E-01 -7.56566E-01 -4.28461E-04  0.00000E+00  0.00000E+00  5.19171E-02
   546  2.52207E+00 -7.04958E-01 -7.04559E-01 -3.98984E-04  0.00000E+00  0.00000E+00  4.74091E-02
   547  2.57167E+00 -6.55715E-01 -6.55344E-01 -3.71096E-04  0.00000E+00  0.00000E+00  4.32439E-02
   548  2.62209E+00 -6.09174E-01 -6.08830E-01 -3.44745E-04  0.00000E+00  0.00000E+00  3.93997E-02
   549  2.67334E+00 -5.65247E-01 -5.64927E-01 -3.19877E-04  0.00000E+00  0.00000E+00  3.58559E-02
   550  2.72545E+00 -5.23839E-01 -5.23543E-01 -2.96438E-04  0.00000E+00  0.00000E+00  3.25927E-02
   551  2.77841E+00 -4.84860E-01 -4.84585E-01 -2.74376E-04  0.00000E+00  0.00000E+00  2.95915E-02
   552  2.83223E+00 -4.48215E-01 -4.47962E-01 -2.53638E-04  0.00000E+00  0.00000E+00  2.68345E-02
   553  2.88692E+00 -4.13813E-01 -4.13579E-01 -2.34169E-04  0.00000E+00  0.00000E+00  2.43050E-02
   554  2.94250E+00 -3.81561E-01 -3.81345E-01 -2.15917E-04  0.00000E+00  0.00000E+00  2.19870E-02
   555  2.99896E+00 -3.51365E-01 -3.51167E-01 -1.98831E-04  0.00000E+00  0.00000E+00  1.98656E-02
   556  3.05632E+00 -3.23136E-01 -3.22953E-01 -1.82856E-04  0.00000E+00  0.00000E+00  1.79265E-02
   557  3.11459E+00 -2.96781E-01 -2.96613E-01 -1.67943E-04  0.00000E+00  0.00000E+00  1.61562E-02
   558  3.17378E+00 -2.72212E-01 -2.72058E-01 -1.54041E-04  0.00000E+00  0.00000E+00  1.45423E-02
   559  3.23388E+00 -2.49341E-01 -2.49200E-01 -1.41099E-04  0.00000E+00  0.00000E+00  1.30729E-02
   560  3.29492E+00 -2.28082E-01 -2.27953E-01 -1.29069E-04  0.00000E+00  0.00000E+00  1.17367E-02
   561  3.35690E+00 -2.08349E-01 -2.08231E-01 -1.17903E-04  0.00000E+00  0.00000E+00  1.05233E-02
   562  3.41982E+00 -1.90060E-01 -1.89953E-01 -1.07554E-04  0.00000E+00  0.00000E+00  9.42291E-03
   563  3.48370E+00 -1.73136E-01 -1.73038E-01 -9.79770E-05  0.00000E+00  0.00000E+00  8.42640E-03
   564  3.54854E+00 -1.57497E-01 -1.57408E-01 -8.91274E-05  0.00000E+00  0.00000E+00  7.52519E-03
   565  3.61435E+00 -1.43068E-01 -1.42987E-01 -8.09623E-05  0.00000E+00  0.00000E+00  6.71130E-03
   566  3.68113E+00 -1.29775E-01 -1.29702E-01 -7.34404E-05  0.00000E+00  0.00000E+00  5.97730E-03
   567  3.74890E+00 -1.17549E-01 -1.17482E-01 -6.65216E-05  0.00000E+00  0.00000E+00  5.31629E-03
   568  3.81767E+00 -1.06320E-01 -1.06260E-01 -6.01674E-05  0.00000E+00  0.00000E+00  4.72185E-03
   569  3.88743E+00 -9.60240E-02 -9.59697E-02 -5.43409E-05  0.00000E+00  0.00000E+00  4.18804E-03
   570  3.95819E+00 -8.65977E-02 -8.65487E-02 -4.90066E-05  0.00000E+00  0.00000E+00  3.70939E-03
   571  4.02997E+00 -7.79814E-02 -7.79372E-02 -4.41306E-05  0.00000E+00  0.00000E+00  3.28082E-03
   572  4.10277E+00 -7.01179E-02 -7.00783E-02 -3.96807E-05  0.00000E+00  0.00000E+00  2.89764E-03
   573  4.17660E+00 -6.29531E-02 -6.29175E-02 -3.56261E-05  0.00000E+00  0.00000E+00  2.55557E-03
   574  4.25145E+00 -5.64353E-02 -5.64034E-02 -3.19377E-05  0.00000E+00  0.00000E+00  2.25065E-03
   575  4.32735E+00 -5.05158E-02 -5.04872E-02 -2.85877E-05  0.00000E+00  0.00000E+00  1.97924E-03
   576  4.40428E+00 -4.51482E-02 -4.51227E-02 -2.55502E-05  0.00000E+00  0.00000E+00  1.73804E-03
   577  4.48227E+00 -4.02892E-02 -4.02664E-02 -2.28004E-05  0.00000E+00  0.00000E+00  1.52400E-03
   578  4.56131E+00 -3.58978E-02 -3.58775E-02 -2.03153E-05  0.00000E+00  0.00000E+00  1.33435E-03
   579  4.64142E+00 -3.19355E-02 -3.19175E-02 -1.80729E-05  0.00000E+00  0.00000E+00  1.16659E-03
   580  4.72259E+00 -2.83664E-02 -2.83504E-02 -1.60531E-05  0.00000E+00  0.00000E+00  1.01840E-03
   581  4.80483E+00 -2.51568E-02 -2.51425E-02 -1.42367E-05  0.00000E+00  0.00000E+00  8.87709E-04
   582  4.88815E+00 -2.22753E-02 -2.22627E-02 -1.26061E-05  0.00000E+00  0.00000E+00  7.72632E-04
   583  4.97254E+00 -1.96927E-02 -1.96816E-02 -1.11445E-05  0.00000E+00  0.00000E+00  6.71461E-04
   584  5.05803E+00 -1.73820E-02 -1.73722E-02 -9.83686E-06  0.00000E+00  0.00000E+00  5.82656E-04
   585  5.14460E+00 -1.53180E-02 -1.53094E-02 -8.66881E-06  0.00000E+00  0.00000E+00  5.04829E-04
   586  5.23227E+00 -1.34776E-02 -1.34699E-02 -7.62726E-06  0.00000E+00  0.00000E+00  4.36732E-04
   587  5.32104E+00 -1.18392E-02 -1.18325E-02 -6.70009E-06  0.00000E+00  0.00000E+00  3.77242E-04
   588  5.41091E+00 -1.03833E-02 -1.03775E-02 -5.87616E-06  0.00000E+00  0.00000E+00  3.25356E-04
   589  5.50189E+00 -9.09176E-03 -9.08662E-03 -5.14524E-06  0.00000E+00  0.00000E+00  2.80175E-04
   590  5.59397E+00 -7.94796E-03 -7.94346E-03 -4.49793E-06  0.00000E+00  0.00000E+00  2.40895E-04
   591  5.68717E+00 -6.93677E-03 -6.93285E-03 -3.92568E-06  0.00000E+00  0.00000E+00  2.06802E-04
   592  5.78149E+00 -6.04438E-03 -6.04096E-03 -3.42065E-06  0.00000E+00  0.00000E+00  1.77258E-04
   593  5.87693E+00 -5.25818E-03 -5.25521E-03 -2.97573E-06  0.00000E+00  0.00000E+00  1.51698E-04
   594  5.97348E+00 -4.56676E-03 -4.56418E-03 -2.58444E-06  0.00000E+00  0.00000E+00  1.29621E-04
   595  6.07117E+00 -3.95975E-03 -3.95751E-03 -2.24092E-06  0.00000E+00  0.00000E+00  1.10583E-04
   596  6.16998E+00 -3.42778E-03 -3.42584E-03 -1.93986E-06  0.00000E+00  0.00000E+00  9.41938E-05
   597  6.26991E+00 -2.96238E-03 -2.96071E-03 -1.67648E-06  0.00000E+00  0.00000E+00  8.01075E-05
   598  6.37098E+00 -2.55595E-03 -2.55451E-03 -1.44647E-06  0.00000E+00  0.00000E+00  6.80204E-05
   599  6.47319E+00 -2.20164E-03 -2.20039E-03 -1.24596E-06  0.00000E+00  0.00000E+00  5.76661E-05
   600  6.57653E+00 -1.89330E-03 -1.89222E-03 -1.07146E-06  0.00000E+00  0.00000E+00  4.88107E-05
   601  6.68100E+00 -1.62544E-03 -1.62452E-03 -9.19875E-07  0.00000E+00  0.00000E+00  4.12499E-05
   602  6.78661E+00 -1.39316E-03 -1.39238E-03 -7.88425E-07  0.00000E+00  0.00000E+00  3.48051E-05
   603  6.89336E+00 -1.19210E-03 -1.19142E-03 -6.74636E-07  0.00000E+00  0.00000E+00  2.93207E-05
   604  7.00125E+00 -1.01835E-03 -1.01778E-03 -5.76310E-07  0.00000E+00  0.00000E+00  2.46613E-05
   605  7.11028E+00 -8.68484E-04 -8.67992E-04 -4.91496E-07  0.00000E+00  0.00000E+00  2.07094E-05
   606  7.22046E+00 -7.39438E-04 -7.39019E-04 -4.18466E-07  0.00000E+00  0.00000E+00  1.73632E-05
   607  7.33177E+00 -6.28519E-04 -6.28163E-04 -3.55694E-07  0.00000E+00  0.00000E+00  1.45346E-05
   608  7.44422E+00 -5.33348E-04 -5.33046E-04 -3.01834E-07  0.00000E+00  0.00000E+00  1.21474E-05
   609  7.55782E+00 -4.51835E-04 -4.51579E-04 -2.55704E-07  0.00000E+00  0.00000E+00  1.01362E-05
   610  7.67256E+00 -3.82142E-04 -3.81926E-04 -2.16263E-07  0.00000E+00  0.00000E+00  8.44458E-06
   611  7.78843E+00 -3.22661E-04 -3.22478E-04 -1.82601E-07  0.00000E+00  0.00000E+00  7.02408E-06
   612  7.90545E+00 -2.71985E-04 -2.71831E-04 -1.53923E-07  0.00000E+00  0.00000E+00  5.83326E-06
   613  8.02361E+00 -2.28887E-04 -2.28757E-04 -1.29532E-07  0.00000E+00  0.00000E+00  4.83664E-06
   614  8.14291E+00 -1.92298E-04 -1.92189E-04 -1.08826E-07  0.00000E+00  0.00000E+00  4.00394E-06
   615  8.26334E+00 -1.61290E-04 -1.61198E-04 -9.12776E-08  0.00000E+00  0.00000E+00  3.30936E-06
   616  8.38491E+00 -1.35057E-04 -1.34981E-04 -7.64320E-08  0.00000E+00  0.00000E+00  2.73094E-06
   617  8.50762E+00 -1.12904E-04 -1.12840E-04 -6.38950E-08  0.00000E+00  0.00000E+00  2.25006E-06
   618  8.63146E+00 -9.42282E-05 -9.41749E-05 -5.33260E-08  0.00000E+00  0.00000E+00  1.85093E-06
   619  8.75643E+00 -7.85119E-05 -7.84675E-05 -4.44318E-08  0.00000E+00  0.00000E+00  1.52020E-06
   620  8.88254E+00 -6.53090E-05 -6.52720E-05 -3.69599E-08  0.00000E+00  0.00000E+00  1.24661E-06
   621  9.00977E+00 -5.42369E-05 -5.42062E-05 -3.06940E-08  0.00000E+00  0.00000E+00  1.02064E-06
   622  9.13813E+00 -4.49679E-05 -4.49425E-05 -2.54484E-08  0.00000E+00  0.00000E+00  8.34332E-07
   623  9.26761E+00 -3.72218E-05 -3.72007E-05 -2.10647E-08  0.00000E+00  0.00000E+00  6.80962E-07
   624  9.39822E+00 -3.07596E-05 -3.07422E-05 -1.74076E-08  0.00000E+00  0.00000E+00  5.54918E-07
   625  9.52994E+00 -2.53779E-05 -2.53635E-05 -1.43619E-08  0.00000E+00  0.00000E+00  4.51500E-07
   626  9.66278E+00 -2.09036E-05 -2.08917E-05 -1.18298E-08  0.00000E+00  0.00000E+00  3.66785E-07
   627  9.79673E+00 -1.71902E-05 -1.71804E-05 -9.72833E-09  0.00000E+00  0.00000E+00  2.97504E-07
   628  9.93180E+00 -1.41135E-05 -1.41055E-05 -7.98718E-09  0.00000E+00  0.00000E+00  2.40936E-07
   629  1.00680E+01 -1.15688E-05 -1.15622E-05 -6.54706E-09  0.00000E+00  0.00000E+00  1.94823E-07
   630  1.02052E+01 -9.46760E-06 -9.46224E-06 -5.35794E-09  0.00000E+00  0.00000E+00  1.57293E-07
   631  1.03436E+01 -7.73559E-06 -7.73122E-06 -4.37776E-09  0.00000E+00  0.00000E+00  1.26799E-07
   632  1.04831E+01 -6.31032E-06 -6.30675E-06 -3.57116E-09  0.00000E+00  0.00000E+00  1.02060E-07
   633  1.06237E+01 -5.13943E-06 -5.13652E-06 -2.90853E-09  0.00000E+00  0.00000E+00  8.20226E-08
   634  1.07653E+01 -4.17914E-06 -4.17677E-06 -2.36507E-09  0.00000E+00  0.00000E+00  6.58192E-08
   635  1.09081E+01 -3.39288E-06 -3.39096E-06 -1.92011E-09  0.00000E+00  0.00000E+00  5.27368E-08
   636  1.10519E+01 -2.75020E-06 -2.74864E-06 -1.55641E-09  0.00000E+00  0.00000E+00  4.21910E-08
   637  1.11968E+01 -2.22575E-06 -2.22449E-06 -1.25960E-09  0.00000E+00  0.00000E+00  3.37034E-08
   638  1.13428E+01 -1.79848E-06 -1.79746E-06 -1.01780E-09  0.00000E+00  0.00000E+00  2.68830E-08
   639  1.14899E+01 -1.45096E-06 -1.45014E-06 -8.21132E-10  0.00000E+00  0.00000E+00  2.14108E-08
   640  1.16380E+01 -1.16877E-06 -1.16811E-06 -6.61434E-10  0.00000E+00  0.00000E+00  1.70272E-08
   641  1.17872E+01 -9.40000E-07 -9.39468E-07 -5.31969E-10  0.00000E+00  0.00000E+00  1.35211E-08
   642  1.19374E+01 -7.54843E-07 -7.54416E-07 -4.27184E-10  0.00000E+00  0.00000E+00  1.07211E-08
   643  1.20887E+01 -6.05225E-07 -6.04883E-07 -3.42512E-10  0.00000E+00  0.00000E+00  8.48848E-09
   644  1.22411E+01 -4.84521E-07 -4.84246E-07 -2.74202E-10  0.00000E+00  0.00000E+00  6.71098E-09
   645  1.23945E+01 -3.87298E-07 -3.87079E-07 -2.19181E-10  0.00000E+00  0.00000E+00  5.29799E-09
   646  1.25489E+01 -3.09114E-07 -3.08939E-07 -1.74935E-10  0.00000E+00  0.00000E+00  4.17644E-09
   647  1.27044E+01 -2.46341E-07 -2.46201E-07 -1.39410E-10  0.00000E+00  0.00000E+00  3.28758E-09
   648  1.28609E+01 -1.96020E-07 -1.95909E-07 -1.10932E-10  0.00000E+00  0.00000E+00  2.58418E-09
   649  1.30184E+01 -1.55745E-07 -1.55657E-07 -8.81399E-11  0.00000E+00  0.00000E+00  2.02838E-09
   650  1.31769E+01 -1.23561E-07 -1.23491E-07 -6.99261E-11  0.00000E+00  0.00000E+00  1.58986E-09
   651  1.33365E+01 -9.78822E-08 -9.78268E-08 -5.53940E-11  0.00000E+00  0.00000E+00  1.24439E-09
   652  1.34971E+01 -7.74259E-08 -7.73821E-08 -4.38173E-11  0.00000E+00  0.00000E+00  9.72615E-10
   653  1.36587E+01 -6.11549E-08 -6.11203E-08 -3.46091E-11  0.00000E+00  0.00000E+00  7.59134E-10
   654  1.38212E+01 -4.82328E-08 -4.82055E-08 -2.72962E-11  0.00000E+00  0.00000E+00  5.91685E-10
   655  1.39848E+01 -3.79860E-08 -3.79645E-08 -2.14972E-11  0.00000E+00  0.00000E+00  4.60534E-10
   656  1.41494E+01 -2.98728E-08 -2.98559E-08 -1.69058E-11  0.00000E+00  0.00000E+00  3.57961E-10
   657  1.43149E+01 -2.34588E-08 -2.34455E-08 -1.32760E-11  0.00000E+00  0.00000E+00  2.77852E-10
   658  1.44814E+01 -1.83956E-08 -1.83852E-08 -1.04106E-11  0.00000E+00  0.00000E+00  2.15377E-10
   659  1.46489E+01 -1.44048E-08 -1.43966E-08 -8.15205E-12  0.00000E+00  0.00000E+00  1.66724E-10
   660  1.48174E+01 -1.12638E-08 -1.12574E-08 -6.37449E-12  0.00000E+00  0.00000E+00  1.28887E-10
   661  1.49868E+01 -8.79531E-09 -8.79034E-09 -4.97753E-12  0.00000E+00  0.00000E+00  9.95040E-11
   662  1.51572E+01 -6.85823E-09 -6.85435E-09 -3.88129E-12  0.00000E+00  0.00000E+00  7.67172E-11
   663  1.53285E+01 -5.34035E-09 -5.33733E-09 -3.02228E-12  0.00000E+00  0.00000E+00  5.90704E-11
   664  1.55008E+01 -4.15267E-09 -4.15032E-09 -2.35014E-12  0.00000E+00  0.00000E+00  4.54229E-11
   665  1.56740E+01 -3.22469E-09 -3.22287E-09 -1.82497E-12  0.00000E+00  0.00000E+00  3.48828E-11
   666  1.58481E+01 -2.50066E-09 -2.49925E-09 -1.41523E-12  0.00000E+00  0.00000E+00  2.67537E-11
   667  1.60232E+01 -1.93657E-09 -1.93548E-09 -1.09599E-12  0.00000E+00  0.00000E+00  2.04924E-11
   668  1.61992E+01 -1.49771E-09 -1.49686E-09 -8.47627E-13  0.00000E+00  0.00000E+00  1.56764E-11
   669  1.63762E+01 -1.15675E-09 -1.15610E-09 -6.54665E-13  0.00000E+00  0.00000E+00  1.19769E-11
   670  1.65540E+01 -8.92208E-10 -8.91703E-10 -5.04959E-13  0.00000E+00  0.00000E+00  9.13879E-12
   671  1.67327E+01 -6.87256E-10 -6.86867E-10 -3.88972E-13  0.00000E+00  0.00000E+00  6.96445E-12
   672  1.69124E+01 -5.28673E-10 -5.28374E-10 -2.99233E-13  0.00000E+00  0.00000E+00  5.30079E-12
   673  1.70929E+01 -4.06163E-10 -4.05933E-10 -2.29897E-13  0.00000E+00  0.00000E+00  4.02952E-12
   674  1.72743E+01 -3.11621E-10 -3.11445E-10 -1.76398E-13  0.00000E+00  0.00000E+00  3.05934E-12
   675  1.74566E+01 -2.38778E-10 -2.38643E-10 -1.35174E-13  0.00000E+00  0.00000E+00  2.31990E-12
   676  1.76398E+01 -1.82727E-10 -1.82624E-10 -1.03452E-13  0.00000E+00  0.00000E+00  1.75703E-12
   677  1.78239E+01 -1.39658E-10 -1.39579E-10 -7.90732E-14  0.00000E+00  0.00000E+00  1.32912E-12
   678  1.80088E+01 -1.06599E-10 -1.06539E-10 -6.03631E-14  0.00000E+00  0.00000E+00  1.00421E-12
   679  1.81946E+01 -8.12611E-11 -8.12150E-11 -4.60223E-14  0.00000E+00  0.00000E+00  7.57813E-13
   680  1.83812E+01 -6.18665E-11 -6.18314E-11 -3.50448E-14  0.00000E+00  0.00000E+00  5.71196E-13
   681  1.85687E+01 -4.70362E-11 -4.70095E-11 -2.66526E-14  0.00000E+00  0.00000E+00  4.30026E-13
   682  1.87570E+01 -3.57037E-11 -3.56835E-11 -2.02452E-14  0.00000E+00  0.00000E+00  3.23366E-13
   683  1.89462E+01 -2.70870E-11 -2.70717E-11 -1.53594E-14  0.00000E+00  0.00000E+00  2.42878E-13
   684  1.91362E+01 -2.05179E-11 -2.05063E-11 -1.16385E-14  0.00000E+00  0.00000E+00  1.82212E-13
   685  1.93270E+01 -1.55129E-11 -1.55040E-11 -8.80841E-15  0.00000E+00  0.00000E+00  1.36543E-13
   686  1.95186E+01 -1.17164E-11 -1.17097E-11 -6.65852E-15  0.00000E+00  0.00000E+00  1.02203E-13
   687  1.97111E+01 -8.82997E-12 -8.82494E-12 -5.02738E-15  0.00000E+00  0.00000E+00  7.64129E-14
   688  1.99043E+01 -6.65447E-12 -6.65068E-12 -3.79134E-15  0.00000E+00  0.00000E+00  5.70663E-14
   689  2.00984E+01 -5.00508E-12 -5.00222E-12 -2.85584E-15  0.00000E+00  0.00000E+00  4.25704E-14
   690  2.02933E+01 -3.75381E-12 -3.75167E-12 -2.14867E-15  0.00000E+00  0.00000E+00  3.17214E-14
   691  2.04889E+01 -2.81536E-12 -2.81375E-12 -1.61474E-15  0.00000E+00  0.00000E+00  2.36112E-14
   692  2.06854E+01 -2.10442E-12 -2.10321E-12 -1.21210E-15  0.00000E+00  0.00000E+00  1.75553E-14
   693  2.08826E+01 -1.56410E-12 -1.56319E-12 -9.08818E-16  0.00000E+00  0.00000E+00  1.30385E-14
   694  2.10806E+01 -1.16597E-12 -1.16529E-12 -6.80652E-16  0.00000E+00  0.00000E+00  9.67336E-15
   695  2.12794E+01 -8.67371E-13 -8.66862E-13 -5.09196E-16  0.00000E+00  0.00000E+00  7.16905E-15
   696  2.14789E+01 -6.39869E-13 -6.39488E-13 -3.80505E-16  0.00000E+00  0.00000E+00  5.30742E-15
   697  2.16792E+01 -4.69242E-13 -4.68958E-13 -2.84024E-16  0.00000E+00  0.00000E+00  3.92506E-15
   698  2.18802E+01 -3.41272E-13 -3.41061E-13 -2.11773E-16  0.00000E+00  0.00000E+00  2.89971E-15
   699  2.20820E+01 -2.55953E-13 -2.55795E-13 -1.57730E-16  0.00000E+00  0.00000E+00  2.13998E-15
   700  2.22846E+01 -1.84858E-13 -1.84741E-13 -1.17351E-16  0.00000E+00  0.00000E+00  1.57767E-15
   701  2.24878E+01 -1.42196E-13 -1.42109E-13 -8.72147E-17  0.00000E+00  0.00000E+00  1.16192E-15
   702  2.26918E+01 -9.95407E-14 -9.94760E-14 -6.47485E-17  0.00000E+00  0.00000E+00  8.54861E-16
   703  2.28966E+01 -4.80186E-17 -0.00000E+00 -4.80186E-17  0.00000E+00  0.00000E+00  6.28311E-16
   704  2.28966E+01 -0.00000E+00 -0.00000E+00  0.00000E+00  0.00000E+00  0.00000E+00  0.00000E+00
   705  4.57931E+01 -0.00000E+00 -0.00000E+00  0.00000E+00  0.00000E+00  0.00000E+00  0.00000E+00
   706  9.15863E+01 -0.00000E+00 -0.00000E+00  0.00000E+00  0.00000E+00  0.00000E+00  0.00000E+00
   707  1.83173E+02 -0.00000E+00 -0.00000E+00  0.00000E+00  0.00000E+00  0.00000E+00  0.00000E+00
   708  3.66345E+02 -0.00000E+00 -0.00000E+00  0.00000E+00  0.00000E+00  0.00000E+00  0.00000E+00
   709  7.32690E+02 -0.00000E+00 -0.00000E+00  0.00000E+00  0.00000E+00  0.00000E+00  0.00000E+00
   710  1.46538E+03 -0.00000E+00 -0.00000E+00  0.00000E+00  0.00000E+00  0.00000E+00  0.00000E+00
   711  2.93076E+03 -0.00000E+00 -0.00000E+00  0.00000E+00  0.00000E+00  0.00000E+00  0.00000E+00
   712  5.86152E+03 -0.00000E+00 -0.00000E+00  0.00000E+00  0.00000E+00  0.00000E+00  0.00000E+00
   713  1.17230E+04 -0.00000E+00 -0.00000E+00  0.00000E+00  0.00000E+00  0.00000E+00  0.00000E+00
