

  **** PARTIAL WAVE ANALYSIS (DPWA0) ******************************************


  KINETIC ENERGY = 2.50000E+04 eV

      L       PHASE(SPIN UP)     PHASE(SPIN DOWN)
  -----------------------------------------------
       0      7.04570374E-01      0.00000000E+00
       1      5.13434593E-01      5.21482821E-01
       2      4.18781645E-01      4.22836156E-01
       3      3.56979699E-01      3.59661175E-01
       4      3.11715553E-01      3.13696626E-01
       5      2.76397488E-01      2.77952872E-01
       6      2.47711491E-01      2.48980662E-01
       7      2.23758402E-01      2.24821959E-01
       8      2.03349795E-01      2.04258528E-01
       9      1.85693151E-01      1.86481136E-01
      10      1.70233755E-01      1.70924967E-01
      11      1.56568209E-01      1.57180162E-01
      12      1.44393899E-01      1.44939787E-01
      13      1.33477896E-01      1.33967908E-01
      14      1.23636971E-01      1.24079148E-01
      15      1.14724301E-01      1.15125104E-01
      16      1.06620341E-01      1.06985046E-01
      17      9.92264050E-02      9.95593740E-02
      18      9.24600285E-02      9.27649151E-02
      19      8.62515714E-02      8.65314663E-02
      20      8.05416677E-02      8.07992096E-02
      21      7.52792877E-02      7.55167480E-02
      22      7.04202413E-02      7.06395894E-02
      23      6.59260072E-02      6.61289618E-02
      24      6.17628057E-02      6.19508756E-02
      25      5.79008562E-02      5.80753728E-02
      26      5.43137765E-02      5.44759203E-02
      27      5.09780924E-02      5.11289145E-02
      28      4.78728336E-02      4.80132738E-02
      29      4.49791984E-02      4.51100999E-02
      30      4.22802735E-02      4.24023951E-02
      31      3.97607972E-02      3.98748241E-02
      32      3.74069600E-02      3.75135127E-02
      33      3.52062338E-02      3.53058752E-02
      34      3.31472257E-02      3.32404682E-02
      35      3.12195521E-02      3.13068628E-02
      36      2.94137301E-02      2.94955358E-02
      37      2.77210825E-02      2.77977738E-02
      38      2.61336552E-02      2.62055903E-02
      39      2.46441448E-02      2.47116530E-02
      40      2.32458354E-02      2.33092192E-02
      41      2.19325415E-02      2.19920799E-02
      42      2.06985591E-02      2.07545093E-02
      43      1.95386210E-02      1.95912207E-02
      44      1.84478578E-02      1.84973267E-02
      45      1.74217624E-02      1.74683040E-02
      46      1.64561590E-02      1.64999618E-02
      47      1.55471745E-02      1.55884134E-02
      48      1.46912132E-02      1.47300507E-02
      49      1.38849341E-02      1.39215211E-02
      50      1.31252301E-02      1.31597071E-02
      51      1.24092092E-02      1.24417069E-02
      52      1.17341776E-02      1.17648177E-02
      53      1.10976243E-02      1.11265205E-02
      54      1.04972072E-02      1.05244653E-02
      55      9.93073993E-03      9.95645894E-03
      56      9.39618067E-03      9.42045295E-03
      57      8.89162113E-03      8.91453306E-03
      58      8.41527695E-03      8.43690929E-03
      59      7.96547867E-03      7.98590699E-03
      60      7.54066356E-03      7.55995863E-03
      61      7.13936806E-03      7.15759615E-03
      62      6.76022082E-03      6.77744404E-03
      63      6.40193632E-03      6.41821291E-03
      64      6.06330898E-03      6.07869355E-03
      65      5.74320769E-03      5.75775150E-03
      66      5.44057082E-03      5.45432197E-03
      67      5.15440152E-03      5.16740518E-03
      68      4.88376347E-03      4.89606210E-03
      69      4.62777686E-03      4.63941034E-03
      70      4.38561472E-03      4.39662055E-03
      71      4.15649949E-03      4.16691291E-03
      72      3.93969980E-03      3.94955398E-03
      73      3.73452755E-03      3.74385371E-03
      74      3.54033518E-03      3.54916269E-03
      75      3.35651306E-03      3.36486956E-03
      76      3.18248713E-03      3.19039867E-03
      77      3.01771672E-03      3.02520783E-03
      78      2.86169240E-03      2.86878620E-03
      79      2.71393416E-03      2.72065243E-03
      80      2.57398949E-03      2.58035276E-03
      81      2.44143180E-03      2.44745944E-03
      82      2.31585881E-03      2.32156907E-03
      83      2.19689106E-03      2.20230118E-03
      84      2.08417059E-03      2.08929681E-03
      85      1.97735962E-03      1.98221728E-03
      86      1.87613936E-03      1.88074293E-03
      87      1.78020888E-03      1.78457203E-03
      88      1.68928408E-03      1.69341970E-03
      89      1.60309665E-03      1.60701693E-03
      90      1.52139322E-03      1.52510967E-03
      91      1.44393443E-03      1.44745792E-03
      92      1.37049414E-03      1.37383494E-03
      93      1.30085867E-03      1.30402650E-03
      94      1.23482609E-03      1.23783011E-03
      95      1.17220551E-03      1.17505440E-03  i
      96      1.11281650E-03      1.11551845E-03  i
      97      1.05648844E-03      1.05905121E-03  i
      98      1.00306001E-03      1.00549092E-03  i
      99      9.52378653E-04      9.54684641E-04  i
     100      9.04300047E-04      9.06487671E-04  i
     105      6.98419561E-04      7.00102013E-04  i
     110      5.39971442E-04      5.41267183E-04  i
     115      4.17865980E-04      4.18865154E-04  i
     120      3.23654115E-04      3.24425484E-04  i
     125      2.50884176E-04      2.51480302E-04  i
     130      1.94619770E-04      1.95080907E-04  i
     135      1.51077106E-04      1.51434135E-04  i
     140      1.17351142E-04      1.17627793E-04  i
     145      9.12082413E-05      9.14227705E-05  i
     150      7.09286869E-05      7.10951602E-05  i
     155      5.51868326E-05      5.53160988E-05  i
     160      4.29596551E-05      4.30600910E-05  i
     165      3.34568595E-05      3.35349393E-05  i
     170      2.60673610E-05      2.61280932E-05  i
     175      2.03182299E-05      2.03654923E-05  i
     180      1.58431616E-05      1.58799590E-05  i
     185      1.23582248E-05      1.23868870E-05  i
     190      9.64318207E-06      9.66551694E-06  i
     195      7.52708872E-06      7.54449992E-06  i
     200      5.87718091E-06      5.89075891E-06  i
     205      4.59028778E-06      4.60088024E-06  i
     210      3.58619198E-06      3.59445813E-06  i
     215      2.80249126E-06      2.80894406E-06  i
     220      2.19061889E-06      2.19565768E-06  i
     225      1.71275920E-06      1.71669499E-06  i
     230      1.33945492E-06      1.34252999E-06  i
     235      1.04775049E-06      1.05015370E-06  i
     240      8.19750330E-07      8.21628943E-07  i
     245      6.41498280E-07      6.42967186E-07  i
     250      5.02106592E-07      5.03255396E-07  i
     255      3.93078735E-07      3.93977391E-07  i
     260      3.07782015E-07      3.08485150E-07  i
     265      2.41037064E-07      2.41587315E-07  i
     270      1.88798556E-07      1.89229267E-07  i
     275      1.47905680E-07      1.48242876E-07  i
     280      1.15888394E-07      1.16152423E-07  i
     285      9.08158240E-08      9.10226128E-08  i
     290      7.11782037E-08      7.13401789E-08  i
     295      5.57949038E-08      5.59218061E-08  i
     300      4.37423118E-08      4.38417335E-08  i
     310      2.68961404E-08      2.69572176E-08  i
     320      1.65459688E-08      1.65834983E-08  i
     330      1.01834612E-08      1.02065369E-08  i
     340      6.27019551E-09      6.28440368E-09  i
     350      3.86223886E-09      3.87097318E-09  i
     360      2.37981383E-09      2.38518933E-09  i
     370      1.46703265E-09      1.47033755E-09  i


  *** SCATTERING AMPLITUDES AND DIFFERENTIAL CROSS SECTION ***

    ANGLE      DCS       ASYMMETRY    DIRECT AMPLITUDE       SPIN-FLIP AMPLITUDE     ERROR
    (deg)   (cm**2/sr)                      (cm)                    (cm)
  -------------------------------------------------------------------------------------------
  0.000E+00 3.96645E-16  0.000E+00 ( 1.983E-08, 1.809E-09) ( 0.000E+00, 0.000E+00)  1.00E-07
  1.000E-04 3.96645E-16  6.306E-11 ( 1.983E-08, 1.809E-09) ( 8.104E-16, 7.453E-17)  1.00E-07
  1.250E-04 3.96645E-16  7.883E-11 ( 1.983E-08, 1.809E-09) ( 1.013E-15, 9.316E-17)  1.00E-07
  1.500E-04 3.96645E-16  9.460E-11 ( 1.983E-08, 1.809E-09) ( 1.216E-15, 1.118E-16)  1.00E-07
  1.750E-04 3.96645E-16  1.104E-10 ( 1.983E-08, 1.809E-09) ( 1.418E-15, 1.304E-16)  1.00E-07
  2.000E-04 3.96645E-16  1.261E-10 ( 1.983E-08, 1.809E-09) ( 1.621E-15, 1.491E-16)  1.00E-07
  2.250E-04 3.96645E-16  1.419E-10 ( 1.983E-08, 1.809E-09) ( 1.823E-15, 1.677E-16)  1.00E-07
  2.500E-04 3.96645E-16  1.577E-10 ( 1.983E-08, 1.809E-09) ( 2.026E-15, 1.863E-16)  1.00E-07
  2.750E-04 3.96645E-16  1.734E-10 ( 1.983E-08, 1.809E-09) ( 2.229E-15, 2.049E-16)  1.00E-07
  3.000E-04 3.96645E-16  1.892E-10 ( 1.983E-08, 1.809E-09) ( 2.431E-15, 2.236E-16)  1.00E-07
  3.250E-04 3.96645E-16  2.050E-10 ( 1.983E-08, 1.809E-09) ( 2.634E-15, 2.422E-16)  1.00E-07
  3.500E-04 3.96645E-16  2.207E-10 ( 1.983E-08, 1.809E-09) ( 2.836E-15, 2.608E-16)  1.00E-07
  3.750E-04 3.96645E-16  2.365E-10 ( 1.983E-08, 1.809E-09) ( 3.039E-15, 2.795E-16)  1.00E-07
  4.000E-04 3.96645E-16  2.523E-10 ( 1.983E-08, 1.809E-09) ( 3.242E-15, 2.981E-16)  1.00E-07
  4.250E-04 3.96645E-16  2.680E-10 ( 1.983E-08, 1.809E-09) ( 3.444E-15, 3.167E-16)  1.00E-07
  4.500E-04 3.96645E-16  2.838E-10 ( 1.983E-08, 1.809E-09) ( 3.647E-15, 3.354E-16)  1.00E-07
  4.750E-04 3.96645E-16  2.996E-10 ( 1.983E-08, 1.809E-09) ( 3.849E-15, 3.540E-16)  1.00E-07
  5.000E-04 3.96645E-16  3.153E-10 ( 1.983E-08, 1.809E-09) ( 4.052E-15, 3.726E-16)  1.00E-07
  5.250E-04 3.96645E-16  3.311E-10 ( 1.983E-08, 1.809E-09) ( 4.255E-15, 3.913E-16)  1.00E-07
  5.500E-04 3.96645E-16  3.469E-10 ( 1.983E-08, 1.809E-09) ( 4.457E-15, 4.099E-16)  1.00E-07
  5.750E-04 3.96645E-16  3.626E-10 ( 1.983E-08, 1.809E-09) ( 4.660E-15, 4.285E-16)  1.00E-07
  6.000E-04 3.96645E-16  3.784E-10 ( 1.983E-08, 1.809E-09) ( 4.862E-15, 4.472E-16)  1.00E-07
  6.250E-04 3.96645E-16  3.941E-10 ( 1.983E-08, 1.809E-09) ( 5.065E-15, 4.658E-16)  1.00E-07
  6.500E-04 3.96645E-16  4.099E-10 ( 1.983E-08, 1.809E-09) ( 5.268E-15, 4.844E-16)  1.00E-07
  6.750E-04 3.96645E-16  4.257E-10 ( 1.983E-08, 1.809E-09) ( 5.470E-15, 5.031E-16)  1.00E-07
  7.000E-04 3.96645E-16  4.414E-10 ( 1.983E-08, 1.809E-09) ( 5.673E-15, 5.217E-16)  1.00E-07
  7.250E-04 3.96645E-16  4.572E-10 ( 1.983E-08, 1.809E-09) ( 5.875E-15, 5.403E-16)  1.00E-07
  7.500E-04 3.96645E-16  4.730E-10 ( 1.983E-08, 1.809E-09) ( 6.078E-15, 5.589E-16)  1.00E-07
  7.750E-04 3.96645E-16  4.887E-10 ( 1.983E-08, 1.809E-09) ( 6.281E-15, 5.776E-16)  1.00E-07
  8.000E-04 3.96645E-16  5.045E-10 ( 1.983E-08, 1.809E-09) ( 6.483E-15, 5.962E-16)  1.00E-07
  8.250E-04 3.96645E-16  5.203E-10 ( 1.983E-08, 1.809E-09) ( 6.686E-15, 6.148E-16)  1.00E-07
  8.500E-04 3.96645E-16  5.360E-10 ( 1.983E-08, 1.809E-09) ( 6.888E-15, 6.335E-16)  1.00E-07
  8.750E-04 3.96645E-16  5.518E-10 ( 1.983E-08, 1.809E-09) ( 7.091E-15, 6.521E-16)  1.00E-07
  9.000E-04 3.96645E-16  5.676E-10 ( 1.983E-08, 1.809E-09) ( 7.294E-15, 6.707E-16)  1.00E-07
  9.250E-04 3.96645E-16  5.833E-10 ( 1.983E-08, 1.809E-09) ( 7.496E-15, 6.894E-16)  1.00E-07
  9.500E-04 3.96645E-16  5.991E-10 ( 1.983E-08, 1.809E-09) ( 7.699E-15, 7.080E-16)  1.00E-07
  9.750E-04 3.96645E-16  6.149E-10 ( 1.983E-08, 1.809E-09) ( 7.901E-15, 7.266E-16)  1.00E-07
  1.000E-03 3.96645E-16  6.306E-10 ( 1.983E-08, 1.809E-09) ( 8.104E-15, 7.453E-16)  1.00E-07
  1.250E-03 3.96645E-16  7.883E-10 ( 1.983E-08, 1.809E-09) ( 1.013E-14, 9.316E-16)  1.00E-07
  1.500E-03 3.96645E-16  9.460E-10 ( 1.983E-08, 1.809E-09) ( 1.216E-14, 1.118E-15)  1.00E-07
  1.750E-03 3.96645E-16  1.104E-09 ( 1.983E-08, 1.809E-09) ( 1.418E-14, 1.304E-15)  1.00E-07
  2.000E-03 3.96645E-16  1.261E-09 ( 1.983E-08, 1.809E-09) ( 1.621E-14, 1.491E-15)  1.00E-07
  2.250E-03 3.96645E-16  1.419E-09 ( 1.983E-08, 1.809E-09) ( 1.823E-14, 1.677E-15)  1.00E-07
  2.500E-03 3.96645E-16  1.577E-09 ( 1.983E-08, 1.809E-09) ( 2.026E-14, 1.863E-15)  1.00E-07
  2.750E-03 3.96644E-16  1.734E-09 ( 1.983E-08, 1.809E-09) ( 2.229E-14, 2.049E-15)  1.00E-07
  3.000E-03 3.96644E-16  1.892E-09 ( 1.983E-08, 1.809E-09) ( 2.431E-14, 2.236E-15)  1.00E-07
  3.250E-03 3.96644E-16  2.050E-09 ( 1.983E-08, 1.809E-09) ( 2.634E-14, 2.422E-15)  1.00E-07
  3.500E-03 3.96644E-16  2.207E-09 ( 1.983E-08, 1.809E-09) ( 2.836E-14, 2.608E-15)  1.00E-07
  3.750E-03 3.96644E-16  2.365E-09 ( 1.983E-08, 1.809E-09) ( 3.039E-14, 2.795E-15)  1.00E-07
  4.000E-03 3.96644E-16  2.523E-09 ( 1.983E-08, 1.809E-09) ( 3.242E-14, 2.981E-15)  1.00E-07
  4.250E-03 3.96643E-16  2.680E-09 ( 1.983E-08, 1.809E-09) ( 3.444E-14, 3.167E-15)  1.00E-07
  4.500E-03 3.96643E-16  2.838E-09 ( 1.983E-08, 1.809E-09) ( 3.647E-14, 3.354E-15)  1.00E-07
  4.750E-03 3.96643E-16  2.996E-09 ( 1.983E-08, 1.809E-09) ( 3.849E-14, 3.540E-15)  1.00E-07
  5.000E-03 3.96643E-16  3.153E-09 ( 1.983E-08, 1.809E-09) ( 4.052E-14, 3.726E-15)  1.00E-07
  5.250E-03 3.96642E-16  3.311E-09 ( 1.983E-08, 1.809E-09) ( 4.255E-14, 3.913E-15)  1.00E-07
  5.500E-03 3.96642E-16  3.469E-09 ( 1.983E-08, 1.809E-09) ( 4.457E-14, 4.099E-15)  1.00E-07
  5.750E-03 3.96642E-16  3.626E-09 ( 1.983E-08, 1.809E-09) ( 4.660E-14, 4.285E-15)  1.00E-07
  6.000E-03 3.96641E-16  3.784E-09 ( 1.983E-08, 1.809E-09) ( 4.862E-14, 4.472E-15)  1.00E-07
  6.250E-03 3.96641E-16  3.941E-09 ( 1.983E-08, 1.809E-09) ( 5.065E-14, 4.658E-15)  1.00E-07
  6.500E-03 3.96641E-16  4.099E-09 ( 1.983E-08, 1.809E-09) ( 5.268E-14, 4.844E-15)  1.00E-07
  6.750E-03 3.96640E-16  4.257E-09 ( 1.983E-08, 1.809E-09) ( 5.470E-14, 5.030E-15)  1.00E-07
  7.000E-03 3.96640E-16  4.414E-09 ( 1.983E-08, 1.809E-09) ( 5.673E-14, 5.217E-15)  1.00E-07
  7.250E-03 3.96640E-16  4.572E-09 ( 1.983E-08, 1.809E-09) ( 5.875E-14, 5.403E-15)  1.00E-07
  7.500E-03 3.96639E-16  4.730E-09 ( 1.983E-08, 1.809E-09) ( 6.078E-14, 5.589E-15)  1.00E-07
  7.750E-03 3.96639E-16  4.887E-09 ( 1.983E-08, 1.809E-09) ( 6.281E-14, 5.776E-15)  1.00E-07
  8.000E-03 3.96638E-16  5.045E-09 ( 1.983E-08, 1.809E-09) ( 6.483E-14, 5.962E-15)  1.00E-07
  8.250E-03 3.96638E-16  5.203E-09 ( 1.983E-08, 1.809E-09) ( 6.686E-14, 6.148E-15)  1.00E-07
  8.500E-03 3.96637E-16  5.360E-09 ( 1.983E-08, 1.809E-09) ( 6.888E-14, 6.335E-15)  1.00E-07
  8.750E-03 3.96637E-16  5.518E-09 ( 1.983E-08, 1.809E-09) ( 7.091E-14, 6.521E-15)  1.00E-07
  9.000E-03 3.96636E-16  5.676E-09 ( 1.983E-08, 1.809E-09) ( 7.294E-14, 6.707E-15)  1.00E-07
  9.250E-03 3.96636E-16  5.833E-09 ( 1.983E-08, 1.809E-09) ( 7.496E-14, 6.894E-15)  1.00E-07
  9.500E-03 3.96635E-16  5.991E-09 ( 1.983E-08, 1.809E-09) ( 7.699E-14, 7.080E-15)  1.00E-07
  9.750E-03 3.96635E-16  6.149E-09 ( 1.983E-08, 1.809E-09) ( 7.901E-14, 7.266E-15)  1.00E-07
  1.000E-02 3.96634E-16  6.306E-09 ( 1.983E-08, 1.809E-09) ( 8.104E-14, 7.453E-15)  1.00E-07
  1.250E-02 3.96628E-16  7.883E-09 ( 1.983E-08, 1.809E-09) ( 1.013E-13, 9.316E-15)  1.00E-07
  1.500E-02 3.96621E-16  9.460E-09 ( 1.983E-08, 1.809E-09) ( 1.216E-13, 1.118E-14)  1.00E-07
  1.750E-02 3.96612E-16  1.104E-08 ( 1.983E-08, 1.808E-09) ( 1.418E-13, 1.304E-14)  1.00E-07
  2.000E-02 3.96601E-16  1.261E-08 ( 1.983E-08, 1.808E-09) ( 1.621E-13, 1.491E-14)  1.00E-07
  2.250E-02 3.96590E-16  1.419E-08 ( 1.983E-08, 1.808E-09) ( 1.823E-13, 1.677E-14)  1.00E-07
  2.500E-02 3.96577E-16  1.577E-08 ( 1.983E-08, 1.808E-09) ( 2.026E-13, 1.863E-14)  1.00E-07
  2.750E-02 3.96562E-16  1.734E-08 ( 1.983E-08, 1.808E-09) ( 2.228E-13, 2.049E-14)  1.00E-07
  3.000E-02 3.96547E-16  1.892E-08 ( 1.983E-08, 1.808E-09) ( 2.431E-13, 2.236E-14)  1.00E-07
  3.250E-02 3.96530E-16  2.050E-08 ( 1.983E-08, 1.808E-09) ( 2.633E-13, 2.422E-14)  1.00E-07
  3.500E-02 3.96511E-16  2.207E-08 ( 1.983E-08, 1.808E-09) ( 2.836E-13, 2.608E-14)  1.00E-07
  3.750E-02 3.96491E-16  2.365E-08 ( 1.983E-08, 1.808E-09) ( 3.038E-13, 2.795E-14)  1.00E-07
  4.000E-02 3.96470E-16  2.523E-08 ( 1.983E-08, 1.808E-09) ( 3.241E-13, 2.981E-14)  1.00E-07
  4.250E-02 3.96448E-16  2.681E-08 ( 1.983E-08, 1.808E-09) ( 3.443E-13, 3.167E-14)  1.00E-07
  4.500E-02 3.96424E-16  2.838E-08 ( 1.983E-08, 1.808E-09) ( 3.646E-13, 3.354E-14)  1.00E-07
  4.750E-02 3.96398E-16  2.996E-08 ( 1.983E-08, 1.808E-09) ( 3.848E-13, 3.540E-14)  1.00E-07
  5.000E-02 3.96372E-16  3.154E-08 ( 1.983E-08, 1.808E-09) ( 4.051E-13, 3.726E-14)  1.00E-07
  5.250E-02 3.96344E-16  3.312E-08 ( 1.983E-08, 1.808E-09) ( 4.253E-13, 3.912E-14)  1.00E-07
  5.500E-02 3.96314E-16  3.469E-08 ( 1.983E-08, 1.808E-09) ( 4.455E-13, 4.099E-14)  1.00E-07
  5.750E-02 3.96283E-16  3.627E-08 ( 1.982E-08, 1.808E-09) ( 4.658E-13, 4.285E-14)  1.00E-07
  6.000E-02 3.96251E-16  3.785E-08 ( 1.982E-08, 1.808E-09) ( 4.860E-13, 4.471E-14)  1.00E-07
  6.250E-02 3.96218E-16  3.943E-08 ( 1.982E-08, 1.808E-09) ( 5.062E-13, 4.657E-14)  1.00E-07
  6.500E-02 3.96183E-16  4.101E-08 ( 1.982E-08, 1.808E-09) ( 5.265E-13, 4.844E-14)  1.00E-07
  6.750E-02 3.96147E-16  4.259E-08 ( 1.982E-08, 1.808E-09) ( 5.467E-13, 5.030E-14)  1.00E-07
  7.000E-02 3.96109E-16  4.416E-08 ( 1.982E-08, 1.808E-09) ( 5.669E-13, 5.216E-14)  1.00E-07
  7.250E-02 3.96070E-16  4.574E-08 ( 1.982E-08, 1.808E-09) ( 5.871E-13, 5.402E-14)  1.00E-07
  7.500E-02 3.96030E-16  4.732E-08 ( 1.982E-08, 1.808E-09) ( 6.073E-13, 5.589E-14)  1.00E-07
  7.750E-02 3.95988E-16  4.890E-08 ( 1.982E-08, 1.808E-09) ( 6.275E-13, 5.775E-14)  1.00E-07
  8.000E-02 3.95945E-16  5.048E-08 ( 1.982E-08, 1.808E-09) ( 6.477E-13, 5.961E-14)  1.00E-07
  8.250E-02 3.95901E-16  5.206E-08 ( 1.981E-08, 1.808E-09) ( 6.680E-13, 6.147E-14)  1.00E-07
  8.500E-02 3.95855E-16  5.364E-08 ( 1.981E-08, 1.808E-09) ( 6.882E-13, 6.334E-14)  1.00E-07
  8.750E-02 3.95808E-16  5.522E-08 ( 1.981E-08, 1.808E-09) ( 7.083E-13, 6.520E-14)  1.00E-07
  9.000E-02 3.95760E-16  5.680E-08 ( 1.981E-08, 1.808E-09) ( 7.285E-13, 6.706E-14)  1.00E-07
  9.250E-02 3.95710E-16  5.838E-08 ( 1.981E-08, 1.808E-09) ( 7.487E-13, 6.892E-14)  1.00E-07
  9.500E-02 3.95659E-16  5.996E-08 ( 1.981E-08, 1.808E-09) ( 7.689E-13, 7.079E-14)  1.00E-07
  9.750E-02 3.95606E-16  6.154E-08 ( 1.981E-08, 1.808E-09) ( 7.891E-13, 7.265E-14)  1.00E-07
  1.000E-01 3.95552E-16  6.312E-08 ( 1.981E-08, 1.808E-09) ( 8.093E-13, 7.451E-14)  1.00E-07
  1.250E-01 3.94939E-16  7.894E-08 ( 1.979E-08, 1.808E-09) ( 1.011E-12, 9.312E-14)  1.00E-07
  1.500E-01 3.94192E-16  9.478E-08 ( 1.977E-08, 1.808E-09) ( 1.212E-12, 1.117E-13)  1.00E-07
  1.750E-01 3.93312E-16  1.107E-07 ( 1.975E-08, 1.807E-09) ( 1.412E-12, 1.303E-13)  1.00E-07
  2.000E-01 3.92300E-16  1.266E-07 ( 1.972E-08, 1.807E-09) ( 1.612E-12, 1.489E-13)  1.00E-07
  2.250E-01 3.91157E-16  1.425E-07 ( 1.970E-08, 1.806E-09) ( 1.811E-12, 1.675E-13)  1.00E-07
  2.500E-01 3.89887E-16  1.585E-07 ( 1.966E-08, 1.806E-09) ( 2.009E-12, 1.860E-13)  1.00E-07
  2.750E-01 3.88489E-16  1.746E-07 ( 1.963E-08, 1.805E-09) ( 2.205E-12, 2.046E-13)  1.00E-07
  3.000E-01 3.86967E-16  1.907E-07 ( 1.959E-08, 1.805E-09) ( 2.401E-12, 2.231E-13)  1.00E-07
  3.250E-01 3.85323E-16  2.069E-07 ( 1.955E-08, 1.804E-09) ( 2.596E-12, 2.416E-13)  1.00E-07
  3.500E-01 3.83559E-16  2.231E-07 ( 1.950E-08, 1.803E-09) ( 2.789E-12, 2.601E-13)  1.00E-07
  3.750E-01 3.81678E-16  2.394E-07 ( 1.945E-08, 1.803E-09) ( 2.981E-12, 2.786E-13)  1.00E-07
  4.000E-01 3.79683E-16  2.558E-07 ( 1.940E-08, 1.802E-09) ( 3.171E-12, 2.970E-13)  1.00E-07
  4.250E-01 3.77576E-16  2.723E-07 ( 1.935E-08, 1.801E-09) ( 3.360E-12, 3.154E-13)  1.00E-07
  4.500E-01 3.75360E-16  2.888E-07 ( 1.929E-08, 1.800E-09) ( 3.547E-12, 3.338E-13)  1.00E-07
  4.750E-01 3.73039E-16  3.055E-07 ( 1.923E-08, 1.799E-09) ( 3.733E-12, 3.522E-13)  1.00E-07
  5.000E-01 3.70615E-16  3.222E-07 ( 1.917E-08, 1.798E-09) ( 3.916E-12, 3.705E-13)  1.00E-07
  5.250E-01 3.68093E-16  3.390E-07 ( 1.910E-08, 1.797E-09) ( 4.098E-12, 3.888E-13)  1.00E-07
  5.500E-01 3.65475E-16  3.560E-07 ( 1.903E-08, 1.796E-09) ( 4.278E-12, 4.071E-13)  1.00E-07
  5.750E-01 3.62765E-16  3.730E-07 ( 1.896E-08, 1.795E-09) ( 4.456E-12, 4.253E-13)  1.00E-07
  6.000E-01 3.59967E-16  3.902E-07 ( 1.889E-08, 1.794E-09) ( 4.631E-12, 4.435E-13)  1.00E-07
  6.250E-01 3.57084E-16  4.075E-07 ( 1.881E-08, 1.792E-09) ( 4.805E-12, 4.617E-13)  1.00E-07
  6.500E-01 3.54120E-16  4.249E-07 ( 1.873E-08, 1.791E-09) ( 4.976E-12, 4.798E-13)  1.00E-07
  6.750E-01 3.51079E-16  4.424E-07 ( 1.865E-08, 1.790E-09) ( 5.145E-12, 4.979E-13)  1.00E-07
  7.000E-01 3.47964E-16  4.601E-07 ( 1.857E-08, 1.788E-09) ( 5.312E-12, 5.159E-13)  1.00E-07
  7.250E-01 3.44779E-16  4.779E-07 ( 1.848E-08, 1.787E-09) ( 5.476E-12, 5.339E-13)  1.00E-07
  7.500E-01 3.41529E-16  4.958E-07 ( 1.839E-08, 1.785E-09) ( 5.638E-12, 5.519E-13)  1.00E-07
  7.750E-01 3.38216E-16  5.139E-07 ( 1.830E-08, 1.784E-09) ( 5.798E-12, 5.698E-13)  1.00E-07
  8.000E-01 3.34845E-16  5.321E-07 ( 1.821E-08, 1.782E-09) ( 5.955E-12, 5.876E-13)  1.00E-07
  8.250E-01 3.31420E-16  5.505E-07 ( 1.812E-08, 1.781E-09) ( 6.109E-12, 6.054E-13)  1.00E-07
  8.500E-01 3.27944E-16  5.690E-07 ( 1.802E-08, 1.779E-09) ( 6.261E-12, 6.232E-13)  1.00E-07
  8.750E-01 3.24421E-16  5.876E-07 ( 1.792E-08, 1.777E-09) ( 6.410E-12, 6.409E-13)  1.00E-07
  9.000E-01 3.20855E-16  6.065E-07 ( 1.782E-08, 1.775E-09) ( 6.557E-12, 6.586E-13)  1.00E-07
  9.250E-01 3.17249E-16  6.255E-07 ( 1.772E-08, 1.774E-09) ( 6.701E-12, 6.762E-13)  1.00E-07
  9.500E-01 3.13608E-16  6.446E-07 ( 1.762E-08, 1.772E-09) ( 6.842E-12, 6.937E-13)  1.00E-07
  9.750E-01 3.09934E-16  6.639E-07 ( 1.752E-08, 1.770E-09) ( 6.981E-12, 7.112E-13)  1.00E-07
  1.000E+00 3.06231E-16  6.834E-07 ( 1.741E-08, 1.768E-09) ( 7.117E-12, 7.287E-13)  1.00E-07
  1.100E+00 2.91202E-16  7.631E-07 ( 1.697E-08, 1.760E-09) ( 7.633E-12, 7.978E-13)  1.00E-07
  1.200E+00 2.75978E-16  8.457E-07 ( 1.652E-08, 1.751E-09) ( 8.105E-12, 8.660E-13)  1.00E-07
  1.300E+00 2.60745E-16  9.312E-07 ( 1.605E-08, 1.741E-09) ( 8.533E-12, 9.331E-13)  1.00E-07
  1.400E+00 2.45668E-16  1.020E-06 ( 1.558E-08, 1.731E-09) ( 8.919E-12, 9.990E-13)  1.00E-07
  1.500E+00 2.30887E-16  1.112E-06 ( 1.510E-08, 1.720E-09) ( 9.262E-12, 1.064E-12)  1.00E-07
  1.600E+00 2.16515E-16  1.206E-06 ( 1.461E-08, 1.709E-09) ( 9.565E-12, 1.127E-12)  1.00E-07
  1.700E+00 2.02643E-16  1.304E-06 ( 1.413E-08, 1.697E-09) ( 9.830E-12, 1.189E-12)  1.00E-07
  1.800E+00 1.89339E-16  1.405E-06 ( 1.366E-08, 1.684E-09) ( 1.006E-11, 1.250E-12)  1.00E-07
  1.900E+00 1.76652E-16  1.509E-06 ( 1.319E-08, 1.671E-09) ( 1.025E-11, 1.310E-12)  1.00E-07
  2.000E+00 1.64613E-16  1.615E-06 ( 1.272E-08, 1.658E-09) ( 1.041E-11, 1.368E-12)  1.00E-07
  2.100E+00 1.53238E-16  1.724E-06 ( 1.227E-08, 1.644E-09) ( 1.055E-11, 1.424E-12)  1.00E-07
  2.200E+00 1.42531E-16  1.836E-06 ( 1.183E-08, 1.630E-09) ( 1.065E-11, 1.479E-12)  1.00E-07
  2.300E+00 1.32486E-16  1.949E-06 ( 1.140E-08, 1.616E-09) ( 1.073E-11, 1.533E-12)  1.00E-07
  2.400E+00 1.23089E-16  2.065E-06 ( 1.098E-08, 1.601E-09) ( 1.079E-11, 1.585E-12)  1.00E-07
  2.500E+00 1.14320E-16  2.181E-06 ( 1.057E-08, 1.586E-09) ( 1.083E-11, 1.636E-12)  1.00E-07
  2.600E+00 1.06154E-16  2.300E-06 ( 1.018E-08, 1.570E-09) ( 1.085E-11, 1.685E-12)  1.00E-07
  2.700E+00 9.85624E-17  2.419E-06 ( 9.805E-09, 1.555E-09) ( 1.085E-11, 1.732E-12)  1.00E-07
  2.800E+00 9.15160E-17  2.538E-06 ( 9.442E-09, 1.539E-09) ( 1.084E-11, 1.778E-12)  1.00E-07
  2.900E+00 8.49835E-17  2.657E-06 ( 9.092E-09, 1.523E-09) ( 1.081E-11, 1.823E-12)  1.00E-07
  3.000E+00 7.89336E-17  2.777E-06 ( 8.756E-09, 1.506E-09) ( 1.077E-11, 1.866E-12)  1.00E-07
  3.100E+00 7.33352E-17  2.895E-06 ( 8.433E-09, 1.490E-09) ( 1.072E-11, 1.907E-12)  1.00E-07
  3.200E+00 6.81576E-17  3.012E-06 ( 8.123E-09, 1.474E-09) ( 1.066E-11, 1.948E-12)  1.00E-07
  3.300E+00 6.33716E-17  3.128E-06 ( 7.826E-09, 1.457E-09) ( 1.060E-11, 1.986E-12)  1.00E-07
  3.400E+00 5.89488E-17  3.241E-06 ( 7.541E-09, 1.441E-09) ( 1.052E-11, 2.023E-12)  1.00E-07
  3.500E+00 5.48625E-17  3.352E-06 ( 7.269E-09, 1.424E-09) ( 1.045E-11, 2.059E-12)  1.00E-07
  3.600E+00 5.10873E-17  3.459E-06 ( 7.008E-09, 1.408E-09) ( 1.036E-11, 2.094E-12)  1.00E-07
  3.700E+00 4.75994E-17  3.563E-06 ( 6.758E-09, 1.391E-09) ( 1.027E-11, 2.127E-12)  1.00E-07
  3.800E+00 4.43766E-17  3.663E-06 ( 6.518E-09, 1.374E-09) ( 1.018E-11, 2.158E-12)  1.00E-07
  3.900E+00 4.13981E-17  3.759E-06 ( 6.289E-09, 1.358E-09) ( 1.008E-11, 2.189E-12)  1.00E-07
  4.000E+00 3.86446E-17  3.849E-06 ( 6.070E-09, 1.341E-09) ( 9.982E-12, 2.218E-12)  1.00E-07
  4.100E+00 3.60984E-17  3.934E-06 ( 5.860E-09, 1.325E-09) ( 9.880E-12, 2.246E-12)  1.00E-07
  4.200E+00 3.37428E-17  4.012E-06 ( 5.660E-09, 1.309E-09) ( 9.777E-12, 2.273E-12)  1.00E-07
  4.300E+00 3.15627E-17  4.084E-06 ( 5.467E-09, 1.292E-09) ( 9.673E-12, 2.298E-12)  1.00E-07
  4.400E+00 2.95441E-17  4.149E-06 ( 5.284E-09, 1.276E-09) ( 9.568E-12, 2.322E-12)  1.00E-07
  4.500E+00 2.76740E-17  4.206E-06 ( 5.107E-09, 1.260E-09) ( 9.462E-12, 2.346E-12)  1.00E-07
  4.600E+00 2.59406E-17  4.255E-06 ( 4.939E-09, 1.244E-09) ( 9.355E-12, 2.368E-12)  1.00E-07
  4.700E+00 2.43329E-17  4.296E-06 ( 4.777E-09, 1.228E-09) ( 9.249E-12, 2.389E-12)  1.00E-07
  4.800E+00 2.28410E-17  4.327E-06 ( 4.623E-09, 1.213E-09) ( 9.143E-12, 2.409E-12)  1.00E-07
  4.900E+00 2.14557E-17  4.349E-06 ( 4.475E-09, 1.197E-09) ( 9.037E-12, 2.428E-12)  1.00E-07
  5.000E+00 2.01686E-17  4.361E-06 ( 4.333E-09, 1.182E-09) ( 8.931E-12, 2.446E-12)  1.00E-07
  5.100E+00 1.89720E-17  4.362E-06 ( 4.197E-09, 1.166E-09) ( 8.827E-12, 2.463E-12)  1.00E-07
  5.200E+00 1.78587E-17  4.353E-06 ( 4.066E-09, 1.151E-09) ( 8.722E-12, 2.479E-12)  1.00E-07
  5.300E+00 1.68223E-17  4.332E-06 ( 3.941E-09, 1.136E-09) ( 8.619E-12, 2.495E-12)  1.00E-07
  5.400E+00 1.58569E-17  4.300E-06 ( 3.821E-09, 1.122E-09) ( 8.517E-12, 2.509E-12)  1.00E-07
  5.500E+00 1.49570E-17  4.255E-06 ( 3.706E-09, 1.107E-09) ( 8.415E-12, 2.523E-12)  1.00E-07
  5.600E+00 1.41176E-17  4.197E-06 ( 3.595E-09, 1.093E-09) ( 8.315E-12, 2.536E-12)  1.00E-07
  5.700E+00 1.33340E-17  4.127E-06 ( 3.489E-09, 1.078E-09) ( 8.216E-12, 2.548E-12)  1.00E-07
  5.800E+00 1.26022E-17  4.043E-06 ( 3.387E-09, 1.064E-09) ( 8.118E-12, 2.559E-12)  1.00E-07
  5.900E+00 1.19182E-17  3.945E-06 ( 3.289E-09, 1.051E-09) ( 8.022E-12, 2.570E-12)  1.00E-07
  6.000E+00 1.12785E-17  3.833E-06 ( 3.194E-09, 1.037E-09) ( 7.926E-12, 2.580E-12)  1.00E-07
  6.100E+00 1.06798E-17  3.706E-06 ( 3.104E-09, 1.023E-09) ( 7.832E-12, 2.589E-12)  1.00E-07
  6.200E+00 1.01191E-17  3.564E-06 ( 3.016E-09, 1.010E-09) ( 7.739E-12, 2.598E-12)  1.00E-07
  6.300E+00 9.59368E-18  3.407E-06 ( 2.932E-09, 9.970E-10) ( 7.648E-12, 2.606E-12)  1.00E-07
  6.400E+00 9.10099E-18  3.233E-06 ( 2.852E-09, 9.841E-10) ( 7.558E-12, 2.613E-12)  1.00E-07
  6.500E+00 8.63869E-18  3.044E-06 ( 2.774E-09, 9.714E-10) ( 7.469E-12, 2.620E-12)  1.00E-07
  6.600E+00 8.20463E-18  2.839E-06 ( 2.699E-09, 9.588E-10) ( 7.382E-12, 2.627E-12)  1.00E-07
  6.700E+00 7.79682E-18  0.000E+00 ( 2.627E-09, 9.465E-10) ( 7.296E-12, 2.633E-12)  1.00E-07
  6.800E+00 7.41345E-18  0.000E+00 ( 2.557E-09, 9.343E-10) ( 7.211E-12, 2.638E-12)  1.00E-07
  6.900E+00 7.05283E-18  0.000E+00 ( 2.490E-09, 9.223E-10) ( 7.128E-12, 2.643E-12)  1.00E-07
  7.000E+00 6.71339E-18  0.000E+00 ( 2.426E-09, 9.104E-10) ( 7.046E-12, 2.647E-12)  1.00E-07
  7.100E+00 6.39371E-18  0.000E+00 ( 2.363E-09, 8.988E-10) ( 6.965E-12, 2.651E-12)  1.00E-07
  7.200E+00 6.09245E-18  0.000E+00 ( 2.303E-09, 8.873E-10) ( 6.886E-12, 2.654E-12)  1.00E-07
  7.300E+00 5.80839E-18  0.000E+00 ( 2.245E-09, 8.761E-10) ( 6.808E-12, 2.658E-12)  1.00E-07
  7.400E+00 5.54038E-18  0.000E+00 ( 2.189E-09, 8.649E-10) ( 6.731E-12, 2.660E-12)  1.00E-07
  7.500E+00 5.28739E-18  0.000E+00 ( 2.135E-09, 8.540E-10) ( 6.656E-12, 2.663E-12)  1.00E-07
  7.600E+00 5.04842E-18  0.000E+00 ( 2.083E-09, 8.432E-10) ( 6.581E-12, 2.664E-12)  1.00E-07
  7.700E+00 4.82258E-18  0.000E+00 ( 2.032E-09, 8.326E-10) ( 6.508E-12, 2.666E-12)  1.00E-07
  7.800E+00 4.60903E-18  0.000E+00 ( 1.983E-09, 8.222E-10) ( 6.436E-12, 2.667E-12)  1.00E-07
  7.900E+00 4.40699E-18  0.000E+00 ( 1.936E-09, 8.119E-10) ( 6.366E-12, 2.668E-12)  1.00E-07
  8.000E+00 4.21574E-18  0.000E+00 ( 1.890E-09, 8.018E-10) ( 6.296E-12, 2.669E-12)  1.00E-07
  8.100E+00 4.03461E-18  0.000E+00 ( 1.846E-09, 7.919E-10) ( 6.228E-12, 2.669E-12)  1.00E-07
  8.200E+00 3.86297E-18  0.000E+00 ( 1.803E-09, 7.821E-10) ( 6.161E-12, 2.669E-12)  1.00E-07
  8.300E+00 3.70024E-18 -3.488E-06 ( 1.762E-09, 7.725E-10) ( 6.095E-12, 2.669E-12)  1.00E-07
  8.400E+00 3.54589E-18 -4.043E-06 ( 1.722E-09, 7.630E-10) ( 6.030E-12, 2.668E-12)  1.00E-07
  8.500E+00 3.39940E-18 -4.620E-06 ( 1.683E-09, 7.537E-10) ( 5.966E-12, 2.668E-12)  1.00E-07
  8.600E+00 3.26032E-18 -5.219E-06 ( 1.645E-09, 7.445E-10) ( 5.903E-12, 2.667E-12)  1.00E-07
  8.700E+00 3.12819E-18 -5.841E-06 ( 1.608E-09, 7.355E-10) ( 5.841E-12, 2.665E-12)  1.00E-07
  8.800E+00 3.00262E-18 -6.485E-06 ( 1.573E-09, 7.266E-10) ( 5.780E-12, 2.664E-12)  1.00E-07
  8.900E+00 2.88323E-18 -7.152E-06 ( 1.539E-09, 7.179E-10) ( 5.721E-12, 2.662E-12)  1.00E-07
  9.000E+00 2.76965E-18 -7.843E-06 ( 1.505E-09, 7.093E-10) ( 5.662E-12, 2.660E-12)  1.00E-07
  9.100E+00 2.66156E-18 -8.556E-06 ( 1.473E-09, 7.008E-10) ( 5.604E-12, 2.658E-12)  1.00E-07
  9.200E+00 2.55865E-18 -9.293E-06 ( 1.442E-09, 6.925E-10) ( 5.547E-12, 2.656E-12)  1.00E-07
  9.300E+00 2.46062E-18 -1.005E-05 ( 1.411E-09, 6.843E-10) ( 5.491E-12, 2.654E-12)  1.00E-07
  9.400E+00 2.36720E-18 -1.084E-05 ( 1.382E-09, 6.763E-10) ( 5.436E-12, 2.651E-12)  1.00E-07
  9.500E+00 2.27813E-18 -1.165E-05 ( 1.353E-09, 6.684E-10) ( 5.382E-12, 2.648E-12)  1.00E-07
  9.600E+00 2.19319E-18 -1.248E-05 ( 1.325E-09, 6.606E-10) ( 5.329E-12, 2.645E-12)  1.00E-07
  9.700E+00 2.11214E-18 -1.334E-05 ( 1.298E-09, 6.529E-10) ( 5.276E-12, 2.642E-12)  1.00E-07
  9.800E+00 2.03477E-18 -1.422E-05 ( 1.272E-09, 6.453E-10) ( 5.224E-12, 2.639E-12)  1.00E-07
  9.900E+00 1.96089E-18 -1.513E-05 ( 1.247E-09, 6.379E-10) ( 5.174E-12, 2.636E-12)  1.00E-07
  1.000E+01 1.89032E-18 -1.606E-05 ( 1.222E-09, 6.306E-10) ( 5.124E-12, 2.632E-12)  1.00E-07
  1.025E+01 1.72720E-18 -1.851E-05 ( 1.163E-09, 6.128E-10) ( 5.002E-12, 2.623E-12)  1.00E-07
  1.050E+01 1.58122E-18 -2.111E-05 ( 1.107E-09, 5.957E-10) ( 4.885E-12, 2.613E-12)  1.00E-07
  1.075E+01 1.45028E-18 -2.388E-05 ( 1.056E-09, 5.793E-10) ( 4.773E-12, 2.602E-12)  1.00E-07
  1.100E+01 1.33257E-18 -2.682E-05 ( 1.007E-09, 5.635E-10) ( 4.665E-12, 2.591E-12)  1.00E-07
  1.125E+01 1.22652E-18 -2.992E-05 ( 9.622E-10, 5.483E-10) ( 4.560E-12, 2.580E-12)  1.00E-07
  1.150E+01 1.13079E-18 -3.320E-05 ( 9.197E-10, 5.337E-10) ( 4.460E-12, 2.568E-12)  1.00E-07
  1.175E+01 1.04420E-18 -3.665E-05 ( 8.798E-10, 5.197E-10) ( 4.363E-12, 2.556E-12)  1.00E-07
  1.200E+01 9.65720E-19 -4.028E-05 ( 8.423E-10, 5.062E-10) ( 4.270E-12, 2.543E-12)  1.00E-07
  1.225E+01 8.94471E-19 -4.409E-05 ( 8.070E-10, 4.932E-10) ( 4.180E-12, 2.530E-12)  1.00E-07
  1.250E+01 8.29666E-19 -4.807E-05 ( 7.737E-10, 4.806E-10) ( 4.093E-12, 2.517E-12)  1.00E-07
  1.275E+01 7.70622E-19 -5.224E-05 ( 7.423E-10, 4.685E-10) ( 4.010E-12, 2.504E-12)  1.00E-07
  1.300E+01 7.16737E-19 -5.660E-05 ( 7.127E-10, 4.569E-10) ( 3.929E-12, 2.490E-12)  1.00E-07
  1.325E+01 6.67481E-19 -6.114E-05 ( 6.847E-10, 4.457E-10) ( 3.850E-12, 2.476E-12)  1.00E-07
  1.350E+01 6.22386E-19 -6.587E-05 ( 6.582E-10, 4.349E-10) ( 3.775E-12, 2.463E-12)  1.00E-07
  1.375E+01 5.81038E-19 -7.080E-05 ( 6.332E-10, 4.244E-10) ( 3.702E-12, 2.449E-12)  1.00E-07
  1.400E+01 5.43071E-19 -7.591E-05 ( 6.094E-10, 4.144E-10) ( 3.631E-12, 2.435E-12)  1.00E-07
  1.425E+01 5.08159E-19 -8.122E-05 ( 5.869E-10, 4.046E-10) ( 3.562E-12, 2.421E-12)  1.00E-07
  1.450E+01 4.76012E-19 -8.672E-05 ( 5.655E-10, 3.952E-10) ( 3.496E-12, 2.407E-12)  1.00E-07
  1.475E+01 4.46371E-19 -9.242E-05 ( 5.452E-10, 3.862E-10) ( 3.432E-12, 2.393E-12)  1.00E-07
  1.500E+01 4.19007E-19 -9.833E-05 ( 5.259E-10, 3.774E-10) ( 3.370E-12, 2.379E-12)  1.00E-07
  1.525E+01 3.93713E-19 -1.044E-04 ( 5.075E-10, 3.689E-10) ( 3.309E-12, 2.365E-12)  1.00E-07
  1.550E+01 3.70303E-19 -1.107E-04 ( 4.900E-10, 3.608E-10) ( 3.251E-12, 2.351E-12)  1.00E-07
  1.575E+01 3.48612E-19 -1.172E-04 ( 4.734E-10, 3.528E-10) ( 3.194E-12, 2.337E-12)  1.00E-07
  1.600E+01 3.28491E-19 -1.239E-04 ( 4.575E-10, 3.452E-10) ( 3.139E-12, 2.323E-12)  1.00E-07
  1.625E+01 3.09805E-19 -1.309E-04 ( 4.424E-10, 3.378E-10) ( 3.085E-12, 2.310E-12)  1.00E-07
  1.650E+01 2.92433E-19 -1.380E-04 ( 4.279E-10, 3.306E-10) ( 3.033E-12, 2.296E-12)  1.00E-07
  1.675E+01 2.76266E-19 -1.453E-04 ( 4.141E-10, 3.236E-10) ( 2.982E-12, 2.282E-12)  1.00E-07
  1.700E+01 2.61205E-19 -1.529E-04 ( 4.010E-10, 3.169E-10) ( 2.933E-12, 2.268E-12)  1.00E-07
  1.725E+01 2.47160E-19 -1.606E-04 ( 3.884E-10, 3.104E-10) ( 2.885E-12, 2.255E-12)  1.00E-07
  1.750E+01 2.34050E-19 -1.686E-04 ( 3.763E-10, 3.040E-10) ( 2.839E-12, 2.241E-12)  1.00E-07
  1.775E+01 2.21802E-19 -1.768E-04 ( 3.647E-10, 2.979E-10) ( 2.794E-12, 2.228E-12)  1.00E-07
  1.800E+01 2.10348E-19 -1.852E-04 ( 3.537E-10, 2.920E-10) ( 2.750E-12, 2.215E-12)  1.00E-07
  1.825E+01 1.99626E-19 -1.938E-04 ( 3.431E-10, 2.862E-10) ( 2.707E-12, 2.201E-12)  1.00E-07
  1.850E+01 1.89583E-19 -2.026E-04 ( 3.329E-10, 2.806E-10) ( 2.665E-12, 2.188E-12)  1.00E-07
  1.875E+01 1.80166E-19 -2.116E-04 ( 3.232E-10, 2.752E-10) ( 2.624E-12, 2.175E-12)  1.00E-07
  1.900E+01 1.71329E-19 -2.209E-04 ( 3.138E-10, 2.699E-10) ( 2.585E-12, 2.162E-12)  1.00E-07
  1.925E+01 1.63030E-19 -2.304E-04 ( 3.048E-10, 2.647E-10) ( 2.546E-12, 2.150E-12)  1.00E-07
  1.950E+01 1.55230E-19 -2.401E-04 ( 2.962E-10, 2.598E-10) ( 2.508E-12, 2.137E-12)  1.00E-07
  1.975E+01 1.47894E-19 -2.500E-04 ( 2.879E-10, 2.549E-10) ( 2.471E-12, 2.124E-12)  1.00E-07
  2.000E+01 1.40988E-19 -2.601E-04 ( 2.799E-10, 2.502E-10) ( 2.436E-12, 2.112E-12)  1.00E-07
  2.025E+01 1.34482E-19 -2.705E-04 ( 2.723E-10, 2.457E-10) ( 2.401E-12, 2.099E-12)  1.00E-07
  2.050E+01 1.28350E-19 -2.810E-04 ( 2.649E-10, 2.412E-10) ( 2.366E-12, 2.087E-12)  1.00E-07
  2.075E+01 1.22565E-19 -2.918E-04 ( 2.578E-10, 2.369E-10) ( 2.333E-12, 2.075E-12)  1.00E-07
  2.100E+01 1.17105E-19 -3.029E-04 ( 2.509E-10, 2.327E-10) ( 2.301E-12, 2.063E-12)  1.00E-07
  2.125E+01 1.11947E-19 -3.141E-04 ( 2.443E-10, 2.286E-10) ( 2.269E-12, 2.051E-12)  1.00E-07
  2.150E+01 1.07071E-19 -3.256E-04 ( 2.380E-10, 2.246E-10) ( 2.238E-12, 2.039E-12)  1.00E-07
  2.175E+01 1.02460E-19 -3.373E-04 ( 2.318E-10, 2.207E-10) ( 2.207E-12, 2.027E-12)  1.00E-07
  2.200E+01 9.80961E-20 -3.492E-04 ( 2.259E-10, 2.169E-10) ( 2.178E-12, 2.015E-12)  1.00E-07
  2.225E+01 9.39635E-20 -3.613E-04 ( 2.202E-10, 2.132E-10) ( 2.149E-12, 2.004E-12)  1.00E-07
  2.250E+01 9.00476E-20 -3.737E-04 ( 2.147E-10, 2.096E-10) ( 2.120E-12, 1.992E-12)  1.00E-07
  2.275E+01 8.63351E-20 -3.863E-04 ( 2.094E-10, 2.061E-10) ( 2.092E-12, 1.981E-12)  1.00E-07
  2.300E+01 8.28132E-20 -3.991E-04 ( 2.042E-10, 2.027E-10) ( 2.065E-12, 1.969E-12)  1.00E-07
  2.325E+01 7.94704E-20 -4.121E-04 ( 1.992E-10, 1.994E-10) ( 2.039E-12, 1.958E-12)  1.00E-07
  2.350E+01 7.62957E-20 -4.254E-04 ( 1.944E-10, 1.962E-10) ( 2.013E-12, 1.947E-12)  1.00E-07
  2.375E+01 7.32792E-20 -4.389E-04 ( 1.898E-10, 1.930E-10) ( 1.987E-12, 1.936E-12)  1.00E-07
  2.400E+01 7.04114E-20 -4.526E-04 ( 1.853E-10, 1.899E-10) ( 1.962E-12, 1.925E-12)  1.00E-07
  2.425E+01 6.76837E-20 -4.666E-04 ( 1.809E-10, 1.869E-10) ( 1.938E-12, 1.914E-12)  1.00E-07
  2.450E+01 6.50877E-20 -4.808E-04 ( 1.767E-10, 1.840E-10) ( 1.914E-12, 1.904E-12)  1.00E-07
  2.475E+01 6.26160E-20 -4.952E-04 ( 1.727E-10, 1.811E-10) ( 1.890E-12, 1.893E-12)  1.00E-07
  2.500E+01 6.02615E-20 -5.098E-04 ( 1.687E-10, 1.783E-10) ( 1.867E-12, 1.883E-12)  1.00E-07
  2.550E+01 5.58780E-20 -5.397E-04 ( 1.612E-10, 1.729E-10) ( 1.823E-12, 1.862E-12)  1.00E-07
  2.600E+01 5.18891E-20 -5.705E-04 ( 1.541E-10, 1.677E-10) ( 1.780E-12, 1.842E-12)  1.00E-07
  2.650E+01 4.82528E-20 -6.023E-04 ( 1.474E-10, 1.628E-10) ( 1.739E-12, 1.822E-12)  1.00E-07
  2.700E+01 4.49323E-20 -6.349E-04 ( 1.412E-10, 1.581E-10) ( 1.699E-12, 1.802E-12)  1.00E-07
  2.750E+01 4.18952E-20 -6.684E-04 ( 1.352E-10, 1.536E-10) ( 1.661E-12, 1.783E-12)  1.00E-07
  2.800E+01 3.91128E-20 -7.028E-04 ( 1.297E-10, 1.493E-10) ( 1.624E-12, 1.764E-12)  1.00E-07
  2.850E+01 3.65598E-20 -7.382E-04 ( 1.244E-10, 1.452E-10) ( 1.589E-12, 1.745E-12)  1.00E-07
  2.900E+01 3.42139E-20 -7.744E-04 ( 1.194E-10, 1.412E-10) ( 1.554E-12, 1.727E-12)  1.00E-07
  2.950E+01 3.20551E-20 -8.114E-04 ( 1.147E-10, 1.374E-10) ( 1.521E-12, 1.709E-12)  1.00E-07
  3.000E+01 3.00658E-20 -8.494E-04 ( 1.103E-10, 1.338E-10) ( 1.489E-12, 1.692E-12)  1.00E-07
  3.050E+01 2.82301E-20 -8.882E-04 ( 1.060E-10, 1.303E-10) ( 1.459E-12, 1.674E-12)  1.00E-07
  3.100E+01 2.65340E-20 -9.279E-04 ( 1.020E-10, 1.270E-10) ( 1.429E-12, 1.657E-12)  1.00E-07
  3.150E+01 2.49649E-20 -9.685E-04 ( 9.822E-11, 1.237E-10) ( 1.400E-12, 1.641E-12)  1.00E-07
  3.200E+01 2.35116E-20 -1.010E-03 ( 9.460E-11, 1.207E-10) ( 1.372E-12, 1.624E-12)  1.00E-07
  3.250E+01 2.21638E-20 -1.052E-03 ( 9.117E-11, 1.177E-10) ( 1.345E-12, 1.608E-12)  1.00E-07
  3.300E+01 2.09125E-20 -1.095E-03 ( 8.790E-11, 1.148E-10) ( 1.319E-12, 1.592E-12)  1.00E-07
  3.350E+01 1.97495E-20 -1.139E-03 ( 8.479E-11, 1.121E-10) ( 1.293E-12, 1.577E-12)  1.00E-07
  3.400E+01 1.86674E-20 -1.184E-03 ( 8.183E-11, 1.094E-10) ( 1.269E-12, 1.561E-12)  1.00E-07
  3.450E+01 1.76594E-20 -1.230E-03 ( 7.900E-11, 1.068E-10) ( 1.245E-12, 1.546E-12)  1.00E-07
  3.500E+01 1.67196E-20 -1.276E-03 ( 7.631E-11, 1.044E-10) ( 1.222E-12, 1.531E-12)  1.00E-07
  3.550E+01 1.58424E-20 -1.323E-03 ( 7.374E-11, 1.020E-10) ( 1.199E-12, 1.517E-12)  1.00E-07
  3.600E+01 1.50230E-20 -1.371E-03 ( 7.129E-11, 9.969E-11) ( 1.178E-12, 1.502E-12)  1.00E-07
  3.650E+01 1.42567E-20 -1.420E-03 ( 6.894E-11, 9.747E-11) ( 1.156E-12, 1.488E-12)  1.00E-07
  3.700E+01 1.35395E-20 -1.470E-03 ( 6.670E-11, 9.532E-11) ( 1.136E-12, 1.474E-12)  1.00E-07
  3.750E+01 1.28676E-20 -1.520E-03 ( 6.456E-11, 9.325E-11) ( 1.116E-12, 1.460E-12)  1.00E-07
  3.800E+01 1.22376E-20 -1.571E-03 ( 6.251E-11, 9.125E-11) ( 1.096E-12, 1.447E-12)  1.00E-07
  3.850E+01 1.16464E-20 -1.623E-03 ( 6.054E-11, 8.932E-11) ( 1.077E-12, 1.433E-12)  1.00E-07
  3.900E+01 1.10912E-20 -1.676E-03 ( 5.866E-11, 8.745E-11) ( 1.059E-12, 1.420E-12)  1.00E-07
  3.950E+01 1.05693E-20 -1.729E-03 ( 5.686E-11, 8.563E-11) ( 1.041E-12, 1.407E-12)  1.00E-07
  4.000E+01 1.00784E-20 -1.783E-03 ( 5.513E-11, 8.388E-11) ( 1.024E-12, 1.395E-12)  1.00E-07
  4.050E+01 9.61627E-21 -1.838E-03 ( 5.347E-11, 8.218E-11) ( 1.007E-12, 1.382E-12)  1.00E-07
  4.100E+01 9.18088E-21 -1.893E-03 ( 5.188E-11, 8.054E-11) ( 9.902E-13, 1.370E-12)  1.00E-07
  4.150E+01 8.77039E-21 -1.949E-03 ( 5.035E-11, 7.895E-11) ( 9.741E-13, 1.357E-12)  1.00E-07
  4.200E+01 8.38311E-21 -2.006E-03 ( 4.888E-11, 7.740E-11) ( 9.583E-13, 1.345E-12)  1.00E-07
  4.250E+01 8.01747E-21 -2.064E-03 ( 4.747E-11, 7.590E-11) ( 9.430E-13, 1.334E-12)  1.00E-07
  4.300E+01 7.67203E-21 -2.122E-03 ( 4.611E-11, 7.445E-11) ( 9.281E-13, 1.322E-12)  1.00E-07
  4.350E+01 7.34544E-21 -2.180E-03 ( 4.481E-11, 7.304E-11) ( 9.135E-13, 1.310E-12)  1.00E-07
  4.400E+01 7.03649E-21 -2.240E-03 ( 4.355E-11, 7.167E-11) ( 8.993E-13, 1.299E-12)  1.00E-07
  4.450E+01 6.74404E-21 -2.300E-03 ( 4.235E-11, 7.035E-11) ( 8.854E-13, 1.288E-12)  1.00E-07
  4.500E+01 6.46702E-21 -2.360E-03 ( 4.118E-11, 6.906E-11) ( 8.718E-13, 1.277E-12)  1.00E-07
  4.550E+01 6.20447E-21 -2.421E-03 ( 4.006E-11, 6.780E-11) ( 8.586E-13, 1.266E-12)  1.00E-07
  4.600E+01 5.95548E-21 -2.483E-03 ( 3.898E-11, 6.659E-11) ( 8.456E-13, 1.255E-12)  1.00E-07
  4.650E+01 5.71922E-21 -2.545E-03 ( 3.794E-11, 6.540E-11) ( 8.330E-13, 1.244E-12)  1.00E-07
  4.700E+01 5.49490E-21 -2.608E-03 ( 3.693E-11, 6.425E-11) ( 8.207E-13, 1.234E-12)  1.00E-07
  4.750E+01 5.28181E-21 -2.672E-03 ( 3.596E-11, 6.314E-11) ( 8.086E-13, 1.223E-12)  1.00E-07
  4.800E+01 5.07926E-21 -2.735E-03 ( 3.503E-11, 6.205E-11) ( 7.968E-13, 1.213E-12)  1.00E-07
  4.850E+01 4.88664E-21 -2.800E-03 ( 3.413E-11, 6.099E-11) ( 7.853E-13, 1.203E-12)  1.00E-07
  4.900E+01 4.70336E-21 -2.865E-03 ( 3.326E-11, 5.996E-11) ( 7.740E-13, 1.193E-12)  1.00E-07
  4.950E+01 4.52888E-21 -2.930E-03 ( 3.241E-11, 5.896E-11) ( 7.629E-13, 1.183E-12)  1.00E-07
  5.000E+01 4.36269E-21 -2.996E-03 ( 3.160E-11, 5.798E-11) ( 7.521E-13, 1.173E-12)  1.00E-07
  5.050E+01 4.20433E-21 -3.062E-03 ( 3.081E-11, 5.703E-11) ( 7.416E-13, 1.164E-12)  1.00E-07
  5.100E+01 4.05334E-21 -3.129E-03 ( 3.005E-11, 5.611E-11) ( 7.312E-13, 1.154E-12)  1.00E-07
  5.150E+01 3.90931E-21 -3.196E-03 ( 2.932E-11, 5.521E-11) ( 7.211E-13, 1.145E-12)  1.00E-07
  5.200E+01 3.77187E-21 -3.263E-03 ( 2.861E-11, 5.433E-11) ( 7.111E-13, 1.135E-12)  1.00E-07
  5.250E+01 3.64064E-21 -3.331E-03 ( 2.792E-11, 5.347E-11) ( 7.014E-13, 1.126E-12)  1.00E-07
  5.300E+01 3.51530E-21 -3.399E-03 ( 2.725E-11, 5.264E-11) ( 6.919E-13, 1.117E-12)  1.00E-07
  5.350E+01 3.39552E-21 -3.468E-03 ( 2.661E-11, 5.183E-11) ( 6.826E-13, 1.108E-12)  1.00E-07
  5.400E+01 3.28101E-21 -3.537E-03 ( 2.598E-11, 5.103E-11) ( 6.734E-13, 1.099E-12)  1.00E-07
  5.450E+01 3.17149E-21 -3.606E-03 ( 2.538E-11, 5.026E-11) ( 6.645E-13, 1.091E-12)  1.00E-07
  5.500E+01 3.06670E-21 -3.675E-03 ( 2.479E-11, 4.950E-11) ( 6.557E-13, 1.082E-12)  1.00E-07
  5.550E+01 2.96639E-21 -3.745E-03 ( 2.422E-11, 4.877E-11) ( 6.470E-13, 1.073E-12)  1.00E-07
  5.600E+01 2.87034E-21 -3.815E-03 ( 2.367E-11, 4.805E-11) ( 6.386E-13, 1.065E-12)  1.00E-07
  5.650E+01 2.77831E-21 -3.885E-03 ( 2.314E-11, 4.734E-11) ( 6.303E-13, 1.056E-12)  1.00E-07
  5.700E+01 2.69013E-21 -3.956E-03 ( 2.262E-11, 4.666E-11) ( 6.222E-13, 1.048E-12)  1.00E-07
  5.750E+01 2.60558E-21 -4.027E-03 ( 2.212E-11, 4.599E-11) ( 6.142E-13, 1.040E-12)  1.00E-07
  5.800E+01 2.52448E-21 -4.098E-03 ( 2.163E-11, 4.533E-11) ( 6.064E-13, 1.032E-12)  1.00E-07
  5.850E+01 2.44668E-21 -4.169E-03 ( 2.116E-11, 4.470E-11) ( 5.987E-13, 1.024E-12)  1.00E-07
  5.900E+01 2.37201E-21 -4.241E-03 ( 2.070E-11, 4.407E-11) ( 5.911E-13, 1.016E-12)  1.00E-07
  5.950E+01 2.30031E-21 -4.312E-03 ( 2.025E-11, 4.346E-11) ( 5.837E-13, 1.008E-12)  1.00E-07
  6.000E+01 2.23144E-21 -4.384E-03 ( 1.982E-11, 4.286E-11) ( 5.764E-13, 1.000E-12)  1.00E-07
  6.050E+01 2.16528E-21 -4.456E-03 ( 1.940E-11, 4.228E-11) ( 5.693E-13, 9.923E-13)  1.00E-07
  6.100E+01 2.10168E-21 -4.528E-03 ( 1.899E-11, 4.171E-11) ( 5.623E-13, 9.846E-13)  1.00E-07
  6.150E+01 2.04054E-21 -4.600E-03 ( 1.859E-11, 4.115E-11) ( 5.554E-13, 9.771E-13)  1.00E-07
  6.200E+01 1.98173E-21 -4.672E-03 ( 1.820E-11, 4.061E-11) ( 5.486E-13, 9.696E-13)  1.00E-07
  6.250E+01 1.92515E-21 -4.744E-03 ( 1.783E-11, 4.008E-11) ( 5.419E-13, 9.621E-13)  1.00E-07
  6.300E+01 1.87070E-21 -4.816E-03 ( 1.746E-11, 3.955E-11) ( 5.354E-13, 9.548E-13)  1.00E-07
  6.350E+01 1.81828E-21 -4.889E-03 ( 1.711E-11, 3.904E-11) ( 5.289E-13, 9.475E-13)  1.00E-07
  6.400E+01 1.76780E-21 -4.961E-03 ( 1.676E-11, 3.855E-11) ( 5.226E-13, 9.403E-13)  1.00E-07
  6.450E+01 1.71917E-21 -5.033E-03 ( 1.642E-11, 3.806E-11) ( 5.164E-13, 9.331E-13)  1.00E-07
  6.500E+01 1.67231E-21 -5.105E-03 ( 1.610E-11, 3.758E-11) ( 5.103E-13, 9.260E-13)  1.00E-07
  6.550E+01 1.62714E-21 -5.178E-03 ( 1.578E-11, 3.711E-11) ( 5.043E-13, 9.190E-13)  1.00E-07
  6.600E+01 1.58360E-21 -5.250E-03 ( 1.547E-11, 3.665E-11) ( 4.984E-13, 9.121E-13)  1.00E-07
  6.650E+01 1.54160E-21 -5.322E-03 ( 1.517E-11, 3.620E-11) ( 4.925E-13, 9.052E-13)  1.00E-07
  6.700E+01 1.50108E-21 -5.394E-03 ( 1.487E-11, 3.576E-11) ( 4.868E-13, 8.983E-13)  1.00E-07
  6.750E+01 1.46198E-21 -5.466E-03 ( 1.459E-11, 3.533E-11) ( 4.812E-13, 8.916E-13)  1.00E-07
  6.800E+01 1.42425E-21 -5.538E-03 ( 1.431E-11, 3.491E-11) ( 4.756E-13, 8.849E-13)  1.00E-07
  6.850E+01 1.38781E-21 -5.610E-03 ( 1.403E-11, 3.449E-11) ( 4.702E-13, 8.782E-13)  1.00E-07
  6.900E+01 1.35262E-21 -5.681E-03 ( 1.377E-11, 3.409E-11) ( 4.648E-13, 8.716E-13)  1.00E-07
  6.950E+01 1.31863E-21 -5.753E-03 ( 1.351E-11, 3.369E-11) ( 4.595E-13, 8.651E-13)  1.00E-07
  7.000E+01 1.28578E-21 -5.824E-03 ( 1.326E-11, 3.330E-11) ( 4.543E-13, 8.586E-13)  1.00E-07
  7.050E+01 1.25403E-21 -5.895E-03 ( 1.301E-11, 3.292E-11) ( 4.492E-13, 8.522E-13)  1.00E-07
  7.100E+01 1.22334E-21 -5.966E-03 ( 1.277E-11, 3.255E-11) ( 4.441E-13, 8.458E-13)  1.00E-07
  7.150E+01 1.19366E-21 -6.036E-03 ( 1.254E-11, 3.218E-11) ( 4.391E-13, 8.395E-13)  1.00E-07
  7.200E+01 1.16496E-21 -6.107E-03 ( 1.231E-11, 3.182E-11) ( 4.342E-13, 8.332E-13)  1.00E-07
  7.250E+01 1.13719E-21 -6.177E-03 ( 1.209E-11, 3.147E-11) ( 4.294E-13, 8.270E-13)  1.00E-07
  7.300E+01 1.11031E-21 -6.246E-03 ( 1.187E-11, 3.112E-11) ( 4.246E-13, 8.208E-13)  1.00E-07
  7.350E+01 1.08430E-21 -6.316E-03 ( 1.166E-11, 3.078E-11) ( 4.199E-13, 8.147E-13)  1.00E-07
  7.400E+01 1.05911E-21 -6.385E-03 ( 1.146E-11, 3.045E-11) ( 4.153E-13, 8.087E-13)  1.00E-07
  7.450E+01 1.03473E-21 -6.454E-03 ( 1.125E-11, 3.012E-11) ( 4.108E-13, 8.026E-13)  1.00E-07
  7.500E+01 1.01110E-21 -6.522E-03 ( 1.106E-11, 2.980E-11) ( 4.063E-13, 7.967E-13)  1.00E-07
  7.550E+01 9.88218E-22 -6.590E-03 ( 1.087E-11, 2.949E-11) ( 4.018E-13, 7.907E-13)  1.00E-07
  7.600E+01 9.66041E-22 -6.658E-03 ( 1.068E-11, 2.918E-11) ( 3.975E-13, 7.849E-13)  1.00E-07
  7.650E+01 9.44547E-22 -6.726E-03 ( 1.049E-11, 2.887E-11) ( 3.932E-13, 7.790E-13)  1.00E-07
  7.700E+01 9.23711E-22 -6.793E-03 ( 1.032E-11, 2.858E-11) ( 3.889E-13, 7.732E-13)  1.00E-07
  7.750E+01 9.03506E-22 -6.859E-03 ( 1.014E-11, 2.828E-11) ( 3.847E-13, 7.675E-13)  1.00E-07
  7.800E+01 8.83911E-22 -6.925E-03 ( 9.970E-12, 2.800E-11) ( 3.806E-13, 7.618E-13)  1.00E-07
  7.850E+01 8.64903E-22 -6.991E-03 ( 9.803E-12, 2.771E-11) ( 3.765E-13, 7.561E-13)  1.00E-07
  7.900E+01 8.46461E-22 -7.056E-03 ( 9.640E-12, 2.744E-11) ( 3.725E-13, 7.505E-13)  1.00E-07
  7.950E+01 8.28564E-22 -7.121E-03 ( 9.481E-12, 2.717E-11) ( 3.686E-13, 7.449E-13)  1.00E-07
  8.000E+01 8.11193E-22 -7.185E-03 ( 9.325E-12, 2.690E-11) ( 3.646E-13, 7.394E-13)  1.00E-07
  8.050E+01 7.94329E-22 -7.249E-03 ( 9.173E-12, 2.664E-11) ( 3.608E-13, 7.339E-13)  1.00E-07
  8.100E+01 7.77953E-22 -7.312E-03 ( 9.024E-12, 2.638E-11) ( 3.570E-13, 7.284E-13)  1.00E-07
  8.150E+01 7.62050E-22 -7.374E-03 ( 8.878E-12, 2.613E-11) ( 3.532E-13, 7.230E-13)  1.00E-07
  8.200E+01 7.46603E-22 -7.436E-03 ( 8.735E-12, 2.588E-11) ( 3.495E-13, 7.176E-13)  1.00E-07
  8.250E+01 7.31594E-22 -7.498E-03 ( 8.596E-12, 2.563E-11) ( 3.458E-13, 7.122E-13)  1.00E-07
  8.300E+01 7.17011E-22 -7.559E-03 ( 8.460E-12, 2.539E-11) ( 3.422E-13, 7.069E-13)  1.00E-07
  8.350E+01 7.02837E-22 -7.619E-03 ( 8.326E-12, 2.516E-11) ( 3.386E-13, 7.016E-13)  1.00E-07
  8.400E+01 6.89059E-22 -7.678E-03 ( 8.196E-12, 2.493E-11) ( 3.351E-13, 6.964E-13)  1.00E-07
  8.450E+01 6.75663E-22 -7.737E-03 ( 8.068E-12, 2.470E-11) ( 3.316E-13, 6.912E-13)  1.00E-07
  8.500E+01 6.62638E-22 -7.796E-03 ( 7.943E-12, 2.447E-11) ( 3.282E-13, 6.860E-13)  1.00E-07
  8.550E+01 6.49969E-22 -7.853E-03 ( 7.821E-12, 2.425E-11) ( 3.248E-13, 6.809E-13)  1.00E-07
  8.600E+01 6.37646E-22 -7.910E-03 ( 7.701E-12, 2.404E-11) ( 3.214E-13, 6.758E-13)  1.00E-07
  8.650E+01 6.25657E-22 -7.967E-03 ( 7.584E-12, 2.382E-11) ( 3.181E-13, 6.707E-13)  1.00E-07
  8.700E+01 6.13990E-22 -8.022E-03 ( 7.470E-12, 2.361E-11) ( 3.148E-13, 6.656E-13)  1.00E-07
  8.750E+01 6.02637E-22 -8.077E-03 ( 7.357E-12, 2.341E-11) ( 3.116E-13, 6.606E-13)  1.00E-07
  8.800E+01 5.91585E-22 -8.131E-03 ( 7.247E-12, 2.321E-11) ( 3.084E-13, 6.557E-13)  1.00E-07
  8.850E+01 5.80826E-22 -8.185E-03 ( 7.140E-12, 2.301E-11) ( 3.052E-13, 6.507E-13)  1.00E-07
  8.900E+01 5.70351E-22 -8.237E-03 ( 7.034E-12, 2.281E-11) ( 3.021E-13, 6.458E-13)  1.00E-07
  8.950E+01 5.60149E-22 -8.289E-03 ( 6.931E-12, 2.262E-11) ( 2.990E-13, 6.409E-13)  1.00E-07
  9.000E+01 5.50213E-22 -8.340E-03 ( 6.830E-12, 2.243E-11) ( 2.960E-13, 6.360E-13)  1.00E-07
  9.050E+01 5.40534E-22 -8.390E-03 ( 6.731E-12, 2.224E-11) ( 2.930E-13, 6.312E-13)  1.00E-07
  9.100E+01 5.31104E-22 -8.440E-03 ( 6.633E-12, 2.206E-11) ( 2.900E-13, 6.264E-13)  1.00E-07
  9.150E+01 5.21916E-22 -8.489E-03 ( 6.538E-12, 2.188E-11) ( 2.870E-13, 6.216E-13)  1.00E-07
  9.200E+01 5.12961E-22 -8.536E-03 ( 6.445E-12, 2.170E-11) ( 2.841E-13, 6.169E-13)  1.00E-07
  9.250E+01 5.04233E-22 -8.583E-03 ( 6.354E-12, 2.153E-11) ( 2.812E-13, 6.122E-13)  1.00E-07
  9.300E+01 4.95725E-22 -8.629E-03 ( 6.264E-12, 2.136E-11) ( 2.784E-13, 6.075E-13)  1.00E-07
  9.350E+01 4.87429E-22 -8.674E-03 ( 6.176E-12, 2.119E-11) ( 2.755E-13, 6.028E-13)  1.00E-07
  9.400E+01 4.79341E-22 -8.719E-03 ( 6.090E-12, 2.102E-11) ( 2.727E-13, 5.982E-13)  1.00E-07
  9.450E+01 4.71452E-22 -8.762E-03 ( 6.006E-12, 2.086E-11) ( 2.700E-13, 5.936E-13)  1.00E-07
  9.500E+01 4.63758E-22 -8.804E-03 ( 5.923E-12, 2.069E-11) ( 2.672E-13, 5.890E-13)  1.00E-07
  9.550E+01 4.56253E-22 -8.846E-03 ( 5.842E-12, 2.054E-11) ( 2.645E-13, 5.844E-13)  1.00E-07
  9.600E+01 4.48930E-22 -8.887E-03 ( 5.763E-12, 2.038E-11) ( 2.619E-13, 5.799E-13)  1.00E-07
  9.650E+01 4.41785E-22 -8.926E-03 ( 5.685E-12, 2.023E-11) ( 2.592E-13, 5.754E-13)  1.00E-07
  9.700E+01 4.34813E-22 -8.965E-03 ( 5.608E-12, 2.007E-11) ( 2.566E-13, 5.709E-13)  1.00E-07
  9.750E+01 4.28008E-22 -9.003E-03 ( 5.533E-12, 1.993E-11) ( 2.540E-13, 5.664E-13)  1.00E-07
  9.800E+01 4.21366E-22 -9.039E-03 ( 5.460E-12, 1.978E-11) ( 2.514E-13, 5.620E-13)  1.00E-07
  9.850E+01 4.14881E-22 -9.075E-03 ( 5.388E-12, 1.963E-11) ( 2.489E-13, 5.576E-13)  1.00E-07
  9.900E+01 4.08550E-22 -9.110E-03 ( 5.317E-12, 1.949E-11) ( 2.464E-13, 5.532E-13)  1.00E-07
  9.950E+01 4.02368E-22 -9.143E-03 ( 5.247E-12, 1.935E-11) ( 2.439E-13, 5.488E-13)  1.00E-07
  1.000E+02 3.96331E-22 -9.176E-03 ( 5.179E-12, 1.921E-11) ( 2.414E-13, 5.445E-13)  1.00E-07
  1.005E+02 3.90435E-22 -9.208E-03 ( 5.112E-12, 1.908E-11) ( 2.390E-13, 5.401E-13)  1.00E-07
  1.010E+02 3.84675E-22 -9.238E-03 ( 5.047E-12, 1.894E-11) ( 2.366E-13, 5.358E-13)  1.00E-07
  1.015E+02 3.79049E-22 -9.268E-03 ( 4.983E-12, 1.881E-11) ( 2.342E-13, 5.316E-13)  1.00E-07
  1.020E+02 3.73552E-22 -9.296E-03 ( 4.919E-12, 1.868E-11) ( 2.318E-13, 5.273E-13)  1.00E-07
  1.025E+02 3.68180E-22 -9.324E-03 ( 4.857E-12, 1.855E-11) ( 2.294E-13, 5.230E-13)  1.00E-07
  1.030E+02 3.62931E-22 -9.350E-03 ( 4.797E-12, 1.843E-11) ( 2.271E-13, 5.188E-13)  1.00E-07
  1.035E+02 3.57801E-22 -9.375E-03 ( 4.737E-12, 1.830E-11) ( 2.248E-13, 5.146E-13)  1.00E-07
  1.040E+02 3.52787E-22 -9.399E-03 ( 4.678E-12, 1.818E-11) ( 2.225E-13, 5.104E-13)  1.00E-07
  1.045E+02 3.47886E-22 -9.422E-03 ( 4.621E-12, 1.806E-11) ( 2.203E-13, 5.063E-13)  1.00E-07
  1.050E+02 3.43094E-22 -9.444E-03 ( 4.564E-12, 1.794E-11) ( 2.180E-13, 5.021E-13)  1.00E-07
  1.055E+02 3.38408E-22 -9.465E-03 ( 4.509E-12, 1.783E-11) ( 2.158E-13, 4.980E-13)  1.00E-07
  1.060E+02 3.33827E-22 -9.485E-03 ( 4.454E-12, 1.771E-11) ( 2.136E-13, 4.939E-13)  1.00E-07
  1.065E+02 3.29347E-22 -9.503E-03 ( 4.401E-12, 1.760E-11) ( 2.114E-13, 4.898E-13)  1.00E-07
  1.070E+02 3.24966E-22 -9.520E-03 ( 4.349E-12, 1.749E-11) ( 2.093E-13, 4.858E-13)  1.00E-07
  1.075E+02 3.20680E-22 -9.537E-03 ( 4.297E-12, 1.738E-11) ( 2.071E-13, 4.817E-13)  1.00E-07
  1.080E+02 3.16488E-22 -9.552E-03 ( 4.246E-12, 1.727E-11) ( 2.050E-13, 4.777E-13)  1.00E-07
  1.085E+02 3.12387E-22 -9.565E-03 ( 4.197E-12, 1.716E-11) ( 2.029E-13, 4.737E-13)  1.00E-07
  1.090E+02 3.08375E-22 -9.578E-03 ( 4.148E-12, 1.706E-11) ( 2.008E-13, 4.697E-13)  1.00E-07
  1.095E+02 3.04449E-22 -9.589E-03 ( 4.100E-12, 1.695E-11) ( 1.987E-13, 4.657E-13)  1.00E-07
  1.100E+02 3.00608E-22 -9.600E-03 ( 4.053E-12, 1.685E-11) ( 1.967E-13, 4.617E-13)  1.00E-07
  1.105E+02 2.96849E-22 -9.609E-03 ( 4.007E-12, 1.675E-11) ( 1.947E-13, 4.578E-13)  1.00E-07
  1.110E+02 2.93169E-22 -9.617E-03 ( 3.961E-12, 1.665E-11) ( 1.926E-13, 4.538E-13)  1.00E-07
  1.115E+02 2.89568E-22 -9.623E-03 ( 3.917E-12, 1.655E-11) ( 1.906E-13, 4.499E-13)  1.00E-07
  1.120E+02 2.86043E-22 -9.629E-03 ( 3.873E-12, 1.646E-11) ( 1.887E-13, 4.460E-13)  1.00E-07
  1.125E+02 2.82593E-22 -9.633E-03 ( 3.830E-12, 1.636E-11) ( 1.867E-13, 4.421E-13)  1.00E-07
  1.130E+02 2.79215E-22 -9.636E-03 ( 3.788E-12, 1.627E-11) ( 1.847E-13, 4.383E-13)  1.00E-07
  1.135E+02 2.75907E-22 -9.638E-03 ( 3.746E-12, 1.618E-11) ( 1.828E-13, 4.344E-13)  1.00E-07
  1.140E+02 2.72669E-22 -9.638E-03 ( 3.705E-12, 1.608E-11) ( 1.809E-13, 4.306E-13)  1.00E-07
  1.145E+02 2.69498E-22 -9.637E-03 ( 3.665E-12, 1.600E-11) ( 1.790E-13, 4.268E-13)  1.00E-07
  1.150E+02 2.66392E-22 -9.636E-03 ( 3.626E-12, 1.591E-11) ( 1.771E-13, 4.230E-13)  1.00E-07
  1.155E+02 2.63351E-22 -9.632E-03 ( 3.587E-12, 1.582E-11) ( 1.752E-13, 4.192E-13)  1.00E-07
  1.160E+02 2.60372E-22 -9.628E-03 ( 3.549E-12, 1.573E-11) ( 1.734E-13, 4.154E-13)  1.00E-07
  1.165E+02 2.57455E-22 -9.622E-03 ( 3.512E-12, 1.565E-11) ( 1.715E-13, 4.116E-13)  1.00E-07
  1.170E+02 2.54597E-22 -9.615E-03 ( 3.475E-12, 1.557E-11) ( 1.697E-13, 4.079E-13)  1.00E-07
  1.175E+02 2.51797E-22 -9.607E-03 ( 3.439E-12, 1.548E-11) ( 1.679E-13, 4.041E-13)  1.00E-07
  1.180E+02 2.49055E-22 -9.597E-03 ( 3.403E-12, 1.540E-11) ( 1.660E-13, 4.004E-13)  1.00E-07
  1.185E+02 2.46368E-22 -9.587E-03 ( 3.368E-12, 1.532E-11) ( 1.643E-13, 3.967E-13)  1.00E-07
  1.190E+02 2.43735E-22 -9.575E-03 ( 3.334E-12, 1.525E-11) ( 1.625E-13, 3.930E-13)  1.00E-07
  1.195E+02 2.41155E-22 -9.561E-03 ( 3.300E-12, 1.517E-11) ( 1.607E-13, 3.893E-13)  1.00E-07
  1.200E+02 2.38628E-22 -9.547E-03 ( 3.267E-12, 1.509E-11) ( 1.590E-13, 3.857E-13)  1.00E-07
  1.205E+02 2.36151E-22 -9.531E-03 ( 3.235E-12, 1.502E-11) ( 1.572E-13, 3.820E-13)  1.00E-07
  1.210E+02 2.33724E-22 -9.514E-03 ( 3.203E-12, 1.494E-11) ( 1.555E-13, 3.784E-13)  1.00E-07
  1.215E+02 2.31345E-22 -9.495E-03 ( 3.172E-12, 1.487E-11) ( 1.538E-13, 3.747E-13)  1.00E-07
  1.220E+02 2.29014E-22 -9.475E-03 ( 3.141E-12, 1.480E-11) ( 1.521E-13, 3.711E-13)  1.00E-07
  1.225E+02 2.26729E-22 -9.454E-03 ( 3.110E-12, 1.473E-11) ( 1.504E-13, 3.675E-13)  1.00E-07
  1.230E+02 2.24489E-22 -9.432E-03 ( 3.080E-12, 1.466E-11) ( 1.487E-13, 3.639E-13)  1.00E-07
  1.235E+02 2.22294E-22 -9.408E-03 ( 3.051E-12, 1.459E-11) ( 1.470E-13, 3.603E-13)  1.00E-07
  1.240E+02 2.20142E-22 -9.384E-03 ( 3.022E-12, 1.452E-11) ( 1.454E-13, 3.567E-13)  1.00E-07
  1.245E+02 2.18033E-22 -9.357E-03 ( 2.994E-12, 1.445E-11) ( 1.437E-13, 3.532E-13)  1.00E-07
  1.250E+02 2.15965E-22 -9.330E-03 ( 2.966E-12, 1.439E-11) ( 1.421E-13, 3.496E-13)  1.00E-07
  1.255E+02 2.13938E-22 -9.301E-03 ( 2.939E-12, 1.432E-11) ( 1.405E-13, 3.461E-13)  1.00E-07
  1.260E+02 2.11950E-22 -9.271E-03 ( 2.912E-12, 1.426E-11) ( 1.389E-13, 3.426E-13)  1.00E-07
  1.265E+02 2.10002E-22 -9.240E-03 ( 2.886E-12, 1.420E-11) ( 1.373E-13, 3.390E-13)  1.00E-07
  1.270E+02 2.08092E-22 -9.207E-03 ( 2.860E-12, 1.413E-11) ( 1.357E-13, 3.355E-13)  1.00E-07
  1.275E+02 2.06219E-22 -9.174E-03 ( 2.834E-12, 1.407E-11) ( 1.341E-13, 3.320E-13)  1.00E-07
  1.280E+02 2.04383E-22 -9.139E-03 ( 2.809E-12, 1.401E-11) ( 1.325E-13, 3.285E-13)  1.00E-07
  1.285E+02 2.02582E-22 -9.102E-03 ( 2.784E-12, 1.395E-11) ( 1.309E-13, 3.251E-13)  1.00E-07
  1.290E+02 2.00817E-22 -9.065E-03 ( 2.760E-12, 1.390E-11) ( 1.294E-13, 3.216E-13)  1.00E-07
  1.295E+02 1.99086E-22 -9.026E-03 ( 2.736E-12, 1.384E-11) ( 1.278E-13, 3.181E-13)  1.00E-07
  1.300E+02 1.97389E-22 -8.985E-03 ( 2.713E-12, 1.378E-11) ( 1.263E-13, 3.147E-13)  1.00E-07
  1.305E+02 1.95725E-22 -8.944E-03 ( 2.690E-12, 1.373E-11) ( 1.248E-13, 3.113E-13)  1.00E-07
  1.310E+02 1.94093E-22 -8.901E-03 ( 2.667E-12, 1.367E-11) ( 1.233E-13, 3.078E-13)  1.00E-07
  1.315E+02 1.92493E-22 -8.857E-03 ( 2.645E-12, 1.362E-11) ( 1.217E-13, 3.044E-13)  1.00E-07
  1.320E+02 1.90924E-22 -8.812E-03 ( 2.623E-12, 1.356E-11) ( 1.202E-13, 3.010E-13)  1.00E-07
  1.325E+02 1.89386E-22 -8.766E-03 ( 2.602E-12, 1.351E-11) ( 1.188E-13, 2.976E-13)  1.00E-07
  1.330E+02 1.87877E-22 -8.718E-03 ( 2.581E-12, 1.346E-11) ( 1.173E-13, 2.942E-13)  1.00E-07
  1.335E+02 1.86398E-22 -8.669E-03 ( 2.560E-12, 1.341E-11) ( 1.158E-13, 2.908E-13)  1.00E-07
  1.340E+02 1.84947E-22 -8.619E-03 ( 2.540E-12, 1.336E-11) ( 1.143E-13, 2.875E-13)  1.00E-07
  1.345E+02 1.83525E-22 -8.567E-03 ( 2.520E-12, 1.331E-11) ( 1.129E-13, 2.841E-13)  1.00E-07
  1.350E+02 1.82131E-22 -8.515E-03 ( 2.500E-12, 1.326E-11) ( 1.114E-13, 2.807E-13)  1.00E-07
  1.355E+02 1.80764E-22 -8.461E-03 ( 2.481E-12, 1.321E-11) ( 1.100E-13, 2.774E-13)  1.00E-07
  1.360E+02 1.79423E-22 -8.406E-03 ( 2.462E-12, 1.316E-11) ( 1.085E-13, 2.741E-13)  1.00E-07
  1.365E+02 1.78109E-22 -8.349E-03 ( 2.443E-12, 1.312E-11) ( 1.071E-13, 2.707E-13)  1.00E-07
  1.370E+02 1.76820E-22 -8.292E-03 ( 2.425E-12, 1.307E-11) ( 1.057E-13, 2.674E-13)  1.00E-07
  1.375E+02 1.75557E-22 -8.233E-03 ( 2.407E-12, 1.303E-11) ( 1.043E-13, 2.641E-13)  1.00E-07
  1.380E+02 1.74318E-22 -8.173E-03 ( 2.389E-12, 1.298E-11) ( 1.029E-13, 2.608E-13)  1.00E-07
  1.385E+02 1.73104E-22 -8.112E-03 ( 2.372E-12, 1.294E-11) ( 1.015E-13, 2.575E-13)  1.00E-07
  1.390E+02 1.71913E-22 -8.050E-03 ( 2.355E-12, 1.290E-11) ( 1.001E-13, 2.542E-13)  1.00E-07
  1.395E+02 1.70746E-22 -7.986E-03 ( 2.338E-12, 1.285E-11) ( 9.868E-14, 2.509E-13)  1.00E-07
  1.400E+02 1.69603E-22 -7.922E-03 ( 2.322E-12, 1.281E-11) ( 9.730E-14, 2.476E-13)  1.00E-07
  1.405E+02 1.68482E-22 -7.856E-03 ( 2.305E-12, 1.277E-11) ( 9.593E-14, 2.443E-13)  1.00E-07
  1.410E+02 1.67383E-22 -7.789E-03 ( 2.290E-12, 1.273E-11) ( 9.456E-14, 2.411E-13)  1.00E-07
  1.415E+02 1.66306E-22 -7.721E-03 ( 2.274E-12, 1.269E-11) ( 9.320E-14, 2.378E-13)  1.00E-07
  1.420E+02 1.65251E-22 -7.652E-03 ( 2.259E-12, 1.265E-11) ( 9.184E-14, 2.346E-13)  1.00E-07
  1.425E+02 1.64217E-22 -7.582E-03 ( 2.244E-12, 1.261E-11) ( 9.050E-14, 2.313E-13)  1.00E-07
  1.430E+02 1.63203E-22 -7.510E-03 ( 2.229E-12, 1.258E-11) ( 8.915E-14, 2.281E-13)  1.00E-07
  1.435E+02 1.62211E-22 -7.438E-03 ( 2.215E-12, 1.254E-11) ( 8.782E-14, 2.249E-13)  1.00E-07
  1.440E+02 1.61238E-22 -7.364E-03 ( 2.201E-12, 1.250E-11) ( 8.648E-14, 2.216E-13)  1.00E-07
  1.445E+02 1.60285E-22 -7.289E-03 ( 2.187E-12, 1.247E-11) ( 8.516E-14, 2.184E-13)  1.00E-07
  1.450E+02 1.59352E-22 -7.214E-03 ( 2.173E-12, 1.243E-11) ( 8.384E-14, 2.152E-13)  1.00E-07
  1.455E+02 1.58438E-22 -7.137E-03 ( 2.160E-12, 1.240E-11) ( 8.252E-14, 2.120E-13)  1.00E-07
  1.460E+02 1.57543E-22 -7.059E-03 ( 2.147E-12, 1.236E-11) ( 8.122E-14, 2.088E-13)  1.00E-07
  1.465E+02 1.56667E-22 -6.980E-03 ( 2.134E-12, 1.233E-11) ( 7.991E-14, 2.056E-13)  1.00E-07
  1.470E+02 1.55809E-22 -6.900E-03 ( 2.121E-12, 1.230E-11) ( 7.861E-14, 2.024E-13)  1.00E-07
  1.475E+02 1.54969E-22 -6.819E-03 ( 2.109E-12, 1.227E-11) ( 7.732E-14, 1.992E-13)  1.00E-07
  1.480E+02 1.54147E-22 -6.737E-03 ( 2.097E-12, 1.224E-11) ( 7.603E-14, 1.960E-13)  1.00E-07
  1.485E+02 1.53342E-22 -6.654E-03 ( 2.085E-12, 1.220E-11) ( 7.475E-14, 1.929E-13)  1.00E-07
  1.490E+02 1.52555E-22 -6.570E-03 ( 2.073E-12, 1.217E-11) ( 7.347E-14, 1.897E-13)  1.00E-07
  1.495E+02 1.51785E-22 -6.485E-03 ( 2.062E-12, 1.214E-11) ( 7.219E-14, 1.865E-13)  1.00E-07
  1.500E+02 1.51031E-22 -6.399E-03 ( 2.051E-12, 1.212E-11) ( 7.092E-14, 1.834E-13)  1.00E-07
  1.505E+02 1.50294E-22 -6.312E-03 ( 2.040E-12, 1.209E-11) ( 6.966E-14, 1.802E-13)  1.00E-07
  1.510E+02 1.49574E-22 -6.224E-03 ( 2.029E-12, 1.206E-11) ( 6.839E-14, 1.771E-13)  1.00E-07
  1.515E+02 1.48869E-22 -6.135E-03 ( 2.019E-12, 1.203E-11) ( 6.714E-14, 1.739E-13)  1.00E-07
  1.520E+02 1.48181E-22 -6.045E-03 ( 2.008E-12, 1.200E-11) ( 6.588E-14, 1.708E-13)  1.00E-07
  1.525E+02 1.47508E-22 -5.955E-03 ( 1.998E-12, 1.198E-11) ( 6.464E-14, 1.677E-13)  1.00E-07
  1.530E+02 1.46850E-22 -5.863E-03 ( 1.989E-12, 1.195E-11) ( 6.339E-14, 1.645E-13)  1.00E-07
  1.535E+02 1.46208E-22 -5.771E-03 ( 1.979E-12, 1.193E-11) ( 6.215E-14, 1.614E-13)  1.00E-07
  1.540E+02 1.45581E-22 -5.677E-03 ( 1.970E-12, 1.190E-11) ( 6.091E-14, 1.583E-13)  1.00E-07
  1.545E+02 1.44969E-22 -5.583E-03 ( 1.960E-12, 1.188E-11) ( 5.968E-14, 1.552E-13)  1.00E-07
  1.550E+02 1.44371E-22 -5.488E-03 ( 1.951E-12, 1.185E-11) ( 5.845E-14, 1.521E-13)  1.00E-07
  1.555E+02 1.43788E-22 -5.392E-03 ( 1.943E-12, 1.183E-11) ( 5.723E-14, 1.490E-13)  1.00E-07
  1.560E+02 1.43219E-22 -5.296E-03 ( 1.934E-12, 1.181E-11) ( 5.600E-14, 1.459E-13)  1.00E-07
  1.565E+02 1.42665E-22 -5.198E-03 ( 1.926E-12, 1.179E-11) ( 5.479E-14, 1.428E-13)  1.00E-07
  1.570E+02 1.42124E-22 -5.100E-03 ( 1.918E-12, 1.177E-11) ( 5.357E-14, 1.397E-13)  1.00E-07
  1.575E+02 1.41598E-22 -5.001E-03 ( 1.910E-12, 1.174E-11) ( 5.236E-14, 1.366E-13)  1.00E-07
  1.580E+02 1.41085E-22 -4.901E-03 ( 1.902E-12, 1.172E-11) ( 5.115E-14, 1.335E-13)  1.00E-07
  1.585E+02 1.40585E-22 -4.801E-03 ( 1.895E-12, 1.170E-11) ( 4.994E-14, 1.304E-13)  1.00E-07
  1.590E+02 1.40099E-22 -4.699E-03 ( 1.887E-12, 1.168E-11) ( 4.874E-14, 1.273E-13)  1.00E-07
  1.595E+02 1.39627E-22 -4.597E-03 ( 1.880E-12, 1.167E-11) ( 4.754E-14, 1.243E-13)  1.00E-07
  1.600E+02 1.39167E-22 -4.495E-03 ( 1.873E-12, 1.165E-11) ( 4.634E-14, 1.212E-13)  1.00E-07
  1.605E+02 1.38720E-22 -4.391E-03 ( 1.866E-12, 1.163E-11) ( 4.515E-14, 1.181E-13)  1.00E-07
  1.610E+02 1.38287E-22 -4.287E-03 ( 1.860E-12, 1.161E-11) ( 4.396E-14, 1.150E-13)  1.00E-07
  1.615E+02 1.37866E-22 -4.183E-03 ( 1.853E-12, 1.159E-11) ( 4.277E-14, 1.120E-13)  1.00E-07
  1.620E+02 1.37457E-22 -4.077E-03 ( 1.847E-12, 1.158E-11) ( 4.158E-14, 1.089E-13)  1.00E-07
  1.625E+02 1.37061E-22 -3.971E-03 ( 1.841E-12, 1.156E-11) ( 4.040E-14, 1.059E-13)  1.00E-07
  1.630E+02 1.36678E-22 -3.865E-03 ( 1.835E-12, 1.155E-11) ( 3.922E-14, 1.028E-13)  1.00E-07
  1.635E+02 1.36306E-22 -3.758E-03 ( 1.830E-12, 1.153E-11) ( 3.804E-14, 9.975E-14)  1.00E-07
  1.640E+02 1.35947E-22 -3.650E-03 ( 1.824E-12, 1.152E-11) ( 3.686E-14, 9.670E-14)  1.00E-07
  1.645E+02 1.35600E-22 -3.542E-03 ( 1.819E-12, 1.150E-11) ( 3.569E-14, 9.365E-14)  1.00E-07
  1.650E+02 1.35265E-22 -3.433E-03 ( 1.814E-12, 1.149E-11) ( 3.452E-14, 9.061E-14)  1.00E-07
  1.655E+02 1.34942E-22 -3.324E-03 ( 1.809E-12, 1.147E-11) ( 3.335E-14, 8.757E-14)  1.00E-07
  1.660E+02 1.34630E-22 -3.214E-03 ( 1.804E-12, 1.146E-11) ( 3.218E-14, 8.452E-14)  1.00E-07
  1.665E+02 1.34331E-22 -3.103E-03 ( 1.800E-12, 1.145E-11) ( 3.101E-14, 8.149E-14)  1.00E-07
  1.670E+02 1.34042E-22 -2.992E-03 ( 1.795E-12, 1.144E-11) ( 2.985E-14, 7.845E-14)  1.00E-07
  1.675E+02 1.33766E-22 -2.881E-03 ( 1.791E-12, 1.143E-11) ( 2.869E-14, 7.542E-14)  1.00E-07
  1.680E+02 1.33501E-22 -2.769E-03 ( 1.787E-12, 1.141E-11) ( 2.753E-14, 7.238E-14)  1.00E-07
  1.685E+02 1.33247E-22 -2.657E-03 ( 1.783E-12, 1.140E-11) ( 2.637E-14, 6.935E-14)  1.00E-07
  1.690E+02 1.33004E-22 -2.545E-03 ( 1.780E-12, 1.139E-11) ( 2.521E-14, 6.633E-14)  1.00E-07
  1.695E+02 1.32773E-22 -2.432E-03 ( 1.776E-12, 1.138E-11) ( 2.405E-14, 6.330E-14)  1.00E-07
  1.700E+02 1.32553E-22 -2.318E-03 ( 1.773E-12, 1.138E-11) ( 2.290E-14, 6.027E-14)  1.00E-07
  1.705E+02 1.32344E-22 -2.205E-03 ( 1.769E-12, 1.137E-11) ( 2.175E-14, 5.725E-14)  1.00E-07
  1.710E+02 1.32146E-22 -2.091E-03 ( 1.766E-12, 1.136E-11) ( 2.059E-14, 5.423E-14)  1.00E-07
  1.715E+02 1.31959E-22 -1.976E-03 ( 1.764E-12, 1.135E-11) ( 1.944E-14, 5.121E-14)  1.00E-07
  1.720E+02 1.31783E-22 -1.862E-03 ( 1.761E-12, 1.134E-11) ( 1.829E-14, 4.819E-14)  1.00E-07
  1.725E+02 1.31618E-22 -1.747E-03 ( 1.758E-12, 1.134E-11) ( 1.715E-14, 4.517E-14)  1.00E-07
  1.730E+02 1.31464E-22 -1.631E-03 ( 1.756E-12, 1.133E-11) ( 1.600E-14, 4.215E-14)  1.00E-07
  1.735E+02 1.31321E-22 -1.516E-03 ( 1.754E-12, 1.132E-11) ( 1.485E-14, 3.914E-14)  1.00E-07
  1.740E+02 1.31188E-22 -1.400E-03 ( 1.752E-12, 1.132E-11) ( 1.371E-14, 3.612E-14)  1.00E-07
  1.745E+02 1.31066E-22 -1.284E-03 ( 1.750E-12, 1.131E-11) ( 1.256E-14, 3.311E-14)  1.00E-07
  1.750E+02 1.30955E-22 -1.168E-03 ( 1.748E-12, 1.131E-11) ( 1.142E-14, 3.010E-14)  1.00E-07
  1.755E+02 1.30855E-22 -1.052E-03 ( 1.747E-12, 1.131E-11) ( 1.027E-14, 2.709E-14)  1.00E-07
  1.760E+02 1.30765E-22 -9.354E-04 ( 1.745E-12, 1.130E-11) ( 9.130E-15, 2.407E-14)  1.00E-07
  1.765E+02 1.30686E-22 -8.188E-04 ( 1.744E-12, 1.130E-11) ( 7.987E-15, 2.106E-14)  1.00E-07
  1.770E+02 1.30617E-22 -7.021E-04 ( 1.743E-12, 1.130E-11) ( 6.845E-15, 1.805E-14)  1.00E-07
  1.775E+02 1.30559E-22 -5.852E-04 ( 1.742E-12, 1.129E-11) ( 5.704E-15, 1.504E-14)  1.00E-07
  1.780E+02 1.30512E-22 -4.683E-04 ( 1.741E-12, 1.129E-11) ( 4.563E-15, 1.203E-14)  1.00E-07
  1.785E+02 1.30475E-22 -3.513E-04 ( 1.741E-12, 1.129E-11) ( 3.422E-15, 9.026E-15)  1.00E-07
  1.790E+02 1.30448E-22 -2.342E-04 ( 1.740E-12, 1.129E-11) ( 2.281E-15, 6.017E-15)  1.00E-07
  1.795E+02 1.30433E-22 -1.171E-04 ( 1.740E-12, 1.129E-11) ( 1.140E-15, 3.009E-15)  1.00E-07
  1.800E+02 1.30427E-22 -1.644E-18 ( 1.740E-12, 1.129E-11) ( 1.600E-29, 4.222E-29)  1.00E-07

  TOTAL ELASTIC CROSS SECTION = 2.771879E-18 cm**2
               FROM DCS TABLE = 2.771291E-18  (REL. DIF. = 2.12E-04)

  1ST TRANSPORT CROSS SECTION = 2.152624E-20 cm**2
               FROM DCS TABLE = 2.152576E-20  (REL. DIF. = 2.25E-05)

  2ND TRANSPORT CROSS SECTION = 5.437331E-20 cm**2

  **** DPWA0 ENDED ************************************************************

