 #  Scattering amplitudes (in cm)      MU=(1-cos(TH))/2
 #  Z =   8,   projectile: electron
 #  Kinetic energy = 2.50000E+04 eV
 #
 # TH (deg)      MU          Re(F)        Im(F)        Re(G)        Im(G)
 #--------------------------------------------------------------------------
  0.000E+00  0.00000E+00  1.98337E-08  1.80851E-09  0.00000E+00  0.00000E+00
  1.000E-04  7.61557E-13  1.98337E-08  1.80851E-09  8.10400E-16  7.45260E-17
  1.250E-04  1.18994E-12  1.98337E-08  1.80851E-09  1.01300E-15  9.31575E-17
  1.500E-04  1.71346E-12  1.98337E-08  1.80851E-09  1.21560E-15  1.11789E-16
  1.750E-04  2.33225E-12  1.98337E-08  1.80851E-09  1.41820E-15  1.30420E-16
  2.000E-04  3.04617E-12  1.98337E-08  1.80851E-09  1.62080E-15  1.49052E-16
  2.250E-04  3.85530E-12  1.98337E-08  1.80851E-09  1.82340E-15  1.67683E-16
  2.500E-04  4.75964E-12  1.98337E-08  1.80851E-09  2.02600E-15  1.86315E-16
  2.750E-04  5.75917E-12  1.98337E-08  1.80851E-09  2.22860E-15  2.04946E-16
  3.000E-04  6.85391E-12  1.98337E-08  1.80851E-09  2.43120E-15  2.23578E-16
  3.250E-04  8.04379E-12  1.98337E-08  1.80851E-09  2.63380E-15  2.42209E-16
  3.500E-04  9.32893E-12  1.98337E-08  1.80851E-09  2.83640E-15  2.60841E-16
  3.750E-04  1.07092E-11  1.98337E-08  1.80851E-09  3.03900E-15  2.79472E-16
  4.000E-04  1.21847E-11  1.98337E-08  1.80851E-09  3.24160E-15  2.98104E-16
  4.250E-04  1.37554E-11  1.98337E-08  1.80851E-09  3.44420E-15  3.16735E-16
  4.500E-04  1.54213E-11  1.98337E-08  1.80851E-09  3.64680E-15  3.35367E-16
  4.750E-04  1.71823E-11  1.98337E-08  1.80851E-09  3.84940E-15  3.53998E-16
  5.000E-04  1.90386E-11  1.98337E-08  1.80851E-09  4.05200E-15  3.72630E-16
  5.250E-04  2.09900E-11  1.98337E-08  1.80851E-09  4.25460E-15  3.91261E-16
  5.500E-04  2.30367E-11  1.98337E-08  1.80851E-09  4.45720E-15  4.09893E-16
  5.750E-04  2.51785E-11  1.98337E-08  1.80851E-09  4.65980E-15  4.28524E-16
  6.000E-04  2.74156E-11  1.98337E-08  1.80851E-09  4.86240E-15  4.47156E-16
  6.250E-04  2.97478E-11  1.98337E-08  1.80851E-09  5.06500E-15  4.65787E-16
  6.500E-04  3.21752E-11  1.98337E-08  1.80851E-09  5.26760E-15  4.84419E-16
  6.750E-04  3.46979E-11  1.98337E-08  1.80851E-09  5.47020E-15  5.03050E-16
  7.000E-04  3.73157E-11  1.98337E-08  1.80851E-09  5.67280E-15  5.21682E-16
  7.250E-04  4.00286E-11  1.98337E-08  1.80851E-09  5.87540E-15  5.40313E-16
  7.500E-04  4.28368E-11  1.98337E-08  1.80851E-09  6.07800E-15  5.58945E-16
  7.750E-04  4.57402E-11  1.98337E-08  1.80851E-09  6.28060E-15  5.77576E-16
  8.000E-04  4.87388E-11  1.98337E-08  1.80851E-09  6.48320E-15  5.96208E-16
  8.250E-04  5.18325E-11  1.98337E-08  1.80851E-09  6.68580E-15  6.14839E-16
  8.500E-04  5.50215E-11  1.98337E-08  1.80851E-09  6.88840E-15  6.33471E-16
  8.750E-04  5.83057E-11  1.98337E-08  1.80851E-09  7.09100E-15  6.52102E-16
  9.000E-04  6.16850E-11  1.98337E-08  1.80851E-09  7.29360E-15  6.70734E-16
  9.250E-04  6.51595E-11  1.98337E-08  1.80851E-09  7.49620E-15  6.89365E-16
  9.500E-04  6.87293E-11  1.98337E-08  1.80851E-09  7.69880E-15  7.07997E-16
  9.750E-04  7.23943E-11  1.98337E-08  1.80851E-09  7.90140E-15  7.26628E-16
  1.000E-03  7.61544E-11  1.98337E-08  1.80851E-09  8.10400E-15  7.45260E-16
  1.250E-03  1.18991E-10  1.98337E-08  1.80851E-09  1.01300E-14  9.31575E-16
  1.500E-03  1.71347E-10  1.98337E-08  1.80851E-09  1.21560E-14  1.11789E-15
  1.750E-03  2.33223E-10  1.98337E-08  1.80851E-09  1.41820E-14  1.30420E-15
  2.000E-03  3.04617E-10  1.98337E-08  1.80851E-09  1.62080E-14  1.49052E-15
  2.250E-03  3.85531E-10  1.98337E-08  1.80851E-09  1.82340E-14  1.67683E-15
  2.500E-03  4.75965E-10  1.98337E-08  1.80851E-09  2.02600E-14  1.86315E-15
  2.750E-03  5.75917E-10  1.98337E-08  1.80851E-09  2.22860E-14  2.04946E-15
  3.000E-03  6.85389E-10  1.98336E-08  1.80851E-09  2.43120E-14  2.23578E-15
  3.250E-03  8.04380E-10  1.98336E-08  1.80851E-09  2.63380E-14  2.42209E-15
  3.500E-03  9.32891E-10  1.98336E-08  1.80851E-09  2.83640E-14  2.60841E-15
  3.750E-03  1.07092E-09  1.98336E-08  1.80851E-09  3.03900E-14  2.79472E-15
  4.000E-03  1.21847E-09  1.98336E-08  1.80851E-09  3.24159E-14  2.98104E-15
  4.250E-03  1.37554E-09  1.98336E-08  1.80851E-09  3.44419E-14  3.16735E-15
  4.500E-03  1.54213E-09  1.98336E-08  1.80851E-09  3.64679E-14  3.35367E-15
  4.750E-03  1.71823E-09  1.98336E-08  1.80851E-09  3.84939E-14  3.53998E-15
  5.000E-03  1.90386E-09  1.98336E-08  1.80851E-09  4.05199E-14  3.72630E-15
  5.250E-03  2.09900E-09  1.98336E-08  1.80851E-09  4.25459E-14  3.91261E-15
  5.500E-03  2.30367E-09  1.98336E-08  1.80851E-09  4.45718E-14  4.09893E-15
  5.750E-03  2.51785E-09  1.98336E-08  1.80851E-09  4.65978E-14  4.28524E-15
  6.000E-03  2.74156E-09  1.98336E-08  1.80851E-09  4.86238E-14  4.47156E-15
  6.250E-03  2.97478E-09  1.98336E-08  1.80851E-09  5.06498E-14  4.65787E-15
  6.500E-03  3.21752E-09  1.98336E-08  1.80851E-09  5.26757E-14  4.84418E-15
  6.750E-03  3.46978E-09  1.98335E-08  1.80851E-09  5.47017E-14  5.03050E-15
  7.000E-03  3.73156E-09  1.98335E-08  1.80851E-09  5.67276E-14  5.21681E-15
  7.250E-03  4.00286E-09  1.98335E-08  1.80851E-09  5.87536E-14  5.40313E-15
  7.500E-03  4.28368E-09  1.98335E-08  1.80851E-09  6.07796E-14  5.58944E-15
  7.750E-03  4.57402E-09  1.98335E-08  1.80851E-09  6.28055E-14  5.77576E-15
  8.000E-03  4.87388E-09  1.98335E-08  1.80851E-09  6.48315E-14  5.96207E-15
  8.250E-03  5.18326E-09  1.98335E-08  1.80851E-09  6.68574E-14  6.14838E-15
  8.500E-03  5.50215E-09  1.98335E-08  1.80851E-09  6.88833E-14  6.33470E-15
  8.750E-03  5.83057E-09  1.98335E-08  1.80851E-09  7.09093E-14  6.52101E-15
  9.000E-03  6.16850E-09  1.98335E-08  1.80851E-09  7.29352E-14  6.70733E-15
  9.250E-03  6.51596E-09  1.98334E-08  1.80851E-09  7.49612E-14  6.89364E-15
  9.500E-03  6.87293E-09  1.98334E-08  1.80851E-09  7.69871E-14  7.07995E-15
  9.750E-03  7.23942E-09  1.98334E-08  1.80851E-09  7.90130E-14  7.26627E-15
  1.000E-02  7.61544E-09  1.98334E-08  1.80851E-09  8.10389E-14  7.45258E-15
  1.250E-02  1.18991E-08  1.98332E-08  1.80850E-09  1.01298E-13  9.31572E-15
  1.500E-02  1.71347E-08  1.98331E-08  1.80850E-09  1.21556E-13  1.11788E-14
  1.750E-02  2.33223E-08  1.98328E-08  1.80850E-09  1.41814E-13  1.30420E-14
  2.000E-02  3.04617E-08  1.98326E-08  1.80849E-09  1.62071E-13  1.49051E-14
  2.250E-02  3.85531E-08  1.98323E-08  1.80849E-09  1.82327E-13  1.67682E-14
  2.500E-02  4.75965E-08  1.98320E-08  1.80848E-09  2.02583E-13  1.86312E-14
  2.750E-02  5.75917E-08  1.98316E-08  1.80848E-09  2.22837E-13  2.04943E-14
  3.000E-02  6.85389E-08  1.98312E-08  1.80847E-09  2.43090E-13  2.23573E-14
  3.250E-02  8.04380E-08  1.98308E-08  1.80847E-09  2.63342E-13  2.42204E-14
  3.500E-02  9.32891E-08  1.98303E-08  1.80846E-09  2.83592E-13  2.60834E-14
  3.750E-02  1.07092E-07  1.98298E-08  1.80845E-09  3.03841E-13  2.79463E-14
  4.000E-02  1.21847E-07  1.98293E-08  1.80844E-09  3.24088E-13  2.98093E-14
  4.250E-02  1.37554E-07  1.98287E-08  1.80843E-09  3.44334E-13  3.16722E-14
  4.500E-02  1.54213E-07  1.98281E-08  1.80843E-09  3.64578E-13  3.35351E-14
  4.750E-02  1.71823E-07  1.98275E-08  1.80842E-09  3.84820E-13  3.53980E-14
  5.000E-02  1.90386E-07  1.98268E-08  1.80841E-09  4.05060E-13  3.72609E-14
  5.250E-02  2.09900E-07  1.98261E-08  1.80839E-09  4.25298E-13  3.91237E-14
  5.500E-02  2.30367E-07  1.98253E-08  1.80838E-09  4.45533E-13  4.09865E-14
  5.750E-02  2.51785E-07  1.98246E-08  1.80837E-09  4.65767E-13  4.28492E-14
  6.000E-02  2.74156E-07  1.98238E-08  1.80836E-09  4.85998E-13  4.47119E-14
  6.250E-02  2.97478E-07  1.98229E-08  1.80835E-09  5.06226E-13  4.65746E-14
  6.500E-02  3.21752E-07  1.98220E-08  1.80833E-09  5.26452E-13  4.84372E-14
  6.750E-02  3.46978E-07  1.98211E-08  1.80832E-09  5.46675E-13  5.02998E-14
  7.000E-02  3.73156E-07  1.98202E-08  1.80831E-09  5.66895E-13  5.21624E-14
  7.250E-02  4.00286E-07  1.98192E-08  1.80829E-09  5.87113E-13  5.40249E-14
  7.500E-02  4.28368E-07  1.98182E-08  1.80828E-09  6.07327E-13  5.58873E-14
  7.750E-02  4.57402E-07  1.98171E-08  1.80826E-09  6.27538E-13  5.77497E-14
  8.000E-02  4.87388E-07  1.98160E-08  1.80824E-09  6.47746E-13  5.96121E-14
  8.250E-02  5.18325E-07  1.98149E-08  1.80823E-09  6.67950E-13  6.14744E-14
  8.500E-02  5.50215E-07  1.98138E-08  1.80821E-09  6.88151E-13  6.33366E-14
  8.750E-02  5.83057E-07  1.98126E-08  1.80819E-09  7.08349E-13  6.51988E-14
  9.000E-02  6.16850E-07  1.98114E-08  1.80817E-09  7.28543E-13  6.70610E-14
  9.250E-02  6.51596E-07  1.98101E-08  1.80815E-09  7.48733E-13  6.89231E-14
  9.500E-02  6.87293E-07  1.98088E-08  1.80813E-09  7.68919E-13  7.07851E-14
  9.750E-02  7.23942E-07  1.98075E-08  1.80811E-09  7.89101E-13  7.26471E-14
  1.000E-01  7.61543E-07  1.98061E-08  1.80809E-09  8.09279E-13  7.45090E-14
  1.250E-01  1.18991E-06  1.97907E-08  1.80786E-09  1.01081E-12  9.31242E-14
  1.500E-01  1.71347E-06  1.97718E-08  1.80757E-09  1.21182E-12  1.11732E-13
  1.750E-01  2.33223E-06  1.97496E-08  1.80723E-09  1.41221E-12  1.30329E-13
  2.000E-01  3.04617E-06  1.97240E-08  1.80684E-09  1.61186E-12  1.48916E-13
  2.250E-01  3.85531E-06  1.96950E-08  1.80640E-09  1.81070E-12  1.67490E-13
  2.500E-01  4.75964E-06  1.96628E-08  1.80590E-09  2.00860E-12  1.86049E-13
  2.750E-01  5.75916E-06  1.96273E-08  1.80536E-09  2.20548E-12  2.04593E-13
  3.000E-01  6.85388E-06  1.95885E-08  1.80476E-09  2.40125E-12  2.23119E-13
  3.250E-01  8.04378E-06  1.95466E-08  1.80411E-09  2.59580E-12  2.41626E-13
  3.500E-01  9.32888E-06  1.95015E-08  1.80341E-09  2.78904E-12  2.60113E-13
  3.750E-01  1.07092E-05  1.94532E-08  1.80266E-09  2.98090E-12  2.78577E-13
  4.000E-01  1.21846E-05  1.94020E-08  1.80186E-09  3.17127E-12  2.97018E-13
  4.250E-01  1.37553E-05  1.93477E-08  1.80101E-09  3.36007E-12  3.15434E-13
  4.500E-01  1.54212E-05  1.92904E-08  1.80010E-09  3.54723E-12  3.33823E-13
  4.750E-01  1.71822E-05  1.92302E-08  1.79915E-09  3.73266E-12  3.52184E-13
  5.000E-01  1.90385E-05  1.91672E-08  1.79814E-09  3.91628E-12  3.70515E-13
  5.250E-01  2.09899E-05  1.91014E-08  1.79709E-09  4.09802E-12  3.88815E-13
  5.500E-01  2.30365E-05  1.90328E-08  1.79598E-09  4.27781E-12  4.07082E-13
  5.750E-01  2.51783E-05  1.89616E-08  1.79483E-09  4.45557E-12  4.25315E-13
  6.000E-01  2.74153E-05  1.88878E-08  1.79363E-09  4.63126E-12  4.43512E-13
  6.250E-01  2.97475E-05  1.88115E-08  1.79237E-09  4.80479E-12  4.61672E-13
  6.500E-01  3.21749E-05  1.87326E-08  1.79107E-09  4.97611E-12  4.79794E-13
  6.750E-01  3.46974E-05  1.86514E-08  1.78972E-09  5.14517E-12  4.97875E-13
  7.000E-01  3.73152E-05  1.85679E-08  1.78832E-09  5.31190E-12  5.15916E-13
  7.250E-01  4.00281E-05  1.84820E-08  1.78688E-09  5.47627E-12  5.33913E-13
  7.500E-01  4.28362E-05  1.83940E-08  1.78538E-09  5.63823E-12  5.51867E-13
  7.750E-01  4.57395E-05  1.83039E-08  1.78384E-09  5.79772E-12  5.69775E-13
  8.000E-01  4.87380E-05  1.82118E-08  1.78225E-09  5.95471E-12  5.87636E-13
  8.250E-01  5.18317E-05  1.81176E-08  1.78062E-09  6.10917E-12  6.05448E-13
  8.500E-01  5.50205E-05  1.80216E-08  1.77893E-09  6.26105E-12  6.23211E-13
  8.750E-01  5.83045E-05  1.79238E-08  1.77720E-09  6.41033E-12  6.40924E-13
  9.000E-01  6.16838E-05  1.78242E-08  1.77543E-09  6.55698E-12  6.58584E-13
  9.250E-01  6.51582E-05  1.77230E-08  1.77361E-09  6.70097E-12  6.76191E-13
  9.500E-01  6.87277E-05  1.76201E-08  1.77174E-09  6.84227E-12  6.93743E-13
  9.750E-01  7.23925E-05  1.75157E-08  1.76983E-09  6.98089E-12  7.11239E-13
  1.000E+00  7.61524E-05  1.74099E-08  1.76788E-09  7.11678E-12  7.28678E-13
  1.100E+00  9.21439E-05  1.69737E-08  1.75962E-09  7.63299E-12  7.97838E-13
  1.200E+00  1.09658E-04  1.65201E-08  1.75068E-09  8.10516E-12  8.65990E-13
  1.300E+00  1.28695E-04  1.60535E-08  1.74108E-09  8.53349E-12  9.33064E-13
  1.400E+00  1.49255E-04  1.55779E-08  1.73086E-09  8.91873E-12  9.98996E-13
  1.500E+00  1.71338E-04  1.50973E-08  1.72003E-09  9.26208E-12  1.06373E-12
  1.600E+00  1.94942E-04  1.46149E-08  1.70864E-09  9.56513E-12  1.12720E-12
  1.700E+00  2.20070E-04  1.41338E-08  1.69670E-09  9.82974E-12  1.18937E-12
  1.800E+00  2.46720E-04  1.36566E-08  1.68426E-09  1.00580E-11  1.25019E-12
  1.900E+00  2.74892E-04  1.31856E-08  1.67134E-09  1.02522E-11  1.30962E-12
  2.000E+00  3.04586E-04  1.27226E-08  1.65797E-09  1.04145E-11  1.36763E-12
  2.100E+00  3.35803E-04  1.22692E-08  1.64419E-09  1.05473E-11  1.42420E-12
  2.200E+00  3.68542E-04  1.18268E-08  1.63002E-09  1.06530E-11  1.47930E-12
  2.300E+00  4.02802E-04  1.13963E-08  1.61550E-09  1.07337E-11  1.53290E-12
  2.400E+00  4.38585E-04  1.09785E-08  1.60066E-09  1.07917E-11  1.58501E-12
  2.500E+00  4.75889E-04  1.05738E-08  1.58553E-09  1.08291E-11  1.63560E-12
  2.600E+00  5.14715E-04  1.01827E-08  1.57013E-09  1.08479E-11  1.68468E-12
  2.700E+00  5.55063E-04  9.80540E-09  1.55450E-09  1.08499E-11  1.73224E-12
  2.800E+00  5.96931E-04  9.44184E-09  1.53867E-09  1.08368E-11  1.77829E-12
  2.900E+00  6.40321E-04  9.09203E-09  1.52265E-09  1.08103E-11  1.82284E-12
  3.000E+00  6.85233E-04  8.75580E-09  1.50648E-09  1.07719E-11  1.86588E-12
  3.100E+00  7.31665E-04  8.43294E-09  1.49018E-09  1.07230E-11  1.90744E-12
  3.200E+00  7.79618E-04  8.12314E-09  1.47378E-09  1.06647E-11  1.94753E-12
  3.300E+00  8.29092E-04  7.82609E-09  1.45730E-09  1.05983E-11  1.98617E-12
  3.400E+00  8.80086E-04  7.54141E-09  1.44075E-09  1.05248E-11  2.02338E-12
  3.500E+00  9.32601E-04  7.26871E-09  1.42417E-09  1.04451E-11  2.05919E-12
  3.600E+00  9.86636E-04  7.00756E-09  1.40757E-09  1.03602E-11  2.09360E-12
  3.700E+00  1.04219E-03  6.75755E-09  1.39097E-09  1.02707E-11  2.12666E-12
  3.800E+00  1.09927E-03  6.51825E-09  1.37438E-09  1.01773E-11  2.15838E-12
  3.900E+00  1.15786E-03  6.28922E-09  1.35783E-09  1.00808E-11  2.18880E-12
  4.000E+00  1.21797E-03  6.07004E-09  1.34133E-09  9.98162E-12  2.21794E-12
  4.100E+00  1.27961E-03  5.86028E-09  1.32488E-09  9.88030E-12  2.24584E-12
  4.200E+00  1.34276E-03  5.65955E-09  1.30852E-09  9.77727E-12  2.27252E-12
  4.300E+00  1.40743E-03  5.46743E-09  1.29224E-09  9.67294E-12  2.29801E-12
  4.400E+00  1.47362E-03  5.28353E-09  1.27606E-09  9.56766E-12  2.32235E-12
  4.500E+00  1.54133E-03  5.10748E-09  1.25999E-09  9.46175E-12  2.34557E-12
  4.600E+00  1.61056E-03  4.93891E-09  1.24404E-09  9.35549E-12  2.36769E-12
  4.700E+00  1.68131E-03  4.77748E-09  1.22822E-09  9.24912E-12  2.38875E-12
  4.800E+00  1.75357E-03  4.62285E-09  1.21253E-09  9.14286E-12  2.40879E-12
  4.900E+00  1.82735E-03  4.47469E-09  1.19699E-09  9.03690E-12  2.42783E-12
  5.000E+00  1.90265E-03  4.33271E-09  1.18160E-09  8.93141E-12  2.44589E-12
  5.100E+00  1.97947E-03  4.19660E-09  1.16637E-09  8.82653E-12  2.46303E-12
  5.200E+00  2.05780E-03  4.06610E-09  1.15129E-09  8.72239E-12  2.47925E-12
  5.300E+00  2.13765E-03  3.94092E-09  1.13638E-09  8.61910E-12  2.49460E-12
  5.400E+00  2.21902E-03  3.82083E-09  1.12164E-09  8.51675E-12  2.50910E-12
  5.500E+00  2.30190E-03  3.70558E-09  1.10708E-09  8.41543E-12  2.52278E-12
  5.600E+00  2.38630E-03  3.59493E-09  1.09268E-09  8.31521E-12  2.53566E-12
  5.700E+00  2.47222E-03  3.48868E-09  1.07847E-09  8.21613E-12  2.54778E-12
  5.800E+00  2.55965E-03  3.38661E-09  1.06444E-09  8.11826E-12  2.55917E-12
  5.900E+00  2.64859E-03  3.28852E-09  1.05059E-09  8.02163E-12  2.56984E-12
  6.000E+00  2.73905E-03  3.19424E-09  1.03693E-09  7.92628E-12  2.57983E-12
  6.100E+00  2.83103E-03  3.10359E-09  1.02345E-09  7.83222E-12  2.58915E-12
  6.200E+00  2.92452E-03  3.01639E-09  1.01015E-09  7.73949E-12  2.59784E-12
  6.300E+00  3.01952E-03  2.93249E-09  9.97044E-10  7.64809E-12  2.60591E-12
  6.400E+00  3.11604E-03  2.85174E-09  9.84120E-10  7.55803E-12  2.61340E-12
  6.500E+00  3.21407E-03  2.77399E-09  9.71382E-10  7.46933E-12  2.62031E-12
  6.600E+00  3.31362E-03  2.69911E-09  9.58829E-10  7.38197E-12  2.62667E-12
  6.700E+00  3.41468E-03  2.62697E-09  9.46460E-10  7.29597E-12  2.63251E-12
  6.800E+00  3.51725E-03  2.55745E-09  9.34274E-10  7.21131E-12  2.63785E-12
  6.900E+00  3.62133E-03  2.49042E-09  9.22271E-10  7.12799E-12  2.64269E-12
  7.000E+00  3.72692E-03  2.42578E-09  9.10449E-10  7.04600E-12  2.64707E-12
  7.100E+00  3.83403E-03  2.36343E-09  8.98807E-10  6.96533E-12  2.65100E-12
  7.200E+00  3.94265E-03  2.30326E-09  8.87343E-10  6.88597E-12  2.65449E-12
  7.300E+00  4.05278E-03  2.24519E-09  8.76056E-10  6.80790E-12  2.65757E-12
  7.400E+00  4.16442E-03  2.18911E-09  8.64944E-10  6.73111E-12  2.66025E-12
  7.500E+00  4.27757E-03  2.13495E-09  8.54006E-10  6.65558E-12  2.66255E-12
  7.600E+00  4.39223E-03  2.08262E-09  8.43238E-10  6.58130E-12  2.66448E-12
  7.700E+00  4.50840E-03  2.03205E-09  8.32640E-10  6.50825E-12  2.66606E-12
  7.800E+00  4.62608E-03  1.98317E-09  8.22210E-10  6.43641E-12  2.66730E-12
  7.900E+00  4.74527E-03  1.93589E-09  8.11944E-10  6.36576E-12  2.66821E-12
  8.000E+00  4.86597E-03  1.89017E-09  8.01842E-10  6.29628E-12  2.66881E-12
  8.100E+00  4.98817E-03  1.84593E-09  7.91901E-10  6.22796E-12  2.66912E-12
  8.200E+00  5.11188E-03  1.80311E-09  7.82118E-10  6.16078E-12  2.66913E-12
  8.300E+00  5.23711E-03  1.76166E-09  7.72492E-10  6.09471E-12  2.66888E-12
  8.400E+00  5.36383E-03  1.72152E-09  7.63020E-10  6.02973E-12  2.66836E-12
  8.500E+00  5.49207E-03  1.68264E-09  7.53700E-10  5.96583E-12  2.66759E-12
  8.600E+00  5.62181E-03  1.64498E-09  7.44530E-10  5.90299E-12  2.66657E-12
  8.700E+00  5.75306E-03  1.60847E-09  7.35507E-10  5.84119E-12  2.66533E-12
  8.800E+00  5.88581E-03  1.57308E-09  7.26630E-10  5.78041E-12  2.66386E-12
  8.900E+00  6.02007E-03  1.53877E-09  7.17895E-10  5.72062E-12  2.66218E-12
  9.000E+00  6.15583E-03  1.50549E-09  7.09300E-10  5.66182E-12  2.66030E-12
  9.100E+00  6.29310E-03  1.47321E-09  7.00844E-10  5.60397E-12  2.65823E-12
  9.200E+00  6.43187E-03  1.44188E-09  6.92523E-10  5.54707E-12  2.65596E-12
  9.300E+00  6.57214E-03  1.41148E-09  6.84337E-10  5.49109E-12  2.65353E-12
  9.400E+00  6.71392E-03  1.38196E-09  6.76281E-10  5.43602E-12  2.65092E-12
  9.500E+00  6.85720E-03  1.35329E-09  6.68355E-10  5.38184E-12  2.64815E-12
  9.600E+00  7.00198E-03  1.32545E-09  6.60556E-10  5.32853E-12  2.64522E-12
  9.700E+00  7.14827E-03  1.29840E-09  6.52882E-10  5.27608E-12  2.64214E-12
  9.800E+00  7.29605E-03  1.27212E-09  6.45330E-10  5.22446E-12  2.63893E-12
  9.900E+00  7.44534E-03  1.24657E-09  6.37899E-10  5.17366E-12  2.63557E-12
  1.000E+01  7.59612E-03  1.22174E-09  6.30586E-10  5.12367E-12  2.63209E-12
  1.025E+01  7.97965E-03  1.16260E-09  6.12807E-10  5.00209E-12  2.62286E-12
  1.050E+01  8.37255E-03  1.10739E-09  5.95724E-10  4.88521E-12  2.61294E-12
  1.075E+01  8.77480E-03  1.05577E-09  5.79304E-10  4.77277E-12  2.60242E-12
  1.100E+01  9.18641E-03  1.00747E-09  5.63519E-10  4.66457E-12  2.59136E-12
  1.125E+01  9.60736E-03  9.62194E-10  5.48340E-10  4.56039E-12  2.57983E-12
  1.150E+01  1.00376E-02  9.19719E-10  5.33739E-10  4.46005E-12  2.56788E-12
  1.175E+01  1.04773E-02  8.79824E-10  5.19691E-10  4.36335E-12  2.55557E-12
  1.200E+01  1.09262E-02  8.42311E-10  5.06170E-10  4.27011E-12  2.54295E-12
  1.225E+01  1.13844E-02  8.06999E-10  4.93153E-10  4.18018E-12  2.53005E-12
  1.250E+01  1.18520E-02  7.73725E-10  4.80616E-10  4.09340E-12  2.51693E-12
  1.275E+01  1.23288E-02  7.42341E-10  4.68539E-10  4.00960E-12  2.50360E-12
  1.300E+01  1.28150E-02  7.12711E-10  4.56900E-10  3.92867E-12  2.49011E-12
  1.325E+01  1.33104E-02  6.84710E-10  4.45681E-10  3.85046E-12  2.47648E-12
  1.350E+01  1.38150E-02  6.58226E-10  4.34861E-10  3.77485E-12  2.46274E-12
  1.375E+01  1.43290E-02  6.33152E-10  4.24425E-10  3.70172E-12  2.44891E-12
  1.400E+01  1.48521E-02  6.09396E-10  4.14353E-10  3.63095E-12  2.43501E-12
  1.425E+01  1.53845E-02  5.86867E-10  4.04632E-10  3.56245E-12  2.42107E-12
  1.450E+01  1.59262E-02  5.65487E-10  3.95245E-10  3.49611E-12  2.40709E-12
  1.475E+01  1.64770E-02  5.45180E-10  3.86177E-10  3.43184E-12  2.39310E-12
  1.500E+01  1.70371E-02  5.25878E-10  3.77416E-10  3.36955E-12  2.37911E-12
  1.525E+01  1.76063E-02  5.07517E-10  3.68947E-10  3.30916E-12  2.36514E-12
  1.550E+01  1.81848E-02  4.90040E-10  3.60759E-10  3.25058E-12  2.35118E-12
  1.575E+01  1.87724E-02  4.73393E-10  3.52840E-10  3.19373E-12  2.33726E-12
  1.600E+01  1.93692E-02  4.57524E-10  3.45178E-10  3.13855E-12  2.32338E-12
  1.625E+01  1.99751E-02  4.42388E-10  3.37762E-10  3.08497E-12  2.30955E-12
  1.650E+01  2.05901E-02  4.27941E-10  3.30583E-10  3.03292E-12  2.29577E-12
  1.675E+01  2.12143E-02  4.14144E-10  3.23631E-10  2.98234E-12  2.28206E-12
  1.700E+01  2.18476E-02  4.00959E-10  3.16896E-10  2.93318E-12  2.26843E-12
  1.725E+01  2.24900E-02  3.88352E-10  3.10370E-10  2.88537E-12  2.25486E-12
  1.750E+01  2.31415E-02  3.76291E-10  3.04044E-10  2.83887E-12  2.24138E-12
  1.775E+01  2.38021E-02  3.64744E-10  2.97910E-10  2.79362E-12  2.22798E-12
  1.800E+01  2.44717E-02  3.53685E-10  2.91962E-10  2.74957E-12  2.21467E-12
  1.825E+01  2.51504E-02  3.43088E-10  2.86191E-10  2.70669E-12  2.20145E-12
  1.850E+01  2.58382E-02  3.32926E-10  2.80590E-10  2.66493E-12  2.18832E-12
  1.875E+01  2.65349E-02  3.23178E-10  2.75154E-10  2.62424E-12  2.17529E-12
  1.900E+01  2.72407E-02  3.13823E-10  2.69876E-10  2.58459E-12  2.16235E-12
  1.925E+01  2.79555E-02  3.04839E-10  2.64749E-10  2.54594E-12  2.14952E-12
  1.950E+01  2.86793E-02  2.96209E-10  2.59769E-10  2.50825E-12  2.13678E-12
  1.975E+01  2.94120E-02  2.87913E-10  2.54929E-10  2.47149E-12  2.12415E-12
  2.000E+01  3.01537E-02  2.79937E-10  2.50225E-10  2.43563E-12  2.11162E-12
  2.025E+01  3.09043E-02  2.72264E-10  2.45651E-10  2.40064E-12  2.09919E-12
  2.050E+01  3.16639E-02  2.64879E-10  2.41203E-10  2.36648E-12  2.08686E-12
  2.075E+01  3.24324E-02  2.57769E-10  2.36877E-10  2.33313E-12  2.07465E-12
  2.100E+01  3.32098E-02  2.50921E-10  2.32667E-10  2.30056E-12  2.06253E-12
  2.125E+01  3.39961E-02  2.44322E-10  2.28570E-10  2.26875E-12  2.05052E-12
  2.150E+01  3.47912E-02  2.37960E-10  2.24582E-10  2.23767E-12  2.03862E-12
  2.175E+01  3.55952E-02  2.31826E-10  2.20699E-10  2.20729E-12  2.02682E-12
  2.200E+01  3.64081E-02  2.25907E-10  2.16917E-10  2.17760E-12  2.01512E-12
  2.225E+01  3.72297E-02  2.20196E-10  2.13233E-10  2.14856E-12  2.00353E-12
  2.250E+01  3.80602E-02  2.14682E-10  2.09644E-10  2.12017E-12  1.99204E-12
  2.275E+01  3.88995E-02  2.09357E-10  2.06146E-10  2.09240E-12  1.98066E-12
  2.300E+01  3.97476E-02  2.04213E-10  2.02737E-10  2.06523E-12  1.96938E-12
  2.325E+01  4.06044E-02  1.99241E-10  1.99412E-10  2.03864E-12  1.95820E-12
  2.350E+01  4.14700E-02  1.94435E-10  1.96171E-10  2.01262E-12  1.94712E-12
  2.375E+01  4.23443E-02  1.89787E-10  1.93009E-10  1.98715E-12  1.93614E-12
  2.400E+01  4.32273E-02  1.85291E-10  1.89924E-10  1.96220E-12  1.92526E-12
  2.425E+01  4.41190E-02  1.80940E-10  1.86914E-10  1.93777E-12  1.91448E-12
  2.450E+01  4.50194E-02  1.76729E-10  1.83976E-10  1.91385E-12  1.90380E-12
  2.475E+01  4.59284E-02  1.72651E-10  1.81109E-10  1.89040E-12  1.89321E-12
  2.500E+01  4.68461E-02  1.68702E-10  1.78309E-10  1.86743E-12  1.88273E-12
  2.550E+01  4.87074E-02  1.61168E-10  1.72905E-10  1.82285E-12  1.86204E-12
  2.600E+01  5.06030E-02  1.54089E-10  1.67747E-10  1.78000E-12  1.84172E-12
  2.650E+01  5.25328E-02  1.47430E-10  1.62822E-10  1.73879E-12  1.82177E-12
  2.700E+01  5.44967E-02  1.41159E-10  1.58115E-10  1.69913E-12  1.80218E-12
  2.750E+01  5.64946E-02  1.35248E-10  1.53614E-10  1.66093E-12  1.78294E-12
  2.800E+01  5.85262E-02  1.29671E-10  1.49306E-10  1.62412E-12  1.76404E-12
  2.850E+01  6.05914E-02  1.24404E-10  1.45182E-10  1.58862E-12  1.74548E-12
  2.900E+01  6.26901E-02  1.19426E-10  1.41230E-10  1.55438E-12  1.72725E-12
  2.950E+01  6.48222E-02  1.14716E-10  1.37441E-10  1.52133E-12  1.70933E-12
  3.000E+01  6.69873E-02  1.10256E-10  1.33807E-10  1.48941E-12  1.69173E-12
  3.050E+01  6.91854E-02  1.06030E-10  1.30318E-10  1.45856E-12  1.67443E-12
  3.100E+01  7.14163E-02  1.02021E-10  1.26968E-10  1.42874E-12  1.65743E-12
  3.150E+01  7.36799E-02  9.82166E-11  1.23749E-10  1.39989E-12  1.64072E-12
  3.200E+01  7.59760E-02  9.46028E-11  1.20654E-10  1.37198E-12  1.62429E-12
  3.250E+01  7.83043E-02  9.11676E-11  1.17677E-10  1.34496E-12  1.60814E-12
  3.300E+01  8.06647E-02  8.79001E-11  1.14812E-10  1.31878E-12  1.59225E-12
  3.350E+01  8.30571E-02  8.47898E-11  1.12054E-10  1.29341E-12  1.57663E-12
  3.400E+01  8.54812E-02  8.18273E-11  1.09396E-10  1.26883E-12  1.56126E-12
  3.450E+01  8.79369E-02  7.90037E-11  1.06836E-10  1.24498E-12  1.54614E-12
  3.500E+01  9.04240E-02  7.63109E-11  1.04367E-10  1.22184E-12  1.53126E-12
  3.550E+01  9.29422E-02  7.37411E-11  1.01985E-10  1.19939E-12  1.51662E-12
  3.600E+01  9.54915E-02  7.12874E-11  9.96867E-11  1.17758E-12  1.50221E-12
  3.650E+01  9.80716E-02  6.89431E-11  9.74679E-11  1.15641E-12  1.48803E-12
  3.700E+01  1.00682E-01  6.67021E-11  9.53249E-11  1.13583E-12  1.47407E-12
  3.750E+01  1.03323E-01  6.45587E-11  9.32544E-11  1.11583E-12  1.46032E-12
  3.800E+01  1.05995E-01  6.25075E-11  9.12531E-11  1.09638E-12  1.44678E-12
  3.850E+01  1.08696E-01  6.05436E-11  8.93180E-11  1.07746E-12  1.43344E-12
  3.900E+01  1.11427E-01  5.86622E-11  8.74461E-11  1.05906E-12  1.42031E-12
  3.950E+01  1.14188E-01  5.68591E-11  8.56348E-11  1.04115E-12  1.40736E-12
  4.000E+01  1.16978E-01  5.51301E-11  8.38815E-11  1.02371E-12  1.39461E-12
  4.050E+01  1.19797E-01  5.34714E-11  8.21837E-11  1.00672E-12  1.38204E-12
  4.100E+01  1.22645E-01  5.18795E-11  8.05391E-11  9.90175E-13  1.36966E-12
  4.150E+01  1.25522E-01  5.03509E-11  7.89455E-11  9.74051E-13  1.35745E-12
  4.200E+01  1.28428E-01  4.88825E-11  7.74008E-11  9.58334E-13  1.34541E-12
  4.250E+01  1.31361E-01  4.74713E-11  7.59031E-11  9.43010E-13  1.33354E-12
  4.300E+01  1.34323E-01  4.61146E-11  7.44504E-11  9.28065E-13  1.32184E-12
  4.350E+01  1.37313E-01  4.48096E-11  7.30410E-11  9.13485E-13  1.31030E-12
  4.400E+01  1.40330E-01  4.35540E-11  7.16732E-11  8.99258E-13  1.29891E-12
  4.450E+01  1.43375E-01  4.23453E-11  7.03454E-11  8.85372E-13  1.28768E-12
  4.500E+01  1.46447E-01  4.11814E-11  6.90559E-11  8.71814E-13  1.27660E-12
  4.550E+01  1.49545E-01  4.00602E-11  6.78035E-11  8.58575E-13  1.26566E-12
  4.600E+01  1.52671E-01  3.89797E-11  6.65866E-11  8.45644E-13  1.25487E-12
  4.650E+01  1.55823E-01  3.79382E-11  6.54039E-11  8.33009E-13  1.24422E-12
  4.700E+01  1.59001E-01  3.69337E-11  6.42542E-11  8.20662E-13  1.23370E-12
  4.750E+01  1.62205E-01  3.59647E-11  6.31363E-11  8.08594E-13  1.22332E-12
  4.800E+01  1.65435E-01  3.50297E-11  6.20490E-11  7.96795E-13  1.21307E-12
  4.850E+01  1.68690E-01  3.41270E-11  6.09912E-11  7.85256E-13  1.20295E-12
  4.900E+01  1.71970E-01  3.32554E-11  5.99618E-11  7.73971E-13  1.19295E-12
  4.950E+01  1.75276E-01  3.24135E-11  5.89599E-11  7.62930E-13  1.18308E-12
  5.000E+01  1.78606E-01  3.15999E-11  5.79844E-11  7.52126E-13  1.17333E-12
  5.050E+01  1.81961E-01  3.08136E-11  5.70346E-11  7.41552E-13  1.16369E-12
  5.100E+01  1.85340E-01  3.00534E-11  5.61094E-11  7.31201E-13  1.15417E-12
  5.150E+01  1.88743E-01  2.93182E-11  5.52080E-11  7.21066E-13  1.14476E-12
  5.200E+01  1.92169E-01  2.86070E-11  5.43297E-11  7.11140E-13  1.13546E-12
  5.250E+01  1.95619E-01  2.79187E-11  5.34736E-11  7.01419E-13  1.12627E-12
  5.300E+01  1.99092E-01  2.72526E-11  5.26391E-11  6.91895E-13  1.11719E-12
  5.350E+01  2.02589E-01  2.66076E-11  5.18253E-11  6.82562E-13  1.10821E-12
  5.400E+01  2.06107E-01  2.59830E-11  5.10317E-11  6.73416E-13  1.09933E-12
  5.450E+01  2.09649E-01  2.53779E-11  5.02576E-11  6.64451E-13  1.09055E-12
  5.500E+01  2.13212E-01  2.47916E-11  4.95023E-11  6.55662E-13  1.08187E-12
  5.550E+01  2.16797E-01  2.42233E-11  4.87653E-11  6.47043E-13  1.07329E-12
  5.600E+01  2.20404E-01  2.36724E-11  4.80459E-11  6.38591E-13  1.06479E-12
  5.650E+01  2.24032E-01  2.31383E-11  4.73437E-11  6.30300E-13  1.05639E-12
  5.700E+01  2.27680E-01  2.26202E-11  4.66580E-11  6.22166E-13  1.04808E-12
  5.750E+01  2.31350E-01  2.21175E-11  4.59884E-11  6.14184E-13  1.03986E-12
  5.800E+01  2.35040E-01  2.16298E-11  4.53344E-11  6.06352E-13  1.03173E-12
  5.850E+01  2.38751E-01  2.11564E-11  4.46955E-11  5.98664E-13  1.02367E-12
  5.900E+01  2.42481E-01  2.06968E-11  4.40712E-11  5.91116E-13  1.01571E-12
  5.950E+01  2.46231E-01  2.02505E-11  4.34611E-11  5.83706E-13  1.00782E-12
  6.000E+01  2.50000E-01  1.98171E-11  4.28648E-11  5.76429E-13  1.00001E-12
  6.050E+01  2.53788E-01  1.93961E-11  4.22819E-11  5.69282E-13  9.92287E-13
  6.100E+01  2.57595E-01  1.89869E-11  4.17120E-11  5.62262E-13  9.84636E-13
  6.150E+01  2.61421E-01  1.85894E-11  4.11547E-11  5.55365E-13  9.77061E-13
  6.200E+01  2.65264E-01  1.82029E-11  4.06097E-11  5.48588E-13  9.69560E-13
  6.250E+01  2.69126E-01  1.78271E-11  4.00765E-11  5.41928E-13  9.62133E-13
  6.300E+01  2.73005E-01  1.74617E-11  3.95549E-11  5.35383E-13  9.54776E-13
  6.350E+01  2.76901E-01  1.71064E-11  3.90445E-11  5.28948E-13  9.47490E-13
  6.400E+01  2.80814E-01  1.67606E-11  3.85450E-11  5.22623E-13  9.40272E-13
  6.450E+01  2.84744E-01  1.64243E-11  3.80562E-11  5.16403E-13  9.33123E-13
  6.500E+01  2.88691E-01  1.60969E-11  3.75776E-11  5.10286E-13  9.26039E-13
  6.550E+01  2.92653E-01  1.57783E-11  3.71092E-11  5.04271E-13  9.19021E-13
  6.600E+01  2.96632E-01  1.54681E-11  3.66504E-11  4.98353E-13  9.12067E-13
  6.650E+01  3.00625E-01  1.51661E-11  3.62012E-11  4.92532E-13  9.05176E-13
  6.700E+01  3.04634E-01  1.48719E-11  3.57612E-11  4.86804E-13  8.98347E-13
  6.750E+01  3.08658E-01  1.45854E-11  3.53302E-11  4.81168E-13  8.91578E-13
  6.800E+01  3.12697E-01  1.43063E-11  3.49079E-11  4.75621E-13  8.84869E-13
  6.850E+01  3.16749E-01  1.40344E-11  3.44942E-11  4.70161E-13  8.78219E-13
  6.900E+01  3.20816E-01  1.37694E-11  3.40888E-11  4.64786E-13  8.71627E-13
  6.950E+01  3.24896E-01  1.35111E-11  3.36915E-11  4.59495E-13  8.65091E-13
  7.000E+01  3.28990E-01  1.32593E-11  3.33021E-11  4.54285E-13  8.58610E-13
  7.050E+01  3.33097E-01  1.30138E-11  3.29203E-11  4.49154E-13  8.52185E-13
  7.100E+01  3.37216E-01  1.27744E-11  3.25460E-11  4.44101E-13  8.45813E-13
  7.150E+01  3.41348E-01  1.25409E-11  3.21791E-11  4.39124E-13  8.39494E-13
  7.200E+01  3.45492E-01  1.23132E-11  3.18192E-11  4.34222E-13  8.33227E-13
  7.250E+01  3.49647E-01  1.20910E-11  3.14663E-11  4.29391E-13  8.27011E-13
  7.300E+01  3.53814E-01  1.18742E-11  3.11201E-11  4.24632E-13  8.20845E-13
  7.350E+01  3.57992E-01  1.16627E-11  3.07805E-11  4.19942E-13  8.14729E-13
  7.400E+01  3.62181E-01  1.14562E-11  3.04474E-11  4.15320E-13  8.08661E-13
  7.450E+01  3.66381E-01  1.12547E-11  3.01205E-11  4.10764E-13  8.02641E-13
  7.500E+01  3.70590E-01  1.10579E-11  2.97998E-11  4.06274E-13  7.96668E-13
  7.550E+01  3.74810E-01  1.08658E-11  2.94850E-11  4.01847E-13  7.90742E-13
  7.600E+01  3.79039E-01  1.06782E-11  2.91761E-11  3.97482E-13  7.84861E-13
  7.650E+01  3.83277E-01  1.04950E-11  2.88729E-11  3.93178E-13  7.79025E-13
  7.700E+01  3.87524E-01  1.03160E-11  2.85752E-11  3.88933E-13  7.73232E-13
  7.750E+01  3.91780E-01  1.01412E-11  2.82830E-11  3.84747E-13  7.67483E-13
  7.800E+01  3.96044E-01  9.97033E-12  2.79960E-11  3.80618E-13  7.61777E-13
  7.850E+01  4.00316E-01  9.80341E-12  2.77143E-11  3.76545E-13  7.56113E-13
  7.900E+01  4.04596E-01  9.64028E-12  2.74376E-11  3.72527E-13  7.50490E-13
  7.950E+01  4.08882E-01  9.48083E-12  2.71659E-11  3.68562E-13  7.44908E-13
  8.000E+01  4.13176E-01  9.32498E-12  2.68990E-11  3.64650E-13  7.39366E-13
  8.050E+01  4.17476E-01  9.17260E-12  2.66369E-11  3.60789E-13  7.33863E-13
  8.100E+01  4.21783E-01  9.02362E-12  2.63793E-11  3.56979E-13  7.28399E-13
  8.150E+01  4.26095E-01  8.87794E-12  2.61263E-11  3.53218E-13  7.22973E-13
  8.200E+01  4.30413E-01  8.73547E-12  2.58777E-11  3.49506E-13  7.17584E-13
  8.250E+01  4.34737E-01  8.59612E-12  2.56335E-11  3.45841E-13  7.12233E-13
  8.300E+01  4.39065E-01  8.45981E-12  2.53934E-11  3.42222E-13  7.06918E-13
  8.350E+01  4.43398E-01  8.32646E-12  2.51575E-11  3.38649E-13  7.01639E-13
  8.400E+01  4.47736E-01  8.19599E-12  2.49256E-11  3.35121E-13  6.96396E-13
  8.450E+01  4.52077E-01  8.06832E-12  2.46977E-11  3.31637E-13  6.91187E-13
  8.500E+01  4.56422E-01  7.94339E-12  2.44737E-11  3.28195E-13  6.86013E-13
  8.550E+01  4.60770E-01  7.82111E-12  2.42535E-11  3.24796E-13  6.80872E-13
  8.600E+01  4.65122E-01  7.70143E-12  2.40369E-11  3.21438E-13  6.75765E-13
  8.650E+01  4.69476E-01  7.58427E-12  2.38240E-11  3.18121E-13  6.70690E-13
  8.700E+01  4.73832E-01  7.46957E-12  2.36147E-11  3.14843E-13  6.65648E-13
  8.750E+01  4.78190E-01  7.35727E-12  2.34088E-11  3.11604E-13  6.60637E-13
  8.800E+01  4.82550E-01  7.24730E-12  2.32064E-11  3.08404E-13  6.55658E-13
  8.850E+01  4.86912E-01  7.13962E-12  2.30073E-11  3.05241E-13  6.50709E-13
  8.900E+01  4.91274E-01  7.03415E-12  2.28115E-11  3.02115E-13  6.45792E-13
  8.950E+01  4.95637E-01  6.93085E-12  2.26189E-11  2.99025E-13  6.40904E-13
  9.000E+01  5.00000E-01  6.82966E-12  2.24294E-11  2.95970E-13  6.36045E-13
  9.050E+01  5.04363E-01  6.73053E-12  2.22430E-11  2.92950E-13  6.31216E-13
  9.100E+01  5.08726E-01  6.63341E-12  2.20596E-11  2.89965E-13  6.26415E-13
  9.150E+01  5.13088E-01  6.53825E-12  2.18792E-11  2.87013E-13  6.21643E-13
  9.200E+01  5.17450E-01  6.44501E-12  2.17017E-11  2.84094E-13  6.16898E-13
  9.250E+01  5.21810E-01  6.35362E-12  2.15270E-11  2.81207E-13  6.12181E-13
  9.300E+01  5.26168E-01  6.26407E-12  2.13551E-11  2.78352E-13  6.07491E-13
  9.350E+01  5.30524E-01  6.17628E-12  2.11859E-11  2.75528E-13  6.02828E-13
  9.400E+01  5.34878E-01  6.09024E-12  2.10194E-11  2.72734E-13  5.98191E-13
  9.450E+01  5.39230E-01  6.00589E-12  2.08556E-11  2.69971E-13  5.93580E-13
  9.500E+01  5.43578E-01  5.92319E-12  2.06943E-11  2.67237E-13  5.88994E-13
  9.550E+01  5.47923E-01  5.84211E-12  2.05356E-11  2.64532E-13  5.84434E-13
  9.600E+01  5.52264E-01  5.76261E-12  2.03793E-11  2.61856E-13  5.79898E-13
  9.650E+01  5.56602E-01  5.68465E-12  2.02255E-11  2.59207E-13  5.75387E-13
  9.700E+01  5.60935E-01  5.60820E-12  2.00741E-11  2.56586E-13  5.70901E-13
  9.750E+01  5.65263E-01  5.53322E-12  1.99250E-11  2.53993E-13  5.66438E-13
  9.800E+01  5.69587E-01  5.45968E-12  1.97782E-11  2.51425E-13  5.61998E-13
  9.850E+01  5.73905E-01  5.38754E-12  1.96337E-11  2.48884E-13  5.57582E-13
  9.900E+01  5.78217E-01  5.31677E-12  1.94914E-11  2.46368E-13  5.53188E-13
  9.950E+01  5.82524E-01  5.24735E-12  1.93513E-11  2.43877E-13  5.48817E-13
  1.000E+02  5.86824E-01  5.17924E-12  1.92133E-11  2.41411E-13  5.44468E-13
  1.005E+02  5.91118E-01  5.11242E-12  1.90775E-11  2.38969E-13  5.40141E-13
  1.010E+02  5.95404E-01  5.04685E-12  1.89436E-11  2.36552E-13  5.35836E-13
  1.015E+02  5.99684E-01  4.98251E-12  1.88119E-11  2.34157E-13  5.31551E-13
  1.020E+02  6.03956E-01  4.91937E-12  1.86821E-11  2.31786E-13  5.27288E-13
  1.025E+02  6.08220E-01  4.85740E-12  1.85542E-11  2.29437E-13  5.23046E-13
  1.030E+02  6.12476E-01  4.79658E-12  1.84283E-11  2.27111E-13  5.18824E-13
  1.035E+02  6.16723E-01  4.73689E-12  1.83043E-11  2.24807E-13  5.14622E-13
  1.040E+02  6.20961E-01  4.67829E-12  1.81822E-11  2.22524E-13  5.10440E-13
  1.045E+02  6.25190E-01  4.62077E-12  1.80618E-11  2.20262E-13  5.06278E-13
  1.050E+02  6.29410E-01  4.56431E-12  1.79433E-11  2.18021E-13  5.02135E-13
  1.055E+02  6.33619E-01  4.50887E-12  1.78265E-11  2.15801E-13  4.98011E-13
  1.060E+02  6.37819E-01  4.45445E-12  1.77115E-11  2.13601E-13  4.93905E-13
  1.065E+02  6.42008E-01  4.40101E-12  1.75981E-11  2.11420E-13  4.89819E-13
  1.070E+02  6.46186E-01  4.34855E-12  1.74865E-11  2.09259E-13  4.85751E-13
  1.075E+02  6.50353E-01  4.29702E-12  1.73764E-11  2.07117E-13  4.81700E-13
  1.080E+02  6.54508E-01  4.24643E-12  1.72681E-11  2.04994E-13  4.77668E-13
  1.085E+02  6.58652E-01  4.19675E-12  1.71613E-11  2.02890E-13  4.73653E-13
  1.090E+02  6.62784E-01  4.14795E-12  1.70560E-11  2.00804E-13  4.69655E-13
  1.095E+02  6.66903E-01  4.10003E-12  1.69524E-11  1.98735E-13  4.65675E-13
  1.100E+02  6.71010E-01  4.05296E-12  1.68502E-11  1.96684E-13  4.61711E-13
  1.105E+02  6.75104E-01  4.00673E-12  1.67495E-11  1.94651E-13  4.57764E-13
  1.110E+02  6.79184E-01  3.96132E-12  1.66504E-11  1.92635E-13  4.53834E-13
  1.115E+02  6.83251E-01  3.91672E-12  1.65526E-11  1.90635E-13  4.49920E-13
  1.120E+02  6.87303E-01  3.87290E-12  1.64563E-11  1.88652E-13  4.46021E-13
  1.125E+02  6.91342E-01  3.82985E-12  1.63614E-11  1.86685E-13  4.42139E-13
  1.130E+02  6.95366E-01  3.78757E-12  1.62678E-11  1.84734E-13  4.38272E-13
  1.135E+02  6.99375E-01  3.74602E-12  1.61757E-11  1.82799E-13  4.34420E-13
  1.140E+02  7.03368E-01  3.70521E-12  1.60848E-11  1.80880E-13  4.30583E-13
  1.145E+02  7.07347E-01  3.66510E-12  1.59953E-11  1.78975E-13  4.26762E-13
  1.150E+02  7.11309E-01  3.62570E-12  1.59071E-11  1.77086E-13  4.22955E-13
  1.155E+02  7.15256E-01  3.58698E-12  1.58202E-11  1.75211E-13  4.19163E-13
  1.160E+02  7.19186E-01  3.54894E-12  1.57345E-11  1.73351E-13  4.15385E-13
  1.165E+02  7.23099E-01  3.51156E-12  1.56501E-11  1.71505E-13  4.11621E-13
  1.170E+02  7.26995E-01  3.47483E-12  1.55669E-11  1.69673E-13  4.07871E-13
  1.175E+02  7.30874E-01  3.43873E-12  1.54849E-11  1.67854E-13  4.04135E-13
  1.180E+02  7.34736E-01  3.40326E-12  1.54040E-11  1.66050E-13  4.00412E-13
  1.185E+02  7.38579E-01  3.36840E-12  1.53244E-11  1.64259E-13  3.96703E-13
  1.190E+02  7.42405E-01  3.33415E-12  1.52459E-11  1.62481E-13  3.93007E-13
  1.195E+02  7.46212E-01  3.30048E-12  1.51686E-11  1.60716E-13  3.89324E-13
  1.200E+02  7.50000E-01  3.26739E-12  1.50923E-11  1.58963E-13  3.85654E-13
  1.205E+02  7.53769E-01  3.23488E-12  1.50172E-11  1.57223E-13  3.81997E-13
  1.210E+02  7.57519E-01  3.20292E-12  1.49432E-11  1.55496E-13  3.78352E-13
  1.215E+02  7.61249E-01  3.17151E-12  1.48702E-11  1.53780E-13  3.74719E-13
  1.220E+02  7.64960E-01  3.14064E-12  1.47983E-11  1.52077E-13  3.71099E-13
  1.225E+02  7.68650E-01  3.11030E-12  1.47274E-11  1.50385E-13  3.67491E-13
  1.230E+02  7.72320E-01  3.08048E-12  1.46576E-11  1.48705E-13  3.63894E-13
  1.235E+02  7.75968E-01  3.05117E-12  1.45888E-11  1.47037E-13  3.60309E-13
  1.240E+02  7.79596E-01  3.02236E-12  1.45210E-11  1.45379E-13  3.56736E-13
  1.245E+02  7.83203E-01  2.99404E-12  1.44542E-11  1.43733E-13  3.53174E-13
  1.250E+02  7.86788E-01  2.96621E-12  1.43883E-11  1.42097E-13  3.49624E-13
  1.255E+02  7.90351E-01  2.93886E-12  1.43235E-11  1.40472E-13  3.46084E-13
  1.260E+02  7.93893E-01  2.91198E-12  1.42595E-11  1.38858E-13  3.42555E-13
  1.265E+02  7.97411E-01  2.88555E-12  1.41965E-11  1.37253E-13  3.39038E-13
  1.270E+02  8.00908E-01  2.85958E-12  1.41345E-11  1.35660E-13  3.35530E-13
  1.275E+02  8.04381E-01  2.83406E-12  1.40733E-11  1.34076E-13  3.32033E-13
  1.280E+02  8.07831E-01  2.80897E-12  1.40131E-11  1.32502E-13  3.28547E-13
  1.285E+02  8.11257E-01  2.78431E-12  1.39538E-11  1.30937E-13  3.25070E-13
  1.290E+02  8.14660E-01  2.76007E-12  1.38953E-11  1.29382E-13  3.21604E-13
  1.295E+02  8.18039E-01  2.73626E-12  1.38377E-11  1.27837E-13  3.18148E-13
  1.300E+02  8.21394E-01  2.71285E-12  1.37809E-11  1.26301E-13  3.14701E-13
  1.305E+02  8.24724E-01  2.68984E-12  1.37251E-11  1.24774E-13  3.11264E-13
  1.310E+02  8.28030E-01  2.66723E-12  1.36700E-11  1.23255E-13  3.07836E-13
  1.315E+02  8.31310E-01  2.64501E-12  1.36158E-11  1.21746E-13  3.04418E-13
  1.320E+02  8.34565E-01  2.62318E-12  1.35624E-11  1.20245E-13  3.01009E-13
  1.325E+02  8.37795E-01  2.60172E-12  1.35098E-11  1.18753E-13  2.97609E-13
  1.330E+02  8.40999E-01  2.58064E-12  1.34580E-11  1.17269E-13  2.94218E-13
  1.335E+02  8.44177E-01  2.55992E-12  1.34070E-11  1.15794E-13  2.90835E-13
  1.340E+02  8.47329E-01  2.53956E-12  1.33567E-11  1.14326E-13  2.87462E-13
  1.345E+02  8.50455E-01  2.51956E-12  1.33073E-11  1.12867E-13  2.84097E-13
  1.350E+02  8.53553E-01  2.49991E-12  1.32586E-11  1.11415E-13  2.80740E-13
  1.355E+02  8.56625E-01  2.48060E-12  1.32106E-11  1.09971E-13  2.77392E-13
  1.360E+02  8.59670E-01  2.46163E-12  1.31635E-11  1.08535E-13  2.74052E-13
  1.365E+02  8.62687E-01  2.44299E-12  1.31170E-11  1.07106E-13  2.70720E-13
  1.370E+02  8.65677E-01  2.42469E-12  1.30713E-11  1.05684E-13  2.67395E-13
  1.375E+02  8.68639E-01  2.40671E-12  1.30263E-11  1.04270E-13  2.64079E-13
  1.380E+02  8.71572E-01  2.38905E-12  1.29820E-11  1.02862E-13  2.60771E-13
  1.385E+02  8.74478E-01  2.37171E-12  1.29384E-11  1.01462E-13  2.57470E-13
  1.390E+02  8.77355E-01  2.35467E-12  1.28955E-11  1.00068E-13  2.54176E-13
  1.395E+02  8.80203E-01  2.33794E-12  1.28533E-11  9.86816E-14  2.50890E-13
  1.400E+02  8.83022E-01  2.32152E-12  1.28118E-11  9.73015E-14  2.47611E-13
  1.405E+02  8.85812E-01  2.30539E-12  1.27710E-11  9.59278E-14  2.44339E-13
  1.410E+02  8.88573E-01  2.28956E-12  1.27308E-11  9.45605E-14  2.41074E-13
  1.415E+02  8.91304E-01  2.27401E-12  1.26913E-11  9.31995E-14  2.37816E-13
  1.420E+02  8.94005E-01  2.25876E-12  1.26525E-11  9.18447E-14  2.34565E-13
  1.425E+02  8.96677E-01  2.24378E-12  1.26143E-11  9.04959E-14  2.31321E-13
  1.430E+02  8.99318E-01  2.22908E-12  1.25767E-11  8.91531E-14  2.28083E-13
  1.435E+02  9.01928E-01  2.21466E-12  1.25398E-11  8.78161E-14  2.24851E-13
  1.440E+02  9.04508E-01  2.20051E-12  1.25036E-11  8.64849E-14  2.21626E-13
  1.445E+02  9.07058E-01  2.18662E-12  1.24679E-11  8.51593E-14  2.18407E-13
  1.450E+02  9.09576E-01  2.17300E-12  1.24329E-11  8.38392E-14  2.15195E-13
  1.455E+02  9.12063E-01  2.15964E-12  1.23985E-11  8.25246E-14  2.11988E-13
  1.460E+02  9.14519E-01  2.14654E-12  1.23647E-11  8.12153E-14  2.08787E-13
  1.465E+02  9.16943E-01  2.13370E-12  1.23315E-11  7.99113E-14  2.05592E-13
  1.470E+02  9.19335E-01  2.12110E-12  1.22989E-11  7.86124E-14  2.02403E-13
  1.475E+02  9.21696E-01  2.10875E-12  1.22669E-11  7.73185E-14  1.99220E-13
  1.480E+02  9.24024E-01  2.09665E-12  1.22355E-11  7.60296E-14  1.96042E-13
  1.485E+02  9.26320E-01  2.08479E-12  1.22046E-11  7.47455E-14  1.92869E-13
  1.490E+02  9.28584E-01  2.07317E-12  1.21744E-11  7.34662E-14  1.89702E-13
  1.495E+02  9.30815E-01  2.06178E-12  1.21447E-11  7.21915E-14  1.86540E-13
  1.500E+02  9.33013E-01  2.05063E-12  1.21156E-11  7.09214E-14  1.83383E-13
  1.505E+02  9.35178E-01  2.03972E-12  1.20870E-11  6.96558E-14  1.80231E-13
  1.510E+02  9.37310E-01  2.02903E-12  1.20590E-11  6.83946E-14  1.77085E-13
  1.515E+02  9.39409E-01  2.01856E-12  1.20316E-11  6.71376E-14  1.73943E-13
  1.520E+02  9.41474E-01  2.00832E-12  1.20047E-11  6.58849E-14  1.70805E-13
  1.525E+02  9.43505E-01  1.99831E-12  1.19784E-11  6.46363E-14  1.67673E-13
  1.530E+02  9.45503E-01  1.98851E-12  1.19526E-11  6.33918E-14  1.64545E-13
  1.535E+02  9.47467E-01  1.97893E-12  1.19274E-11  6.21512E-14  1.61421E-13
  1.540E+02  9.49397E-01  1.96956E-12  1.19026E-11  6.09144E-14  1.58302E-13
  1.545E+02  9.51293E-01  1.96040E-12  1.18785E-11  5.96814E-14  1.55187E-13
  1.550E+02  9.53154E-01  1.95146E-12  1.18548E-11  5.84522E-14  1.52076E-13
  1.555E+02  9.54981E-01  1.94273E-12  1.18317E-11  5.72265E-14  1.48970E-13
  1.560E+02  9.56773E-01  1.93420E-12  1.18091E-11  5.60044E-14  1.45867E-13
  1.565E+02  9.58530E-01  1.92587E-12  1.17870E-11  5.47857E-14  1.42769E-13
  1.570E+02  9.60252E-01  1.91775E-12  1.17654E-11  5.35703E-14  1.39674E-13
  1.575E+02  9.61940E-01  1.90983E-12  1.17443E-11  5.23583E-14  1.36583E-13
  1.580E+02  9.63592E-01  1.90211E-12  1.17238E-11  5.11494E-14  1.33495E-13
  1.585E+02  9.65209E-01  1.89458E-12  1.17037E-11  4.99437E-14  1.30412E-13
  1.590E+02  9.66790E-01  1.88725E-12  1.16841E-11  4.87411E-14  1.27331E-13
  1.595E+02  9.68336E-01  1.88011E-12  1.16651E-11  4.75413E-14  1.24254E-13
  1.600E+02  9.69846E-01  1.87317E-12  1.16465E-11  4.63445E-14  1.21181E-13
  1.605E+02  9.71321E-01  1.86642E-12  1.16285E-11  4.51505E-14  1.18110E-13
  1.610E+02  9.72759E-01  1.85985E-12  1.16109E-11  4.39593E-14  1.15043E-13
  1.615E+02  9.74162E-01  1.85348E-12  1.15938E-11  4.27706E-14  1.11979E-13
  1.620E+02  9.75528E-01  1.84729E-12  1.15772E-11  4.15846E-14  1.08918E-13
  1.625E+02  9.76858E-01  1.84128E-12  1.15611E-11  4.04011E-14  1.05859E-13
  1.630E+02  9.78152E-01  1.83546E-12  1.15454E-11  3.92200E-14  1.02804E-13
  1.635E+02  9.79410E-01  1.82982E-12  1.15302E-11  3.80413E-14  9.97510E-14
  1.640E+02  9.80631E-01  1.82437E-12  1.15156E-11  3.68648E-14  9.67008E-14
  1.645E+02  9.81815E-01  1.81909E-12  1.15013E-11  3.56906E-14  9.36532E-14
  1.650E+02  9.82963E-01  1.81399E-12  1.14876E-11  3.45185E-14  9.06080E-14
  1.655E+02  9.84074E-01  1.80907E-12  1.14743E-11  3.33485E-14  8.75653E-14
  1.660E+02  9.85148E-01  1.80433E-12  1.14615E-11  3.21804E-14  8.45248E-14
  1.665E+02  9.86185E-01  1.79976E-12  1.14492E-11  3.10143E-14  8.14865E-14
  1.670E+02  9.87185E-01  1.79536E-12  1.14373E-11  2.98501E-14  7.84504E-14
  1.675E+02  9.88148E-01  1.79114E-12  1.14259E-11  2.86876E-14  7.54164E-14
  1.680E+02  9.89074E-01  1.78709E-12  1.14149E-11  2.75268E-14  7.23843E-14
  1.685E+02  9.89962E-01  1.78322E-12  1.14044E-11  2.63676E-14  6.93541E-14
  1.690E+02  9.90814E-01  1.77951E-12  1.13944E-11  2.52101E-14  6.63258E-14
  1.695E+02  9.91627E-01  1.77598E-12  1.13848E-11  2.40540E-14  6.32991E-14
  1.700E+02  9.92404E-01  1.77261E-12  1.13757E-11  2.28993E-14  6.02742E-14
  1.705E+02  9.93143E-01  1.76942E-12  1.13670E-11  2.17460E-14  5.72508E-14
  1.710E+02  9.93844E-01  1.76639E-12  1.13588E-11  2.05940E-14  5.42289E-14
  1.715E+02  9.94508E-01  1.76353E-12  1.13510E-11  1.94432E-14  5.12084E-14
  1.720E+02  9.95134E-01  1.76083E-12  1.13437E-11  1.82936E-14  4.81892E-14
  1.725E+02  9.95722E-01  1.75830E-12  1.13369E-11  1.71450E-14  4.51713E-14
  1.730E+02  9.96273E-01  1.75594E-12  1.13304E-11  1.59975E-14  4.21546E-14
  1.735E+02  9.96786E-01  1.75374E-12  1.13245E-11  1.48508E-14  3.91390E-14
  1.740E+02  9.97261E-01  1.75171E-12  1.13189E-11  1.37051E-14  3.61244E-14
  1.745E+02  9.97698E-01  1.74984E-12  1.13138E-11  1.25602E-14  3.31107E-14
  1.750E+02  9.98097E-01  1.74814E-12  1.13092E-11  1.14160E-14  3.00979E-14
  1.755E+02  9.98459E-01  1.74659E-12  1.13050E-11  1.02725E-14  2.70859E-14
  1.760E+02  9.98782E-01  1.74522E-12  1.13013E-11  9.12958E-15  2.40746E-14
  1.765E+02  9.99067E-01  1.74400E-12  1.12979E-11  7.98721E-15  2.10639E-14
  1.770E+02  9.99315E-01  1.74295E-12  1.12951E-11  6.84531E-15  1.80538E-14
  1.775E+02  9.99524E-01  1.74206E-12  1.12927E-11  5.70381E-15  1.50441E-14
  1.780E+02  9.99695E-01  1.74133E-12  1.12907E-11  4.56264E-15  1.20348E-14
  1.785E+02  9.99829E-01  1.74076E-12  1.12891E-11  3.42175E-15  9.02582E-15
  1.790E+02  9.99924E-01  1.74036E-12  1.12880E-11  2.28105E-15  6.01708E-15
  1.795E+02  9.99981E-01  1.74011E-12  1.12874E-11  1.14049E-15  3.00850E-15
  1.800E+02  1.00000E+00  1.74003E-12  1.12871E-11  1.60049E-29  4.22194E-29
