1.01664e+1 1.81667e+3
1.04818e+1 1.63496e+3
1.08070e+1 1.47143e+3
1.11423e+1 1.32559e+3
1.14443e+1 1.20383e+3
1.17544e+1 1.09655e+3
1.21191e+1 9.88853e+2
1.24951e+1 8.90841e+2
1.28337e+1 8.11182e+2
1.31814e+1 7.39140e+2
1.35904e+1 6.66547e+2
1.40121e+1 6.02897e+2
1.44468e+1 5.42595e+2
1.48951e+1 4.90781e+2
1.53572e+1 4.42580e+2
1.58337e+1 3.99514e+2
1.63250e+1 3.60639e+2
1.68315e+1 3.26528e+2
1.73538e+1 2.95051e+2
1.78922e+1 2.67680e+2
1.84474e+1 2.43093e+2
1.90198e+1 2.19658e+2
1.96099e+1 2.00083e+2
2.02183e+1 1.81887e+2
2.08457e+1 1.67014e+2
2.14924e+1 1.52283e+2
2.21593e+1 1.39410e+2
2.29343e+1 1.26401e+2
2.37364e+1 1.14515e+2
2.44728e+1 1.05362e+2
2.53287e+1 9.62812e+1
2.63149e+1 8.71570e+1
2.72352e+1 7.97093e+1
2.81877e+1 7.27518e+1
2.92851e+1 6.60162e+1
3.04253e+1 5.98562e+1
3.16098e+1 5.41838e+1
3.28405e+1 4.92068e+1
3.44393e+1 4.39946e+1
3.58409e+1 3.93406e+1
3.77988e+1 3.46907e+1
3.93371e+1 3.01658e+1
4.09380e+1 2.69747e+1
4.20413e+1 2.44606e+1
4.44072e+1 2.09581e+1
4.57850e+1 1.92443e+1
4.72056e+1 1.75999e+1
4.88566e+1 1.60282e+1
5.09530e+1 1.44860e+1
5.35468e+1 1.31253e+1
5.69212e+1 1.19684e+1
6.14398e+1 1.09651e+1
6.68256e+1 1.01524e+1
7.26835e+1 9.58351e+0
7.90549e+1 9.20304e+0
8.57225e+1 8.94801e+0
9.37607e+1 8.79369e+0
1.01720e+2 8.77019e+0
1.10005e+2 8.78781e+0
1.20428e+2 8.88358e+0
1.30884e+2 9.04322e+0
1.42032e+2 9.25119e+0
1.54837e+2 9.49301e+0
1.68410e+2 9.78140e+0
1.83172e+2 1.01265e+1
1.99229e+2 1.05259e+1
2.16694e+2 1.09491e+1
2.35689e+2 1.14309e+1
2.56349e+2 1.19558e+1
2.78821e+2 1.25321e+1
3.03262e+2 1.31458e+1
3.29846e+2 1.38552e+1
3.58760e+2 1.45815e+1
3.90209e+2 1.53851e+1
4.24415e+2 1.62687e+1
4.61619e+2 1.72030e+1
5.02085e+2 1.82108e+1
5.46097e+2 1.92895e+1
5.90199e+2 2.03910e+1
6.46035e+2 2.17848e+1
7.02666e+2 2.31201e+1
7.64262e+2 2.45820e+1
8.31257e+2 2.61460e+1
9.04125e+2 2.78500e+1
9.83381e+2 2.96760e+1
1.06958e+3 3.16216e+1
1.21790e+3 3.49473e+1
1.32467e+3 3.73202e+1
1.44079e+3 3.98688e+1
1.60341e+3 4.33757e+1
1.75734e+3 4.66773e+1
1.88961e+3 4.93849e+1
2.11095e+3 5.40337e+1
2.33134e+3 5.85298e+1
2.53570e+3 6.26638e+1
2.75798e+3 6.70164e+1
3.09282e+3 7.37409e+1
3.36394e+3 7.90935e+1
3.71515e+3 8.58834e+1
4.16619e+3 9.43747e+1
4.53140e+3 1.01299e+2
4.92862e+3 1.08731e+2
5.48493e+3 1.18858e+2
5.96574e+3 1.27718e+2
6.48870e+3 1.37239e+2
7.05750e+3 1.47255e+2
7.73502e+3 1.59275e+2
8.41307e+3 1.71211e+2
9.29143e+3 1.86339e+2
9.83930e+3 1.95714e+2
