3.14730e+0 6.92868e-3
3.31457e+0 8.70711e-3
3.49073e+0 1.09515e-2
3.67626e+0 1.38021e-2
3.89526e+0 1.71639e-2
4.16513e+0 2.11521e-2
4.45371e+0 2.60915e-2
4.76226e+0 3.18829e-2
5.09217e+0 3.82693e-2
5.44492e+0 4.58917e-2
5.82210e+0 5.43632e-2
6.22533e+0 6.20776e-2
6.65647e+0 7.02228e-2
7.11754e+0 8.21742e-2
7.61050e+0 9.40120e-2
8.13761e+0 1.07859e-1
8.70140e+0 1.32297e-1
9.30413e+0 1.55690e-1
9.94864e+0 1.84951e-1
1.06380e+1 2.34895e-1
1.13749e+1 2.75131e-1
1.21628e+1 3.24389e-1
1.29658e+1 3.80885e-1
1.38218e+1 4.52216e-1
1.47794e+1 5.54676e-1
1.58032e+1 6.60166e-1
1.68982e+1 8.20482e-1
1.80685e+1 9.39562e-1
1.93197e+1 1.03034e+0
2.06573e+1 1.07897e+0
2.20871e+1 1.08100e+0
2.36156e+1 1.02357e+0
2.52495e+1 9.30761e-1
2.69962e+1 8.27461e-1
2.86883e+1 6.94802e-1
3.03008e+1 5.37601e-1
3.20042e+1 4.32559e-1
3.39063e+1 3.43072e-1
3.61409e+1 2.78255e-1
3.84057e+1 2.24543e-1
4.05648e+1 1.81294e-1
4.29759e+1 1.45887e-1
4.53919e+1 1.17504e-1
4.79435e+1 9.29912e-2
5.07932e+1 7.52877e-2
5.36487e+1 6.03684e-2
5.70111e+1 5.00894e-2
6.09548e+1 4.37823e-2
6.51708e+1 3.69944e-2
6.94659e+1 3.00560e-2
7.40435e+1 2.37927e-2
7.91637e+1 1.92703e-2
8.46381e+1 1.56517e-2
9.04910e+1 1.27006e-2
9.67486e+1 1.02769e-2
1.03439e+2 8.30786e-3
1.10592e+2 6.73509e-3
1.18239e+2 5.42932e-3
1.26416e+2 4.36847e-3
1.35157e+2 3.48526e-3
1.44503e+2 2.82281e-3
1.54495e+2 2.26698e-3
1.65179e+2 1.82060e-3
1.76600e+2 1.45799e-3
1.88238e+2 1.16706e-3
2.00034e+2 9.28392e-4
2.12568e+2 7.36243e-4
2.25887e+2 5.85074e-4
2.40042e+2 4.65907e-4
2.55083e+2 3.70244e-4
2.71893e+2 2.96615e-4
2.82876e+2 3.56700e-4
2.87235e+2 4.66872e-4
2.91659e+2 6.04780e-4
2.95249e+2 7.51646e-4
2.99798e+2 9.83804e-4
3.04416e+2 1.28102e-3
3.17275e+2 1.72830e-3
3.22002e+2 1.80137e-3
3.44867e+2 1.44706e-3
3.68714e+2 1.16103e-3
3.94211e+2 9.36817e-4
4.20190e+2 7.50091e-4
4.47880e+2 5.98552e-4
4.77396e+2 4.81101e-4
5.08856e+2 3.83508e-4
5.40776e+2 3.78686e-4
5.74730e+2 4.53448e-4
6.12615e+2 3.85099e-4
6.51005e+2 3.10818e-4
6.93908e+2 2.49922e-4
7.39636e+2 1.99562e-4
7.85983e+2 1.59575e-4
8.35235e+2 1.27468e-4
8.87573e+2 1.02033e-4
9.43193e+2 8.22664e-5
1.00229e+3 6.56463e-5
1.06510e+3 5.26557e-5
1.13184e+3 4.18009e-5
1.20276e+3 3.32181e-5
1.27813e+3 2.65071e-5
1.35822e+3 2.10645e-5
1.44333e+3 1.67048e-5
1.53377e+3 1.32886e-5
1.62987e+3 1.05820e-5
1.73200e+3 8.42670e-6
1.83494e+3 6.72736e-6
1.93810e+3 5.43785e-6
2.04706e+3 4.38038e-6
2.16214e+3 3.52449e-6
2.28370e+3 2.83583e-6
2.41942e+3 2.25823e-6
2.57102e+3 1.78160e-6
2.73212e+3 1.41140e-6
2.90331e+3 1.11813e-6
3.07587e+3 8.91517e-7
3.24878e+3 7.14029e-7
3.43142e+3 5.72535e-7
3.62433e+3 4.59079e-7
3.82808e+3 3.67683e-7
4.04328e+3 2.95841e-7
4.27059e+3 2.37489e-7
4.51067e+3 1.90866e-7
4.76426e+3 1.53572e-7
5.03209e+3 1.23282e-7
5.29885e+3 9.94647e-8
