3.13856e+0 6.99618e-3
3.30177e+0 8.75141e-3
3.47346e+0 1.09938e-2
3.64381e+0 1.35916e-2
3.84410e+0 1.68147e-2
4.08981e+0 2.04603e-2
4.35123e+0 2.48313e-2
4.62936e+0 3.00310e-2
4.92526e+0 3.57539e-2
5.24008e+0 4.23453e-2
5.57502e+0 4.97596e-2
5.93137e+0 5.79138e-2
6.31049e+0 6.49800e-2
6.71385e+0 7.30355e-2
7.14299e+0 8.45604e-2
7.59957e+0 9.59596e-2
8.08532e+0 1.08706e-1
8.60213e+0 1.31584e-1
9.15196e+0 1.53548e-1
9.73695e+0 1.78710e-1
1.03011e+1 2.15380e-1
1.08980e+1 2.56648e-1
1.15946e+1 2.96629e-1
1.23357e+1 3.40751e-1
1.30873e+1 4.05686e-1
1.38847e+1 4.67659e-1
1.47722e+1 5.70543e-1
1.56722e+1 6.58560e-1
1.66270e+1 8.12957e-1
1.76898e+1 9.22548e-1
1.88205e+1 1.02344e+0
2.00235e+1 1.08030e+0
2.13034e+1 1.10604e+0
2.26651e+1 1.08219e+0
2.41138e+1 1.00399e+0
2.56551e+1 9.16134e-1
2.72950e+1 8.10833e-1
2.87953e+1 6.86789e-1
3.02075e+1 5.41560e-1
3.17783e+1 4.43687e-1
3.35251e+1 3.57089e-1
3.55677e+1 2.92518e-1
3.77347e+1 2.39352e-1
3.99212e+1 1.92512e-1
4.22343e+1 1.55434e-1
4.45558e+1 1.26667e-1
4.68728e+1 1.01803e-1
4.94493e+1 8.34759e-2
5.21674e+1 6.73912e-2
5.51901e+1 5.46267e-2
5.87178e+1 4.76363e-2
6.24710e+1 4.13598e-2
6.64641e+1 3.50133e-2
7.03152e+1 2.85719e-2
7.43895e+1 2.34015e-2
7.91444e+1 1.92990e-2
8.42032e+1 1.59019e-2
8.95854e+1 1.31142e-2
9.53116e+1 1.07775e-2
1.01404e+2 8.84948e-3
1.07885e+2 7.27904e-3
1.14781e+2 5.99774e-3
1.22118e+2 4.86925e-3
1.29924e+2 3.96691e-3
1.38228e+2 3.24874e-3
1.47064e+2 2.66523e-3
1.56464e+2 2.17511e-3
1.66465e+2 1.76278e-3
1.77105e+2 1.43987e-3
1.87895e+2 1.17151e-3
1.98783e+2 9.47694e-4
2.10301e+2 7.65167e-4
2.22486e+2 6.17796e-4
2.35378e+2 5.00245e-4
2.49016e+2 4.04286e-4
2.63445e+2 3.27361e-4
2.76365e+2 2.96926e-4
2.83459e+2 4.01965e-4
2.87479e+2 5.15841e-4
2.91556e+2 6.58810e-4
2.94859e+2 8.01995e-4
2.99041e+2 1.02920e-3
3.04137e+2 1.38567e-3
3.16368e+2 1.84457e-3
3.36590e+2 1.56289e-3
3.58104e+2 1.27549e-3
3.80994e+2 1.04640e-3
4.05347e+2 8.49514e-4
4.30043e+2 6.89195e-4
4.54961e+2 5.66692e-4
4.82680e+2 4.59747e-4
5.13533e+2 3.73244e-4
5.43288e+2 3.98552e-4
5.74768e+2 4.62562e-4
6.11507e+2 3.86832e-4
6.48764e+2 3.13228e-4
6.88291e+2 2.55405e-4
7.30226e+2 2.08347e-4
7.72538e+2 1.69190e-4
8.17301e+2 1.37393e-4
8.64658e+2 1.11893e-4
9.14759e+2 9.15638e-5
9.67763e+2 7.44267e-5
1.02384e+3 6.06131e-5
1.08316e+3 4.91743e-5
1.14592e+3 3.97033e-5
1.21232e+3 3.20872e-5
1.28257e+3 2.60567e-5
1.35688e+3 2.10382e-5
1.43551e+3 1.69699e-5
1.51868e+3 1.37278e-5
1.60668e+3 1.11158e-5
1.69978e+3 9.00075e-6
1.79321e+3 7.31929e-6
1.88646e+3 6.00932e-6
1.98455e+3 4.92330e-6
2.09364e+3 3.98228e-6
2.20872e+3 3.21769e-6
2.33013e+3 2.60600e-6
2.45821e+3 2.11420e-6
2.59334e+3 1.71357e-6
2.74360e+3 1.38221e-6
2.90258e+3 1.11279e-6
3.06212e+3 9.02110e-7
3.22136e+3 7.35149e-7
3.38887e+3 5.99089e-7
3.56509e+3 4.87691e-7
3.75048e+3 3.97430e-7
3.94551e+3 3.24566e-7
4.15068e+3 2.64778e-7
4.36652e+3 2.16234e-7
4.60653e+3 1.74531e-7
4.85974e+3 1.41021e-7
5.11246e+3 1.14677e-7
5.33306e+3 9.62839e-8
