9.93342e+0 -4.87743e-4
1.24665e+1 1.41828e-2
1.56455e+1 3.87421e-2
2.00328e+1 7.81202e-2
2.48076e+1 1.42244e-1
3.01109e+1 2.60770e-1
3.51119e+1 4.28769e-1
3.82977e+1 6.06705e-1
4.09436e+1 7.94543e-1
4.34808e+1 1.00216e+0
4.55625e+1 1.18013e+0
4.80638e+1 1.40753e+0
4.96964e+1 1.57067e+0
5.24247e+1 1.76346e+0
5.49345e+1 1.95132e+0
5.83388e+1 2.15894e+0
6.23693e+1 2.38633e+0
6.62343e+1 2.56429e+0
7.12850e+1 2.77684e+0
7.72350e+1 2.97950e+0
8.36817e+1 3.15744e+0
9.62851e+1 3.37984e+0
1.14550e+2 3.49344e+0
1.49640e+2 3.46358e+0
1.73332e+2 3.36953e+0
1.98109e+2 3.25077e+0
2.32561e+2 3.07760e+0
2.69381e+2 2.90444e+0
3.07889e+2 2.73624e+0
3.54261e+2 2.55320e+0
4.21462e+2 2.33058e+0
4.72151e+2 2.18711e+0
5.18442e+2 2.06837e+0
5.96525e+2 1.90017e+0
6.72749e+2 1.77153e+0
7.74072e+2 1.62804e+0
8.55661e+2 1.52908e+0
9.84533e+2 1.40043e+0
1.17914e+3 1.24208e+0
1.41222e+3 1.10845e+0
1.72561e+3 9.69863e-1
2.15124e+3 8.31262e-1
2.59374e+3 7.27297e-1
3.27698e+3 6.13409e-1
4.11263e+3 5.19303e-1
5.30117e+3 4.25178e-1
6.87898e+3 3.45882e-1
9.86728e+3 2.56625e-1
