

  **** PARTIAL WAVE ANALYSIS (DPWA0) ******************************************


  KINETIC ENERGY = 2.50000E+04 eV

      L       PHASE(SPIN UP)     PHASE(SPIN DOWN)
  -----------------------------------------------
       0     -5.63773171E-01      0.00000000E+00
       1      1.10045820E+00      1.41483828E+00
       2      1.92930187E-01      2.84529746E-01
       3     -4.22482012E-01     -3.77518432E-01
       4     -8.62809734E-01     -8.35513323E-01
       5     -1.19304741E+00     -1.17441235E+00
       6     -1.45017039E+00     -1.43649213E+00
       7      1.48541496E+00      1.49594864E+00
       8      1.31670746E+00      1.32509669E+00
       9      1.17616535E+00      1.18301341E+00
      10      1.05747407E+00      1.06317024E+00
      11      9.56103030E-01      9.60912077E-01
      12      8.68701046E-01      8.72810608E-01
      13      7.92726782E-01      7.96274311E-01
      14      7.26213234E-01      7.29302140E-01
      15      6.67611911E-01      6.70321716E-01
      16      6.15686326E-01      6.18079303E-01
      17      5.69437116E-01      5.71562785E-01
      18      5.28048100E-01      5.29946355E-01
      19      4.90846604E-01      4.92549952E-01
      20      4.57273752E-01      4.58808937E-01
      21      4.26861861E-01      4.28251083E-01
      22      3.99217014E-01      4.00478841E-01
      23      3.74005461E-01      3.75155534E-01
      24      3.50942891E-01      3.51994465E-01
      25      3.29785889E-01      3.30750265E-01
      26      3.10325080E-01      3.11211944E-01
      27      2.92379578E-01      2.93197272E-01
      28      2.75792464E-01      2.76548204E-01
      29      2.60427077E-01      2.61127136E-01
      30      2.46163959E-01      2.46813807E-01
      31      2.32898313E-01      2.33502743E-01
      32      2.20537894E-01      2.21101119E-01
      33      2.09001241E-01      2.09526976E-01
      34      1.98216185E-01      1.98707720E-01
      35      1.88118596E-01      1.88578851E-01
      36      1.78651320E-01      1.79082895E-01
      37      1.69763273E-01      1.70168493E-01
      38      1.61408670E-01      1.61789617E-01
      39      1.53546368E-01      1.53904912E-01
      40      1.46139291E-01      1.46477117E-01
      41      1.39153952E-01      1.39472581E-01
      42      1.32560025E-01      1.32860836E-01
      43      1.26329984E-01      1.26614228E-01
      44      1.20438786E-01      1.20707599E-01
      45      1.14863592E-01      1.15118014E-01
      46      1.09583537E-01      1.09824514E-01
      47      1.04579508E-01      1.04807911E-01
      48      9.98339705E-02      1.00050595E-01
      49      9.53308013E-02      9.55363805E-02
      50      9.10551489E-02      9.12503583E-02
      51      8.69933084E-02      8.71787712E-02
      52      8.31326101E-02      8.33089026E-02
      53      7.94613221E-02      7.96289781E-02
      54      7.59685635E-02      7.61280780E-02
      55      7.26442266E-02      7.27960596E-02
      56      6.94789088E-02      6.96234883E-02
      57      6.64638502E-02      6.66015751E-02
      58      6.35908793E-02      6.37221216E-02
      59      6.08523636E-02      6.09774709E-02
      60      5.82411648E-02      5.83604622E-02
      61      5.57505993E-02      5.58643914E-02
      62      5.33744025E-02      5.34829746E-02
      63      5.11066957E-02      5.12103158E-02
      64      4.89419573E-02      4.90408770E-02
      65      4.68749957E-02      4.69694516E-02
      66      4.49009253E-02      4.49911402E-02
      67      4.30151446E-02      4.31013283E-02
      68      4.12133158E-02      4.12956661E-02
      69      3.94913468E-02      3.95700503E-02
      70      3.78453740E-02      3.79206069E-02
      71      3.62717472E-02      3.63436761E-02
      72      3.47670158E-02      3.48357980E-02
      73      3.33279151E-02      3.33936996E-02
      74      3.19513550E-02      3.20142828E-02
      75      3.06344087E-02      3.06946133E-02
      76      2.93743025E-02      2.94319105E-02
      77      2.81684068E-02      2.82235382E-02
      78      2.70142268E-02      2.70669955E-02
      79      2.59093950E-02      2.59599091E-02
      80      2.48516634E-02      2.49000254E-02
      81      2.38388965E-02      2.38852040E-02
      82      2.28690652E-02      2.29134107E-02
      83      2.19402402E-02      2.19827120E-02
      84      2.10505871E-02      2.10912688E-02
      85      2.01983606E-02      2.02373319E-02
      86      1.93818995E-02      1.94192363E-02
      87      1.85996228E-02      1.86353972E-02
      88      1.78500246E-02      1.78843056E-02
      89      1.71316708E-02      1.71645236E-02
      90      1.64431946E-02      1.64746818E-02
      91      1.57832936E-02      1.58134747E-02
      92      1.51507261E-02      1.51796578E-02
      93      1.45443080E-02      1.45720444E-02
      94      1.39629102E-02      1.39895028E-02
      95      1.34054551E-02      1.34309532E-02  i
      96      1.28709147E-02      1.28953652E-02  i
      97      1.23583079E-02      1.23817557E-02  i
      98      1.18666980E-02      1.18891858E-02  i
      99      1.13951906E-02      1.14167594E-02  i
     100      1.09429318E-02      1.09636204E-02  i
     105      8.94305268E-03      8.95986807E-03  i
     110      7.31627586E-03      7.32996402E-03  i
     115      5.99108955E-03      6.00224731E-03  i
     120      4.91018539E-03      4.91929173E-03  i
     125      4.02750187E-03      4.03494226E-03  i
     130      3.30592178E-03      3.31200719E-03  i
     135      2.71546780E-03      2.72044963E-03  i
     140      2.23188043E-03      2.23596231E-03  i
     145      1.83549216E-03      1.83883931E-03  i
     150      1.51033246E-03      1.51307914E-03  i
     155      1.24341391E-03      1.24566938E-03  i
     160      1.02416092E-03      1.02601419E-03  i
     165      8.43951389E-04      8.45475088E-04  i
     170      6.95747975E-04      6.97001403E-04  i
     175      5.73800982E-04      5.74832613E-04  i
     180      4.73408269E-04      4.74257765E-04  i
     185      3.90721017E-04      3.91420855E-04  i
     190      3.22586327E-04      3.23163122E-04  i
     195      2.66419424E-04      2.66895003E-04  i
     200      2.20099777E-04      2.20492053E-04  i
     205      1.81886581E-04      1.82210264E-04  i
     210      1.50349875E-04      1.50617051E-04  i
     215      1.24314352E-04      1.24534959E-04  i
     220      1.02813479E-04      1.02995692E-04  i
     225      8.50520089E-05      8.52025541E-05  i
     230      7.03753045E-05      7.04997213E-05  i
     235      5.82442343E-05      5.83470854E-05  i
     240      4.82145982E-05      4.82996438E-05  i
     245      3.99202615E-05      3.99906015E-05  i
     250      3.30593182E-05      3.31175094E-05  i
     255      2.73827322E-05      2.74308838E-05  i
     260      2.26850065E-05      2.27248593E-05  i
     265      1.87965145E-05      1.88295057E-05  i
     270      1.55771943E-05      1.56045109E-05  i
     275      1.29113606E-05      1.29339830E-05  i
     280      1.07034342E-05      1.07221725E-05  i
     285      8.87442589E-06      8.88994976E-06  i
     290      7.35903939E-06      7.37190251E-06  i
     295      6.10328425E-06      6.11394443E-06  i
     300      5.06250713E-06      5.07134307E-06  i
     310      3.48450297E-06      3.49057632E-06  i
     320      2.39956402E-06      2.40374096E-06  i
     330      1.65320676E-06      1.65608100E-06  i
     340      1.13949708E-06      1.14147590E-06  i
     350      7.85741444E-07      7.87104463E-07  i
     360      5.42021424E-07      5.42960713E-07  i
     370      3.74036838E-07      3.74684384E-07  i
     380      2.58205142E-07      2.58651740E-07  i
     390      1.78303564E-07      1.78611701E-07  i
     400      1.23166459E-07      1.23379143E-07  i
     410      8.51050556E-08      8.52518872E-08  i
     420      5.88223059E-08      5.89237377E-08  i
     430      4.06673812E-08      4.07374420E-08  i
     440      2.81233549E-08      2.81717723E-08  i
     450      1.94531120E-08      1.94865723E-08  i
     460      1.34590162E-08      1.34821526E-08  i
     470      9.31384636E-09      9.32984103E-09  i
     480      6.44661322E-09      6.45770145E-09  i
     490      4.46285007E-09      4.47051922E-09  i
     500      3.09007849E-09      3.09538842E-09  i
     510      2.14015415E-09      2.14382724E-09  i
     520      1.48228786E-09      1.48482361E-09  i
     530      1.02667875E-09      1.02846105E-09  i


  *** SCATTERING AMPLITUDES AND DIFFERENTIAL CROSS SECTION ***

    ANGLE      DCS       ASYMMETRY    DIRECT AMPLITUDE       SPIN-FLIP AMPLITUDE     ERROR
    (deg)   (cm**2/sr)                      (cm)                    (cm)
  -------------------------------------------------------------------------------------------
  0.000E+00 1.23603E-14  0.000E+00 ( 1.045E-07, 3.796E-08) ( 0.000E+00, 0.000E+00)  1.00E-07
  1.000E-04 1.23603E-14  1.102E-09 ( 1.045E-07, 3.796E-08) ( 4.226E-15, 1.601E-15)  1.00E-07
  1.250E-04 1.23603E-14  1.378E-09 ( 1.045E-07, 3.796E-08) ( 5.283E-15, 2.001E-15)  1.00E-07
  1.500E-04 1.23603E-14  1.653E-09 ( 1.045E-07, 3.796E-08) ( 6.339E-15, 2.401E-15)  1.00E-07
  1.750E-04 1.23603E-14  1.929E-09 ( 1.045E-07, 3.796E-08) ( 7.396E-15, 2.801E-15)  1.00E-07
  2.000E-04 1.23603E-14  2.204E-09 ( 1.045E-07, 3.796E-08) ( 8.452E-15, 3.201E-15)  1.00E-07
  2.250E-04 1.23603E-14  2.480E-09 ( 1.045E-07, 3.796E-08) ( 9.509E-15, 3.601E-15)  1.00E-07
  2.500E-04 1.23603E-14  2.755E-09 ( 1.045E-07, 3.796E-08) ( 1.057E-14, 4.001E-15)  1.00E-07
  2.750E-04 1.23603E-14  3.031E-09 ( 1.045E-07, 3.796E-08) ( 1.162E-14, 4.401E-15)  1.00E-07
  3.000E-04 1.23603E-14  3.306E-09 ( 1.045E-07, 3.796E-08) ( 1.268E-14, 4.802E-15)  1.00E-07
  3.250E-04 1.23603E-14  3.582E-09 ( 1.045E-07, 3.796E-08) ( 1.374E-14, 5.202E-15)  1.00E-07
  3.500E-04 1.23603E-14  3.857E-09 ( 1.045E-07, 3.796E-08) ( 1.479E-14, 5.602E-15)  1.00E-07
  3.750E-04 1.23603E-14  4.133E-09 ( 1.045E-07, 3.796E-08) ( 1.585E-14, 6.002E-15)  1.00E-07
  4.000E-04 1.23603E-14  4.408E-09 ( 1.045E-07, 3.796E-08) ( 1.690E-14, 6.402E-15)  1.00E-07
  4.250E-04 1.23603E-14  4.684E-09 ( 1.045E-07, 3.796E-08) ( 1.796E-14, 6.802E-15)  1.00E-07
  4.500E-04 1.23603E-14  4.959E-09 ( 1.045E-07, 3.796E-08) ( 1.902E-14, 7.202E-15)  1.00E-07
  4.750E-04 1.23603E-14  5.235E-09 ( 1.045E-07, 3.796E-08) ( 2.007E-14, 7.602E-15)  1.00E-07
  5.000E-04 1.23603E-14  5.510E-09 ( 1.045E-07, 3.796E-08) ( 2.113E-14, 8.003E-15)  1.00E-07
  5.250E-04 1.23603E-14  5.786E-09 ( 1.045E-07, 3.796E-08) ( 2.219E-14, 8.403E-15)  1.00E-07
  5.500E-04 1.23603E-14  6.062E-09 ( 1.045E-07, 3.796E-08) ( 2.324E-14, 8.803E-15)  1.00E-07
  5.750E-04 1.23603E-14  6.337E-09 ( 1.045E-07, 3.796E-08) ( 2.430E-14, 9.203E-15)  1.00E-07
  6.000E-04 1.23603E-14  6.613E-09 ( 1.045E-07, 3.796E-08) ( 2.536E-14, 9.603E-15)  1.00E-07
  6.250E-04 1.23603E-14  6.888E-09 ( 1.045E-07, 3.796E-08) ( 2.641E-14, 1.000E-14)  1.00E-07
  6.500E-04 1.23603E-14  7.164E-09 ( 1.045E-07, 3.796E-08) ( 2.747E-14, 1.040E-14)  1.00E-07
  6.750E-04 1.23603E-14  7.439E-09 ( 1.045E-07, 3.796E-08) ( 2.853E-14, 1.080E-14)  1.00E-07
  7.000E-04 1.23603E-14  7.715E-09 ( 1.045E-07, 3.796E-08) ( 2.958E-14, 1.120E-14)  1.00E-07
  7.250E-04 1.23603E-14  7.990E-09 ( 1.045E-07, 3.796E-08) ( 3.064E-14, 1.160E-14)  1.00E-07
  7.500E-04 1.23603E-14  8.266E-09 ( 1.045E-07, 3.796E-08) ( 3.170E-14, 1.200E-14)  1.00E-07
  7.750E-04 1.23603E-14  8.541E-09 ( 1.045E-07, 3.796E-08) ( 3.275E-14, 1.240E-14)  1.00E-07
  8.000E-04 1.23603E-14  8.817E-09 ( 1.045E-07, 3.796E-08) ( 3.381E-14, 1.280E-14)  1.00E-07
  8.250E-04 1.23603E-14  9.092E-09 ( 1.045E-07, 3.796E-08) ( 3.487E-14, 1.320E-14)  1.00E-07
  8.500E-04 1.23603E-14  9.368E-09 ( 1.045E-07, 3.796E-08) ( 3.592E-14, 1.360E-14)  1.00E-07
  8.750E-04 1.23603E-14  9.643E-09 ( 1.045E-07, 3.796E-08) ( 3.698E-14, 1.400E-14)  1.00E-07
  9.000E-04 1.23603E-14  9.919E-09 ( 1.045E-07, 3.796E-08) ( 3.804E-14, 1.440E-14)  1.00E-07
  9.250E-04 1.23603E-14  1.019E-08 ( 1.045E-07, 3.796E-08) ( 3.909E-14, 1.480E-14)  1.00E-07
  9.500E-04 1.23603E-14  1.047E-08 ( 1.045E-07, 3.796E-08) ( 4.015E-14, 1.520E-14)  1.00E-07
  9.750E-04 1.23603E-14  1.075E-08 ( 1.045E-07, 3.796E-08) ( 4.121E-14, 1.560E-14)  1.00E-07
  1.000E-03 1.23603E-14  1.102E-08 ( 1.045E-07, 3.796E-08) ( 4.226E-14, 1.601E-14)  1.00E-07
  1.250E-03 1.23603E-14  1.378E-08 ( 1.045E-07, 3.796E-08) ( 5.283E-14, 2.001E-14)  1.00E-07
  1.500E-03 1.23603E-14  1.653E-08 ( 1.045E-07, 3.796E-08) ( 6.339E-14, 2.401E-14)  1.00E-07
  1.750E-03 1.23603E-14  1.929E-08 ( 1.045E-07, 3.796E-08) ( 7.396E-14, 2.801E-14)  1.00E-07
  2.000E-03 1.23603E-14  2.204E-08 ( 1.045E-07, 3.796E-08) ( 8.452E-14, 3.201E-14)  1.00E-07
  2.250E-03 1.23603E-14  2.480E-08 ( 1.045E-07, 3.796E-08) ( 9.509E-14, 3.601E-14)  1.00E-07
  2.500E-03 1.23603E-14  2.755E-08 ( 1.045E-07, 3.796E-08) ( 1.057E-13, 4.001E-14)  1.00E-07
  2.750E-03 1.23603E-14  3.031E-08 ( 1.045E-07, 3.796E-08) ( 1.162E-13, 4.401E-14)  1.00E-07
  3.000E-03 1.23603E-14  3.306E-08 ( 1.045E-07, 3.796E-08) ( 1.268E-13, 4.802E-14)  1.00E-07
  3.250E-03 1.23603E-14  3.582E-08 ( 1.045E-07, 3.796E-08) ( 1.374E-13, 5.202E-14)  1.00E-07
  3.500E-03 1.23603E-14  3.857E-08 ( 1.045E-07, 3.796E-08) ( 1.479E-13, 5.602E-14)  1.00E-07
  3.750E-03 1.23602E-14  4.133E-08 ( 1.045E-07, 3.796E-08) ( 1.585E-13, 6.002E-14)  1.00E-07
  4.000E-03 1.23602E-14  4.408E-08 ( 1.045E-07, 3.796E-08) ( 1.690E-13, 6.402E-14)  1.00E-07
  4.250E-03 1.23602E-14  4.684E-08 ( 1.045E-07, 3.796E-08) ( 1.796E-13, 6.802E-14)  1.00E-07
  4.500E-03 1.23602E-14  4.959E-08 ( 1.045E-07, 3.796E-08) ( 1.902E-13, 7.202E-14)  1.00E-07
  4.750E-03 1.23602E-14  5.235E-08 ( 1.045E-07, 3.796E-08) ( 2.007E-13, 7.602E-14)  1.00E-07
  5.000E-03 1.23602E-14  5.511E-08 ( 1.045E-07, 3.796E-08) ( 2.113E-13, 8.003E-14)  1.00E-07
  5.250E-03 1.23602E-14  5.786E-08 ( 1.045E-07, 3.796E-08) ( 2.219E-13, 8.403E-14)  1.00E-07
  5.500E-03 1.23601E-14  6.062E-08 ( 1.045E-07, 3.796E-08) ( 2.324E-13, 8.803E-14)  1.00E-07
  5.750E-03 1.23601E-14  6.337E-08 ( 1.045E-07, 3.796E-08) ( 2.430E-13, 9.203E-14)  1.00E-07
  6.000E-03 1.23601E-14  6.613E-08 ( 1.045E-07, 3.796E-08) ( 2.536E-13, 9.603E-14)  1.00E-07
  6.250E-03 1.23601E-14  6.888E-08 ( 1.045E-07, 3.796E-08) ( 2.641E-13, 1.000E-13)  1.00E-07
  6.500E-03 1.23601E-14  7.164E-08 ( 1.045E-07, 3.796E-08) ( 2.747E-13, 1.040E-13)  1.00E-07
  6.750E-03 1.23601E-14  7.439E-08 ( 1.045E-07, 3.796E-08) ( 2.853E-13, 1.080E-13)  1.00E-07
  7.000E-03 1.23600E-14  7.715E-08 ( 1.045E-07, 3.796E-08) ( 2.958E-13, 1.120E-13)  1.00E-07
  7.250E-03 1.23600E-14  7.990E-08 ( 1.045E-07, 3.796E-08) ( 3.064E-13, 1.160E-13)  1.00E-07
  7.500E-03 1.23600E-14  8.266E-08 ( 1.045E-07, 3.796E-08) ( 3.170E-13, 1.200E-13)  1.00E-07
  7.750E-03 1.23600E-14  8.541E-08 ( 1.045E-07, 3.796E-08) ( 3.275E-13, 1.240E-13)  1.00E-07
  8.000E-03 1.23599E-14  8.817E-08 ( 1.045E-07, 3.796E-08) ( 3.381E-13, 1.280E-13)  1.00E-07
  8.250E-03 1.23599E-14  9.092E-08 ( 1.045E-07, 3.796E-08) ( 3.487E-13, 1.320E-13)  1.00E-07
  8.500E-03 1.23599E-14  9.368E-08 ( 1.045E-07, 3.796E-08) ( 3.592E-13, 1.360E-13)  1.00E-07
  8.750E-03 1.23599E-14  9.644E-08 ( 1.045E-07, 3.796E-08) ( 3.698E-13, 1.400E-13)  1.00E-07
  9.000E-03 1.23598E-14  9.919E-08 ( 1.045E-07, 3.796E-08) ( 3.804E-13, 1.440E-13)  1.00E-07
  9.250E-03 1.23598E-14  1.019E-07 ( 1.045E-07, 3.796E-08) ( 3.909E-13, 1.480E-13)  1.00E-07
  9.500E-03 1.23598E-14  1.047E-07 ( 1.045E-07, 3.796E-08) ( 4.015E-13, 1.520E-13)  1.00E-07
  9.750E-03 1.23598E-14  1.075E-07 ( 1.045E-07, 3.796E-08) ( 4.120E-13, 1.560E-13)  1.00E-07
  1.000E-02 1.23597E-14  1.102E-07 ( 1.045E-07, 3.796E-08) ( 4.226E-13, 1.600E-13)  1.00E-07
  1.250E-02 1.23594E-14  1.378E-07 ( 1.045E-07, 3.796E-08) ( 5.283E-13, 2.001E-13)  1.00E-07
  1.500E-02 1.23590E-14  1.653E-07 ( 1.045E-07, 3.796E-08) ( 6.339E-13, 2.401E-13)  1.00E-07
  1.750E-02 1.23585E-14  1.929E-07 ( 1.045E-07, 3.796E-08) ( 7.395E-13, 2.801E-13)  1.00E-07
  2.000E-02 1.23579E-14  2.204E-07 ( 1.045E-07, 3.796E-08) ( 8.452E-13, 3.201E-13)  1.00E-07
  2.250E-02 1.23573E-14  2.480E-07 ( 1.045E-07, 3.796E-08) ( 9.508E-13, 3.601E-13)  1.00E-07
  2.500E-02 1.23566E-14  2.756E-07 ( 1.045E-07, 3.796E-08) ( 1.056E-12, 4.001E-13)  1.00E-07
  2.750E-02 1.23558E-14  3.031E-07 ( 1.045E-07, 3.796E-08) ( 1.162E-12, 4.401E-13)  1.00E-07
  3.000E-02 1.23549E-14  3.307E-07 ( 1.045E-07, 3.796E-08) ( 1.268E-12, 4.801E-13)  1.00E-07
  3.250E-02 1.23540E-14  3.583E-07 ( 1.045E-07, 3.796E-08) ( 1.373E-12, 5.201E-13)  1.00E-07
  3.500E-02 1.23529E-14  3.859E-07 ( 1.045E-07, 3.796E-08) ( 1.479E-12, 5.601E-13)  1.00E-07
  3.750E-02 1.23518E-14  4.134E-07 ( 1.045E-07, 3.796E-08) ( 1.584E-12, 6.002E-13)  1.00E-07
  4.000E-02 1.23507E-14  4.410E-07 ( 1.045E-07, 3.796E-08) ( 1.690E-12, 6.402E-13)  1.00E-07
  4.250E-02 1.23494E-14  4.686E-07 ( 1.044E-07, 3.796E-08) ( 1.795E-12, 6.802E-13)  1.00E-07
  4.500E-02 1.23481E-14  4.962E-07 ( 1.044E-07, 3.796E-08) ( 1.901E-12, 7.202E-13)  1.00E-07
  4.750E-02 1.23467E-14  5.238E-07 ( 1.044E-07, 3.796E-08) ( 2.006E-12, 7.602E-13)  1.00E-07
  5.000E-02 1.23453E-14  5.514E-07 ( 1.044E-07, 3.796E-08) ( 2.112E-12, 8.002E-13)  1.00E-07
  5.250E-02 1.23437E-14  5.790E-07 ( 1.044E-07, 3.796E-08) ( 2.217E-12, 8.402E-13)  1.00E-07
  5.500E-02 1.23421E-14  6.066E-07 ( 1.044E-07, 3.796E-08) ( 2.323E-12, 8.802E-13)  1.00E-07
  5.750E-02 1.23404E-14  6.342E-07 ( 1.044E-07, 3.796E-08) ( 2.428E-12, 9.202E-13)  1.00E-07
  6.000E-02 1.23386E-14  6.618E-07 ( 1.044E-07, 3.796E-08) ( 2.533E-12, 9.602E-13)  1.00E-07
  6.250E-02 1.23368E-14  6.895E-07 ( 1.044E-07, 3.796E-08) ( 2.639E-12, 1.000E-12)  1.00E-07
  6.500E-02 1.23349E-14  7.171E-07 ( 1.044E-07, 3.795E-08) ( 2.744E-12, 1.040E-12)  1.00E-07
  6.750E-02 1.23329E-14  7.448E-07 ( 1.044E-07, 3.795E-08) ( 2.849E-12, 1.080E-12)  1.00E-07
  7.000E-02 1.23308E-14  7.724E-07 ( 1.044E-07, 3.795E-08) ( 2.954E-12, 1.120E-12)  1.00E-07
  7.250E-02 1.23287E-14  8.001E-07 ( 1.043E-07, 3.795E-08) ( 3.060E-12, 1.160E-12)  1.00E-07
  7.500E-02 1.23265E-14  8.277E-07 ( 1.043E-07, 3.795E-08) ( 3.165E-12, 1.200E-12)  1.00E-07
  7.750E-02 1.23242E-14  8.554E-07 ( 1.043E-07, 3.795E-08) ( 3.270E-12, 1.240E-12)  1.00E-07
  8.000E-02 1.23218E-14  8.831E-07 ( 1.043E-07, 3.795E-08) ( 3.375E-12, 1.280E-12)  1.00E-07
  8.250E-02 1.23194E-14  9.108E-07 ( 1.043E-07, 3.795E-08) ( 3.480E-12, 1.320E-12)  1.00E-07
  8.500E-02 1.23169E-14  9.385E-07 ( 1.043E-07, 3.795E-08) ( 3.585E-12, 1.360E-12)  1.00E-07
  8.750E-02 1.23143E-14  9.662E-07 ( 1.043E-07, 3.795E-08) ( 3.690E-12, 1.400E-12)  1.00E-07
  9.000E-02 1.23116E-14  9.939E-07 ( 1.043E-07, 3.795E-08) ( 3.795E-12, 1.440E-12)  1.00E-07
  9.250E-02 1.23089E-14  1.022E-06 ( 1.043E-07, 3.795E-08) ( 3.900E-12, 1.480E-12)  1.00E-07
  9.500E-02 1.23061E-14  1.049E-06 ( 1.042E-07, 3.795E-08) ( 4.005E-12, 1.520E-12)  1.00E-07
  9.750E-02 1.23032E-14  1.077E-06 ( 1.042E-07, 3.795E-08) ( 4.110E-12, 1.560E-12)  1.00E-07
  1.000E-01 1.23002E-14  1.105E-06 ( 1.042E-07, 3.795E-08) ( 4.215E-12, 1.600E-12)  1.00E-07
  1.250E-01 1.22666E-14  1.383E-06 ( 1.041E-07, 3.794E-08) ( 5.260E-12, 1.999E-12)  1.00E-07
  1.500E-01 1.22257E-14  1.662E-06 ( 1.039E-07, 3.793E-08) ( 6.301E-12, 2.399E-12)  1.00E-07
  1.750E-01 1.21776E-14  1.943E-06 ( 1.036E-07, 3.791E-08) ( 7.335E-12, 2.797E-12)  1.00E-07
  2.000E-01 1.21225E-14  2.226E-06 ( 1.034E-07, 3.790E-08) ( 8.361E-12, 3.196E-12)  1.00E-07
  2.250E-01 1.20605E-14  2.511E-06 ( 1.031E-07, 3.788E-08) ( 9.379E-12, 3.594E-12)  1.00E-07
  2.500E-01 1.19918E-14  2.798E-06 ( 1.028E-07, 3.786E-08) ( 1.039E-11, 3.991E-12)  1.00E-07
  2.750E-01 1.19165E-14  3.088E-06 ( 1.024E-07, 3.784E-08) ( 1.139E-11, 4.388E-12)  1.00E-07
  3.000E-01 1.18348E-14  3.380E-06 ( 1.020E-07, 3.782E-08) ( 1.237E-11, 4.784E-12)  1.00E-07
  3.250E-01 1.17471E-14  3.676E-06 ( 1.016E-07, 3.779E-08) ( 1.335E-11, 5.179E-12)  1.00E-07
  3.500E-01 1.16533E-14  3.975E-06 ( 1.011E-07, 3.776E-08) ( 1.431E-11, 5.573E-12)  1.00E-07
  3.750E-01 1.15539E-14  4.277E-06 ( 1.006E-07, 3.773E-08) ( 1.526E-11, 5.967E-12)  1.00E-07
  4.000E-01 1.14490E-14  4.584E-06 ( 1.001E-07, 3.770E-08) ( 1.619E-11, 6.360E-12)  1.00E-07
  4.250E-01 1.13390E-14  4.894E-06 ( 9.960E-08, 3.767E-08) ( 1.711E-11, 6.751E-12)  1.00E-07
  4.500E-01 1.12240E-14  5.209E-06 ( 9.903E-08, 3.764E-08) ( 1.802E-11, 7.142E-12)  1.00E-07
  4.750E-01 1.11043E-14  5.529E-06 ( 9.844E-08, 3.760E-08) ( 1.890E-11, 7.532E-12)  1.00E-07
  5.000E-01 1.09802E-14  5.853E-06 ( 9.782E-08, 3.756E-08) ( 1.977E-11, 7.920E-12)  1.00E-07
  5.250E-01 1.08521E-14  6.182E-06 ( 9.718E-08, 3.752E-08) ( 2.062E-11, 8.307E-12)  1.00E-07
  5.500E-01 1.07200E-14  6.517E-06 ( 9.652E-08, 3.748E-08) ( 2.146E-11, 8.693E-12)  1.00E-07
  5.750E-01 1.05844E-14  6.858E-06 ( 9.583E-08, 3.743E-08) ( 2.227E-11, 9.078E-12)  1.00E-07
  6.000E-01 1.04455E-14  7.204E-06 ( 9.512E-08, 3.739E-08) ( 2.307E-11, 9.461E-12)  1.00E-07
  6.250E-01 1.03037E-14  7.556E-06 ( 9.439E-08, 3.734E-08) ( 2.384E-11, 9.843E-12)  1.00E-07
  6.500E-01 1.01591E-14  7.915E-06 ( 9.364E-08, 3.729E-08) ( 2.460E-11, 1.022E-11)  1.00E-07
  6.750E-01 1.00120E-14  8.281E-06 ( 9.287E-08, 3.724E-08) ( 2.533E-11, 1.060E-11)  1.00E-07
  7.000E-01 9.86280E-15  8.653E-06 ( 9.209E-08, 3.718E-08) ( 2.604E-11, 1.098E-11)  1.00E-07
  7.250E-01 9.71167E-15  9.033E-06 ( 9.129E-08, 3.713E-08) ( 2.674E-11, 1.136E-11)  1.00E-07
  7.500E-01 9.55890E-15  9.419E-06 ( 9.047E-08, 3.707E-08) ( 2.741E-11, 1.173E-11)  1.00E-07
  7.750E-01 9.40474E-15  9.814E-06 ( 8.964E-08, 3.701E-08) ( 2.806E-11, 1.210E-11)  1.00E-07
  8.000E-01 9.24944E-15  1.022E-05 ( 8.879E-08, 3.695E-08) ( 2.869E-11, 1.247E-11)  1.00E-07
  8.250E-01 9.09325E-15  1.063E-05 ( 8.793E-08, 3.689E-08) ( 2.930E-11, 1.284E-11)  1.00E-07
  8.500E-01 8.93640E-15  1.105E-05 ( 8.707E-08, 3.682E-08) ( 2.989E-11, 1.321E-11)  1.00E-07
  8.750E-01 8.77911E-15  1.147E-05 ( 8.619E-08, 3.676E-08) ( 3.045E-11, 1.357E-11)  1.00E-07
  9.000E-01 8.62160E-15  1.191E-05 ( 8.530E-08, 3.669E-08) ( 3.099E-11, 1.393E-11)  1.00E-07
  9.250E-01 8.46408E-15  1.235E-05 ( 8.440E-08, 3.662E-08) ( 3.152E-11, 1.430E-11)  1.00E-07
  9.500E-01 8.30675E-15  1.281E-05 ( 8.349E-08, 3.655E-08) ( 3.202E-11, 1.465E-11)  1.00E-07
  9.750E-01 8.14980E-15  1.327E-05 ( 8.258E-08, 3.648E-08) ( 3.250E-11, 1.501E-11)  1.00E-07
  1.000E+00 7.99341E-15  1.375E-05 ( 8.166E-08, 3.641E-08) ( 3.296E-11, 1.537E-11)  1.00E-07
  1.100E+00 7.37670E-15  1.575E-05 ( 7.793E-08, 3.610E-08) ( 3.458E-11, 1.676E-11)  1.00E-07
  1.200E+00 6.78080E-15  1.792E-05 ( 7.417E-08, 3.576E-08) ( 3.589E-11, 1.812E-11)  1.00E-07
  1.300E+00 6.21269E-15  2.028E-05 ( 7.042E-08, 3.541E-08) ( 3.689E-11, 1.944E-11)  1.00E-07
  1.400E+00 5.67717E-15  2.284E-05 ( 6.671E-08, 3.503E-08) ( 3.761E-11, 2.072E-11)  1.00E-07
  1.500E+00 5.17713E-15  2.562E-05 ( 6.307E-08, 3.463E-08) ( 3.807E-11, 2.196E-11)  1.00E-07
  1.600E+00 4.71394E-15  2.861E-05 ( 5.952E-08, 3.422E-08) ( 3.829E-11, 2.315E-11)  1.00E-07
  1.700E+00 4.28772E-15  3.185E-05 ( 5.609E-08, 3.379E-08) ( 3.830E-11, 2.429E-11)  1.00E-07
  1.800E+00 3.89766E-15  3.532E-05 ( 5.278E-08, 3.335E-08) ( 3.813E-11, 2.539E-11)  1.00E-07
  1.900E+00 3.54226E-15  3.905E-05 ( 4.960E-08, 3.289E-08) ( 3.778E-11, 2.645E-11)  1.00E-07
  2.000E+00 3.21962E-15  4.303E-05 ( 4.657E-08, 3.242E-08) ( 3.729E-11, 2.745E-11)  1.00E-07
  2.100E+00 2.92752E-15  4.727E-05 ( 4.367E-08, 3.194E-08) ( 3.668E-11, 2.841E-11)  1.00E-07
  2.200E+00 2.66364E-15  5.177E-05 ( 4.092E-08, 3.146E-08) ( 3.595E-11, 2.932E-11)  1.00E-07
  2.300E+00 2.42562E-15  5.654E-05 ( 3.830E-08, 3.096E-08) ( 3.513E-11, 3.019E-11)  1.00E-07
  2.400E+00 2.21115E-15  6.157E-05 ( 3.582E-08, 3.046E-08) ( 3.423E-11, 3.100E-11)  1.00E-07
  2.500E+00 2.01801E-15  6.686E-05 ( 3.348E-08, 2.995E-08) ( 3.326E-11, 3.177E-11)  1.00E-07
  2.600E+00 1.84412E-15  7.241E-05 ( 3.126E-08, 2.944E-08) ( 3.224E-11, 3.250E-11)  1.00E-07
  2.700E+00 1.68755E-15  7.821E-05 ( 2.917E-08, 2.893E-08) ( 3.117E-11, 3.317E-11)  1.00E-07
  2.800E+00 1.54652E-15  8.426E-05 ( 2.719E-08, 2.841E-08) ( 3.006E-11, 3.380E-11)  1.00E-07
  2.900E+00 1.41941E-15  9.055E-05 ( 2.533E-08, 2.789E-08) ( 2.892E-11, 3.439E-11)  1.00E-07
  3.000E+00 1.30474E-15  9.707E-05 ( 2.357E-08, 2.737E-08) ( 2.776E-11, 3.494E-11)  1.00E-07
  3.100E+00 1.20121E-15  1.038E-04 ( 2.191E-08, 2.686E-08) ( 2.658E-11, 3.544E-11)  1.00E-07
  3.200E+00 1.10762E-15  1.108E-04 ( 2.034E-08, 2.634E-08) ( 2.539E-11, 3.590E-11)  1.00E-07
  3.300E+00 1.02291E-15  1.179E-04 ( 1.887E-08, 2.583E-08) ( 2.419E-11, 3.632E-11)  1.00E-07
  3.400E+00 9.46137E-16  1.253E-04 ( 1.747E-08, 2.531E-08) ( 2.299E-11, 3.670E-11)  1.00E-07
  3.500E+00 8.76465E-16  1.328E-04 ( 1.616E-08, 2.480E-08) ( 2.179E-11, 3.704E-11)  1.00E-07
  3.600E+00 8.13142E-16  1.405E-04 ( 1.492E-08, 2.430E-08) ( 2.058E-11, 3.735E-11)  1.00E-07
  3.700E+00 7.55504E-16  1.484E-04 ( 1.375E-08, 2.380E-08) ( 1.939E-11, 3.762E-11)  1.00E-07
  3.800E+00 7.02961E-16  1.564E-04 ( 1.265E-08, 2.330E-08) ( 1.820E-11, 3.785E-11)  1.00E-07
  3.900E+00 6.54990E-16  1.645E-04 ( 1.161E-08, 2.281E-08) ( 1.701E-11, 3.805E-11)  1.00E-07
  4.000E+00 6.11126E-16  1.727E-04 ( 1.063E-08, 2.232E-08) ( 1.584E-11, 3.822E-11)  1.00E-07
  4.100E+00 5.70956E-16  1.810E-04 ( 9.704E-09, 2.184E-08) ( 1.468E-11, 3.835E-11)  1.00E-07
  4.200E+00 5.34113E-16  1.894E-04 ( 8.828E-09, 2.136E-08) ( 1.353E-11, 3.845E-11)  1.00E-07
  4.300E+00 5.00271E-16  1.978E-04 ( 8.001E-09, 2.089E-08) ( 1.239E-11, 3.853E-11)  1.00E-07
  4.400E+00 4.69139E-16  2.063E-04 ( 7.220E-09, 2.042E-08) ( 1.127E-11, 3.857E-11)  1.00E-07
  4.500E+00 4.40460E-16  2.149E-04 ( 6.481E-09, 1.996E-08) ( 1.016E-11, 3.859E-11)  1.00E-07
  4.600E+00 4.14002E-16  2.234E-04 ( 5.783E-09, 1.951E-08) ( 9.067E-12, 3.858E-11)  1.00E-07
  4.700E+00 3.89559E-16  2.319E-04 ( 5.123E-09, 1.906E-08) ( 7.991E-12, 3.855E-11)  1.00E-07
  4.800E+00 3.66948E-16  2.404E-04 ( 4.499E-09, 1.862E-08) ( 6.931E-12, 3.849E-11)  1.00E-07
  4.900E+00 3.46004E-16  2.489E-04 ( 3.909E-09, 1.819E-08) ( 5.888E-12, 3.840E-11)  1.00E-07
  5.000E+00 3.26579E-16  2.573E-04 ( 3.351E-09, 1.776E-08) ( 4.861E-12, 3.830E-11)  1.00E-07
  5.100E+00 3.08540E-16  2.656E-04 ( 2.823E-09, 1.734E-08) ( 3.852E-12, 3.817E-11)  1.00E-07
  5.200E+00 2.91768E-16  2.738E-04 ( 2.324E-09, 1.692E-08) ( 2.861E-12, 3.802E-11)  1.00E-07
  5.300E+00 2.76156E-16  2.820E-04 ( 1.852E-09, 1.651E-08) ( 1.887E-12, 3.785E-11)  1.00E-07
  5.400E+00 2.61608E-16  2.899E-04 ( 1.405E-09, 1.611E-08) ( 9.303E-13, 3.766E-11)  1.00E-07
  5.500E+00 2.48035E-16  2.977E-04 ( 9.825E-10, 1.572E-08) (-8.333E-15, 3.745E-11)  1.00E-07
  5.600E+00 2.35359E-16  3.054E-04 ( 5.828E-10, 1.533E-08) (-9.291E-13, 3.722E-11)  1.00E-07
  5.700E+00 2.23509E-16  3.128E-04 ( 2.048E-10, 1.495E-08) (-1.832E-12, 3.698E-11)  1.00E-07
  5.800E+00 2.12419E-16  3.201E-04 (-1.526E-10, 1.457E-08) (-2.717E-12, 3.672E-11)  1.00E-07
  5.900E+00 2.02031E-16  3.271E-04 (-4.906E-10, 1.421E-08) (-3.585E-12, 3.645E-11)  1.00E-07
  6.000E+00 1.92291E-16  3.338E-04 (-8.100E-10, 1.384E-08) (-4.434E-12, 3.615E-11)  1.00E-07
  6.100E+00 1.83150E-16  3.403E-04 (-1.112E-09, 1.349E-08) (-5.266E-12, 3.585E-11)  1.00E-07
  6.200E+00 1.74564E-16  3.464E-04 (-1.397E-09, 1.314E-08) (-6.080E-12, 3.553E-11)  1.00E-07
  6.300E+00 1.66493E-16  3.523E-04 (-1.666E-09, 1.280E-08) (-6.876E-12, 3.520E-11)  1.00E-07
  6.400E+00 1.58898E-16  3.578E-04 (-1.921E-09, 1.246E-08) (-7.655E-12, 3.485E-11)  1.00E-07
  6.500E+00 1.51747E-16  3.629E-04 (-2.161E-09, 1.213E-08) (-8.416E-12, 3.450E-11)  1.00E-07
  6.600E+00 1.45008E-16  3.677E-04 (-2.387E-09, 1.180E-08) (-9.160E-12, 3.413E-11)  1.00E-07
  6.700E+00 1.38652E-16  3.721E-04 (-2.600E-09, 1.148E-08) (-9.887E-12, 3.375E-11)  1.00E-07
  6.800E+00 1.32654E-16  3.760E-04 (-2.801E-09, 1.117E-08) (-1.060E-11, 3.336E-11)  1.00E-07
  6.900E+00 1.26988E-16  3.795E-04 (-2.990E-09, 1.086E-08) (-1.129E-11, 3.296E-11)  1.00E-07
  7.000E+00 1.21634E-16  3.825E-04 (-3.168E-09, 1.056E-08) (-1.196E-11, 3.255E-11)  1.00E-07
  7.100E+00 1.16569E-16  3.851E-04 (-3.335E-09, 1.027E-08) (-1.262E-11, 3.214E-11)  1.00E-07
  7.200E+00 1.11776E-16  3.871E-04 (-3.492E-09, 9.979E-09) (-1.327E-11, 3.171E-11)  1.00E-07
  7.300E+00 1.07236E-16  3.886E-04 (-3.640E-09, 9.695E-09) (-1.389E-11, 3.128E-11)  1.00E-07
  7.400E+00 1.02935E-16  3.896E-04 (-3.778E-09, 9.416E-09) (-1.450E-11, 3.084E-11)  1.00E-07
  7.500E+00 9.88553E-17  3.900E-04 (-3.907E-09, 9.143E-09) (-1.509E-11, 3.039E-11)  1.00E-07
  7.600E+00 9.49848E-17  3.898E-04 (-4.027E-09, 8.875E-09) (-1.567E-11, 2.994E-11)  1.00E-07
  7.700E+00 9.13102E-17  3.891E-04 (-4.140E-09, 8.612E-09) (-1.623E-11, 2.948E-11)  1.00E-07
  7.800E+00 8.78195E-17  3.877E-04 (-4.245E-09, 8.355E-09) (-1.678E-11, 2.901E-11)  1.00E-07
  7.900E+00 8.45017E-17  3.857E-04 (-4.342E-09, 8.102E-09) (-1.731E-11, 2.854E-11)  1.00E-07
  8.000E+00 8.13463E-17  3.830E-04 (-4.432E-09, 7.855E-09) (-1.782E-11, 2.807E-11)  1.00E-07
  8.100E+00 7.83438E-17  3.797E-04 (-4.516E-09, 7.612E-09) (-1.832E-11, 2.759E-11)  1.00E-07
  8.200E+00 7.54853E-17  3.756E-04 (-4.593E-09, 7.375E-09) (-1.880E-11, 2.710E-11)  1.00E-07
  8.300E+00 7.27624E-17  3.709E-04 (-4.664E-09, 7.142E-09) (-1.927E-11, 2.662E-11)  1.00E-07
  8.400E+00 7.01673E-17  3.655E-04 (-4.729E-09, 6.914E-09) (-1.972E-11, 2.612E-11)  1.00E-07
  8.500E+00 6.76927E-17  3.593E-04 (-4.789E-09, 6.690E-09) (-2.016E-11, 2.563E-11)  1.00E-07
  8.600E+00 6.53320E-17  3.524E-04 (-4.843E-09, 6.471E-09) (-2.059E-11, 2.513E-11)  1.00E-07
  8.700E+00 6.30787E-17  3.448E-04 (-4.892E-09, 6.257E-09) (-2.100E-11, 2.463E-11)  1.00E-07
  8.800E+00 6.09269E-17  3.364E-04 (-4.936E-09, 6.046E-09) (-2.139E-11, 2.413E-11)  1.00E-07
  8.900E+00 5.88711E-17  3.272E-04 (-4.976E-09, 5.841E-09) (-2.178E-11, 2.363E-11)  1.00E-07
  9.000E+00 5.69060E-17  3.172E-04 (-5.011E-09, 5.639E-09) (-2.215E-11, 2.312E-11)  1.00E-07
  9.100E+00 5.50269E-17  3.064E-04 (-5.041E-09, 5.442E-09) (-2.250E-11, 2.262E-11)  1.00E-07
  9.200E+00 5.32291E-17  2.948E-04 (-5.068E-09, 5.249E-09) (-2.284E-11, 2.211E-11)  1.00E-07
  9.300E+00 5.15083E-17  2.824E-04 (-5.090E-09, 5.059E-09) (-2.317E-11, 2.160E-11)  1.00E-07
  9.400E+00 4.98605E-17  2.691E-04 (-5.109E-09, 4.874E-09) (-2.348E-11, 2.109E-11)  1.00E-07
  9.500E+00 4.82820E-17  2.551E-04 (-5.124E-09, 4.693E-09) (-2.379E-11, 2.058E-11)  1.00E-07
  9.600E+00 4.67692E-17  2.402E-04 (-5.136E-09, 4.515E-09) (-2.408E-11, 2.007E-11)  1.00E-07
  9.700E+00 4.53188E-17  2.244E-04 (-5.145E-09, 4.342E-09) (-2.435E-11, 1.956E-11)  1.00E-07
  9.800E+00 4.39275E-17  2.078E-04 (-5.150E-09, 4.172E-09) (-2.462E-11, 1.905E-11)  1.00E-07
  9.900E+00 4.25925E-17  1.903E-04 (-5.153E-09, 4.005E-09) (-2.487E-11, 1.854E-11)  1.00E-07
  1.000E+01 4.13110E-17  1.720E-04 (-5.152E-09, 3.843E-09) (-2.511E-11, 1.804E-11)  1.00E-07
  1.025E+01 3.83243E-17  1.224E-04 (-5.139E-09, 3.451E-09) (-2.566E-11, 1.677E-11)  1.00E-07
  1.050E+01 3.56186E-17  6.738E-05 (-5.112E-09, 3.080E-09) (-2.613E-11, 1.551E-11)  1.00E-07
  1.075E+01 3.31619E-17  6.916E-06 (-5.070E-09, 2.730E-09) (-2.654E-11, 1.427E-11)  1.00E-07
  1.100E+01 3.09264E-17 -5.896E-05 (-5.017E-09, 2.399E-09) (-2.689E-11, 1.304E-11)  1.00E-07
  1.125E+01 2.88876E-17 -1.302E-04 (-4.953E-09, 2.087E-09) (-2.716E-11, 1.182E-11)  1.00E-07
  1.150E+01 2.70245E-17 -2.068E-04 (-4.880E-09, 1.792E-09) (-2.738E-11, 1.063E-11)  1.00E-07
  1.175E+01 2.53186E-17 -2.885E-04 (-4.799E-09, 1.514E-09) (-2.754E-11, 9.450E-12)  1.00E-07
  1.200E+01 2.37535E-17 -3.753E-04 (-4.710E-09, 1.252E-09) (-2.765E-11, 8.294E-12)  1.00E-07
  1.225E+01 2.23151E-17 -4.671E-04 (-4.616E-09, 1.005E-09) (-2.770E-11, 7.162E-12)  1.00E-07
  1.250E+01 2.09906E-17 -5.636E-04 (-4.516E-09, 7.733E-10) (-2.771E-11, 6.054E-12)  1.00E-07
  1.275E+01 1.97690E-17 -6.648E-04 (-4.411E-09, 5.554E-10) (-2.766E-11, 4.972E-12)  1.00E-07
  1.300E+01 1.86405E-17 -7.703E-04 (-4.303E-09, 3.509E-10) (-2.757E-11, 3.917E-12)  1.00E-07
  1.325E+01 1.75963E-17 -8.800E-04 (-4.192E-09, 1.592E-10) (-2.744E-11, 2.889E-12)  1.00E-07
  1.350E+01 1.66285E-17 -9.936E-04 (-4.078E-09,-2.037E-11) (-2.726E-11, 1.890E-12)  1.00E-07
  1.375E+01 1.57303E-17 -1.111E-03 (-3.962E-09,-1.883E-10) (-2.705E-11, 9.198E-13)  1.00E-07
  1.400E+01 1.48955E-17 -1.232E-03 (-3.844E-09,-3.452E-10) (-2.680E-11,-2.027E-14)  1.00E-07
  1.425E+01 1.41186E-17 -1.355E-03 (-3.725E-09,-4.915E-10) (-2.651E-11,-9.300E-13)  1.00E-07
  1.450E+01 1.33946E-17 -1.482E-03 (-3.606E-09,-6.278E-10) (-2.620E-11,-1.809E-12)  1.00E-07
  1.475E+01 1.27189E-17 -1.611E-03 (-3.486E-09,-7.545E-10) (-2.585E-11,-2.657E-12)  1.00E-07
  1.500E+01 1.20877E-17 -1.742E-03 (-3.365E-09,-8.721E-10) (-2.548E-11,-3.474E-12)  1.00E-07
  1.525E+01 1.14973E-17 -1.875E-03 (-3.246E-09,-9.810E-10) (-2.508E-11,-4.259E-12)  1.00E-07
  1.550E+01 1.09445E-17 -2.009E-03 (-3.126E-09,-1.082E-09) (-2.465E-11,-5.012E-12)  1.00E-07
  1.575E+01 1.04261E-17 -2.145E-03 (-3.008E-09,-1.175E-09) (-2.420E-11,-5.734E-12)  1.00E-07
  1.600E+01 9.93974E-18 -2.281E-03 (-2.890E-09,-1.260E-09) (-2.373E-11,-6.424E-12)  1.00E-07
  1.625E+01 9.48280E-18 -2.418E-03 (-2.773E-09,-1.338E-09) (-2.324E-11,-7.082E-12)  1.00E-07
  1.650E+01 9.05311E-18 -2.554E-03 (-2.658E-09,-1.410E-09) (-2.274E-11,-7.709E-12)  1.00E-07
  1.675E+01 8.64866E-18 -2.690E-03 (-2.544E-09,-1.475E-09) (-2.221E-11,-8.305E-12)  1.00E-07
  1.700E+01 8.26762E-18 -2.825E-03 (-2.432E-09,-1.534E-09) (-2.167E-11,-8.870E-12)  1.00E-07
  1.725E+01 7.90831E-18 -2.959E-03 (-2.321E-09,-1.587E-09) (-2.112E-11,-9.404E-12)  1.00E-07
  1.750E+01 7.56919E-18 -3.091E-03 (-2.212E-09,-1.635E-09) (-2.056E-11,-9.907E-12)  1.00E-07
  1.775E+01 7.24888E-18 -3.221E-03 (-2.105E-09,-1.678E-09) (-1.998E-11,-1.038E-11)  1.00E-07
  1.800E+01 6.94607E-18 -3.349E-03 (-2.000E-09,-1.716E-09) (-1.940E-11,-1.082E-11)  1.00E-07
  1.825E+01 6.65958E-18 -3.474E-03 (-1.897E-09,-1.749E-09) (-1.880E-11,-1.124E-11)  1.00E-07
  1.850E+01 6.38834E-18 -3.595E-03 (-1.797E-09,-1.778E-09) (-1.820E-11,-1.162E-11)  1.00E-07
  1.875E+01 6.13133E-18 -3.712E-03 (-1.698E-09,-1.802E-09) (-1.760E-11,-1.198E-11)  1.00E-07
  1.900E+01 5.88765E-18 -3.825E-03 (-1.601E-09,-1.823E-09) (-1.698E-11,-1.230E-11)  1.00E-07
  1.925E+01 5.65643E-18 -3.933E-03 (-1.507E-09,-1.840E-09) (-1.637E-11,-1.260E-11)  1.00E-07
  1.950E+01 5.43689E-18 -4.037E-03 (-1.415E-09,-1.853E-09) (-1.575E-11,-1.288E-11)  1.00E-07
  1.975E+01 5.22831E-18 -4.134E-03 (-1.325E-09,-1.864E-09) (-1.513E-11,-1.312E-11)  1.00E-07
  2.000E+01 5.03001E-18 -4.226E-03 (-1.237E-09,-1.871E-09) (-1.450E-11,-1.334E-11)  1.00E-07
  2.025E+01 4.84136E-18 -4.311E-03 (-1.152E-09,-1.875E-09) (-1.388E-11,-1.354E-11)  1.00E-07
  2.050E+01 4.66180E-18 -4.390E-03 (-1.068E-09,-1.876E-09) (-1.326E-11,-1.370E-11)  1.00E-07
  2.075E+01 4.49079E-18 -4.461E-03 (-9.876E-10,-1.875E-09) (-1.264E-11,-1.385E-11)  1.00E-07
  2.100E+01 4.32781E-18 -4.525E-03 (-9.089E-10,-1.871E-09) (-1.202E-11,-1.397E-11)  1.00E-07
  2.125E+01 4.17242E-18 -4.580E-03 (-8.325E-10,-1.865E-09) (-1.140E-11,-1.406E-11)  1.00E-07
  2.150E+01 4.02418E-18 -4.627E-03 (-7.583E-10,-1.857E-09) (-1.078E-11,-1.413E-11)  1.00E-07
  2.175E+01 3.88268E-18 -4.665E-03 (-6.863E-10,-1.847E-09) (-1.017E-11,-1.419E-11)  1.00E-07
  2.200E+01 3.74755E-18 -4.693E-03 (-6.165E-10,-1.835E-09) (-9.568E-12,-1.421E-11)  1.00E-07
  2.225E+01 3.61844E-18 -4.712E-03 (-5.488E-10,-1.821E-09) (-8.966E-12,-1.422E-11)  1.00E-07
  2.250E+01 3.49501E-18 -4.721E-03 (-4.833E-10,-1.806E-09) (-8.370E-12,-1.421E-11)  1.00E-07
  2.275E+01 3.37697E-18 -4.719E-03 (-4.199E-10,-1.789E-09) (-7.780E-12,-1.417E-11)  1.00E-07
  2.300E+01 3.26403E-18 -4.706E-03 (-3.586E-10,-1.771E-09) (-7.197E-12,-1.412E-11)  1.00E-07
  2.325E+01 3.15591E-18 -4.682E-03 (-2.993E-10,-1.751E-09) (-6.620E-12,-1.404E-11)  1.00E-07
  2.350E+01 3.05237E-18 -4.647E-03 (-2.420E-10,-1.730E-09) (-6.051E-12,-1.395E-11)  1.00E-07
  2.375E+01 2.95317E-18 -4.599E-03 (-1.868E-10,-1.708E-09) (-5.489E-12,-1.384E-11)  1.00E-07
  2.400E+01 2.85809E-18 -4.539E-03 (-1.334E-10,-1.685E-09) (-4.935E-12,-1.372E-11)  1.00E-07
  2.425E+01 2.76691E-18 -4.467E-03 (-8.202E-11,-1.661E-09) (-4.390E-12,-1.357E-11)  1.00E-07
  2.450E+01 2.67945E-18 -4.381E-03 (-3.250E-11,-1.637E-09) (-3.853E-12,-1.341E-11)  1.00E-07
  2.475E+01 2.59551E-18 -4.283E-03 ( 1.518E-11,-1.611E-09) (-3.325E-12,-1.323E-11)  1.00E-07
  2.500E+01 2.51493E-18 -4.170E-03 ( 6.105E-11,-1.585E-09) (-2.807E-12,-1.304E-11)  1.00E-07
  2.550E+01 2.36319E-18 -3.904E-03 ( 1.475E-10,-1.530E-09) (-1.799E-12,-1.261E-11)  1.00E-07
  2.600E+01 2.22304E-18 -3.579E-03 ( 2.272E-10,-1.474E-09) (-8.304E-13,-1.213E-11)  1.00E-07
  2.650E+01 2.09339E-18 -3.195E-03 ( 3.003E-10,-1.415E-09) ( 9.657E-14,-1.159E-11)  1.00E-07
  2.700E+01 1.97332E-18 -2.750E-03 ( 3.672E-10,-1.356E-09) ( 9.809E-13,-1.101E-11)  1.00E-07
  2.750E+01 1.86196E-18 -2.241E-03 ( 4.283E-10,-1.296E-09) ( 1.822E-12,-1.038E-11)  1.00E-07
  2.800E+01 1.75855E-18 -1.667E-03 ( 4.837E-10,-1.235E-09) ( 2.618E-12,-9.715E-12)  1.00E-07
  2.850E+01 1.66242E-18 -1.028E-03 ( 5.337E-10,-1.174E-09) ( 3.370E-12,-9.011E-12)  1.00E-07
  2.900E+01 1.57294E-18 -3.219E-04 ( 5.787E-10,-1.113E-09) ( 4.076E-12,-8.273E-12)  1.00E-07
  2.950E+01 1.48957E-18  4.519E-04 ( 6.189E-10,-1.052E-09) ( 4.736E-12,-7.506E-12)  1.00E-07
  3.000E+01 1.41180E-18  1.294E-03 ( 6.546E-10,-9.916E-10) ( 5.351E-12,-6.711E-12)  1.00E-07
  3.050E+01 1.33919E-18  2.204E-03 ( 6.860E-10,-9.320E-10) ( 5.921E-12,-5.892E-12)  1.00E-07
  3.100E+01 1.27132E-18  3.184E-03 ( 7.134E-10,-8.731E-10) ( 6.445E-12,-5.052E-12)  1.00E-07
  3.150E+01 1.20782E-18  4.231E-03 ( 7.370E-10,-8.153E-10) ( 6.924E-12,-4.193E-12)  1.00E-07
  3.200E+01 1.14836E-18  5.347E-03 ( 7.570E-10,-7.585E-10) ( 7.359E-12,-3.318E-12)  1.00E-07
  3.250E+01 1.09263E-18  6.530E-03 ( 7.737E-10,-7.029E-10) ( 7.750E-12,-2.430E-12)  1.00E-07
  3.300E+01 1.04035E-18  7.779E-03 ( 7.872E-10,-6.485E-10) ( 8.097E-12,-1.530E-12)  1.00E-07
  3.350E+01 9.91258E-19  9.094E-03 ( 7.979E-10,-5.955E-10) ( 8.402E-12,-6.216E-13)  1.00E-07
  3.400E+01 9.45130E-19  1.047E-02 ( 8.058E-10,-5.438E-10) ( 8.665E-12, 2.939E-13)  1.00E-07
  3.450E+01 9.01749E-19  1.192E-02 ( 8.111E-10,-4.937E-10) ( 8.887E-12, 1.214E-12)  1.00E-07
  3.500E+01 8.60922E-19  1.342E-02 ( 8.141E-10,-4.450E-10) ( 9.069E-12, 2.138E-12)  1.00E-07
  3.550E+01 8.22467E-19  1.498E-02 ( 8.149E-10,-3.978E-10) ( 9.211E-12, 3.062E-12)  1.00E-07
  3.600E+01 7.86220E-19  1.660E-02 ( 8.137E-10,-3.522E-10) ( 9.315E-12, 3.986E-12)  1.00E-07
  3.650E+01 7.52032E-19  1.827E-02 ( 8.105E-10,-3.082E-10) ( 9.381E-12, 4.908E-12)  1.00E-07
  3.700E+01 7.19761E-19  1.999E-02 ( 8.056E-10,-2.657E-10) ( 9.412E-12, 5.827E-12)  1.00E-07
  3.750E+01 6.89280E-19  2.176E-02 ( 7.991E-10,-2.247E-10) ( 9.407E-12, 6.741E-12)  1.00E-07
  3.800E+01 6.60470E-19  2.358E-02 ( 7.912E-10,-1.854E-10) ( 9.367E-12, 7.648E-12)  1.00E-07
  3.850E+01 6.33223E-19  2.544E-02 ( 7.818E-10,-1.476E-10) ( 9.295E-12, 8.548E-12)  1.00E-07
  3.900E+01 6.07438E-19  2.734E-02 ( 7.713E-10,-1.113E-10) ( 9.190E-12, 9.439E-12)  1.00E-07
  3.950E+01 5.83020E-19  2.927E-02 ( 7.596E-10,-7.662E-11) ( 9.054E-12, 1.032E-11)  1.00E-07
  4.000E+01 5.59884E-19  3.124E-02 ( 7.469E-10,-4.342E-11) ( 8.889E-12, 1.119E-11)  1.00E-07
  4.050E+01 5.37949E-19  3.323E-02 ( 7.332E-10,-1.171E-11) ( 8.694E-12, 1.205E-11)  1.00E-07
  4.100E+01 5.17141E-19  3.525E-02 ( 7.187E-10, 1.853E-11) ( 8.471E-12, 1.290E-11)  1.00E-07
  4.150E+01 4.97392E-19  3.728E-02 ( 7.035E-10, 4.733E-11) ( 8.222E-12, 1.373E-11)  1.00E-07
  4.200E+01 4.78637E-19  3.934E-02 ( 6.876E-10, 7.471E-11) ( 7.947E-12, 1.455E-11)  1.00E-07
  4.250E+01 4.60816E-19  4.140E-02 ( 6.711E-10, 1.007E-10) ( 7.648E-12, 1.536E-11)  1.00E-07
  4.300E+01 4.43874E-19  4.346E-02 ( 6.541E-10, 1.254E-10) ( 7.325E-12, 1.615E-11)  1.00E-07
  4.350E+01 4.27759E-19  4.553E-02 ( 6.366E-10, 1.487E-10) ( 6.979E-12, 1.693E-11)  1.00E-07
  4.400E+01 4.12423E-19  4.760E-02 ( 6.188E-10, 1.707E-10) ( 6.612E-12, 1.769E-11)  1.00E-07
  4.450E+01 3.97822E-19  4.966E-02 ( 6.006E-10, 1.915E-10) ( 6.224E-12, 1.843E-11)  1.00E-07
  4.500E+01 3.83913E-19  5.170E-02 ( 5.822E-10, 2.110E-10) ( 5.817E-12, 1.915E-11)  1.00E-07
  4.550E+01 3.70658E-19  5.373E-02 ( 5.636E-10, 2.294E-10) ( 5.392E-12, 1.986E-11)  1.00E-07
  4.600E+01 3.58019E-19  5.573E-02 ( 5.447E-10, 2.466E-10) ( 4.948E-12, 2.055E-11)  1.00E-07
  4.650E+01 3.45963E-19  5.771E-02 ( 5.258E-10, 2.627E-10) ( 4.489E-12, 2.123E-11)  1.00E-07
  4.700E+01 3.34456E-19  5.965E-02 ( 5.068E-10, 2.777E-10) ( 4.013E-12, 2.188E-11)  1.00E-07
  4.750E+01 3.23471E-19  6.155E-02 ( 4.877E-10, 2.917E-10) ( 3.523E-12, 2.252E-11)  1.00E-07
  4.800E+01 3.12978E-19  6.341E-02 ( 4.687E-10, 3.046E-10) ( 3.018E-12, 2.314E-11)  1.00E-07
  4.850E+01 3.02951E-19  6.523E-02 ( 4.496E-10, 3.166E-10) ( 2.501E-12, 2.374E-11)  1.00E-07
  4.900E+01 2.93365E-19  6.699E-02 ( 4.306E-10, 3.276E-10) ( 1.972E-12, 2.432E-11)  1.00E-07
  4.950E+01 2.84197E-19  6.869E-02 ( 4.117E-10, 3.377E-10) ( 1.431E-12, 2.488E-11)  1.00E-07
  5.000E+01 2.75426E-19  7.033E-02 ( 3.930E-10, 3.469E-10) ( 8.793E-13, 2.542E-11)  1.00E-07
  5.050E+01 2.67030E-19  7.191E-02 ( 3.743E-10, 3.553E-10) ( 3.180E-13, 2.595E-11)  1.00E-07
  5.100E+01 2.58991E-19  7.341E-02 ( 3.559E-10, 3.628E-10) (-2.522E-13, 2.646E-11)  1.00E-07
  5.150E+01 2.51291E-19  7.483E-02 ( 3.376E-10, 3.696E-10) (-8.307E-13, 2.694E-11)  1.00E-07
  5.200E+01 2.43912E-19  7.617E-02 ( 3.195E-10, 3.756E-10) (-1.417E-12, 2.741E-11)  1.00E-07
  5.250E+01 2.36839E-19  7.743E-02 ( 3.016E-10, 3.809E-10) (-2.010E-12, 2.786E-11)  1.00E-07
  5.300E+01 2.30056E-19  7.860E-02 ( 2.840E-10, 3.855E-10) (-2.609E-12, 2.829E-11)  1.00E-07
  5.350E+01 2.23549E-19  7.967E-02 ( 2.666E-10, 3.894E-10) (-3.214E-12, 2.871E-11)  1.00E-07
  5.400E+01 2.17305E-19  8.065E-02 ( 2.495E-10, 3.927E-10) (-3.823E-12, 2.910E-11)  1.00E-07
  5.450E+01 2.11311E-19  8.152E-02 ( 2.327E-10, 3.953E-10) (-4.437E-12, 2.948E-11)  1.00E-07
  5.500E+01 2.05555E-19  8.229E-02 ( 2.161E-10, 3.974E-10) (-5.054E-12, 2.984E-11)  1.00E-07
  5.550E+01 2.00025E-19  8.294E-02 ( 1.998E-10, 3.989E-10) (-5.674E-12, 3.018E-11)  1.00E-07
  5.600E+01 1.94712E-19  8.348E-02 ( 1.839E-10, 3.999E-10) (-6.297E-12, 3.051E-11)  1.00E-07
  5.650E+01 1.89605E-19  8.391E-02 ( 1.682E-10, 4.004E-10) (-6.922E-12, 3.081E-11)  1.00E-07
  5.700E+01 1.84694E-19  8.422E-02 ( 1.529E-10, 4.004E-10) (-7.549E-12, 3.110E-11)  1.00E-07
  5.750E+01 1.79970E-19  8.440E-02 ( 1.379E-10, 3.999E-10) (-8.176E-12, 3.137E-11)  1.00E-07
  5.800E+01 1.75426E-19  8.446E-02 ( 1.232E-10, 3.990E-10) (-8.803E-12, 3.163E-11)  1.00E-07
  5.850E+01 1.71052E-19  8.439E-02 ( 1.088E-10, 3.976E-10) (-9.431E-12, 3.187E-11)  1.00E-07
  5.900E+01 1.66841E-19  8.419E-02 ( 9.477E-11, 3.959E-10) (-1.006E-11, 3.209E-11)  1.00E-07
  5.950E+01 1.62786E-19  8.386E-02 ( 8.107E-11, 3.938E-10) (-1.068E-11, 3.230E-11)  1.00E-07
  6.000E+01 1.58880E-19  8.339E-02 ( 6.770E-11, 3.913E-10) (-1.131E-11, 3.249E-11)  1.00E-07
  6.050E+01 1.55117E-19  8.279E-02 ( 5.466E-11, 3.885E-10) (-1.193E-11, 3.267E-11)  1.00E-07
  6.100E+01 1.51490E-19  8.204E-02 ( 4.196E-11, 3.853E-10) (-1.255E-11, 3.283E-11)  1.00E-07
  6.150E+01 1.47994E-19  8.116E-02 ( 2.959E-11, 3.819E-10) (-1.317E-11, 3.297E-11)  1.00E-07
  6.200E+01 1.44622E-19  8.014E-02 ( 1.756E-11, 3.782E-10) (-1.379E-11, 3.310E-11)  1.00E-07
  6.250E+01 1.41370E-19  7.897E-02 ( 5.862E-12, 3.742E-10) (-1.440E-11, 3.322E-11)  1.00E-07
  6.300E+01 1.38232E-19  7.767E-02 (-5.507E-12, 3.700E-10) (-1.501E-11, 3.332E-11)  1.00E-07
  6.350E+01 1.35204E-19  7.622E-02 (-1.655E-11, 3.655E-10) (-1.561E-11, 3.341E-11)  1.00E-07
  6.400E+01 1.32282E-19  7.462E-02 (-2.726E-11, 3.608E-10) (-1.621E-11, 3.349E-11)  1.00E-07
  6.450E+01 1.29460E-19  7.288E-02 (-3.765E-11, 3.559E-10) (-1.681E-11, 3.355E-11)  1.00E-07
  6.500E+01 1.26735E-19  7.100E-02 (-4.771E-11, 3.508E-10) (-1.740E-11, 3.360E-11)  1.00E-07
  6.550E+01 1.24103E-19  6.898E-02 (-5.746E-11, 3.455E-10) (-1.798E-11, 3.363E-11)  1.00E-07
  6.600E+01 1.21560E-19  6.681E-02 (-6.689E-11, 3.400E-10) (-1.856E-11, 3.366E-11)  1.00E-07
  6.650E+01 1.19103E-19  6.450E-02 (-7.601E-11, 3.344E-10) (-1.914E-11, 3.367E-11)  1.00E-07
  6.700E+01 1.16728E-19  6.205E-02 (-8.483E-11, 3.286E-10) (-1.971E-11, 3.367E-11)  1.00E-07
  6.750E+01 1.14432E-19  5.945E-02 (-9.334E-11, 3.228E-10) (-2.027E-11, 3.365E-11)  1.00E-07
  6.800E+01 1.12212E-19  5.672E-02 (-1.015E-10, 3.168E-10) (-2.083E-11, 3.363E-11)  1.00E-07
  6.850E+01 1.10064E-19  5.385E-02 (-1.095E-10, 3.106E-10) (-2.138E-11, 3.360E-11)  1.00E-07
  6.900E+01 1.07988E-19  5.085E-02 (-1.171E-10, 3.044E-10) (-2.192E-11, 3.355E-11)  1.00E-07
  6.950E+01 1.05978E-19  4.771E-02 (-1.244E-10, 2.981E-10) (-2.246E-11, 3.349E-11)  1.00E-07
  7.000E+01 1.04034E-19  4.444E-02 (-1.315E-10, 2.917E-10) (-2.299E-11, 3.343E-11)  1.00E-07
  7.050E+01 1.02152E-19  4.105E-02 (-1.383E-10, 2.853E-10) (-2.351E-11, 3.335E-11)  1.00E-07
  7.100E+01 1.00331E-19  3.752E-02 (-1.448E-10, 2.787E-10) (-2.403E-11, 3.327E-11)  1.00E-07
  7.150E+01 9.85671E-20  3.387E-02 (-1.510E-10, 2.721E-10) (-2.454E-11, 3.317E-11)  1.00E-07
  7.200E+01 9.68595E-20  3.010E-02 (-1.570E-10, 2.655E-10) (-2.504E-11, 3.307E-11)  1.00E-07
  7.250E+01 9.52058E-20  2.621E-02 (-1.627E-10, 2.588E-10) (-2.553E-11, 3.295E-11)  1.00E-07
  7.300E+01 9.36041E-20  2.220E-02 (-1.682E-10, 2.521E-10) (-2.602E-11, 3.283E-11)  1.00E-07
  7.350E+01 9.20524E-20  1.809E-02 (-1.734E-10, 2.454E-10) (-2.650E-11, 3.270E-11)  1.00E-07
  7.400E+01 9.05491E-20  1.386E-02 (-1.784E-10, 2.386E-10) (-2.697E-11, 3.256E-11)  1.00E-07
  7.450E+01 8.90924E-20  9.529E-03 (-1.831E-10, 2.319E-10) (-2.743E-11, 3.242E-11)  1.00E-07
  7.500E+01 8.76806E-20  5.095E-03 (-1.876E-10, 2.251E-10) (-2.789E-11, 3.226E-11)  1.00E-07
  7.550E+01 8.63123E-20  5.642E-04 (-1.919E-10, 2.183E-10) (-2.833E-11, 3.210E-11)  1.00E-07
  7.600E+01 8.49859E-20 -4.061E-03 (-1.960E-10, 2.115E-10) (-2.877E-11, 3.193E-11)  1.00E-07
  7.650E+01 8.37000E-20 -8.775E-03 (-1.998E-10, 2.047E-10) (-2.920E-11, 3.176E-11)  1.00E-07
  7.700E+01 8.24533E-20 -1.358E-02 (-2.034E-10, 1.980E-10) (-2.962E-11, 3.158E-11)  1.00E-07
  7.750E+01 8.12443E-20 -1.846E-02 (-2.069E-10, 1.912E-10) (-3.003E-11, 3.139E-11)  1.00E-07
  7.800E+01 8.00719E-20 -2.342E-02 (-2.101E-10, 1.845E-10) (-3.044E-11, 3.119E-11)  1.00E-07
  7.850E+01 7.89348E-20 -2.845E-02 (-2.131E-10, 1.778E-10) (-3.083E-11, 3.099E-11)  1.00E-07
  7.900E+01 7.78319E-20 -3.355E-02 (-2.159E-10, 1.711E-10) (-3.122E-11, 3.079E-11)  1.00E-07
  7.950E+01 7.67620E-20 -3.871E-02 (-2.186E-10, 1.645E-10) (-3.160E-11, 3.058E-11)  1.00E-07
  8.000E+01 7.57241E-20 -4.393E-02 (-2.210E-10, 1.579E-10) (-3.197E-11, 3.036E-11)  1.00E-07
  8.050E+01 7.47172E-20 -4.921E-02 (-2.233E-10, 1.513E-10) (-3.233E-11, 3.014E-11)  1.00E-07
  8.100E+01 7.37402E-20 -5.454E-02 (-2.254E-10, 1.448E-10) (-3.268E-11, 2.991E-11)  1.00E-07
  8.150E+01 7.27921E-20 -5.991E-02 (-2.274E-10, 1.383E-10) (-3.303E-11, 2.968E-11)  1.00E-07
  8.200E+01 7.18722E-20 -6.532E-02 (-2.291E-10, 1.319E-10) (-3.336E-11, 2.944E-11)  1.00E-07
  8.250E+01 7.09794E-20 -7.077E-02 (-2.307E-10, 1.255E-10) (-3.369E-11, 2.921E-11)  1.00E-07
  8.300E+01 7.01130E-20 -7.624E-02 (-2.322E-10, 1.192E-10) (-3.401E-11, 2.896E-11)  1.00E-07
  8.350E+01 6.92721E-20 -8.175E-02 (-2.335E-10, 1.129E-10) (-3.432E-11, 2.871E-11)  1.00E-07
  8.400E+01 6.84559E-20 -8.727E-02 (-2.347E-10, 1.067E-10) (-3.462E-11, 2.846E-11)  1.00E-07
  8.450E+01 6.76637E-20 -9.281E-02 (-2.357E-10, 1.005E-10) (-3.491E-11, 2.821E-11)  1.00E-07
  8.500E+01 6.68948E-20 -9.836E-02 (-2.366E-10, 9.439E-11) (-3.520E-11, 2.795E-11)  1.00E-07
  8.550E+01 6.61484E-20 -1.039E-01 (-2.373E-10, 8.835E-11) (-3.547E-11, 2.769E-11)  1.00E-07
  8.600E+01 6.54238E-20 -1.095E-01 (-2.379E-10, 8.238E-11) (-3.574E-11, 2.743E-11)  1.00E-07
  8.650E+01 6.47205E-20 -1.150E-01 (-2.384E-10, 7.647E-11) (-3.600E-11, 2.716E-11)  1.00E-07
  8.700E+01 6.40377E-20 -1.206E-01 (-2.388E-10, 7.062E-11) (-3.625E-11, 2.689E-11)  1.00E-07
  8.750E+01 6.33749E-20 -1.261E-01 (-2.390E-10, 6.485E-11) (-3.649E-11, 2.662E-11)  1.00E-07
  8.800E+01 6.27315E-20 -1.316E-01 (-2.391E-10, 5.914E-11) (-3.673E-11, 2.635E-11)  1.00E-07
  8.850E+01 6.21068E-20 -1.371E-01 (-2.392E-10, 5.350E-11) (-3.695E-11, 2.607E-11)  1.00E-07
  8.900E+01 6.15005E-20 -1.426E-01 (-2.391E-10, 4.793E-11) (-3.717E-11, 2.580E-11)  1.00E-07
  8.950E+01 6.09118E-20 -1.481E-01 (-2.389E-10, 4.243E-11) (-3.738E-11, 2.552E-11)  1.00E-07
  9.000E+01 6.03404E-20 -1.535E-01 (-2.386E-10, 3.700E-11) (-3.758E-11, 2.524E-11)  1.00E-07
  9.050E+01 5.97857E-20 -1.588E-01 (-2.382E-10, 3.165E-11) (-3.777E-11, 2.495E-11)  1.00E-07
  9.100E+01 5.92473E-20 -1.642E-01 (-2.377E-10, 2.637E-11) (-3.796E-11, 2.467E-11)  1.00E-07
  9.150E+01 5.87246E-20 -1.695E-01 (-2.371E-10, 2.116E-11) (-3.813E-11, 2.439E-11)  1.00E-07
  9.200E+01 5.82173E-20 -1.747E-01 (-2.365E-10, 1.603E-11) (-3.830E-11, 2.410E-11)  1.00E-07
  9.250E+01 5.77248E-20 -1.799E-01 (-2.357E-10, 1.097E-11) (-3.846E-11, 2.381E-11)  1.00E-07
  9.300E+01 5.72469E-20 -1.850E-01 (-2.349E-10, 5.980E-12) (-3.861E-11, 2.353E-11)  1.00E-07
  9.350E+01 5.67830E-20 -1.900E-01 (-2.340E-10, 1.068E-12) (-3.876E-11, 2.324E-11)  1.00E-07
  9.400E+01 5.63329E-20 -1.950E-01 (-2.330E-10,-3.770E-12) (-3.889E-11, 2.295E-11)  1.00E-07
  9.450E+01 5.58960E-20 -2.000E-01 (-2.319E-10,-8.533E-12) (-3.902E-11, 2.266E-11)  1.00E-07
  9.500E+01 5.54721E-20 -2.048E-01 (-2.308E-10,-1.322E-11) (-3.915E-11, 2.237E-11)  1.00E-07
  9.550E+01 5.50607E-20 -2.096E-01 (-2.296E-10,-1.784E-11) (-3.926E-11, 2.208E-11)  1.00E-07
  9.600E+01 5.46616E-20 -2.143E-01 (-2.283E-10,-2.238E-11) (-3.937E-11, 2.179E-11)  1.00E-07
  9.650E+01 5.42744E-20 -2.189E-01 (-2.270E-10,-2.684E-11) (-3.947E-11, 2.150E-11)  1.00E-07
  9.700E+01 5.38987E-20 -2.235E-01 (-2.256E-10,-3.123E-11) (-3.956E-11, 2.122E-11)  1.00E-07
  9.750E+01 5.35344E-20 -2.279E-01 (-2.242E-10,-3.555E-11) (-3.964E-11, 2.093E-11)  1.00E-07
  9.800E+01 5.31810E-20 -2.323E-01 (-2.227E-10,-3.980E-11) (-3.972E-11, 2.064E-11)  1.00E-07
  9.850E+01 5.28382E-20 -2.366E-01 (-2.212E-10,-4.397E-11) (-3.979E-11, 2.035E-11)  1.00E-07
  9.900E+01 5.25058E-20 -2.408E-01 (-2.196E-10,-4.807E-11) (-3.985E-11, 2.006E-11)  1.00E-07
  9.950E+01 5.21835E-20 -2.448E-01 (-2.179E-10,-5.210E-11) (-3.991E-11, 1.978E-11)  1.00E-07
  1.000E+02 5.18711E-20 -2.488E-01 (-2.162E-10,-5.605E-11) (-3.996E-11, 1.949E-11)  1.00E-07
  1.005E+02 5.15681E-20 -2.527E-01 (-2.145E-10,-5.994E-11) (-4.000E-11, 1.921E-11)  1.00E-07
  1.010E+02 5.12745E-20 -2.565E-01 (-2.127E-10,-6.375E-11) (-4.003E-11, 1.892E-11)  1.00E-07
  1.015E+02 5.09900E-20 -2.602E-01 (-2.109E-10,-6.749E-11) (-4.006E-11, 1.864E-11)  1.00E-07
  1.020E+02 5.07143E-20 -2.638E-01 (-2.091E-10,-7.117E-11) (-4.008E-11, 1.836E-11)  1.00E-07
  1.025E+02 5.04471E-20 -2.673E-01 (-2.072E-10,-7.477E-11) (-4.010E-11, 1.807E-11)  1.00E-07
  1.030E+02 5.01883E-20 -2.707E-01 (-2.053E-10,-7.831E-11) (-4.011E-11, 1.779E-11)  1.00E-07
  1.035E+02 4.99376E-20 -2.740E-01 (-2.033E-10,-8.177E-11) (-4.011E-11, 1.752E-11)  1.00E-07
  1.040E+02 4.96948E-20 -2.771E-01 (-2.013E-10,-8.517E-11) (-4.010E-11, 1.724E-11)  1.00E-07
  1.045E+02 4.94598E-20 -2.802E-01 (-1.993E-10,-8.851E-11) (-4.009E-11, 1.696E-11)  1.00E-07
  1.050E+02 4.92322E-20 -2.832E-01 (-1.973E-10,-9.177E-11) (-4.008E-11, 1.669E-11)  1.00E-07
  1.055E+02 4.90119E-20 -2.860E-01 (-1.952E-10,-9.498E-11) (-4.005E-11, 1.642E-11)  1.00E-07
  1.060E+02 4.87988E-20 -2.887E-01 (-1.932E-10,-9.811E-11) (-4.002E-11, 1.614E-11)  1.00E-07
  1.065E+02 4.85925E-20 -2.914E-01 (-1.911E-10,-1.012E-10) (-3.999E-11, 1.588E-11)  1.00E-07
  1.070E+02 4.83930E-20 -2.939E-01 (-1.889E-10,-1.042E-10) (-3.995E-11, 1.561E-11)  1.00E-07
  1.075E+02 4.82001E-20 -2.963E-01 (-1.868E-10,-1.071E-10) (-3.990E-11, 1.534E-11)  1.00E-07
  1.080E+02 4.80135E-20 -2.986E-01 (-1.846E-10,-1.100E-10) (-3.985E-11, 1.508E-11)  1.00E-07
  1.085E+02 4.78332E-20 -3.008E-01 (-1.825E-10,-1.129E-10) (-3.979E-11, 1.482E-11)  1.00E-07
  1.090E+02 4.76589E-20 -3.029E-01 (-1.803E-10,-1.156E-10) (-3.972E-11, 1.456E-11)  1.00E-07
  1.095E+02 4.74905E-20 -3.048E-01 (-1.781E-10,-1.183E-10) (-3.965E-11, 1.430E-11)  1.00E-07
  1.100E+02 4.73279E-20 -3.067E-01 (-1.759E-10,-1.210E-10) (-3.958E-11, 1.404E-11)  1.00E-07
  1.105E+02 4.71708E-20 -3.084E-01 (-1.736E-10,-1.236E-10) (-3.950E-11, 1.379E-11)  1.00E-07
  1.110E+02 4.70191E-20 -3.101E-01 (-1.714E-10,-1.261E-10) (-3.941E-11, 1.353E-11)  1.00E-07
  1.115E+02 4.68728E-20 -3.116E-01 (-1.692E-10,-1.286E-10) (-3.932E-11, 1.328E-11)  1.00E-07
  1.120E+02 4.67316E-20 -3.130E-01 (-1.669E-10,-1.310E-10) (-3.922E-11, 1.304E-11)  1.00E-07
  1.125E+02 4.65954E-20 -3.143E-01 (-1.647E-10,-1.333E-10) (-3.912E-11, 1.279E-11)  1.00E-07
  1.130E+02 4.64640E-20 -3.155E-01 (-1.624E-10,-1.357E-10) (-3.901E-11, 1.255E-11)  1.00E-07
  1.135E+02 4.63375E-20 -3.166E-01 (-1.602E-10,-1.379E-10) (-3.890E-11, 1.231E-11)  1.00E-07
  1.140E+02 4.62155E-20 -3.176E-01 (-1.579E-10,-1.401E-10) (-3.878E-11, 1.207E-11)  1.00E-07
  1.145E+02 4.60980E-20 -3.185E-01 (-1.556E-10,-1.423E-10) (-3.866E-11, 1.183E-11)  1.00E-07
  1.150E+02 4.59849E-20 -3.193E-01 (-1.534E-10,-1.444E-10) (-3.853E-11, 1.160E-11)  1.00E-07
  1.155E+02 4.58761E-20 -3.200E-01 (-1.511E-10,-1.464E-10) (-3.840E-11, 1.137E-11)  1.00E-07
  1.160E+02 4.57714E-20 -3.206E-01 (-1.488E-10,-1.484E-10) (-3.826E-11, 1.114E-11)  1.00E-07
  1.165E+02 4.56707E-20 -3.211E-01 (-1.466E-10,-1.504E-10) (-3.812E-11, 1.091E-11)  1.00E-07
  1.170E+02 4.55740E-20 -3.215E-01 (-1.443E-10,-1.523E-10) (-3.798E-11, 1.069E-11)  1.00E-07
  1.175E+02 4.54810E-20 -3.218E-01 (-1.421E-10,-1.541E-10) (-3.783E-11, 1.047E-11)  1.00E-07
  1.180E+02 4.53918E-20 -3.220E-01 (-1.398E-10,-1.560E-10) (-3.767E-11, 1.025E-11)  1.00E-07
  1.185E+02 4.53061E-20 -3.221E-01 (-1.375E-10,-1.577E-10) (-3.751E-11, 1.003E-11)  1.00E-07
  1.190E+02 4.52240E-20 -3.221E-01 (-1.353E-10,-1.595E-10) (-3.735E-11, 9.816E-12)  1.00E-07
  1.195E+02 4.51453E-20 -3.220E-01 (-1.331E-10,-1.611E-10) (-3.718E-11, 9.605E-12)  1.00E-07
  1.200E+02 4.50698E-20 -3.219E-01 (-1.308E-10,-1.628E-10) (-3.701E-11, 9.396E-12)  1.00E-07
  1.205E+02 4.49976E-20 -3.216E-01 (-1.286E-10,-1.644E-10) (-3.683E-11, 9.189E-12)  1.00E-07
  1.210E+02 4.49285E-20 -3.213E-01 (-1.264E-10,-1.659E-10) (-3.666E-11, 8.986E-12)  1.00E-07
  1.215E+02 4.48625E-20 -3.209E-01 (-1.242E-10,-1.674E-10) (-3.647E-11, 8.784E-12)  1.00E-07
  1.220E+02 4.47994E-20 -3.204E-01 (-1.220E-10,-1.689E-10) (-3.628E-11, 8.586E-12)  1.00E-07
  1.225E+02 4.47391E-20 -3.198E-01 (-1.198E-10,-1.703E-10) (-3.609E-11, 8.390E-12)  1.00E-07
  1.230E+02 4.46817E-20 -3.191E-01 (-1.176E-10,-1.717E-10) (-3.590E-11, 8.197E-12)  1.00E-07
  1.235E+02 4.46269E-20 -3.183E-01 (-1.155E-10,-1.731E-10) (-3.570E-11, 8.006E-12)  1.00E-07
  1.240E+02 4.45748E-20 -3.175E-01 (-1.133E-10,-1.744E-10) (-3.549E-11, 7.818E-12)  1.00E-07
  1.245E+02 4.45252E-20 -3.166E-01 (-1.112E-10,-1.757E-10) (-3.529E-11, 7.633E-12)  1.00E-07
  1.250E+02 4.44781E-20 -3.156E-01 (-1.090E-10,-1.769E-10) (-3.508E-11, 7.450E-12)  1.00E-07
  1.255E+02 4.44333E-20 -3.145E-01 (-1.069E-10,-1.781E-10) (-3.486E-11, 7.270E-12)  1.00E-07
  1.260E+02 4.43909E-20 -3.134E-01 (-1.048E-10,-1.793E-10) (-3.465E-11, 7.092E-12)  1.00E-07
  1.265E+02 4.43508E-20 -3.122E-01 (-1.027E-10,-1.805E-10) (-3.443E-11, 6.918E-12)  1.00E-07
  1.270E+02 4.43128E-20 -3.109E-01 (-1.006E-10,-1.816E-10) (-3.420E-11, 6.745E-12)  1.00E-07
  1.275E+02 4.42770E-20 -3.096E-01 (-9.856E-11,-1.827E-10) (-3.398E-11, 6.576E-12)  1.00E-07
  1.280E+02 4.42432E-20 -3.082E-01 (-9.651E-11,-1.837E-10) (-3.375E-11, 6.409E-12)  1.00E-07
  1.285E+02 4.42114E-20 -3.067E-01 (-9.447E-11,-1.847E-10) (-3.351E-11, 6.245E-12)  1.00E-07
  1.290E+02 4.41815E-20 -3.052E-01 (-9.245E-11,-1.857E-10) (-3.328E-11, 6.083E-12)  1.00E-07
  1.295E+02 4.41535E-20 -3.036E-01 (-9.045E-11,-1.867E-10) (-3.304E-11, 5.924E-12)  1.00E-07
  1.300E+02 4.41273E-20 -3.020E-01 (-8.846E-11,-1.876E-10) (-3.279E-11, 5.768E-12)  1.00E-07
  1.305E+02 4.41028E-20 -3.003E-01 (-8.649E-11,-1.885E-10) (-3.255E-11, 5.614E-12)  1.00E-07
  1.310E+02 4.40800E-20 -2.985E-01 (-8.453E-11,-1.894E-10) (-3.230E-11, 5.463E-12)  1.00E-07
  1.315E+02 4.40589E-20 -2.967E-01 (-8.259E-11,-1.902E-10) (-3.205E-11, 5.314E-12)  1.00E-07
  1.320E+02 4.40393E-20 -2.948E-01 (-8.067E-11,-1.910E-10) (-3.179E-11, 5.168E-12)  1.00E-07
  1.325E+02 4.40213E-20 -2.928E-01 (-7.876E-11,-1.918E-10) (-3.154E-11, 5.025E-12)  1.00E-07
  1.330E+02 4.40047E-20 -2.909E-01 (-7.687E-11,-1.926E-10) (-3.128E-11, 4.884E-12)  1.00E-07
  1.335E+02 4.39896E-20 -2.888E-01 (-7.500E-11,-1.933E-10) (-3.102E-11, 4.746E-12)  1.00E-07
  1.340E+02 4.39758E-20 -2.867E-01 (-7.315E-11,-1.941E-10) (-3.075E-11, 4.610E-12)  1.00E-07
  1.345E+02 4.39634E-20 -2.846E-01 (-7.132E-11,-1.948E-10) (-3.048E-11, 4.477E-12)  1.00E-07
  1.350E+02 4.39522E-20 -2.824E-01 (-6.950E-11,-1.954E-10) (-3.021E-11, 4.346E-12)  1.00E-07
  1.355E+02 4.39423E-20 -2.802E-01 (-6.770E-11,-1.961E-10) (-2.994E-11, 4.218E-12)  1.00E-07
  1.360E+02 4.39335E-20 -2.779E-01 (-6.592E-11,-1.967E-10) (-2.967E-11, 4.092E-12)  1.00E-07
  1.365E+02 4.39259E-20 -2.756E-01 (-6.416E-11,-1.973E-10) (-2.939E-11, 3.969E-12)  1.00E-07
  1.370E+02 4.39194E-20 -2.733E-01 (-6.242E-11,-1.979E-10) (-2.911E-11, 3.848E-12)  1.00E-07
  1.375E+02 4.39140E-20 -2.709E-01 (-6.070E-11,-1.985E-10) (-2.883E-11, 3.730E-12)  1.00E-07
  1.380E+02 4.39095E-20 -2.684E-01 (-5.899E-11,-1.990E-10) (-2.854E-11, 3.614E-12)  1.00E-07
  1.385E+02 4.39060E-20 -2.660E-01 (-5.731E-11,-1.995E-10) (-2.826E-11, 3.500E-12)  1.00E-07
  1.390E+02 4.39035E-20 -2.634E-01 (-5.564E-11,-2.000E-10) (-2.797E-11, 3.389E-12)  1.00E-07
  1.395E+02 4.39018E-20 -2.609E-01 (-5.400E-11,-2.005E-10) (-2.768E-11, 3.280E-12)  1.00E-07
  1.400E+02 4.39011E-20 -2.583E-01 (-5.237E-11,-2.010E-10) (-2.738E-11, 3.174E-12)  1.00E-07
  1.405E+02 4.39011E-20 -2.557E-01 (-5.077E-11,-2.014E-10) (-2.709E-11, 3.070E-12)  1.00E-07
  1.410E+02 4.39019E-20 -2.531E-01 (-4.918E-11,-2.019E-10) (-2.679E-11, 2.968E-12)  1.00E-07
  1.415E+02 4.39035E-20 -2.504E-01 (-4.761E-11,-2.023E-10) (-2.649E-11, 2.868E-12)  1.00E-07
  1.420E+02 4.39058E-20 -2.477E-01 (-4.607E-11,-2.027E-10) (-2.619E-11, 2.771E-12)  1.00E-07
  1.425E+02 4.39087E-20 -2.449E-01 (-4.454E-11,-2.031E-10) (-2.589E-11, 2.676E-12)  1.00E-07
  1.430E+02 4.39123E-20 -2.422E-01 (-4.303E-11,-2.035E-10) (-2.559E-11, 2.583E-12)  1.00E-07
  1.435E+02 4.39165E-20 -2.394E-01 (-4.155E-11,-2.038E-10) (-2.528E-11, 2.493E-12)  1.00E-07
  1.440E+02 4.39214E-20 -2.366E-01 (-4.008E-11,-2.042E-10) (-2.497E-11, 2.404E-12)  1.00E-07
  1.445E+02 4.39267E-20 -2.337E-01 (-3.863E-11,-2.045E-10) (-2.466E-11, 2.318E-12)  1.00E-07
  1.450E+02 4.39326E-20 -2.308E-01 (-3.721E-11,-2.048E-10) (-2.435E-11, 2.234E-12)  1.00E-07
  1.455E+02 4.39390E-20 -2.279E-01 (-3.580E-11,-2.051E-10) (-2.404E-11, 2.152E-12)  1.00E-07
  1.460E+02 4.39458E-20 -2.250E-01 (-3.442E-11,-2.054E-10) (-2.372E-11, 2.072E-12)  1.00E-07
  1.465E+02 4.39531E-20 -2.221E-01 (-3.306E-11,-2.057E-10) (-2.341E-11, 1.994E-12)  1.00E-07
  1.470E+02 4.39608E-20 -2.191E-01 (-3.171E-11,-2.060E-10) (-2.309E-11, 1.918E-12)  1.00E-07
  1.475E+02 4.39689E-20 -2.161E-01 (-3.039E-11,-2.062E-10) (-2.277E-11, 1.844E-12)  1.00E-07
  1.480E+02 4.39774E-20 -2.131E-01 (-2.908E-11,-2.065E-10) (-2.245E-11, 1.772E-12)  1.00E-07
  1.485E+02 4.39862E-20 -2.101E-01 (-2.780E-11,-2.067E-10) (-2.212E-11, 1.703E-12)  1.00E-07
  1.490E+02 4.39952E-20 -2.070E-01 (-2.654E-11,-2.069E-10) (-2.180E-11, 1.635E-12)  1.00E-07
  1.495E+02 4.40046E-20 -2.040E-01 (-2.530E-11,-2.071E-10) (-2.147E-11, 1.569E-12)  1.00E-07
  1.500E+02 4.40143E-20 -2.009E-01 (-2.408E-11,-2.073E-10) (-2.115E-11, 1.504E-12)  1.00E-07
  1.505E+02 4.40242E-20 -1.978E-01 (-2.288E-11,-2.075E-10) (-2.082E-11, 1.442E-12)  1.00E-07
  1.510E+02 4.40343E-20 -1.947E-01 (-2.170E-11,-2.077E-10) (-2.049E-11, 1.382E-12)  1.00E-07
  1.515E+02 4.40446E-20 -1.915E-01 (-2.054E-11,-2.079E-10) (-2.016E-11, 1.323E-12)  1.00E-07
  1.520E+02 4.40550E-20 -1.884E-01 (-1.940E-11,-2.080E-10) (-1.983E-11, 1.266E-12)  1.00E-07
  1.525E+02 4.40657E-20 -1.852E-01 (-1.828E-11,-2.082E-10) (-1.949E-11, 1.211E-12)  1.00E-07
  1.530E+02 4.40765E-20 -1.820E-01 (-1.719E-11,-2.084E-10) (-1.916E-11, 1.158E-12)  1.00E-07
  1.535E+02 4.40873E-20 -1.789E-01 (-1.611E-11,-2.085E-10) (-1.882E-11, 1.106E-12)  1.00E-07
  1.540E+02 4.40983E-20 -1.757E-01 (-1.505E-11,-2.086E-10) (-1.849E-11, 1.056E-12)  1.00E-07
  1.545E+02 4.41094E-20 -1.724E-01 (-1.402E-11,-2.088E-10) (-1.815E-11, 1.008E-12)  1.00E-07
  1.550E+02 4.41205E-20 -1.692E-01 (-1.300E-11,-2.089E-10) (-1.781E-11, 9.608E-13)  1.00E-07
  1.555E+02 4.41317E-20 -1.660E-01 (-1.201E-11,-2.090E-10) (-1.747E-11, 9.156E-13)  1.00E-07
  1.560E+02 4.41429E-20 -1.627E-01 (-1.104E-11,-2.091E-10) (-1.713E-11, 8.720E-13)  1.00E-07
  1.565E+02 4.41541E-20 -1.595E-01 (-1.008E-11,-2.092E-10) (-1.679E-11, 8.298E-13)  1.00E-07
  1.570E+02 4.41652E-20 -1.562E-01 (-9.151E-12,-2.093E-10) (-1.644E-11, 7.892E-13)  1.00E-07
  1.575E+02 4.41764E-20 -1.529E-01 (-8.238E-12,-2.094E-10) (-1.610E-11, 7.500E-13)  1.00E-07
  1.580E+02 4.41876E-20 -1.496E-01 (-7.347E-12,-2.095E-10) (-1.576E-11, 7.123E-13)  1.00E-07
  1.585E+02 4.41986E-20 -1.463E-01 (-6.475E-12,-2.096E-10) (-1.541E-11, 6.759E-13)  1.00E-07
  1.590E+02 4.42097E-20 -1.430E-01 (-5.625E-12,-2.096E-10) (-1.506E-11, 6.410E-13)  1.00E-07
  1.595E+02 4.42206E-20 -1.397E-01 (-4.794E-12,-2.097E-10) (-1.471E-11, 6.074E-13)  1.00E-07
  1.600E+02 4.42314E-20 -1.364E-01 (-3.984E-12,-2.098E-10) (-1.437E-11, 5.751E-13)  1.00E-07
  1.605E+02 4.42422E-20 -1.331E-01 (-3.194E-12,-2.098E-10) (-1.402E-11, 5.440E-13)  1.00E-07
  1.610E+02 4.42528E-20 -1.297E-01 (-2.425E-12,-2.099E-10) (-1.367E-11, 5.143E-13)  1.00E-07
  1.615E+02 4.42633E-20 -1.264E-01 (-1.676E-12,-2.100E-10) (-1.332E-11, 4.857E-13)  1.00E-07
  1.620E+02 4.42736E-20 -1.230E-01 (-9.476E-13,-2.100E-10) (-1.297E-11, 4.584E-13)  1.00E-07
  1.625E+02 4.42838E-20 -1.197E-01 (-2.393E-13,-2.101E-10) (-1.261E-11, 4.322E-13)  1.00E-07
  1.630E+02 4.42938E-20 -1.163E-01 ( 4.488E-13,-2.101E-10) (-1.226E-11, 4.071E-13)  1.00E-07
  1.635E+02 4.43037E-20 -1.129E-01 ( 1.117E-12,-2.101E-10) (-1.191E-11, 3.831E-13)  1.00E-07
  1.640E+02 4.43133E-20 -1.096E-01 ( 1.764E-12,-2.102E-10) (-1.155E-11, 3.602E-13)  1.00E-07
  1.645E+02 4.43228E-20 -1.062E-01 ( 2.392E-12,-2.102E-10) (-1.120E-11, 3.384E-13)  1.00E-07
  1.650E+02 4.43320E-20 -1.028E-01 ( 2.999E-12,-2.103E-10) (-1.084E-11, 3.175E-13)  1.00E-07
  1.655E+02 4.43411E-20 -9.941E-02 ( 3.586E-12,-2.103E-10) (-1.049E-11, 2.976E-13)  1.00E-07
  1.660E+02 4.43499E-20 -9.602E-02 ( 4.153E-12,-2.103E-10) (-1.013E-11, 2.787E-13)  1.00E-07
  1.665E+02 4.43585E-20 -9.262E-02 ( 4.700E-12,-2.103E-10) (-9.772E-12, 2.607E-13)  1.00E-07
  1.670E+02 4.43668E-20 -8.922E-02 ( 5.226E-12,-2.104E-10) (-9.415E-12, 2.435E-13)  1.00E-07
  1.675E+02 4.43749E-20 -8.582E-02 ( 5.733E-12,-2.104E-10) (-9.057E-12, 2.272E-13)  1.00E-07
  1.680E+02 4.43827E-20 -8.241E-02 ( 6.220E-12,-2.104E-10) (-8.698E-12, 2.117E-13)  1.00E-07
  1.685E+02 4.43903E-20 -7.900E-02 ( 6.686E-12,-2.104E-10) (-8.339E-12, 1.970E-13)  1.00E-07
  1.690E+02 4.43976E-20 -7.558E-02 ( 7.133E-12,-2.104E-10) (-7.979E-12, 1.830E-13)  1.00E-07
  1.695E+02 4.44046E-20 -7.217E-02 ( 7.559E-12,-2.105E-10) (-7.620E-12, 1.698E-13)  1.00E-07
  1.700E+02 4.44113E-20 -6.875E-02 ( 7.966E-12,-2.105E-10) (-7.259E-12, 1.572E-13)  1.00E-07
  1.705E+02 4.44177E-20 -6.532E-02 ( 8.353E-12,-2.105E-10) (-6.899E-12, 1.453E-13)  1.00E-07
  1.710E+02 4.44239E-20 -6.190E-02 ( 8.719E-12,-2.105E-10) (-6.538E-12, 1.340E-13)  1.00E-07
  1.715E+02 4.44297E-20 -5.847E-02 ( 9.066E-12,-2.105E-10) (-6.176E-12, 1.233E-13)  1.00E-07
  1.720E+02 4.44353E-20 -5.504E-02 ( 9.393E-12,-2.105E-10) (-5.815E-12, 1.132E-13)  1.00E-07
  1.725E+02 4.44405E-20 -5.161E-02 ( 9.700E-12,-2.105E-10) (-5.453E-12, 1.036E-13)  1.00E-07
  1.730E+02 4.44454E-20 -4.818E-02 ( 9.987E-12,-2.105E-10) (-5.090E-12, 9.445E-14)  1.00E-07
  1.735E+02 4.44500E-20 -4.475E-02 ( 1.025E-11,-2.105E-10) (-4.728E-12, 8.579E-14)  1.00E-07
  1.740E+02 4.44542E-20 -4.131E-02 ( 1.050E-11,-2.105E-10) (-4.365E-12, 7.755E-14)  1.00E-07
  1.745E+02 4.44582E-20 -3.787E-02 ( 1.073E-11,-2.105E-10) (-4.002E-12, 6.970E-14)  1.00E-07
  1.750E+02 4.44618E-20 -3.443E-02 ( 1.094E-11,-2.105E-10) (-3.639E-12, 6.221E-14)  1.00E-07
  1.755E+02 4.44650E-20 -3.099E-02 ( 1.113E-11,-2.105E-10) (-3.276E-12, 5.506E-14)  1.00E-07
  1.760E+02 4.44680E-20 -2.755E-02 ( 1.129E-11,-2.106E-10) (-2.912E-12, 4.820E-14)  1.00E-07
  1.765E+02 4.44705E-20 -2.411E-02 ( 1.144E-11,-2.106E-10) (-2.548E-12, 4.160E-14)  1.00E-07
  1.770E+02 4.44728E-20 -2.067E-02 ( 1.157E-11,-2.106E-10) (-2.185E-12, 3.523E-14)  1.00E-07
  1.775E+02 4.44747E-20 -1.722E-02 ( 1.168E-11,-2.106E-10) (-1.821E-12, 2.906E-14)  1.00E-07
  1.780E+02 4.44763E-20 -1.378E-02 ( 1.177E-11,-2.106E-10) (-1.457E-12, 2.305E-14)  1.00E-07
  1.785E+02 4.44775E-20 -1.033E-02 ( 1.184E-11,-2.106E-10) (-1.092E-12, 1.717E-14)  1.00E-07
  1.790E+02 4.44784E-20 -6.890E-03 ( 1.189E-11,-2.106E-10) (-7.284E-13, 1.139E-14)  1.00E-07
  1.795E+02 4.44789E-20 -3.445E-03 ( 1.192E-11,-2.106E-10) (-3.642E-13, 5.680E-15)  1.00E-07
  1.800E+02 4.44790E-20 -4.835E-17 ( 1.193E-11,-2.106E-10) (-5.111E-27, 7.963E-29)  1.00E-07

  TOTAL ELASTIC CROSS SECTION = 5.818310E-17 cm**2
               FROM DCS TABLE = 5.816987E-17  (REL. DIF. = 2.27E-04)

  1ST TRANSPORT CROSS SECTION = 1.235425E-18 cm**2
               FROM DCS TABLE = 1.235421E-18  (REL. DIF. = 2.99E-06)

  2ND TRANSPORT CROSS SECTION = 2.325790E-18 cm**2

  **** DPWA0 ENDED ************************************************************

