9.94552e+0 3.60329e+0
1.05039e+1 3.41549e+0
1.07210e+1 2.81403e+0
1.08539e+1 3.29812e+0
1.10937e+1 3.20423e+0
1.14634e+1 3.08685e+0
1.14694e+1 2.64065e+0
1.18453e+1 2.96948e+0
1.22400e+1 2.87559e+0
1.23137e+1 2.47448e+0
1.27868e+1 2.75822e+0
1.33143e+1 2.31216e+0
1.35047e+1 2.64085e+0
1.39547e+1 2.52347e+0
1.43963e+1 2.16718e+0
1.45781e+1 2.45305e+0
1.52293e+1 2.31221e+0
1.55663e+1 2.03677e+0
1.60844e+1 2.21831e+0
1.68029e+1 2.12441e+0
1.68313e+1 1.92162e+0
1.77464e+1 2.03052e+0
1.81991e+1 1.82034e+0
1.85392e+1 1.93662e+0
1.95801e+1 1.86620e+0
1.96780e+1 1.72739e+0
2.04548e+1 1.79577e+0
2.11363e+1 1.72535e+0
2.12772e+1 1.64692e+0
2.30063e+1 1.56923e+0
2.48759e+1 1.49084e+0
2.68975e+1 1.41454e+0
2.90833e+1 1.34309e+0
3.14468e+1 1.27372e+0
3.40024e+1 1.20227e+0
3.67656e+1 1.13082e+0
3.97534e+1 1.06007e+0
4.29840e+1 9.90007e-1
4.64771e+1 9.24108e-1
5.02541e+1 8.65145e-1
5.43381e+1 8.06183e-1
5.87539e+1 7.72886e-1
6.35286e+1 7.44445e-1
6.86913e+1 7.23199e-1
7.42735e+1 7.03696e-1
8.03094e+1 7.01833e-1
8.68359e+1 6.96284e-1
9.38926e+1 6.87078e-1
1.01523e+2 6.95888e-1
1.09440e+2 7.03994e-1
1.18536e+2 7.36927e-1
1.28854e+2 7.60741e-1
1.39149e+2 7.59484e-1
1.51654e+2 7.65256e-1
1.68106e+2 8.06876e-1
1.81896e+2 8.38508e-1
1.96539e+2 8.74163e-1
2.12510e+2 9.15784e-1
2.29780e+2 9.57404e-1
2.48454e+2 1.00111e+0
2.68644e+2 1.05105e+0
2.90476e+2 1.10863e+0
3.14082e+2 1.17036e+0
3.39606e+2 1.23349e+0
3.67204e+2 1.30355e+0
3.97045e+2 1.37639e+0
4.29312e+2 1.45269e+0
4.64200e+2 1.53593e+0
5.01923e+2 1.62472e+0
5.42713e+2 1.72045e+0
5.86817e+2 1.82034e+0
6.34505e+2 1.92855e+0
6.86068e+2 2.04717e+0
7.41822e+2 2.17134e+0
8.02107e+2 2.30245e+0
8.67291e+2 2.44673e+0
9.37772e+2 2.60212e+0
1.01398e+3 2.76444e+0
1.09250e+3 2.93460e+0
1.15637e+3 3.06838e+0
1.23271e+3 3.22608e+0
1.37130e+3 3.51413e+0
1.45148e+3 3.67914e+0
1.53090e+3 3.84033e+0
1.60894e+3 4.00057e+0
1.69096e+3 4.16408e+0
1.77086e+3 4.32359e+0
1.85454e+3 4.49546e+0
1.94908e+3 4.68077e+0
2.04117e+3 4.85900e+0
2.12249e+3 5.02153e+0
2.20705e+3 5.18457e+0
2.29498e+3 5.34964e+0
2.37795e+3 5.51293e+0
2.46392e+3 5.68233e+0
2.55300e+3 5.84867e+0
2.64529e+3 6.02112e+0
2.74093e+3 6.20425e+0
2.84002e+3 6.39196e+0
2.93226e+3 6.56059e+0
3.01677e+3 6.71702e+0
3.10371e+3 6.88679e+0
3.19316e+3 7.05085e+0
3.28518e+3 7.21872e+0
3.37986e+3 7.40185e+0
3.47726e+3 7.57735e+0
3.57748e+3 7.75858e+0
3.66753e+3 7.92009e+0
3.77322e+3 8.10576e+0
3.86820e+3 8.29271e+0
3.98817e+3 8.49491e+0
4.10477e+3 8.67478e+0
4.16773e+3 8.83829e+0
