 #  Scattering field.
 #  All quantities in atomic units (a.u.), unless otherwise indicated.
 #  Z =  14, NELEC =  14,   projectile: electron
 #  Kinetic energy = 9.18733E+02 a.u. = 2.50000E+04 eV
 #
 #   i       r           r*V         r*Vst        r*Vex       r*Vpol       r*Wabs        rho_e
 #------------------------------------------------------------------------------------------------
     1  0.00000E+00 -0.00000E+00 -0.00000E+00  0.00000E+00  0.00000E+00  0.00000E+00  1.35879E+08
     2  1.50199E-07 -4.40756E-02 -4.38578E-02 -2.17796E-04  0.00000E+00  0.00000E+00  1.35879E+08
     3  3.04072E-07 -8.90060E-02 -8.87877E-02 -2.18339E-04  0.00000E+00  0.00000E+00  6.71186E+07
     4  4.61705E-07 -1.35033E-01 -1.34815E-01 -2.18523E-04  0.00000E+00  0.00000E+00  4.42033E+07
     5  6.23190E-07 -1.82183E-01 -1.81965E-01 -2.18618E-04  0.00000E+00  0.00000E+00  3.27490E+07
     6  7.88622E-07 -2.30483E-01 -2.30264E-01 -2.18676E-04  0.00000E+00  0.00000E+00  2.58791E+07
     7  9.58096E-07 -2.79960E-01 -2.79741E-01 -2.18718E-04  0.00000E+00  0.00000E+00  2.13014E+07
     8  1.13171E-06 -3.30642E-01 -3.30424E-01 -2.18750E-04  0.00000E+00  0.00000E+00  1.80336E+07
     9  1.30957E-06 -3.82558E-01 -3.82339E-01 -2.18777E-04  0.00000E+00  0.00000E+00  1.55843E+07
    10  1.49178E-06 -4.35736E-01 -4.35518E-01 -2.18801E-04  0.00000E+00  0.00000E+00  1.36808E+07
    11  1.67844E-06 -4.90207E-01 -4.89988E-01 -2.18823E-04  0.00000E+00  0.00000E+00  1.21594E+07
    12  1.86965E-06 -5.46000E-01 -5.45781E-01 -2.18845E-04  0.00000E+00  0.00000E+00  1.09158E+07
    13  2.06555E-06 -6.03147E-01 -6.02928E-01 -2.18867E-04  0.00000E+00  0.00000E+00  9.88052E+06
    14  2.26623E-06 -6.61679E-01 -6.61460E-01 -2.18889E-04  0.00000E+00  0.00000E+00  9.00557E+06
    15  2.47181E-06 -7.21627E-01 -7.21409E-01 -2.18912E-04  0.00000E+00  0.00000E+00  8.25655E+06
    16  2.68242E-06 -7.83026E-01 -7.82807E-01 -2.18936E-04  0.00000E+00  0.00000E+00  7.60829E+06
    17  2.89818E-06 -8.45907E-01 -8.45688E-01 -2.18961E-04  0.00000E+00  0.00000E+00  7.04188E+06
    18  3.11920E-06 -9.10306E-01 -9.10087E-01 -2.18988E-04  0.00000E+00  0.00000E+00  6.54288E+06
    19  3.34563E-06 -9.76256E-01 -9.76037E-01 -2.19017E-04  0.00000E+00  0.00000E+00  6.10006E+06
    20  3.57759E-06 -1.04379E+00 -1.04357E+00 -2.19048E-04  0.00000E+00  0.00000E+00  5.70454E+06
    21  3.81523E-06 -1.11295E+00 -1.11273E+00 -2.19082E-04  0.00000E+00  0.00000E+00  5.34922E+06
    22  4.05867E-06 -1.18377E+00 -1.18355E+00 -2.19118E-04  0.00000E+00  0.00000E+00  5.02837E+06
    23  4.30805E-06 -1.25628E+00 -1.25606E+00 -2.19156E-04  0.00000E+00  0.00000E+00  4.73728E+06
    24  4.56354E-06 -1.33053E+00 -1.33031E+00 -2.19198E-04  0.00000E+00  0.00000E+00  4.47206E+06
    25  4.82526E-06 -1.40654E+00 -1.40632E+00 -2.19243E-04  0.00000E+00  0.00000E+00  4.22949E+06
    26  5.09338E-06 -1.48437E+00 -1.48415E+00 -2.19291E-04  0.00000E+00  0.00000E+00  4.00683E+06
    27  5.36806E-06 -1.56404E+00 -1.56382E+00 -2.19343E-04  0.00000E+00  0.00000E+00  3.80181E+06
    28  5.64944E-06 -1.64561E+00 -1.64539E+00 -2.19399E-04  0.00000E+00  0.00000E+00  3.61244E+06
    29  5.93771E-06 -1.72910E+00 -1.72888E+00 -2.19459E-04  0.00000E+00  0.00000E+00  3.43706E+06
    30  6.23301E-06 -1.81455E+00 -1.81434E+00 -2.19524E-04  0.00000E+00  0.00000E+00  3.27421E+06
    31  6.53554E-06 -1.90202E+00 -1.90180E+00 -2.19593E-04  0.00000E+00  0.00000E+00  3.12265E+06
    32  6.84546E-06 -1.99154E+00 -1.99132E+00 -2.19667E-04  0.00000E+00  0.00000E+00  2.98127E+06
    33  7.16295E-06 -2.08315E+00 -2.08293E+00 -2.19746E-04  0.00000E+00  0.00000E+00  2.84912E+06
    34  7.48820E-06 -2.17689E+00 -2.17667E+00 -2.19831E-04  0.00000E+00  0.00000E+00  2.72536E+06
    35  7.82140E-06 -2.27281E+00 -2.27259E+00 -2.19922E-04  0.00000E+00  0.00000E+00  2.60926E+06
    36  8.16274E-06 -2.37094E+00 -2.37072E+00 -2.20019E-04  0.00000E+00  0.00000E+00  2.50014E+06
    37  8.51242E-06 -2.47134E+00 -2.47112E+00 -2.20123E-04  0.00000E+00  0.00000E+00  2.39743E+06
    38  8.87065E-06 -2.57403E+00 -2.57381E+00 -2.20233E-04  0.00000E+00  0.00000E+00  2.30061E+06
    39  9.23763E-06 -2.67907E+00 -2.67885E+00 -2.20352E-04  0.00000E+00  0.00000E+00  2.20921E+06
    40  9.61359E-06 -2.78650E+00 -2.78628E+00 -2.20478E-04  0.00000E+00  0.00000E+00  2.12281E+06
    41  9.99872E-06 -2.89635E+00 -2.89613E+00 -2.20613E-04  0.00000E+00  0.00000E+00  2.04104E+06
    42  1.03933E-05 -3.00867E+00 -3.00845E+00 -2.20756E-04  0.00000E+00  0.00000E+00  1.96355E+06
    43  1.07975E-05 -3.12350E+00 -3.12328E+00 -2.20909E-04  0.00000E+00  0.00000E+00  1.89004E+06
    44  1.12115E-05 -3.24088E+00 -3.24066E+00 -2.21072E-04  0.00000E+00  0.00000E+00  1.82024E+06
    45  1.16357E-05 -3.36084E+00 -3.36062E+00 -2.21245E-04  0.00000E+00  0.00000E+00  1.75387E+06
    46  1.20703E-05 -3.48344E+00 -3.48322E+00 -2.21430E-04  0.00000E+00  0.00000E+00  1.69073E+06
    47  1.25155E-05 -3.60870E+00 -3.60847E+00 -2.21626E-04  0.00000E+00  0.00000E+00  1.63058E+06
    48  1.29715E-05 -3.73665E+00 -3.73643E+00 -2.21835E-04  0.00000E+00  0.00000E+00  1.57325E+06
    49  1.34387E-05 -3.86735E+00 -3.86713E+00 -2.22057E-04  0.00000E+00  0.00000E+00  1.51855E+06
    50  1.39173E-05 -4.00081E+00 -4.00058E+00 -2.22292E-04  0.00000E+00  0.00000E+00  1.46632E+06
    51  1.44076E-05 -4.13707E+00 -4.13684E+00 -2.22543E-04  0.00000E+00  0.00000E+00  1.41642E+06
    52  1.49099E-05 -4.27615E+00 -4.27593E+00 -2.22809E-04  0.00000E+00  0.00000E+00  1.36870E+06
    53  1.54245E-05 -4.41809E+00 -4.41786E+00 -2.23092E-04  0.00000E+00  0.00000E+00  1.32303E+06
    54  1.59517E-05 -4.56290E+00 -4.56268E+00 -2.23393E-04  0.00000E+00  0.00000E+00  1.27931E+06
    55  1.64917E-05 -4.71061E+00 -4.71039E+00 -2.23712E-04  0.00000E+00  0.00000E+00  1.23741E+06
    56  1.70449E-05 -4.86123E+00 -4.86101E+00 -2.24050E-04  0.00000E+00  0.00000E+00  1.19725E+06
    57  1.76117E-05 -5.01478E+00 -5.01456E+00 -2.24410E-04  0.00000E+00  0.00000E+00  1.15872E+06
    58  1.81923E-05 -5.17126E+00 -5.17104E+00 -2.24791E-04  0.00000E+00  0.00000E+00  1.12173E+06
    59  1.87870E-05 -5.33068E+00 -5.33046E+00 -2.25196E-04  0.00000E+00  0.00000E+00  1.08621E+06
    60  1.93964E-05 -5.49304E+00 -5.49281E+00 -2.25626E-04  0.00000E+00  0.00000E+00  1.05209E+06
    61  2.00206E-05 -5.65832E+00 -5.65809E+00 -2.26082E-04  0.00000E+00  0.00000E+00  1.01928E+06
    62  2.06600E-05 -5.82652E+00 -5.82629E+00 -2.26566E-04  0.00000E+00  0.00000E+00  9.87730E+05
    63  2.13151E-05 -5.99761E+00 -5.99738E+00 -2.27079E-04  0.00000E+00  0.00000E+00  9.57370E+05
    64  2.19862E-05 -6.17156E+00 -6.17133E+00 -2.27624E-04  0.00000E+00  0.00000E+00  9.28144E+05
    65  2.26737E-05 -6.34835E+00 -6.34812E+00 -2.28202E-04  0.00000E+00  0.00000E+00  8.99998E+05
    66  2.33780E-05 -6.52792E+00 -6.52769E+00 -2.28815E-04  0.00000E+00  0.00000E+00  8.72881E+05
    67  2.40995E-05 -6.71021E+00 -6.70998E+00 -2.29466E-04  0.00000E+00  0.00000E+00  8.46744E+05
    68  2.48387E-05 -6.89517E+00 -6.89494E+00 -2.30156E-04  0.00000E+00  0.00000E+00  8.21543E+05
    69  2.55959E-05 -7.08271E+00 -7.08248E+00 -2.30889E-04  0.00000E+00  0.00000E+00  7.97236E+05
    70  2.63716E-05 -7.27274E+00 -7.27251E+00 -2.31667E-04  0.00000E+00  0.00000E+00  7.73782E+05
    71  2.71663E-05 -7.46517E+00 -7.46493E+00 -2.32492E-04  0.00000E+00  0.00000E+00  7.51144E+05
    72  2.79804E-05 -7.65986E+00 -7.65963E+00 -2.33369E-04  0.00000E+00  0.00000E+00  7.29286E+05
    73  2.88144E-05 -7.85670E+00 -7.85646E+00 -2.34300E-04  0.00000E+00  0.00000E+00  7.08175E+05
    74  2.96687E-05 -8.05552E+00 -8.05529E+00 -2.35288E-04  0.00000E+00  0.00000E+00  6.87778E+05
    75  3.05440E-05 -8.25616E+00 -8.25593E+00 -2.36337E-04  0.00000E+00  0.00000E+00  6.68066E+05
    76  3.14406E-05 -8.45844E+00 -8.45820E+00 -2.37452E-04  0.00000E+00  0.00000E+00  6.49011E+05
    77  3.23591E-05 -8.66214E+00 -8.66190E+00 -2.38637E-04  0.00000E+00  0.00000E+00  6.30585E+05
    78  3.33001E-05 -8.86703E+00 -8.86679E+00 -2.39896E-04  0.00000E+00  0.00000E+00  6.12762E+05
    79  3.42641E-05 -9.07288E+00 -9.07263E+00 -2.41235E-04  0.00000E+00  0.00000E+00  5.95520E+05
    80  3.52517E-05 -9.27939E+00 -9.27914E+00 -2.42657E-04  0.00000E+00  0.00000E+00  5.78833E+05
    81  3.62634E-05 -9.48627E+00 -9.48602E+00 -2.44171E-04  0.00000E+00  0.00000E+00  5.62682E+05
    82  3.72998E-05 -9.69319E+00 -9.69295E+00 -2.45780E-04  0.00000E+00  0.00000E+00  5.47044E+05
    83  3.83615E-05 -9.89981E+00 -9.89956E+00 -2.47493E-04  0.00000E+00  0.00000E+00  5.31900E+05
    84  3.94492E-05 -1.01057E+01 -1.01055E+01 -2.49316E-04  0.00000E+00  0.00000E+00  5.17232E+05
    85  4.05634E-05 -1.03106E+01 -1.03103E+01 -2.51256E-04  0.00000E+00  0.00000E+00  5.03020E+05
    86  4.17049E-05 -1.05139E+01 -1.05136E+01 -2.53322E-04  0.00000E+00  0.00000E+00  4.89249E+05
    87  4.28743E-05 -1.07152E+01 -1.07150E+01 -2.55521E-04  0.00000E+00  0.00000E+00  4.75902E+05
    88  4.40723E-05 -1.09141E+01 -1.09139E+01 -2.57864E-04  0.00000E+00  0.00000E+00  4.62963E+05
    89  4.52995E-05 -1.11100E+01 -1.11098E+01 -2.60360E-04  0.00000E+00  0.00000E+00  4.50417E+05
    90  4.65567E-05 -1.13024E+01 -1.13022E+01 -2.63018E-04  0.00000E+00  0.00000E+00  4.38251E+05
    91  4.78447E-05 -1.14908E+01 -1.14905E+01 -2.65850E-04  0.00000E+00  0.00000E+00  4.26451E+05
    92  4.91641E-05 -1.16746E+01 -1.16743E+01 -2.68867E-04  0.00000E+00  0.00000E+00  4.15003E+05
    93  5.05158E-05 -1.18532E+01 -1.18530E+01 -2.72080E-04  0.00000E+00  0.00000E+00  4.03895E+05
    94  5.19005E-05 -1.20262E+01 -1.20259E+01 -2.75502E-04  0.00000E+00  0.00000E+00  3.93116E+05
    95  5.33190E-05 -1.21929E+01 -1.21927E+01 -2.79144E-04  0.00000E+00  0.00000E+00  3.82654E+05
    96  5.47722E-05 -1.23529E+01 -1.23526E+01 -2.83020E-04  0.00000E+00  0.00000E+00  3.72499E+05
    97  5.62609E-05 -1.25057E+01 -1.25054E+01 -2.87142E-04  0.00000E+00  0.00000E+00  3.62639E+05
    98  5.77860E-05 -1.26508E+01 -1.26505E+01 -2.91522E-04  0.00000E+00  0.00000E+00  3.53065E+05
    99  5.93484E-05 -1.27878E+01 -1.27875E+01 -2.96172E-04  0.00000E+00  0.00000E+00  3.43767E+05
   100  6.09490E-05 -1.29165E+01 -1.29162E+01 -3.01105E-04  0.00000E+00  0.00000E+00  3.34737E+05
   101  6.25886E-05 -1.30366E+01 -1.30363E+01 -3.06331E-04  0.00000E+00  0.00000E+00  3.25965E+05
   102  6.42684E-05 -1.31479E+01 -1.31476E+01 -3.11859E-04  0.00000E+00  0.00000E+00  3.17442E+05
   103  6.59892E-05 -1.32505E+01 -1.32502E+01 -3.17699E-04  0.00000E+00  0.00000E+00  3.09161E+05
   104  6.77520E-05 -1.33444E+01 -1.33440E+01 -3.23860E-04  0.00000E+00  0.00000E+00  3.01114E+05
   105  6.95579E-05 -1.34297E+01 -1.34293E+01 -3.30346E-04  0.00000E+00  0.00000E+00  2.93293E+05
   106  7.14080E-05 -1.35066E+01 -1.35063E+01 -3.37162E-04  0.00000E+00  0.00000E+00  2.85692E+05
   107  7.33032E-05 -1.35755E+01 -1.35752E+01 -3.44314E-04  0.00000E+00  0.00000E+00  2.78302E+05
   108  7.52448E-05 -1.36368E+01 -1.36365E+01 -3.51802E-04  0.00000E+00  0.00000E+00  2.71118E+05
   109  7.72338E-05 -1.36910E+01 -1.36906E+01 -3.59628E-04  0.00000E+00  0.00000E+00  2.64133E+05
   110  7.92715E-05 -1.37384E+01 -1.37381E+01 -3.67792E-04  0.00000E+00  0.00000E+00  2.57340E+05
   111  8.13589E-05 -1.37798E+01 -1.37794E+01 -3.76293E-04  0.00000E+00  0.00000E+00  2.50735E+05
   112  8.34973E-05 -1.38155E+01 -1.38151E+01 -3.85130E-04  0.00000E+00  0.00000E+00  2.44310E+05
   113  8.56880E-05 -1.38462E+01 -1.38458E+01 -3.94300E-04  0.00000E+00  0.00000E+00  2.38061E+05
   114  8.79323E-05 -1.38723E+01 -1.38719E+01 -4.03802E-04  0.00000E+00  0.00000E+00  2.31982E+05
   115  9.02313E-05 -1.38945E+01 -1.38941E+01 -4.13633E-04  0.00000E+00  0.00000E+00  2.26069E+05
   116  9.25866E-05 -1.39132E+01 -1.39127E+01 -4.23792E-04  0.00000E+00  0.00000E+00  2.20315E+05
   117  9.49994E-05 -1.39287E+01 -1.39283E+01 -4.34277E-04  0.00000E+00  0.00000E+00  2.14716E+05
   118  9.74712E-05 -1.39416E+01 -1.39412E+01 -4.45086E-04  0.00000E+00  0.00000E+00  2.09268E+05
   119  1.00003E-04 -1.39523E+01 -1.39518E+01 -4.56218E-04  0.00000E+00  0.00000E+00  2.03967E+05
   120  1.02597E-04 -1.39610E+01 -1.39605E+01 -4.67674E-04  0.00000E+00  0.00000E+00  1.98807E+05
   121  1.05255E-04 -1.39681E+01 -1.39676E+01 -4.79454E-04  0.00000E+00  0.00000E+00  1.93784E+05
   122  1.07977E-04 -1.39738E+01 -1.39733E+01 -4.91559E-04  0.00000E+00  0.00000E+00  1.88895E+05
   123  1.10766E-04 -1.39783E+01 -1.39778E+01 -5.03990E-04  0.00000E+00  0.00000E+00  1.84136E+05
   124  1.13623E-04 -1.39819E+01 -1.39814E+01 -5.16751E-04  0.00000E+00  0.00000E+00  1.79503E+05
   125  1.16550E-04 -1.39848E+01 -1.39842E+01 -5.29843E-04  0.00000E+00  0.00000E+00  1.74993E+05
   126  1.19549E-04 -1.39870E+01 -1.39864E+01 -5.43271E-04  0.00000E+00  0.00000E+00  1.70601E+05
   127  1.22620E-04 -1.39887E+01 -1.39881E+01 -5.57040E-04  0.00000E+00  0.00000E+00  1.66324E+05
   128  1.25767E-04 -1.39899E+01 -1.39894E+01 -5.71153E-04  0.00000E+00  0.00000E+00  1.62160E+05
   129  1.28991E-04 -1.39909E+01 -1.39903E+01 -5.85617E-04  0.00000E+00  0.00000E+00  1.58104E+05
   130  1.32293E-04 -1.39916E+01 -1.39910E+01 -6.00438E-04  0.00000E+00  0.00000E+00  1.54155E+05
   131  1.35676E-04 -1.39920E+01 -1.39914E+01 -6.15621E-04  0.00000E+00  0.00000E+00  1.50308E+05
   132  1.39142E-04 -1.39924E+01 -1.39917E+01 -6.31174E-04  0.00000E+00  0.00000E+00  1.46561E+05
   133  1.42693E-04 -1.39925E+01 -1.39919E+01 -6.47105E-04  0.00000E+00  0.00000E+00  1.42911E+05
   134  1.46330E-04 -1.39926E+01 -1.39920E+01 -6.63421E-04  0.00000E+00  0.00000E+00  1.39356E+05
   135  1.50056E-04 -1.39927E+01 -1.39920E+01 -6.80130E-04  0.00000E+00  0.00000E+00  1.35893E+05
   136  1.53874E-04 -1.39926E+01 -1.39919E+01 -6.97241E-04  0.00000E+00  0.00000E+00  1.32519E+05
   137  1.57784E-04 -1.39926E+01 -1.39918E+01 -7.14763E-04  0.00000E+00  0.00000E+00  1.29231E+05
   138  1.61790E-04 -1.39924E+01 -1.39917E+01 -7.32704E-04  0.00000E+00  0.00000E+00  1.26029E+05
   139  1.65894E-04 -1.39923E+01 -1.39916E+01 -7.51074E-04  0.00000E+00  0.00000E+00  1.22908E+05
   140  1.70098E-04 -1.39922E+01 -1.39914E+01 -7.69884E-04  0.00000E+00  0.00000E+00  1.19867E+05
   141  1.74405E-04 -1.39920E+01 -1.39912E+01 -7.89142E-04  0.00000E+00  0.00000E+00  1.16904E+05
   142  1.78818E-04 -1.39918E+01 -1.39910E+01 -8.08859E-04  0.00000E+00  0.00000E+00  1.14017E+05
   143  1.83338E-04 -1.39916E+01 -1.39908E+01 -8.29046E-04  0.00000E+00  0.00000E+00  1.11203E+05
   144  1.87968E-04 -1.39914E+01 -1.39906E+01 -8.49714E-04  0.00000E+00  0.00000E+00  1.08461E+05
   145  1.92712E-04 -1.39912E+01 -1.39903E+01 -8.70873E-04  0.00000E+00  0.00000E+00  1.05788E+05
   146  1.97572E-04 -1.39910E+01 -1.39901E+01 -8.92535E-04  0.00000E+00  0.00000E+00  1.03183E+05
   147  2.02550E-04 -1.39907E+01 -1.39898E+01 -9.14711E-04  0.00000E+00  0.00000E+00  1.00644E+05
   148  2.07650E-04 -1.39905E+01 -1.39896E+01 -9.37414E-04  0.00000E+00  0.00000E+00  9.81694E+04
   149  2.12875E-04 -1.39903E+01 -1.39893E+01 -9.60655E-04  0.00000E+00  0.00000E+00  9.57571E+04
   150  2.18227E-04 -1.39900E+01 -1.39890E+01 -9.84446E-04  0.00000E+00  0.00000E+00  9.34057E+04
   151  2.23710E-04 -1.39898E+01 -1.39888E+01 -1.00880E-03  0.00000E+00  0.00000E+00  9.11135E+04
   152  2.29327E-04 -1.39895E+01 -1.39885E+01 -1.03373E-03  0.00000E+00  0.00000E+00  8.88789E+04
   153  2.35082E-04 -1.39893E+01 -1.39882E+01 -1.05925E-03  0.00000E+00  0.00000E+00  8.67005E+04
   154  2.40977E-04 -1.39890E+01 -1.39879E+01 -1.08537E-03  0.00000E+00  0.00000E+00  8.45767E+04
   155  2.47016E-04 -1.39887E+01 -1.39876E+01 -1.11211E-03  0.00000E+00  0.00000E+00  8.25061E+04
   156  2.53203E-04 -1.39884E+01 -1.39873E+01 -1.13948E-03  0.00000E+00  0.00000E+00  8.04874E+04
   157  2.59540E-04 -1.39881E+01 -1.39870E+01 -1.16750E-03  0.00000E+00  0.00000E+00  7.85191E+04
   158  2.66033E-04 -1.39878E+01 -1.39867E+01 -1.19617E-03  0.00000E+00  0.00000E+00  7.65999E+04
   159  2.72685E-04 -1.39875E+01 -1.39863E+01 -1.22552E-03  0.00000E+00  0.00000E+00  7.47287E+04
   160  2.79498E-04 -1.39872E+01 -1.39860E+01 -1.25556E-03  0.00000E+00  0.00000E+00  7.29040E+04
   161  2.86479E-04 -1.39869E+01 -1.39856E+01 -1.28630E-03  0.00000E+00  0.00000E+00  7.11248E+04
   162  2.93630E-04 -1.39866E+01 -1.39853E+01 -1.31776E-03  0.00000E+00  0.00000E+00  6.93898E+04
   163  3.00956E-04 -1.39863E+01 -1.39849E+01 -1.34996E-03  0.00000E+00  0.00000E+00  6.76979E+04
   164  3.08461E-04 -1.39859E+01 -1.39845E+01 -1.38291E-03  0.00000E+00  0.00000E+00  6.60480E+04
   165  3.16149E-04 -1.39856E+01 -1.39841E+01 -1.41664E-03  0.00000E+00  0.00000E+00  6.44391E+04
   166  3.24025E-04 -1.39852E+01 -1.39837E+01 -1.45115E-03  0.00000E+00  0.00000E+00  6.28699E+04
   167  3.32093E-04 -1.39848E+01 -1.39833E+01 -1.48646E-03  0.00000E+00  0.00000E+00  6.13396E+04
   168  3.40359E-04 -1.39845E+01 -1.39829E+01 -1.52260E-03  0.00000E+00  0.00000E+00  5.98472E+04
   169  3.48827E-04 -1.39841E+01 -1.39825E+01 -1.55958E-03  0.00000E+00  0.00000E+00  5.83916E+04
   170  3.57501E-04 -1.39837E+01 -1.39821E+01 -1.59742E-03  0.00000E+00  0.00000E+00  5.69719E+04
   171  3.66388E-04 -1.39833E+01 -1.39816E+01 -1.63613E-03  0.00000E+00  0.00000E+00  5.55873E+04
   172  3.75492E-04 -1.39828E+01 -1.39812E+01 -1.67575E-03  0.00000E+00  0.00000E+00  5.42368E+04
   173  3.84818E-04 -1.39824E+01 -1.39807E+01 -1.71628E-03  0.00000E+00  0.00000E+00  5.29195E+04
   174  3.94372E-04 -1.39820E+01 -1.39802E+01 -1.75774E-03  0.00000E+00  0.00000E+00  5.16347E+04
   175  4.04159E-04 -1.39815E+01 -1.39797E+01 -1.80017E-03  0.00000E+00  0.00000E+00  5.03815E+04
   176  4.14186E-04 -1.39811E+01 -1.39792E+01 -1.84357E-03  0.00000E+00  0.00000E+00  4.91590E+04
   177  4.24458E-04 -1.39806E+01 -1.39787E+01 -1.88797E-03  0.00000E+00  0.00000E+00  4.79666E+04
   178  4.34981E-04 -1.39801E+01 -1.39782E+01 -1.93340E-03  0.00000E+00  0.00000E+00  4.68034E+04
   179  4.45761E-04 -1.39796E+01 -1.39776E+01 -1.97986E-03  0.00000E+00  0.00000E+00  4.56688E+04
   180  4.56804E-04 -1.39791E+01 -1.39771E+01 -2.02739E-03  0.00000E+00  0.00000E+00  4.45619E+04
   181  4.68117E-04 -1.39786E+01 -1.39765E+01 -2.07601E-03  0.00000E+00  0.00000E+00  4.34822E+04
   182  4.79707E-04 -1.39781E+01 -1.39759E+01 -2.12574E-03  0.00000E+00  0.00000E+00  4.24288E+04
   183  4.91580E-04 -1.39775E+01 -1.39754E+01 -2.17660E-03  0.00000E+00  0.00000E+00  4.14013E+04
   184  5.03743E-04 -1.39770E+01 -1.39747E+01 -2.22862E-03  0.00000E+00  0.00000E+00  4.03989E+04
   185  5.16203E-04 -1.39764E+01 -1.39741E+01 -2.28182E-03  0.00000E+00  0.00000E+00  3.94209E+04
   186  5.28968E-04 -1.39758E+01 -1.39735E+01 -2.33623E-03  0.00000E+00  0.00000E+00  3.84669E+04
   187  5.42044E-04 -1.39752E+01 -1.39728E+01 -2.39187E-03  0.00000E+00  0.00000E+00  3.75361E+04
   188  5.55440E-04 -1.39746E+01 -1.39722E+01 -2.44877E-03  0.00000E+00  0.00000E+00  3.66280E+04
   189  5.69164E-04 -1.39740E+01 -1.39715E+01 -2.50695E-03  0.00000E+00  0.00000E+00  3.57420E+04
   190  5.83223E-04 -1.39733E+01 -1.39708E+01 -2.56644E-03  0.00000E+00  0.00000E+00  3.48777E+04
   191  5.97625E-04 -1.39727E+01 -1.39700E+01 -2.62727E-03  0.00000E+00  0.00000E+00  3.40344E+04
   192  6.12379E-04 -1.39720E+01 -1.39693E+01 -2.68947E-03  0.00000E+00  0.00000E+00  3.32116E+04
   193  6.27494E-04 -1.39713E+01 -1.39685E+01 -2.75305E-03  0.00000E+00  0.00000E+00  3.24088E+04
   194  6.42978E-04 -1.39706E+01 -1.39678E+01 -2.81805E-03  0.00000E+00  0.00000E+00  3.16256E+04
   195  6.58841E-04 -1.39699E+01 -1.39670E+01 -2.88451E-03  0.00000E+00  0.00000E+00  3.08613E+04
   196  6.75091E-04 -1.39691E+01 -1.39662E+01 -2.95243E-03  0.00000E+00  0.00000E+00  3.01157E+04
   197  6.91738E-04 -1.39684E+01 -1.39653E+01 -3.02187E-03  0.00000E+00  0.00000E+00  2.93882E+04
   198  7.08792E-04 -1.39676E+01 -1.39645E+01 -3.09284E-03  0.00000E+00  0.00000E+00  2.86783E+04
   199  7.26263E-04 -1.39668E+01 -1.39636E+01 -3.16538E-03  0.00000E+00  0.00000E+00  2.79856E+04
   200  7.44161E-04 -1.39660E+01 -1.39627E+01 -3.23951E-03  0.00000E+00  0.00000E+00  2.73098E+04
   201  7.62496E-04 -1.39651E+01 -1.39618E+01 -3.31527E-03  0.00000E+00  0.00000E+00  2.66503E+04
   202  7.81279E-04 -1.39642E+01 -1.39609E+01 -3.39269E-03  0.00000E+00  0.00000E+00  2.60068E+04
   203  8.00521E-04 -1.39634E+01 -1.39599E+01 -3.47180E-03  0.00000E+00  0.00000E+00  2.53789E+04
   204  8.20233E-04 -1.39625E+01 -1.39589E+01 -3.55263E-03  0.00000E+00  0.00000E+00  2.47662E+04
   205  8.40427E-04 -1.39615E+01 -1.39579E+01 -3.63522E-03  0.00000E+00  0.00000E+00  2.41684E+04
   206  8.61114E-04 -1.39606E+01 -1.39569E+01 -3.71959E-03  0.00000E+00  0.00000E+00  2.35850E+04
   207  8.82307E-04 -1.39596E+01 -1.39558E+01 -3.80578E-03  0.00000E+00  0.00000E+00  2.30157E+04
   208  9.04017E-04 -1.39586E+01 -1.39547E+01 -3.89383E-03  0.00000E+00  0.00000E+00  2.24602E+04
   209  9.26258E-04 -1.39576E+01 -1.39536E+01 -3.98377E-03  0.00000E+00  0.00000E+00  2.19181E+04
   210  9.49043E-04 -1.39565E+01 -1.39525E+01 -4.07563E-03  0.00000E+00  0.00000E+00  2.13892E+04
   211  9.72384E-04 -1.39555E+01 -1.39513E+01 -4.16945E-03  0.00000E+00  0.00000E+00  2.08730E+04
   212  9.96296E-04 -1.39544E+01 -1.39501E+01 -4.26526E-03  0.00000E+00  0.00000E+00  2.03692E+04
   213  1.02079E-03 -1.39533E+01 -1.39489E+01 -4.36310E-03  0.00000E+00  0.00000E+00  1.98777E+04
   214  1.04589E-03 -1.39521E+01 -1.39476E+01 -4.46300E-03  0.00000E+00  0.00000E+00  1.93980E+04
   215  1.07159E-03 -1.39509E+01 -1.39464E+01 -4.56499E-03  0.00000E+00  0.00000E+00  1.89299E+04
   216  1.09793E-03 -1.39497E+01 -1.39450E+01 -4.66912E-03  0.00000E+00  0.00000E+00  1.84730E+04
   217  1.12491E-03 -1.39485E+01 -1.39437E+01 -4.77543E-03  0.00000E+00  0.00000E+00  1.80272E+04
   218  1.15255E-03 -1.39472E+01 -1.39423E+01 -4.88394E-03  0.00000E+00  0.00000E+00  1.75922E+04
   219  1.18086E-03 -1.39459E+01 -1.39409E+01 -4.99469E-03  0.00000E+00  0.00000E+00  1.71676E+04
   220  1.20987E-03 -1.39446E+01 -1.39394E+01 -5.10772E-03  0.00000E+00  0.00000E+00  1.67533E+04
   221  1.23958E-03 -1.39432E+01 -1.39380E+01 -5.22308E-03  0.00000E+00  0.00000E+00  1.63489E+04
   222  1.27002E-03 -1.39418E+01 -1.39364E+01 -5.34078E-03  0.00000E+00  0.00000E+00  1.59543E+04
   223  1.30120E-03 -1.39404E+01 -1.39349E+01 -5.46088E-03  0.00000E+00  0.00000E+00  1.55692E+04
   224  1.33315E-03 -1.39389E+01 -1.39333E+01 -5.58341E-03  0.00000E+00  0.00000E+00  1.51933E+04
   225  1.36588E-03 -1.39374E+01 -1.39317E+01 -5.70840E-03  0.00000E+00  0.00000E+00  1.48266E+04
   226  1.39940E-03 -1.39358E+01 -1.39300E+01 -5.83590E-03  0.00000E+00  0.00000E+00  1.44686E+04
   227  1.43375E-03 -1.39343E+01 -1.39283E+01 -5.96593E-03  0.00000E+00  0.00000E+00  1.41193E+04
   228  1.46893E-03 -1.39326E+01 -1.39265E+01 -6.09855E-03  0.00000E+00  0.00000E+00  1.37783E+04
   229  1.50498E-03 -1.39310E+01 -1.39247E+01 -6.23378E-03  0.00000E+00  0.00000E+00  1.34456E+04
   230  1.54190E-03 -1.39293E+01 -1.39229E+01 -6.37167E-03  0.00000E+00  0.00000E+00  1.31208E+04
   231  1.57973E-03 -1.39275E+01 -1.39210E+01 -6.51224E-03  0.00000E+00  0.00000E+00  1.28039E+04
   232  1.61848E-03 -1.39257E+01 -1.39191E+01 -6.65554E-03  0.00000E+00  0.00000E+00  1.24946E+04
   233  1.65818E-03 -1.39239E+01 -1.39171E+01 -6.80161E-03  0.00000E+00  0.00000E+00  1.21927E+04
   234  1.69884E-03 -1.39220E+01 -1.39151E+01 -6.95047E-03  0.00000E+00  0.00000E+00  1.18981E+04
   235  1.74050E-03 -1.39201E+01 -1.39130E+01 -7.10217E-03  0.00000E+00  0.00000E+00  1.16105E+04
   236  1.78318E-03 -1.39181E+01 -1.39109E+01 -7.25675E-03  0.00000E+00  0.00000E+00  1.13299E+04
   237  1.82691E-03 -1.39161E+01 -1.39087E+01 -7.41423E-03  0.00000E+00  0.00000E+00  1.10560E+04
   238  1.87170E-03 -1.39141E+01 -1.39065E+01 -7.57465E-03  0.00000E+00  0.00000E+00  1.07887E+04
   239  1.91758E-03 -1.39119E+01 -1.39042E+01 -7.73804E-03  0.00000E+00  0.00000E+00  1.05278E+04
   240  1.96459E-03 -1.39098E+01 -1.39019E+01 -7.90445E-03  0.00000E+00  0.00000E+00  1.02732E+04
   241  2.01274E-03 -1.39075E+01 -1.38995E+01 -8.07390E-03  0.00000E+00  0.00000E+00  1.00247E+04
   242  2.06207E-03 -1.39053E+01 -1.38970E+01 -8.24642E-03  0.00000E+00  0.00000E+00  9.78210E+03
   243  2.11260E-03 -1.39029E+01 -1.38945E+01 -8.42206E-03  0.00000E+00  0.00000E+00  9.54536E+03
   244  2.16437E-03 -1.39005E+01 -1.38919E+01 -8.60083E-03  0.00000E+00  0.00000E+00  9.31431E+03
   245  2.21741E-03 -1.38981E+01 -1.38893E+01 -8.78277E-03  0.00000E+00  0.00000E+00  9.08880E+03
   246  2.27174E-03 -1.38956E+01 -1.38866E+01 -8.96790E-03  0.00000E+00  0.00000E+00  8.86870E+03
   247  2.32740E-03 -1.38930E+01 -1.38839E+01 -9.15627E-03  0.00000E+00  0.00000E+00  8.65388E+03
   248  2.38441E-03 -1.38904E+01 -1.38810E+01 -9.34789E-03  0.00000E+00  0.00000E+00  8.44421E+03
   249  2.44282E-03 -1.38877E+01 -1.38781E+01 -9.54279E-03  0.00000E+00  0.00000E+00  8.23957E+03
   250  2.50266E-03 -1.38849E+01 -1.38752E+01 -9.74099E-03  0.00000E+00  0.00000E+00  8.03983E+03
   251  2.56396E-03 -1.38821E+01 -1.38721E+01 -9.94252E-03  0.00000E+00  0.00000E+00  7.84489E+03
   252  2.62675E-03 -1.38792E+01 -1.38690E+01 -1.01474E-02  0.00000E+00  0.00000E+00  7.65462E+03
   253  2.69108E-03 -1.38762E+01 -1.38658E+01 -1.03557E-02  0.00000E+00  0.00000E+00  7.46890E+03
   254  2.75699E-03 -1.38731E+01 -1.38626E+01 -1.05673E-02  0.00000E+00  0.00000E+00  7.28764E+03
   255  2.82450E-03 -1.38700E+01 -1.38592E+01 -1.07824E-02  0.00000E+00  0.00000E+00  7.11073E+03
   256  2.89366E-03 -1.38668E+01 -1.38558E+01 -1.10009E-02  0.00000E+00  0.00000E+00  6.93805E+03
   257  2.96451E-03 -1.38635E+01 -1.38523E+01 -1.12228E-02  0.00000E+00  0.00000E+00  6.76951E+03
   258  3.03709E-03 -1.38602E+01 -1.38487E+01 -1.14482E-02  0.00000E+00  0.00000E+00  6.60501E+03
   259  3.11144E-03 -1.38567E+01 -1.38450E+01 -1.16770E-02  0.00000E+00  0.00000E+00  6.44446E+03
   260  3.18761E-03 -1.38532E+01 -1.38413E+01 -1.19094E-02  0.00000E+00  0.00000E+00  6.28774E+03
   261  3.26564E-03 -1.38496E+01 -1.38374E+01 -1.21452E-02  0.00000E+00  0.00000E+00  6.13478E+03
   262  3.34558E-03 -1.38459E+01 -1.38335E+01 -1.23845E-02  0.00000E+00  0.00000E+00  5.98549E+03
   263  3.42747E-03 -1.38421E+01 -1.38294E+01 -1.26272E-02  0.00000E+00  0.00000E+00  5.83977E+03
   264  3.51135E-03 -1.38382E+01 -1.38253E+01 -1.28735E-02  0.00000E+00  0.00000E+00  5.69754E+03
   265  3.59729E-03 -1.38342E+01 -1.38211E+01 -1.31233E-02  0.00000E+00  0.00000E+00  5.55871E+03
   266  3.68533E-03 -1.38301E+01 -1.38167E+01 -1.33766E-02  0.00000E+00  0.00000E+00  5.42321E+03
   267  3.77552E-03 -1.38259E+01 -1.38123E+01 -1.36333E-02  0.00000E+00  0.00000E+00  5.29096E+03
   268  3.86791E-03 -1.38216E+01 -1.38077E+01 -1.38935E-02  0.00000E+00  0.00000E+00  5.16187E+03
   269  3.96255E-03 -1.38172E+01 -1.38031E+01 -1.41572E-02  0.00000E+00  0.00000E+00  5.03587E+03
   270  4.05951E-03 -1.38127E+01 -1.37983E+01 -1.44243E-02  0.00000E+00  0.00000E+00  4.91289E+03
   271  4.15884E-03 -1.38081E+01 -1.37934E+01 -1.46948E-02  0.00000E+00  0.00000E+00  4.79285E+03
   272  4.26059E-03 -1.38034E+01 -1.37884E+01 -1.49688E-02  0.00000E+00  0.00000E+00  4.67569E+03
   273  4.36483E-03 -1.37985E+01 -1.37833E+01 -1.52461E-02  0.00000E+00  0.00000E+00  4.56133E+03
   274  4.47161E-03 -1.37936E+01 -1.37781E+01 -1.55267E-02  0.00000E+00  0.00000E+00  4.44970E+03
   275  4.58100E-03 -1.37885E+01 -1.37727E+01 -1.58107E-02  0.00000E+00  0.00000E+00  4.34075E+03
   276  4.69306E-03 -1.37833E+01 -1.37672E+01 -1.60980E-02  0.00000E+00  0.00000E+00  4.23441E+03
   277  4.80786E-03 -1.37780E+01 -1.37616E+01 -1.63886E-02  0.00000E+00  0.00000E+00  4.13061E+03
   278  4.92546E-03 -1.37725E+01 -1.37558E+01 -1.66824E-02  0.00000E+00  0.00000E+00  4.02930E+03
   279  5.04593E-03 -1.37669E+01 -1.37499E+01 -1.69793E-02  0.00000E+00  0.00000E+00  3.93041E+03
   280  5.16935E-03 -1.37612E+01 -1.37439E+01 -1.72793E-02  0.00000E+00  0.00000E+00  3.83389E+03
   281  5.29578E-03 -1.37553E+01 -1.37377E+01 -1.75825E-02  0.00000E+00  0.00000E+00  3.73967E+03
   282  5.42529E-03 -1.37493E+01 -1.37314E+01 -1.78886E-02  0.00000E+00  0.00000E+00  3.64771E+03
   283  5.55797E-03 -1.37431E+01 -1.37249E+01 -1.81978E-02  0.00000E+00  0.00000E+00  3.55796E+03
   284  5.69389E-03 -1.37368E+01 -1.37183E+01 -1.85098E-02  0.00000E+00  0.00000E+00  3.47035E+03
   285  5.83313E-03 -1.37303E+01 -1.37115E+01 -1.88246E-02  0.00000E+00  0.00000E+00  3.38483E+03
   286  5.97577E-03 -1.37237E+01 -1.37045E+01 -1.91422E-02  0.00000E+00  0.00000E+00  3.30137E+03
   287  6.12189E-03 -1.37169E+01 -1.36974E+01 -1.94625E-02  0.00000E+00  0.00000E+00  3.21990E+03
   288  6.27157E-03 -1.37099E+01 -1.36901E+01 -1.97855E-02  0.00000E+00  0.00000E+00  3.14038E+03
   289  6.42492E-03 -1.37028E+01 -1.36827E+01 -2.01109E-02  0.00000E+00  0.00000E+00  3.06276E+03
   290  6.58200E-03 -1.36955E+01 -1.36751E+01 -2.04388E-02  0.00000E+00  0.00000E+00  2.98700E+03
   291  6.74292E-03 -1.36880E+01 -1.36672E+01 -2.07690E-02  0.00000E+00  0.00000E+00  2.91306E+03
   292  6.90777E-03 -1.36804E+01 -1.36593E+01 -2.11016E-02  0.00000E+00  0.00000E+00  2.84088E+03
   293  7.07665E-03 -1.36725E+01 -1.36511E+01 -2.14362E-02  0.00000E+00  0.00000E+00  2.77043E+03
   294  7.24964E-03 -1.36645E+01 -1.36427E+01 -2.17730E-02  0.00000E+00  0.00000E+00  2.70167E+03
   295  7.42686E-03 -1.36562E+01 -1.36341E+01 -2.21117E-02  0.00000E+00  0.00000E+00  2.63455E+03
   296  7.60841E-03 -1.36478E+01 -1.36254E+01 -2.24522E-02  0.00000E+00  0.00000E+00  2.56904E+03
   297  7.79438E-03 -1.36392E+01 -1.36164E+01 -2.27945E-02  0.00000E+00  0.00000E+00  2.50510E+03
   298  7.98490E-03 -1.36303E+01 -1.36072E+01 -2.31384E-02  0.00000E+00  0.00000E+00  2.44268E+03
   299  8.18007E-03 -1.36213E+01 -1.35978E+01 -2.34837E-02  0.00000E+00  0.00000E+00  2.38177E+03
   300  8.38000E-03 -1.36120E+01 -1.35882E+01 -2.38305E-02  0.00000E+00  0.00000E+00  2.32231E+03
   301  8.58481E-03 -1.36025E+01 -1.35783E+01 -2.41784E-02  0.00000E+00  0.00000E+00  2.26427E+03
   302  8.79462E-03 -1.35928E+01 -1.35682E+01 -2.45275E-02  0.00000E+00  0.00000E+00  2.20762E+03
   303  9.00955E-03 -1.35828E+01 -1.35579E+01 -2.48775E-02  0.00000E+00  0.00000E+00  2.15233E+03
   304  9.22972E-03 -1.35726E+01 -1.35474E+01 -2.52284E-02  0.00000E+00  0.00000E+00  2.09837E+03
   305  9.45527E-03 -1.35622E+01 -1.35366E+01 -2.55799E-02  0.00000E+00  0.00000E+00  2.04569E+03
   306  9.68632E-03 -1.35515E+01 -1.35255E+01 -2.59320E-02  0.00000E+00  0.00000E+00  1.99428E+03
   307  9.92301E-03 -1.35405E+01 -1.35142E+01 -2.62844E-02  0.00000E+00  0.00000E+00  1.94410E+03
   308  1.01655E-02 -1.35293E+01 -1.35027E+01 -2.66370E-02  0.00000E+00  0.00000E+00  1.89512E+03
   309  1.04139E-02 -1.35178E+01 -1.34908E+01 -2.69897E-02  0.00000E+00  0.00000E+00  1.84732E+03
   310  1.06683E-02 -1.35061E+01 -1.34787E+01 -2.73422E-02  0.00000E+00  0.00000E+00  1.80066E+03
   311  1.09290E-02 -1.34940E+01 -1.34664E+01 -2.76945E-02  0.00000E+00  0.00000E+00  1.75512E+03
   312  1.11960E-02 -1.34817E+01 -1.34537E+01 -2.80463E-02  0.00000E+00  0.00000E+00  1.71067E+03
   313  1.14695E-02 -1.34691E+01 -1.34407E+01 -2.83975E-02  0.00000E+00  0.00000E+00  1.66728E+03
   314  1.17497E-02 -1.34562E+01 -1.34275E+01 -2.87479E-02  0.00000E+00  0.00000E+00  1.62494E+03
   315  1.20367E-02 -1.34430E+01 -1.34139E+01 -2.90974E-02  0.00000E+00  0.00000E+00  1.58361E+03
   316  1.23308E-02 -1.34295E+01 -1.34000E+01 -2.94456E-02  0.00000E+00  0.00000E+00  1.54328E+03
   317  1.26320E-02 -1.34156E+01 -1.33858E+01 -2.97925E-02  0.00000E+00  0.00000E+00  1.50391E+03
   318  1.29405E-02 -1.34015E+01 -1.33713E+01 -3.01379E-02  0.00000E+00  0.00000E+00  1.46548E+03
   319  1.32566E-02 -1.33870E+01 -1.33565E+01 -3.04816E-02  0.00000E+00  0.00000E+00  1.42798E+03
   320  1.35804E-02 -1.33721E+01 -1.33413E+01 -3.08233E-02  0.00000E+00  0.00000E+00  1.39138E+03
   321  1.39121E-02 -1.33569E+01 -1.33258E+01 -3.11630E-02  0.00000E+00  0.00000E+00  1.35565E+03
   322  1.42518E-02 -1.33414E+01 -1.33099E+01 -3.15003E-02  0.00000E+00  0.00000E+00  1.32079E+03
   323  1.45999E-02 -1.33255E+01 -1.32937E+01 -3.18351E-02  0.00000E+00  0.00000E+00  1.28676E+03
   324  1.49565E-02 -1.33092E+01 -1.32770E+01 -3.21673E-02  0.00000E+00  0.00000E+00  1.25355E+03
   325  1.53217E-02 -1.32926E+01 -1.32601E+01 -3.24965E-02  0.00000E+00  0.00000E+00  1.22113E+03
   326  1.56958E-02 -1.32755E+01 -1.32427E+01 -3.28226E-02  0.00000E+00  0.00000E+00  1.18950E+03
   327  1.60791E-02 -1.32581E+01 -1.32250E+01 -3.31455E-02  0.00000E+00  0.00000E+00  1.15863E+03
   328  1.64717E-02 -1.32403E+01 -1.32068E+01 -3.34648E-02  0.00000E+00  0.00000E+00  1.12850E+03
   329  1.68739E-02 -1.32221E+01 -1.31883E+01 -3.37804E-02  0.00000E+00  0.00000E+00  1.09909E+03
   330  1.72859E-02 -1.32034E+01 -1.31693E+01 -3.40921E-02  0.00000E+00  0.00000E+00  1.07040E+03
   331  1.77079E-02 -1.31843E+01 -1.31499E+01 -3.43997E-02  0.00000E+00  0.00000E+00  1.04239E+03
   332  1.81402E-02 -1.31648E+01 -1.31301E+01 -3.47030E-02  0.00000E+00  0.00000E+00  1.01506E+03
   333  1.85831E-02 -1.31449E+01 -1.31099E+01 -3.50018E-02  0.00000E+00  0.00000E+00  9.88389E+02
   334  1.90367E-02 -1.31245E+01 -1.30892E+01 -3.52958E-02  0.00000E+00  0.00000E+00  9.62359E+02
   335  1.95014E-02 -1.31036E+01 -1.30680E+01 -3.55849E-02  0.00000E+00  0.00000E+00  9.36958E+02
   336  1.99775E-02 -1.30823E+01 -1.30464E+01 -3.58688E-02  0.00000E+00  0.00000E+00  9.12170E+02
   337  2.04651E-02 -1.30605E+01 -1.30243E+01 -3.61474E-02  0.00000E+00  0.00000E+00  8.87980E+02
   338  2.09646E-02 -1.30382E+01 -1.30017E+01 -3.64205E-02  0.00000E+00  0.00000E+00  8.64375E+02
   339  2.14762E-02 -1.30154E+01 -1.29787E+01 -3.66878E-02  0.00000E+00  0.00000E+00  8.41341E+02
   340  2.20004E-02 -1.29921E+01 -1.29551E+01 -3.69492E-02  0.00000E+00  0.00000E+00  8.18863E+02
   341  2.25373E-02 -1.29682E+01 -1.29310E+01 -3.72044E-02  0.00000E+00  0.00000E+00  7.96930E+02
   342  2.30872E-02 -1.29439E+01 -1.29064E+01 -3.74533E-02  0.00000E+00  0.00000E+00  7.75527E+02
   343  2.36506E-02 -1.29190E+01 -1.28813E+01 -3.76957E-02  0.00000E+00  0.00000E+00  7.54644E+02
   344  2.42277E-02 -1.28936E+01 -1.28557E+01 -3.79313E-02  0.00000E+00  0.00000E+00  7.34266E+02
   345  2.48188E-02 -1.28676E+01 -1.28295E+01 -3.81600E-02  0.00000E+00  0.00000E+00  7.14384E+02
   346  2.54244E-02 -1.28411E+01 -1.28027E+01 -3.83816E-02  0.00000E+00  0.00000E+00  6.94984E+02
   347  2.60446E-02 -1.28140E+01 -1.27754E+01 -3.85959E-02  0.00000E+00  0.00000E+00  6.76055E+02
   348  2.66800E-02 -1.27863E+01 -1.27475E+01 -3.88028E-02  0.00000E+00  0.00000E+00  6.57587E+02
   349  2.73309E-02 -1.27580E+01 -1.27190E+01 -3.90019E-02  0.00000E+00  0.00000E+00  6.39569E+02
   350  2.79975E-02 -1.27291E+01 -1.26899E+01 -3.91933E-02  0.00000E+00  0.00000E+00  6.21989E+02
   351  2.86804E-02 -1.26996E+01 -1.26602E+01 -3.93766E-02  0.00000E+00  0.00000E+00  6.04838E+02
   352  2.93799E-02 -1.26694E+01 -1.26299E+01 -3.95517E-02  0.00000E+00  0.00000E+00  5.88106E+02
   353  3.00965E-02 -1.26386E+01 -1.25989E+01 -3.97185E-02  0.00000E+00  0.00000E+00  5.71783E+02
   354  3.08305E-02 -1.26072E+01 -1.25673E+01 -3.98768E-02  0.00000E+00  0.00000E+00  5.55859E+02
   355  3.15823E-02 -1.25751E+01 -1.25351E+01 -4.00263E-02  0.00000E+00  0.00000E+00  5.40325E+02
   356  3.23524E-02 -1.25424E+01 -1.25022E+01 -4.01670E-02  0.00000E+00  0.00000E+00  5.25172E+02
   357  3.31412E-02 -1.25090E+01 -1.24687E+01 -4.02988E-02  0.00000E+00  0.00000E+00  5.10391E+02
   358  3.39493E-02 -1.24749E+01 -1.24344E+01 -4.04213E-02  0.00000E+00  0.00000E+00  4.95974E+02
   359  3.47769E-02 -1.24400E+01 -1.23995E+01 -4.05346E-02  0.00000E+00  0.00000E+00  4.81911E+02
   360  3.56247E-02 -1.24045E+01 -1.23639E+01 -4.06384E-02  0.00000E+00  0.00000E+00  4.68194E+02
   361  3.64931E-02 -1.23683E+01 -1.23276E+01 -4.07327E-02  0.00000E+00  0.00000E+00  4.54816E+02
   362  3.73826E-02 -1.23313E+01 -1.22905E+01 -4.08172E-02  0.00000E+00  0.00000E+00  4.41769E+02
   363  3.82937E-02 -1.22936E+01 -1.22527E+01 -4.08919E-02  0.00000E+00  0.00000E+00  4.29044E+02
   364  3.92270E-02 -1.22552E+01 -1.22142E+01 -4.09566E-02  0.00000E+00  0.00000E+00  4.16636E+02
   365  4.01829E-02 -1.22159E+01 -1.21749E+01 -4.10112E-02  0.00000E+00  0.00000E+00  4.04535E+02
   366  4.11621E-02 -1.21760E+01 -1.21349E+01 -4.10556E-02  0.00000E+00  0.00000E+00  3.92735E+02
   367  4.21650E-02 -1.21352E+01 -1.20941E+01 -4.10897E-02  0.00000E+00  0.00000E+00  3.81229E+02
   368  4.31923E-02 -1.20936E+01 -1.20525E+01 -4.11134E-02  0.00000E+00  0.00000E+00  3.70011E+02
   369  4.42445E-02 -1.20513E+01 -1.20101E+01 -4.11265E-02  0.00000E+00  0.00000E+00  3.59073E+02
   370  4.53223E-02 -1.20081E+01 -1.19670E+01 -4.11290E-02  0.00000E+00  0.00000E+00  3.48409E+02
   371  4.64262E-02 -1.19641E+01 -1.19230E+01 -4.11208E-02  0.00000E+00  0.00000E+00  3.38014E+02
   372  4.75570E-02 -1.19193E+01 -1.18782E+01 -4.11018E-02  0.00000E+00  0.00000E+00  3.27880E+02
   373  4.87151E-02 -1.18736E+01 -1.18325E+01 -4.10719E-02  0.00000E+00  0.00000E+00  3.18001E+02
   374  4.99014E-02 -1.18271E+01 -1.17861E+01 -4.10311E-02  0.00000E+00  0.00000E+00  3.08373E+02
   375  5.11164E-02 -1.17798E+01 -1.17388E+01 -4.09792E-02  0.00000E+00  0.00000E+00  2.98988E+02
   376  5.23609E-02 -1.17315E+01 -1.16906E+01 -4.09163E-02  0.00000E+00  0.00000E+00  2.89842E+02
   377  5.36356E-02 -1.16824E+01 -1.16416E+01 -4.08423E-02  0.00000E+00  0.00000E+00  2.80929E+02
   378  5.49412E-02 -1.16324E+01 -1.15917E+01 -4.07570E-02  0.00000E+00  0.00000E+00  2.72244E+02
   379  5.62784E-02 -1.15816E+01 -1.15409E+01 -4.06606E-02  0.00000E+00  0.00000E+00  2.63782E+02
   380  5.76480E-02 -1.15298E+01 -1.14893E+01 -4.05529E-02  0.00000E+00  0.00000E+00  2.55537E+02
   381  5.90508E-02 -1.14772E+01 -1.14367E+01 -4.04339E-02  0.00000E+00  0.00000E+00  2.47504E+02
   382  6.04876E-02 -1.14236E+01 -1.13833E+01 -4.03036E-02  0.00000E+00  0.00000E+00  2.39680E+02
   383  6.19592E-02 -1.13691E+01 -1.13289E+01 -4.01620E-02  0.00000E+00  0.00000E+00  2.32058E+02
   384  6.34664E-02 -1.13137E+01 -1.12737E+01 -4.00091E-02  0.00000E+00  0.00000E+00  2.24635E+02
   385  6.50101E-02 -1.12573E+01 -1.12175E+01 -3.98449E-02  0.00000E+00  0.00000E+00  2.17406E+02
   386  6.65911E-02 -1.12001E+01 -1.11604E+01 -3.96693E-02  0.00000E+00  0.00000E+00  2.10366E+02
   387  6.82105E-02 -1.11419E+01 -1.11024E+01 -3.94825E-02  0.00000E+00  0.00000E+00  2.03512E+02
   388  6.98689E-02 -1.10827E+01 -1.10434E+01 -3.92843E-02  0.00000E+00  0.00000E+00  1.96839E+02
   389  7.15675E-02 -1.10226E+01 -1.09835E+01 -3.90750E-02  0.00000E+00  0.00000E+00  1.90342E+02
   390  7.33072E-02 -1.09616E+01 -1.09227E+01 -3.88544E-02  0.00000E+00  0.00000E+00  1.84019E+02
   391  7.50889E-02 -1.08996E+01 -1.08610E+01 -3.86227E-02  0.00000E+00  0.00000E+00  1.77866E+02
   392  7.69137E-02 -1.08366E+01 -1.07983E+01 -3.83799E-02  0.00000E+00  0.00000E+00  1.71877E+02
   393  7.87825E-02 -1.07727E+01 -1.07346E+01 -3.81261E-02  0.00000E+00  0.00000E+00  1.66050E+02
   394  8.06965E-02 -1.07079E+01 -1.06700E+01 -3.78613E-02  0.00000E+00  0.00000E+00  1.60382E+02
   395  8.26567E-02 -1.06421E+01 -1.06045E+01 -3.75856E-02  0.00000E+00  0.00000E+00  1.54868E+02
   396  8.46642E-02 -1.05753E+01 -1.05380E+01 -3.72992E-02  0.00000E+00  0.00000E+00  1.49505E+02
   397  8.67201E-02 -1.05076E+01 -1.04706E+01 -3.70021E-02  0.00000E+00  0.00000E+00  1.44289E+02
   398  8.88257E-02 -1.04390E+01 -1.04023E+01 -3.66945E-02  0.00000E+00  0.00000E+00  1.39219E+02
   399  9.09820E-02 -1.03694E+01 -1.03330E+01 -3.63764E-02  0.00000E+00  0.00000E+00  1.34289E+02
   400  9.31903E-02 -1.02989E+01 -1.02628E+01 -3.60480E-02  0.00000E+00  0.00000E+00  1.29498E+02
   401  9.54518E-02 -1.02274E+01 -1.01917E+01 -3.57095E-02  0.00000E+00  0.00000E+00  1.24841E+02
   402  9.77678E-02 -1.01550E+01 -1.01196E+01 -3.53610E-02  0.00000E+00  0.00000E+00  1.20317E+02
   403  1.00140E-01 -1.00817E+01 -1.00467E+01 -3.50026E-02  0.00000E+00  0.00000E+00  1.15921E+02
   404  1.02568E-01 -1.00074E+01 -9.97279E+00 -3.46346E-02  0.00000E+00  0.00000E+00  1.11652E+02
   405  1.05056E-01 -9.93228E+00 -9.89802E+00 -3.42570E-02  0.00000E+00  0.00000E+00  1.07506E+02
   406  1.07603E-01 -9.85623E+00 -9.82236E+00 -3.38702E-02  0.00000E+00  0.00000E+00  1.03481E+02
   407  1.10211E-01 -9.77930E+00 -9.74583E+00 -3.34743E-02  0.00000E+00  0.00000E+00  9.95742E+01
   408  1.12883E-01 -9.70149E+00 -9.66842E+00 -3.30695E-02  0.00000E+00  0.00000E+00  9.57823E+01
   409  1.15618E-01 -9.62282E+00 -9.59016E+00 -3.26561E-02  0.00000E+00  0.00000E+00  9.21032E+01
   410  1.18419E-01 -9.54329E+00 -9.51106E+00 -3.22343E-02  0.00000E+00  0.00000E+00  8.85344E+01
   411  1.21287E-01 -9.46293E+00 -9.43113E+00 -3.18043E-02  0.00000E+00  0.00000E+00  8.50733E+01
   412  1.24224E-01 -9.38175E+00 -9.35039E+00 -3.13665E-02  0.00000E+00  0.00000E+00  8.17175E+01
   413  1.27232E-01 -9.29977E+00 -9.26885E+00 -3.09210E-02  0.00000E+00  0.00000E+00  7.84647E+01
   414  1.30311E-01 -9.21700E+00 -9.18653E+00 -3.04681E-02  0.00000E+00  0.00000E+00  7.53125E+01
   415  1.33465E-01 -9.13346E+00 -9.10345E+00 -3.00083E-02  0.00000E+00  0.00000E+00  7.22588E+01
   416  1.36694E-01 -9.04917E+00 -9.01963E+00 -2.95416E-02  0.00000E+00  0.00000E+00  6.93011E+01
   417  1.40000E-01 -8.96415E+00 -8.93508E+00 -2.90686E-02  0.00000E+00  0.00000E+00  6.64375E+01
   418  1.43386E-01 -8.87843E+00 -8.84984E+00 -2.85894E-02  0.00000E+00  0.00000E+00  6.36656E+01
   419  1.46852E-01 -8.79203E+00 -8.76392E+00 -2.81044E-02  0.00000E+00  0.00000E+00  6.09835E+01
   420  1.50401E-01 -8.70496E+00 -8.67735E+00 -2.76141E-02  0.00000E+00  0.00000E+00  5.83890E+01
   421  1.54036E-01 -8.61727E+00 -8.59015E+00 -2.71186E-02  0.00000E+00  0.00000E+00  5.58801E+01
   422  1.57757E-01 -8.52897E+00 -8.50235E+00 -2.66185E-02  0.00000E+00  0.00000E+00  5.34548E+01
   423  1.61566E-01 -8.44008E+00 -8.41397E+00 -2.61140E-02  0.00000E+00  0.00000E+00  5.11112E+01
   424  1.65467E-01 -8.35065E+00 -8.32504E+00 -2.56055E-02  0.00000E+00  0.00000E+00  4.88474E+01
   425  1.69461E-01 -8.26069E+00 -8.23559E+00 -2.50935E-02  0.00000E+00  0.00000E+00  4.66614E+01
   426  1.73549E-01 -8.17024E+00 -8.14566E+00 -2.45783E-02  0.00000E+00  0.00000E+00  4.45514E+01
   427  1.77735E-01 -8.07932E+00 -8.05526E+00 -2.40604E-02  0.00000E+00  0.00000E+00  4.25156E+01
   428  1.82021E-01 -7.98798E+00 -7.96444E+00 -2.35401E-02  0.00000E+00  0.00000E+00  4.05521E+01
   429  1.86409E-01 -7.89624E+00 -7.87322E+00 -2.30179E-02  0.00000E+00  0.00000E+00  3.86592E+01
   430  1.90901E-01 -7.80414E+00 -7.78164E+00 -2.24942E-02  0.00000E+00  0.00000E+00  3.68352E+01
   431  1.95500E-01 -7.71170E+00 -7.68973E+00 -2.19695E-02  0.00000E+00  0.00000E+00  3.50783E+01
   432  2.00207E-01 -7.61898E+00 -7.59753E+00 -2.14441E-02  0.00000E+00  0.00000E+00  3.33869E+01
   433  2.05027E-01 -7.52599E+00 -7.50507E+00 -2.09185E-02  0.00000E+00  0.00000E+00  3.17593E+01
   434  2.09961E-01 -7.43278E+00 -7.41239E+00 -2.03932E-02  0.00000E+00  0.00000E+00  3.01938E+01
   435  2.15011E-01 -7.33938E+00 -7.31951E+00 -1.98686E-02  0.00000E+00  0.00000E+00  2.86889E+01
   436  2.20181E-01 -7.24584E+00 -7.22649E+00 -1.93452E-02  0.00000E+00  0.00000E+00  2.72429E+01
   437  2.25474E-01 -7.15218E+00 -7.13336E+00 -1.88234E-02  0.00000E+00  0.00000E+00  2.58543E+01
   438  2.30891E-01 -7.05845E+00 -7.04015E+00 -1.83036E-02  0.00000E+00  0.00000E+00  2.45215E+01
   439  2.36437E-01 -6.96468E+00 -6.94690E+00 -1.77864E-02  0.00000E+00  0.00000E+00  2.32430E+01
   440  2.42113E-01 -6.87092E+00 -6.85365E+00 -1.72721E-02  0.00000E+00  0.00000E+00  2.20173E+01
   441  2.47923E-01 -6.77719E+00 -6.76043E+00 -1.67612E-02  0.00000E+00  0.00000E+00  2.08429E+01
   442  2.53870E-01 -6.68355E+00 -6.66729E+00 -1.62541E-02  0.00000E+00  0.00000E+00  1.97183E+01
   443  2.59957E-01 -6.59001E+00 -6.57426E+00 -1.57514E-02  0.00000E+00  0.00000E+00  1.86421E+01
   444  2.66187E-01 -6.49664E+00 -6.48138E+00 -1.52533E-02  0.00000E+00  0.00000E+00  1.76129E+01
   445  2.72563E-01 -6.40345E+00 -6.38869E+00 -1.47604E-02  0.00000E+00  0.00000E+00  1.66293E+01
   446  2.79089E-01 -6.31049E+00 -6.29622E+00 -1.42730E-02  0.00000E+00  0.00000E+00  1.56898E+01
   447  2.85768E-01 -6.21780E+00 -6.20401E+00 -1.37915E-02  0.00000E+00  0.00000E+00  1.47931E+01
   448  2.92603E-01 -6.12540E+00 -6.11209E+00 -1.33164E-02  0.00000E+00  0.00000E+00  1.39379E+01
   449  2.99598E-01 -6.03334E+00 -6.02049E+00 -1.28481E-02  0.00000E+00  0.00000E+00  1.31229E+01
   450  3.06757E-01 -5.94165E+00 -5.92926E+00 -1.23868E-02  0.00000E+00  0.00000E+00  1.23466E+01
   451  3.14083E-01 -5.85036E+00 -5.83843E+00 -1.19330E-02  0.00000E+00  0.00000E+00  1.16079E+01
   452  3.21580E-01 -5.75951E+00 -5.74802E+00 -1.14870E-02  0.00000E+00  0.00000E+00  1.09054E+01
   453  3.29251E-01 -5.66912E+00 -5.65807E+00 -1.10491E-02  0.00000E+00  0.00000E+00  1.02379E+01
   454  3.37101E-01 -5.57922E+00 -5.56860E+00 -1.06197E-02  0.00000E+00  0.00000E+00  9.60413E+00
   455  3.45134E-01 -5.48985E+00 -5.47965E+00 -1.01990E-02  0.00000E+00  0.00000E+00  9.00294E+00
   456  3.53353E-01 -5.40103E+00 -5.39124E+00 -9.78734E-03  0.00000E+00  0.00000E+00  8.43311E+00
   457  3.61762E-01 -5.31279E+00 -5.30340E+00 -9.38492E-03  0.00000E+00  0.00000E+00  7.89344E+00
   458  3.70367E-01 -5.22514E+00 -5.21615E+00 -8.99200E-03  0.00000E+00  0.00000E+00  7.38280E+00
   459  3.79170E-01 -5.13813E+00 -5.12952E+00 -8.60880E-03  0.00000E+00  0.00000E+00  6.90004E+00
   460  3.88177E-01 -5.05175E+00 -5.04352E+00 -8.23551E-03  0.00000E+00  0.00000E+00  6.44406E+00
   461  3.97392E-01 -4.96604E+00 -4.95817E+00 -7.87230E-03  0.00000E+00  0.00000E+00  6.01376E+00
   462  4.06819E-01 -4.88102E+00 -4.87350E+00 -7.51931E-03  0.00000E+00  0.00000E+00  5.60807E+00
   463  4.16463E-01 -4.79669E+00 -4.78951E+00 -7.17668E-03  0.00000E+00  0.00000E+00  5.22595E+00
   464  4.26328E-01 -4.71307E+00 -4.70622E+00 -6.84450E-03  0.00000E+00  0.00000E+00  4.86636E+00
   465  4.36420E-01 -4.63018E+00 -4.62365E+00 -6.52286E-03  0.00000E+00  0.00000E+00  4.52831E+00
   466  4.46743E-01 -4.54802E+00 -4.54181E+00 -6.21180E-03  0.00000E+00  0.00000E+00  4.21082E+00
   467  4.57303E-01 -4.46661E+00 -4.46070E+00 -5.91136E-03  0.00000E+00  0.00000E+00  3.91293E+00
   468  4.68103E-01 -4.38594E+00 -4.38032E+00 -5.62154E-03  0.00000E+00  0.00000E+00  3.63371E+00
   469  4.79150E-01 -4.30604E+00 -4.30070E+00 -5.34232E-03  0.00000E+00  0.00000E+00  3.37226E+00
   470  4.90448E-01 -4.22689E+00 -4.22182E+00 -5.07368E-03  0.00000E+00  0.00000E+00  3.12769E+00
   471  5.02004E-01 -4.14851E+00 -4.14370E+00 -4.81553E-03  0.00000E+00  0.00000E+00  2.89914E+00
   472  5.13821E-01 -4.07089E+00 -4.06632E+00 -4.56781E-03  0.00000E+00  0.00000E+00  2.68579E+00
   473  5.25906E-01 -3.99403E+00 -3.98970E+00 -4.33039E-03  0.00000E+00  0.00000E+00  2.48682E+00
   474  5.38265E-01 -3.91794E+00 -3.91383E+00 -4.10315E-03  0.00000E+00  0.00000E+00  2.30145E+00
   475  5.50902E-01 -3.84259E+00 -3.83871E+00 -3.88594E-03  0.00000E+00  0.00000E+00  2.12894E+00
   476  5.63825E-01 -3.76800E+00 -3.76432E+00 -3.67859E-03  0.00000E+00  0.00000E+00  1.96855E+00
   477  5.77038E-01 -3.69415E+00 -3.69067E+00 -3.48092E-03  0.00000E+00  0.00000E+00  1.81957E+00
   478  5.90547E-01 -3.62104E+00 -3.61775E+00 -3.29272E-03  0.00000E+00  0.00000E+00  1.68134E+00
   479  6.04360E-01 -3.54866E+00 -3.54555E+00 -3.11377E-03  0.00000E+00  0.00000E+00  1.55320E+00
   480  6.18481E-01 -3.47700E+00 -3.47406E+00 -2.94384E-03  0.00000E+00  0.00000E+00  1.43453E+00
   481  6.32917E-01 -3.40605E+00 -3.40327E+00 -2.78267E-03  0.00000E+00  0.00000E+00  1.32473E+00
   482  6.47675E-01 -3.33581E+00 -3.33318E+00 -2.63001E-03  0.00000E+00  0.00000E+00  1.22322E+00
   483  6.62761E-01 -3.26625E+00 -3.26376E+00 -2.48558E-03  0.00000E+00  0.00000E+00  1.12947E+00
   484  6.78182E-01 -3.19738E+00 -3.19503E+00 -2.34910E-03  0.00000E+00  0.00000E+00  1.04294E+00
   485  6.93943E-01 -3.12917E+00 -3.12695E+00 -2.22028E-03  0.00000E+00  0.00000E+00  9.63153E-01
   486  7.10053E-01 -3.06163E+00 -3.05953E+00 -2.09883E-03  0.00000E+00  0.00000E+00  8.89627E-01
   487  7.26517E-01 -2.99474E+00 -2.99275E+00 -1.98445E-03  0.00000E+00  0.00000E+00  8.21917E-01
   488  7.43344E-01 -2.92848E+00 -2.92661E+00 -1.87683E-03  0.00000E+00  0.00000E+00  7.59600E-01
   489  7.60539E-01 -2.86286E+00 -2.86109E+00 -1.77567E-03  0.00000E+00  0.00000E+00  7.02277E-01
   490  7.78110E-01 -2.79787E+00 -2.79619E+00 -1.68065E-03  0.00000E+00  0.00000E+00  6.49572E-01
   491  7.96065E-01 -2.73349E+00 -2.73190E+00 -1.59147E-03  0.00000E+00  0.00000E+00  6.01130E-01
   492  8.14410E-01 -2.66971E+00 -2.66821E+00 -1.50784E-03  0.00000E+00  0.00000E+00  5.56618E-01
   493  8.33153E-01 -2.60655E+00 -2.60512E+00 -1.42944E-03  0.00000E+00  0.00000E+00  5.15725E-01
   494  8.52303E-01 -2.54397E+00 -2.54262E+00 -1.35599E-03  0.00000E+00  0.00000E+00  4.78158E-01
   495  8.71865E-01 -2.48200E+00 -2.48071E+00 -1.28718E-03  0.00000E+00  0.00000E+00  4.43647E-01
   496  8.91849E-01 -2.42061E+00 -2.41939E+00 -1.22275E-03  0.00000E+00  0.00000E+00  4.11937E-01
   497  9.12261E-01 -2.35982E+00 -2.35866E+00 -1.16240E-03  0.00000E+00  0.00000E+00  3.82794E-01
   498  9.33111E-01 -2.29962E+00 -2.29851E+00 -1.10589E-03  0.00000E+00  0.00000E+00  3.55998E-01
   499  9.54406E-01 -2.24001E+00 -2.23896E+00 -1.05294E-03  0.00000E+00  0.00000E+00  3.31349E-01
   500  9.76153E-01 -2.18100E+00 -2.18000E+00 -1.00330E-03  0.00000E+00  0.00000E+00  3.08660E-01
   501  9.98362E-01 -2.12259E+00 -2.12163E+00 -9.56756E-04  0.00000E+00  0.00000E+00  2.87759E-01
   502  1.02104E+00 -2.06478E+00 -2.06387E+00 -9.13064E-04  0.00000E+00  0.00000E+00  2.68488E-01
   503  1.04420E+00 -2.00759E+00 -2.00672E+00 -8.72012E-04  0.00000E+00  0.00000E+00  2.50704E-01
   504  1.06784E+00 -1.95102E+00 -1.95018E+00 -8.33398E-04  0.00000E+00  0.00000E+00  2.34274E-01
   505  1.09198E+00 -1.89508E+00 -1.89428E+00 -7.97031E-04  0.00000E+00  0.00000E+00  2.19076E-01
   506  1.11662E+00 -1.83978E+00 -1.83902E+00 -7.62730E-04  0.00000E+00  0.00000E+00  2.05002E-01
   507  1.14178E+00 -1.78513E+00 -1.78440E+00 -7.30327E-04  0.00000E+00  0.00000E+00  1.91952E-01
   508  1.16746E+00 -1.73116E+00 -1.73046E+00 -6.99667E-04  0.00000E+00  0.00000E+00  1.79833E-01
   509  1.19366E+00 -1.67786E+00 -1.67719E+00 -6.70604E-04  0.00000E+00  0.00000E+00  1.68565E-01
   510  1.22041E+00 -1.62526E+00 -1.62462E+00 -6.43006E-04  0.00000E+00  0.00000E+00  1.58073E-01
   511  1.24771E+00 -1.57337E+00 -1.57275E+00 -6.16748E-04  0.00000E+00  0.00000E+00  1.48290E-01
   512  1.27556E+00 -1.52221E+00 -1.52161E+00 -5.91719E-04  0.00000E+00  0.00000E+00  1.39156E-01
   513  1.30398E+00 -1.47179E+00 -1.47122E+00 -5.67817E-04  0.00000E+00  0.00000E+00  1.30615E-01
   514  1.33298E+00 -1.42213E+00 -1.42158E+00 -5.44948E-04  0.00000E+00  0.00000E+00  1.22620E-01
   515  1.36256E+00 -1.37325E+00 -1.37272E+00 -5.23031E-04  0.00000E+00  0.00000E+00  1.15126E-01
   516  1.39273E+00 -1.32516E+00 -1.32466E+00 -5.01989E-04  0.00000E+00  0.00000E+00  1.08094E-01
   517  1.42352E+00 -1.27789E+00 -1.27741E+00 -4.81755E-04  0.00000E+00  0.00000E+00  1.01488E-01
   518  1.45491E+00 -1.23145E+00 -1.23099E+00 -4.62270E-04  0.00000E+00  0.00000E+00  9.52764E-02
   519  1.48693E+00 -1.18585E+00 -1.18541E+00 -4.43482E-04  0.00000E+00  0.00000E+00  8.94311E-02
   520  1.51958E+00 -1.14112E+00 -1.14070E+00 -4.25343E-04  0.00000E+00  0.00000E+00  8.39261E-02
   521  1.55288E+00 -1.09727E+00 -1.09686E+00 -4.07814E-04  0.00000E+00  0.00000E+00  7.87383E-02
   522  1.58683E+00 -1.05431E+00 -1.05392E+00 -3.90858E-04  0.00000E+00  0.00000E+00  7.38468E-02
   523  1.62144E+00 -1.01226E+00 -1.01189E+00 -3.74446E-04  0.00000E+00  0.00000E+00  6.92329E-02
   524  1.65672E+00 -9.71138E-01 -9.70780E-01 -3.58550E-04  0.00000E+00  0.00000E+00  6.48793E-02
   525  1.69268E+00 -9.30950E-01 -9.30606E-01 -3.43147E-04  0.00000E+00  0.00000E+00  6.07706E-02
   526  1.72934E+00 -8.91709E-01 -8.91381E-01 -3.28219E-04  0.00000E+00  0.00000E+00  5.68927E-02
   527  1.76670E+00 -8.53427E-01 -8.53113E-01 -3.13749E-04  0.00000E+00  0.00000E+00  5.32326E-02
   528  1.80477E+00 -8.16113E-01 -8.15813E-01 -2.99722E-04  0.00000E+00  0.00000E+00  4.97783E-02
   529  1.84356E+00 -7.79775E-01 -7.79489E-01 -2.86126E-04  0.00000E+00  0.00000E+00  4.65189E-02
   530  1.88309E+00 -7.44421E-01 -7.44148E-01 -2.72950E-04  0.00000E+00  0.00000E+00  4.34442E-02
   531  1.92335E+00 -7.10055E-01 -7.09794E-01 -2.60187E-04  0.00000E+00  0.00000E+00  4.05446E-02
   532  1.96437E+00 -6.76681E-01 -6.76433E-01 -2.47829E-04  0.00000E+00  0.00000E+00  3.78114E-02
   533  2.00614E+00 -6.44303E-01 -6.44067E-01 -2.35867E-04  0.00000E+00  0.00000E+00  3.52362E-02
   534  2.04869E+00 -6.12921E-01 -6.12697E-01 -2.24298E-04  0.00000E+00  0.00000E+00  3.28111E-02
   535  2.09202E+00 -5.82536E-01 -5.82323E-01 -2.13114E-04  0.00000E+00  0.00000E+00  3.05288E-02
   536  2.13615E+00 -5.53144E-01 -5.52942E-01 -2.02312E-04  0.00000E+00  0.00000E+00  2.83821E-02
   537  2.18107E+00 -5.24743E-01 -5.24551E-01 -1.91886E-04  0.00000E+00  0.00000E+00  2.63645E-02
   538  2.22680E+00 -4.97328E-01 -4.97146E-01 -1.81831E-04  0.00000E+00  0.00000E+00  2.44694E-02
   539  2.27336E+00 -4.70892E-01 -4.70720E-01 -1.72143E-04  0.00000E+00  0.00000E+00  2.26909E-02
   540  2.32074E+00 -4.45428E-01 -4.45265E-01 -1.62817E-04  0.00000E+00  0.00000E+00  2.10231E-02
   541  2.36896E+00 -4.20926E-01 -4.20772E-01 -1.53848E-04  0.00000E+00  0.00000E+00  1.94603E-02
   542  2.41804E+00 -3.97376E-01 -3.97231E-01 -1.45230E-04  0.00000E+00  0.00000E+00  1.79972E-02
   543  2.46797E+00 -3.74766E-01 -3.74629E-01 -1.36960E-04  0.00000E+00  0.00000E+00  1.66287E-02
   544  2.51877E+00 -3.53083E-01 -3.52954E-01 -1.29031E-04  0.00000E+00  0.00000E+00  1.53498E-02
   545  2.57045E+00 -3.32312E-01 -3.32190E-01 -1.21436E-04  0.00000E+00  0.00000E+00  1.41558E-02
   546  2.62302E+00 -3.12437E-01 -3.12323E-01 -1.14171E-04  0.00000E+00  0.00000E+00  1.30420E-02
   547  2.67648E+00 -2.93442E-01 -2.93335E-01 -1.07228E-04  0.00000E+00  0.00000E+00  1.20041E-02
   548  2.73086E+00 -2.75309E-01 -2.75209E-01 -1.00601E-04  0.00000E+00  0.00000E+00  1.10378E-02
   549  2.78614E+00 -2.58020E-01 -2.57925E-01 -9.42823E-05  0.00000E+00  0.00000E+00  1.01392E-02
   550  2.84235E+00 -2.41554E-01 -2.41466E-01 -8.82651E-05  0.00000E+00  0.00000E+00  9.30434E-03
   551  2.89950E+00 -2.25891E-01 -2.25809E-01 -8.25418E-05  0.00000E+00  0.00000E+00  8.52948E-03
   552  2.95758E+00 -2.11011E-01 -2.10934E-01 -7.71044E-05  0.00000E+00  0.00000E+00  7.81107E-03
   553  3.01662E+00 -1.96891E-01 -1.96819E-01 -7.19450E-05  0.00000E+00  0.00000E+00  7.14572E-03
   554  3.07661E+00 -1.83510E-01 -1.83443E-01 -6.70554E-05  0.00000E+00  0.00000E+00  6.53016E-03
   555  3.13758E+00 -1.70844E-01 -1.70781E-01 -6.24273E-05  0.00000E+00  0.00000E+00  5.96129E-03
   556  3.19952E+00 -1.58870E-01 -1.58812E-01 -5.80520E-05  0.00000E+00  0.00000E+00  5.43614E-03
   557  3.26244E+00 -1.47564E-01 -1.47510E-01 -5.39211E-05  0.00000E+00  0.00000E+00  4.95190E-03
   558  3.32636E+00 -1.36904E-01 -1.36854E-01 -5.00259E-05  0.00000E+00  0.00000E+00  4.50588E-03
   559  3.39128E+00 -1.26865E-01 -1.26818E-01 -4.63576E-05  0.00000E+00  0.00000E+00  4.09553E-03
   560  3.45721E+00 -1.17423E-01 -1.17380E-01 -4.29076E-05  0.00000E+00  0.00000E+00  3.71843E-03
   561  3.52415E+00 -1.08554E-01 -1.08514E-01 -3.96669E-05  0.00000E+00  0.00000E+00  3.37228E-03
   562  3.59211E+00 -1.00235E-01 -1.00198E-01 -3.66271E-05  0.00000E+00  0.00000E+00  3.05492E-03
   563  3.66111E+00 -9.24412E-02 -9.24074E-02 -3.37793E-05  0.00000E+00  0.00000E+00  2.76430E-03
   564  3.73114E+00 -8.51499E-02 -8.51187E-02 -3.11150E-05  0.00000E+00  0.00000E+00  2.49847E-03
   565  3.80222E+00 -7.83375E-02 -7.83089E-02 -2.86257E-05  0.00000E+00  0.00000E+00  2.25561E-03
   566  3.87436E+00 -7.19813E-02 -7.19550E-02 -2.63031E-05  0.00000E+00  0.00000E+00  2.03400E-03
   567  3.94754E+00 -6.60588E-02 -6.60347E-02 -2.41390E-05  0.00000E+00  0.00000E+00  1.83204E-03
   568  4.02180E+00 -6.05479E-02 -6.05257E-02 -2.21252E-05  0.00000E+00  0.00000E+00  1.64820E-03
   569  4.09712E+00 -5.54270E-02 -5.54067E-02 -2.02540E-05  0.00000E+00  0.00000E+00  1.48106E-03
   570  4.17353E+00 -5.06751E-02 -5.06566E-02 -1.85176E-05  0.00000E+00  0.00000E+00  1.32930E-03
   571  4.25101E+00 -4.62718E-02 -4.62549E-02 -1.69086E-05  0.00000E+00  0.00000E+00  1.19167E-03
   572  4.32959E+00 -4.21972E-02 -4.21818E-02 -1.54197E-05  0.00000E+00  0.00000E+00  1.06701E-03
   573  4.40926E+00 -3.84320E-02 -3.84180E-02 -1.40438E-05  0.00000E+00  0.00000E+00  9.54243E-04
   574  4.49003E+00 -3.49577E-02 -3.49449E-02 -1.27742E-05  0.00000E+00  0.00000E+00  8.52363E-04
   575  4.57190E+00 -3.17562E-02 -3.17446E-02 -1.16044E-05  0.00000E+00  0.00000E+00  7.60437E-04
   576  4.65488E+00 -2.88104E-02 -2.87999E-02 -1.05279E-05  0.00000E+00  0.00000E+00  6.77598E-04
   577  4.73898E+00 -2.61038E-02 -2.60942E-02 -9.53885E-06  0.00000E+00  0.00000E+00  6.03044E-04
   578  4.82420E+00 -2.36203E-02 -2.36117E-02 -8.63137E-06  0.00000E+00  0.00000E+00  5.36034E-04
   579  4.91054E+00 -2.13450E-02 -2.13372E-02 -7.79993E-06  0.00000E+00  0.00000E+00  4.75882E-04
   580  4.99801E+00 -1.92634E-02 -1.92564E-02 -7.03927E-06  0.00000E+00  0.00000E+00  4.21957E-04
   581  5.08660E+00 -1.73618E-02 -1.73554E-02 -6.34436E-06  0.00000E+00  0.00000E+00  3.73677E-04
   582  5.17634E+00 -1.56270E-02 -1.56213E-02 -5.71045E-06  0.00000E+00  0.00000E+00  3.30510E-04
   583  5.26721E+00 -1.40468E-02 -1.40417E-02 -5.13301E-06  0.00000E+00  0.00000E+00  2.91964E-04
   584  5.35922E+00 -1.26095E-02 -1.26049E-02 -4.60780E-06  0.00000E+00  0.00000E+00  2.57589E-04
   585  5.45238E+00 -1.13041E-02 -1.13000E-02 -4.13077E-06  0.00000E+00  0.00000E+00  2.26977E-04
   586  5.54668E+00 -1.01202E-02 -1.01165E-02 -3.69815E-06  0.00000E+00  0.00000E+00  1.99750E-04
   587  5.64214E+00 -9.04808E-03 -9.04477E-03 -3.30637E-06  0.00000E+00  0.00000E+00  1.75567E-04
   588  5.73874E+00 -8.07861E-03 -8.07566E-03 -2.95211E-06  0.00000E+00  0.00000E+00  1.54117E-04
   589  5.83650E+00 -7.20326E-03 -7.20062E-03 -2.63223E-06  0.00000E+00  0.00000E+00  1.35116E-04
   590  5.93542E+00 -6.41404E-03 -6.41170E-03 -2.34384E-06  0.00000E+00  0.00000E+00  1.18307E-04
   591  6.03549E+00 -5.70355E-03 -5.70146E-03 -2.08420E-06  0.00000E+00  0.00000E+00  1.03458E-04
   592  6.13673E+00 -5.06486E-03 -5.06301E-03 -1.85081E-06  0.00000E+00  0.00000E+00  9.03570E-05
   593  6.23912E+00 -4.49157E-03 -4.48993E-03 -1.64132E-06  0.00000E+00  0.00000E+00  7.88145E-05
   594  6.34268E+00 -3.97775E-03 -3.97630E-03 -1.45356E-06  0.00000E+00  0.00000E+00  6.86587E-05
   595  6.44740E+00 -3.51791E-03 -3.51662E-03 -1.28552E-06  0.00000E+00  0.00000E+00  5.97353E-05
   596  6.55328E+00 -3.10698E-03 -3.10584E-03 -1.13536E-06  0.00000E+00  0.00000E+00  5.19052E-05
   597  6.66033E+00 -2.74031E-03 -2.73931E-03 -1.00137E-06  0.00000E+00  0.00000E+00  4.50438E-05
   598  6.76854E+00 -2.41361E-03 -2.41273E-03 -8.81988E-07  0.00000E+00  0.00000E+00  3.90394E-05
   599  6.87791E+00 -2.12296E-03 -2.12219E-03 -7.75779E-07  0.00000E+00  0.00000E+00  3.37922E-05
   600  6.98845E+00 -1.86476E-03 -1.86408E-03 -6.81428E-07  0.00000E+00  0.00000E+00  2.92129E-05
   601  7.10015E+00 -1.63574E-03 -1.63514E-03 -5.97735E-07  0.00000E+00  0.00000E+00  2.52218E-05
   602  7.21302E+00 -1.43288E-03 -1.43236E-03 -5.23607E-07  0.00000E+00  0.00000E+00  2.17482E-05
   603  7.32705E+00 -1.25347E-03 -1.25301E-03 -4.58047E-07  0.00000E+00  0.00000E+00  1.87291E-05
   604  7.44224E+00 -1.09503E-03 -1.09463E-03 -4.00149E-07  0.00000E+00  0.00000E+00  1.61085E-05
   605  7.55859E+00 -9.55318E-04 -9.54969E-04 -3.49095E-07  0.00000E+00  0.00000E+00  1.38369E-05
   606  7.67609E+00 -8.32298E-04 -8.31994E-04 -3.04141E-07  0.00000E+00  0.00000E+00  1.18705E-05
   607  7.79476E+00 -7.24136E-04 -7.23871E-04 -2.64616E-07  0.00000E+00  0.00000E+00  1.01706E-05
   608  7.91458E+00 -6.29177E-04 -6.28947E-04 -2.29916E-07  0.00000E+00  0.00000E+00  8.70314E-06
   609  8.03556E+00 -5.45930E-04 -5.45731E-04 -1.99495E-07  0.00000E+00  0.00000E+00  7.43793E-06
   610  8.15768E+00 -4.73058E-04 -4.72885E-04 -1.72866E-07  0.00000E+00  0.00000E+00  6.34861E-06
   611  8.28096E+00 -4.09361E-04 -4.09211E-04 -1.49590E-07  0.00000E+00  0.00000E+00  5.41199E-06
   612  8.40538E+00 -3.53764E-04 -3.53635E-04 -1.29273E-07  0.00000E+00  0.00000E+00  4.60773E-06
   613  8.53095E+00 -3.05308E-04 -3.05196E-04 -1.11566E-07  0.00000E+00  0.00000E+00  3.91806E-06
   614  8.65767E+00 -2.63135E-04 -2.63039E-04 -9.61557E-08  0.00000E+00  0.00000E+00  3.32744E-06
   615  8.78552E+00 -2.26486E-04 -2.26403E-04 -8.27631E-08  0.00000E+00  0.00000E+00  2.82231E-06
   616  8.91450E+00 -1.94681E-04 -1.94610E-04 -7.11408E-08  0.00000E+00  0.00000E+00  2.39088E-06
   617  9.04462E+00 -1.67120E-04 -1.67059E-04 -6.10695E-08  0.00000E+00  0.00000E+00  2.02287E-06
   618  9.17588E+00 -1.43271E-04 -1.43218E-04 -5.23544E-08  0.00000E+00  0.00000E+00  1.70939E-06
   619  9.30825E+00 -1.22663E-04 -1.22618E-04 -4.48238E-08  0.00000E+00  0.00000E+00  1.44270E-06
   620  9.44175E+00 -1.04881E-04 -1.04842E-04 -3.83258E-08  0.00000E+00  0.00000E+00  1.21611E-06
   621  9.57637E+00 -8.95589E-05 -8.95261E-05 -3.27269E-08  0.00000E+00  0.00000E+00  1.02386E-06
   622  9.71211E+00 -7.63753E-05 -7.63474E-05 -2.79093E-08  0.00000E+00  0.00000E+00  8.60935E-07
   623  9.84896E+00 -6.50475E-05 -6.50238E-05 -2.37699E-08  0.00000E+00  0.00000E+00  7.23056E-07
   624  9.98691E+00 -5.53280E-05 -5.53077E-05 -2.02181E-08  0.00000E+00  0.00000E+00  6.06519E-07
   625  1.01260E+01 -4.69998E-05 -4.69826E-05 -1.71748E-08  0.00000E+00  0.00000E+00  5.08149E-07
   626  1.02661E+01 -3.98738E-05 -3.98592E-05 -1.45708E-08  0.00000E+00  0.00000E+00  4.25219E-07
   627  1.04074E+01 -3.37848E-05 -3.37725E-05 -1.23457E-08  0.00000E+00  0.00000E+00  3.55395E-07
   628  1.05497E+01 -2.85891E-05 -2.85786E-05 -1.04471E-08  0.00000E+00  0.00000E+00  2.96681E-07
   629  1.06931E+01 -2.41616E-05 -2.41527E-05 -8.82919E-09  0.00000E+00  0.00000E+00  2.47372E-07
   630  1.08377E+01 -2.03939E-05 -2.03864E-05 -7.45239E-09  0.00000E+00  0.00000E+00  2.06013E-07
   631  1.09832E+01 -1.71920E-05 -1.71857E-05 -6.28235E-09  0.00000E+00  0.00000E+00  1.71367E-07
   632  1.11299E+01 -1.44746E-05 -1.44693E-05 -5.28935E-09  0.00000E+00  0.00000E+00  1.42379E-07
   633  1.12776E+01 -1.21715E-05 -1.21670E-05 -4.44774E-09  0.00000E+00  0.00000E+00  1.18156E-07
   634  1.14264E+01 -1.02221E-05 -1.02184E-05 -3.73539E-09  0.00000E+00  0.00000E+00  9.79405E-08
   635  1.15762E+01 -8.57431E-06 -8.57118E-06 -3.13325E-09  0.00000E+00  0.00000E+00  8.10892E-08
   636  1.17271E+01 -7.18328E-06 -7.18065E-06 -2.62493E-09  0.00000E+00  0.00000E+00  6.70598E-08
   637  1.18791E+01 -6.01054E-06 -6.00834E-06 -2.19639E-09  0.00000E+00  0.00000E+00  5.53939E-08
   638  1.20320E+01 -5.02313E-06 -5.02129E-06 -1.83557E-09  0.00000E+00  0.00000E+00  4.57052E-08
   639  1.21861E+01 -4.19284E-06 -4.19130E-06 -1.53216E-09  0.00000E+00  0.00000E+00  3.76683E-08
   640  1.23411E+01 -3.49556E-06 -3.49429E-06 -1.27736E-09  0.00000E+00  0.00000E+00  3.10095E-08
   641  1.24972E+01 -2.91075E-06 -2.90969E-06 -1.06366E-09  0.00000E+00  0.00000E+00  2.54991E-08
   642  1.26542E+01 -2.42089E-06 -2.42000E-06 -8.84648E-10  0.00000E+00  0.00000E+00  2.09445E-08
   643  1.28123E+01 -2.01107E-06 -2.01034E-06 -7.34893E-10  0.00000E+00  0.00000E+00  1.71843E-08
   644  1.29714E+01 -1.66866E-06 -1.66805E-06 -6.09768E-10  0.00000E+00  0.00000E+00  1.40836E-08
   645  1.31315E+01 -1.38293E-06 -1.38242E-06 -5.05354E-10  0.00000E+00  0.00000E+00  1.15296E-08
   646  1.32926E+01 -1.14478E-06 -1.14437E-06 -4.18331E-10  0.00000E+00  0.00000E+00  9.42854E-09
   647  1.34547E+01 -9.46551E-07 -9.46205E-07 -3.45892E-10  0.00000E+00  0.00000E+00  7.70196E-09
   648  1.36178E+01 -7.81742E-07 -7.81456E-07 -2.85666E-10  0.00000E+00  0.00000E+00  6.28476E-09
   649  1.37818E+01 -6.44889E-07 -6.44653E-07 -2.35657E-10  0.00000E+00  0.00000E+00  5.12283E-09
   650  1.39468E+01 -5.31387E-07 -5.31193E-07 -1.94181E-10  0.00000E+00  0.00000E+00  4.17126E-09
   651  1.41128E+01 -4.37367E-07 -4.37207E-07 -1.59824E-10  0.00000E+00  0.00000E+00  3.39284E-09
   652  1.42798E+01 -3.59577E-07 -3.59446E-07 -1.31398E-10  0.00000E+00  0.00000E+00  2.75678E-09
   653  1.44476E+01 -2.95293E-07 -2.95185E-07 -1.07907E-10  0.00000E+00  0.00000E+00  2.23762E-09
   654  1.46165E+01 -2.42232E-07 -2.42143E-07 -8.85170E-11  0.00000E+00  0.00000E+00  1.81434E-09
   655  1.47863E+01 -1.98486E-07 -1.98413E-07 -7.25313E-11  0.00000E+00  0.00000E+00  1.46961E-09
   656  1.49570E+01 -1.62462E-07 -1.62403E-07 -5.93674E-11  0.00000E+00  0.00000E+00  1.18916E-09
   657  1.51286E+01 -1.32831E-07 -1.32783E-07 -4.85397E-11  0.00000E+00  0.00000E+00  9.61242E-10
   658  1.53012E+01 -1.08488E-07 -1.08448E-07 -3.96439E-11  0.00000E+00  0.00000E+00  7.76222E-10
   659  1.54747E+01 -8.85100E-08 -8.84776E-08 -3.23436E-11  0.00000E+00  0.00000E+00  6.26184E-10
   660  1.56491E+01 -7.21341E-08 -7.21078E-08 -2.63595E-11  0.00000E+00  0.00000E+00  5.04642E-10
   661  1.58244E+01 -5.87258E-08 -5.87043E-08 -2.14598E-11  0.00000E+00  0.00000E+00  4.06288E-10
   662  1.60006E+01 -4.77594E-08 -4.77420E-08 -1.74524E-11  0.00000E+00  0.00000E+00  3.26780E-10
   663  1.61776E+01 -3.88003E-08 -3.87862E-08 -1.41785E-11  0.00000E+00  0.00000E+00  2.62574E-10
   664  1.63556E+01 -3.14891E-08 -3.14776E-08 -1.15069E-11  0.00000E+00  0.00000E+00  2.10778E-10
   665  1.65345E+01 -2.55292E-08 -2.55199E-08 -9.32897E-12  0.00000E+00  0.00000E+00  1.69036E-10
   666  1.67142E+01 -2.06762E-08 -2.06686E-08 -7.55555E-12  0.00000E+00  0.00000E+00  1.35430E-10
   667  1.68948E+01 -1.67286E-08 -1.67225E-08 -6.11303E-12  0.00000E+00  0.00000E+00  1.08402E-10
   668  1.70762E+01 -1.35211E-08 -1.35162E-08 -4.94093E-12  0.00000E+00  0.00000E+00  8.66866E-11
   669  1.72586E+01 -1.09177E-08 -1.09137E-08 -3.98956E-12  0.00000E+00  0.00000E+00  6.92558E-11
   670  1.74417E+01 -8.80671E-09 -8.80349E-09 -3.21818E-12  0.00000E+00  0.00000E+00  5.52785E-11
   671  1.76257E+01 -7.09690E-09 -7.09431E-09 -2.59337E-12  0.00000E+00  0.00000E+00  4.40812E-11
   672  1.78105E+01 -5.71344E-09 -5.71135E-09 -2.08783E-12  0.00000E+00  0.00000E+00  3.51198E-11
   673  1.79962E+01 -4.59520E-09 -4.59352E-09 -1.67919E-12  0.00000E+00  0.00000E+00  2.79547E-11
   674  1.81827E+01 -3.69225E-09 -3.69090E-09 -1.34923E-12  0.00000E+00  0.00000E+00  2.22313E-11
   675  1.83700E+01 -2.96388E-09 -2.96280E-09 -1.08307E-12  0.00000E+00  0.00000E+00  1.76637E-11
   676  1.85581E+01 -2.37693E-09 -2.37607E-09 -8.68586E-13  0.00000E+00  0.00000E+00  1.40221E-11
   677  1.87470E+01 -1.90442E-09 -1.90372E-09 -6.95919E-13  0.00000E+00  0.00000E+00  1.11214E-11
   678  1.89368E+01 -1.52441E-09 -1.52385E-09 -5.57053E-13  0.00000E+00  0.00000E+00  8.81305E-12
   679  1.91273E+01 -1.21909E-09 -1.21864E-09 -4.45482E-13  0.00000E+00  0.00000E+00  6.97770E-12
   680  1.93186E+01 -9.74018E-10 -9.73662E-10 -3.55929E-13  0.00000E+00  0.00000E+00  5.51979E-12
   681  1.95107E+01 -7.77501E-10 -7.77217E-10 -2.84117E-13  0.00000E+00  0.00000E+00  4.36275E-12
   682  1.97035E+01 -6.20069E-10 -6.19842E-10 -2.26587E-13  0.00000E+00  0.00000E+00  3.44530E-12
   683  1.98972E+01 -4.94068E-10 -4.93888E-10 -1.80544E-13  0.00000E+00  0.00000E+00  2.71848E-12
   684  2.00916E+01 -3.93319E-10 -3.93175E-10 -1.43728E-13  0.00000E+00  0.00000E+00  2.14319E-12
   685  2.02867E+01 -3.12835E-10 -3.12721E-10 -1.14317E-13  0.00000E+00  0.00000E+00  1.68824E-12
   686  2.04826E+01 -2.48601E-10 -2.48511E-10 -9.08445E-14  0.00000E+00  0.00000E+00  1.32877E-12
   687  2.06793E+01 -1.97383E-10 -1.97311E-10 -7.21284E-14  0.00000E+00  0.00000E+00  1.04498E-12
   688  2.08767E+01 -1.56583E-10 -1.56525E-10 -5.72184E-14  0.00000E+00  0.00000E+00  8.21127E-13
   689  2.10748E+01 -1.24106E-10 -1.24061E-10 -4.53515E-14  0.00000E+00  0.00000E+00  6.44709E-13
   690  2.12737E+01 -9.82827E-11 -9.82467E-11 -3.59150E-14  0.00000E+00  0.00000E+00  5.05788E-13
   691  2.14732E+01 -7.77653E-11 -7.77369E-11 -2.84178E-14  0.00000E+00  0.00000E+00  3.96487E-13
   692  2.16735E+01 -6.14791E-11 -6.14566E-11 -2.24667E-14  0.00000E+00  0.00000E+00  3.10560E-13
   693  2.18746E+01 -4.85638E-11 -4.85461E-11 -1.77471E-14  0.00000E+00  0.00000E+00  2.43065E-13
   694  2.20763E+01 -3.83282E-11 -3.83142E-11 -1.40073E-14  0.00000E+00  0.00000E+00  1.90092E-13
   695  2.22787E+01 -3.02269E-11 -3.02158E-11 -1.10464E-14  0.00000E+00  0.00000E+00  1.48548E-13
   696  2.24818E+01 -2.38172E-11 -2.38085E-11 -8.70436E-15  0.00000E+00  0.00000E+00  1.15996E-13
   697  2.26856E+01 -1.87510E-11 -1.87441E-11 -6.85331E-15  0.00000E+00  0.00000E+00  9.05076E-14
   698  2.28901E+01 -1.47509E-11 -1.47455E-11 -5.39156E-15  0.00000E+00  0.00000E+00  7.05670E-14
   699  2.30953E+01 -1.15950E-11 -1.15907E-11 -4.23821E-15  0.00000E+00  0.00000E+00  5.49787E-14
   700  2.33011E+01 -9.10716E-12 -9.10383E-12 -3.32895E-15  0.00000E+00  0.00000E+00  4.28022E-14
   701  2.35076E+01 -7.14712E-12 -7.14451E-12 -2.61271E-15  0.00000E+00  0.00000E+00  3.32980E-14
   702  2.37148E+01 -5.60645E-12 -5.60441E-12 -2.04898E-15  0.00000E+00  0.00000E+00  2.58853E-14
   703  2.39226E+01 -4.39276E-12 -4.39115E-12 -1.60564E-15  0.00000E+00  0.00000E+00  2.01083E-14
   704  2.41311E+01 -3.44028E-12 -3.43903E-12 -1.25726E-15  0.00000E+00  0.00000E+00  1.56093E-14
   705  2.43403E+01 -2.69039E-12 -2.68940E-12 -9.83728E-16  0.00000E+00  0.00000E+00  1.21083E-14
   706  2.45500E+01 -2.10220E-12 -2.10143E-12 -7.69123E-16  0.00000E+00  0.00000E+00  9.38597E-15
   707  2.47605E+01 -1.64373E-12 -1.64313E-12 -6.00886E-16  0.00000E+00  0.00000E+00  7.27058E-15
   708  2.49715E+01 -1.28300E-12 -1.28253E-12 -4.69101E-16  0.00000E+00  0.00000E+00  5.62804E-15
   709  2.51832E+01 -1.00223E-12 -1.00187E-12 -3.65950E-16  0.00000E+00  0.00000E+00  4.35358E-15
   710  2.53955E+01 -7.81882E-13 -7.81597E-13 -2.85272E-16  0.00000E+00  0.00000E+00  3.36541E-15
   711  2.56084E+01 -6.09513E-13 -6.09290E-13 -2.22220E-16  0.00000E+00  0.00000E+00  2.59977E-15
   712  2.58219E+01 -4.74460E-13 -4.74287E-13 -1.72979E-16  0.00000E+00  0.00000E+00  2.00697E-15
   713  2.60360E+01 -3.69617E-13 -3.69482E-13 -1.34554E-16  0.00000E+00  0.00000E+00  1.54830E-15
   714  2.62508E+01 -2.87874E-13 -2.87770E-13 -1.04590E-16  0.00000E+00  0.00000E+00  1.19367E-15
   715  2.64661E+01 -2.22126E-13 -2.22045E-13 -8.12421E-17  0.00000E+00  0.00000E+00  9.19658E-16
   716  2.66820E+01 -1.72370E-13 -1.72307E-13 -6.30623E-17  0.00000E+00  0.00000E+00  7.08086E-16
   717  2.68986E+01 -4.89169E-17 -0.00000E+00 -4.89169E-17  0.00000E+00  0.00000E+00  5.44835E-16
   718  2.68986E+01 -0.00000E+00 -0.00000E+00  0.00000E+00  0.00000E+00  0.00000E+00  0.00000E+00
   719  5.37971E+01 -0.00000E+00 -0.00000E+00  0.00000E+00  0.00000E+00  0.00000E+00  0.00000E+00
   720  1.07594E+02 -0.00000E+00 -0.00000E+00  0.00000E+00  0.00000E+00  0.00000E+00  0.00000E+00
   721  2.15188E+02 -0.00000E+00 -0.00000E+00  0.00000E+00  0.00000E+00  0.00000E+00  0.00000E+00
   722  4.30377E+02 -0.00000E+00 -0.00000E+00  0.00000E+00  0.00000E+00  0.00000E+00  0.00000E+00
   723  8.60754E+02 -0.00000E+00 -0.00000E+00  0.00000E+00  0.00000E+00  0.00000E+00  0.00000E+00
   724  1.72151E+03 -0.00000E+00 -0.00000E+00  0.00000E+00  0.00000E+00  0.00000E+00  0.00000E+00
   725  3.44301E+03 -0.00000E+00 -0.00000E+00  0.00000E+00  0.00000E+00  0.00000E+00  0.00000E+00
   726  6.88603E+03 -0.00000E+00 -0.00000E+00  0.00000E+00  0.00000E+00  0.00000E+00  0.00000E+00
   727  1.37721E+04 -0.00000E+00 -0.00000E+00  0.00000E+00  0.00000E+00  0.00000E+00  0.00000E+00
