1.31078e-4 2.06294e+22
1.72405e-2 2.18986e+22
3.49354e-2 2.31661e+22
4.67961e-2 2.38880e+22
6.15382e-2 2.45053e+22
7.31994e-2 2.52300e+22
8.72372e-2 2.57675e+22
1.00510e-1 2.64057e+22
1.20373e-1 2.70776e+22
1.34531e-1 2.76357e+22
1.51283e-1 2.83159e+22
1.68646e-1 2.91879e+22
1.89905e-1 2.98941e+22
2.09425e-1 3.06868e+22
2.32854e-1 3.14900e+22
2.56916e-1 3.22621e+22
2.79052e-1 3.31237e+22
3.04406e-1 3.39184e+22
3.25214e-1 3.47210e+22
3.45185e-1 3.56601e+22
3.71405e-1 3.64992e+22
3.99387e-1 3.74903e+22
4.30569e-1 3.84903e+22
4.53543e-1 3.92351e+22
4.80527e-1 3.97734e+22
5.07558e-1 4.05033e+22
5.35807e-1 4.12698e+22
5.68332e-1 4.20030e+22
6.07885e-1 4.24704e+22
6.42342e-1 4.27699e+22
6.79726e-1 4.27048e+22
7.51483e-1 4.25871e+22
8.23113e-1 4.19424e+22
8.94638e-1 4.08850e+22
9.66071e-1 3.94946e+22
1.03744e+0 3.79215e+22
1.12217e+0 3.61961e+22
1.17424e+0 3.49148e+22
1.23839e+0 3.31923e+22
1.30315e+0 3.16261e+22
1.35815e+0 3.01918e+22
1.40332e+0 2.87203e+22
1.43875e+0 2.74302e+22
1.46766e+0 2.62280e+22
1.49979e+0 2.49905e+22
1.54261e+0 2.35417e+22
1.59634e+0 2.19064e+22
1.62519e+0 2.08209e+22
1.65721e+0 1.96274e+22
1.68927e+0 1.85599e+22
1.72134e+0 1.75712e+22
1.75011e+0 1.65720e+22
1.76929e+0 1.59320e+22
1.80245e+0 1.49154e+22
1.82193e+0 1.37256e+22
1.84217e+0 1.28761e+22
1.86126e+0 1.22855e+22
1.89062e+0 1.15088e+22
1.91103e+0 1.07544e+22
1.92456e+0 1.01331e+22
1.94033e+0 9.60242e+21
1.95086e+0 9.09361e+21
1.96207e+0 8.62162e+21
1.98094e+0 8.04845e+21
2.00513e+0 7.58246e+21
2.01990e+0 7.09544e+21
2.02734e+0 6.68114e+21
2.03713e+0 6.27151e+21
2.04312e+0 5.94870e+21
2.05000e+0 5.53512e+21
2.05617e+0 4.52342e+21
2.05800e+0 5.16935e+21
2.06145e+0 4.25473e+21
2.06711e+0 4.83845e+21
2.07110e+0 3.77186e+21
2.07166e+0 3.98581e+21
2.07947e+0 3.49747e+21
2.08611e+0 3.31791e+21
2.08977e+0 2.71520e+21
2.09293e+0 2.48000e+21
2.09301e+0 3.09408e+21
2.09443e+0 2.32111e+21
2.09782e+0 2.91107e+21
2.10480e+0 2.20877e+21
2.11143e+0 1.96319e+21
2.11238e+0 2.08751e+21
2.11248e+0 1.68474e+21
2.11613e+0 1.86641e+21
2.11654e+0 1.57005e+21
2.12207e+0 1.76186e+21
2.12686e+0 1.48663e+21
2.13610e+0 1.40865e+21
2.13899e+0 1.02236e+21
2.14039e+0 1.29777e+21
2.14235e+0 1.09110e+21
2.14387e+0 1.15620e+21
2.14437e+0 1.21398e+21
