

  **** PARTIAL WAVE ANALYSIS (DPWA0) ******************************************


  KINETIC ENERGY = 2.50000E+04 eV

      L       PHASE(SPIN UP)     PHASE(SPIN DOWN)
  -----------------------------------------------
       0      1.23208975E+00      0.00000000E+00
       1      9.00225529E-01      9.16205039E-01
       2      7.35502878E-01      7.43036446E-01
       3      6.29100152E-01      6.33907419E-01
       4      5.52069622E-01      5.55536446E-01
       5      4.92606286E-01      4.95279574E-01
       6      4.44765673E-01      4.46916424E-01
       7      4.05148063E-01      4.06929907E-01
       8      3.71634433E-01      3.73142655E-01
       9      3.42818670E-01      3.44116327E-01
      10      3.17721866E-01      3.18852796E-01
      11      2.95636025E-01      2.96631915E-01
      12      2.76032897E-01      2.76917387E-01
      13      2.58508010E-01      2.59299204E-01
      14      2.42744838E-01      2.43456908E-01
      15      2.28491036E-01      2.29135285E-01
      16      2.15542201E-01      2.16127788E-01
      17      2.03730472E-01      2.04264921E-01
      18      1.92916342E-01      1.93405909E-01
      19      1.82982658E-01      1.83432599E-01
      20      1.73830140E-01      1.74244908E-01
      21      1.65373969E-01      1.65757372E-01
      22      1.57541169E-01      1.57896483E-01
      23      1.50268552E-01      1.50598615E-01
      24      1.43501092E-01      1.43808375E-01
      25      1.37190628E-01      1.37477296E-01
      26      1.31294813E-01      1.31562768E-01
      27      1.25776253E-01      1.26027177E-01
      28      1.20601805E-01      1.20837187E-01
      29      1.15741986E-01      1.15963153E-01
      30      1.11170488E-01      1.11378623E-01
      31      1.06863763E-01      1.07059926E-01
      32      1.02800678E-01      1.02985820E-01
      33      9.89622137E-02      9.91371909E-02
      34      9.53312155E-02      9.54968007E-02
      35      9.18921734E-02      9.20490651E-02
      36      8.86310344E-02      8.87798660E-02
      37      8.55350403E-02      8.56763867E-02
      38      8.25925852E-02      8.27269698E-02
      39      7.97930928E-02      7.99209926E-02
      40      7.71269075E-02      7.72487580E-02
      41      7.45851999E-02      7.47013996E-02
      42      7.21598828E-02      7.22707968E-02
      43      6.98435374E-02      6.99495007E-02
      44      6.76293481E-02      6.77306686E-02
      45      6.55110439E-02      6.56080049E-02
      46      6.34828474E-02      6.35757101E-02
      47      6.15394283E-02      6.16284336E-02
      48      5.96758624E-02      5.97612331E-02
      49      5.78875950E-02      5.79695372E-02
      50      5.61704077E-02      5.62491122E-02
      51      5.45203889E-02      5.45960329E-02
      52      5.29339071E-02      5.30066551E-02
      53      5.14075870E-02      5.14775918E-02
      54      4.99382878E-02      5.00056918E-02
      55      4.85230834E-02      4.85880193E-02
      56      4.71592452E-02      4.72218367E-02
      57      4.58442257E-02      4.59045883E-02
      58      4.45756439E-02      4.46338857E-02
      59      4.33512725E-02      4.34074946E-02
      60      4.21690252E-02      4.22233224E-02
      61      4.10269466E-02      4.10794076E-02
      62      3.99232015E-02      3.99739098E-02
      63      3.88560661E-02      3.89051001E-02
      64      3.78239200E-02      3.78713532E-02
      65      3.68252379E-02      3.68711398E-02
      66      3.58585832E-02      3.59030192E-02
      67      3.49226016E-02      3.49656333E-02
      68      3.40160150E-02      3.40577006E-02
      69      3.31376162E-02      3.31780107E-02
      70      3.22862643E-02      3.23254195E-02
      71      3.14608795E-02      3.14988449E-02
      72      3.06604399E-02      3.06972618E-02
      73      2.98839766E-02      2.99196994E-02
      74      2.91305711E-02      2.91652366E-02
      75      2.83993514E-02      2.84329993E-02
      76      2.76894891E-02      2.77221573E-02
      77      2.70001970E-02      2.70319214E-02
      78      2.63307260E-02      2.63615409E-02
      79      2.56803632E-02      2.57103010E-02
      80      2.50484292E-02      2.50775211E-02
      81      2.44342765E-02      2.44625520E-02
      82      2.38372873E-02      2.38647748E-02
      83      2.32568720E-02      2.32835983E-02
      84      2.26924672E-02      2.27184580E-02
      85      2.21435345E-02      2.21688146E-02
      86      2.16095590E-02      2.16341519E-02
      87      2.10900479E-02      2.11139761E-02
      88      2.05845293E-02      2.06078144E-02
      89      2.00925511E-02      2.01152138E-02
      90      1.96136799E-02      1.96357402E-02
      91      1.91475001E-02      1.91689769E-02
      92      1.86936127E-02      1.87145243E-02
      93      1.82516347E-02      1.82719986E-02
      94      1.78211982E-02      1.78410313E-02
      95      1.74019495E-02      1.74212681E-02  i
      96      1.69935486E-02      1.70123682E-02  i
      97      1.65956684E-02      1.66140041E-02  i
      98      1.62079941E-02      1.62258602E-02  i
      99      1.58302225E-02      1.58476330E-02  i
     100      1.54620617E-02      1.54790299E-02  i
     105      1.37559155E-02      1.37708573E-02  i
     110      1.22518069E-02      1.22649931E-02  i
     115      1.09231105E-02      1.09347695E-02  i
     120      9.74728739E-03      9.75761316E-03  i
     125      8.70512825E-03      8.71428665E-03  i
     130      7.78016507E-03      7.78829865E-03  i
     135      6.95820917E-03      6.96544102E-03  i
     140      6.22698254E-03      6.23341938E-03  i
     145      5.57582075E-03      5.58155544E-03  i
     150      4.99543058E-03      5.00054415E-03  i
     155      4.47769063E-03      4.48225398E-03  i
     160      4.01548570E-03      4.01956102E-03  i
     165      3.60256826E-03      3.60621020E-03  i
     170      3.23344177E-03      3.23669848E-03  i
     175      2.90326184E-03      2.90617577E-03  i
     180      2.60775199E-03      2.61036065E-03  i
     185      2.34313165E-03      2.34546822E-03  i
     190      2.10605422E-03      2.10814808E-03  i
     195      1.89355365E-03      1.89543086E-03  i
     200      1.70299829E-03      1.70468200E-03  i
     205      1.53205081E-03      1.53356157E-03  i
     210      1.37863329E-03      1.37998938E-03  i
     215      1.24089681E-03      1.24211451E-03  i
     220      1.11719487E-03      1.11828868E-03  i
     225      1.00606012E-03      1.00704297E-03  i
     230      9.06183915E-04      9.07067330E-04  i
     235      8.16398367E-04      8.17192646E-04  i
     240      7.35660561E-04      7.36374900E-04  i
     245      6.63038613E-04      6.63681232E-04  i
     250      5.97699389E-04      5.98277640E-04  i
     255      5.38897645E-04      5.39418103E-04  i
     260      4.85966420E-04      4.86434972E-04  i
     265      4.38308527E-04      4.38730448E-04  i
     270      3.95389017E-04      3.95769030E-04  i
     275      3.56728483E-04      3.57070822E-04  i
     280      3.21897118E-04      3.22205581E-04  i
     285      2.90509435E-04      2.90787428E-04  i
     290      2.62219569E-04      2.62470149E-04  i
     295      2.36717093E-04      2.36943003E-04  i
     300      2.13723294E-04      2.13926999E-04  i
     310      1.74285876E-04      1.74451587E-04  i
     320      1.42194350E-04      1.42329237E-04  i
     330      1.16064598E-04      1.16174459E-04  i
     340      9.47770209E-05      9.48665483E-05  i
     350      7.74250908E-05      7.74980855E-05  i
     360      6.32741293E-05      6.33336730E-05  i
     370      5.17282249E-05      5.17768184E-05  i
     380      4.23036432E-05      4.23433173E-05  i
     390      3.46074219E-05      3.46398270E-05  i
     400      2.83201169E-05      2.83465948E-05  i
     410      2.31818808E-05      2.32035236E-05  i
     420      1.89812208E-05      1.89989176E-05  i
     430      1.55459000E-05      1.55603749E-05  i
     440      1.27355764E-05      1.27474197E-05  i
     450      1.04358426E-05      1.04455357E-05  i
     460      8.55338503E-06      8.56132049E-06  i
     470      7.01206467E-06      7.01856299E-06  i
     480      5.74972504E-06      5.75504782E-06  i
     490      4.71560908E-06      4.71997011E-06  i
     500      3.86824993E-06      3.87182379E-06  i
     510      3.17375893E-06      3.17668842E-06  i
     520      2.60443105E-06      2.60683282E-06  i
     530      2.13760948E-06      2.13957903E-06  i
     540      1.75475940E-06      1.75637484E-06  i
     550      1.44071439E-06      1.44203966E-06  i
     560      1.18306004E-06      1.18414741E-06  i
     570      9.71631960E-07      9.72524336E-07  i
     580      7.98106187E-07      7.98838657E-07  i
     590      6.55664044E-07      6.56265369E-07  i
     600      5.38718227E-07      5.39211951E-07  i
     620      3.63825657E-07      3.64158652E-07  i
     640      2.45834553E-07      2.46059272E-07  i
     660      1.66185795E-07      1.66337537E-07  i
     680      1.12391890E-07      1.12494392E-07  i
     700      7.60420719E-08      7.61113765E-08  i
     720      5.14681711E-08      5.15150185E-08  i
     740      3.48489449E-08      3.48806280E-08  i
     760      2.36036441E-08      2.36251050E-08  i
     780      1.59918530E-08      1.60063784E-08  i
     800      1.08377156E-08      1.08475647E-08  i
     820      7.34649359E-09      7.35315687E-09  i
     840      4.98162840E-09      4.98615425E-09  i
     860      3.37808714E-09      3.38114181E-09  i
     880      2.29096573E-09      2.29302384E-09  i
     900      1.55423243E-09      1.55562333E-09  i
     920      1.05399093E-09      1.05495331E-09  i


  *** SCATTERING AMPLITUDES AND DIFFERENTIAL CROSS SECTION ***

    ANGLE      DCS       ASYMMETRY    DIRECT AMPLITUDE       SPIN-FLIP AMPLITUDE     ERROR
    (deg)   (cm**2/sr)                      (cm)                    (cm)
  -------------------------------------------------------------------------------------------
  0.000E+00 7.84594E-15  0.000E+00 ( 8.820E-08, 8.141E-09) ( 0.000E+00, 0.000E+00)  1.00E-07
  1.000E-04 7.84594E-15  1.101E-10 ( 8.820E-08, 8.141E-09) ( 3.598E-15, 3.370E-16)  1.00E-07
  1.250E-04 7.84594E-15  1.376E-10 ( 8.820E-08, 8.141E-09) ( 4.497E-15, 4.212E-16)  1.00E-07
  1.500E-04 7.84594E-15  1.652E-10 ( 8.820E-08, 8.141E-09) ( 5.397E-15, 5.055E-16)  1.00E-07
  1.750E-04 7.84594E-15  1.927E-10 ( 8.820E-08, 8.141E-09) ( 6.296E-15, 5.897E-16)  1.00E-07
  2.000E-04 7.84594E-15  2.202E-10 ( 8.820E-08, 8.141E-09) ( 7.196E-15, 6.740E-16)  1.00E-07
  2.250E-04 7.84594E-15  2.478E-10 ( 8.820E-08, 8.141E-09) ( 8.095E-15, 7.582E-16)  1.00E-07
  2.500E-04 7.84594E-15  2.753E-10 ( 8.820E-08, 8.141E-09) ( 8.995E-15, 8.425E-16)  1.00E-07
  2.750E-04 7.84594E-15  3.028E-10 ( 8.820E-08, 8.141E-09) ( 9.894E-15, 9.267E-16)  1.00E-07
  3.000E-04 7.84594E-15  3.304E-10 ( 8.820E-08, 8.141E-09) ( 1.079E-14, 1.011E-15)  1.00E-07
  3.250E-04 7.84594E-15  3.579E-10 ( 8.820E-08, 8.141E-09) ( 1.169E-14, 1.095E-15)  1.00E-07
  3.500E-04 7.84594E-15  3.854E-10 ( 8.820E-08, 8.141E-09) ( 1.259E-14, 1.179E-15)  1.00E-07
  3.750E-04 7.84594E-15  4.129E-10 ( 8.820E-08, 8.141E-09) ( 1.349E-14, 1.264E-15)  1.00E-07
  4.000E-04 7.84594E-15  4.405E-10 ( 8.820E-08, 8.141E-09) ( 1.439E-14, 1.348E-15)  1.00E-07
  4.250E-04 7.84594E-15  4.680E-10 ( 8.820E-08, 8.141E-09) ( 1.529E-14, 1.432E-15)  1.00E-07
  4.500E-04 7.84594E-15  4.955E-10 ( 8.820E-08, 8.141E-09) ( 1.619E-14, 1.516E-15)  1.00E-07
  4.750E-04 7.84594E-15  5.231E-10 ( 8.820E-08, 8.141E-09) ( 1.709E-14, 1.601E-15)  1.00E-07
  5.000E-04 7.84594E-15  5.506E-10 ( 8.820E-08, 8.141E-09) ( 1.799E-14, 1.685E-15)  1.00E-07
  5.250E-04 7.84594E-15  5.781E-10 ( 8.820E-08, 8.141E-09) ( 1.889E-14, 1.769E-15)  1.00E-07
  5.500E-04 7.84594E-15  6.056E-10 ( 8.820E-08, 8.141E-09) ( 1.979E-14, 1.853E-15)  1.00E-07
  5.750E-04 7.84594E-15  6.332E-10 ( 8.820E-08, 8.141E-09) ( 2.069E-14, 1.938E-15)  1.00E-07
  6.000E-04 7.84594E-15  6.607E-10 ( 8.820E-08, 8.141E-09) ( 2.159E-14, 2.022E-15)  1.00E-07
  6.250E-04 7.84594E-15  6.882E-10 ( 8.820E-08, 8.141E-09) ( 2.249E-14, 2.106E-15)  1.00E-07
  6.500E-04 7.84594E-15  7.158E-10 ( 8.820E-08, 8.141E-09) ( 2.339E-14, 2.190E-15)  1.00E-07
  6.750E-04 7.84594E-15  7.433E-10 ( 8.820E-08, 8.141E-09) ( 2.429E-14, 2.275E-15)  1.00E-07
  7.000E-04 7.84594E-15  7.708E-10 ( 8.820E-08, 8.141E-09) ( 2.519E-14, 2.359E-15)  1.00E-07
  7.250E-04 7.84594E-15  7.983E-10 ( 8.820E-08, 8.141E-09) ( 2.608E-14, 2.443E-15)  1.00E-07
  7.500E-04 7.84594E-15  8.259E-10 ( 8.820E-08, 8.141E-09) ( 2.698E-14, 2.527E-15)  1.00E-07
  7.750E-04 7.84594E-15  8.534E-10 ( 8.820E-08, 8.141E-09) ( 2.788E-14, 2.612E-15)  1.00E-07
  8.000E-04 7.84594E-15  8.809E-10 ( 8.820E-08, 8.141E-09) ( 2.878E-14, 2.696E-15)  1.00E-07
  8.250E-04 7.84594E-15  9.085E-10 ( 8.820E-08, 8.141E-09) ( 2.968E-14, 2.780E-15)  1.00E-07
  8.500E-04 7.84594E-15  9.360E-10 ( 8.820E-08, 8.141E-09) ( 3.058E-14, 2.864E-15)  1.00E-07
  8.750E-04 7.84593E-15  9.635E-10 ( 8.820E-08, 8.141E-09) ( 3.148E-14, 2.949E-15)  1.00E-07
  9.000E-04 7.84593E-15  9.911E-10 ( 8.820E-08, 8.141E-09) ( 3.238E-14, 3.033E-15)  1.00E-07
  9.250E-04 7.84593E-15  1.019E-09 ( 8.820E-08, 8.141E-09) ( 3.328E-14, 3.117E-15)  1.00E-07
  9.500E-04 7.84593E-15  1.046E-09 ( 8.820E-08, 8.141E-09) ( 3.418E-14, 3.201E-15)  1.00E-07
  9.750E-04 7.84593E-15  1.074E-09 ( 8.820E-08, 8.141E-09) ( 3.508E-14, 3.286E-15)  1.00E-07
  1.000E-03 7.84593E-15  1.101E-09 ( 8.820E-08, 8.141E-09) ( 3.598E-14, 3.370E-15)  1.00E-07
  1.250E-03 7.84592E-15  1.376E-09 ( 8.820E-08, 8.141E-09) ( 4.497E-14, 4.212E-15)  1.00E-07
  1.500E-03 7.84592E-15  1.652E-09 ( 8.820E-08, 8.141E-09) ( 5.397E-14, 5.055E-15)  1.00E-07
  1.750E-03 7.84591E-15  1.927E-09 ( 8.820E-08, 8.141E-09) ( 6.296E-14, 5.897E-15)  1.00E-07
  2.000E-03 7.84589E-15  2.202E-09 ( 8.820E-08, 8.141E-09) ( 7.196E-14, 6.740E-15)  1.00E-07
  2.250E-03 7.84588E-15  2.478E-09 ( 8.820E-08, 8.141E-09) ( 8.095E-14, 7.582E-15)  1.00E-07
  2.500E-03 7.84587E-15  2.753E-09 ( 8.820E-08, 8.141E-09) ( 8.995E-14, 8.425E-15)  1.00E-07
  2.750E-03 7.84585E-15  3.028E-09 ( 8.820E-08, 8.141E-09) ( 9.894E-14, 9.267E-15)  1.00E-07
  3.000E-03 7.84583E-15  3.304E-09 ( 8.820E-08, 8.141E-09) ( 1.079E-13, 1.011E-14)  1.00E-07
  3.250E-03 7.84581E-15  3.579E-09 ( 8.820E-08, 8.141E-09) ( 1.169E-13, 1.095E-14)  1.00E-07
  3.500E-03 7.84579E-15  3.854E-09 ( 8.820E-08, 8.141E-09) ( 1.259E-13, 1.179E-14)  1.00E-07
  3.750E-03 7.84577E-15  4.129E-09 ( 8.820E-08, 8.141E-09) ( 1.349E-13, 1.264E-14)  1.00E-07
  4.000E-03 7.84574E-15  4.405E-09 ( 8.820E-08, 8.141E-09) ( 1.439E-13, 1.348E-14)  1.00E-07
  4.250E-03 7.84572E-15  4.680E-09 ( 8.820E-08, 8.141E-09) ( 1.529E-13, 1.432E-14)  1.00E-07
  4.500E-03 7.84569E-15  4.955E-09 ( 8.820E-08, 8.141E-09) ( 1.619E-13, 1.516E-14)  1.00E-07
  4.750E-03 7.84566E-15  5.231E-09 ( 8.820E-08, 8.141E-09) ( 1.709E-13, 1.601E-14)  1.00E-07
  5.000E-03 7.84563E-15  5.506E-09 ( 8.820E-08, 8.141E-09) ( 1.799E-13, 1.685E-14)  1.00E-07
  5.250E-03 7.84560E-15  5.781E-09 ( 8.820E-08, 8.141E-09) ( 1.889E-13, 1.769E-14)  1.00E-07
  5.500E-03 7.84557E-15  6.057E-09 ( 8.820E-08, 8.141E-09) ( 1.979E-13, 1.853E-14)  1.00E-07
  5.750E-03 7.84553E-15  6.332E-09 ( 8.820E-08, 8.141E-09) ( 2.069E-13, 1.938E-14)  1.00E-07
  6.000E-03 7.84550E-15  6.607E-09 ( 8.820E-08, 8.141E-09) ( 2.159E-13, 2.022E-14)  1.00E-07
  6.250E-03 7.84546E-15  6.882E-09 ( 8.820E-08, 8.141E-09) ( 2.249E-13, 2.106E-14)  1.00E-07
  6.500E-03 7.84542E-15  7.158E-09 ( 8.820E-08, 8.141E-09) ( 2.339E-13, 2.190E-14)  1.00E-07
  6.750E-03 7.84538E-15  7.433E-09 ( 8.820E-08, 8.141E-09) ( 2.428E-13, 2.275E-14)  1.00E-07
  7.000E-03 7.84533E-15  7.708E-09 ( 8.820E-08, 8.141E-09) ( 2.518E-13, 2.359E-14)  1.00E-07
  7.250E-03 7.84529E-15  7.984E-09 ( 8.820E-08, 8.141E-09) ( 2.608E-13, 2.443E-14)  1.00E-07
  7.500E-03 7.84524E-15  8.259E-09 ( 8.820E-08, 8.141E-09) ( 2.698E-13, 2.527E-14)  1.00E-07
  7.750E-03 7.84520E-15  8.534E-09 ( 8.820E-08, 8.141E-09) ( 2.788E-13, 2.612E-14)  1.00E-07
  8.000E-03 7.84515E-15  8.810E-09 ( 8.820E-08, 8.141E-09) ( 2.878E-13, 2.696E-14)  1.00E-07
  8.250E-03 7.84510E-15  9.085E-09 ( 8.820E-08, 8.141E-09) ( 2.968E-13, 2.780E-14)  1.00E-07
  8.500E-03 7.84504E-15  9.360E-09 ( 8.820E-08, 8.141E-09) ( 3.058E-13, 2.864E-14)  1.00E-07
  8.750E-03 7.84499E-15  9.636E-09 ( 8.820E-08, 8.141E-09) ( 3.148E-13, 2.949E-14)  1.00E-07
  9.000E-03 7.84494E-15  9.911E-09 ( 8.820E-08, 8.141E-09) ( 3.238E-13, 3.033E-14)  1.00E-07
  9.250E-03 7.84488E-15  1.019E-08 ( 8.820E-08, 8.141E-09) ( 3.328E-13, 3.117E-14)  1.00E-07
  9.500E-03 7.84482E-15  1.046E-08 ( 8.820E-08, 8.141E-09) ( 3.418E-13, 3.201E-14)  1.00E-07
  9.750E-03 7.84476E-15  1.074E-08 ( 8.820E-08, 8.141E-09) ( 3.508E-13, 3.286E-14)  1.00E-07
  1.000E-02 7.84470E-15  1.101E-08 ( 8.820E-08, 8.141E-09) ( 3.598E-13, 3.370E-14)  1.00E-07
  1.250E-02 7.84400E-15  1.377E-08 ( 8.819E-08, 8.141E-09) ( 4.497E-13, 4.212E-14)  1.00E-07
  1.500E-02 7.84314E-15  1.652E-08 ( 8.819E-08, 8.141E-09) ( 5.396E-13, 5.055E-14)  1.00E-07
  1.750E-02 7.84213E-15  1.927E-08 ( 8.818E-08, 8.141E-09) ( 6.295E-13, 5.897E-14)  1.00E-07
  2.000E-02 7.84096E-15  2.203E-08 ( 8.817E-08, 8.141E-09) ( 7.193E-13, 6.740E-14)  1.00E-07
  2.250E-02 7.83964E-15  2.478E-08 ( 8.817E-08, 8.141E-09) ( 8.092E-13, 7.582E-14)  1.00E-07
  2.500E-02 7.83816E-15  2.754E-08 ( 8.816E-08, 8.141E-09) ( 8.990E-13, 8.424E-14)  1.00E-07
  2.750E-02 7.83653E-15  3.030E-08 ( 8.815E-08, 8.141E-09) ( 9.888E-13, 9.267E-14)  1.00E-07
  3.000E-02 7.83475E-15  3.306E-08 ( 8.814E-08, 8.141E-09) ( 1.079E-12, 1.011E-13)  1.00E-07
  3.250E-02 7.83280E-15  3.581E-08 ( 8.813E-08, 8.141E-09) ( 1.168E-12, 1.095E-13)  1.00E-07
  3.500E-02 7.83071E-15  3.857E-08 ( 8.812E-08, 8.140E-09) ( 1.258E-12, 1.179E-13)  1.00E-07
  3.750E-02 7.82846E-15  4.133E-08 ( 8.810E-08, 8.140E-09) ( 1.348E-12, 1.264E-13)  1.00E-07
  4.000E-02 7.82605E-15  4.409E-08 ( 8.809E-08, 8.140E-09) ( 1.437E-12, 1.348E-13)  1.00E-07
  4.250E-02 7.82349E-15  4.686E-08 ( 8.808E-08, 8.140E-09) ( 1.527E-12, 1.432E-13)  1.00E-07
  4.500E-02 7.82078E-15  4.962E-08 ( 8.806E-08, 8.140E-09) ( 1.616E-12, 1.516E-13)  1.00E-07
  4.750E-02 7.81792E-15  5.239E-08 ( 8.804E-08, 8.140E-09) ( 1.706E-12, 1.600E-13)  1.00E-07
  5.000E-02 7.81490E-15  5.515E-08 ( 8.803E-08, 8.139E-09) ( 1.795E-12, 1.685E-13)  1.00E-07
  5.250E-02 7.81173E-15  5.792E-08 ( 8.801E-08, 8.139E-09) ( 1.885E-12, 1.769E-13)  1.00E-07
  5.500E-02 7.80840E-15  6.069E-08 ( 8.799E-08, 8.139E-09) ( 1.974E-12, 1.853E-13)  1.00E-07
  5.750E-02 7.80493E-15  6.346E-08 ( 8.797E-08, 8.139E-09) ( 2.063E-12, 1.937E-13)  1.00E-07
  6.000E-02 7.80130E-15  6.623E-08 ( 8.795E-08, 8.139E-09) ( 2.153E-12, 2.021E-13)  1.00E-07
  6.250E-02 7.79752E-15  6.901E-08 ( 8.793E-08, 8.138E-09) ( 2.242E-12, 2.105E-13)  1.00E-07
  6.500E-02 7.79359E-15  7.178E-08 ( 8.791E-08, 8.138E-09) ( 2.331E-12, 2.190E-13)  1.00E-07
  6.750E-02 7.78951E-15  7.456E-08 ( 8.788E-08, 8.138E-09) ( 2.420E-12, 2.274E-13)  1.00E-07
  7.000E-02 7.78528E-15  7.734E-08 ( 8.786E-08, 8.138E-09) ( 2.509E-12, 2.358E-13)  1.00E-07
  7.250E-02 7.78090E-15  8.012E-08 ( 8.783E-08, 8.137E-09) ( 2.598E-12, 2.442E-13)  1.00E-07
  7.500E-02 7.77636E-15  8.290E-08 ( 8.781E-08, 8.137E-09) ( 2.686E-12, 2.526E-13)  1.00E-07
  7.750E-02 7.77168E-15  8.569E-08 ( 8.778E-08, 8.137E-09) ( 2.775E-12, 2.610E-13)  1.00E-07
  8.000E-02 7.76685E-15  8.848E-08 ( 8.775E-08, 8.136E-09) ( 2.864E-12, 2.694E-13)  1.00E-07
  8.250E-02 7.76188E-15  9.127E-08 ( 8.773E-08, 8.136E-09) ( 2.952E-12, 2.778E-13)  1.00E-07
  8.500E-02 7.75675E-15  9.406E-08 ( 8.770E-08, 8.136E-09) ( 3.041E-12, 2.863E-13)  1.00E-07
  8.750E-02 7.75148E-15  9.686E-08 ( 8.767E-08, 8.135E-09) ( 3.129E-12, 2.947E-13)  1.00E-07
  9.000E-02 7.74606E-15  9.965E-08 ( 8.763E-08, 8.135E-09) ( 3.217E-12, 3.031E-13)  1.00E-07
  9.250E-02 7.74049E-15  1.025E-07 ( 8.760E-08, 8.135E-09) ( 3.305E-12, 3.115E-13)  1.00E-07
  9.500E-02 7.73478E-15  1.053E-07 ( 8.757E-08, 8.134E-09) ( 3.394E-12, 3.199E-13)  1.00E-07
  9.750E-02 7.72892E-15  1.081E-07 ( 8.754E-08, 8.134E-09) ( 3.482E-12, 3.283E-13)  1.00E-07
  1.000E-01 7.72292E-15  1.109E-07 ( 8.750E-08, 8.134E-09) ( 3.569E-12, 3.367E-13)  1.00E-07
  1.250E-01 7.65505E-15  1.391E-07 ( 8.711E-08, 8.129E-09) ( 4.442E-12, 4.206E-13)  1.00E-07
  1.500E-01 7.57337E-15  1.677E-07 ( 8.665E-08, 8.124E-09) ( 5.302E-12, 5.044E-13)  1.00E-07
  1.750E-01 7.47861E-15  1.967E-07 ( 8.610E-08, 8.118E-09) ( 6.146E-12, 5.881E-13)  1.00E-07
  2.000E-01 7.37157E-15  2.262E-07 ( 8.547E-08, 8.111E-09) ( 6.974E-12, 6.715E-13)  1.00E-07
  2.250E-01 7.25316E-15  2.563E-07 ( 8.478E-08, 8.103E-09) ( 7.782E-12, 7.547E-13)  1.00E-07
  2.500E-01 7.12435E-15  2.869E-07 ( 8.402E-08, 8.094E-09) ( 8.569E-12, 8.377E-13)  1.00E-07
  2.750E-01 6.98614E-15  3.183E-07 ( 8.319E-08, 8.084E-09) ( 9.333E-12, 9.203E-13)  1.00E-07
  3.000E-01 6.83959E-15  3.504E-07 ( 8.231E-08, 8.073E-09) ( 1.007E-11, 1.003E-12)  1.00E-07
  3.250E-01 6.68573E-15  3.833E-07 ( 8.137E-08, 8.062E-09) ( 1.079E-11, 1.085E-12)  1.00E-07
  3.500E-01 6.52565E-15  4.170E-07 ( 8.038E-08, 8.049E-09) ( 1.148E-11, 1.166E-12)  1.00E-07
  3.750E-01 6.36038E-15  4.517E-07 ( 7.935E-08, 8.036E-09) ( 1.214E-11, 1.248E-12)  1.00E-07
  4.000E-01 6.19094E-15  4.874E-07 ( 7.827E-08, 8.022E-09) ( 1.277E-11, 1.329E-12)  1.00E-07
  4.250E-01 6.01832E-15  5.241E-07 ( 7.716E-08, 8.007E-09) ( 1.338E-11, 1.409E-12)  1.00E-07
  4.500E-01 5.84345E-15  5.619E-07 ( 7.602E-08, 7.991E-09) ( 1.396E-11, 1.489E-12)  1.00E-07
  4.750E-01 5.66722E-15  6.008E-07 ( 7.486E-08, 7.975E-09) ( 1.451E-11, 1.568E-12)  1.00E-07
  5.000E-01 5.49046E-15  6.409E-07 ( 7.367E-08, 7.957E-09) ( 1.503E-11, 1.647E-12)  1.00E-07
  5.250E-01 5.31392E-15  6.822E-07 ( 7.246E-08, 7.939E-09) ( 1.552E-11, 1.726E-12)  1.00E-07
  5.500E-01 5.13830E-15  7.248E-07 ( 7.124E-08, 7.920E-09) ( 1.599E-11, 1.804E-12)  1.00E-07
  5.750E-01 4.96422E-15  7.688E-07 ( 7.001E-08, 7.901E-09) ( 1.643E-11, 1.881E-12)  1.00E-07
  6.000E-01 4.79226E-15  8.140E-07 ( 6.878E-08, 7.881E-09) ( 1.684E-11, 1.958E-12)  1.00E-07
  6.250E-01 4.62291E-15  8.607E-07 ( 6.754E-08, 7.860E-09) ( 1.723E-11, 2.034E-12)  1.00E-07
  6.500E-01 4.45660E-15  9.088E-07 ( 6.630E-08, 7.838E-09) ( 1.759E-11, 2.110E-12)  1.00E-07
  6.750E-01 4.29370E-15  9.583E-07 ( 6.506E-08, 7.816E-09) ( 1.793E-11, 2.185E-12)  1.00E-07
  7.000E-01 4.13452E-15  1.009E-06 ( 6.383E-08, 7.793E-09) ( 1.824E-11, 2.260E-12)  1.00E-07
  7.250E-01 3.97932E-15  1.062E-06 ( 6.260E-08, 7.770E-09) ( 1.853E-11, 2.333E-12)  1.00E-07
  7.500E-01 3.82830E-15  1.116E-06 ( 6.139E-08, 7.746E-09) ( 1.880E-11, 2.407E-12)  1.00E-07
  7.750E-01 3.68164E-15  1.172E-06 ( 6.018E-08, 7.721E-09) ( 1.904E-11, 2.479E-12)  1.00E-07
  8.000E-01 3.53944E-15  1.229E-06 ( 5.899E-08, 7.696E-09) ( 1.927E-11, 2.551E-12)  1.00E-07
  8.250E-01 3.40179E-15  1.288E-06 ( 5.782E-08, 7.671E-09) ( 1.948E-11, 2.622E-12)  1.00E-07
  8.500E-01 3.26873E-15  1.348E-06 ( 5.666E-08, 7.644E-09) ( 1.967E-11, 2.692E-12)  1.00E-07
  8.750E-01 3.14027E-15  1.410E-06 ( 5.552E-08, 7.618E-09) ( 1.984E-11, 2.762E-12)  1.00E-07
  9.000E-01 3.01641E-15  1.474E-06 ( 5.439E-08, 7.591E-09) ( 1.999E-11, 2.831E-12)  1.00E-07
  9.250E-01 2.89711E-15  1.539E-06 ( 5.329E-08, 7.563E-09) ( 2.013E-11, 2.899E-12)  1.00E-07
  9.500E-01 2.78231E-15  1.606E-06 ( 5.221E-08, 7.536E-09) ( 2.026E-11, 2.967E-12)  1.00E-07
  9.750E-01 2.67195E-15  1.675E-06 ( 5.114E-08, 7.507E-09) ( 2.037E-11, 3.034E-12)  1.00E-07
  1.000E+00 2.56593E-15  1.745E-06 ( 5.010E-08, 7.479E-09) ( 2.047E-11, 3.100E-12)  1.00E-07
  1.100E+00 2.18321E-15  2.044E-06 ( 4.614E-08, 7.361E-09) ( 2.074E-11, 3.357E-12)  1.00E-07
  1.200E+00 1.86089E-15  2.369E-06 ( 4.253E-08, 7.239E-09) ( 2.086E-11, 3.603E-12)  1.00E-07
  1.300E+00 1.59078E-15  2.720E-06 ( 3.925E-08, 7.114E-09) ( 2.086E-11, 3.836E-12)  1.00E-07
  1.400E+00 1.36491E-15  3.098E-06 ( 3.628E-08, 6.986E-09) ( 2.077E-11, 4.059E-12)  1.00E-07
  1.500E+00 1.17604E-15  3.501E-06 ( 3.360E-08, 6.857E-09) ( 2.062E-11, 4.269E-12)  1.00E-07
  1.600E+00 1.01786E-15  3.928E-06 ( 3.119E-08, 6.727E-09) ( 2.042E-11, 4.469E-12)  1.00E-07
  1.700E+00 8.85048E-16  4.378E-06 ( 2.901E-08, 6.598E-09) ( 2.019E-11, 4.659E-12)  1.00E-07
  1.800E+00 7.73149E-16  4.850E-06 ( 2.704E-08, 6.469E-09) ( 1.994E-11, 4.838E-12)  1.00E-07
  1.900E+00 6.78500E-16  5.343E-06 ( 2.526E-08, 6.341E-09) ( 1.967E-11, 5.008E-12)  1.00E-07
  2.000E+00 5.98098E-16  5.857E-06 ( 2.365E-08, 6.215E-09) ( 1.939E-11, 5.168E-12)  1.00E-07
  2.100E+00 5.29492E-16  6.390E-06 ( 2.219E-08, 6.090E-09) ( 1.911E-11, 5.320E-12)  1.00E-07
  2.200E+00 4.70686E-16  6.940E-06 ( 2.086E-08, 5.968E-09) ( 1.882E-11, 5.464E-12)  1.00E-07
  2.300E+00 4.20049E-16  7.509E-06 ( 1.964E-08, 5.847E-09) ( 1.854E-11, 5.599E-12)  1.00E-07
  2.400E+00 3.76250E-16  8.093E-06 ( 1.853E-08, 5.730E-09) ( 1.826E-11, 5.727E-12)  1.00E-07
  2.500E+00 3.38198E-16  8.693E-06 ( 1.751E-08, 5.615E-09) ( 1.798E-11, 5.848E-12)  1.00E-07
  2.600E+00 3.04997E-16  9.308E-06 ( 1.657E-08, 5.502E-09) ( 1.771E-11, 5.963E-12)  1.00E-07
  2.700E+00 2.75910E-16  9.937E-06 ( 1.571E-08, 5.392E-09) ( 1.743E-11, 6.071E-12)  1.00E-07
  2.800E+00 2.50326E-16  1.058E-05 ( 1.491E-08, 5.285E-09) ( 1.717E-11, 6.173E-12)  1.00E-07
  2.900E+00 2.27738E-16  1.123E-05 ( 1.417E-08, 5.180E-09) ( 1.691E-11, 6.269E-12)  1.00E-07
  3.000E+00 2.07723E-16  1.190E-05 ( 1.349E-08, 5.078E-09) ( 1.665E-11, 6.360E-12)  1.00E-07
  3.100E+00 1.89927E-16  1.258E-05 ( 1.285E-08, 4.978E-09) ( 1.640E-11, 6.446E-12)  1.00E-07
  3.200E+00 1.74053E-16  1.327E-05 ( 1.226E-08, 4.881E-09) ( 1.615E-11, 6.527E-12)  1.00E-07
  3.300E+00 1.59848E-16  1.397E-05 ( 1.170E-08, 4.787E-09) ( 1.591E-11, 6.604E-12)  1.00E-07
  3.400E+00 1.47101E-16  1.467E-05 ( 1.118E-08, 4.695E-09) ( 1.567E-11, 6.676E-12)  1.00E-07
  3.500E+00 1.35629E-16  1.539E-05 ( 1.070E-08, 4.605E-09) ( 1.544E-11, 6.744E-12)  1.00E-07
  3.600E+00 1.25279E-16  1.611E-05 ( 1.024E-08, 4.518E-09) ( 1.521E-11, 6.808E-12)  1.00E-07
  3.700E+00 1.15916E-16  1.684E-05 ( 9.812E-09, 4.433E-09) ( 1.498E-11, 6.868E-12)  1.00E-07
  3.800E+00 1.07428E-16  1.758E-05 ( 9.408E-09, 4.350E-09) ( 1.476E-11, 6.925E-12)  1.00E-07
  3.900E+00 9.97147E-17  1.832E-05 ( 9.027E-09, 4.269E-09) ( 1.454E-11, 6.978E-12)  1.00E-07
  4.000E+00 9.26909E-17  1.907E-05 ( 8.668E-09, 4.190E-09) ( 1.433E-11, 7.028E-12)  1.00E-07
  4.100E+00 8.62822E-17  1.982E-05 ( 8.328E-09, 4.114E-09) ( 1.412E-11, 7.075E-12)  1.00E-07
  4.200E+00 8.04235E-17  2.057E-05 ( 8.007E-09, 4.039E-09) ( 1.391E-11, 7.119E-12)  1.00E-07
  4.300E+00 7.50580E-17  2.133E-05 ( 7.703E-09, 3.966E-09) ( 1.371E-11, 7.161E-12)  1.00E-07
  4.400E+00 7.01355E-17  2.209E-05 ( 7.414E-09, 3.895E-09) ( 1.350E-11, 7.199E-12)  1.00E-07
  4.500E+00 6.56122E-17  2.284E-05 ( 7.140E-09, 3.826E-09) ( 1.331E-11, 7.235E-12)  1.00E-07
  4.600E+00 6.14492E-17  2.360E-05 ( 6.879E-09, 3.758E-09) ( 1.311E-11, 7.268E-12)  1.00E-07
  4.700E+00 5.76121E-17  2.436E-05 ( 6.632E-09, 3.692E-09) ( 1.292E-11, 7.299E-12)  1.00E-07
  4.800E+00 5.40703E-17  2.512E-05 ( 6.396E-09, 3.628E-09) ( 1.273E-11, 7.328E-12)  1.00E-07
  4.900E+00 5.07966E-17  2.587E-05 ( 6.171E-09, 3.565E-09) ( 1.255E-11, 7.355E-12)  1.00E-07
  5.000E+00 4.77668E-17  2.662E-05 ( 5.957E-09, 3.504E-09) ( 1.236E-11, 7.379E-12)  1.00E-07
  5.100E+00 4.49592E-17  2.736E-05 ( 5.753E-09, 3.444E-09) ( 1.219E-11, 7.402E-12)  1.00E-07
  5.200E+00 4.23544E-17  2.810E-05 ( 5.558E-09, 3.386E-09) ( 1.201E-11, 7.422E-12)  1.00E-07
  5.300E+00 3.99350E-17  2.884E-05 ( 5.372E-09, 3.329E-09) ( 1.183E-11, 7.441E-12)  1.00E-07
  5.400E+00 3.76852E-17  2.956E-05 ( 5.193E-09, 3.273E-09) ( 1.166E-11, 7.458E-12)  1.00E-07
  5.500E+00 3.55910E-17  3.028E-05 ( 5.023E-09, 3.219E-09) ( 1.150E-11, 7.474E-12)  1.00E-07
  5.600E+00 3.36395E-17  3.099E-05 ( 4.860E-09, 3.166E-09) ( 1.133E-11, 7.487E-12)  1.00E-07
  5.700E+00 3.18193E-17  3.170E-05 ( 4.704E-09, 3.114E-09) ( 1.117E-11, 7.500E-12)  1.00E-07
  5.800E+00 3.01198E-17  3.239E-05 ( 4.554E-09, 3.063E-09) ( 1.101E-11, 7.510E-12)  1.00E-07
  5.900E+00 2.85316E-17  3.307E-05 ( 4.410E-09, 3.014E-09) ( 1.085E-11, 7.520E-12)  1.00E-07
  6.000E+00 2.70461E-17  3.373E-05 ( 4.272E-09, 2.965E-09) ( 1.069E-11, 7.528E-12)  1.00E-07
  6.100E+00 2.56553E-17  3.439E-05 ( 4.140E-09, 2.918E-09) ( 1.054E-11, 7.535E-12)  1.00E-07
  6.200E+00 2.43523E-17  3.503E-05 ( 4.013E-09, 2.872E-09) ( 1.039E-11, 7.540E-12)  1.00E-07
  6.300E+00 2.31303E-17  3.565E-05 ( 3.891E-09, 2.826E-09) ( 1.024E-11, 7.544E-12)  1.00E-07
  6.400E+00 2.19835E-17  3.626E-05 ( 3.774E-09, 2.782E-09) ( 1.010E-11, 7.548E-12)  1.00E-07
  6.500E+00 2.09065E-17  3.686E-05 ( 3.661E-09, 2.739E-09) ( 9.952E-12, 7.550E-12)  1.00E-07
  6.600E+00 1.98941E-17  3.743E-05 ( 3.553E-09, 2.696E-09) ( 9.811E-12, 7.551E-12)  1.00E-07
  6.700E+00 1.89418E-17  3.799E-05 ( 3.449E-09, 2.655E-09) ( 9.673E-12, 7.551E-12)  1.00E-07
  6.800E+00 1.80455E-17  3.853E-05 ( 3.348E-09, 2.614E-09) ( 9.536E-12, 7.550E-12)  1.00E-07
  6.900E+00 1.72011E-17  3.905E-05 ( 3.251E-09, 2.575E-09) ( 9.402E-12, 7.548E-12)  1.00E-07
  7.000E+00 1.64053E-17  3.955E-05 ( 3.158E-09, 2.536E-09) ( 9.270E-12, 7.546E-12)  1.00E-07
  7.100E+00 1.56546E-17  4.003E-05 ( 3.068E-09, 2.498E-09) ( 9.140E-12, 7.542E-12)  1.00E-07
  7.200E+00 1.49461E-17  4.049E-05 ( 2.982E-09, 2.461E-09) ( 9.012E-12, 7.538E-12)  1.00E-07
  7.300E+00 1.42770E-17  4.092E-05 ( 2.898E-09, 2.424E-09) ( 8.886E-12, 7.533E-12)  1.00E-07
  7.400E+00 1.36446E-17  4.133E-05 ( 2.818E-09, 2.388E-09) ( 8.762E-12, 7.527E-12)  1.00E-07
  7.500E+00 1.30467E-17  4.171E-05 ( 2.740E-09, 2.354E-09) ( 8.640E-12, 7.521E-12)  1.00E-07
  7.600E+00 1.24810E-17  4.207E-05 ( 2.665E-09, 2.319E-09) ( 8.520E-12, 7.514E-12)  1.00E-07
  7.700E+00 1.19454E-17  4.241E-05 ( 2.592E-09, 2.286E-09) ( 8.403E-12, 7.506E-12)  1.00E-07
  7.800E+00 1.14381E-17  4.271E-05 ( 2.522E-09, 2.253E-09) ( 8.286E-12, 7.498E-12)  1.00E-07
  7.900E+00 1.09573E-17  4.299E-05 ( 2.455E-09, 2.221E-09) ( 8.172E-12, 7.489E-12)  1.00E-07
  8.000E+00 1.05013E-17  4.324E-05 ( 2.389E-09, 2.189E-09) ( 8.060E-12, 7.479E-12)  1.00E-07
  8.100E+00 1.00687E-17  4.346E-05 ( 2.326E-09, 2.158E-09) ( 7.949E-12, 7.469E-12)  1.00E-07
  8.200E+00 9.65807E-18  4.366E-05 ( 2.265E-09, 2.128E-09) ( 7.841E-12, 7.459E-12)  1.00E-07
  8.300E+00 9.26805E-18  4.382E-05 ( 2.206E-09, 2.098E-09) ( 7.734E-12, 7.448E-12)  1.00E-07
  8.400E+00 8.89742E-18  4.395E-05 ( 2.149E-09, 2.069E-09) ( 7.628E-12, 7.436E-12)  1.00E-07
  8.500E+00 8.54506E-18  4.405E-05 ( 2.093E-09, 2.040E-09) ( 7.525E-12, 7.424E-12)  1.00E-07
  8.600E+00 8.20991E-18  4.411E-05 ( 2.040E-09, 2.012E-09) ( 7.423E-12, 7.412E-12)  1.00E-07
  8.700E+00 7.89096E-18  4.415E-05 ( 1.988E-09, 1.985E-09) ( 7.322E-12, 7.399E-12)  1.00E-07
  8.800E+00 7.58730E-18  4.415E-05 ( 1.937E-09, 1.958E-09) ( 7.224E-12, 7.386E-12)  1.00E-07
  8.900E+00 7.29806E-18  4.411E-05 ( 1.889E-09, 1.931E-09) ( 7.126E-12, 7.373E-12)  1.00E-07
  9.000E+00 7.02243E-18  4.404E-05 ( 1.842E-09, 1.906E-09) ( 7.031E-12, 7.359E-12)  1.00E-07
  9.100E+00 6.75965E-18  4.394E-05 ( 1.796E-09, 1.880E-09) ( 6.936E-12, 7.345E-12)  1.00E-07
  9.200E+00 6.50902E-18  4.379E-05 ( 1.751E-09, 1.855E-09) ( 6.844E-12, 7.330E-12)  1.00E-07
  9.300E+00 6.26987E-18  4.361E-05 ( 1.708E-09, 1.831E-09) ( 6.753E-12, 7.316E-12)  1.00E-07
  9.400E+00 6.04158E-18  4.340E-05 ( 1.667E-09, 1.807E-09) ( 6.663E-12, 7.301E-12)  1.00E-07
  9.500E+00 5.82357E-18  4.314E-05 ( 1.626E-09, 1.783E-09) ( 6.574E-12, 7.285E-12)  1.00E-07
  9.600E+00 5.61528E-18  4.285E-05 ( 1.587E-09, 1.760E-09) ( 6.487E-12, 7.270E-12)  1.00E-07
  9.700E+00 5.41621E-18  4.251E-05 ( 1.549E-09, 1.737E-09) ( 6.401E-12, 7.254E-12)  1.00E-07
  9.800E+00 5.22588E-18  4.214E-05 ( 1.512E-09, 1.715E-09) ( 6.317E-12, 7.238E-12)  1.00E-07
  9.900E+00 5.04382E-18  4.172E-05 ( 1.476E-09, 1.693E-09) ( 6.234E-12, 7.222E-12)  1.00E-07
  1.000E+01 4.86962E-18  4.127E-05 ( 1.441E-09, 1.671E-09) ( 6.152E-12, 7.206E-12)  1.00E-07
  1.025E+01 4.46589E-18  3.994E-05 ( 1.358E-09, 1.619E-09) ( 5.953E-12, 7.164E-12)  1.00E-07
  1.050E+01 4.10314E-18  3.835E-05 ( 1.281E-09, 1.569E-09) ( 5.761E-12, 7.121E-12)  1.00E-07
  1.075E+01 3.77650E-18  3.647E-05 ( 1.209E-09, 1.522E-09) ( 5.577E-12, 7.077E-12)  1.00E-07
  1.100E+01 3.48175E-18  3.431E-05 ( 1.142E-09, 1.476E-09) ( 5.399E-12, 7.033E-12)  1.00E-07
  1.125E+01 3.21524E-18  3.186E-05 ( 1.079E-09, 1.432E-09) ( 5.228E-12, 6.988E-12)  1.00E-07
  1.150E+01 2.97380E-18  2.910E-05 ( 1.020E-09, 1.390E-09) ( 5.063E-12, 6.942E-12)  1.00E-07
  1.175E+01 2.75464E-18  2.603E-05 ( 9.653E-10, 1.350E-09) ( 4.904E-12, 6.896E-12)  1.00E-07
  1.200E+01 2.55535E-18  2.265E-05 ( 9.139E-10, 1.312E-09) ( 4.751E-12, 6.850E-12)  1.00E-07
  1.225E+01 2.37381E-18  1.894E-05 ( 8.656E-10, 1.275E-09) ( 4.603E-12, 6.803E-12)  1.00E-07
  1.250E+01 2.20817E-18  1.490E-05 ( 8.203E-10, 1.239E-09) ( 4.460E-12, 6.756E-12)  1.00E-07
  1.275E+01 2.05677E-18  1.053E-05 ( 7.778E-10, 1.205E-09) ( 4.322E-12, 6.709E-12)  1.00E-07
  1.300E+01 1.91817E-18  5.806E-06 ( 7.378E-10, 1.172E-09) ( 4.189E-12, 6.663E-12)  1.00E-07
  1.325E+01 1.79111E-18  0.000E+00 ( 7.002E-10, 1.141E-09) ( 4.061E-12, 6.616E-12)  1.00E-07
  1.350E+01 1.67444E-18  0.000E+00 ( 6.647E-10, 1.110E-09) ( 3.937E-12, 6.569E-12)  1.00E-07
  1.375E+01 1.56716E-18 -1.048E-05 ( 6.313E-10, 1.081E-09) ( 3.817E-12, 6.522E-12)  1.00E-07
  1.400E+01 1.46837E-18 -1.664E-05 ( 5.998E-10, 1.053E-09) ( 3.701E-12, 6.475E-12)  1.00E-07
  1.425E+01 1.37729E-18 -2.317E-05 ( 5.701E-10, 1.026E-09) ( 3.588E-12, 6.429E-12)  1.00E-07
  1.450E+01 1.29320E-18 -3.007E-05 ( 5.420E-10, 9.997E-10) ( 3.480E-12, 6.383E-12)  1.00E-07
  1.475E+01 1.21547E-18 -3.737E-05 ( 5.154E-10, 9.746E-10) ( 3.375E-12, 6.336E-12)  1.00E-07
  1.500E+01 1.14353E-18 -4.505E-05 ( 4.903E-10, 9.503E-10) ( 3.273E-12, 6.291E-12)  1.00E-07
  1.525E+01 1.07686E-18 -5.312E-05 ( 4.666E-10, 9.269E-10) ( 3.174E-12, 6.245E-12)  1.00E-07
  1.550E+01 1.01501E-18 -6.160E-05 ( 4.441E-10, 9.043E-10) ( 3.079E-12, 6.200E-12)  1.00E-07
  1.575E+01 9.57565E-19 -7.048E-05 ( 4.227E-10, 8.825E-10) ( 2.987E-12, 6.155E-12)  1.00E-07
  1.600E+01 9.04156E-19 -7.976E-05 ( 4.025E-10, 8.614E-10) ( 2.897E-12, 6.110E-12)  1.00E-07
  1.625E+01 8.54443E-19 -8.946E-05 ( 3.833E-10, 8.411E-10) ( 2.810E-12, 6.066E-12)  1.00E-07
  1.650E+01 8.08125E-19 -9.958E-05 ( 3.651E-10, 8.214E-10) ( 2.726E-12, 6.022E-12)  1.00E-07
  1.675E+01 7.64925E-19 -1.101E-04 ( 3.478E-10, 8.024E-10) ( 2.644E-12, 5.978E-12)  1.00E-07
  1.700E+01 7.24594E-19 -1.211E-04 ( 3.314E-10, 7.840E-10) ( 2.565E-12, 5.935E-12)  1.00E-07
  1.725E+01 6.86907E-19 -1.325E-04 ( 3.158E-10, 7.662E-10) ( 2.488E-12, 5.892E-12)  1.00E-07
  1.750E+01 6.51656E-19 -1.443E-04 ( 3.009E-10, 7.490E-10) ( 2.413E-12, 5.850E-12)  1.00E-07
  1.775E+01 6.18656E-19 -1.566E-04 ( 2.868E-10, 7.324E-10) ( 2.341E-12, 5.808E-12)  1.00E-07
  1.800E+01 5.87734E-19 -1.693E-04 ( 2.734E-10, 7.162E-10) ( 2.270E-12, 5.766E-12)  1.00E-07
  1.825E+01 5.58736E-19 -1.824E-04 ( 2.605E-10, 7.006E-10) ( 2.202E-12, 5.725E-12)  1.00E-07
  1.850E+01 5.31519E-19 -1.960E-04 ( 2.483E-10, 6.854E-10) ( 2.135E-12, 5.684E-12)  1.00E-07
  1.875E+01 5.05952E-19 -2.100E-04 ( 2.367E-10, 6.707E-10) ( 2.071E-12, 5.643E-12)  1.00E-07
  1.900E+01 4.81918E-19 -2.245E-04 ( 2.256E-10, 6.565E-10) ( 2.008E-12, 5.603E-12)  1.00E-07
  1.925E+01 4.59306E-19 -2.395E-04 ( 2.150E-10, 6.427E-10) ( 1.947E-12, 5.563E-12)  1.00E-07
  1.950E+01 4.38015E-19 -2.549E-04 ( 2.049E-10, 6.293E-10) ( 1.887E-12, 5.524E-12)  1.00E-07
  1.975E+01 4.17955E-19 -2.708E-04 ( 1.952E-10, 6.163E-10) ( 1.829E-12, 5.485E-12)  1.00E-07
  2.000E+01 3.99041E-19 -2.871E-04 ( 1.860E-10, 6.037E-10) ( 1.773E-12, 5.446E-12)  1.00E-07
  2.025E+01 3.81194E-19 -3.039E-04 ( 1.772E-10, 5.914E-10) ( 1.718E-12, 5.408E-12)  1.00E-07
  2.050E+01 3.64342E-19 -3.212E-04 ( 1.688E-10, 5.795E-10) ( 1.665E-12, 5.370E-12)  1.00E-07
  2.075E+01 3.48420E-19 -3.390E-04 ( 1.607E-10, 5.679E-10) ( 1.613E-12, 5.333E-12)  1.00E-07
  2.100E+01 3.33367E-19 -3.572E-04 ( 1.530E-10, 5.567E-10) ( 1.563E-12, 5.296E-12)  1.00E-07
  2.125E+01 3.19125E-19 -3.759E-04 ( 1.457E-10, 5.458E-10) ( 1.513E-12, 5.259E-12)  1.00E-07
  2.150E+01 3.05643E-19 -3.951E-04 ( 1.386E-10, 5.352E-10) ( 1.465E-12, 5.223E-12)  1.00E-07
  2.175E+01 2.92872E-19 -4.147E-04 ( 1.318E-10, 5.248E-10) ( 1.419E-12, 5.187E-12)  1.00E-07
  2.200E+01 2.80768E-19 -4.349E-04 ( 1.254E-10, 5.148E-10) ( 1.373E-12, 5.151E-12)  1.00E-07
  2.225E+01 2.69289E-19 -4.555E-04 ( 1.192E-10, 5.050E-10) ( 1.329E-12, 5.116E-12)  1.00E-07
  2.250E+01 2.58396E-19 -4.766E-04 ( 1.132E-10, 4.955E-10) ( 1.285E-12, 5.081E-12)  1.00E-07
  2.275E+01 2.48054E-19 -4.983E-04 ( 1.075E-10, 4.863E-10) ( 1.243E-12, 5.047E-12)  1.00E-07
  2.300E+01 2.38230E-19 -5.204E-04 ( 1.021E-10, 4.773E-10) ( 1.202E-12, 5.013E-12)  1.00E-07
  2.325E+01 2.28892E-19 -5.430E-04 ( 9.686E-11, 4.685E-10) ( 1.162E-12, 4.979E-12)  1.00E-07
  2.350E+01 2.20012E-19 -5.660E-04 ( 9.184E-11, 4.599E-10) ( 1.123E-12, 4.946E-12)  1.00E-07
  2.375E+01 2.11563E-19 -5.896E-04 ( 8.702E-11, 4.516E-10) ( 1.085E-12, 4.913E-12)  1.00E-07
  2.400E+01 2.03520E-19 -6.137E-04 ( 8.239E-11, 4.435E-10) ( 1.047E-12, 4.880E-12)  1.00E-07
  2.425E+01 1.95860E-19 -6.383E-04 ( 7.796E-11, 4.356E-10) ( 1.011E-12, 4.848E-12)  1.00E-07
  2.450E+01 1.88560E-19 -6.634E-04 ( 7.369E-11, 4.279E-10) ( 9.755E-13, 4.815E-12)  1.00E-07
  2.475E+01 1.81601E-19 -6.889E-04 ( 6.960E-11, 4.204E-10) ( 9.408E-13, 4.784E-12)  1.00E-07
  2.500E+01 1.74964E-19 -7.150E-04 ( 6.567E-11, 4.131E-10) ( 9.070E-13, 4.752E-12)  1.00E-07
  2.550E+01 1.62585E-19 -7.687E-04 ( 5.826E-11, 3.990E-10) ( 8.416E-13, 4.691E-12)  1.00E-07
  2.600E+01 1.51293E-19 -8.243E-04 ( 5.142E-11, 3.855E-10) ( 7.793E-13, 4.630E-12)  1.00E-07
  2.650E+01 1.40976E-19 -8.820E-04 ( 4.509E-11, 3.727E-10) ( 7.198E-13, 4.571E-12)  1.00E-07
  2.700E+01 1.31533E-19 -9.417E-04 ( 3.924E-11, 3.605E-10) ( 6.629E-13, 4.513E-12)  1.00E-07
  2.750E+01 1.22877E-19 -1.003E-03 ( 3.382E-11, 3.489E-10) ( 6.086E-13, 4.456E-12)  1.00E-07
  2.800E+01 1.14930E-19 -1.067E-03 ( 2.880E-11, 3.378E-10) ( 5.567E-13, 4.400E-12)  1.00E-07
  2.850E+01 1.07623E-19 -1.133E-03 ( 2.415E-11, 3.271E-10) ( 5.071E-13, 4.345E-12)  1.00E-07
  2.900E+01 1.00895E-19 -1.201E-03 ( 1.983E-11, 3.170E-10) ( 4.596E-13, 4.292E-12)  1.00E-07
  2.950E+01 9.46908E-20 -1.271E-03 ( 1.583E-11, 3.073E-10) ( 4.141E-13, 4.239E-12)  1.00E-07
  3.000E+01 8.89629E-20 -1.342E-03 ( 1.212E-11, 2.980E-10) ( 3.706E-13, 4.187E-12)  1.00E-07
  3.050E+01 8.36674E-20 -1.416E-03 ( 8.668E-12, 2.891E-10) ( 3.290E-13, 4.137E-12)  1.00E-07
  3.100E+01 7.87656E-20 -1.492E-03 ( 5.465E-12, 2.806E-10) ( 2.891E-13, 4.087E-12)  1.00E-07
  3.150E+01 7.42226E-20 -1.570E-03 ( 2.490E-12, 2.724E-10) ( 2.508E-13, 4.039E-12)  1.00E-07
  3.200E+01 7.00072E-20 -1.650E-03 (-2.739E-13, 2.646E-10) ( 2.141E-13, 3.991E-12)  1.00E-07
  3.250E+01 6.60914E-20 -1.732E-03 (-2.843E-12, 2.570E-10) ( 1.790E-13, 3.944E-12)  1.00E-07
  3.300E+01 6.24497E-20 -1.815E-03 (-5.231E-12, 2.498E-10) ( 1.453E-13, 3.898E-12)  1.00E-07
  3.350E+01 5.90594E-20 -1.901E-03 (-7.451E-12, 2.429E-10) ( 1.129E-13, 3.853E-12)  1.00E-07
  3.400E+01 5.58997E-20 -1.989E-03 (-9.515E-12, 2.362E-10) ( 8.190E-14, 3.809E-12)  1.00E-07
  3.450E+01 5.29520E-20 -2.078E-03 (-1.143E-11, 2.298E-10) ( 5.211E-14, 3.765E-12)  1.00E-07
  3.500E+01 5.01993E-20 -2.170E-03 (-1.322E-11, 2.236E-10) ( 2.352E-14, 3.722E-12)  1.00E-07
  3.550E+01 4.76264E-20 -2.263E-03 (-1.488E-11, 2.177E-10) (-3.926E-15, 3.680E-12)  1.00E-07
  3.600E+01 4.52191E-20 -2.359E-03 (-1.642E-11, 2.120E-10) (-3.028E-14, 3.639E-12)  1.00E-07
  3.650E+01 4.29647E-20 -2.456E-03 (-1.785E-11, 2.065E-10) (-5.560E-14, 3.599E-12)  1.00E-07
  3.700E+01 4.08518E-20 -2.555E-03 (-1.918E-11, 2.012E-10) (-7.991E-14, 3.559E-12)  1.00E-07
  3.750E+01 3.88696E-20 -2.656E-03 (-2.042E-11, 1.961E-10) (-1.033E-13, 3.520E-12)  1.00E-07
  3.800E+01 3.70086E-20 -2.758E-03 (-2.156E-11, 1.911E-10) (-1.257E-13, 3.481E-12)  1.00E-07
  3.850E+01 3.52598E-20 -2.863E-03 (-2.263E-11, 1.864E-10) (-1.473E-13, 3.444E-12)  1.00E-07
  3.900E+01 3.36153E-20 -2.969E-03 (-2.362E-11, 1.818E-10) (-1.680E-13, 3.406E-12)  1.00E-07
  3.950E+01 3.20676E-20 -3.077E-03 (-2.453E-11, 1.774E-10) (-1.879E-13, 3.370E-12)  1.00E-07
  4.000E+01 3.06099E-20 -3.187E-03 (-2.538E-11, 1.731E-10) (-2.071E-13, 3.334E-12)  1.00E-07
  4.050E+01 2.92359E-20 -3.298E-03 (-2.616E-11, 1.689E-10) (-2.255E-13, 3.299E-12)  1.00E-07
  4.100E+01 2.79399E-20 -3.412E-03 (-2.689E-11, 1.649E-10) (-2.431E-13, 3.264E-12)  1.00E-07
  4.150E+01 2.67166E-20 -3.526E-03 (-2.756E-11, 1.611E-10) (-2.601E-13, 3.230E-12)  1.00E-07
  4.200E+01 2.55612E-20 -3.643E-03 (-2.818E-11, 1.573E-10) (-2.765E-13, 3.196E-12)  1.00E-07
  4.250E+01 2.44691E-20 -3.761E-03 (-2.875E-11, 1.537E-10) (-2.922E-13, 3.163E-12)  1.00E-07
  4.300E+01 2.34361E-20 -3.881E-03 (-2.927E-11, 1.502E-10) (-3.073E-13, 3.130E-12)  1.00E-07
  4.350E+01 2.24585E-20 -4.002E-03 (-2.976E-11, 1.468E-10) (-3.218E-13, 3.098E-12)  1.00E-07
  4.400E+01 2.15327E-20 -4.125E-03 (-3.020E-11, 1.436E-10) (-3.357E-13, 3.067E-12)  1.00E-07
  4.450E+01 2.06554E-20 -4.249E-03 (-3.060E-11, 1.404E-10) (-3.491E-13, 3.036E-12)  1.00E-07
  4.500E+01 1.98235E-20 -4.375E-03 (-3.097E-11, 1.373E-10) (-3.620E-13, 3.005E-12)  1.00E-07
  4.550E+01 1.90343E-20 -4.502E-03 (-3.131E-11, 1.343E-10) (-3.744E-13, 2.975E-12)  1.00E-07
  4.600E+01 1.82852E-20 -4.631E-03 (-3.162E-11, 1.314E-10) (-3.863E-13, 2.945E-12)  1.00E-07
  4.650E+01 1.75736E-20 -4.761E-03 (-3.189E-11, 1.286E-10) (-3.977E-13, 2.916E-12)  1.00E-07
  4.700E+01 1.68974E-20 -4.893E-03 (-3.214E-11, 1.259E-10) (-4.086E-13, 2.887E-12)  1.00E-07
  4.750E+01 1.62543E-20 -5.026E-03 (-3.237E-11, 1.233E-10) (-4.192E-13, 2.859E-12)  1.00E-07
  4.800E+01 1.56426E-20 -5.160E-03 (-3.257E-11, 1.207E-10) (-4.293E-13, 2.831E-12)  1.00E-07
  4.850E+01 1.50603E-20 -5.295E-03 (-3.274E-11, 1.182E-10) (-4.390E-13, 2.803E-12)  1.00E-07
  4.900E+01 1.45058E-20 -5.432E-03 (-3.290E-11, 1.158E-10) (-4.483E-13, 2.776E-12)  1.00E-07
  4.950E+01 1.39774E-20 -5.570E-03 (-3.304E-11, 1.135E-10) (-4.573E-13, 2.749E-12)  1.00E-07
  5.000E+01 1.34737E-20 -5.709E-03 (-3.316E-11, 1.112E-10) (-4.659E-13, 2.723E-12)  1.00E-07
  5.050E+01 1.29933E-20 -5.850E-03 (-3.326E-11, 1.090E-10) (-4.741E-13, 2.696E-12)  1.00E-07
  5.100E+01 1.25349E-20 -5.991E-03 (-3.334E-11, 1.068E-10) (-4.820E-13, 2.671E-12)  1.00E-07
  5.150E+01 1.20973E-20 -6.133E-03 (-3.341E-11, 1.048E-10) (-4.895E-13, 2.645E-12)  1.00E-07
  5.200E+01 1.16794E-20 -6.277E-03 (-3.346E-11, 1.027E-10) (-4.968E-13, 2.620E-12)  1.00E-07
  5.250E+01 1.12800E-20 -6.422E-03 (-3.350E-11, 1.008E-10) (-5.037E-13, 2.596E-12)  1.00E-07
  5.300E+01 1.08983E-20 -6.567E-03 (-3.353E-11, 9.883E-11) (-5.103E-13, 2.571E-12)  1.00E-07
  5.350E+01 1.05332E-20 -6.714E-03 (-3.355E-11, 9.696E-11) (-5.167E-13, 2.547E-12)  1.00E-07
  5.400E+01 1.01840E-20 -6.861E-03 (-3.355E-11, 9.514E-11) (-5.228E-13, 2.524E-12)  1.00E-07
  5.450E+01 9.84966E-21 -7.010E-03 (-3.355E-11, 9.337E-11) (-5.286E-13, 2.500E-12)  1.00E-07
  5.500E+01 9.52957E-21 -7.159E-03 (-3.353E-11, 9.165E-11) (-5.341E-13, 2.477E-12)  1.00E-07
  5.550E+01 9.22296E-21 -7.309E-03 (-3.350E-11, 8.997E-11) (-5.394E-13, 2.455E-12)  1.00E-07
  5.600E+01 8.92913E-21 -7.460E-03 (-3.347E-11, 8.833E-11) (-5.445E-13, 2.432E-12)  1.00E-07
  5.650E+01 8.64747E-21 -7.612E-03 (-3.343E-11, 8.674E-11) (-5.493E-13, 2.410E-12)  1.00E-07
  5.700E+01 8.37734E-21 -7.764E-03 (-3.338E-11, 8.519E-11) (-5.539E-13, 2.388E-12)  1.00E-07
  5.750E+01 8.11820E-21 -7.917E-03 (-3.332E-11, 8.368E-11) (-5.582E-13, 2.366E-12)  1.00E-07
  5.800E+01 7.86949E-21 -8.071E-03 (-3.326E-11, 8.220E-11) (-5.624E-13, 2.345E-12)  1.00E-07
  5.850E+01 7.63071E-21 -8.225E-03 (-3.319E-11, 8.077E-11) (-5.663E-13, 2.324E-12)  1.00E-07
  5.900E+01 7.40140E-21 -8.380E-03 (-3.311E-11, 7.937E-11) (-5.701E-13, 2.303E-12)  1.00E-07
  5.950E+01 7.18108E-21 -8.535E-03 (-3.303E-11, 7.800E-11) (-5.736E-13, 2.282E-12)  1.00E-07
  6.000E+01 6.96934E-21 -8.691E-03 (-3.295E-11, 7.667E-11) (-5.770E-13, 2.262E-12)  1.00E-07
  6.050E+01 6.76578E-21 -8.847E-03 (-3.286E-11, 7.537E-11) (-5.802E-13, 2.242E-12)  1.00E-07
  6.100E+01 6.57001E-21 -9.004E-03 (-3.276E-11, 7.410E-11) (-5.832E-13, 2.222E-12)  1.00E-07
  6.150E+01 6.38168E-21 -9.161E-03 (-3.266E-11, 7.287E-11) (-5.860E-13, 2.202E-12)  1.00E-07
  6.200E+01 6.20044E-21 -9.319E-03 (-3.256E-11, 7.166E-11) (-5.886E-13, 2.183E-12)  1.00E-07
  6.250E+01 6.02597E-21 -9.477E-03 (-3.245E-11, 7.048E-11) (-5.911E-13, 2.164E-12)  1.00E-07
  6.300E+01 5.85797E-21 -9.635E-03 (-3.234E-11, 6.933E-11) (-5.935E-13, 2.145E-12)  1.00E-07
  6.350E+01 5.69615E-21 -9.793E-03 (-3.223E-11, 6.821E-11) (-5.957E-13, 2.126E-12)  1.00E-07
  6.400E+01 5.54023E-21 -9.952E-03 (-3.211E-11, 6.711E-11) (-5.977E-13, 2.107E-12)  1.00E-07
  6.450E+01 5.38995E-21 -1.011E-02 (-3.200E-11, 6.604E-11) (-5.996E-13, 2.089E-12)  1.00E-07
  6.500E+01 5.24506E-21 -1.027E-02 (-3.188E-11, 6.499E-11) (-6.013E-13, 2.071E-12)  1.00E-07
  6.550E+01 5.10534E-21 -1.043E-02 (-3.175E-11, 6.397E-11) (-6.030E-13, 2.053E-12)  1.00E-07
  6.600E+01 4.97056E-21 -1.059E-02 (-3.163E-11, 6.297E-11) (-6.044E-13, 2.035E-12)  1.00E-07
  6.650E+01 4.84051E-21 -1.075E-02 (-3.150E-11, 6.200E-11) (-6.058E-13, 2.018E-12)  1.00E-07
  6.700E+01 4.71499E-21 -1.091E-02 (-3.137E-11, 6.104E-11) (-6.070E-13, 2.001E-12)  1.00E-07
  6.750E+01 4.59381E-21 -1.106E-02 (-3.124E-11, 6.011E-11) (-6.081E-13, 1.983E-12)  1.00E-07
  6.800E+01 4.47678E-21 -1.122E-02 (-3.111E-11, 5.920E-11) (-6.091E-13, 1.966E-12)  1.00E-07
  6.850E+01 4.36373E-21 -1.138E-02 (-3.098E-11, 5.831E-11) (-6.100E-13, 1.950E-12)  1.00E-07
  6.900E+01 4.25451E-21 -1.154E-02 (-3.085E-11, 5.743E-11) (-6.108E-13, 1.933E-12)  1.00E-07
  6.950E+01 4.14895E-21 -1.170E-02 (-3.071E-11, 5.658E-11) (-6.114E-13, 1.917E-12)  1.00E-07
  7.000E+01 4.04691E-21 -1.186E-02 (-3.058E-11, 5.575E-11) (-6.120E-13, 1.900E-12)  1.00E-07
  7.050E+01 3.94823E-21 -1.201E-02 (-3.044E-11, 5.493E-11) (-6.124E-13, 1.884E-12)  1.00E-07
  7.100E+01 3.85280E-21 -1.217E-02 (-3.031E-11, 5.413E-11) (-6.128E-13, 1.868E-12)  1.00E-07
  7.150E+01 3.76048E-21 -1.233E-02 (-3.017E-11, 5.335E-11) (-6.130E-13, 1.852E-12)  1.00E-07
  7.200E+01 3.67115E-21 -1.249E-02 (-3.003E-11, 5.259E-11) (-6.132E-13, 1.837E-12)  1.00E-07
  7.250E+01 3.58468E-21 -1.264E-02 (-2.990E-11, 5.184E-11) (-6.133E-13, 1.821E-12)  1.00E-07
  7.300E+01 3.50098E-21 -1.280E-02 (-2.976E-11, 5.111E-11) (-6.133E-13, 1.806E-12)  1.00E-07
  7.350E+01 3.41992E-21 -1.295E-02 (-2.962E-11, 5.039E-11) (-6.131E-13, 1.791E-12)  1.00E-07
  7.400E+01 3.34142E-21 -1.311E-02 (-2.948E-11, 4.969E-11) (-6.130E-13, 1.776E-12)  1.00E-07
  7.450E+01 3.26537E-21 -1.326E-02 (-2.934E-11, 4.900E-11) (-6.127E-13, 1.761E-12)  1.00E-07
  7.500E+01 3.19168E-21 -1.341E-02 (-2.921E-11, 4.832E-11) (-6.123E-13, 1.746E-12)  1.00E-07
  7.550E+01 3.12026E-21 -1.357E-02 (-2.907E-11, 4.767E-11) (-6.119E-13, 1.732E-12)  1.00E-07
  7.600E+01 3.05103E-21 -1.372E-02 (-2.893E-11, 4.702E-11) (-6.114E-13, 1.717E-12)  1.00E-07
  7.650E+01 2.98391E-21 -1.387E-02 (-2.879E-11, 4.639E-11) (-6.108E-13, 1.703E-12)  1.00E-07
  7.700E+01 2.91881E-21 -1.402E-02 (-2.865E-11, 4.577E-11) (-6.102E-13, 1.689E-12)  1.00E-07
  7.750E+01 2.85567E-21 -1.417E-02 (-2.852E-11, 4.516E-11) (-6.094E-13, 1.675E-12)  1.00E-07
  7.800E+01 2.79441E-21 -1.432E-02 (-2.838E-11, 4.456E-11) (-6.086E-13, 1.661E-12)  1.00E-07
  7.850E+01 2.73496E-21 -1.447E-02 (-2.824E-11, 4.398E-11) (-6.078E-13, 1.647E-12)  1.00E-07
  7.900E+01 2.67727E-21 -1.462E-02 (-2.811E-11, 4.341E-11) (-6.069E-13, 1.633E-12)  1.00E-07
  7.950E+01 2.62126E-21 -1.476E-02 (-2.797E-11, 4.285E-11) (-6.059E-13, 1.620E-12)  1.00E-07
  8.000E+01 2.56688E-21 -1.491E-02 (-2.784E-11, 4.230E-11) (-6.048E-13, 1.606E-12)  1.00E-07
  8.050E+01 2.51407E-21 -1.505E-02 (-2.770E-11, 4.176E-11) (-6.037E-13, 1.593E-12)  1.00E-07
  8.100E+01 2.46277E-21 -1.519E-02 (-2.757E-11, 4.123E-11) (-6.026E-13, 1.580E-12)  1.00E-07
  8.150E+01 2.41294E-21 -1.534E-02 (-2.744E-11, 4.071E-11) (-6.013E-13, 1.567E-12)  1.00E-07
  8.200E+01 2.36452E-21 -1.548E-02 (-2.730E-11, 4.020E-11) (-6.001E-13, 1.554E-12)  1.00E-07
  8.250E+01 2.31746E-21 -1.562E-02 (-2.717E-11, 3.970E-11) (-5.987E-13, 1.541E-12)  1.00E-07
  8.300E+01 2.27172E-21 -1.576E-02 (-2.704E-11, 3.921E-11) (-5.974E-13, 1.528E-12)  1.00E-07
  8.350E+01 2.22725E-21 -1.589E-02 (-2.691E-11, 3.873E-11) (-5.959E-13, 1.515E-12)  1.00E-07
  8.400E+01 2.18401E-21 -1.603E-02 (-2.678E-11, 3.826E-11) (-5.944E-13, 1.503E-12)  1.00E-07
  8.450E+01 2.14196E-21 -1.616E-02 (-2.665E-11, 3.780E-11) (-5.929E-13, 1.490E-12)  1.00E-07
  8.500E+01 2.10106E-21 -1.630E-02 (-2.652E-11, 3.735E-11) (-5.913E-13, 1.478E-12)  1.00E-07
  8.550E+01 2.06126E-21 -1.643E-02 (-2.640E-11, 3.690E-11) (-5.897E-13, 1.466E-12)  1.00E-07
  8.600E+01 2.02255E-21 -1.656E-02 (-2.627E-11, 3.647E-11) (-5.880E-13, 1.454E-12)  1.00E-07
  8.650E+01 1.98487E-21 -1.669E-02 (-2.614E-11, 3.604E-11) (-5.863E-13, 1.442E-12)  1.00E-07
  8.700E+01 1.94819E-21 -1.682E-02 (-2.602E-11, 3.562E-11) (-5.846E-13, 1.430E-12)  1.00E-07
  8.750E+01 1.91249E-21 -1.694E-02 (-2.590E-11, 3.521E-11) (-5.828E-13, 1.418E-12)  1.00E-07
  8.800E+01 1.87773E-21 -1.707E-02 (-2.577E-11, 3.480E-11) (-5.809E-13, 1.406E-12)  1.00E-07
  8.850E+01 1.84389E-21 -1.719E-02 (-2.565E-11, 3.440E-11) (-5.790E-13, 1.395E-12)  1.00E-07
  8.900E+01 1.81092E-21 -1.731E-02 (-2.553E-11, 3.401E-11) (-5.771E-13, 1.383E-12)  1.00E-07
  8.950E+01 1.77881E-21 -1.743E-02 (-2.541E-11, 3.363E-11) (-5.752E-13, 1.371E-12)  1.00E-07
  9.000E+01 1.74753E-21 -1.755E-02 (-2.529E-11, 3.325E-11) (-5.732E-13, 1.360E-12)  1.00E-07
  9.050E+01 1.71705E-21 -1.767E-02 (-2.517E-11, 3.288E-11) (-5.711E-13, 1.349E-12)  1.00E-07
  9.100E+01 1.68734E-21 -1.778E-02 (-2.505E-11, 3.252E-11) (-5.691E-13, 1.338E-12)  1.00E-07
  9.150E+01 1.65839E-21 -1.789E-02 (-2.493E-11, 3.217E-11) (-5.670E-13, 1.326E-12)  1.00E-07
  9.200E+01 1.63017E-21 -1.800E-02 (-2.482E-11, 3.181E-11) (-5.648E-13, 1.315E-12)  1.00E-07
  9.250E+01 1.60266E-21 -1.811E-02 (-2.470E-11, 3.147E-11) (-5.627E-13, 1.304E-12)  1.00E-07
  9.300E+01 1.57583E-21 -1.822E-02 (-2.459E-11, 3.113E-11) (-5.605E-13, 1.294E-12)  1.00E-07
  9.350E+01 1.54967E-21 -1.833E-02 (-2.448E-11, 3.080E-11) (-5.583E-13, 1.283E-12)  1.00E-07
  9.400E+01 1.52416E-21 -1.843E-02 (-2.436E-11, 3.047E-11) (-5.560E-13, 1.272E-12)  1.00E-07
  9.450E+01 1.49927E-21 -1.853E-02 (-2.425E-11, 3.015E-11) (-5.537E-13, 1.261E-12)  1.00E-07
  9.500E+01 1.47499E-21 -1.863E-02 (-2.414E-11, 2.984E-11) (-5.514E-13, 1.251E-12)  1.00E-07
  9.550E+01 1.45130E-21 -1.873E-02 (-2.403E-11, 2.953E-11) (-5.490E-13, 1.240E-12)  1.00E-07
  9.600E+01 1.42819E-21 -1.882E-02 (-2.392E-11, 2.923E-11) (-5.467E-13, 1.230E-12)  1.00E-07
  9.650E+01 1.40563E-21 -1.892E-02 (-2.381E-11, 2.893E-11) (-5.443E-13, 1.219E-12)  1.00E-07
  9.700E+01 1.38360E-21 -1.901E-02 (-2.371E-11, 2.863E-11) (-5.418E-13, 1.209E-12)  1.00E-07
  9.750E+01 1.36211E-21 -1.910E-02 (-2.360E-11, 2.834E-11) (-5.394E-13, 1.199E-12)  1.00E-07
  9.800E+01 1.34112E-21 -1.919E-02 (-2.350E-11, 2.806E-11) (-5.369E-13, 1.189E-12)  1.00E-07
  9.850E+01 1.32063E-21 -1.927E-02 (-2.339E-11, 2.778E-11) (-5.344E-13, 1.179E-12)  1.00E-07
  9.900E+01 1.30062E-21 -1.936E-02 (-2.329E-11, 2.751E-11) (-5.319E-13, 1.169E-12)  1.00E-07
  9.950E+01 1.28108E-21 -1.944E-02 (-2.319E-11, 2.724E-11) (-5.293E-13, 1.159E-12)  1.00E-07
  1.000E+02 1.26199E-21 -1.951E-02 (-2.309E-11, 2.697E-11) (-5.268E-13, 1.149E-12)  1.00E-07
  1.005E+02 1.24334E-21 -1.959E-02 (-2.299E-11, 2.671E-11) (-5.242E-13, 1.139E-12)  1.00E-07
  1.010E+02 1.22512E-21 -1.967E-02 (-2.289E-11, 2.645E-11) (-5.215E-13, 1.129E-12)  1.00E-07
  1.015E+02 1.20732E-21 -1.974E-02 (-2.279E-11, 2.620E-11) (-5.189E-13, 1.120E-12)  1.00E-07
  1.020E+02 1.18993E-21 -1.981E-02 (-2.269E-11, 2.595E-11) (-5.162E-13, 1.110E-12)  1.00E-07
  1.025E+02 1.17293E-21 -1.987E-02 (-2.259E-11, 2.571E-11) (-5.136E-13, 1.100E-12)  1.00E-07
  1.030E+02 1.15632E-21 -1.994E-02 (-2.250E-11, 2.547E-11) (-5.109E-13, 1.091E-12)  1.00E-07
  1.035E+02 1.14008E-21 -2.000E-02 (-2.240E-11, 2.523E-11) (-5.082E-13, 1.081E-12)  1.00E-07
  1.040E+02 1.12420E-21 -2.006E-02 (-2.231E-11, 2.500E-11) (-5.054E-13, 1.072E-12)  1.00E-07
  1.045E+02 1.10868E-21 -2.012E-02 (-2.222E-11, 2.477E-11) (-5.027E-13, 1.063E-12)  1.00E-07
  1.050E+02 1.09350E-21 -2.017E-02 (-2.212E-11, 2.455E-11) (-4.999E-13, 1.053E-12)  1.00E-07
  1.055E+02 1.07866E-21 -2.023E-02 (-2.203E-11, 2.433E-11) (-4.971E-13, 1.044E-12)  1.00E-07
  1.060E+02 1.06414E-21 -2.028E-02 (-2.194E-11, 2.411E-11) (-4.943E-13, 1.035E-12)  1.00E-07
  1.065E+02 1.04995E-21 -2.032E-02 (-2.185E-11, 2.390E-11) (-4.915E-13, 1.026E-12)  1.00E-07
  1.070E+02 1.03606E-21 -2.037E-02 (-2.176E-11, 2.369E-11) (-4.886E-13, 1.017E-12)  1.00E-07
  1.075E+02 1.02248E-21 -2.041E-02 (-2.168E-11, 2.348E-11) (-4.858E-13, 1.008E-12)  1.00E-07
  1.080E+02 1.00919E-21 -2.045E-02 (-2.159E-11, 2.328E-11) (-4.829E-13, 9.987E-13)  1.00E-07
  1.085E+02 9.96185E-22 -2.049E-02 (-2.150E-11, 2.308E-11) (-4.800E-13, 9.898E-13)  1.00E-07
  1.090E+02 9.83462E-22 -2.052E-02 (-2.142E-11, 2.288E-11) (-4.771E-13, 9.809E-13)  1.00E-07
  1.095E+02 9.71011E-22 -2.056E-02 (-2.133E-11, 2.269E-11) (-4.742E-13, 9.721E-13)  1.00E-07
  1.100E+02 9.58826E-22 -2.059E-02 (-2.125E-11, 2.250E-11) (-4.712E-13, 9.633E-13)  1.00E-07
  1.105E+02 9.46900E-22 -2.061E-02 (-2.117E-11, 2.231E-11) (-4.683E-13, 9.546E-13)  1.00E-07
  1.110E+02 9.35227E-22 -2.064E-02 (-2.109E-11, 2.212E-11) (-4.653E-13, 9.459E-13)  1.00E-07
  1.115E+02 9.23799E-22 -2.066E-02 (-2.100E-11, 2.194E-11) (-4.624E-13, 9.373E-13)  1.00E-07
  1.120E+02 9.12612E-22 -2.068E-02 (-2.092E-11, 2.176E-11) (-4.594E-13, 9.287E-13)  1.00E-07
  1.125E+02 9.01660E-22 -2.069E-02 (-2.085E-11, 2.159E-11) (-4.564E-13, 9.202E-13)  1.00E-07
  1.130E+02 8.90936E-22 -2.071E-02 (-2.077E-11, 2.142E-11) (-4.534E-13, 9.117E-13)  1.00E-07
  1.135E+02 8.80435E-22 -2.072E-02 (-2.069E-11, 2.125E-11) (-4.503E-13, 9.032E-13)  1.00E-07
  1.140E+02 8.70152E-22 -2.073E-02 (-2.061E-11, 2.108E-11) (-4.473E-13, 8.948E-13)  1.00E-07
  1.145E+02 8.60081E-22 -2.073E-02 (-2.054E-11, 2.091E-11) (-4.442E-13, 8.865E-13)  1.00E-07
  1.150E+02 8.50218E-22 -2.073E-02 (-2.046E-11, 2.075E-11) (-4.412E-13, 8.781E-13)  1.00E-07
  1.155E+02 8.40558E-22 -2.073E-02 (-2.039E-11, 2.059E-11) (-4.381E-13, 8.699E-13)  1.00E-07
  1.160E+02 8.31095E-22 -2.073E-02 (-2.031E-11, 2.043E-11) (-4.350E-13, 8.616E-13)  1.00E-07
  1.165E+02 8.21825E-22 -2.072E-02 (-2.024E-11, 2.028E-11) (-4.319E-13, 8.534E-13)  1.00E-07
  1.170E+02 8.12745E-22 -2.072E-02 (-2.017E-11, 2.013E-11) (-4.288E-13, 8.453E-13)  1.00E-07
  1.175E+02 8.03848E-22 -2.070E-02 (-2.010E-11, 1.998E-11) (-4.257E-13, 8.372E-13)  1.00E-07
  1.180E+02 7.95131E-22 -2.069E-02 (-2.003E-11, 1.983E-11) (-4.226E-13, 8.291E-13)  1.00E-07
  1.185E+02 7.86591E-22 -2.067E-02 (-1.996E-11, 1.968E-11) (-4.195E-13, 8.211E-13)  1.00E-07
  1.190E+02 7.78222E-22 -2.065E-02 (-1.989E-11, 1.954E-11) (-4.163E-13, 8.131E-13)  1.00E-07
  1.195E+02 7.70021E-22 -2.063E-02 (-1.982E-11, 1.940E-11) (-4.132E-13, 8.051E-13)  1.00E-07
  1.200E+02 7.61984E-22 -2.060E-02 (-1.975E-11, 1.926E-11) (-4.100E-13, 7.972E-13)  1.00E-07
  1.205E+02 7.54108E-22 -2.058E-02 (-1.969E-11, 1.912E-11) (-4.068E-13, 7.893E-13)  1.00E-07
  1.210E+02 7.46389E-22 -2.054E-02 (-1.962E-11, 1.899E-11) (-4.037E-13, 7.814E-13)  1.00E-07
  1.215E+02 7.38824E-22 -2.051E-02 (-1.956E-11, 1.886E-11) (-4.005E-13, 7.736E-13)  1.00E-07
  1.220E+02 7.31408E-22 -2.047E-02 (-1.949E-11, 1.873E-11) (-3.973E-13, 7.658E-13)  1.00E-07
  1.225E+02 7.24139E-22 -2.043E-02 (-1.943E-11, 1.860E-11) (-3.941E-13, 7.581E-13)  1.00E-07
  1.230E+02 7.17014E-22 -2.039E-02 (-1.937E-11, 1.847E-11) (-3.909E-13, 7.503E-13)  1.00E-07
  1.235E+02 7.10030E-22 -2.034E-02 (-1.930E-11, 1.835E-11) (-3.877E-13, 7.427E-13)  1.00E-07
  1.240E+02 7.03183E-22 -2.030E-02 (-1.924E-11, 1.823E-11) (-3.844E-13, 7.350E-13)  1.00E-07
  1.245E+02 6.96470E-22 -2.025E-02 (-1.918E-11, 1.811E-11) (-3.812E-13, 7.274E-13)  1.00E-07
  1.250E+02 6.89889E-22 -2.019E-02 (-1.912E-11, 1.799E-11) (-3.779E-13, 7.198E-13)  1.00E-07
  1.255E+02 6.83437E-22 -2.013E-02 (-1.906E-11, 1.787E-11) (-3.747E-13, 7.122E-13)  1.00E-07
  1.260E+02 6.77111E-22 -2.007E-02 (-1.900E-11, 1.776E-11) (-3.714E-13, 7.047E-13)  1.00E-07
  1.265E+02 6.70909E-22 -2.001E-02 (-1.895E-11, 1.764E-11) (-3.682E-13, 6.972E-13)  1.00E-07
  1.270E+02 6.64827E-22 -1.995E-02 (-1.889E-11, 1.753E-11) (-3.649E-13, 6.897E-13)  1.00E-07
  1.275E+02 6.58864E-22 -1.988E-02 (-1.883E-11, 1.742E-11) (-3.616E-13, 6.823E-13)  1.00E-07
  1.280E+02 6.53018E-22 -1.981E-02 (-1.878E-11, 1.732E-11) (-3.584E-13, 6.749E-13)  1.00E-07
  1.285E+02 6.47284E-22 -1.973E-02 (-1.872E-11, 1.721E-11) (-3.551E-13, 6.675E-13)  1.00E-07
  1.290E+02 6.41662E-22 -1.965E-02 (-1.867E-11, 1.711E-11) (-3.518E-13, 6.602E-13)  1.00E-07
  1.295E+02 6.36150E-22 -1.957E-02 (-1.861E-11, 1.700E-11) (-3.485E-13, 6.529E-13)  1.00E-07
  1.300E+02 6.30744E-22 -1.949E-02 (-1.856E-11, 1.690E-11) (-3.452E-13, 6.456E-13)  1.00E-07
  1.305E+02 6.25443E-22 -1.941E-02 (-1.851E-11, 1.680E-11) (-3.419E-13, 6.383E-13)  1.00E-07
  1.310E+02 6.20245E-22 -1.932E-02 (-1.846E-11, 1.671E-11) (-3.386E-13, 6.311E-13)  1.00E-07
  1.315E+02 6.15147E-22 -1.923E-02 (-1.840E-11, 1.661E-11) (-3.352E-13, 6.238E-13)  1.00E-07
  1.320E+02 6.10149E-22 -1.913E-02 (-1.835E-11, 1.652E-11) (-3.319E-13, 6.167E-13)  1.00E-07
  1.325E+02 6.05247E-22 -1.903E-02 (-1.830E-11, 1.642E-11) (-3.286E-13, 6.095E-13)  1.00E-07
  1.330E+02 6.00440E-22 -1.893E-02 (-1.826E-11, 1.633E-11) (-3.252E-13, 6.024E-13)  1.00E-07
  1.335E+02 5.95726E-22 -1.883E-02 (-1.821E-11, 1.624E-11) (-3.219E-13, 5.952E-13)  1.00E-07
  1.340E+02 5.91104E-22 -1.873E-02 (-1.816E-11, 1.615E-11) (-3.186E-13, 5.882E-13)  1.00E-07
  1.345E+02 5.86572E-22 -1.862E-02 (-1.811E-11, 1.607E-11) (-3.152E-13, 5.811E-13)  1.00E-07
  1.350E+02 5.82127E-22 -1.851E-02 (-1.806E-11, 1.598E-11) (-3.118E-13, 5.741E-13)  1.00E-07
  1.355E+02 5.77769E-22 -1.839E-02 (-1.802E-11, 1.590E-11) (-3.085E-13, 5.670E-13)  1.00E-07
  1.360E+02 5.73495E-22 -1.828E-02 (-1.797E-11, 1.581E-11) (-3.051E-13, 5.600E-13)  1.00E-07
  1.365E+02 5.69305E-22 -1.816E-02 (-1.793E-11, 1.573E-11) (-3.018E-13, 5.531E-13)  1.00E-07
  1.370E+02 5.65197E-22 -1.804E-02 (-1.788E-11, 1.565E-11) (-2.984E-13, 5.461E-13)  1.00E-07
  1.375E+02 5.61169E-22 -1.791E-02 (-1.784E-11, 1.557E-11) (-2.950E-13, 5.392E-13)  1.00E-07
  1.380E+02 5.57220E-22 -1.779E-02 (-1.780E-11, 1.549E-11) (-2.916E-13, 5.323E-13)  1.00E-07
  1.385E+02 5.53348E-22 -1.766E-02 (-1.776E-11, 1.542E-11) (-2.882E-13, 5.254E-13)  1.00E-07
  1.390E+02 5.49552E-22 -1.752E-02 (-1.771E-11, 1.534E-11) (-2.849E-13, 5.185E-13)  1.00E-07
  1.395E+02 5.45831E-22 -1.739E-02 (-1.767E-11, 1.527E-11) (-2.815E-13, 5.117E-13)  1.00E-07
  1.400E+02 5.42183E-22 -1.725E-02 (-1.763E-11, 1.520E-11) (-2.781E-13, 5.049E-13)  1.00E-07
  1.405E+02 5.38608E-22 -1.711E-02 (-1.759E-11, 1.513E-11) (-2.747E-13, 4.981E-13)  1.00E-07
  1.410E+02 5.35103E-22 -1.697E-02 (-1.755E-11, 1.506E-11) (-2.713E-13, 4.913E-13)  1.00E-07
  1.415E+02 5.31669E-22 -1.682E-02 (-1.751E-11, 1.499E-11) (-2.679E-13, 4.845E-13)  1.00E-07
  1.420E+02 5.28303E-22 -1.667E-02 (-1.748E-11, 1.492E-11) (-2.644E-13, 4.778E-13)  1.00E-07
  1.425E+02 5.25004E-22 -1.652E-02 (-1.744E-11, 1.485E-11) (-2.610E-13, 4.711E-13)  1.00E-07
  1.430E+02 5.21772E-22 -1.637E-02 (-1.740E-11, 1.479E-11) (-2.576E-13, 4.644E-13)  1.00E-07
  1.435E+02 5.18604E-22 -1.621E-02 (-1.736E-11, 1.472E-11) (-2.542E-13, 4.577E-13)  1.00E-07
  1.440E+02 5.15502E-22 -1.606E-02 (-1.733E-11, 1.466E-11) (-2.508E-13, 4.510E-13)  1.00E-07
  1.445E+02 5.12462E-22 -1.589E-02 (-1.729E-11, 1.460E-11) (-2.474E-13, 4.443E-13)  1.00E-07
  1.450E+02 5.09485E-22 -1.573E-02 (-1.726E-11, 1.454E-11) (-2.439E-13, 4.377E-13)  1.00E-07
  1.455E+02 5.06568E-22 -1.557E-02 (-1.722E-11, 1.448E-11) (-2.405E-13, 4.311E-13)  1.00E-07
  1.460E+02 5.03712E-22 -1.540E-02 (-1.719E-11, 1.442E-11) (-2.371E-13, 4.245E-13)  1.00E-07
  1.465E+02 5.00916E-22 -1.523E-02 (-1.716E-11, 1.436E-11) (-2.336E-13, 4.179E-13)  1.00E-07
  1.470E+02 4.98178E-22 -1.506E-02 (-1.712E-11, 1.431E-11) (-2.302E-13, 4.113E-13)  1.00E-07
  1.475E+02 4.95497E-22 -1.488E-02 (-1.709E-11, 1.425E-11) (-2.268E-13, 4.048E-13)  1.00E-07
  1.480E+02 4.92873E-22 -1.470E-02 (-1.706E-11, 1.420E-11) (-2.233E-13, 3.982E-13)  1.00E-07
  1.485E+02 4.90305E-22 -1.452E-02 (-1.703E-11, 1.414E-11) (-2.199E-13, 3.917E-13)  1.00E-07
  1.490E+02 4.87793E-22 -1.434E-02 (-1.700E-11, 1.409E-11) (-2.164E-13, 3.852E-13)  1.00E-07
  1.495E+02 4.85334E-22 -1.416E-02 (-1.697E-11, 1.404E-11) (-2.130E-13, 3.787E-13)  1.00E-07
  1.500E+02 4.82929E-22 -1.397E-02 (-1.694E-11, 1.399E-11) (-2.095E-13, 3.722E-13)  1.00E-07
  1.505E+02 4.80577E-22 -1.378E-02 (-1.691E-11, 1.394E-11) (-2.061E-13, 3.657E-13)  1.00E-07
  1.510E+02 4.78276E-22 -1.359E-02 (-1.688E-11, 1.389E-11) (-2.026E-13, 3.593E-13)  1.00E-07
  1.515E+02 4.76027E-22 -1.340E-02 (-1.686E-11, 1.385E-11) (-1.991E-13, 3.528E-13)  1.00E-07
  1.520E+02 4.73829E-22 -1.321E-02 (-1.683E-11, 1.380E-11) (-1.957E-13, 3.464E-13)  1.00E-07
  1.525E+02 4.71681E-22 -1.301E-02 (-1.680E-11, 1.376E-11) (-1.922E-13, 3.400E-13)  1.00E-07
  1.530E+02 4.69582E-22 -1.281E-02 (-1.678E-11, 1.371E-11) (-1.888E-13, 3.336E-13)  1.00E-07
  1.535E+02 4.67532E-22 -1.261E-02 (-1.675E-11, 1.367E-11) (-1.853E-13, 3.272E-13)  1.00E-07
  1.540E+02 4.65529E-22 -1.241E-02 (-1.672E-11, 1.363E-11) (-1.818E-13, 3.208E-13)  1.00E-07
  1.545E+02 4.63574E-22 -1.220E-02 (-1.670E-11, 1.358E-11) (-1.784E-13, 3.145E-13)  1.00E-07
  1.550E+02 4.61667E-22 -1.200E-02 (-1.668E-11, 1.354E-11) (-1.749E-13, 3.081E-13)  1.00E-07
  1.555E+02 4.59805E-22 -1.179E-02 (-1.665E-11, 1.350E-11) (-1.714E-13, 3.018E-13)  1.00E-07
  1.560E+02 4.57989E-22 -1.158E-02 (-1.663E-11, 1.347E-11) (-1.679E-13, 2.954E-13)  1.00E-07
  1.565E+02 4.56218E-22 -1.137E-02 (-1.661E-11, 1.343E-11) (-1.645E-13, 2.891E-13)  1.00E-07
  1.570E+02 4.54493E-22 -1.115E-02 (-1.658E-11, 1.339E-11) (-1.610E-13, 2.828E-13)  1.00E-07
  1.575E+02 4.52811E-22 -1.094E-02 (-1.656E-11, 1.336E-11) (-1.575E-13, 2.765E-13)  1.00E-07
  1.580E+02 4.51173E-22 -1.072E-02 (-1.654E-11, 1.332E-11) (-1.540E-13, 2.702E-13)  1.00E-07
  1.585E+02 4.49578E-22 -1.050E-02 (-1.652E-11, 1.329E-11) (-1.505E-13, 2.639E-13)  1.00E-07
  1.590E+02 4.48026E-22 -1.028E-02 (-1.650E-11, 1.325E-11) (-1.471E-13, 2.577E-13)  1.00E-07
  1.595E+02 4.46516E-22 -1.006E-02 (-1.648E-11, 1.322E-11) (-1.436E-13, 2.514E-13)  1.00E-07
  1.600E+02 4.45048E-22 -9.835E-03 (-1.646E-11, 1.319E-11) (-1.401E-13, 2.452E-13)  1.00E-07
  1.605E+02 4.43621E-22 -9.609E-03 (-1.644E-11, 1.316E-11) (-1.366E-13, 2.389E-13)  1.00E-07
  1.610E+02 4.42236E-22 -9.382E-03 (-1.643E-11, 1.313E-11) (-1.331E-13, 2.327E-13)  1.00E-07
  1.615E+02 4.40891E-22 -9.154E-03 (-1.641E-11, 1.310E-11) (-1.296E-13, 2.265E-13)  1.00E-07
  1.620E+02 4.39586E-22 -8.924E-03 (-1.639E-11, 1.307E-11) (-1.261E-13, 2.202E-13)  1.00E-07
  1.625E+02 4.38322E-22 -8.693E-03 (-1.637E-11, 1.304E-11) (-1.226E-13, 2.140E-13)  1.00E-07
  1.630E+02 4.37097E-22 -8.460E-03 (-1.636E-11, 1.302E-11) (-1.191E-13, 2.078E-13)  1.00E-07
  1.635E+02 4.35911E-22 -8.226E-03 (-1.634E-11, 1.299E-11) (-1.157E-13, 2.016E-13)  1.00E-07
  1.640E+02 4.34763E-22 -7.991E-03 (-1.633E-11, 1.297E-11) (-1.122E-13, 1.955E-13)  1.00E-07
  1.645E+02 4.33655E-22 -7.754E-03 (-1.631E-11, 1.294E-11) (-1.087E-13, 1.893E-13)  1.00E-07
  1.650E+02 4.32584E-22 -7.516E-03 (-1.630E-11, 1.292E-11) (-1.052E-13, 1.831E-13)  1.00E-07
  1.655E+02 4.31552E-22 -7.277E-03 (-1.628E-11, 1.290E-11) (-1.017E-13, 1.769E-13)  1.00E-07
  1.660E+02 4.30557E-22 -7.037E-03 (-1.627E-11, 1.287E-11) (-9.817E-14, 1.708E-13)  1.00E-07
  1.665E+02 4.29599E-22 -6.796E-03 (-1.626E-11, 1.285E-11) (-9.467E-14, 1.646E-13)  1.00E-07
  1.670E+02 4.28679E-22 -6.553E-03 (-1.625E-11, 1.283E-11) (-9.117E-14, 1.585E-13)  1.00E-07
  1.675E+02 4.27795E-22 -6.310E-03 (-1.623E-11, 1.281E-11) (-8.767E-14, 1.523E-13)  1.00E-07
  1.680E+02 4.26948E-22 -6.065E-03 (-1.622E-11, 1.280E-11) (-8.417E-14, 1.462E-13)  1.00E-07
  1.685E+02 4.26137E-22 -5.820E-03 (-1.621E-11, 1.278E-11) (-8.067E-14, 1.401E-13)  1.00E-07
  1.690E+02 4.25362E-22 -5.574E-03 (-1.620E-11, 1.276E-11) (-7.716E-14, 1.339E-13)  1.00E-07
  1.695E+02 4.24623E-22 -5.327E-03 (-1.619E-11, 1.275E-11) (-7.366E-14, 1.278E-13)  1.00E-07
  1.700E+02 4.23920E-22 -5.078E-03 (-1.618E-11, 1.273E-11) (-7.016E-14, 1.217E-13)  1.00E-07
  1.705E+02 4.23253E-22 -4.830E-03 (-1.617E-11, 1.272E-11) (-6.665E-14, 1.156E-13)  1.00E-07
  1.710E+02 4.22620E-22 -4.580E-03 (-1.616E-11, 1.270E-11) (-6.315E-14, 1.095E-13)  1.00E-07
  1.715E+02 4.22023E-22 -4.330E-03 (-1.616E-11, 1.269E-11) (-5.964E-14, 1.034E-13)  1.00E-07
  1.720E+02 4.21461E-22 -4.078E-03 (-1.615E-11, 1.268E-11) (-5.614E-14, 9.729E-14)  1.00E-07
  1.725E+02 4.20934E-22 -3.827E-03 (-1.614E-11, 1.266E-11) (-5.263E-14, 9.119E-14)  1.00E-07
  1.730E+02 4.20441E-22 -3.574E-03 (-1.613E-11, 1.265E-11) (-4.912E-14, 8.509E-14)  1.00E-07
  1.735E+02 4.19983E-22 -3.321E-03 (-1.613E-11, 1.264E-11) (-4.562E-14, 7.900E-14)  1.00E-07
  1.740E+02 4.19560E-22 -3.068E-03 (-1.612E-11, 1.263E-11) (-4.211E-14, 7.292E-14)  1.00E-07
  1.745E+02 4.19170E-22 -2.814E-03 (-1.612E-11, 1.263E-11) (-3.860E-14, 6.683E-14)  1.00E-07
  1.750E+02 4.18815E-22 -2.560E-03 (-1.611E-11, 1.262E-11) (-3.509E-14, 6.075E-14)  1.00E-07
  1.755E+02 4.18494E-22 -2.305E-03 (-1.611E-11, 1.261E-11) (-3.158E-14, 5.467E-14)  1.00E-07
  1.760E+02 4.18207E-22 -2.050E-03 (-1.610E-11, 1.260E-11) (-2.807E-14, 4.859E-14)  1.00E-07
  1.765E+02 4.17954E-22 -1.794E-03 (-1.610E-11, 1.260E-11) (-2.457E-14, 4.251E-14)  1.00E-07
  1.770E+02 4.17735E-22 -1.538E-03 (-1.610E-11, 1.259E-11) (-2.106E-14, 3.643E-14)  1.00E-07
  1.775E+02 4.17549E-22 -1.282E-03 (-1.610E-11, 1.259E-11) (-1.755E-14, 3.036E-14)  1.00E-07
  1.780E+02 4.17398E-22 -1.026E-03 (-1.609E-11, 1.259E-11) (-1.404E-14, 2.429E-14)  1.00E-07
  1.785E+02 4.17280E-22 -7.698E-04 (-1.609E-11, 1.258E-11) (-1.053E-14, 1.821E-14)  1.00E-07
  1.790E+02 4.17196E-22 -5.133E-04 (-1.609E-11, 1.258E-11) (-7.019E-15, 1.214E-14)  1.00E-07
  1.795E+02 4.17145E-22 -2.566E-04 (-1.609E-11, 1.258E-11) (-3.510E-15, 6.071E-15)  1.00E-07
  1.800E+02 4.17128E-22 -3.602E-18 (-1.609E-11, 1.258E-11) (-4.925E-29, 8.520E-29)  1.00E-07

  TOTAL ELASTIC CROSS SECTION = 1.247807E-17 cm**2
               FROM DCS TABLE = 1.247496E-17  (REL. DIF. = 2.50E-04)

  1ST TRANSPORT CROSS SECTION = 6.220049E-20 cm**2
               FROM DCS TABLE = 6.219939E-20  (REL. DIF. = 1.76E-05)

  2ND TRANSPORT CROSS SECTION = 1.546042E-19 cm**2

  **** DPWA0 ENDED ************************************************************

