 #  Scattering amplitudes (in cm)      MU=(1-cos(TH))/2
 #  Z =  14,   projectile: electron
 #  Kinetic energy = 2.50000E+04 eV
 #
 # TH (deg)      MU          Re(F)        Im(F)        Re(G)        Im(G)
 #--------------------------------------------------------------------------
  0.000E+00  0.00000E+00  8.82024E-08  8.14131E-09  0.00000E+00  0.00000E+00
  1.000E-04  7.61557E-13  8.82024E-08  8.14131E-09  3.59789E-15  3.36993E-16
  1.250E-04  1.18994E-12  8.82024E-08  8.14131E-09  4.49737E-15  4.21241E-16
  1.500E-04  1.71346E-12  8.82024E-08  8.14131E-09  5.39684E-15  5.05489E-16
  1.750E-04  2.33225E-12  8.82024E-08  8.14131E-09  6.29632E-15  5.89737E-16
  2.000E-04  3.04617E-12  8.82024E-08  8.14131E-09  7.19579E-15  6.73985E-16
  2.250E-04  3.85530E-12  8.82024E-08  8.14131E-09  8.09526E-15  7.58233E-16
  2.500E-04  4.75964E-12  8.82024E-08  8.14131E-09  8.99474E-15  8.42481E-16
  2.750E-04  5.75917E-12  8.82024E-08  8.14131E-09  9.89421E-15  9.26730E-16
  3.000E-04  6.85391E-12  8.82024E-08  8.14131E-09  1.07937E-14  1.01098E-15
  3.250E-04  8.04379E-12  8.82024E-08  8.14131E-09  1.16932E-14  1.09523E-15
  3.500E-04  9.32893E-12  8.82024E-08  8.14131E-09  1.25926E-14  1.17947E-15
  3.750E-04  1.07092E-11  8.82024E-08  8.14131E-09  1.34921E-14  1.26372E-15
  4.000E-04  1.21847E-11  8.82024E-08  8.14131E-09  1.43916E-14  1.34797E-15
  4.250E-04  1.37554E-11  8.82024E-08  8.14131E-09  1.52910E-14  1.43222E-15
  4.500E-04  1.54213E-11  8.82024E-08  8.14131E-09  1.61905E-14  1.51647E-15
  4.750E-04  1.71823E-11  8.82024E-08  8.14131E-09  1.70900E-14  1.60071E-15
  5.000E-04  1.90386E-11  8.82024E-08  8.14131E-09  1.79895E-14  1.68496E-15
  5.250E-04  2.09900E-11  8.82024E-08  8.14131E-09  1.88889E-14  1.76921E-15
  5.500E-04  2.30367E-11  8.82024E-08  8.14131E-09  1.97884E-14  1.85346E-15
  5.750E-04  2.51785E-11  8.82024E-08  8.14131E-09  2.06879E-14  1.93771E-15
  6.000E-04  2.74156E-11  8.82024E-08  8.14131E-09  2.15874E-14  2.02196E-15
  6.250E-04  2.97478E-11  8.82024E-08  8.14131E-09  2.24868E-14  2.10620E-15
  6.500E-04  3.21752E-11  8.82024E-08  8.14131E-09  2.33863E-14  2.19045E-15
  6.750E-04  3.46979E-11  8.82024E-08  8.14131E-09  2.42858E-14  2.27470E-15
  7.000E-04  3.73157E-11  8.82024E-08  8.14131E-09  2.51853E-14  2.35895E-15
  7.250E-04  4.00286E-11  8.82024E-08  8.14131E-09  2.60847E-14  2.44320E-15
  7.500E-04  4.28368E-11  8.82024E-08  8.14131E-09  2.69842E-14  2.52744E-15
  7.750E-04  4.57402E-11  8.82024E-08  8.14131E-09  2.78837E-14  2.61169E-15
  8.000E-04  4.87388E-11  8.82024E-08  8.14131E-09  2.87831E-14  2.69594E-15
  8.250E-04  5.18325E-11  8.82024E-08  8.14131E-09  2.96826E-14  2.78019E-15
  8.500E-04  5.50215E-11  8.82023E-08  8.14131E-09  3.05821E-14  2.86444E-15
  8.750E-04  5.83057E-11  8.82023E-08  8.14131E-09  3.14816E-14  2.94868E-15
  9.000E-04  6.16850E-11  8.82023E-08  8.14131E-09  3.23810E-14  3.03293E-15
  9.250E-04  6.51595E-11  8.82023E-08  8.14131E-09  3.32805E-14  3.11718E-15
  9.500E-04  6.87293E-11  8.82023E-08  8.14131E-09  3.41800E-14  3.20143E-15
  9.750E-04  7.23943E-11  8.82023E-08  8.14131E-09  3.50794E-14  3.28568E-15
  1.000E-03  7.61544E-11  8.82023E-08  8.14131E-09  3.59789E-14  3.36993E-15
  1.250E-03  1.18991E-10  8.82023E-08  8.14131E-09  4.49736E-14  4.21241E-15
  1.500E-03  1.71347E-10  8.82022E-08  8.14131E-09  5.39683E-14  5.05489E-15
  1.750E-03  2.33223E-10  8.82022E-08  8.14131E-09  6.29630E-14  5.89737E-15
  2.000E-03  3.04617E-10  8.82021E-08  8.14130E-09  7.19577E-14  6.73985E-15
  2.250E-03  3.85531E-10  8.82020E-08  8.14130E-09  8.09523E-14  7.58233E-15
  2.500E-03  4.75965E-10  8.82020E-08  8.14130E-09  8.99469E-14  8.42481E-15
  2.750E-03  5.75917E-10  8.82019E-08  8.14130E-09  9.89415E-14  9.26729E-15
  3.000E-03  6.85389E-10  8.82018E-08  8.14130E-09  1.07936E-13  1.01098E-14
  3.250E-03  8.04380E-10  8.82017E-08  8.14130E-09  1.16931E-13  1.09522E-14
  3.500E-03  9.32891E-10  8.82015E-08  8.14130E-09  1.25925E-13  1.17947E-14
  3.750E-03  1.07092E-09  8.82014E-08  8.14130E-09  1.34920E-13  1.26372E-14
  4.000E-03  1.21847E-09  8.82013E-08  8.14130E-09  1.43914E-13  1.34797E-14
  4.250E-03  1.37554E-09  8.82011E-08  8.14129E-09  1.52908E-13  1.43222E-14
  4.500E-03  1.54213E-09  8.82010E-08  8.14129E-09  1.61903E-13  1.51646E-14
  4.750E-03  1.71823E-09  8.82008E-08  8.14129E-09  1.70897E-13  1.60071E-14
  5.000E-03  1.90386E-09  8.82006E-08  8.14129E-09  1.79891E-13  1.68496E-14
  5.250E-03  2.09900E-09  8.82005E-08  8.14129E-09  1.88885E-13  1.76921E-14
  5.500E-03  2.30367E-09  8.82003E-08  8.14128E-09  1.97879E-13  1.85345E-14
  5.750E-03  2.51785E-09  8.82001E-08  8.14128E-09  2.06873E-13  1.93770E-14
  6.000E-03  2.74156E-09  8.81999E-08  8.14128E-09  2.15867E-13  2.02195E-14
  6.250E-03  2.97478E-09  8.81996E-08  8.14128E-09  2.24861E-13  2.10620E-14
  6.500E-03  3.21752E-09  8.81994E-08  8.14128E-09  2.33855E-13  2.19044E-14
  6.750E-03  3.46978E-09  8.81992E-08  8.14127E-09  2.42849E-13  2.27469E-14
  7.000E-03  3.73156E-09  8.81989E-08  8.14127E-09  2.51843E-13  2.35894E-14
  7.250E-03  4.00286E-09  8.81987E-08  8.14127E-09  2.60836E-13  2.44318E-14
  7.500E-03  4.28368E-09  8.81984E-08  8.14126E-09  2.69830E-13  2.52743E-14
  7.750E-03  4.57402E-09  8.81982E-08  8.14126E-09  2.78823E-13  2.61168E-14
  8.000E-03  4.87388E-09  8.81979E-08  8.14126E-09  2.87817E-13  2.69592E-14
  8.250E-03  5.18326E-09  8.81976E-08  8.14126E-09  2.96810E-13  2.78017E-14
  8.500E-03  5.50215E-09  8.81973E-08  8.14125E-09  3.05803E-13  2.86442E-14
  8.750E-03  5.83057E-09  8.81970E-08  8.14125E-09  3.14797E-13  2.94866E-14
  9.000E-03  6.16850E-09  8.81967E-08  8.14125E-09  3.23790E-13  3.03291E-14
  9.250E-03  6.51596E-09  8.81964E-08  8.14124E-09  3.32783E-13  3.11716E-14
  9.500E-03  6.87293E-09  8.81960E-08  8.14124E-09  3.41775E-13  3.20140E-14
  9.750E-03  7.23942E-09  8.81957E-08  8.14124E-09  3.50768E-13  3.28565E-14
  1.000E-02  7.61544E-09  8.81953E-08  8.14123E-09  3.59761E-13  3.36989E-14
  1.250E-02  1.18991E-08  8.81914E-08  8.14119E-09  4.49681E-13  4.21235E-14
  1.500E-02  1.71347E-08  8.81865E-08  8.14114E-09  5.39587E-13  5.05478E-14
  1.750E-02  2.33223E-08  8.81808E-08  8.14107E-09  6.29478E-13  5.89720E-14
  2.000E-02  3.04617E-08  8.81742E-08  8.14100E-09  7.19349E-13  6.73960E-14
  2.250E-02  3.85531E-08  8.81667E-08  8.14092E-09  8.09199E-13  7.58198E-14
  2.500E-02  4.75965E-08  8.81583E-08  8.14083E-09  8.99025E-13  8.42433E-14
  2.750E-02  5.75917E-08  8.81491E-08  8.14073E-09  9.88824E-13  9.26665E-14
  3.000E-02  6.85389E-08  8.81390E-08  8.14062E-09  1.07859E-12  1.01089E-13
  3.250E-02  8.04380E-08  8.81280E-08  8.14050E-09  1.16833E-12  1.09512E-13
  3.500E-02  9.32891E-08  8.81161E-08  8.14037E-09  1.25803E-12  1.17934E-13
  3.750E-02  1.07092E-07  8.81033E-08  8.14023E-09  1.34770E-12  1.26356E-13
  4.000E-02  1.21847E-07  8.80897E-08  8.14008E-09  1.43732E-12  1.34777E-13
  4.250E-02  1.37554E-07  8.80752E-08  8.13993E-09  1.52690E-12  1.43198E-13
  4.500E-02  1.54213E-07  8.80598E-08  8.13976E-09  1.61644E-12  1.51618E-13
  4.750E-02  1.71823E-07  8.80435E-08  8.13958E-09  1.70593E-12  1.60038E-13
  5.000E-02  1.90386E-07  8.80264E-08  8.13940E-09  1.79537E-12  1.68457E-13
  5.250E-02  2.09900E-07  8.80084E-08  8.13920E-09  1.88475E-12  1.76876E-13
  5.500E-02  2.30367E-07  8.79896E-08  8.13899E-09  1.97408E-12  1.85294E-13
  5.750E-02  2.51785E-07  8.79698E-08  8.13878E-09  2.06335E-12  1.93711E-13
  6.000E-02  2.74156E-07  8.79492E-08  8.13856E-09  2.15255E-12  2.02128E-13
  6.250E-02  2.97478E-07  8.79277E-08  8.13832E-09  2.24170E-12  2.10544E-13
  6.500E-02  3.21752E-07  8.79054E-08  8.13808E-09  2.33077E-12  2.18960E-13
  6.750E-02  3.46978E-07  8.78822E-08  8.13782E-09  2.41978E-12  2.27374E-13
  7.000E-02  3.73156E-07  8.78582E-08  8.13756E-09  2.50872E-12  2.35788E-13
  7.250E-02  4.00286E-07  8.78333E-08  8.13729E-09  2.59758E-12  2.44201E-13
  7.500E-02  4.28368E-07  8.78075E-08  8.13701E-09  2.68636E-12  2.52613E-13
  7.750E-02  4.57402E-07  8.77809E-08  8.13672E-09  2.77507E-12  2.61024E-13
  8.000E-02  4.87388E-07  8.77534E-08  8.13642E-09  2.86369E-12  2.69435E-13
  8.250E-02  5.18325E-07  8.77250E-08  8.13611E-09  2.95223E-12  2.77844E-13
  8.500E-02  5.50215E-07  8.76958E-08  8.13579E-09  3.04068E-12  2.86252E-13
  8.750E-02  5.83057E-07  8.76658E-08  8.13546E-09  3.12904E-12  2.94660E-13
  9.000E-02  6.16850E-07  8.76349E-08  8.13512E-09  3.21731E-12  3.03066E-13
  9.250E-02  6.51596E-07  8.76032E-08  8.13477E-09  3.30549E-12  3.11472E-13
  9.500E-02  6.87293E-07  8.75706E-08  8.13441E-09  3.39357E-12  3.19876E-13
  9.750E-02  7.23942E-07  8.75372E-08  8.13405E-09  3.48154E-12  3.28279E-13
  1.000E-01  7.61543E-07  8.75029E-08  8.13367E-09  3.56942E-12  3.36681E-13
  1.250E-01  1.18991E-06  8.71147E-08  8.12938E-09  4.44202E-12  4.20633E-13
  1.500E-01  1.71347E-06  8.66451E-08  8.12416E-09  5.30175E-12  5.04440E-13
  1.750E-01  2.33223E-06  8.60971E-08  8.11799E-09  6.14633E-12  5.88074E-13
  2.000E-01  3.04617E-06  8.54739E-08  8.11090E-09  6.97364E-12  6.71507E-13
  2.250E-01  3.85531E-06  8.47792E-08  8.10289E-09  7.78171E-12  7.54710E-13
  2.500E-01  4.75964E-06  8.40169E-08  8.09396E-09  8.56877E-12  8.37658E-13
  2.750E-01  5.75916E-06  8.31913E-08  8.08414E-09  9.33322E-12  9.20322E-13
  3.000E-01  6.85388E-06  8.23068E-08  8.07342E-09  1.00737E-11  1.00268E-12
  3.250E-01  8.04378E-06  8.13679E-08  8.06183E-09  1.07889E-11  1.08470E-12
  3.500E-01  9.32888E-06  8.03795E-08  8.04937E-09  1.14780E-11  1.16636E-12
  3.750E-01  1.07092E-05  7.93461E-08  8.03606E-09  1.21401E-11  1.24764E-12
  4.000E-01  1.21846E-05  7.82725E-08  8.02192E-09  1.27746E-11  1.32851E-12
  4.250E-01  1.37553E-05  7.71635E-08  8.00695E-09  1.33811E-11  1.40895E-12
  4.500E-01  1.54212E-05  7.60236E-08  7.99118E-09  1.39594E-11  1.48893E-12
  4.750E-01  1.71822E-05  7.48574E-08  7.97462E-09  1.45094E-11  1.56845E-12
  5.000E-01  1.90385E-05  7.36691E-08  7.95729E-09  1.50312E-11  1.64746E-12
  5.250E-01  2.09899E-05  7.24630E-08  7.93921E-09  1.55250E-11  1.72597E-12
  5.500E-01  2.30365E-05  7.12430E-08  7.92039E-09  1.59911E-11  1.80394E-12
  5.750E-01  2.51783E-05  7.00129E-08  7.90086E-09  1.64300E-11  1.88136E-12
  6.000E-01  2.74153E-05  6.87762E-08  7.88063E-09  1.68423E-11  1.95821E-12
  6.250E-01  2.97475E-05  6.75362E-08  7.85972E-09  1.72285E-11  2.03448E-12
  6.500E-01  3.21749E-05  6.62960E-08  7.83816E-09  1.75895E-11  2.11014E-12
  6.750E-01  3.46974E-05  6.50585E-08  7.81596E-09  1.79259E-11  2.18519E-12
  7.000E-01  3.73152E-05  6.38262E-08  7.79315E-09  1.82386E-11  2.25962E-12
  7.250E-01  4.00281E-05  6.26015E-08  7.76973E-09  1.85285E-11  2.33340E-12
  7.500E-01  4.28362E-05  6.13865E-08  7.74575E-09  1.87964E-11  2.40653E-12
  7.750E-01  4.57395E-05  6.01832E-08  7.72121E-09  1.90433E-11  2.47899E-12
  8.000E-01  4.87380E-05  5.89933E-08  7.69613E-09  1.92700E-11  2.55078E-12
  8.250E-01  5.18317E-05  5.78183E-08  7.67055E-09  1.94775E-11  2.62189E-12
  8.500E-01  5.50205E-05  5.66594E-08  7.64447E-09  1.96667E-11  2.69231E-12
  8.750E-01  5.83045E-05  5.55179E-08  7.61792E-09  1.98385E-11  2.76202E-12
  9.000E-01  6.16838E-05  5.43947E-08  7.59092E-09  1.99937E-11  2.83103E-12
  9.250E-01  6.51582E-05  5.32907E-08  7.56349E-09  2.01333E-11  2.89933E-12
  9.500E-01  6.87277E-05  5.22066E-08  7.53566E-09  2.02581E-11  2.96691E-12
  9.750E-01  7.23925E-05  5.11428E-08  7.50743E-09  2.03689E-11  3.03377E-12
  1.000E+00  7.61524E-05  5.00998E-08  7.47883E-09  2.04665E-11  3.09990E-12
  1.100E+00  9.21439E-05  4.61413E-08  7.36114E-09  2.07401E-11  3.35711E-12
  1.200E+00  1.09658E-04  4.25263E-08  7.23904E-09  2.08591E-11  3.60256E-12
  1.300E+00  1.28695E-04  3.92451E-08  7.11365E-09  2.08602E-11  3.83631E-12
  1.400E+00  1.49255E-04  3.62782E-08  6.98598E-09  2.07733E-11  4.05852E-12
  1.500E+00  1.71338E-04  3.36009E-08  6.85691E-09  2.06214E-11  4.26947E-12
  1.600E+00  1.94942E-04  3.11866E-08  6.72724E-09  2.04228E-11  4.46948E-12
  1.700E+00  2.20070E-04  2.90089E-08  6.59764E-09  2.01912E-11  4.65895E-12
  1.800E+00  2.46720E-04  2.70426E-08  6.46868E-09  1.99370E-11  4.83831E-12
  1.900E+00  2.74892E-04  2.52645E-08  6.34084E-09  1.96680E-11  5.00800E-12
  2.000E+00  3.04586E-04  2.36533E-08  6.21451E-09  1.93901E-11  5.16849E-12
  2.100E+00  3.35803E-04  2.21902E-08  6.09001E-09  1.91075E-11  5.32022E-12
  2.200E+00  3.68542E-04  2.08584E-08  5.96760E-09  1.88233E-11  5.46365E-12
  2.300E+00  4.02802E-04  1.96432E-08  5.84746E-09  1.85396E-11  5.59920E-12
  2.400E+00  4.38585E-04  1.85316E-08  5.72974E-09  1.82580E-11  5.72730E-12
  2.500E+00  4.75889E-04  1.75121E-08  5.61454E-09  1.79796E-11  5.84835E-12
  2.600E+00  5.14715E-04  1.65748E-08  5.50192E-09  1.77050E-11  5.96272E-12
  2.700E+00  5.55063E-04  1.57110E-08  5.39194E-09  1.74348E-11  6.07076E-12
  2.800E+00  5.96931E-04  1.49130E-08  5.28459E-09  1.71691E-11  6.17283E-12
  2.900E+00  6.40321E-04  1.41742E-08  5.17988E-09  1.69081E-11  6.26923E-12
  3.000E+00  6.85233E-04  1.34885E-08  5.07779E-09  1.66517E-11  6.36025E-12
  3.100E+00  7.31665E-04  1.28508E-08  4.97828E-09  1.64001E-11  6.44619E-12
  3.200E+00  7.79618E-04  1.22566E-08  4.88131E-09  1.61530E-11  6.52729E-12
  3.300E+00  8.29092E-04  1.17019E-08  4.78683E-09  1.59105E-11  6.60380E-12
  3.400E+00  8.80086E-04  1.11830E-08  4.69479E-09  1.56723E-11  6.67595E-12
  3.500E+00  9.32601E-04  1.06968E-08  4.60513E-09  1.54383E-11  6.74396E-12
  3.600E+00  9.86636E-04  1.02405E-08  4.51778E-09  1.52084E-11  6.80802E-12
  3.700E+00  1.04219E-03  9.81159E-09  4.43269E-09  1.49826E-11  6.86833E-12
  3.800E+00  1.09927E-03  9.40782E-09  4.34979E-09  1.47606E-11  6.92505E-12
  3.900E+00  1.15786E-03  9.02718E-09  4.26902E-09  1.45423E-11  6.97837E-12
  4.000E+00  1.21797E-03  8.66787E-09  4.19031E-09  1.43278E-11  7.02843E-12
  4.100E+00  1.27961E-03  8.32828E-09  4.11361E-09  1.41167E-11  7.07538E-12
  4.200E+00  1.34276E-03  8.00693E-09  4.03885E-09  1.39092E-11  7.11937E-12
  4.300E+00  1.40743E-03  7.70252E-09  3.96597E-09  1.37050E-11  7.16053E-12
  4.400E+00  1.47362E-03  7.41383E-09  3.89492E-09  1.35041E-11  7.19898E-12
  4.500E+00  1.54133E-03  7.13979E-09  3.82563E-09  1.33065E-11  7.23484E-12
  4.600E+00  1.61056E-03  6.87939E-09  3.75806E-09  1.31120E-11  7.26822E-12
  4.700E+00  1.68131E-03  6.63174E-09  3.69215E-09  1.29207E-11  7.29924E-12
  4.800E+00  1.75357E-03  6.39600E-09  3.62784E-09  1.27323E-11  7.32800E-12
  4.900E+00  1.82735E-03  6.17142E-09  3.56510E-09  1.25470E-11  7.35458E-12
  5.000E+00  1.90265E-03  5.95731E-09  3.50386E-09  1.23646E-11  7.37910E-12
  5.100E+00  1.97947E-03  5.75302E-09  3.44409E-09  1.21851E-11  7.40162E-12
  5.200E+00  2.05780E-03  5.55797E-09  3.38574E-09  1.20085E-11  7.42225E-12
  5.300E+00  2.13765E-03  5.37160E-09  3.32876E-09  1.18346E-11  7.44105E-12
  5.400E+00  2.21902E-03  5.19343E-09  3.27312E-09  1.16635E-11  7.45812E-12
  5.500E+00  2.30190E-03  5.02297E-09  3.21878E-09  1.14951E-11  7.47351E-12
  5.600E+00  2.38630E-03  4.85981E-09  3.16569E-09  1.13294E-11  7.48730E-12
  5.700E+00  2.47222E-03  4.70353E-09  3.11383E-09  1.11664E-11  7.49957E-12
  5.800E+00  2.55965E-03  4.55377E-09  3.06314E-09  1.10059E-11  7.51036E-12
  5.900E+00  2.64859E-03  4.41017E-09  3.01361E-09  1.08480E-11  7.51975E-12
  6.000E+00  2.73905E-03  4.27242E-09  2.96519E-09  1.06926E-11  7.52780E-12
  6.100E+00  2.83103E-03  4.14020E-09  2.91786E-09  1.05397E-11  7.53456E-12
  6.200E+00  2.92452E-03  4.01325E-09  2.87158E-09  1.03893E-11  7.54009E-12
  6.300E+00  3.01952E-03  3.89128E-09  2.82632E-09  1.02413E-11  7.54443E-12
  6.400E+00  3.11604E-03  3.77406E-09  2.78206E-09  1.00956E-11  7.54764E-12
  6.500E+00  3.21407E-03  3.66135E-09  2.73876E-09  9.95232E-12  7.54977E-12
  6.600E+00  3.31362E-03  3.55293E-09  2.69641E-09  9.81132E-12  7.55086E-12
  6.700E+00  3.41468E-03  3.44860E-09  2.65497E-09  9.67259E-12  7.55097E-12
  6.800E+00  3.51725E-03  3.34815E-09  2.61441E-09  9.53609E-12  7.55012E-12
  6.900E+00  3.62133E-03  3.25142E-09  2.57473E-09  9.40179E-12  7.54836E-12
  7.000E+00  3.72692E-03  3.15823E-09  2.53588E-09  9.26966E-12  7.54573E-12
  7.100E+00  3.83403E-03  3.06842E-09  2.49785E-09  9.13966E-12  7.54227E-12
  7.200E+00  3.94265E-03  2.98183E-09  2.46062E-09  9.01176E-12  7.53802E-12
  7.300E+00  4.05278E-03  2.89832E-09  2.42417E-09  8.88592E-12  7.53300E-12
  7.400E+00  4.16442E-03  2.81775E-09  2.38847E-09  8.76211E-12  7.52725E-12
  7.500E+00  4.27757E-03  2.74000E-09  2.35350E-09  8.64029E-12  7.52081E-12
  7.600E+00  4.39223E-03  2.66494E-09  2.31925E-09  8.52044E-12  7.51371E-12
  7.700E+00  4.50840E-03  2.59246E-09  2.28570E-09  8.40252E-12  7.50596E-12
  7.800E+00  4.62608E-03  2.52244E-09  2.25283E-09  8.28649E-12  7.49762E-12
  7.900E+00  4.74527E-03  2.45479E-09  2.22062E-09  8.17232E-12  7.48869E-12
  8.000E+00  4.86597E-03  2.38940E-09  2.18906E-09  8.05999E-12  7.47920E-12
  8.100E+00  4.98817E-03  2.32618E-09  2.15812E-09  7.94946E-12  7.46919E-12
  8.200E+00  5.11188E-03  2.26505E-09  2.12780E-09  7.84070E-12  7.45867E-12
  8.300E+00  5.23711E-03  2.20591E-09  2.09807E-09  7.73367E-12  7.44767E-12
  8.400E+00  5.36383E-03  2.14868E-09  2.06893E-09  7.62836E-12  7.43622E-12
  8.500E+00  5.49207E-03  2.09330E-09  2.04036E-09  7.52472E-12  7.42432E-12
  8.600E+00  5.62181E-03  2.03968E-09  2.01234E-09  7.42272E-12  7.41201E-12
  8.700E+00  5.75306E-03  1.98776E-09  1.98486E-09  7.32235E-12  7.39930E-12
  8.800E+00  5.88581E-03  1.93747E-09  1.95791E-09  7.22357E-12  7.38621E-12
  8.900E+00  6.02007E-03  1.88875E-09  1.93147E-09  7.12634E-12  7.37276E-12
  9.000E+00  6.15583E-03  1.84154E-09  1.90554E-09  7.03065E-12  7.35896E-12
  9.100E+00  6.29310E-03  1.79578E-09  1.88009E-09  6.93647E-12  7.34484E-12
  9.200E+00  6.43187E-03  1.75141E-09  1.85512E-09  6.84376E-12  7.33041E-12
  9.300E+00  6.57214E-03  1.70839E-09  1.83063E-09  6.75251E-12  7.31569E-12
  9.400E+00  6.71392E-03  1.66666E-09  1.80658E-09  6.66267E-12  7.30069E-12
  9.500E+00  6.85720E-03  1.62618E-09  1.78298E-09  6.57424E-12  7.28542E-12
  9.600E+00  7.00198E-03  1.58689E-09  1.75982E-09  6.48718E-12  7.26990E-12
  9.700E+00  7.14827E-03  1.54877E-09  1.73708E-09  6.40147E-12  7.25414E-12
  9.800E+00  7.29605E-03  1.51176E-09  1.71475E-09  6.31708E-12  7.23815E-12
  9.900E+00  7.44534E-03  1.47582E-09  1.69283E-09  6.23399E-12  7.22196E-12
  1.000E+01  7.59612E-03  1.44092E-09  1.67131E-09  6.15218E-12  7.20556E-12
  1.025E+01  7.97965E-03  1.35798E-09  1.61917E-09  5.95308E-12  7.16375E-12
  1.050E+01  8.37255E-03  1.28076E-09  1.56931E-09  5.76145E-12  7.12091E-12
  1.075E+01  8.77480E-03  1.20878E-09  1.52160E-09  5.57695E-12  7.07719E-12
  1.100E+01  9.18641E-03  1.14162E-09  1.47593E-09  5.39927E-12  7.03273E-12
  1.125E+01  9.60736E-03  1.07888E-09  1.43219E-09  5.22810E-12  6.98764E-12
  1.150E+01  1.00376E-02  1.02022E-09  1.39028E-09  5.06314E-12  6.94204E-12
  1.175E+01  1.04773E-02  9.65316E-10  1.35009E-09  4.90412E-12  6.89602E-12
  1.200E+01  1.09262E-02  9.13872E-10  1.31153E-09  4.75077E-12  6.84968E-12
  1.225E+01  1.13844E-02  8.65630E-10  1.27453E-09  4.60284E-12  6.80308E-12
  1.250E+01  1.18520E-02  8.20348E-10  1.23900E-09  4.46010E-12  6.75632E-12
  1.275E+01  1.23288E-02  7.77808E-10  1.20487E-09  4.32231E-12  6.70944E-12
  1.300E+01  1.28150E-02  7.37810E-10  1.17207E-09  4.18926E-12  6.66252E-12
  1.325E+01  1.33104E-02  7.00172E-10  1.14053E-09  4.06075E-12  6.61560E-12
  1.350E+01  1.38150E-02  6.64726E-10  1.11019E-09  3.93657E-12  6.56873E-12
  1.375E+01  1.43290E-02  6.31319E-10  1.08099E-09  3.81655E-12  6.52195E-12
  1.400E+01  1.48521E-02  5.99810E-10  1.05287E-09  3.70051E-12  6.47530E-12
  1.425E+01  1.53845E-02  5.70070E-10  1.02580E-09  3.58827E-12  6.42883E-12
  1.450E+01  1.59262E-02  5.41981E-10  9.99704E-10  3.47969E-12  6.38254E-12
  1.475E+01  1.64770E-02  5.15431E-10  9.74551E-10  3.37461E-12  6.33648E-12
  1.500E+01  1.70371E-02  4.90321E-10  9.50295E-10  3.27288E-12  6.29068E-12
  1.525E+01  1.76063E-02  4.66557E-10  9.26895E-10  3.17438E-12  6.24514E-12
  1.550E+01  1.81848E-02  4.44053E-10  9.04311E-10  3.07896E-12  6.19988E-12
  1.575E+01  1.87724E-02  4.22729E-10  8.82507E-10  2.98651E-12  6.15494E-12
  1.600E+01  1.93692E-02  4.02513E-10  8.61448E-10  2.89691E-12  6.11031E-12
  1.625E+01  1.99751E-02  3.83334E-10  8.41103E-10  2.81004E-12  6.06602E-12
  1.650E+01  2.05901E-02  3.65130E-10  8.21438E-10  2.72580E-12  6.02208E-12
  1.675E+01  2.12143E-02  3.47843E-10  8.02426E-10  2.64409E-12  5.97848E-12
  1.700E+01  2.18476E-02  3.31416E-10  7.84038E-10  2.56481E-12  5.93525E-12
  1.725E+01  2.24900E-02  3.15800E-10  7.66248E-10  2.48786E-12  5.89239E-12
  1.750E+01  2.31415E-02  3.00948E-10  7.49030E-10  2.41316E-12  5.84991E-12
  1.775E+01  2.38021E-02  2.86814E-10  7.32362E-10  2.34063E-12  5.80780E-12
  1.800E+01  2.44717E-02  2.73359E-10  7.16220E-10  2.27018E-12  5.76608E-12
  1.825E+01  2.51504E-02  2.60543E-10  7.00582E-10  2.20174E-12  5.72475E-12
  1.850E+01  2.58382E-02  2.48331E-10  6.85429E-10  2.13523E-12  5.68380E-12
  1.875E+01  2.65349E-02  2.36690E-10  6.70742E-10  2.07059E-12  5.64325E-12
  1.900E+01  2.72407E-02  2.25587E-10  6.56500E-10  2.00775E-12  5.60308E-12
  1.925E+01  2.79555E-02  2.14995E-10  6.42688E-10  1.94664E-12  5.56331E-12
  1.950E+01  2.86793E-02  2.04885E-10  6.29288E-10  1.88720E-12  5.52394E-12
  1.975E+01  2.94120E-02  1.95231E-10  6.16285E-10  1.82938E-12  5.48495E-12
  2.000E+01  3.01537E-02  1.86010E-10  6.03662E-10  1.77312E-12  5.44635E-12
  2.025E+01  3.09043E-02  1.77200E-10  5.91407E-10  1.71836E-12  5.40814E-12
  2.050E+01  3.16639E-02  1.68778E-10  5.79504E-10  1.66505E-12  5.37032E-12
  2.075E+01  3.24324E-02  1.60725E-10  5.67941E-10  1.61315E-12  5.33288E-12
  2.100E+01  3.32098E-02  1.53022E-10  5.56705E-10  1.56261E-12  5.29583E-12
  2.125E+01  3.39961E-02  1.45652E-10  5.45784E-10  1.51339E-12  5.25915E-12
  2.150E+01  3.47912E-02  1.38598E-10  5.35168E-10  1.46543E-12  5.22285E-12
  2.175E+01  3.55952E-02  1.31843E-10  5.24843E-10  1.41870E-12  5.18693E-12
  2.200E+01  3.64081E-02  1.25375E-10  5.14802E-10  1.37316E-12  5.15137E-12
  2.225E+01  3.72297E-02  1.19178E-10  5.05032E-10  1.32877E-12  5.11619E-12
  2.250E+01  3.80602E-02  1.13240E-10  4.95525E-10  1.28550E-12  5.08137E-12
  2.275E+01  3.88995E-02  1.07548E-10  4.86272E-10  1.24330E-12  5.04691E-12
  2.300E+01  3.97476E-02  1.02091E-10  4.77264E-10  1.20215E-12  5.01281E-12
  2.325E+01  4.06044E-02  9.68568E-11  4.68492E-10  1.16201E-12  4.97906E-12
  2.350E+01  4.14700E-02  9.18360E-11  4.59948E-10  1.12286E-12  4.94566E-12
  2.375E+01  4.23443E-02  8.70184E-11  4.51625E-10  1.08466E-12  4.91260E-12
  2.400E+01  4.32273E-02  8.23948E-11  4.43516E-10  1.04738E-12  4.87989E-12
  2.425E+01  4.41190E-02  7.79562E-11  4.35612E-10  1.01099E-12  4.84752E-12
  2.450E+01  4.50194E-02  7.36944E-11  4.27908E-10  9.75480E-13  4.81548E-12
  2.475E+01  4.59284E-02  6.96013E-11  4.20397E-10  9.40809E-13  4.78377E-12
  2.500E+01  4.68461E-02  6.56695E-11  4.13072E-10  9.06956E-13  4.75239E-12
  2.550E+01  4.87074E-02  5.82615E-11  3.98958E-10  8.41612E-13  4.69059E-12
  2.600E+01  5.06030E-02  5.14177E-11  3.85522E-10  7.79268E-13  4.63005E-12
  2.650E+01  5.25328E-02  4.50904E-11  3.72721E-10  7.19757E-13  4.57073E-12
  2.700E+01  5.44967E-02  3.92366E-11  3.60517E-10  6.62921E-13  4.51261E-12
  2.750E+01  5.64946E-02  3.38175E-11  3.48874E-10  6.08618E-13  4.45566E-12
  2.800E+01  5.85262E-02  2.87979E-11  3.37759E-10  5.56710E-13  4.39985E-12
  2.850E+01  6.05914E-02  2.41456E-11  3.27140E-10  5.07072E-13  4.34514E-12
  2.900E+01  6.26901E-02  1.98318E-11  3.16990E-10  4.59586E-13  4.29150E-12
  2.950E+01  6.48222E-02  1.58299E-11  3.07282E-10  4.14141E-13  4.23892E-12
  3.000E+01  6.69873E-02  1.21159E-11  2.97991E-10  3.70635E-13  4.18736E-12
  3.050E+01  6.91854E-02  8.66775E-12  2.89094E-10  3.28970E-13  4.13679E-12
  3.100E+01  7.14163E-02  5.46538E-12  2.80569E-10  2.89055E-13  4.08719E-12
  3.150E+01  7.36799E-02  2.49043E-12  2.72397E-10  2.50806E-13  4.03853E-12
  3.200E+01  7.59760E-02 -2.73904E-13  2.64558E-10  2.14141E-13  3.99078E-12
  3.250E+01  7.83043E-02 -2.84303E-12  2.57036E-10  1.78987E-13  3.94394E-12
  3.300E+01  8.06647E-02 -5.23111E-12  2.49814E-10  1.45272E-13  3.89796E-12
  3.350E+01  8.30571E-02 -7.45113E-12  2.42876E-10  1.12929E-13  3.85282E-12
  3.400E+01  8.54812E-02 -9.51506E-12  2.36209E-10  8.18955E-14  3.80852E-12
  3.450E+01  8.79369E-02 -1.14339E-11  2.29798E-10  5.21120E-14  3.76501E-12
  3.500E+01  9.04240E-02 -1.32178E-11  2.23631E-10  2.35225E-14  3.72229E-12
  3.550E+01  9.29422E-02 -1.48761E-11  2.17696E-10 -3.92604E-15  3.68033E-12
  3.600E+01  9.54915E-02 -1.64173E-11  2.11982E-10 -3.02835E-14  3.63911E-12
  3.650E+01  9.80716E-02 -1.78496E-11  2.06478E-10 -5.55973E-14  3.59862E-12
  3.700E+01  1.00682E-01 -1.91802E-11  2.01175E-10 -7.99122E-14  3.55883E-12
  3.750E+01  1.03323E-01 -2.04161E-11  1.96062E-10 -1.03271E-13  3.51972E-12
  3.800E+01  1.05995E-01 -2.15634E-11  1.91132E-10 -1.25713E-13  3.48129E-12
  3.850E+01  1.08696E-01 -2.26282E-11  1.86376E-10 -1.47277E-13  3.44351E-12
  3.900E+01  1.11427E-01 -2.36157E-11  1.81786E-10 -1.68000E-13  3.40636E-12
  3.950E+01  1.14188E-01 -2.45311E-11  1.77354E-10 -1.87915E-13  3.36984E-12
  4.000E+01  1.16978E-01 -2.53790E-11  1.73074E-10 -2.07055E-13  3.33392E-12
  4.050E+01  1.19797E-01 -2.61638E-11  1.68939E-10 -2.25452E-13  3.29859E-12
  4.100E+01  1.22645E-01 -2.68896E-11  1.64943E-10 -2.43134E-13  3.26383E-12
  4.150E+01  1.25522E-01 -2.75601E-11  1.61079E-10 -2.60131E-13  3.22964E-12
  4.200E+01  1.28428E-01 -2.81789E-11  1.57343E-10 -2.76468E-13  3.19600E-12
  4.250E+01  1.31361E-01 -2.87491E-11  1.53729E-10 -2.92172E-13  3.16289E-12
  4.300E+01  1.34323E-01 -2.92739E-11  1.50231E-10 -3.07265E-13  3.13030E-12
  4.350E+01  1.37313E-01 -2.97562E-11  1.46845E-10 -3.21773E-13  3.09822E-12
  4.400E+01  1.40330E-01 -3.01985E-11  1.43566E-10 -3.35717E-13  3.06664E-12
  4.450E+01  1.43375E-01 -3.06034E-11  1.40390E-10 -3.49117E-13  3.03555E-12
  4.500E+01  1.46447E-01 -3.09731E-11  1.37314E-10 -3.61994E-13  3.00493E-12
  4.550E+01  1.49545E-01 -3.13100E-11  1.34332E-10 -3.74368E-13  2.97477E-12
  4.600E+01  1.52671E-01 -3.16159E-11  1.31441E-10 -3.86257E-13  2.94507E-12
  4.650E+01  1.55823E-01 -3.18928E-11  1.28638E-10 -3.97677E-13  2.91581E-12
  4.700E+01  1.59001E-01 -3.21425E-11  1.25919E-10 -4.08647E-13  2.88698E-12
  4.750E+01  1.62205E-01 -3.23666E-11  1.23282E-10 -4.19182E-13  2.85857E-12
  4.800E+01  1.65435E-01 -3.25668E-11  1.20722E-10 -4.29297E-13  2.83058E-12
  4.850E+01  1.68690E-01 -3.27444E-11  1.18237E-10 -4.39008E-13  2.80299E-12
  4.900E+01  1.71970E-01 -3.29009E-11  1.15825E-10 -4.48329E-13  2.77580E-12
  4.950E+01  1.75276E-01 -3.30375E-11  1.13482E-10 -4.57272E-13  2.74899E-12
  5.000E+01  1.78606E-01 -3.31554E-11  1.11206E-10 -4.65851E-13  2.72256E-12
  5.050E+01  1.81961E-01 -3.32559E-11  1.08995E-10 -4.74079E-13  2.69649E-12
  5.100E+01  1.85340E-01 -3.33399E-11  1.06846E-10 -4.81966E-13  2.67079E-12
  5.150E+01  1.88743E-01 -3.34085E-11  1.04757E-10 -4.89526E-13  2.64545E-12
  5.200E+01  1.92169E-01 -3.34626E-11  1.02725E-10 -4.96769E-13  2.62044E-12
  5.250E+01  1.95619E-01 -3.35031E-11  1.00750E-10 -5.03704E-13  2.59578E-12
  5.300E+01  1.99092E-01 -3.35308E-11  9.88287E-11 -5.10344E-13  2.57145E-12
  5.350E+01  2.02589E-01 -3.35466E-11  9.69593E-11 -5.16696E-13  2.54744E-12
  5.400E+01  2.06107E-01 -3.35511E-11  9.51401E-11 -5.22771E-13  2.52375E-12
  5.450E+01  2.09649E-01 -3.35451E-11  9.33695E-11 -5.28578E-13  2.50037E-12
  5.500E+01  2.13212E-01 -3.35291E-11  9.16458E-11 -5.34124E-13  2.47729E-12
  5.550E+01  2.16797E-01 -3.35040E-11  8.99673E-11 -5.39420E-13  2.45451E-12
  5.600E+01  2.20404E-01 -3.34701E-11  8.83327E-11 -5.44472E-13  2.43203E-12
  5.650E+01  2.24032E-01 -3.34282E-11  8.67405E-11 -5.49288E-13  2.40983E-12
  5.700E+01  2.27680E-01 -3.33786E-11  8.51892E-11 -5.53876E-13  2.38791E-12
  5.750E+01  2.31350E-01 -3.33219E-11  8.36776E-11 -5.58242E-13  2.36626E-12
  5.800E+01  2.35040E-01 -3.32585E-11  8.22043E-11 -5.62395E-13  2.34488E-12
  5.850E+01  2.38751E-01 -3.31889E-11  8.07681E-11 -5.66340E-13  2.32377E-12
  5.900E+01  2.42481E-01 -3.31134E-11  7.93679E-11 -5.70083E-13  2.30291E-12
  5.950E+01  2.46231E-01 -3.30326E-11  7.80025E-11 -5.73631E-13  2.28231E-12
  6.000E+01  2.50000E-01 -3.29467E-11  7.66708E-11 -5.76991E-13  2.26195E-12
  6.050E+01  2.53788E-01 -3.28560E-11  7.53717E-11 -5.80167E-13  2.24184E-12
  6.100E+01  2.57595E-01 -3.27610E-11  7.41043E-11 -5.83165E-13  2.22197E-12
  6.150E+01  2.61421E-01 -3.26619E-11  7.28676E-11 -5.85990E-13  2.20233E-12
  6.200E+01  2.65264E-01 -3.25589E-11  7.16606E-11 -5.88648E-13  2.18292E-12
  6.250E+01  2.69126E-01 -3.24525E-11  7.04825E-11 -5.91143E-13  2.16373E-12
  6.300E+01  2.73005E-01 -3.23428E-11  6.93323E-11 -5.93481E-13  2.14477E-12
  6.350E+01  2.76901E-01 -3.22301E-11  6.82092E-11 -5.95666E-13  2.12602E-12
  6.400E+01  2.80814E-01 -3.21145E-11  6.71125E-11 -5.97702E-13  2.10748E-12
  6.450E+01  2.84744E-01 -3.19964E-11  6.60413E-11 -5.99594E-13  2.08915E-12
  6.500E+01  2.88691E-01 -3.18760E-11  6.49949E-11 -6.01346E-13  2.07103E-12
  6.550E+01  2.92653E-01 -3.17533E-11  6.39726E-11 -6.02962E-13  2.05311E-12
  6.600E+01  2.96632E-01 -3.16287E-11  6.29736E-11 -6.04446E-13  2.03538E-12
  6.650E+01  3.00625E-01 -3.15023E-11  6.19974E-11 -6.05801E-13  2.01785E-12
  6.700E+01  3.04634E-01 -3.13743E-11  6.10432E-11 -6.07032E-13  2.00050E-12
  6.750E+01  3.08658E-01 -3.12447E-11  6.01105E-11 -6.08142E-13  1.98334E-12
  6.800E+01  3.12697E-01 -3.11138E-11  5.91986E-11 -6.09134E-13  1.96637E-12
  6.850E+01  3.16749E-01 -3.09817E-11  5.83069E-11 -6.10011E-13  1.94957E-12
  6.900E+01  3.20816E-01 -3.08485E-11  5.74349E-11 -6.10777E-13  1.93295E-12
  6.950E+01  3.24896E-01 -3.07144E-11  5.65820E-11 -6.11435E-13  1.91651E-12
  7.000E+01  3.28990E-01 -3.05795E-11  5.57478E-11 -6.11988E-13  1.90023E-12
  7.050E+01  3.33097E-01 -3.04438E-11  5.49316E-11 -6.12439E-13  1.88412E-12
  7.100E+01  3.37216E-01 -3.03075E-11  5.41331E-11 -6.12790E-13  1.86818E-12
  7.150E+01  3.41348E-01 -3.01707E-11  5.33517E-11 -6.13044E-13  1.85239E-12
  7.200E+01  3.45492E-01 -3.00335E-11  5.25869E-11 -6.13204E-13  1.83677E-12
  7.250E+01  3.49647E-01 -2.98959E-11  5.18384E-11 -6.13273E-13  1.82130E-12
  7.300E+01  3.53814E-01 -2.97581E-11  5.11057E-11 -6.13253E-13  1.80598E-12
  7.350E+01  3.57992E-01 -2.96201E-11  5.03884E-11 -6.13146E-13  1.79081E-12
  7.400E+01  3.62181E-01 -2.94820E-11  4.96861E-11 -6.12954E-13  1.77579E-12
  7.450E+01  3.66381E-01 -2.93438E-11  4.89983E-11 -6.12681E-13  1.76092E-12
  7.500E+01  3.70590E-01 -2.92057E-11  4.83248E-11 -6.12328E-13  1.74619E-12
  7.550E+01  3.74810E-01 -2.90677E-11  4.76651E-11 -6.11896E-13  1.73159E-12
  7.600E+01  3.79039E-01 -2.89299E-11  4.70189E-11 -6.11390E-13  1.71714E-12
  7.650E+01  3.83277E-01 -2.87923E-11  4.63858E-11 -6.10809E-13  1.70282E-12
  7.700E+01  3.87524E-01 -2.86549E-11  4.57656E-11 -6.10157E-13  1.68864E-12
  7.750E+01  3.91780E-01 -2.85178E-11  4.51578E-11 -6.09434E-13  1.67458E-12
  7.800E+01  3.96044E-01 -2.83811E-11  4.45623E-11 -6.08644E-13  1.66066E-12
  7.850E+01  4.00316E-01 -2.82448E-11  4.39786E-11 -6.07787E-13  1.64686E-12
  7.900E+01  4.04596E-01 -2.81089E-11  4.34065E-11 -6.06866E-13  1.63318E-12
  7.950E+01  4.08882E-01 -2.79735E-11  4.28457E-11 -6.05881E-13  1.61963E-12
  8.000E+01  4.13176E-01 -2.78387E-11  4.22959E-11 -6.04836E-13  1.60620E-12
  8.050E+01  4.17476E-01 -2.77043E-11  4.17569E-11 -6.03730E-13  1.59288E-12
  8.100E+01  4.21783E-01 -2.75706E-11  4.12283E-11 -6.02567E-13  1.57969E-12
  8.150E+01  4.26095E-01 -2.74374E-11  4.07101E-11 -6.01347E-13  1.56661E-12
  8.200E+01  4.30413E-01 -2.73049E-11  4.02018E-11 -6.00071E-13  1.55364E-12
  8.250E+01  4.34737E-01 -2.71731E-11  3.97033E-11 -5.98742E-13  1.54078E-12
  8.300E+01  4.39065E-01 -2.70420E-11  3.92143E-11 -5.97360E-13  1.52803E-12
  8.350E+01  4.43398E-01 -2.69115E-11  3.87346E-11 -5.95926E-13  1.51539E-12
  8.400E+01  4.47736E-01 -2.67818E-11  3.82640E-11 -5.94443E-13  1.50285E-12
  8.450E+01  4.52077E-01 -2.66528E-11  3.78023E-11 -5.92911E-13  1.49042E-12
  8.500E+01  4.56422E-01 -2.65246E-11  3.73492E-11 -5.91332E-13  1.47809E-12
  8.550E+01  4.60770E-01 -2.63972E-11  3.69046E-11 -5.89707E-13  1.46586E-12
  8.600E+01  4.65122E-01 -2.62706E-11  3.64684E-11 -5.88036E-13  1.45373E-12
  8.650E+01  4.69476E-01 -2.61448E-11  3.60401E-11 -5.86321E-13  1.44170E-12
  8.700E+01  4.73832E-01 -2.60199E-11  3.56198E-11 -5.84564E-13  1.42976E-12
  8.750E+01  4.78190E-01 -2.58958E-11  3.52073E-11 -5.82764E-13  1.41792E-12
  8.800E+01  4.82550E-01 -2.57725E-11  3.48023E-11 -5.80924E-13  1.40618E-12
  8.850E+01  4.86912E-01 -2.56501E-11  3.44046E-11 -5.79044E-13  1.39452E-12
  8.900E+01  4.91274E-01 -2.55285E-11  3.40142E-11 -5.77125E-13  1.38295E-12
  8.950E+01  4.95637E-01 -2.54079E-11  3.36309E-11 -5.75168E-13  1.37148E-12
  9.000E+01  5.00000E-01 -2.52881E-11  3.32545E-11 -5.73174E-13  1.36009E-12
  9.050E+01  5.04363E-01 -2.51692E-11  3.28848E-11 -5.71144E-13  1.34878E-12
  9.100E+01  5.08726E-01 -2.50513E-11  3.25217E-11 -5.69079E-13  1.33757E-12
  9.150E+01  5.13088E-01 -2.49342E-11  3.21651E-11 -5.66980E-13  1.32643E-12
  9.200E+01  5.17450E-01 -2.48181E-11  3.18149E-11 -5.64846E-13  1.31538E-12
  9.250E+01  5.21810E-01 -2.47028E-11  3.14708E-11 -5.62681E-13  1.30441E-12
  9.300E+01  5.26168E-01 -2.45885E-11  3.11328E-11 -5.60483E-13  1.29352E-12
  9.350E+01  5.30524E-01 -2.44751E-11  3.08007E-11 -5.58254E-13  1.28271E-12
  9.400E+01  5.34878E-01 -2.43627E-11  3.04744E-11 -5.55995E-13  1.27197E-12
  9.450E+01  5.39230E-01 -2.42511E-11  3.01539E-11 -5.53706E-13  1.26131E-12
  9.500E+01  5.43578E-01 -2.41405E-11  2.98389E-11 -5.51388E-13  1.25073E-12
  9.550E+01  5.47923E-01 -2.40309E-11  2.95293E-11 -5.49041E-13  1.24022E-12
  9.600E+01  5.52264E-01 -2.39221E-11  2.92251E-11 -5.46668E-13  1.22979E-12
  9.650E+01  5.56602E-01 -2.38143E-11  2.89261E-11 -5.44267E-13  1.21942E-12
  9.700E+01  5.60935E-01 -2.37074E-11  2.86323E-11 -5.41839E-13  1.20913E-12
  9.750E+01  5.65263E-01 -2.36015E-11  2.83434E-11 -5.39386E-13  1.19891E-12
  9.800E+01  5.69587E-01 -2.34965E-11  2.80595E-11 -5.36908E-13  1.18875E-12
  9.850E+01  5.73905E-01 -2.33924E-11  2.77804E-11 -5.34406E-13  1.17867E-12
  9.900E+01  5.78217E-01 -2.32893E-11  2.75060E-11 -5.31879E-13  1.16865E-12
  9.950E+01  5.82524E-01 -2.31871E-11  2.72363E-11 -5.29329E-13  1.15869E-12
  1.000E+02  5.86824E-01 -2.30858E-11  2.69711E-11 -5.26756E-13  1.14880E-12
  1.005E+02  5.91118E-01 -2.29854E-11  2.67103E-11 -5.24161E-13  1.13898E-12
  1.010E+02  5.95404E-01 -2.28859E-11  2.64539E-11 -5.21544E-13  1.12922E-12
  1.015E+02  5.99684E-01 -2.27874E-11  2.62018E-11 -5.18906E-13  1.11952E-12
  1.020E+02  6.03956E-01 -2.26898E-11  2.59539E-11 -5.16247E-13  1.10988E-12
  1.025E+02  6.08220E-01 -2.25931E-11  2.57101E-11 -5.13568E-13  1.10030E-12
  1.030E+02  6.12476E-01 -2.24973E-11  2.54703E-11 -5.10869E-13  1.09078E-12
  1.035E+02  6.16723E-01 -2.24025E-11  2.52345E-11 -5.08150E-13  1.08132E-12
  1.040E+02  6.20961E-01 -2.23085E-11  2.50025E-11 -5.05413E-13  1.07192E-12
  1.045E+02  6.25190E-01 -2.22154E-11  2.47744E-11 -5.02657E-13  1.06258E-12
  1.050E+02  6.29410E-01 -2.21232E-11  2.45500E-11 -4.99883E-13  1.05329E-12
  1.055E+02  6.33619E-01 -2.20320E-11  2.43293E-11 -4.97091E-13  1.04405E-12
  1.060E+02  6.37819E-01 -2.19416E-11  2.41122E-11 -4.94282E-13  1.03487E-12
  1.065E+02  6.42008E-01 -2.18521E-11  2.38986E-11 -4.91457E-13  1.02575E-12
  1.070E+02  6.46186E-01 -2.17634E-11  2.36884E-11 -4.88614E-13  1.01668E-12
  1.075E+02  6.50353E-01 -2.16757E-11  2.34817E-11 -4.85756E-13  1.00766E-12
  1.080E+02  6.54508E-01 -2.15888E-11  2.32783E-11 -4.82882E-13  9.98687E-13
  1.085E+02  6.58652E-01 -2.15028E-11  2.30782E-11 -4.79993E-13  9.89769E-13
  1.090E+02  6.62784E-01 -2.14177E-11  2.28813E-11 -4.77088E-13  9.80902E-13
  1.095E+02  6.66903E-01 -2.13334E-11  2.26876E-11 -4.74169E-13  9.72084E-13
  1.100E+02  6.71010E-01 -2.12500E-11  2.24970E-11 -4.71236E-13  9.63314E-13
  1.105E+02  6.75104E-01 -2.11674E-11  2.23094E-11 -4.68289E-13  9.54592E-13
  1.110E+02  6.79184E-01 -2.10857E-11  2.21248E-11 -4.65328E-13  9.45918E-13
  1.115E+02  6.83251E-01 -2.10048E-11  2.19432E-11 -4.62353E-13  9.37290E-13
  1.120E+02  6.87303E-01 -2.09248E-11  2.17645E-11 -4.59366E-13  9.28709E-13
  1.125E+02  6.91342E-01 -2.08456E-11  2.15886E-11 -4.56366E-13  9.20173E-13
  1.130E+02  6.95366E-01 -2.07672E-11  2.14155E-11 -4.53353E-13  9.11681E-13
  1.135E+02  6.99375E-01 -2.06896E-11  2.12451E-11 -4.50328E-13  9.03234E-13
  1.140E+02  7.03368E-01 -2.06129E-11  2.10775E-11 -4.47291E-13  8.94830E-13
  1.145E+02  7.07347E-01 -2.05369E-11  2.09125E-11 -4.44243E-13  8.86469E-13
  1.150E+02  7.11309E-01 -2.04618E-11  2.07501E-11 -4.41183E-13  8.78150E-13
  1.155E+02  7.15256E-01 -2.03875E-11  2.05903E-11 -4.38112E-13  8.69873E-13
  1.160E+02  7.19186E-01 -2.03140E-11  2.04330E-11 -4.35030E-13  8.61637E-13
  1.165E+02  7.23099E-01 -2.02413E-11  2.02781E-11 -4.31937E-13  8.53441E-13
  1.170E+02  7.26995E-01 -2.01693E-11  2.01257E-11 -4.28834E-13  8.45285E-13
  1.175E+02  7.30874E-01 -2.00982E-11  1.99757E-11 -4.25721E-13  8.37169E-13
  1.180E+02  7.34736E-01 -2.00278E-11  1.98281E-11 -4.22598E-13  8.29092E-13
  1.185E+02  7.38579E-01 -1.99582E-11  1.96828E-11 -4.19466E-13  8.21052E-13
  1.190E+02  7.42405E-01 -1.98893E-11  1.95397E-11 -4.16323E-13  8.13051E-13
  1.195E+02  7.46212E-01 -1.98213E-11  1.93990E-11 -4.13172E-13  8.05087E-13
  1.200E+02  7.50000E-01 -1.97540E-11  1.92604E-11 -4.10011E-13  7.97159E-13
  1.205E+02  7.53769E-01 -1.96874E-11  1.91240E-11 -4.06842E-13  7.89268E-13
  1.210E+02  7.57519E-01 -1.96216E-11  1.89897E-11 -4.03664E-13  7.81412E-13
  1.215E+02  7.61249E-01 -1.95565E-11  1.88575E-11 -4.00477E-13  7.73592E-13
  1.220E+02  7.64960E-01 -1.94922E-11  1.87275E-11 -3.97282E-13  7.65806E-13
  1.225E+02  7.68650E-01 -1.94286E-11  1.85994E-11 -3.94080E-13  7.58054E-13
  1.230E+02  7.72320E-01 -1.93658E-11  1.84734E-11 -3.90869E-13  7.50336E-13
  1.235E+02  7.75968E-01 -1.93036E-11  1.83493E-11 -3.87650E-13  7.42652E-13
  1.240E+02  7.79596E-01 -1.92422E-11  1.82272E-11 -3.84424E-13  7.35000E-13
  1.245E+02  7.83203E-01 -1.91815E-11  1.81070E-11 -3.81191E-13  7.27380E-13
  1.250E+02  7.86788E-01 -1.91216E-11  1.79887E-11 -3.77950E-13  7.19792E-13
  1.255E+02  7.90351E-01 -1.90623E-11  1.78723E-11 -3.74702E-13  7.12235E-13
  1.260E+02  7.93893E-01 -1.90037E-11  1.77577E-11 -3.71447E-13  7.04710E-13
  1.265E+02  7.97411E-01 -1.89459E-11  1.76449E-11 -3.68186E-13  6.97214E-13
  1.270E+02  8.00908E-01 -1.88887E-11  1.75339E-11 -3.64918E-13  6.89749E-13
  1.275E+02  8.04381E-01 -1.88322E-11  1.74246E-11 -3.61644E-13  6.82314E-13
  1.280E+02  8.07831E-01 -1.87764E-11  1.73171E-11 -3.58363E-13  6.74907E-13
  1.285E+02  8.11257E-01 -1.87213E-11  1.72112E-11 -3.55076E-13  6.67530E-13
  1.290E+02  8.14660E-01 -1.86668E-11  1.71071E-11 -3.51783E-13  6.60180E-13
  1.295E+02  8.18039E-01 -1.86131E-11  1.70046E-11 -3.48484E-13  6.52859E-13
  1.300E+02  8.21394E-01 -1.85600E-11  1.69037E-11 -3.45180E-13  6.45565E-13
  1.305E+02  8.24724E-01 -1.85075E-11  1.68045E-11 -3.41870E-13  6.38298E-13
  1.310E+02  8.28030E-01 -1.84558E-11  1.67068E-11 -3.38554E-13  6.31058E-13
  1.315E+02  8.31310E-01 -1.84046E-11  1.66107E-11 -3.35233E-13  6.23845E-13
  1.320E+02  8.34565E-01 -1.83542E-11  1.65161E-11 -3.31907E-13  6.16657E-13
  1.325E+02  8.37795E-01 -1.83043E-11  1.64231E-11 -3.28575E-13  6.09495E-13
  1.330E+02  8.40999E-01 -1.82552E-11  1.63316E-11 -3.25239E-13  6.02358E-13
  1.335E+02  8.44177E-01 -1.82066E-11  1.62415E-11 -3.21898E-13  5.95245E-13
  1.340E+02  8.47329E-01 -1.81587E-11  1.61529E-11 -3.18552E-13  5.88158E-13
  1.345E+02  8.50455E-01 -1.81115E-11  1.60658E-11 -3.15201E-13  5.81094E-13
  1.350E+02  8.53553E-01 -1.80648E-11  1.59801E-11 -3.11846E-13  5.74054E-13
  1.355E+02  8.56625E-01 -1.80188E-11  1.58957E-11 -3.08486E-13  5.67037E-13
  1.360E+02  8.59670E-01 -1.79734E-11  1.58128E-11 -3.05122E-13  5.60043E-13
  1.365E+02  8.62687E-01 -1.79286E-11  1.57313E-11 -3.01754E-13  5.53072E-13
  1.370E+02  8.65677E-01 -1.78845E-11  1.56511E-11 -2.98381E-13  5.46123E-13
  1.375E+02  8.68639E-01 -1.78409E-11  1.55722E-11 -2.95005E-13  5.39196E-13
  1.380E+02  8.71572E-01 -1.77980E-11  1.54946E-11 -2.91624E-13  5.32291E-13
  1.385E+02  8.74478E-01 -1.77556E-11  1.54184E-11 -2.88240E-13  5.25407E-13
  1.390E+02  8.77355E-01 -1.77139E-11  1.53434E-11 -2.84852E-13  5.18544E-13
  1.395E+02  8.80203E-01 -1.76727E-11  1.52697E-11 -2.81460E-13  5.11701E-13
  1.400E+02  8.83022E-01 -1.76322E-11  1.51973E-11 -2.78064E-13  5.04879E-13
  1.405E+02  8.85812E-01 -1.75922E-11  1.51261E-11 -2.74665E-13  4.98076E-13
  1.410E+02  8.88573E-01 -1.75528E-11  1.50561E-11 -2.71263E-13  4.91293E-13
  1.415E+02  8.91304E-01 -1.75140E-11  1.49874E-11 -2.67857E-13  4.84530E-13
  1.420E+02  8.94005E-01 -1.74758E-11  1.49198E-11 -2.64448E-13  4.77785E-13
  1.425E+02  8.96677E-01 -1.74382E-11  1.48534E-11 -2.61036E-13  4.71059E-13
  1.430E+02  8.99318E-01 -1.74011E-11  1.47882E-11 -2.57620E-13  4.64352E-13
  1.435E+02  9.01928E-01 -1.73646E-11  1.47242E-11 -2.54202E-13  4.57662E-13
  1.440E+02  9.04508E-01 -1.73286E-11  1.46613E-11 -2.50780E-13  4.50991E-13
  1.445E+02  9.07058E-01 -1.72933E-11  1.45995E-11 -2.47356E-13  4.44336E-13
  1.450E+02  9.09576E-01 -1.72585E-11  1.45389E-11 -2.43929E-13  4.37699E-13
  1.455E+02  9.12063E-01 -1.72242E-11  1.44793E-11 -2.40499E-13  4.31079E-13
  1.460E+02  9.14519E-01 -1.71905E-11  1.44209E-11 -2.37066E-13  4.24475E-13
  1.465E+02  9.16943E-01 -1.71574E-11  1.43635E-11 -2.33631E-13  4.17887E-13
  1.470E+02  9.19335E-01 -1.71248E-11  1.43072E-11 -2.30193E-13  4.11316E-13
  1.475E+02  9.21696E-01 -1.70927E-11  1.42520E-11 -2.26752E-13  4.04760E-13
  1.480E+02  9.24024E-01 -1.70613E-11  1.41978E-11 -2.23309E-13  3.98219E-13
  1.485E+02  9.26320E-01 -1.70303E-11  1.41447E-11 -2.19864E-13  3.91694E-13
  1.490E+02  9.28584E-01 -1.69999E-11  1.40926E-11 -2.16416E-13  3.85184E-13
  1.495E+02  9.30815E-01 -1.69700E-11  1.40415E-11 -2.12966E-13  3.78688E-13
  1.500E+02  9.33013E-01 -1.69407E-11  1.39915E-11 -2.09514E-13  3.72206E-13
  1.505E+02  9.35178E-01 -1.69118E-11  1.39424E-11 -2.06060E-13  3.65738E-13
  1.510E+02  9.37310E-01 -1.68836E-11  1.38943E-11 -2.02604E-13  3.59284E-13
  1.515E+02  9.39409E-01 -1.68558E-11  1.38472E-11 -1.99145E-13  3.52844E-13
  1.520E+02  9.41474E-01 -1.68286E-11  1.38011E-11 -1.95685E-13  3.46416E-13
  1.525E+02  9.43505E-01 -1.68019E-11  1.37559E-11 -1.92222E-13  3.40002E-13
  1.530E+02  9.45503E-01 -1.67757E-11  1.37117E-11 -1.88758E-13  3.33601E-13
  1.535E+02  9.47467E-01 -1.67500E-11  1.36685E-11 -1.85292E-13  3.27211E-13
  1.540E+02  9.49397E-01 -1.67248E-11  1.36262E-11 -1.81824E-13  3.20834E-13
  1.545E+02  9.51293E-01 -1.67002E-11  1.35848E-11 -1.78355E-13  3.14469E-13
  1.550E+02  9.53154E-01 -1.66761E-11  1.35443E-11 -1.74883E-13  3.08115E-13
  1.555E+02  9.54981E-01 -1.66525E-11  1.35048E-11 -1.71410E-13  3.01773E-13
  1.560E+02  9.56773E-01 -1.66294E-11  1.34662E-11 -1.67936E-13  2.95442E-13
  1.565E+02  9.58530E-01 -1.66068E-11  1.34285E-11 -1.64459E-13  2.89122E-13
  1.570E+02  9.60252E-01 -1.65847E-11  1.33916E-11 -1.60982E-13  2.82813E-13
  1.575E+02  9.61940E-01 -1.65631E-11  1.33557E-11 -1.57503E-13  2.76513E-13
  1.580E+02  9.63592E-01 -1.65420E-11  1.33206E-11 -1.54022E-13  2.70224E-13
  1.585E+02  9.65209E-01 -1.65214E-11  1.32865E-11 -1.50540E-13  2.63945E-13
  1.590E+02  9.66790E-01 -1.65013E-11  1.32531E-11 -1.47057E-13  2.57676E-13
  1.595E+02  9.68336E-01 -1.64817E-11  1.32207E-11 -1.43572E-13  2.51416E-13
  1.600E+02  9.69846E-01 -1.64626E-11  1.31891E-11 -1.40086E-13  2.45165E-13
  1.605E+02  9.71321E-01 -1.64439E-11  1.31584E-11 -1.36599E-13  2.38923E-13
  1.610E+02  9.72759E-01 -1.64258E-11  1.31285E-11 -1.33111E-13  2.32690E-13
  1.615E+02  9.74162E-01 -1.64082E-11  1.30994E-11 -1.29621E-13  2.26465E-13
  1.620E+02  9.75528E-01 -1.63910E-11  1.30712E-11 -1.26130E-13  2.20248E-13
  1.625E+02  9.76858E-01 -1.63744E-11  1.30438E-11 -1.22639E-13  2.14039E-13
  1.630E+02  9.78152E-01 -1.63582E-11  1.30173E-11 -1.19146E-13  2.07839E-13
  1.635E+02  9.79410E-01 -1.63425E-11  1.29915E-11 -1.15652E-13  2.01645E-13
  1.640E+02  9.80631E-01 -1.63273E-11  1.29666E-11 -1.12157E-13  1.95459E-13
  1.645E+02  9.81815E-01 -1.63125E-11  1.29425E-11 -1.08662E-13  1.89280E-13
  1.650E+02  9.82963E-01 -1.62983E-11  1.29192E-11 -1.05165E-13  1.83108E-13
  1.655E+02  9.84074E-01 -1.62845E-11  1.28967E-11 -1.01668E-13  1.76942E-13
  1.660E+02  9.85148E-01 -1.62712E-11  1.28750E-11 -9.81693E-14  1.70783E-13
  1.665E+02  9.86185E-01 -1.62584E-11  1.28541E-11 -9.46702E-14  1.64629E-13
  1.670E+02  9.87185E-01 -1.62461E-11  1.28340E-11 -9.11704E-14  1.58482E-13
  1.675E+02  9.88148E-01 -1.62342E-11  1.28146E-11 -8.76697E-14  1.52341E-13
  1.680E+02  9.89074E-01 -1.62228E-11  1.27961E-11 -8.41684E-14  1.46204E-13
  1.685E+02  9.89962E-01 -1.62119E-11  1.27783E-11 -8.06664E-14  1.40074E-13
  1.690E+02  9.90814E-01 -1.62014E-11  1.27614E-11 -7.71637E-14  1.33948E-13
  1.695E+02  9.91627E-01 -1.61914E-11  1.27451E-11 -7.36604E-14  1.27827E-13
  1.700E+02  9.92404E-01 -1.61819E-11  1.27297E-11 -7.01565E-14  1.21710E-13
  1.705E+02  9.93143E-01 -1.61729E-11  1.27150E-11 -6.66521E-14  1.15598E-13
  1.710E+02  9.93844E-01 -1.61643E-11  1.27012E-11 -6.31472E-14  1.09490E-13
  1.715E+02  9.94508E-01 -1.61562E-11  1.26880E-11 -5.96417E-14  1.03386E-13
  1.720E+02  9.95134E-01 -1.61486E-11  1.26757E-11 -5.61358E-14  9.72850E-14
  1.725E+02  9.95722E-01 -1.61414E-11  1.26640E-11 -5.26294E-14  9.11880E-14
  1.730E+02  9.96273E-01 -1.61347E-11  1.26532E-11 -4.91226E-14  8.50942E-14
  1.735E+02  9.96786E-01 -1.61284E-11  1.26431E-11 -4.56155E-14  7.90034E-14
  1.740E+02  9.97261E-01 -1.61227E-11  1.26338E-11 -4.21079E-14  7.29154E-14
  1.745E+02  9.97698E-01 -1.61174E-11  1.26252E-11 -3.86001E-14  6.68300E-14
  1.750E+02  9.98097E-01 -1.61125E-11  1.26173E-11 -3.50919E-14  6.07470E-14
  1.755E+02  9.98459E-01 -1.61081E-11  1.26103E-11 -3.15835E-14  5.46662E-14
  1.760E+02  9.98782E-01 -1.61042E-11  1.26039E-11 -2.80748E-14  4.85873E-14
  1.765E+02  9.99067E-01 -1.61007E-11  1.25983E-11 -2.45660E-14  4.25101E-14
  1.770E+02  9.99315E-01 -1.60977E-11  1.25935E-11 -2.10569E-14  3.64344E-14
  1.775E+02  9.99524E-01 -1.60952E-11  1.25894E-11 -1.75477E-14  3.03601E-14
  1.780E+02  9.99695E-01 -1.60931E-11  1.25861E-11 -1.40383E-14  2.42868E-14
  1.785E+02  9.99829E-01 -1.60915E-11  1.25835E-11 -1.05288E-14  1.82143E-14
  1.790E+02  9.99924E-01 -1.60903E-11  1.25816E-11 -7.01926E-15  1.21425E-14
  1.795E+02  9.99981E-01 -1.60896E-11  1.25805E-11 -3.50964E-15  6.07115E-15
  1.800E+02  1.00000E+00 -1.60894E-11  1.25801E-11 -4.92524E-29  8.51985E-29
