 #  Scattering field.
 #  All quantities in atomic units (a.u.), unless otherwise indicated.
 #  Z =  14, NELEC =  14,   projectile: electron
 #  Kinetic energy = 9.18733E+02 a.u. = 2.50000E+04 eV
 #
 #   i       r           r*V         r*Vst        r*Vex       r*Vpol       r*Wabs        rho_e
 #------------------------------------------------------------------------------------------------
     1  0.00000E+00 -0.00000E+00 -0.00000E+00  0.00000E+00  0.00000E+00  0.00000E+00  2.43154E+08
     2  1.50199E-07 -4.42458E-02 -4.38575E-02 -3.88248E-04  0.00000E+00  0.00000E+00  2.43154E+08
     3  3.04072E-07 -8.91771E-02 -8.87871E-02 -3.89968E-04  0.00000E+00  0.00000E+00  1.20108E+08
     4  4.61705E-07 -1.35204E-01 -1.34814E-01 -3.90550E-04  0.00000E+00  0.00000E+00  7.91010E+07
     5  6.23190E-07 -1.82354E-01 -1.81963E-01 -3.90846E-04  0.00000E+00  0.00000E+00  5.86037E+07
     6  7.88622E-07 -2.30654E-01 -2.30263E-01 -3.91027E-04  0.00000E+00  0.00000E+00  4.63101E+07
     7  9.58096E-07 -2.80131E-01 -2.79740E-01 -3.91152E-04  0.00000E+00  0.00000E+00  3.81184E+07
     8  1.13171E-06 -3.30813E-01 -3.30421E-01 -3.91246E-04  0.00000E+00  0.00000E+00  3.22706E+07
     9  1.30957E-06 -3.82728E-01 -3.82337E-01 -3.91322E-04  0.00000E+00  0.00000E+00  2.78877E+07
    10  1.49178E-06 -4.35906E-01 -4.35515E-01 -3.91385E-04  0.00000E+00  0.00000E+00  2.44814E+07
    11  1.67844E-06 -4.90377E-01 -4.89985E-01 -3.91442E-04  0.00000E+00  0.00000E+00  2.17588E+07
    12  1.86965E-06 -5.46170E-01 -5.45778E-01 -3.91494E-04  0.00000E+00  0.00000E+00  1.95333E+07
    13  2.06555E-06 -6.03316E-01 -6.02924E-01 -3.91543E-04  0.00000E+00  0.00000E+00  1.76808E+07
    14  2.26623E-06 -6.61847E-01 -6.61456E-01 -3.91592E-04  0.00000E+00  0.00000E+00  1.61151E+07
    15  2.47181E-06 -7.21796E-01 -7.21404E-01 -3.91641E-04  0.00000E+00  0.00000E+00  1.47747E+07
    16  2.68242E-06 -7.83194E-01 -7.82802E-01 -3.91690E-04  0.00000E+00  0.00000E+00  1.36146E+07
    17  2.89818E-06 -8.46075E-01 -8.45683E-01 -3.91742E-04  0.00000E+00  0.00000E+00  1.26011E+07
    18  3.11920E-06 -9.10473E-01 -9.10081E-01 -3.91795E-04  0.00000E+00  0.00000E+00  1.17081E+07
    19  3.34563E-06 -9.76423E-01 -9.76031E-01 -3.91851E-04  0.00000E+00  0.00000E+00  1.09157E+07
    20  3.57759E-06 -1.04396E+00 -1.04357E+00 -3.91911E-04  0.00000E+00  0.00000E+00  1.02079E+07
    21  3.81523E-06 -1.11312E+00 -1.11273E+00 -3.91974E-04  0.00000E+00  0.00000E+00  9.57207E+06
    22  4.05867E-06 -1.18393E+00 -1.18354E+00 -3.92041E-04  0.00000E+00  0.00000E+00  8.99791E+06
    23  4.30805E-06 -1.25645E+00 -1.25605E+00 -3.92113E-04  0.00000E+00  0.00000E+00  8.47700E+06
    24  4.56354E-06 -1.33069E+00 -1.33030E+00 -3.92190E-04  0.00000E+00  0.00000E+00  8.00240E+06
    25  4.82526E-06 -1.40671E+00 -1.40632E+00 -3.92272E-04  0.00000E+00  0.00000E+00  7.56832E+06
    26  5.09338E-06 -1.48453E+00 -1.48414E+00 -3.92360E-04  0.00000E+00  0.00000E+00  7.16989E+06
    27  5.36806E-06 -1.56421E+00 -1.56382E+00 -3.92454E-04  0.00000E+00  0.00000E+00  6.80299E+06
    28  5.64944E-06 -1.64577E+00 -1.64538E+00 -3.92555E-04  0.00000E+00  0.00000E+00  6.46412E+06
    29  5.93771E-06 -1.72926E+00 -1.72887E+00 -3.92664E-04  0.00000E+00  0.00000E+00  6.15028E+06
    30  6.23301E-06 -1.81472E+00 -1.81432E+00 -3.92780E-04  0.00000E+00  0.00000E+00  5.85887E+06
    31  6.53554E-06 -1.90218E+00 -1.90179E+00 -3.92904E-04  0.00000E+00  0.00000E+00  5.58764E+06
    32  6.84546E-06 -1.99170E+00 -1.99131E+00 -3.93037E-04  0.00000E+00  0.00000E+00  5.33465E+06
    33  7.16295E-06 -2.08331E+00 -2.08292E+00 -3.93180E-04  0.00000E+00  0.00000E+00  5.09817E+06
    34  7.48820E-06 -2.17705E+00 -2.17666E+00 -3.93332E-04  0.00000E+00  0.00000E+00  4.87671E+06
    35  7.82140E-06 -2.27297E+00 -2.27257E+00 -3.93495E-04  0.00000E+00  0.00000E+00  4.66894E+06
    36  8.16274E-06 -2.37110E+00 -2.37071E+00 -3.93669E-04  0.00000E+00  0.00000E+00  4.47367E+06
    37  8.51242E-06 -2.47150E+00 -2.47110E+00 -3.93854E-04  0.00000E+00  0.00000E+00  4.28988E+06
    38  8.87065E-06 -2.57419E+00 -2.57380E+00 -3.94053E-04  0.00000E+00  0.00000E+00  4.11662E+06
    39  9.23763E-06 -2.67923E+00 -2.67884E+00 -3.94264E-04  0.00000E+00  0.00000E+00  3.95306E+06
    40  9.61359E-06 -2.78665E+00 -2.78626E+00 -3.94490E-04  0.00000E+00  0.00000E+00  3.79845E+06
    41  9.99872E-06 -2.89651E+00 -2.89611E+00 -3.94730E-04  0.00000E+00  0.00000E+00  3.65212E+06
    42  1.03933E-05 -3.00883E+00 -3.00843E+00 -3.94987E-04  0.00000E+00  0.00000E+00  3.51345E+06
    43  1.07975E-05 -3.12365E+00 -3.12326E+00 -3.95260E-04  0.00000E+00  0.00000E+00  3.38191E+06
    44  1.12115E-05 -3.24103E+00 -3.24064E+00 -3.95550E-04  0.00000E+00  0.00000E+00  3.25699E+06
    45  1.16357E-05 -3.36100E+00 -3.36060E+00 -3.95860E-04  0.00000E+00  0.00000E+00  3.13824E+06
    46  1.20703E-05 -3.48359E+00 -3.48320E+00 -3.96189E-04  0.00000E+00  0.00000E+00  3.02524E+06
    47  1.25155E-05 -3.60885E+00 -3.60845E+00 -3.96540E-04  0.00000E+00  0.00000E+00  2.91761E+06
    48  1.29715E-05 -3.73681E+00 -3.73641E+00 -3.96912E-04  0.00000E+00  0.00000E+00  2.81501E+06
    49  1.34387E-05 -3.86750E+00 -3.86710E+00 -3.97308E-04  0.00000E+00  0.00000E+00  2.71713E+06
    50  1.39173E-05 -4.00096E+00 -4.00056E+00 -3.97730E-04  0.00000E+00  0.00000E+00  2.62367E+06
    51  1.44076E-05 -4.13721E+00 -4.13682E+00 -3.98177E-04  0.00000E+00  0.00000E+00  2.53437E+06
    52  1.49099E-05 -4.27630E+00 -4.27590E+00 -3.98652E-04  0.00000E+00  0.00000E+00  2.44897E+06
    53  1.54245E-05 -4.41824E+00 -4.41784E+00 -3.99157E-04  0.00000E+00  0.00000E+00  2.36725E+06
    54  1.59517E-05 -4.56305E+00 -4.56265E+00 -3.99694E-04  0.00000E+00  0.00000E+00  2.28901E+06
    55  1.64917E-05 -4.71076E+00 -4.71036E+00 -4.00263E-04  0.00000E+00  0.00000E+00  2.21404E+06
    56  1.70449E-05 -4.86138E+00 -4.86098E+00 -4.00868E-04  0.00000E+00  0.00000E+00  2.14216E+06
    57  1.76117E-05 -5.01493E+00 -5.01452E+00 -4.01509E-04  0.00000E+00  0.00000E+00  2.07321E+06
    58  1.81923E-05 -5.17141E+00 -5.17100E+00 -4.02190E-04  0.00000E+00  0.00000E+00  2.00703E+06
    59  1.87870E-05 -5.33082E+00 -5.33042E+00 -4.02913E-04  0.00000E+00  0.00000E+00  1.94347E+06
    60  1.93964E-05 -5.49318E+00 -5.49277E+00 -4.03681E-04  0.00000E+00  0.00000E+00  1.88240E+06
    61  2.00206E-05 -5.65846E+00 -5.65806E+00 -4.04495E-04  0.00000E+00  0.00000E+00  1.82370E+06
    62  2.06600E-05 -5.82666E+00 -5.82625E+00 -4.05358E-04  0.00000E+00  0.00000E+00  1.76723E+06
    63  2.13151E-05 -5.99775E+00 -5.99734E+00 -4.06275E-04  0.00000E+00  0.00000E+00  1.71290E+06
    64  2.19862E-05 -6.17170E+00 -6.17129E+00 -4.07248E-04  0.00000E+00  0.00000E+00  1.66060E+06
    65  2.26737E-05 -6.34849E+00 -6.34808E+00 -4.08280E-04  0.00000E+00  0.00000E+00  1.61024E+06
    66  2.33780E-05 -6.52805E+00 -6.52764E+00 -4.09375E-04  0.00000E+00  0.00000E+00  1.56171E+06
    67  2.40995E-05 -6.71035E+00 -6.70994E+00 -4.10537E-04  0.00000E+00  0.00000E+00  1.51494E+06
    68  2.48387E-05 -6.89530E+00 -6.89489E+00 -4.11770E-04  0.00000E+00  0.00000E+00  1.46984E+06
    69  2.55959E-05 -7.08284E+00 -7.08243E+00 -4.13079E-04  0.00000E+00  0.00000E+00  1.42635E+06
    70  2.63716E-05 -7.27288E+00 -7.27246E+00 -4.14468E-04  0.00000E+00  0.00000E+00  1.38438E+06
    71  2.71663E-05 -7.46530E+00 -7.46489E+00 -4.15943E-04  0.00000E+00  0.00000E+00  1.34386E+06
    72  2.79804E-05 -7.66000E+00 -7.65958E+00 -4.17508E-04  0.00000E+00  0.00000E+00  1.30475E+06
    73  2.88144E-05 -7.85683E+00 -7.85641E+00 -4.19170E-04  0.00000E+00  0.00000E+00  1.26697E+06
    74  2.96687E-05 -8.05565E+00 -8.05523E+00 -4.20936E-04  0.00000E+00  0.00000E+00  1.23047E+06
    75  3.05440E-05 -8.25629E+00 -8.25587E+00 -4.22810E-04  0.00000E+00  0.00000E+00  1.19520E+06
    76  3.14406E-05 -8.45857E+00 -8.45814E+00 -4.24802E-04  0.00000E+00  0.00000E+00  1.16110E+06
    77  3.23591E-05 -8.66227E+00 -8.66184E+00 -4.26919E-04  0.00000E+00  0.00000E+00  1.12813E+06
    78  3.33001E-05 -8.86716E+00 -8.86673E+00 -4.29168E-04  0.00000E+00  0.00000E+00  1.09623E+06
    79  3.42641E-05 -9.07300E+00 -9.07257E+00 -4.31559E-04  0.00000E+00  0.00000E+00  1.06538E+06
    80  3.52517E-05 -9.27951E+00 -9.27908E+00 -4.34101E-04  0.00000E+00  0.00000E+00  1.03552E+06
    81  3.62634E-05 -9.48639E+00 -9.48596E+00 -4.36805E-04  0.00000E+00  0.00000E+00  1.00661E+06
    82  3.72998E-05 -9.69332E+00 -9.69288E+00 -4.39681E-04  0.00000E+00  0.00000E+00  9.78630E+05
    83  3.83615E-05 -9.89993E+00 -9.89949E+00 -4.42741E-04  0.00000E+00  0.00000E+00  9.51530E+05
    84  3.94492E-05 -1.01059E+01 -1.01054E+01 -4.45998E-04  0.00000E+00  0.00000E+00  9.25281E+05
    85  4.05634E-05 -1.03107E+01 -1.03103E+01 -4.49465E-04  0.00000E+00  0.00000E+00  8.99850E+05
    86  4.17049E-05 -1.05140E+01 -1.05136E+01 -4.53156E-04  0.00000E+00  0.00000E+00  8.75207E+05
    87  4.28743E-05 -1.07154E+01 -1.07149E+01 -4.57087E-04  0.00000E+00  0.00000E+00  8.51322E+05
    88  4.40723E-05 -1.09142E+01 -1.09138E+01 -4.61273E-04  0.00000E+00  0.00000E+00  8.28168E+05
    89  4.52995E-05 -1.11101E+01 -1.11097E+01 -4.65733E-04  0.00000E+00  0.00000E+00  8.05718E+05
    90  4.65567E-05 -1.13025E+01 -1.13021E+01 -4.70483E-04  0.00000E+00  0.00000E+00  7.83946E+05
    91  4.78447E-05 -1.14909E+01 -1.14904E+01 -4.75544E-04  0.00000E+00  0.00000E+00  7.62829E+05
    92  4.91641E-05 -1.16747E+01 -1.16742E+01 -4.80935E-04  0.00000E+00  0.00000E+00  7.42343E+05
    93  5.05158E-05 -1.18534E+01 -1.18529E+01 -4.86678E-04  0.00000E+00  0.00000E+00  7.22467E+05
    94  5.19005E-05 -1.20263E+01 -1.20258E+01 -4.92793E-04  0.00000E+00  0.00000E+00  7.03178E+05
    95  5.33190E-05 -1.21931E+01 -1.21926E+01 -4.99302E-04  0.00000E+00  0.00000E+00  6.84456E+05
    96  5.47722E-05 -1.23530E+01 -1.23525E+01 -5.06229E-04  0.00000E+00  0.00000E+00  6.66283E+05
    97  5.62609E-05 -1.25058E+01 -1.25053E+01 -5.13595E-04  0.00000E+00  0.00000E+00  6.48639E+05
    98  5.77860E-05 -1.26509E+01 -1.26504E+01 -5.21423E-04  0.00000E+00  0.00000E+00  6.31507E+05
    99  5.93484E-05 -1.27879E+01 -1.27874E+01 -5.29734E-04  0.00000E+00  0.00000E+00  6.14869E+05
   100  6.09490E-05 -1.29166E+01 -1.29161E+01 -5.38549E-04  0.00000E+00  0.00000E+00  5.98709E+05
   101  6.25886E-05 -1.30367E+01 -1.30361E+01 -5.47888E-04  0.00000E+00  0.00000E+00  5.83011E+05
   102  6.42684E-05 -1.31481E+01 -1.31475E+01 -5.57769E-04  0.00000E+00  0.00000E+00  5.67760E+05
   103  6.59892E-05 -1.32506E+01 -1.32501E+01 -5.68207E-04  0.00000E+00  0.00000E+00  5.52941E+05
   104  6.77520E-05 -1.33445E+01 -1.33439E+01 -5.79215E-04  0.00000E+00  0.00000E+00  5.38541E+05
   105  6.95579E-05 -1.34298E+01 -1.34292E+01 -5.90807E-04  0.00000E+00  0.00000E+00  5.24546E+05
   106  7.14080E-05 -1.35067E+01 -1.35061E+01 -6.02989E-04  0.00000E+00  0.00000E+00  5.10943E+05
   107  7.33032E-05 -1.35757E+01 -1.35750E+01 -6.15769E-04  0.00000E+00  0.00000E+00  4.97719E+05
   108  7.52448E-05 -1.36370E+01 -1.36363E+01 -6.29151E-04  0.00000E+00  0.00000E+00  4.84863E+05
   109  7.72338E-05 -1.36911E+01 -1.36905E+01 -6.43136E-04  0.00000E+00  0.00000E+00  4.72363E+05
   110  7.92715E-05 -1.37386E+01 -1.37379E+01 -6.57725E-04  0.00000E+00  0.00000E+00  4.60208E+05
   111  8.13589E-05 -1.37799E+01 -1.37792E+01 -6.72916E-04  0.00000E+00  0.00000E+00  4.48388E+05
   112  8.34973E-05 -1.38156E+01 -1.38150E+01 -6.88706E-04  0.00000E+00  0.00000E+00  4.36891E+05
   113  8.56880E-05 -1.38463E+01 -1.38456E+01 -7.05092E-04  0.00000E+00  0.00000E+00  4.25709E+05
   114  8.79323E-05 -1.38725E+01 -1.38718E+01 -7.22070E-04  0.00000E+00  0.00000E+00  4.14831E+05
   115  9.02313E-05 -1.38947E+01 -1.38939E+01 -7.39636E-04  0.00000E+00  0.00000E+00  4.04248E+05
   116  9.25866E-05 -1.39133E+01 -1.39126E+01 -7.57787E-04  0.00000E+00  0.00000E+00  3.93952E+05
   117  9.49994E-05 -1.39289E+01 -1.39281E+01 -7.76518E-04  0.00000E+00  0.00000E+00  3.83933E+05
   118  9.74712E-05 -1.39418E+01 -1.39410E+01 -7.95829E-04  0.00000E+00  0.00000E+00  3.74184E+05
   119  1.00003E-04 -1.39525E+01 -1.39517E+01 -8.15718E-04  0.00000E+00  0.00000E+00  3.64697E+05
   120  1.02597E-04 -1.39612E+01 -1.39604E+01 -8.36183E-04  0.00000E+00  0.00000E+00  3.55463E+05
   121  1.05255E-04 -1.39683E+01 -1.39674E+01 -8.57226E-04  0.00000E+00  0.00000E+00  3.46475E+05
   122  1.07977E-04 -1.39740E+01 -1.39731E+01 -8.78848E-04  0.00000E+00  0.00000E+00  3.37727E+05
   123  1.10766E-04 -1.39785E+01 -1.39776E+01 -9.01053E-04  0.00000E+00  0.00000E+00  3.29211E+05
   124  1.13623E-04 -1.39821E+01 -1.39812E+01 -9.23845E-04  0.00000E+00  0.00000E+00  3.20920E+05
   125  1.16550E-04 -1.39850E+01 -1.39840E+01 -9.47228E-04  0.00000E+00  0.00000E+00  3.12848E+05
   126  1.19549E-04 -1.39872E+01 -1.39862E+01 -9.71211E-04  0.00000E+00  0.00000E+00  3.04989E+05
   127  1.22620E-04 -1.39889E+01 -1.39879E+01 -9.95799E-04  0.00000E+00  0.00000E+00  2.97336E+05
   128  1.25767E-04 -1.39901E+01 -1.39891E+01 -1.02100E-03  0.00000E+00  0.00000E+00  2.89884E+05
   129  1.28991E-04 -1.39911E+01 -1.39901E+01 -1.04683E-03  0.00000E+00  0.00000E+00  2.82627E+05
   130  1.32293E-04 -1.39918E+01 -1.39907E+01 -1.07329E-03  0.00000E+00  0.00000E+00  2.75559E+05
   131  1.35676E-04 -1.39923E+01 -1.39912E+01 -1.10040E-03  0.00000E+00  0.00000E+00  2.68675E+05
   132  1.39142E-04 -1.39926E+01 -1.39915E+01 -1.12817E-03  0.00000E+00  0.00000E+00  2.61970E+05
   133  1.42693E-04 -1.39928E+01 -1.39916E+01 -1.15661E-03  0.00000E+00  0.00000E+00  2.55439E+05
   134  1.46330E-04 -1.39929E+01 -1.39917E+01 -1.18574E-03  0.00000E+00  0.00000E+00  2.49077E+05
   135  1.50056E-04 -1.39929E+01 -1.39917E+01 -1.21557E-03  0.00000E+00  0.00000E+00  2.42879E+05
   136  1.53874E-04 -1.39929E+01 -1.39917E+01 -1.24611E-03  0.00000E+00  0.00000E+00  2.36842E+05
   137  1.57784E-04 -1.39928E+01 -1.39916E+01 -1.27738E-03  0.00000E+00  0.00000E+00  2.30959E+05
   138  1.61790E-04 -1.39927E+01 -1.39914E+01 -1.30940E-03  0.00000E+00  0.00000E+00  2.25228E+05
   139  1.65894E-04 -1.39926E+01 -1.39913E+01 -1.34218E-03  0.00000E+00  0.00000E+00  2.19644E+05
   140  1.70098E-04 -1.39925E+01 -1.39911E+01 -1.37575E-03  0.00000E+00  0.00000E+00  2.14202E+05
   141  1.74405E-04 -1.39923E+01 -1.39909E+01 -1.41011E-03  0.00000E+00  0.00000E+00  2.08900E+05
   142  1.78818E-04 -1.39921E+01 -1.39907E+01 -1.44529E-03  0.00000E+00  0.00000E+00  2.03733E+05
   143  1.83338E-04 -1.39919E+01 -1.39904E+01 -1.48131E-03  0.00000E+00  0.00000E+00  1.98697E+05
   144  1.87968E-04 -1.39917E+01 -1.39902E+01 -1.51818E-03  0.00000E+00  0.00000E+00  1.93790E+05
   145  1.92712E-04 -1.39915E+01 -1.39900E+01 -1.55592E-03  0.00000E+00  0.00000E+00  1.89007E+05
   146  1.97572E-04 -1.39913E+01 -1.39897E+01 -1.59456E-03  0.00000E+00  0.00000E+00  1.84346E+05
   147  2.02550E-04 -1.39911E+01 -1.39895E+01 -1.63411E-03  0.00000E+00  0.00000E+00  1.79803E+05
   148  2.07650E-04 -1.39909E+01 -1.39892E+01 -1.67459E-03  0.00000E+00  0.00000E+00  1.75374E+05
   149  2.12875E-04 -1.39907E+01 -1.39889E+01 -1.71604E-03  0.00000E+00  0.00000E+00  1.71057E+05
   150  2.18227E-04 -1.39904E+01 -1.39887E+01 -1.75846E-03  0.00000E+00  0.00000E+00  1.66850E+05
   151  2.23710E-04 -1.39902E+01 -1.39884E+01 -1.80188E-03  0.00000E+00  0.00000E+00  1.62748E+05
   152  2.29327E-04 -1.39899E+01 -1.39881E+01 -1.84632E-03  0.00000E+00  0.00000E+00  1.58749E+05
   153  2.35082E-04 -1.39897E+01 -1.39878E+01 -1.89181E-03  0.00000E+00  0.00000E+00  1.54851E+05
   154  2.40977E-04 -1.39894E+01 -1.39875E+01 -1.93837E-03  0.00000E+00  0.00000E+00  1.51050E+05
   155  2.47016E-04 -1.39891E+01 -1.39872E+01 -1.98603E-03  0.00000E+00  0.00000E+00  1.47345E+05
   156  2.53203E-04 -1.39889E+01 -1.39868E+01 -2.03480E-03  0.00000E+00  0.00000E+00  1.43732E+05
   157  2.59540E-04 -1.39886E+01 -1.39865E+01 -2.08472E-03  0.00000E+00  0.00000E+00  1.40210E+05
   158  2.66033E-04 -1.39883E+01 -1.39862E+01 -2.13580E-03  0.00000E+00  0.00000E+00  1.36776E+05
   159  2.72685E-04 -1.39880E+01 -1.39858E+01 -2.18808E-03  0.00000E+00  0.00000E+00  1.33427E+05
   160  2.79498E-04 -1.39877E+01 -1.39855E+01 -2.24158E-03  0.00000E+00  0.00000E+00  1.30162E+05
   161  2.86479E-04 -1.39874E+01 -1.39851E+01 -2.29634E-03  0.00000E+00  0.00000E+00  1.26978E+05
   162  2.93630E-04 -1.39871E+01 -1.39847E+01 -2.35236E-03  0.00000E+00  0.00000E+00  1.23874E+05
   163  3.00956E-04 -1.39868E+01 -1.39844E+01 -2.40970E-03  0.00000E+00  0.00000E+00  1.20846E+05
   164  3.08461E-04 -1.39864E+01 -1.39840E+01 -2.46837E-03  0.00000E+00  0.00000E+00  1.17894E+05
   165  3.16149E-04 -1.39861E+01 -1.39836E+01 -2.52840E-03  0.00000E+00  0.00000E+00  1.15014E+05
   166  3.24025E-04 -1.39858E+01 -1.39832E+01 -2.58982E-03  0.00000E+00  0.00000E+00  1.12207E+05
   167  3.32093E-04 -1.39854E+01 -1.39827E+01 -2.65267E-03  0.00000E+00  0.00000E+00  1.09468E+05
   168  3.40359E-04 -1.39850E+01 -1.39823E+01 -2.71697E-03  0.00000E+00  0.00000E+00  1.06797E+05
   169  3.48827E-04 -1.39847E+01 -1.39819E+01 -2.78276E-03  0.00000E+00  0.00000E+00  1.04193E+05
   170  3.57501E-04 -1.39843E+01 -1.39814E+01 -2.85007E-03  0.00000E+00  0.00000E+00  1.01652E+05
   171  3.66388E-04 -1.39839E+01 -1.39810E+01 -2.91893E-03  0.00000E+00  0.00000E+00  9.91745E+04
   172  3.75492E-04 -1.39835E+01 -1.39805E+01 -2.98938E-03  0.00000E+00  0.00000E+00  9.67578E+04
   173  3.84818E-04 -1.39831E+01 -1.39800E+01 -3.06144E-03  0.00000E+00  0.00000E+00  9.44006E+04
   174  3.94372E-04 -1.39827E+01 -1.39795E+01 -3.13516E-03  0.00000E+00  0.00000E+00  9.21014E+04
   175  4.04159E-04 -1.39822E+01 -1.39790E+01 -3.21057E-03  0.00000E+00  0.00000E+00  8.98588E+04
   176  4.14186E-04 -1.39818E+01 -1.39785E+01 -3.28771E-03  0.00000E+00  0.00000E+00  8.76713E+04
   177  4.24458E-04 -1.39813E+01 -1.39780E+01 -3.36660E-03  0.00000E+00  0.00000E+00  8.55375E+04
   178  4.34981E-04 -1.39809E+01 -1.39774E+01 -3.44730E-03  0.00000E+00  0.00000E+00  8.34560E+04
   179  4.45761E-04 -1.39804E+01 -1.39769E+01 -3.52983E-03  0.00000E+00  0.00000E+00  8.14256E+04
   180  4.56804E-04 -1.39799E+01 -1.39763E+01 -3.61424E-03  0.00000E+00  0.00000E+00  7.94450E+04
   181  4.68117E-04 -1.39794E+01 -1.39757E+01 -3.70056E-03  0.00000E+00  0.00000E+00  7.75128E+04
   182  4.79707E-04 -1.39789E+01 -1.39751E+01 -3.78884E-03  0.00000E+00  0.00000E+00  7.56279E+04
   183  4.91580E-04 -1.39784E+01 -1.39745E+01 -3.87911E-03  0.00000E+00  0.00000E+00  7.37892E+04
   184  5.03743E-04 -1.39778E+01 -1.39739E+01 -3.97142E-03  0.00000E+00  0.00000E+00  7.19954E+04
   185  5.16203E-04 -1.39773E+01 -1.39732E+01 -4.06581E-03  0.00000E+00  0.00000E+00  7.02454E+04
   186  5.28968E-04 -1.39767E+01 -1.39725E+01 -4.16231E-03  0.00000E+00  0.00000E+00  6.85382E+04
   187  5.42044E-04 -1.39761E+01 -1.39719E+01 -4.26098E-03  0.00000E+00  0.00000E+00  6.68726E+04
   188  5.55440E-04 -1.39755E+01 -1.39712E+01 -4.36186E-03  0.00000E+00  0.00000E+00  6.52476E+04
   189  5.69164E-04 -1.39749E+01 -1.39705E+01 -4.46499E-03  0.00000E+00  0.00000E+00  6.36623E+04
   190  5.83223E-04 -1.39743E+01 -1.39697E+01 -4.57041E-03  0.00000E+00  0.00000E+00  6.21156E+04
   191  5.97625E-04 -1.39737E+01 -1.39690E+01 -4.67818E-03  0.00000E+00  0.00000E+00  6.06065E+04
   192  6.12379E-04 -1.39730E+01 -1.39682E+01 -4.78834E-03  0.00000E+00  0.00000E+00  5.91342E+04
   193  6.27494E-04 -1.39723E+01 -1.39674E+01 -4.90093E-03  0.00000E+00  0.00000E+00  5.76977E+04
   194  6.42978E-04 -1.39717E+01 -1.39666E+01 -5.01600E-03  0.00000E+00  0.00000E+00  5.62961E+04
   195  6.58841E-04 -1.39710E+01 -1.39658E+01 -5.13361E-03  0.00000E+00  0.00000E+00  5.49286E+04
   196  6.75091E-04 -1.39702E+01 -1.39650E+01 -5.25380E-03  0.00000E+00  0.00000E+00  5.35944E+04
   197  6.91738E-04 -1.39695E+01 -1.39641E+01 -5.37661E-03  0.00000E+00  0.00000E+00  5.22925E+04
   198  7.08792E-04 -1.39687E+01 -1.39632E+01 -5.50211E-03  0.00000E+00  0.00000E+00  5.10222E+04
   199  7.26263E-04 -1.39680E+01 -1.39623E+01 -5.63033E-03  0.00000E+00  0.00000E+00  4.97828E+04
   200  7.44161E-04 -1.39672E+01 -1.39614E+01 -5.76134E-03  0.00000E+00  0.00000E+00  4.85734E+04
   201  7.62496E-04 -1.39664E+01 -1.39605E+01 -5.89518E-03  0.00000E+00  0.00000E+00  4.73934E+04
   202  7.81279E-04 -1.39655E+01 -1.39595E+01 -6.03191E-03  0.00000E+00  0.00000E+00  4.62419E+04
   203  8.00521E-04 -1.39647E+01 -1.39585E+01 -6.17158E-03  0.00000E+00  0.00000E+00  4.51184E+04
   204  8.20233E-04 -1.39638E+01 -1.39575E+01 -6.31423E-03  0.00000E+00  0.00000E+00  4.40221E+04
   205  8.40427E-04 -1.39629E+01 -1.39564E+01 -6.45994E-03  0.00000E+00  0.00000E+00  4.29523E+04
   206  8.61114E-04 -1.39620E+01 -1.39554E+01 -6.60874E-03  0.00000E+00  0.00000E+00  4.19084E+04
   207  8.82307E-04 -1.39610E+01 -1.39543E+01 -6.76070E-03  0.00000E+00  0.00000E+00  4.08897E+04
   208  9.04017E-04 -1.39601E+01 -1.39532E+01 -6.91588E-03  0.00000E+00  0.00000E+00  3.98957E+04
   209  9.26258E-04 -1.39591E+01 -1.39520E+01 -7.07431E-03  0.00000E+00  0.00000E+00  3.89258E+04
   210  9.49043E-04 -1.39581E+01 -1.39508E+01 -7.23607E-03  0.00000E+00  0.00000E+00  3.79793E+04
   211  9.72384E-04 -1.39570E+01 -1.39496E+01 -7.40121E-03  0.00000E+00  0.00000E+00  3.70556E+04
   212  9.96296E-04 -1.39560E+01 -1.39484E+01 -7.56979E-03  0.00000E+00  0.00000E+00  3.61543E+04
   213  1.02079E-03 -1.39549E+01 -1.39471E+01 -7.74186E-03  0.00000E+00  0.00000E+00  3.52747E+04
   214  1.04589E-03 -1.39538E+01 -1.39458E+01 -7.91747E-03  0.00000E+00  0.00000E+00  3.44164E+04
   215  1.07159E-03 -1.39526E+01 -1.39445E+01 -8.09670E-03  0.00000E+00  0.00000E+00  3.35788E+04
   216  1.09793E-03 -1.39514E+01 -1.39432E+01 -8.27959E-03  0.00000E+00  0.00000E+00  3.27614E+04
   217  1.12491E-03 -1.39502E+01 -1.39418E+01 -8.46621E-03  0.00000E+00  0.00000E+00  3.19637E+04
   218  1.15255E-03 -1.39490E+01 -1.39403E+01 -8.65661E-03  0.00000E+00  0.00000E+00  3.11852E+04
   219  1.18086E-03 -1.39477E+01 -1.39389E+01 -8.85084E-03  0.00000E+00  0.00000E+00  3.04256E+04
   220  1.20987E-03 -1.39464E+01 -1.39374E+01 -9.04898E-03  0.00000E+00  0.00000E+00  2.96842E+04
   221  1.23958E-03 -1.39451E+01 -1.39359E+01 -9.25107E-03  0.00000E+00  0.00000E+00  2.89607E+04
   222  1.27002E-03 -1.39438E+01 -1.39343E+01 -9.45717E-03  0.00000E+00  0.00000E+00  2.82547E+04
   223  1.30120E-03 -1.39424E+01 -1.39327E+01 -9.66734E-03  0.00000E+00  0.00000E+00  2.75656E+04
   224  1.33315E-03 -1.39409E+01 -1.39311E+01 -9.88165E-03  0.00000E+00  0.00000E+00  2.68932E+04
   225  1.36588E-03 -1.39395E+01 -1.39294E+01 -1.01001E-02  0.00000E+00  0.00000E+00  2.62369E+04
   226  1.39940E-03 -1.39380E+01 -1.39276E+01 -1.03229E-02  0.00000E+00  0.00000E+00  2.55965E+04
   227  1.43375E-03 -1.39364E+01 -1.39259E+01 -1.05499E-02  0.00000E+00  0.00000E+00  2.49714E+04
   228  1.46893E-03 -1.39349E+01 -1.39241E+01 -1.07813E-02  0.00000E+00  0.00000E+00  2.43614E+04
   229  1.50498E-03 -1.39332E+01 -1.39222E+01 -1.10171E-02  0.00000E+00  0.00000E+00  2.37661E+04
   230  1.54190E-03 -1.39316E+01 -1.39203E+01 -1.12573E-02  0.00000E+00  0.00000E+00  2.31851E+04
   231  1.57973E-03 -1.39299E+01 -1.39184E+01 -1.15021E-02  0.00000E+00  0.00000E+00  2.26181E+04
   232  1.61848E-03 -1.39282E+01 -1.39164E+01 -1.17515E-02  0.00000E+00  0.00000E+00  2.20647E+04
   233  1.65818E-03 -1.39264E+01 -1.39144E+01 -1.20055E-02  0.00000E+00  0.00000E+00  2.15247E+04
   234  1.69884E-03 -1.39245E+01 -1.39123E+01 -1.22641E-02  0.00000E+00  0.00000E+00  2.09976E+04
   235  1.74050E-03 -1.39227E+01 -1.39101E+01 -1.25275E-02  0.00000E+00  0.00000E+00  2.04832E+04
   236  1.78318E-03 -1.39208E+01 -1.39080E+01 -1.27956E-02  0.00000E+00  0.00000E+00  1.99811E+04
   237  1.82691E-03 -1.39188E+01 -1.39057E+01 -1.30686E-02  0.00000E+00  0.00000E+00  1.94911E+04
   238  1.87170E-03 -1.39168E+01 -1.39034E+01 -1.33465E-02  0.00000E+00  0.00000E+00  1.90129E+04
   239  1.91758E-03 -1.39147E+01 -1.39011E+01 -1.36292E-02  0.00000E+00  0.00000E+00  1.85462E+04
   240  1.96459E-03 -1.39126E+01 -1.38987E+01 -1.39170E-02  0.00000E+00  0.00000E+00  1.80907E+04
   241  2.01274E-03 -1.39104E+01 -1.38962E+01 -1.42097E-02  0.00000E+00  0.00000E+00  1.76461E+04
   242  2.06207E-03 -1.39082E+01 -1.38937E+01 -1.45074E-02  0.00000E+00  0.00000E+00  1.72122E+04
   243  2.11260E-03 -1.39059E+01 -1.38911E+01 -1.48103E-02  0.00000E+00  0.00000E+00  1.67888E+04
   244  2.16437E-03 -1.39036E+01 -1.38885E+01 -1.51182E-02  0.00000E+00  0.00000E+00  1.63755E+04
   245  2.21741E-03 -1.39012E+01 -1.38858E+01 -1.54313E-02  0.00000E+00  0.00000E+00  1.59721E+04
   246  2.27174E-03 -1.38987E+01 -1.38830E+01 -1.57496E-02  0.00000E+00  0.00000E+00  1.55784E+04
   247  2.32740E-03 -1.38962E+01 -1.38802E+01 -1.60730E-02  0.00000E+00  0.00000E+00  1.51942E+04
   248  2.38441E-03 -1.38936E+01 -1.38772E+01 -1.64017E-02  0.00000E+00  0.00000E+00  1.48192E+04
   249  2.44282E-03 -1.38910E+01 -1.38743E+01 -1.67357E-02  0.00000E+00  0.00000E+00  1.44532E+04
   250  2.50266E-03 -1.38883E+01 -1.38712E+01 -1.70749E-02  0.00000E+00  0.00000E+00  1.40959E+04
   251  2.56396E-03 -1.38855E+01 -1.38681E+01 -1.74194E-02  0.00000E+00  0.00000E+00  1.37473E+04
   252  2.62675E-03 -1.38827E+01 -1.38649E+01 -1.77693E-02  0.00000E+00  0.00000E+00  1.34070E+04
   253  2.69108E-03 -1.38798E+01 -1.38616E+01 -1.81244E-02  0.00000E+00  0.00000E+00  1.30749E+04
   254  2.75699E-03 -1.38768E+01 -1.38583E+01 -1.84849E-02  0.00000E+00  0.00000E+00  1.27507E+04
   255  2.82450E-03 -1.38737E+01 -1.38549E+01 -1.88506E-02  0.00000E+00  0.00000E+00  1.24344E+04
   256  2.89366E-03 -1.38706E+01 -1.38514E+01 -1.92218E-02  0.00000E+00  0.00000E+00  1.21256E+04
   257  2.96451E-03 -1.38674E+01 -1.38478E+01 -1.95982E-02  0.00000E+00  0.00000E+00  1.18242E+04
   258  3.03709E-03 -1.38641E+01 -1.38441E+01 -1.99799E-02  0.00000E+00  0.00000E+00  1.15301E+04
   259  3.11144E-03 -1.38607E+01 -1.38403E+01 -2.03669E-02  0.00000E+00  0.00000E+00  1.12430E+04
   260  3.18761E-03 -1.38572E+01 -1.38365E+01 -2.07593E-02  0.00000E+00  0.00000E+00  1.09628E+04
   261  3.26564E-03 -1.38537E+01 -1.38325E+01 -2.11568E-02  0.00000E+00  0.00000E+00  1.06894E+04
   262  3.34558E-03 -1.38500E+01 -1.38285E+01 -2.15596E-02  0.00000E+00  0.00000E+00  1.04225E+04
   263  3.42747E-03 -1.38463E+01 -1.38243E+01 -2.19676E-02  0.00000E+00  0.00000E+00  1.01620E+04
   264  3.51135E-03 -1.38425E+01 -1.38201E+01 -2.23807E-02  0.00000E+00  0.00000E+00  9.90772E+03
   265  3.59729E-03 -1.38386E+01 -1.38158E+01 -2.27990E-02  0.00000E+00  0.00000E+00  9.65958E+03
   266  3.68533E-03 -1.38346E+01 -1.38113E+01 -2.32223E-02  0.00000E+00  0.00000E+00  9.41739E+03
   267  3.77552E-03 -1.38305E+01 -1.38068E+01 -2.36507E-02  0.00000E+00  0.00000E+00  9.18101E+03
   268  3.86791E-03 -1.38262E+01 -1.38022E+01 -2.40840E-02  0.00000E+00  0.00000E+00  8.95031E+03
   269  3.96255E-03 -1.38219E+01 -1.37974E+01 -2.45221E-02  0.00000E+00  0.00000E+00  8.72514E+03
   270  4.05951E-03 -1.38175E+01 -1.37925E+01 -2.49651E-02  0.00000E+00  0.00000E+00  8.50538E+03
   271  4.15884E-03 -1.38130E+01 -1.37875E+01 -2.54128E-02  0.00000E+00  0.00000E+00  8.29089E+03
   272  4.26059E-03 -1.38083E+01 -1.37824E+01 -2.58652E-02  0.00000E+00  0.00000E+00  8.08156E+03
   273  4.36483E-03 -1.38035E+01 -1.37772E+01 -2.63221E-02  0.00000E+00  0.00000E+00  7.87725E+03
   274  4.47161E-03 -1.37987E+01 -1.37719E+01 -2.67834E-02  0.00000E+00  0.00000E+00  7.67784E+03
   275  4.58100E-03 -1.37936E+01 -1.37664E+01 -2.72492E-02  0.00000E+00  0.00000E+00  7.48323E+03
   276  4.69306E-03 -1.37885E+01 -1.37608E+01 -2.77191E-02  0.00000E+00  0.00000E+00  7.29329E+03
   277  4.80786E-03 -1.37833E+01 -1.37551E+01 -2.81931E-02  0.00000E+00  0.00000E+00  7.10791E+03
   278  4.92546E-03 -1.37779E+01 -1.37492E+01 -2.86712E-02  0.00000E+00  0.00000E+00  6.92699E+03
   279  5.04593E-03 -1.37724E+01 -1.37432E+01 -2.91531E-02  0.00000E+00  0.00000E+00  6.75041E+03
   280  5.16935E-03 -1.37667E+01 -1.37371E+01 -2.96386E-02  0.00000E+00  0.00000E+00  6.57808E+03
   281  5.29578E-03 -1.37609E+01 -1.37308E+01 -3.01278E-02  0.00000E+00  0.00000E+00  6.40989E+03
   282  5.42529E-03 -1.37550E+01 -1.37243E+01 -3.06203E-02  0.00000E+00  0.00000E+00  6.24575E+03
   283  5.55797E-03 -1.37489E+01 -1.37178E+01 -3.11160E-02  0.00000E+00  0.00000E+00  6.08555E+03
   284  5.69389E-03 -1.37427E+01 -1.37110E+01 -3.16148E-02  0.00000E+00  0.00000E+00  5.92920E+03
   285  5.83313E-03 -1.37363E+01 -1.37041E+01 -3.21165E-02  0.00000E+00  0.00000E+00  5.77662E+03
   286  5.97577E-03 -1.37297E+01 -1.36971E+01 -3.26208E-02  0.00000E+00  0.00000E+00  5.62771E+03
   287  6.12189E-03 -1.37230E+01 -1.36899E+01 -3.31276E-02  0.00000E+00  0.00000E+00  5.48238E+03
   288  6.27157E-03 -1.37161E+01 -1.36825E+01 -3.36366E-02  0.00000E+00  0.00000E+00  5.34055E+03
   289  6.42492E-03 -1.37091E+01 -1.36750E+01 -3.41477E-02  0.00000E+00  0.00000E+00  5.20214E+03
   290  6.58200E-03 -1.37019E+01 -1.36672E+01 -3.46606E-02  0.00000E+00  0.00000E+00  5.06706E+03
   291  6.74292E-03 -1.36945E+01 -1.36593E+01 -3.51751E-02  0.00000E+00  0.00000E+00  4.93524E+03
   292  6.90777E-03 -1.36869E+01 -1.36512E+01 -3.56909E-02  0.00000E+00  0.00000E+00  4.80660E+03
   293  7.07665E-03 -1.36792E+01 -1.36430E+01 -3.62079E-02  0.00000E+00  0.00000E+00  4.68106E+03
   294  7.24964E-03 -1.36712E+01 -1.36345E+01 -3.67256E-02  0.00000E+00  0.00000E+00  4.55855E+03
   295  7.42686E-03 -1.36631E+01 -1.36259E+01 -3.72439E-02  0.00000E+00  0.00000E+00  4.43899E+03
   296  7.60841E-03 -1.36548E+01 -1.36170E+01 -3.77625E-02  0.00000E+00  0.00000E+00  4.32233E+03
   297  7.79438E-03 -1.36462E+01 -1.36080E+01 -3.82810E-02  0.00000E+00  0.00000E+00  4.20848E+03
   298  7.98490E-03 -1.36375E+01 -1.35987E+01 -3.87993E-02  0.00000E+00  0.00000E+00  4.09738E+03
   299  8.18007E-03 -1.36286E+01 -1.35892E+01 -3.93170E-02  0.00000E+00  0.00000E+00  3.98897E+03
   300  8.38000E-03 -1.36194E+01 -1.35796E+01 -3.98338E-02  0.00000E+00  0.00000E+00  3.88318E+03
   301  8.58481E-03 -1.36100E+01 -1.35697E+01 -4.03493E-02  0.00000E+00  0.00000E+00  3.77995E+03
   302  8.79462E-03 -1.36004E+01 -1.35595E+01 -4.08634E-02  0.00000E+00  0.00000E+00  3.67923E+03
   303  9.00955E-03 -1.35906E+01 -1.35492E+01 -4.13755E-02  0.00000E+00  0.00000E+00  3.58094E+03
   304  9.22972E-03 -1.35805E+01 -1.35386E+01 -4.18854E-02  0.00000E+00  0.00000E+00  3.48504E+03
   305  9.45527E-03 -1.35702E+01 -1.35278E+01 -4.23928E-02  0.00000E+00  0.00000E+00  3.39147E+03
   306  9.68632E-03 -1.35596E+01 -1.35167E+01 -4.28972E-02  0.00000E+00  0.00000E+00  3.30017E+03
   307  9.92301E-03 -1.35488E+01 -1.35054E+01 -4.33984E-02  0.00000E+00  0.00000E+00  3.21108E+03
   308  1.01655E-02 -1.35377E+01 -1.34938E+01 -4.38959E-02  0.00000E+00  0.00000E+00  3.12417E+03
   309  1.04139E-02 -1.35264E+01 -1.34820E+01 -4.43895E-02  0.00000E+00  0.00000E+00  3.03937E+03
   310  1.06683E-02 -1.35148E+01 -1.34699E+01 -4.48786E-02  0.00000E+00  0.00000E+00  2.95663E+03
   311  1.09290E-02 -1.35029E+01 -1.34575E+01 -4.53630E-02  0.00000E+00  0.00000E+00  2.87591E+03
   312  1.11960E-02 -1.34907E+01 -1.34449E+01 -4.58422E-02  0.00000E+00  0.00000E+00  2.79717E+03
   313  1.14695E-02 -1.34783E+01 -1.34320E+01 -4.63159E-02  0.00000E+00  0.00000E+00  2.72034E+03
   314  1.17497E-02 -1.34656E+01 -1.34188E+01 -4.67837E-02  0.00000E+00  0.00000E+00  2.64540E+03
   315  1.20367E-02 -1.34525E+01 -1.34053E+01 -4.72451E-02  0.00000E+00  0.00000E+00  2.57229E+03
   316  1.23308E-02 -1.34392E+01 -1.33915E+01 -4.76997E-02  0.00000E+00  0.00000E+00  2.50097E+03
   317  1.26320E-02 -1.34256E+01 -1.33774E+01 -4.81473E-02  0.00000E+00  0.00000E+00  2.43140E+03
   318  1.29405E-02 -1.34116E+01 -1.33630E+01 -4.85872E-02  0.00000E+00  0.00000E+00  2.36353E+03
   319  1.32566E-02 -1.33974E+01 -1.33483E+01 -4.90193E-02  0.00000E+00  0.00000E+00  2.29734E+03
   320  1.35804E-02 -1.33828E+01 -1.33333E+01 -4.94429E-02  0.00000E+00  0.00000E+00  2.23278E+03
   321  1.39121E-02 -1.33678E+01 -1.33180E+01 -4.98577E-02  0.00000E+00  0.00000E+00  2.16981E+03
   322  1.42518E-02 -1.33525E+01 -1.33023E+01 -5.02634E-02  0.00000E+00  0.00000E+00  2.10839E+03
   323  1.45999E-02 -1.33369E+01 -1.32863E+01 -5.06594E-02  0.00000E+00  0.00000E+00  2.04849E+03
   324  1.49565E-02 -1.33209E+01 -1.32699E+01 -5.10454E-02  0.00000E+00  0.00000E+00  1.99007E+03
   325  1.53217E-02 -1.33046E+01 -1.32532E+01 -5.14210E-02  0.00000E+00  0.00000E+00  1.93311E+03
   326  1.56958E-02 -1.32879E+01 -1.32361E+01 -5.17857E-02  0.00000E+00  0.00000E+00  1.87756E+03
   327  1.60791E-02 -1.32708E+01 -1.32187E+01 -5.21391E-02  0.00000E+00  0.00000E+00  1.82339E+03
   328  1.64717E-02 -1.32534E+01 -1.32009E+01 -5.24809E-02  0.00000E+00  0.00000E+00  1.77057E+03
   329  1.68739E-02 -1.32355E+01 -1.31827E+01 -5.28106E-02  0.00000E+00  0.00000E+00  1.71907E+03
   330  1.72859E-02 -1.32173E+01 -1.31642E+01 -5.31279E-02  0.00000E+00  0.00000E+00  1.66885E+03
   331  1.77079E-02 -1.31987E+01 -1.31452E+01 -5.34323E-02  0.00000E+00  0.00000E+00  1.61990E+03
   332  1.81402E-02 -1.31796E+01 -1.31259E+01 -5.37234E-02  0.00000E+00  0.00000E+00  1.57218E+03
   333  1.85831E-02 -1.31602E+01 -1.31062E+01 -5.40010E-02  0.00000E+00  0.00000E+00  1.52565E+03
   334  1.90367E-02 -1.31403E+01 -1.30860E+01 -5.42645E-02  0.00000E+00  0.00000E+00  1.48031E+03
   335  1.95014E-02 -1.31200E+01 -1.30654E+01 -5.45136E-02  0.00000E+00  0.00000E+00  1.43610E+03
   336  1.99775E-02 -1.30992E+01 -1.30445E+01 -5.47480E-02  0.00000E+00  0.00000E+00  1.39302E+03
   337  2.04651E-02 -1.30780E+01 -1.30230E+01 -5.49674E-02  0.00000E+00  0.00000E+00  1.35104E+03
   338  2.09646E-02 -1.30564E+01 -1.30012E+01 -5.51713E-02  0.00000E+00  0.00000E+00  1.31012E+03
   339  2.14762E-02 -1.30343E+01 -1.29789E+01 -5.53594E-02  0.00000E+00  0.00000E+00  1.27025E+03
   340  2.20004E-02 -1.30117E+01 -1.29562E+01 -5.55314E-02  0.00000E+00  0.00000E+00  1.23140E+03
   341  2.25373E-02 -1.29886E+01 -1.29330E+01 -5.56870E-02  0.00000E+00  0.00000E+00  1.19355E+03
   342  2.30872E-02 -1.29651E+01 -1.29093E+01 -5.58259E-02  0.00000E+00  0.00000E+00  1.15667E+03
   343  2.36506E-02 -1.29411E+01 -1.28852E+01 -5.59479E-02  0.00000E+00  0.00000E+00  1.12074E+03
   344  2.42277E-02 -1.29166E+01 -1.28605E+01 -5.60525E-02  0.00000E+00  0.00000E+00  1.08575E+03
   345  2.48188E-02 -1.28916E+01 -1.28354E+01 -5.61396E-02  0.00000E+00  0.00000E+00  1.05167E+03
   346  2.54244E-02 -1.28661E+01 -1.28098E+01 -5.62089E-02  0.00000E+00  0.00000E+00  1.01848E+03
   347  2.60446E-02 -1.28400E+01 -1.27838E+01 -5.62602E-02  0.00000E+00  0.00000E+00  9.86155E+02
   348  2.66800E-02 -1.28135E+01 -1.27572E+01 -5.62933E-02  0.00000E+00  0.00000E+00  9.54682E+02
   349  2.73309E-02 -1.27864E+01 -1.27300E+01 -5.63079E-02  0.00000E+00  0.00000E+00  9.24040E+02
   350  2.79975E-02 -1.27587E+01 -1.27024E+01 -5.63039E-02  0.00000E+00  0.00000E+00  8.94210E+02
   351  2.86804E-02 -1.27305E+01 -1.26743E+01 -5.62811E-02  0.00000E+00  0.00000E+00  8.65173E+02
   352  2.93799E-02 -1.27018E+01 -1.26456E+01 -5.62394E-02  0.00000E+00  0.00000E+00  8.36912E+02
   353  3.00965E-02 -1.26725E+01 -1.26163E+01 -5.61786E-02  0.00000E+00  0.00000E+00  8.09409E+02
   354  3.08305E-02 -1.26426E+01 -1.25865E+01 -5.60985E-02  0.00000E+00  0.00000E+00  7.82647E+02
   355  3.15823E-02 -1.26122E+01 -1.25562E+01 -5.59992E-02  0.00000E+00  0.00000E+00  7.56610E+02
   356  3.23524E-02 -1.25812E+01 -1.25253E+01 -5.58806E-02  0.00000E+00  0.00000E+00  7.31281E+02
   357  3.31412E-02 -1.25496E+01 -1.24938E+01 -5.57425E-02  0.00000E+00  0.00000E+00  7.06645E+02
   358  3.39493E-02 -1.25174E+01 -1.24618E+01 -5.55849E-02  0.00000E+00  0.00000E+00  6.82685E+02
   359  3.47769E-02 -1.24846E+01 -1.24292E+01 -5.54079E-02  0.00000E+00  0.00000E+00  6.59387E+02
   360  3.56247E-02 -1.24512E+01 -1.23960E+01 -5.52115E-02  0.00000E+00  0.00000E+00  6.36735E+02
   361  3.64931E-02 -1.24171E+01 -1.23621E+01 -5.49956E-02  0.00000E+00  0.00000E+00  6.14716E+02
   362  3.73826E-02 -1.23825E+01 -1.23277E+01 -5.47604E-02  0.00000E+00  0.00000E+00  5.93315E+02
   363  3.82937E-02 -1.23472E+01 -1.22927E+01 -5.45058E-02  0.00000E+00  0.00000E+00  5.72518E+02
   364  3.92270E-02 -1.23113E+01 -1.22571E+01 -5.42321E-02  0.00000E+00  0.00000E+00  5.52312E+02
   365  4.01829E-02 -1.22748E+01 -1.22208E+01 -5.39394E-02  0.00000E+00  0.00000E+00  5.32684E+02
   366  4.11621E-02 -1.22376E+01 -1.21840E+01 -5.36277E-02  0.00000E+00  0.00000E+00  5.13619E+02
   367  4.21650E-02 -1.21997E+01 -1.21464E+01 -5.32973E-02  0.00000E+00  0.00000E+00  4.95107E+02
   368  4.31923E-02 -1.21612E+01 -1.21083E+01 -5.29483E-02  0.00000E+00  0.00000E+00  4.77134E+02
   369  4.42445E-02 -1.21221E+01 -1.20695E+01 -5.25811E-02  0.00000E+00  0.00000E+00  4.59688E+02
   370  4.53223E-02 -1.20823E+01 -1.20301E+01 -5.21958E-02  0.00000E+00  0.00000E+00  4.42757E+02
   371  4.64262E-02 -1.20418E+01 -1.19900E+01 -5.17926E-02  0.00000E+00  0.00000E+00  4.26330E+02
   372  4.75570E-02 -1.20006E+01 -1.19492E+01 -5.13720E-02  0.00000E+00  0.00000E+00  4.10396E+02
   373  4.87151E-02 -1.19587E+01 -1.19078E+01 -5.09342E-02  0.00000E+00  0.00000E+00  3.94942E+02
   374  4.99014E-02 -1.19162E+01 -1.18657E+01 -5.04796E-02  0.00000E+00  0.00000E+00  3.79959E+02
   375  5.11164E-02 -1.18730E+01 -1.18230E+01 -5.00085E-02  0.00000E+00  0.00000E+00  3.65434E+02
   376  5.23609E-02 -1.18291E+01 -1.17795E+01 -4.95213E-02  0.00000E+00  0.00000E+00  3.51359E+02
   377  5.36356E-02 -1.17844E+01 -1.17354E+01 -4.90185E-02  0.00000E+00  0.00000E+00  3.37722E+02
   378  5.49412E-02 -1.17391E+01 -1.16906E+01 -4.85005E-02  0.00000E+00  0.00000E+00  3.24514E+02
   379  5.62784E-02 -1.16931E+01 -1.16451E+01 -4.79677E-02  0.00000E+00  0.00000E+00  3.11724E+02
   380  5.76480E-02 -1.16464E+01 -1.15989E+01 -4.74207E-02  0.00000E+00  0.00000E+00  2.99343E+02
   381  5.90508E-02 -1.15989E+01 -1.15521E+01 -4.68599E-02  0.00000E+00  0.00000E+00  2.87360E+02
   382  6.04876E-02 -1.15508E+01 -1.15045E+01 -4.62860E-02  0.00000E+00  0.00000E+00  2.75768E+02
   383  6.19592E-02 -1.15019E+01 -1.14562E+01 -4.56993E-02  0.00000E+00  0.00000E+00  2.64556E+02
   384  6.34664E-02 -1.14523E+01 -1.14072E+01 -4.51006E-02  0.00000E+00  0.00000E+00  2.53716E+02
   385  6.50101E-02 -1.14020E+01 -1.13575E+01 -4.44904E-02  0.00000E+00  0.00000E+00  2.43238E+02
   386  6.65911E-02 -1.13509E+01 -1.13071E+01 -4.38693E-02  0.00000E+00  0.00000E+00  2.33114E+02
   387  6.82105E-02 -1.12992E+01 -1.12559E+01 -4.32380E-02  0.00000E+00  0.00000E+00  2.23335E+02
   388  6.98689E-02 -1.12467E+01 -1.12041E+01 -4.25971E-02  0.00000E+00  0.00000E+00  2.13893E+02
   389  7.15675E-02 -1.11935E+01 -1.11515E+01 -4.19472E-02  0.00000E+00  0.00000E+00  2.04779E+02
   390  7.33072E-02 -1.11395E+01 -1.10982E+01 -4.12891E-02  0.00000E+00  0.00000E+00  1.95986E+02
   391  7.50889E-02 -1.10849E+01 -1.10442E+01 -4.06234E-02  0.00000E+00  0.00000E+00  1.87504E+02
   392  7.69137E-02 -1.10295E+01 -1.09895E+01 -3.99509E-02  0.00000E+00  0.00000E+00  1.79327E+02
   393  7.87825E-02 -1.09733E+01 -1.09341E+01 -3.92722E-02  0.00000E+00  0.00000E+00  1.71446E+02
   394  8.06965E-02 -1.09165E+01 -1.08779E+01 -3.85881E-02  0.00000E+00  0.00000E+00  1.63854E+02
   395  8.26567E-02 -1.08589E+01 -1.08210E+01 -3.78993E-02  0.00000E+00  0.00000E+00  1.56543E+02
   396  8.46642E-02 -1.08005E+01 -1.07633E+01 -3.72066E-02  0.00000E+00  0.00000E+00  1.49505E+02
   397  8.67201E-02 -1.07415E+01 -1.07050E+01 -3.65106E-02  0.00000E+00  0.00000E+00  1.42734E+02
   398  8.88257E-02 -1.06817E+01 -1.06459E+01 -3.58122E-02  0.00000E+00  0.00000E+00  1.36222E+02
   399  9.09820E-02 -1.06212E+01 -1.05861E+01 -3.51121E-02  0.00000E+00  0.00000E+00  1.29962E+02
   400  9.31903E-02 -1.05600E+01 -1.05256E+01 -3.44110E-02  0.00000E+00  0.00000E+00  1.23946E+02
   401  9.54518E-02 -1.04980E+01 -1.04643E+01 -3.37096E-02  0.00000E+00  0.00000E+00  1.18168E+02
   402  9.77678E-02 -1.04353E+01 -1.04023E+01 -3.30088E-02  0.00000E+00  0.00000E+00  1.12622E+02
   403  1.00140E-01 -1.03719E+01 -1.03396E+01 -3.23093E-02  0.00000E+00  0.00000E+00  1.07299E+02
   404  1.02568E-01 -1.03078E+01 -1.02762E+01 -3.16116E-02  0.00000E+00  0.00000E+00  1.02194E+02
   405  1.05056E-01 -1.02429E+01 -1.02120E+01 -3.09167E-02  0.00000E+00  0.00000E+00  9.73008E+01
   406  1.07603E-01 -1.01774E+01 -1.01471E+01 -3.02252E-02  0.00000E+00  0.00000E+00  9.26118E+01
   407  1.10211E-01 -1.01111E+01 -1.00815E+01 -2.95377E-02  0.00000E+00  0.00000E+00  8.81211E+01
   408  1.12883E-01 -1.00441E+01 -1.00152E+01 -2.88550E-02  0.00000E+00  0.00000E+00  8.38224E+01
   409  1.15618E-01 -9.97640E+00 -9.94822E+00 -2.81777E-02  0.00000E+00  0.00000E+00  7.97096E+01
   410  1.18419E-01 -9.90799E+00 -9.88049E+00 -2.75064E-02  0.00000E+00  0.00000E+00  7.57765E+01
   411  1.21287E-01 -9.83889E+00 -9.81204E+00 -2.68418E-02  0.00000E+00  0.00000E+00  7.20173E+01
   412  1.24224E-01 -9.76908E+00 -9.74289E+00 -2.61844E-02  0.00000E+00  0.00000E+00  6.84261E+01
   413  1.27232E-01 -9.69857E+00 -9.67304E+00 -2.55348E-02  0.00000E+00  0.00000E+00  6.49970E+01
   414  1.30311E-01 -9.62738E+00 -9.60248E+00 -2.48935E-02  0.00000E+00  0.00000E+00  6.17245E+01
   415  1.33465E-01 -9.55549E+00 -9.53123E+00 -2.42611E-02  0.00000E+00  0.00000E+00  5.86028E+01
   416  1.36694E-01 -9.48292E+00 -9.45928E+00 -2.36380E-02  0.00000E+00  0.00000E+00  5.56266E+01
   417  1.40000E-01 -9.40967E+00 -9.38665E+00 -2.30247E-02  0.00000E+00  0.00000E+00  5.27905E+01
   418  1.43386E-01 -9.33575E+00 -9.31332E+00 -2.24215E-02  0.00000E+00  0.00000E+00  5.00891E+01
   419  1.46852E-01 -9.26115E+00 -9.23932E+00 -2.18289E-02  0.00000E+00  0.00000E+00  4.75174E+01
   420  1.50401E-01 -9.18588E+00 -9.16463E+00 -2.12472E-02  0.00000E+00  0.00000E+00  4.50702E+01
   421  1.54036E-01 -9.10995E+00 -9.08928E+00 -2.06767E-02  0.00000E+00  0.00000E+00  4.27426E+01
   422  1.57757E-01 -9.03337E+00 -9.01325E+00 -2.01177E-02  0.00000E+00  0.00000E+00  4.05298E+01
   423  1.61566E-01 -8.95614E+00 -8.93657E+00 -1.95704E-02  0.00000E+00  0.00000E+00  3.84270E+01
   424  1.65467E-01 -8.87826E+00 -8.85922E+00 -1.90350E-02  0.00000E+00  0.00000E+00  3.64296E+01
   425  1.69461E-01 -8.79974E+00 -8.78123E+00 -1.85116E-02  0.00000E+00  0.00000E+00  3.45330E+01
   426  1.73549E-01 -8.72060E+00 -8.70260E+00 -1.80005E-02  0.00000E+00  0.00000E+00  3.27329E+01
   427  1.77735E-01 -8.64082E+00 -8.62332E+00 -1.75016E-02  0.00000E+00  0.00000E+00  3.10250E+01
   428  1.82021E-01 -8.56044E+00 -8.54342E+00 -1.70151E-02  0.00000E+00  0.00000E+00  2.94052E+01
   429  1.86409E-01 -8.47944E+00 -8.46290E+00 -1.65409E-02  0.00000E+00  0.00000E+00  2.78693E+01
   430  1.90901E-01 -8.39785E+00 -8.38177E+00 -1.60790E-02  0.00000E+00  0.00000E+00  2.64134E+01
   431  1.95500E-01 -8.31566E+00 -8.30003E+00 -1.56294E-02  0.00000E+00  0.00000E+00  2.50338E+01
   432  2.00207E-01 -8.23289E+00 -8.21770E+00 -1.51919E-02  0.00000E+00  0.00000E+00  2.37268E+01
   433  2.05027E-01 -8.14955E+00 -8.13479E+00 -1.47665E-02  0.00000E+00  0.00000E+00  2.24887E+01
   434  2.09961E-01 -8.06566E+00 -8.05130E+00 -1.43529E-02  0.00000E+00  0.00000E+00  2.13162E+01
   435  2.15011E-01 -7.98121E+00 -7.96726E+00 -1.39510E-02  0.00000E+00  0.00000E+00  2.02060E+01
   436  2.20181E-01 -7.89623E+00 -7.88267E+00 -1.35607E-02  0.00000E+00  0.00000E+00  1.91547E+01
   437  2.25474E-01 -7.81073E+00 -7.79755E+00 -1.31816E-02  0.00000E+00  0.00000E+00  1.81595E+01
   438  2.30891E-01 -7.72472E+00 -7.71191E+00 -1.28134E-02  0.00000E+00  0.00000E+00  1.72172E+01
   439  2.36437E-01 -7.63822E+00 -7.62576E+00 -1.24560E-02  0.00000E+00  0.00000E+00  1.63251E+01
   440  2.42113E-01 -7.55124E+00 -7.53913E+00 -1.21091E-02  0.00000E+00  0.00000E+00  1.54805E+01
   441  2.47923E-01 -7.46380E+00 -7.45202E+00 -1.17722E-02  0.00000E+00  0.00000E+00  1.46808E+01
   442  2.53870E-01 -7.37591E+00 -7.36447E+00 -1.14451E-02  0.00000E+00  0.00000E+00  1.39235E+01
   443  2.59957E-01 -7.28760E+00 -7.27648E+00 -1.11275E-02  0.00000E+00  0.00000E+00  1.32062E+01
   444  2.66187E-01 -7.19889E+00 -7.18807E+00 -1.08189E-02  0.00000E+00  0.00000E+00  1.25267E+01
   445  2.72563E-01 -7.10979E+00 -7.09927E+00 -1.05191E-02  0.00000E+00  0.00000E+00  1.18829E+01
   446  2.79089E-01 -7.02033E+00 -7.01011E+00 -1.02277E-02  0.00000E+00  0.00000E+00  1.12727E+01
   447  2.85768E-01 -6.93054E+00 -6.92059E+00 -9.94436E-03  0.00000E+00  0.00000E+00  1.06942E+01
   448  2.92603E-01 -6.84042E+00 -6.83075E+00 -9.66867E-03  0.00000E+00  0.00000E+00  1.01456E+01
   449  2.99598E-01 -6.75002E+00 -6.74062E+00 -9.40032E-03  0.00000E+00  0.00000E+00  9.62525E+00
   450  3.06757E-01 -6.65935E+00 -6.65021E+00 -9.13895E-03  0.00000E+00  0.00000E+00  9.13146E+00
   451  3.14083E-01 -6.56844E+00 -6.55956E+00 -8.88422E-03  0.00000E+00  0.00000E+00  8.66272E+00
   452  3.21580E-01 -6.47733E+00 -6.46869E+00 -8.63581E-03  0.00000E+00  0.00000E+00  8.21762E+00
   453  3.29251E-01 -6.38604E+00 -6.37764E+00 -8.39340E-03  0.00000E+00  0.00000E+00  7.79480E+00
   454  3.37101E-01 -6.29459E+00 -6.28644E+00 -8.15669E-03  0.00000E+00  0.00000E+00  7.39300E+00
   455  3.45134E-01 -6.20303E+00 -6.19511E+00 -7.92538E-03  0.00000E+00  0.00000E+00  7.01105E+00
   456  3.53353E-01 -6.11139E+00 -6.10369E+00 -7.69920E-03  0.00000E+00  0.00000E+00  6.64784E+00
   457  3.61762E-01 -6.01969E+00 -6.01222E+00 -7.47790E-03  0.00000E+00  0.00000E+00  6.30235E+00
   458  3.70367E-01 -5.92798E+00 -5.92072E+00 -7.26122E-03  0.00000E+00  0.00000E+00  5.97360E+00
   459  3.79170E-01 -5.83629E+00 -5.82924E+00 -7.04896E-03  0.00000E+00  0.00000E+00  5.66071E+00
   460  3.88177E-01 -5.74464E+00 -5.73780E+00 -6.84089E-03  0.00000E+00  0.00000E+00  5.36283E+00
   461  3.97392E-01 -5.65309E+00 -5.64646E+00 -6.63685E-03  0.00000E+00  0.00000E+00  5.07918E+00
   462  4.06819E-01 -5.56167E+00 -5.55523E+00 -6.43665E-03  0.00000E+00  0.00000E+00  4.80903E+00
   463  4.16463E-01 -5.47041E+00 -5.46417E+00 -6.24016E-03  0.00000E+00  0.00000E+00  4.55170E+00
   464  4.26328E-01 -5.37936E+00 -5.37331E+00 -6.04724E-03  0.00000E+00  0.00000E+00  4.30657E+00
   465  4.36420E-01 -5.28854E+00 -5.28268E+00 -5.85778E-03  0.00000E+00  0.00000E+00  4.07305E+00
   466  4.46743E-01 -5.19801E+00 -5.19234E+00 -5.67168E-03  0.00000E+00  0.00000E+00  3.85057E+00
   467  4.57303E-01 -5.10779E+00 -5.10231E+00 -5.48886E-03  0.00000E+00  0.00000E+00  3.63863E+00
   468  4.68103E-01 -5.01794E+00 -5.01263E+00 -5.30927E-03  0.00000E+00  0.00000E+00  3.43674E+00
   469  4.79150E-01 -4.92848E+00 -4.92335E+00 -5.13285E-03  0.00000E+00  0.00000E+00  3.24446E+00
   470  4.90448E-01 -4.83946E+00 -4.83450E+00 -4.95956E-03  0.00000E+00  0.00000E+00  3.06136E+00
   471  5.02004E-01 -4.75091E+00 -4.74612E+00 -4.78939E-03  0.00000E+00  0.00000E+00  2.88704E+00
   472  5.13821E-01 -4.66287E+00 -4.65825E+00 -4.62231E-03  0.00000E+00  0.00000E+00  2.72114E+00
   473  5.25906E-01 -4.57539E+00 -4.57093E+00 -4.45834E-03  0.00000E+00  0.00000E+00  2.56328E+00
   474  5.38265E-01 -4.48849E+00 -4.48419E+00 -4.29748E-03  0.00000E+00  0.00000E+00  2.41315E+00
   475  5.50902E-01 -4.40221E+00 -4.39807E+00 -4.13974E-03  0.00000E+00  0.00000E+00  2.27042E+00
   476  5.63825E-01 -4.31659E+00 -4.31260E+00 -3.98514E-03  0.00000E+00  0.00000E+00  2.13478E+00
   477  5.77038E-01 -4.23166E+00 -4.22783E+00 -3.83372E-03  0.00000E+00  0.00000E+00  2.00596E+00
   478  5.90547E-01 -4.14746E+00 -4.14377E+00 -3.68550E-03  0.00000E+00  0.00000E+00  1.88367E+00
   479  6.04360E-01 -4.06401E+00 -4.06047E+00 -3.54051E-03  0.00000E+00  0.00000E+00  1.76765E+00
   480  6.18481E-01 -3.98135E+00 -3.97795E+00 -3.39879E-03  0.00000E+00  0.00000E+00  1.65765E+00
   481  6.32917E-01 -3.89951E+00 -3.89625E+00 -3.26038E-03  0.00000E+00  0.00000E+00  1.55343E+00
   482  6.47675E-01 -3.81852E+00 -3.81539E+00 -3.12532E-03  0.00000E+00  0.00000E+00  1.45474E+00
   483  6.62761E-01 -3.73839E+00 -3.73540E+00 -2.99363E-03  0.00000E+00  0.00000E+00  1.36135E+00
   484  6.78182E-01 -3.65916E+00 -3.65630E+00 -2.86535E-03  0.00000E+00  0.00000E+00  1.27306E+00
   485  6.93943E-01 -3.58085E+00 -3.57811E+00 -2.74051E-03  0.00000E+00  0.00000E+00  1.18965E+00
   486  7.10053E-01 -3.50348E+00 -3.50086E+00 -2.61914E-03  0.00000E+00  0.00000E+00  1.11090E+00
   487  7.26517E-01 -3.42707E+00 -3.42457E+00 -2.50126E-03  0.00000E+00  0.00000E+00  1.03662E+00
   488  7.43344E-01 -3.35164E+00 -3.34925E+00 -2.38689E-03  0.00000E+00  0.00000E+00  9.66616E-01
   489  7.60539E-01 -3.27720E+00 -3.27493E+00 -2.27604E-03  0.00000E+00  0.00000E+00  9.00696E-01
   490  7.78110E-01 -3.20377E+00 -3.20160E+00 -2.16872E-03  0.00000E+00  0.00000E+00  8.38676E-01
   491  7.96065E-01 -3.13135E+00 -3.12929E+00 -2.06494E-03  0.00000E+00  0.00000E+00  7.80379E-01
   492  8.14410E-01 -3.05997E+00 -3.05801E+00 -1.96468E-03  0.00000E+00  0.00000E+00  7.25630E-01
   493  8.33153E-01 -2.98962E+00 -2.98775E+00 -1.86795E-03  0.00000E+00  0.00000E+00  6.74260E-01
   494  8.52303E-01 -2.92032E+00 -2.91854E+00 -1.77472E-03  0.00000E+00  0.00000E+00  6.26107E-01
   495  8.71865E-01 -2.85206E+00 -2.85038E+00 -1.68497E-03  0.00000E+00  0.00000E+00  5.81011E-01
   496  8.91849E-01 -2.78486E+00 -2.78326E+00 -1.59867E-03  0.00000E+00  0.00000E+00  5.38819E-01
   497  9.12261E-01 -2.71871E+00 -2.71719E+00 -1.51580E-03  0.00000E+00  0.00000E+00  4.99380E-01
   498  9.33111E-01 -2.65361E+00 -2.65217E+00 -1.43631E-03  0.00000E+00  0.00000E+00  4.62552E-01
   499  9.54406E-01 -2.58955E+00 -2.58819E+00 -1.36015E-03  0.00000E+00  0.00000E+00  4.28194E-01
   500  9.76153E-01 -2.52655E+00 -2.52526E+00 -1.28728E-03  0.00000E+00  0.00000E+00  3.96171E-01
   501  9.98362E-01 -2.46458E+00 -2.46336E+00 -1.21763E-03  0.00000E+00  0.00000E+00  3.66353E-01
   502  1.02104E+00 -2.40365E+00 -2.40250E+00 -1.15115E-03  0.00000E+00  0.00000E+00  3.38616E-01
   503  1.04420E+00 -2.34374E+00 -2.34265E+00 -1.08776E-03  0.00000E+00  0.00000E+00  3.12838E-01
   504  1.06784E+00 -2.28485E+00 -2.28382E+00 -1.02740E-03  0.00000E+00  0.00000E+00  2.88903E-01
   505  1.09198E+00 -2.22696E+00 -2.22599E+00 -9.69984E-04  0.00000E+00  0.00000E+00  2.66701E-01
   506  1.11662E+00 -2.17007E+00 -2.16916E+00 -9.15441E-04  0.00000E+00  0.00000E+00  2.46124E-01
   507  1.14178E+00 -2.11417E+00 -2.11331E+00 -8.63684E-04  0.00000E+00  0.00000E+00  2.27071E-01
   508  1.16746E+00 -2.05923E+00 -2.05842E+00 -8.14628E-04  0.00000E+00  0.00000E+00  2.09444E-01
   509  1.19366E+00 -2.00526E+00 -2.00449E+00 -7.68185E-04  0.00000E+00  0.00000E+00  1.93149E-01
   510  1.22041E+00 -1.95222E+00 -1.95150E+00 -7.24262E-04  0.00000E+00  0.00000E+00  1.78100E-01
   511  1.24771E+00 -1.90012E+00 -1.89944E+00 -6.82768E-04  0.00000E+00  0.00000E+00  1.64210E-01
   512  1.27556E+00 -1.84893E+00 -1.84829E+00 -6.43609E-04  0.00000E+00  0.00000E+00  1.51400E-01
   513  1.30398E+00 -1.79865E+00 -1.79804E+00 -6.06689E-04  0.00000E+00  0.00000E+00  1.39594E-01
   514  1.33298E+00 -1.74925E+00 -1.74868E+00 -5.71913E-04  0.00000E+00  0.00000E+00  1.28721E-01
   515  1.36256E+00 -1.70072E+00 -1.70018E+00 -5.39186E-04  0.00000E+00  0.00000E+00  1.18712E-01
   516  1.39273E+00 -1.65306E+00 -1.65255E+00 -5.08413E-04  0.00000E+00  0.00000E+00  1.09504E-01
   517  1.42352E+00 -1.60624E+00 -1.60576E+00 -4.79499E-04  0.00000E+00  0.00000E+00  1.01037E-01
   518  1.45491E+00 -1.56025E+00 -1.55980E+00 -4.52350E-04  0.00000E+00  0.00000E+00  9.32540E-02
   519  1.48693E+00 -1.51508E+00 -1.51466E+00 -4.26873E-04  0.00000E+00  0.00000E+00  8.61021E-02
   520  1.51958E+00 -1.47072E+00 -1.47032E+00 -4.02980E-04  0.00000E+00  0.00000E+00  7.95318E-02
   521  1.55288E+00 -1.42716E+00 -1.42678E+00 -3.80580E-04  0.00000E+00  0.00000E+00  7.34967E-02
   522  1.58683E+00 -1.38438E+00 -1.38402E+00 -3.59587E-04  0.00000E+00  0.00000E+00  6.79537E-02
   523  1.62144E+00 -1.34237E+00 -1.34203E+00 -3.39919E-04  0.00000E+00  0.00000E+00  6.28626E-02
   524  1.65672E+00 -1.30114E+00 -1.30081E+00 -3.21492E-04  0.00000E+00  0.00000E+00  5.81860E-02
   525  1.69268E+00 -1.26065E+00 -1.26035E+00 -3.04229E-04  0.00000E+00  0.00000E+00  5.38894E-02
   526  1.72934E+00 -1.22092E+00 -1.22063E+00 -2.88055E-04  0.00000E+00  0.00000E+00  4.99408E-02
   527  1.76670E+00 -1.18192E+00 -1.18165E+00 -2.72896E-04  0.00000E+00  0.00000E+00  4.63105E-02
   528  1.80477E+00 -1.14366E+00 -1.14341E+00 -2.58686E-04  0.00000E+00  0.00000E+00  4.29713E-02
   529  1.84356E+00 -1.10613E+00 -1.10589E+00 -2.45356E-04  0.00000E+00  0.00000E+00  3.98981E-02
   530  1.88309E+00 -1.06933E+00 -1.06909E+00 -2.32847E-04  0.00000E+00  0.00000E+00  3.70679E-02
   531  1.92335E+00 -1.03324E+00 -1.03302E+00 -2.21098E-04  0.00000E+00  0.00000E+00  3.44595E-02
   532  1.96437E+00 -9.97869E-01 -9.97659E-01 -2.10054E-04  0.00000E+00  0.00000E+00  3.20537E-02
   533  2.00614E+00 -9.63211E-01 -9.63011E-01 -1.99663E-04  0.00000E+00  0.00000E+00  2.98327E-02
   534  2.04869E+00 -9.29262E-01 -9.29072E-01 -1.89877E-04  0.00000E+00  0.00000E+00  2.77805E-02
   535  2.09202E+00 -8.96022E-01 -8.95842E-01 -1.80650E-04  0.00000E+00  0.00000E+00  2.58824E-02
   536  2.13615E+00 -8.63489E-01 -8.63317E-01 -1.71940E-04  0.00000E+00  0.00000E+00  2.41250E-02
   537  2.18107E+00 -8.31661E-01 -8.31497E-01 -1.63707E-04  0.00000E+00  0.00000E+00  2.24963E-02
   538  2.22680E+00 -8.00537E-01 -8.00381E-01 -1.55917E-04  0.00000E+00  0.00000E+00  2.09851E-02
   539  2.27336E+00 -7.70117E-01 -7.69968E-01 -1.48534E-04  0.00000E+00  0.00000E+00  1.95817E-02
   540  2.32074E+00 -7.40399E-01 -7.40258E-01 -1.41529E-04  0.00000E+00  0.00000E+00  1.82769E-02
   541  2.36896E+00 -7.11384E-01 -7.11250E-01 -1.34874E-04  0.00000E+00  0.00000E+00  1.70626E-02
   542  2.41804E+00 -6.83071E-01 -6.82943E-01 -1.28544E-04  0.00000E+00  0.00000E+00  1.59314E-02
   543  2.46797E+00 -6.55460E-01 -6.55337E-01 -1.22514E-04  0.00000E+00  0.00000E+00  1.48766E-02
   544  2.51877E+00 -6.28548E-01 -6.28432E-01 -1.16765E-04  0.00000E+00  0.00000E+00  1.38923E-02
   545  2.57045E+00 -6.02337E-01 -6.02225E-01 -1.11277E-04  0.00000E+00  0.00000E+00  1.29729E-02
   546  2.62302E+00 -5.76823E-01 -5.76717E-01 -1.06033E-04  0.00000E+00  0.00000E+00  1.21136E-02
   547  2.67648E+00 -5.52007E-01 -5.51906E-01 -1.01017E-04  0.00000E+00  0.00000E+00  1.13099E-02
   548  2.73086E+00 -5.27885E-01 -5.27789E-01 -9.62154E-05  0.00000E+00  0.00000E+00  1.05577E-02
   549  2.78614E+00 -5.04455E-01 -5.04364E-01 -9.16161E-05  0.00000E+00  0.00000E+00  9.85343E-03
   550  2.84235E+00 -4.81715E-01 -4.81628E-01 -8.72075E-05  0.00000E+00  0.00000E+00  9.19368E-03
   551  2.89950E+00 -4.59662E-01 -4.59579E-01 -8.29797E-05  0.00000E+00  0.00000E+00  8.57547E-03
   552  2.95758E+00 -4.38290E-01 -4.38211E-01 -7.89236E-05  0.00000E+00  0.00000E+00  7.99601E-03
   553  3.01662E+00 -4.17597E-01 -4.17522E-01 -7.50310E-05  0.00000E+00  0.00000E+00  7.45280E-03
   554  3.07661E+00 -3.97576E-01 -3.97504E-01 -7.12948E-05  0.00000E+00  0.00000E+00  6.94352E-03
   555  3.13758E+00 -3.78222E-01 -3.78154E-01 -6.77084E-05  0.00000E+00  0.00000E+00  6.46604E-03
   556  3.19952E+00 -3.59529E-01 -3.59464E-01 -6.42657E-05  0.00000E+00  0.00000E+00  6.01841E-03
   557  3.26244E+00 -3.41489E-01 -3.41428E-01 -6.09615E-05  0.00000E+00  0.00000E+00  5.59881E-03
   558  3.32636E+00 -3.24095E-01 -3.24038E-01 -5.77907E-05  0.00000E+00  0.00000E+00  5.20558E-03
   559  3.39128E+00 -3.07340E-01 -3.07285E-01 -5.47489E-05  0.00000E+00  0.00000E+00  4.83714E-03
   560  3.45721E+00 -2.91213E-01 -2.91161E-01 -5.18318E-05  0.00000E+00  0.00000E+00  4.49206E-03
   561  3.52415E+00 -2.75706E-01 -2.75657E-01 -4.90356E-05  0.00000E+00  0.00000E+00  4.16897E-03
   562  3.59211E+00 -2.60808E-01 -2.60762E-01 -4.63566E-05  0.00000E+00  0.00000E+00  3.86661E-03
   563  3.66111E+00 -2.46509E-01 -2.46465E-01 -4.37912E-05  0.00000E+00  0.00000E+00  3.58378E-03
   564  3.73114E+00 -2.32798E-01 -2.32757E-01 -4.13363E-05  0.00000E+00  0.00000E+00  3.31935E-03
   565  3.80222E+00 -2.19663E-01 -2.19624E-01 -3.89885E-05  0.00000E+00  0.00000E+00  3.07228E-03
   566  3.87436E+00 -2.07092E-01 -2.07055E-01 -3.67448E-05  0.00000E+00  0.00000E+00  2.84156E-03
   567  3.94754E+00 -1.95073E-01 -1.95038E-01 -3.46022E-05  0.00000E+00  0.00000E+00  2.62624E-03
   568  4.02180E+00 -1.83591E-01 -1.83559E-01 -3.25578E-05  0.00000E+00  0.00000E+00  2.42544E-03
   569  4.09712E+00 -1.72635E-01 -1.72605E-01 -3.06086E-05  0.00000E+00  0.00000E+00  2.23830E-03
   570  4.17353E+00 -1.62191E-01 -1.62162E-01 -2.87518E-05  0.00000E+00  0.00000E+00  2.06402E-03
   571  4.25101E+00 -1.52244E-01 -1.52217E-01 -2.69845E-05  0.00000E+00  0.00000E+00  1.90184E-03
   572  4.32959E+00 -1.42780E-01 -1.42754E-01 -2.53040E-05  0.00000E+00  0.00000E+00  1.75103E-03
   573  4.40926E+00 -1.33785E-01 -1.33761E-01 -2.37075E-05  0.00000E+00  0.00000E+00  1.61090E-03
   574  4.49003E+00 -1.25244E-01 -1.25222E-01 -2.21922E-05  0.00000E+00  0.00000E+00  1.48081E-03
   575  4.57190E+00 -1.17143E-01 -1.17122E-01 -2.07553E-05  0.00000E+00  0.00000E+00  1.36013E-03
   576  4.65488E+00 -1.09466E-01 -1.09447E-01 -1.93941E-05  0.00000E+00  0.00000E+00  1.24827E-03
   577  4.73898E+00 -1.02200E-01 -1.02182E-01 -1.81059E-05  0.00000E+00  0.00000E+00  1.14467E-03
   578  4.82420E+00 -9.53292E-02 -9.53123E-02 -1.68880E-05  0.00000E+00  0.00000E+00  1.04881E-03
   579  4.91054E+00 -8.88386E-02 -8.88229E-02 -1.57376E-05  0.00000E+00  0.00000E+00  9.60184E-04
   580  4.99801E+00 -8.27138E-02 -8.26991E-02 -1.46523E-05  0.00000E+00  0.00000E+00  8.78317E-04
   581  5.08660E+00 -7.69402E-02 -7.69265E-02 -1.36292E-05  0.00000E+00  0.00000E+00  8.02760E-04
   582  5.17634E+00 -7.15033E-02 -7.14906E-02 -1.26659E-05  0.00000E+00  0.00000E+00  7.33088E-04
   583  5.26721E+00 -6.63889E-02 -6.63771E-02 -1.17598E-05  0.00000E+00  0.00000E+00  6.68900E-04
   584  5.35922E+00 -6.15828E-02 -6.15719E-02 -1.09084E-05  0.00000E+00  0.00000E+00  6.09817E-04
   585  5.45238E+00 -5.70714E-02 -5.70613E-02 -1.01092E-05  0.00000E+00  0.00000E+00  5.55482E-04
   586  5.54668E+00 -5.28409E-02 -5.28315E-02 -9.35975E-06  0.00000E+00  0.00000E+00  5.05558E-04
   587  5.64214E+00 -4.88781E-02 -4.88694E-02 -8.65777E-06  0.00000E+00  0.00000E+00  4.59729E-04
   588  5.73874E+00 -4.51700E-02 -4.51620E-02 -8.00092E-06  0.00000E+00  0.00000E+00  4.17698E-04
   589  5.83650E+00 -4.17038E-02 -4.16964E-02 -7.38694E-06  0.00000E+00  0.00000E+00  3.79184E-04
   590  5.93542E+00 -3.84673E-02 -3.84605E-02 -6.81364E-06  0.00000E+00  0.00000E+00  3.43927E-04
   591  6.03549E+00 -3.54484E-02 -3.54422E-02 -6.27890E-06  0.00000E+00  0.00000E+00  3.11680E-04
   592  6.13673E+00 -3.26356E-02 -3.26298E-02 -5.78066E-06  0.00000E+00  0.00000E+00  2.82214E-04
   593  6.23912E+00 -3.00174E-02 -3.00121E-02 -5.31691E-06  0.00000E+00  0.00000E+00  2.55313E-04
   594  6.34268E+00 -2.75832E-02 -2.75783E-02 -4.88573E-06  0.00000E+00  0.00000E+00  2.30778E-04
   595  6.44740E+00 -2.53222E-02 -2.53177E-02 -4.48525E-06  0.00000E+00  0.00000E+00  2.08420E-04
   596  6.55328E+00 -2.32245E-02 -2.32204E-02 -4.11370E-06  0.00000E+00  0.00000E+00  1.88066E-04
   597  6.66033E+00 -2.12804E-02 -2.12766E-02 -3.76934E-06  0.00000E+00  0.00000E+00  1.69553E-04
   598  6.76854E+00 -1.94805E-02 -1.94770E-02 -3.45052E-06  0.00000E+00  0.00000E+00  1.52731E-04
   599  6.87791E+00 -1.78158E-02 -1.78127E-02 -3.15567E-06  0.00000E+00  0.00000E+00  1.37458E-04
   600  6.98845E+00 -1.62780E-02 -1.62751E-02 -2.88327E-06  0.00000E+00  0.00000E+00  1.23606E-04
   601  7.10015E+00 -1.48587E-02 -1.48561E-02 -2.63188E-06  0.00000E+00  0.00000E+00  1.11054E-04
   602  7.21302E+00 -1.35504E-02 -1.35480E-02 -2.40013E-06  0.00000E+00  0.00000E+00  9.96907E-05
   603  7.32705E+00 -1.23455E-02 -1.23433E-02 -2.18671E-06  0.00000E+00  0.00000E+00  8.94127E-05
   604  7.44224E+00 -1.12370E-02 -1.12350E-02 -1.99038E-06  0.00000E+00  0.00000E+00  8.01253E-05
   605  7.55859E+00 -1.02184E-02 -1.02166E-02 -1.80996E-06  0.00000E+00  0.00000E+00  7.17407E-05
   606  7.67609E+00 -9.28340E-03 -9.28176E-03 -1.64434E-06  0.00000E+00  0.00000E+00  6.41782E-05
   607  7.79476E+00 -8.42594E-03 -8.42445E-03 -1.49246E-06  0.00000E+00  0.00000E+00  5.73637E-05
   608  7.91458E+00 -7.64047E-03 -7.63912E-03 -1.35334E-06  0.00000E+00  0.00000E+00  5.12287E-05
   609  8.03556E+00 -6.92170E-03 -6.92047E-03 -1.22602E-06  0.00000E+00  0.00000E+00  4.57107E-05
   610  8.15768E+00 -6.26464E-03 -6.26353E-03 -1.10964E-06  0.00000E+00  0.00000E+00  4.07521E-05
   611  8.28096E+00 -5.66464E-03 -5.66364E-03 -1.00336E-06  0.00000E+00  0.00000E+00  3.63005E-05
   612  8.40538E+00 -5.11730E-03 -5.11640E-03 -9.06414E-07  0.00000E+00  0.00000E+00  3.23076E-05
   613  8.53095E+00 -4.61853E-03 -4.61772E-03 -8.18068E-07  0.00000E+00  0.00000E+00  2.87295E-05
   614  8.65767E+00 -4.16449E-03 -4.16375E-03 -7.37645E-07  0.00000E+00  0.00000E+00  2.55260E-05
   615  8.78552E+00 -3.75159E-03 -3.75093E-03 -6.64509E-07  0.00000E+00  0.00000E+00  2.26605E-05
   616  8.91450E+00 -3.37649E-03 -3.37590E-03 -5.98069E-07  0.00000E+00  0.00000E+00  2.00997E-05
   617  9.04462E+00 -3.03609E-03 -3.03555E-03 -5.37774E-07  0.00000E+00  0.00000E+00  1.78133E-05
   618  9.17588E+00 -2.72749E-03 -2.72700E-03 -4.83112E-07  0.00000E+00  0.00000E+00  1.57738E-05
   619  9.30825E+00 -2.44800E-03 -2.44756E-03 -4.33607E-07  0.00000E+00  0.00000E+00  1.39561E-05
   620  9.44175E+00 -2.19513E-03 -2.19474E-03 -3.88818E-07  0.00000E+00  0.00000E+00  1.23375E-05
   621  9.57637E+00 -1.96659E-03 -1.96624E-03 -3.48336E-07  0.00000E+00  0.00000E+00  1.08977E-05
   622  9.71211E+00 -1.76023E-03 -1.75992E-03 -3.11786E-07  0.00000E+00  0.00000E+00  9.61785E-06
   623  9.84896E+00 -1.57410E-03 -1.57383E-03 -2.78817E-07  0.00000E+00  0.00000E+00  8.48134E-06
   624  9.98691E+00 -1.40638E-03 -1.40613E-03 -2.49109E-07  0.00000E+00  0.00000E+00  7.47297E-06
   625  1.01260E+01 -1.25540E-03 -1.25518E-03 -2.22366E-07  0.00000E+00  0.00000E+00  6.57910E-06
   626  1.02661E+01 -1.11962E-03 -1.11942E-03 -1.98316E-07  0.00000E+00  0.00000E+00  5.78743E-06
   627  1.04074E+01 -9.97635E-04 -9.97459E-04 -1.76708E-07  0.00000E+00  0.00000E+00  5.08688E-06
   628  1.05497E+01 -8.88149E-04 -8.87991E-04 -1.57315E-07  0.00000E+00  0.00000E+00  4.46751E-06
   629  1.06931E+01 -7.89977E-04 -7.89837E-04 -1.39927E-07  0.00000E+00  0.00000E+00  3.92040E-06
   630  1.08377E+01 -7.02037E-04 -7.01913E-04 -1.24350E-07  0.00000E+00  0.00000E+00  3.43752E-06
   631  1.09832E+01 -6.23338E-04 -6.23228E-04 -1.10410E-07  0.00000E+00  0.00000E+00  3.01172E-06
   632  1.11299E+01 -5.52978E-04 -5.52880E-04 -9.79475E-08  0.00000E+00  0.00000E+00  2.63656E-06
   633  1.12776E+01 -4.90133E-04 -4.90046E-04 -8.68159E-08  0.00000E+00  0.00000E+00  2.30631E-06
   634  1.14264E+01 -4.34053E-04 -4.33976E-04 -7.68827E-08  0.00000E+00  0.00000E+00  2.01583E-06
   635  1.15762E+01 -3.84059E-04 -3.83991E-04 -6.80273E-08  0.00000E+00  0.00000E+00  1.76056E-06
   636  1.17271E+01 -3.39531E-04 -3.39471E-04 -6.01403E-08  0.00000E+00  0.00000E+00  1.53642E-06
   637  1.18791E+01 -2.99910E-04 -2.99857E-04 -5.31223E-08  0.00000E+00  0.00000E+00  1.33977E-06
   638  1.20320E+01 -2.64688E-04 -2.64641E-04 -4.68834E-08  0.00000E+00  0.00000E+00  1.16739E-06
   639  1.21861E+01 -2.33405E-04 -2.33363E-04 -4.13423E-08  0.00000E+00  0.00000E+00  1.01641E-06
   640  1.23411E+01 -2.05646E-04 -2.05609E-04 -3.64255E-08  0.00000E+00  0.00000E+00  8.84275E-07
   641  1.24972E+01 -1.81037E-04 -1.81005E-04 -3.20666E-08  0.00000E+00  0.00000E+00  7.68736E-07
   642  1.26542E+01 -1.59241E-04 -1.59212E-04 -2.82059E-08  0.00000E+00  0.00000E+00  6.67789E-07
   643  1.28123E+01 -1.39953E-04 -1.39928E-04 -2.47895E-08  0.00000E+00  0.00000E+00  5.79661E-07
   644  1.29714E+01 -1.22900E-04 -1.22878E-04 -2.17690E-08  0.00000E+00  0.00000E+00  5.02788E-07
   645  1.31315E+01 -1.07837E-04 -1.07818E-04 -1.91009E-08  0.00000E+00  0.00000E+00  4.35786E-07
   646  1.32926E+01 -9.45432E-05 -9.45264E-05 -1.67462E-08  0.00000E+00  0.00000E+00  3.77434E-07
   647  1.34547E+01 -8.28213E-05 -8.28067E-05 -1.46699E-08  0.00000E+00  0.00000E+00  3.26655E-07
   648  1.36178E+01 -7.24945E-05 -7.24817E-05 -1.28408E-08  0.00000E+00  0.00000E+00  2.82501E-07
   649  1.37818E+01 -6.34048E-05 -6.33935E-05 -1.12307E-08  0.00000E+00  0.00000E+00  2.44139E-07
   650  1.39468E+01 -5.54108E-05 -5.54009E-05 -9.81476E-09  0.00000E+00  0.00000E+00  2.10833E-07
   651  1.41128E+01 -4.83865E-05 -4.83779E-05 -8.57056E-09  0.00000E+00  0.00000E+00  1.81941E-07
   652  1.42798E+01 -4.22195E-05 -4.22121E-05 -7.47823E-09  0.00000E+00  0.00000E+00  1.56897E-07
   653  1.44476E+01 -3.68099E-05 -3.68034E-05 -6.52004E-09  0.00000E+00  0.00000E+00  1.35204E-07
   654  1.46165E+01 -3.20686E-05 -3.20630E-05 -5.68023E-09  0.00000E+00  0.00000E+00  1.16428E-07
   655  1.47863E+01 -2.79166E-05 -2.79117E-05 -4.94479E-09  0.00000E+00  0.00000E+00  1.00190E-07
   656  1.49570E+01 -2.42836E-05 -2.42793E-05 -4.30129E-09  0.00000E+00  0.00000E+00  8.61568E-08
   657  1.51286E+01 -2.11074E-05 -2.11036E-05 -3.73869E-09  0.00000E+00  0.00000E+00  7.40381E-08
   658  1.53012E+01 -1.83327E-05 -1.83295E-05 -3.24723E-09  0.00000E+00  0.00000E+00  6.35804E-08
   659  1.54747E+01 -1.59110E-05 -1.59081E-05 -2.81827E-09  0.00000E+00  0.00000E+00  5.45627E-08
   660  1.56491E+01 -1.37988E-05 -1.37964E-05 -2.44415E-09  0.00000E+00  0.00000E+00  4.67923E-08
   661  1.58244E+01 -1.19582E-05 -1.19561E-05 -2.11813E-09  0.00000E+00  0.00000E+00  4.01016E-08
   662  1.60006E+01 -1.03556E-05 -1.03537E-05 -1.83426E-09  0.00000E+00  0.00000E+00  3.43447E-08
   663  1.61776E+01 -8.96117E-06 -8.95958E-06 -1.58727E-09  0.00000E+00  0.00000E+00  2.93948E-08
   664  1.63556E+01 -7.74892E-06 -7.74755E-06 -1.37255E-09  0.00000E+00  0.00000E+00  2.51417E-08
   665  1.65345E+01 -6.69585E-06 -6.69467E-06 -1.18602E-09  0.00000E+00  0.00000E+00  2.14900E-08
   666  1.67142E+01 -5.78177E-06 -5.78075E-06 -1.02411E-09  0.00000E+00  0.00000E+00  1.83568E-08
   667  1.68948E+01 -4.98894E-06 -4.98806E-06 -8.83678E-10  0.00000E+00  0.00000E+00  1.56703E-08
   668  1.70762E+01 -4.30180E-06 -4.30104E-06 -7.61967E-10  0.00000E+00  0.00000E+00  1.33684E-08
   669  1.72586E+01 -3.70672E-06 -3.70606E-06 -6.56561E-10  0.00000E+00  0.00000E+00  1.13974E-08
   670  1.74417E+01 -3.19174E-06 -3.19118E-06 -5.65345E-10  0.00000E+00  0.00000E+00  9.71090E-09
   671  1.76257E+01 -2.74642E-06 -2.74593E-06 -4.86466E-10  0.00000E+00  0.00000E+00  8.26878E-09
   672  1.78105E+01 -2.36162E-06 -2.36120E-06 -4.18307E-10  0.00000E+00  0.00000E+00  7.03645E-09
   673  1.79962E+01 -2.02936E-06 -2.02900E-06 -3.59454E-10  0.00000E+00  0.00000E+00  5.98409E-09
   674  1.81827E+01 -1.74267E-06 -1.74236E-06 -3.08674E-10  0.00000E+00  0.00000E+00  5.08601E-09
   675  1.83700E+01 -1.49548E-06 -1.49521E-06 -2.64890E-10  0.00000E+00  0.00000E+00  4.32009E-09
   676  1.85581E+01 -1.28250E-06 -1.28228E-06 -2.27166E-10  0.00000E+00  0.00000E+00  3.66729E-09
   677  1.87470E+01 -1.09913E-06 -1.09894E-06 -1.94687E-10  0.00000E+00  0.00000E+00  3.11128E-09
   678  1.89368E+01 -9.41369E-07 -9.41202E-07 -1.66742E-10  0.00000E+00  0.00000E+00  2.63800E-09
   679  1.91273E+01 -8.05725E-07 -8.05582E-07 -1.42716E-10  0.00000E+00  0.00000E+00  2.23540E-09
   680  1.93186E+01 -6.89183E-07 -6.89061E-07 -1.22073E-10  0.00000E+00  0.00000E+00  1.89313E-09
   681  1.95107E+01 -5.89122E-07 -5.89018E-07 -1.04350E-10  0.00000E+00  0.00000E+00  1.60234E-09
   682  1.97035E+01 -5.03269E-07 -5.03180E-07 -8.91428E-11  0.00000E+00  0.00000E+00  1.35543E-09
   683  1.98972E+01 -4.29658E-07 -4.29582E-07 -7.61042E-11  0.00000E+00  0.00000E+00  1.14592E-09
   684  2.00916E+01 -3.66584E-07 -3.66519E-07 -6.49321E-11  0.00000E+00  0.00000E+00  9.68236E-10
   685  2.02867E+01 -3.12577E-07 -3.12521E-07 -5.53659E-11  0.00000E+00  0.00000E+00  8.17646E-10
   686  2.04826E+01 -2.66362E-07 -2.66315E-07 -4.71800E-11  0.00000E+00  0.00000E+00  6.90092E-10
   687  2.06793E+01 -2.26842E-07 -2.26801E-07 -4.01798E-11  0.00000E+00  0.00000E+00  5.82114E-10
   688  2.08767E+01 -1.93068E-07 -1.93034E-07 -3.41976E-11  0.00000E+00  0.00000E+00  4.90761E-10
   689  2.10748E+01 -1.64224E-07 -1.64195E-07 -2.90886E-11  0.00000E+00  0.00000E+00  4.13519E-10
   690  2.12737E+01 -1.39607E-07 -1.39582E-07 -2.47282E-11  0.00000E+00  0.00000E+00  3.48245E-10
   691  2.14732E+01 -1.18609E-07 -1.18588E-07 -2.10089E-11  0.00000E+00  0.00000E+00  2.93118E-10
   692  2.16735E+01 -1.00711E-07 -1.00693E-07 -1.78386E-11  0.00000E+00  0.00000E+00  2.46585E-10
   693  2.18746E+01 -8.54634E-08 -8.54483E-08 -1.51379E-11  0.00000E+00  0.00000E+00  2.07330E-10
   694  2.20763E+01 -7.24827E-08 -7.24699E-08 -1.28387E-11  0.00000E+00  0.00000E+00  1.74233E-10
   695  2.22787E+01 -6.14384E-08 -6.14275E-08 -1.08824E-11  0.00000E+00  0.00000E+00  1.46343E-10
   696  2.24818E+01 -5.20473E-08 -5.20381E-08 -9.21900E-12  0.00000E+00  0.00000E+00  1.22854E-10
   697  2.26856E+01 -4.40668E-08 -4.40590E-08 -7.80545E-12  0.00000E+00  0.00000E+00  1.03082E-10
   698  2.28901E+01 -3.72892E-08 -3.72826E-08 -6.60493E-12  0.00000E+00  0.00000E+00  8.64482E-11
   699  2.30953E+01 -3.15364E-08 -3.15308E-08 -5.58597E-12  0.00000E+00  0.00000E+00  7.24620E-11
   700  2.33011E+01 -2.66565E-08 -2.66518E-08 -4.72160E-12  0.00000E+00  0.00000E+00  6.07083E-11
   701  2.35076E+01 -2.25194E-08 -2.25154E-08 -3.98881E-12  0.00000E+00  0.00000E+00  5.08358E-11
   702  2.37148E+01 -1.90141E-08 -1.90107E-08 -3.36792E-12  0.00000E+00  0.00000E+00  4.25478E-11
   703  2.39226E+01 -1.60458E-08 -1.60429E-08 -2.84215E-12  0.00000E+00  0.00000E+00  3.55937E-11
   704  2.41311E+01 -1.35336E-08 -1.35312E-08 -2.39718E-12  0.00000E+00  0.00000E+00  2.97617E-11
   705  2.43403E+01 -1.14087E-08 -1.14067E-08 -2.02080E-12  0.00000E+00  0.00000E+00  2.48733E-11
   706  2.45500E+01 -9.61245E-09 -9.61074E-09 -1.70263E-12  0.00000E+00  0.00000E+00  2.07780E-11
   707  2.47605E+01 -8.09476E-09 -8.09332E-09 -1.43380E-12  0.00000E+00  0.00000E+00  1.73487E-11
   708  2.49715E+01 -6.81317E-09 -6.81196E-09 -1.20680E-12  0.00000E+00  0.00000E+00  1.44786E-11
   709  2.51832E+01 -5.73155E-09 -5.73054E-09 -1.01522E-12  0.00000E+00  0.00000E+00  1.20777E-11
   710  2.53955E+01 -4.81920E-09 -4.81835E-09 -8.53614E-13  0.00000E+00  0.00000E+00  1.00703E-11
   711  2.56084E+01 -4.05003E-09 -4.04932E-09 -7.17374E-13  0.00000E+00  0.00000E+00  8.39264E-12
   712  2.58219E+01 -3.40193E-09 -3.40132E-09 -6.02576E-13  0.00000E+00  0.00000E+00  6.99132E-12
   713  2.60360E+01 -2.85612E-09 -2.85561E-09 -5.05898E-13  0.00000E+00  0.00000E+00  5.82135E-12
   714  2.62508E+01 -2.39670E-09 -2.39627E-09 -4.24523E-13  0.00000E+00  0.00000E+00  4.84500E-12
   715  2.64661E+01 -2.01020E-09 -2.00984E-09 -3.56063E-13  0.00000E+00  0.00000E+00  4.03062E-12
   716  2.66820E+01 -1.68521E-09 -1.68491E-09 -2.98498E-13  0.00000E+00  0.00000E+00  3.35164E-12
   717  2.68986E+01 -1.41208E-09 -1.41183E-09 -2.50120E-13  0.00000E+00  0.00000E+00  2.78583E-12
   718  2.71156E+01 -1.18266E-09 -1.18245E-09 -2.09483E-13  0.00000E+00  0.00000E+00  2.31453E-12
   719  2.73333E+01 -9.90040E-10 -9.89864E-10 -1.75365E-13  0.00000E+00  0.00000E+00  1.92214E-12
   720  2.75516E+01 -8.28405E-10 -8.28258E-10 -1.46735E-13  0.00000E+00  0.00000E+00  1.59559E-12
   721  2.77704E+01 -6.92836E-10 -6.92713E-10 -1.22722E-13  0.00000E+00  0.00000E+00  1.32396E-12
   722  2.79898E+01 -5.79186E-10 -5.79083E-10 -1.02591E-13  0.00000E+00  0.00000E+00  1.09811E-12
   723  2.82097E+01 -4.83956E-10 -4.83871E-10 -8.57237E-14  0.00000E+00  0.00000E+00  9.10411E-13
   724  2.84302E+01 -4.04200E-10 -4.04128E-10 -7.15968E-14  0.00000E+00  0.00000E+00  7.54482E-13
   725  2.86513E+01 -3.37436E-10 -3.37376E-10 -5.97710E-14  0.00000E+00  0.00000E+00  6.25003E-13
   726  2.88729E+01 -2.81574E-10 -2.81524E-10 -4.98763E-14  0.00000E+00  0.00000E+00  5.17534E-13
   727  2.90950E+01 -2.34855E-10 -2.34813E-10 -4.16011E-14  0.00000E+00  0.00000E+00  4.28372E-13
   728  2.93177E+01 -1.95802E-10 -1.95767E-10 -3.46836E-14  0.00000E+00  0.00000E+00  3.54429E-13
   729  2.95409E+01 -1.63170E-10 -1.63141E-10 -2.89038E-14  0.00000E+00  0.00000E+00  2.93134E-13
   730  2.97647E+01 -1.35917E-10 -1.35893E-10 -2.40767E-14  0.00000E+00  0.00000E+00  2.42344E-13
   731  2.99889E+01 -1.13169E-10 -1.13149E-10 -2.00472E-14  0.00000E+00  0.00000E+00  2.00275E-13
   732  3.02137E+01 -9.41867E-11 -9.41700E-11 -1.66849E-14  0.00000E+00  0.00000E+00  1.65446E-13
   733  3.04390E+01 -7.83565E-11 -7.83427E-11 -1.38807E-14  0.00000E+00  0.00000E+00  1.36621E-13
   734  3.06648E+01 -6.51577E-11 -6.51461E-11 -1.15430E-14  0.00000E+00  0.00000E+00  1.12775E-13
   735  3.08912E+01 -5.41601E-11 -5.41505E-11 -9.59495E-15  0.00000E+00  0.00000E+00  9.30559E-14
   736  3.11180E+01 -4.49995E-11 -4.49916E-11 -7.97240E-15  0.00000E+00  0.00000E+00  7.67561E-14
   737  3.13453E+01 -3.73741E-11 -3.73674E-11 -6.62152E-15  0.00000E+00  0.00000E+00  6.32878E-14
   738  3.15732E+01 -3.10260E-11 -3.10205E-11 -5.49730E-15  0.00000E+00  0.00000E+00  5.21635E-14
   739  3.18015E+01 -2.57475E-11 -2.57430E-11 -4.56213E-15  0.00000E+00  0.00000E+00  4.29789E-14
   740  3.20303E+01 -2.13556E-11 -2.13518E-11 -3.78452E-15  0.00000E+00  0.00000E+00  3.53985E-14
   741  3.22596E+01 -1.77081E-11 -1.77049E-11 -3.13822E-15  0.00000E+00  0.00000E+00  2.91447E-14
   742  3.24894E+01 -1.46771E-11 -1.46745E-11 -2.60126E-15  0.00000E+00  0.00000E+00  2.39871E-14
   743  3.27196E+01 -1.21578E-11 -1.21556E-11 -2.15534E-15  0.00000E+00  0.00000E+00  1.97353E-14
   744  3.29504E+01 -1.00684E-11 -1.00666E-11 -1.78517E-15  0.00000E+00  0.00000E+00  1.62314E-14
   745  3.31816E+01 -8.33437E-12 -8.33289E-12 -1.47801E-15  0.00000E+00  0.00000E+00  1.33449E-14
   746  3.34132E+01 -6.89704E-12 -6.89582E-12 -1.22323E-15  0.00000E+00  0.00000E+00  1.09679E-14
   747  3.36454E+01 -5.70489E-12 -5.70388E-12 -1.01199E-15  0.00000E+00  0.00000E+00  9.01127E-15
   748  3.38780E+01 -4.71529E-12 -4.71445E-12 -8.36914E-16  0.00000E+00  0.00000E+00  7.40114E-15
   749  3.41110E+01 -3.89624E-12 -3.89555E-12 -6.91869E-16  0.00000E+00  0.00000E+00  6.07666E-15
   750  3.43445E+01 -3.21755E-12 -3.21698E-12 -5.71751E-16  0.00000E+00  0.00000E+00  4.98752E-15
   751  3.45785E+01 -2.65613E-12 -2.65565E-12 -4.72314E-16  0.00000E+00  0.00000E+00  4.09224E-15
   752  3.48128E+01 -2.19241E-12 -2.19202E-12 -3.90029E-16  0.00000E+00  0.00000E+00  3.35655E-15
   753  3.50477E+01 -1.80865E-12 -1.80833E-12 -3.21964E-16  0.00000E+00  0.00000E+00  2.75222E-15
   754  3.52829E+01 -1.49063E-12 -1.49036E-12 -2.65681E-16  0.00000E+00  0.00000E+00  2.25596E-15
   755  3.55186E+01 -1.22946E-12 -1.22924E-12 -2.19160E-16  0.00000E+00  0.00000E+00  1.84859E-15
   756  3.57548E+01 -1.01093E-12 -1.01075E-12 -1.80721E-16  0.00000E+00  0.00000E+00  1.51429E-15
   757  3.59913E+01 -8.33260E-13 -8.33111E-13 -1.48972E-16  0.00000E+00  0.00000E+00  1.24006E-15
   758  3.62283E+01 -6.85796E-13 -6.85674E-13 -1.22758E-16  0.00000E+00  0.00000E+00  1.01516E-15
   759  3.64657E+01 -5.61430E-13 -5.61329E-13 -1.01122E-16  0.00000E+00  0.00000E+00  8.30798E-16
   760  3.67036E+01 -4.60160E-13 -4.60076E-13 -8.32708E-17  0.00000E+00  0.00000E+00  6.79704E-16
   761  3.69418E+01 -3.76656E-13 -3.76588E-13 -6.85478E-17  0.00000E+00  0.00000E+00  5.55918E-16
   762  3.71805E+01 -3.09142E-13 -3.09086E-13 -5.64089E-17  0.00000E+00  0.00000E+00  4.54536E-16
   763  3.74195E+01 -2.54065E-13 -2.54019E-13 -4.64042E-17  0.00000E+00  0.00000E+00  3.71531E-16
   764  3.76590E+01 -2.06096E-13 -2.06057E-13 -3.81613E-17  0.00000E+00  0.00000E+00  3.03592E-16
   765  3.78989E+01 -3.13723E-17 -0.00000E+00 -3.13723E-17  0.00000E+00  0.00000E+00  2.48003E-16
   766  3.78989E+01 -0.00000E+00 -0.00000E+00  0.00000E+00  0.00000E+00  0.00000E+00  0.00000E+00
   767  7.57977E+01 -0.00000E+00 -0.00000E+00  0.00000E+00  0.00000E+00  0.00000E+00  0.00000E+00
   768  1.51595E+02 -0.00000E+00 -0.00000E+00  0.00000E+00  0.00000E+00  0.00000E+00  0.00000E+00
   769  3.03191E+02 -0.00000E+00 -0.00000E+00  0.00000E+00  0.00000E+00  0.00000E+00  0.00000E+00
   770  6.06382E+02 -0.00000E+00 -0.00000E+00  0.00000E+00  0.00000E+00  0.00000E+00  0.00000E+00
   771  1.21276E+03 -0.00000E+00 -0.00000E+00  0.00000E+00  0.00000E+00  0.00000E+00  0.00000E+00
   772  2.42553E+03 -0.00000E+00 -0.00000E+00  0.00000E+00  0.00000E+00  0.00000E+00  0.00000E+00
   773  4.85105E+03 -0.00000E+00 -0.00000E+00  0.00000E+00  0.00000E+00  0.00000E+00  0.00000E+00
   774  9.70211E+03 -0.00000E+00 -0.00000E+00  0.00000E+00  0.00000E+00  0.00000E+00  0.00000E+00
   775  1.94042E+04 -0.00000E+00 -0.00000E+00  0.00000E+00  0.00000E+00  0.00000E+00  0.00000E+00
