 #  Total cross section table (last run of 'elscata').
 #
 #  Z =  14,   projectile: electron
 #
 #   Energy         ECS         TCS1         TCS2         ABSCS      error
 #    (eV)        (cm**2)      (cm**2)      (cm**2)      (cm**2)
 #--------------------------------------------------------------------------
   1.00000E+01  2.05700E-15  7.52097E-16  1.08239E-15  0.00000E+00  1.0E-07
   1.10000E+01  2.11745E-15  8.43387E-16  1.17970E-15  0.00000E+00  1.0E-07
   1.20000E+01  2.17883E-15  9.31561E-16  1.26294E-15  0.00000E+00  1.0E-07
   1.30000E+01  2.23462E-15  1.01228E-15  1.32820E-15  0.00000E+00  1.0E-07
   1.40000E+01  2.28164E-15  1.08303E-15  1.37455E-15  0.00000E+00  1.0E-07
   1.50000E+01  2.31880E-15  1.14267E-15  1.40298E-15  0.00000E+00  1.6E-07
   1.60000E+01  2.34626E-15  1.19106E-15  1.41558E-15  0.00000E+00  1.0E-07
   1.70000E+01  2.36478E-15  1.22866E-15  1.41491E-15  0.00000E+00  1.0E-07
   1.80000E+01  2.37558E-15  1.25635E-15  1.40361E-15  0.00000E+00  1.0E-07
   1.90000E+01  2.37980E-15  1.27523E-15  1.38413E-15  0.00000E+00  1.0E-07
   2.00000E+01  2.37861E-15  1.28643E-15  1.35863E-15  0.00000E+00  1.0E-07
   2.50000E+01  2.32283E-15  1.26342E-15  1.19343E-15  0.00000E+00  1.0E-07
   3.00000E+01  2.23332E-15  1.17566E-15  1.03387E-15  0.00000E+00  1.0E-07
   3.50000E+01  2.13971E-15  1.07229E-15  9.06771E-16  0.00000E+00  1.0E-07
   4.00000E+01  2.05073E-15  9.72229E-16  8.09210E-16  0.00000E+00  1.0E-07
   4.50000E+01  1.96843E-15  8.81597E-16  7.33513E-16  0.00000E+00  1.0E-07
   5.00000E+01  1.89301E-15  8.01582E-16  6.73244E-16  0.00000E+00  1.1E-07
   6.00000E+01  1.76063E-15  6.70415E-16  5.82402E-16  0.00000E+00  1.0E-07
   7.00000E+01  1.62478E-15  5.38304E-16  4.98831E-16  0.00000E+00  1.0E-07
   8.00000E+01  1.46743E-15  4.26252E-16  4.10663E-16  0.00000E+00  1.2E-06
   9.00000E+01  1.33059E-15  3.56942E-16  3.46599E-16  0.00000E+00  5.2E-07
   1.00000E+02  1.21574E-15  3.08675E-16  2.99943E-16  0.00000E+00  5.7E-06
   1.50000E+02  8.60967E-16  1.85313E-16  1.84568E-16  0.00000E+00  1.5E-05
   2.00000E+02  6.81360E-16  1.29910E-16  1.37374E-16  0.00000E+00  1.2E-06
   2.50000E+02  5.71443E-16  9.79250E-17  1.10487E-16  0.00000E+00  4.8E-06
   3.00000E+02  4.96135E-16  7.72479E-17  9.24970E-17  0.00000E+00  3.9E-06
   3.50000E+02  4.40741E-16  6.29216E-17  7.93762E-17  0.00000E+00  1.6E-05
   4.00000E+02  3.97981E-16  5.25012E-17  6.92990E-17  0.00000E+00  1.9E-06
   4.50000E+02  3.63804E-16  4.46397E-17  6.12889E-17  0.00000E+00  1.7E-06
   5.00000E+02  3.35755E-16  3.85359E-17  5.47626E-17  0.00000E+00  1.2E-05
   6.00000E+02  2.92231E-16  2.97557E-17  4.47762E-17  0.00000E+00  1.1E-05
   7.00000E+02  2.59818E-16  2.38190E-17  3.75156E-17  0.00000E+00  2.6E-05
   8.00000E+02  2.34598E-16  1.95880E-17  3.20227E-17  0.00000E+00  2.2E-05
   9.00000E+02  2.14330E-16  1.64499E-17  2.77407E-17  0.00000E+00  8.5E-06
   1.00000E+03  1.97629E-16  1.40483E-17  2.43228E-17  0.00000E+00  1.9E-03
   1.50000E+03  1.44094E-16  7.54608E-18  1.42792E-17  0.00000E+00  2.0E-03
   2.00000E+03  1.14596E-16  4.79087E-18  9.54852E-18  0.00000E+00  2.8E-03
   2.50000E+03  9.56031E-17  3.34298E-18  6.89752E-18  0.00000E+00  3.0E-03
   3.00000E+03  8.22364E-17  2.47982E-18  5.24631E-18  0.00000E+00  4.2E-03
   3.50000E+03  7.22699E-17  1.92040E-18  4.14124E-18  0.00000E+00  2.3E-03
   4.00000E+03  6.45297E-17  1.53553E-18  3.36197E-18  0.00000E+00  8.7E-03
   4.50000E+03  5.83331E-17  1.25859E-18  2.79007E-18  0.00000E+00  7.0E-03
   5.00000E+03  5.32538E-17  1.05220E-18  2.35692E-18  0.00000E+00  1.0E-02
   6.00000E+03  4.54116E-17  7.69846E-19  1.75324E-18  0.00000E+00  1.3E-02
   7.00000E+03  3.96302E-17  5.89794E-19  1.36037E-18  0.00000E+00  1.4E-02
   8.00000E+03  3.51864E-17  4.67548E-19  1.08943E-18  0.00000E+00  1.3E-02
   9.00000E+03  3.16620E-17  3.80546E-19  8.94171E-19  0.00000E+00  8.4E-03
   1.00000E+04  2.87972E-17  3.16302E-19  7.48494E-19  0.00000E+00  1.3E-02
   1.10000E+04  2.61139E-17  2.67428E-19  6.36693E-19  0.00000E+00  1.0E-07
   1.20000E+04  2.41539E-17  2.29355E-19  5.48960E-19  0.00000E+00  1.0E-07
   1.30000E+04  2.24772E-17  1.99078E-19  4.78737E-19  0.00000E+00  1.0E-07
   1.40000E+04  2.10266E-17  1.74582E-19  4.21598E-19  0.00000E+00  1.1E-07
   1.50000E+04  1.97590E-17  1.54467E-19  3.74439E-19  0.00000E+00  1.9E-07
   1.60000E+04  1.86419E-17  1.37736E-19  3.35034E-19  0.00000E+00  3.0E-07
   1.70000E+04  1.76499E-17  1.23661E-19  3.01748E-19  0.00000E+00  1.0E-07
   1.80000E+04  1.67630E-17  1.11702E-19  2.73360E-19  0.00000E+00  1.0E-07
   1.90000E+04  1.59655E-17  1.01450E-19  2.48939E-19  0.00000E+00  1.0E-07
   2.00000E+04  1.52444E-17  9.25905E-20  2.27770E-19  0.00000E+00  1.0E-07
   2.10000E+04  1.45892E-17  8.48797E-20  2.09290E-19  0.00000E+00  1.0E-07
   2.20000E+04  1.39913E-17  7.81246E-20  1.93056E-19  0.00000E+00  1.0E-07
   2.30000E+04  1.34435E-17  7.21715E-20  1.78713E-19  0.00000E+00  1.0E-07
   2.40000E+04  1.29398E-17  6.68966E-20  1.65974E-19  0.00000E+00  1.0E-07
   2.50000E+04  1.24750E-17  6.21994E-20  1.54604E-19  0.00000E+00  1.0E-07
