10.576249496723685 38.83572402667599
11.62423978292209 40.37858642280749
12.77630171137513 42.59213010417799
14.04264279815089 45.186741804451415
15.434608899539048 48.2165478003344
16.96469341304918 51.79667141250849
18.646902660752996 56.7221020639231
20.495870191138096 61.996662370431515
22.528629705135177 68.87749111278664
24.763936119542755 78.91106248931494
27.22335590940458 96.8811926155078
29.67202665733351 121.61883947143679
32.065239786321996 155.57453790464965
34.80029977280047 197.911438050331
38.09222307434773 240.96336716992445
41.872952052616036 282.5044323923529
46.02750649124776 323.0363280840384
50.59246766894397 358.88918799808516
55.6074068789636 382.952985701399
61.11734581567593 397.40258892927005
67.17021739109232 397.6133382125426
73.82245895610644 397.44218429625397
81.1311996347803 388.2158887201796
89.1627967685077 376.66216376224844
97.98785613994644 360.5698253549533
107.68613729494952 344.5024299575576
118.34457993640446 329.784069000783
130.05749967126405 314.7859542591638
128.64949168133214 1.509621256654462
136.66084562838293 1.95091357313973
142.92747855656185 296.74058441588556
144.54519250027775 2.4640249804425753
157.07157885368127 280.53707100277813
155.53426748404738 3.148073688783416
170.24702249132002 3.8336147354702166
172.6170169095684 267.2646126170428
187.14615416892497 4.529190617378313
189.69469340056946 247.86205384675677
205.72932276001671 5.49159008762321
208.46193120802033 229.8680589830356
226.15668289343625 6.632949345783771
229.09729748783712 221.9581712874182
248.59817131708056 7.650466298748751
249.61777349968216 210.6318454426616
273.2493471876492 8.386014478936659
300.32607191589483 8.735942871463632
313.0554734834468 180.4355464789612
330.0850905696699 9.0830036792363
342.85204354135004 168.97076485821137
359.6811012775099 9.221076932457429
376.7851435539611 161.28621257828743
414.0550957284145 147.57898530870318
423.45427850126384 10.122819006208207
455.014328322799 135.68691795443507
465.40235930308063 10.31476206182964
500.04550221672986 128.8954152691579
511.4992128360644 10.399856750683027
549.5130485464293 118.85094434088802
562.146500454323 10.256497189611315
603.8699283823217 108.95932038552827
617.8072818543195 10.095696839759198
663.6210128003484 102.0247016338383
678.975273646895 9.889796487101133
729.275634645494 94.61803357521327
746.193203364452 9.623161060843158
801.4181205854081 87.07723136421751
820.0568926098613 9.283099974412696
880.7055491507733 80.75570199093345
901.2278771475123 8.920708648024144
967.8348972171939 74.74933075461182
990.4227667684161 8.498661986315753
1063.5828037782728 69.12325556918383
1088.4388560208395 8.057783161638882
1168.8072096306403 64.10512759690222
1196.1507425126206 7.617788080424978
1284.4434008749301 59.50844333873249
1314.5155585655461 7.174196244622033
1411.5167350916865 55.13532490241871
1444.589710424776 6.7434655803648
1551.1580859559242 50.98551539720296
1587.538746252151 6.350786466048829
1704.614155687041 47.148045013232164
1744.6249933217814 5.958033363717477
1873.2538562464583 43.641312306629366
1917.2571281121147 5.594941982173346
2058.574860592116 40.35660993205069
2106.9563661210905 5.223779372237369
2091.8595161817107 0.00047681134850034035
2262.2296719320375 37.31913361735206
2222.0963094009617 0.0006097151858970028
2315.4057985436284 4.84454964451404
2340.1993761173494 0.000762380080205095
2486.0202593251624 34.377911029051894
2544.4870022981336 4.505818607729427
2464.6438597701185 0.0009736329599757194
2595.745422216586 0.0012588486750438157
2731.9557634153507 31.729401946498665
2796.2330011164736 4.190771653821569
2722.0377268100256 0.0015924841338466925
2842.1790639755814 0.0019752312512082977
3002.217464997186 29.25681551076331
3072.893489794829 3.9052493053123287
2980.457358632917 0.0024960919243800284
3152.449418990063 0.0031860842132563614
3299.215099978838 26.976911045286656
3376.922880219258 3.6356853785687036
3363.080510778155 0.0040332777724512965
3625.593549712618 24.87467336551296
3649.893527069585 0.005077916025984343
3711.0150660068066 3.3717462115491355
3984.2498920585876 22.892228953757634
4012.1860374193266 0.0059934986464798366
4078.145787174677 3.1179687194852748
4378.396155250218 21.108299496459576
4410.267483633846 0.006853406789903192
4481.618012775379 2.8943935037795
4811.55659457222 19.538326357504864
4847.828561963818 0.007814134829506653
4925.007849301899 2.686849839886768
5287.545075030162 18.01575745406328
5305.886263168406 0.008786458525231283
5412.2645541279035 2.494188178861228
5810.621234719445 16.61183822528215
5857.2445211189715 0.009813166635510273
5947.728105249909 2.3153414006319233
6385.428126398599 15.287919499806453
6437.57974105101 0.010134637615956307
6536.129095449892 2.1390191703718955
7017.130209267406 14.123685118861193
7075.255072474005 0.010277317774983644
7182.714270994343 1.9704372422592993
7711.298317320225 13.010559017715106
7776.012413081731 0.010332281247662611
7893.356367709737 1.8326642191785405
8474.167010264298 12.019754472732181
8545.99269190101 0.010209451255359603
8674.194673178474 1.6866058212832935
9312.472172832 11.072444877511984
9391.982436609873 0.00988659214069245
9532.355365985344 1.562661611049729
10233.71863262707 10.20959920961295
10321.547485395165 0.009446034518043597
10475.354010324052 1.440887620173978
11246.060386426412 9.386899140176721
11343.102146377047 0.009016442179080207
11511.680784506962 1.3324379256681707
12358.559851325703 8.638788583277737
12465.822292388892 0.008639524109416643
12650.456344374343 1.2262462148892088
13581.111638271446 7.950300421057356
13699.716035205107 0.008302256536083666
13901.933015312323 1.1317749645902602
14924.567102883562 7.302637809286235
15055.546790147942 0.007894286381268255
15277.233131113428 1.045585910200893
16400.937812105476 6.714183697678142
16545.48263488357 0.0074775729829186345
16788.510245010028 0.9622555317782496
18023.332952893852 6.167219995774287
18182.866383861427 0.0070828565134841
18449.266272728604 0.8847159852636354
19806.31080972983 5.686625229649801
19982.21876153651 0.0066896672821371225
20274.452188509116 0.8181270459300733
21765.723325975665 5.253566656572361
21959.580576060092 0.006306176473219857
22280.17732126207 0.7558234973756056
23918.836120603388 4.830228818875416
24132.41398125976 0.005904825496837804
24484.268146972034 0.6969242174404789
26285.064230171578 4.458103098764302
26520.274068335544 0.005534332547649259
26906.40105995677 0.6426147990125977
28885.20581785956 4.094928558989287
29144.33959293088 0.005177128717486196
29568.005831334973 0.5902648805127989
31742.593339075825 3.7649549781806635
32028.04496361631 0.004842979984786928
32493.13011434312 0.5453139198692499
34882.557115328935 3.4549261803550113
35196.99691869284 0.0045217017487036
35707.54842668208 0.5028190816822607
38333.07930129366 3.1673825620933087
38679.49459611947 0.00422173677538516
39239.72386682051 0.4614139662635691
42125.07106122728 2.9121515975602668
42506.409913242365 0.003930326969280654
43121.351738149904 0.42382537732088943
46292.39453633452 2.687796489148001
46712.01228395501 0.003662549032571832
47387.178458818256 0.3907978125136144
50871.739108411515 2.471211066659478
51333.353438304744 0.0033933979709809135
52074.94497243874 0.35999797226520946
55904.08242725558 2.2720783216426024
56412.163556945205 0.0031561314968443993
57226.31203800668 0.33098896312598386
61434.090385054194 2.0849818716964825
61993.0924366059 0.002921387732957315
62887.03979529928 0.30344169898960366
67511.44466247913 1.9206587703054365
68126.06908284941 0.002701506874286339
69108.12678298149 0.2795266320308831
74190.08790958625 1.7709870295288235
74865.95870316404 0.0025029802643644085
75944.63347294698 0.2574963766506124
81529.03641961193 1.626715489560417
82273.03350220942 0.0023279718193669136
83457.2421542661 0.2367470521569955
89593.96014749212 1.4941968743157974
90412.19748597106 0.0021506877337192257
91713.01446173845 0.21766972970294793
98036.07863941688 1.3852176383677968
98086.64657656895 0.002008854851680192
99072.03536916048 0.20386026659452214
