5.884608625376047 0.09540954763499944
6.309273960469623 0.10481131341546863
6.859321818922237 0.1206792640639329
7.2520662098878415 0.13894954943731375
7.775045654392166 0.1599858719606059
8.335739522821791 0.18420699693267165
8.813019205648068 0.21209508879201905
9.188937680019572 0.2329951810515372
9.715068954806043 0.26826957952797276
10.128983477509015 0.3088843596477482
10.858399634845133 0.3906939937054617
11.479029558415268 0.49417133613238334
11.96753028410624 0.5963623316594643
12.476227397152817 0.7543120063354615
13.006547413729097 0.9540954763499934
13.37213595230983 1.151395399326447
13.748000467695961 1.3894954943731368
14.33169874318382 1.8420699693267153
14.733835310979279 2.3299518105153707
15.147255525051166 2.9470517025518097
15.79186100137294 3.5564803062231265
16.465461291647856 3.9069399370546147
17.413183211828315 3.3932217718953264
16.932291195813995 3.727593720314938
17.659565102762603 3.08884359647748
18.163698640503405 2.44205309454865
18.683110642826595 1.8420699693267153
19.217375833010742 1.3894954943731368
20.045652712997008 0.9999999999999994
21.20447580311421 0.6866488450043006
22.117347665876206 0.5179474679231213
23.07061453630891 0.3727593720314942
24.0638253594565 0.28117686979742307
25.09860344343318 0.22229964825261955
25.815101707839016 0.1757510624854793
27.30485977386107 0.13257113655901095
28.88196084696215 0.09540954763499944
30.97947155706917 0.06866488450043005
33.229310954356635 0.04941713361323838
35.14526575079204 0.03906939937054617
37.695850616269944 0.029470517025518127
39.86744733443424 0.02442053094548652
42.16614763089739 0.019306977288832516
45.226256458796946 0.014563484775012445
49.19246412959694 0.010481131341546863
54.258417149674756 0.007543120063354623
57.38143267752554 0.006551285568595523
61.54575497300959 0.004941713361323838
66.00602674140072 0.004094915062380436
70.79289828373824 0.0032374575428176467
76.9975692463711 0.002442053094548655
81.43327413028952 0.0020235896477251596
87.33895641080093 0.0015998587196060605
99.05986984827472 0.0011513953993264505
100.39474649361942 0.0020235896477251596
100.35186744411176 0.003088843596477485
100.28520309912857 0.005963623316594648
100.18528960781421 0.01599858719606059
101.47751431270058 0.04941713361323838
110.35059663964265 0.04498432668969449
118.3421782647321 0.03906939937054617
126.91250960949027 0.0339322177189533
136.10350368359784 0.029470517025518127
145.96010883363647 0.025595479226995357
150.10550476280824 0.023299518105153717
152.18602303528428 0.028117686979742307
170.20930657137492 0.021209508879201925
180.00624380861035 0.018420699693267165
193.05144518351867 0.015264179671752334
209.97151379581965 0.011513953993264481
228.3637085552281 0.009102981779915227
248.37873415444486 0.006866488450043012
270.1351618244677 0.005428675439323871
289.7258322913997 0.004291934260128787
310.73725215930494 0.003393221771895337
337.95589700021793 0.002682695795279733
362.46504481263725 0.0021209508879201926
388.75163853389546 0.00167683293681101
422.8239263164865 0.0012648552168552983
466.34516991164725 0.0009540954763499963
507.19409763079005 0.0007543120063354638
559.399558341864 0.0005689866029018305
625.6785519726213 0.00040949150623804356
709.7121677056742 0.00026826957952797326
771.8785262539964 0.0002120950887920197
863.3325346857338 0.00015264179671752365
925.9429074938449 0.00012067926406393314
1065.0642289709024 0.00007906043210907718
1259.8818773208252 0.000047148663634573994
1370.2396703501547 0.000037275937203149456
1469.6118278332685 0.000029470517025518157
1598.340656185307 0.000023299518105153765
1787.7158685739212 0.0000167683293681101
1811.9781574402184 0.000026826957952797328
1810.7744495265906 0.000051794746792312233
1835.3496818319181 0.00008286427728546859
1968.2655630286386 0.00007196856730011529
2081.6541447231957 0.00005963623316594649
2170.962074572991 0.000051794746792312233
2296.1366593054554 0.00004094915062380436
2462.7733680394485 0.000030888435964774846
2568.554138555954 0.000025595479226995385
2754.9609040763958 0.000019306977288832537
3038.8173476551565 0.000013257113655901109
3351.9208416882343 0.000009102981779915246
3545.01955627766 0.000007543120063354638
3910.0938180598555 0.00000542867543932387
4193.660603542501 0.000004291934260128787
4498.005642279488 0.000003237457542817653
4823.979831549266 0.000002682695795279733
5246.779410472786 0.0000020235896477251595
5868.708905296204 0.0000013894954943731417
6294.317853992469 0.0000010985411419875616
6942.191646224209 8.286427728546859e-7
7657.114497893048 5.963623316594661e-7
8445.260874097412 4.4984326689694717e-7
8931.77863396765 3.7275937203149534e-7
9851.126119937488 2.8117686979742483e-7
