1.03498e+1 3.97216e+1
1.11906e+1 4.10071e+1
1.20997e+1 4.26727e+1
1.30826e+1 4.46897e+1
1.41454e+1 4.69887e+1
1.52945e+1 4.96426e+1
1.65370e+1 5.27395e+1
1.78804e+1 5.67028e+1
1.93329e+1 6.12560e+1
2.09035e+1 6.61221e+1
2.26016e+1 7.25204e+1
2.44376e+1 8.16557e+1
2.64228e+1 9.62107e+1
2.83672e+1 1.15302e+2
3.02391e+1 1.40078e+2
3.22346e+1 1.72009e+2
3.46066e+1 2.10286e+2
3.74179e+1 2.48362e+2
4.04576e+1 2.83910e+2
4.37442e+1 3.18911e+2
4.72979e+1 3.52287e+2
5.11401e+1 3.80575e+2
5.52946e+1 3.98880e+2
5.97865e+1 4.11134e+2
6.46433e+1 4.11789e+2
6.98946e+1 4.11789e+2
7.55726e+1 4.09175e+2
8.17118e+1 3.99834e+2
8.83498e+1 3.88845e+2
9.55269e+1 3.76956e+2
1.03287e+2 3.61954e+2
1.11678e+2 3.49493e+2
1.20750e+2 3.36923e+2
1.26454e+2 1.52411e+0
1.30559e+2 3.24547e+2
1.32898e+2 1.87655e+0
1.38682e+2 2.26539e+0
1.41165e+2 3.08668e+2
1.45232e+2 2.71606e+0
1.52633e+2 2.93332e+2
1.54267e+2 3.29284e+0
1.65032e+2 2.83233e+2
1.66208e+2 3.89310e+0
1.78439e+2 2.70020e+2
1.79711e+2 4.46452e+0
1.92935e+2 2.49353e+2
1.94309e+2 5.17309e+0
2.08608e+2 2.36964e+2
2.10094e+2 6.11463e+0
2.25554e+2 2.31555e+2
2.27162e+2 7.10203e+0
2.43878e+2 2.20167e+2
2.45615e+2 7.96489e+0
2.65568e+2 8.63190e+0
2.69790e+2 2.06459e+2
2.87142e+2 8.98965e+0
2.95714e+2 1.96569e+2
3.10468e+2 9.28059e+0
3.17152e+2 1.83225e+2
3.35689e+2 9.55808e+0
3.42917e+2 1.75514e+2
3.62959e+2 9.76579e+0
3.70774e+2 1.68395e+2
3.92754e+2 1.01597e+1
4.00894e+2 1.56500e+2
4.24325e+2 1.06005e+1
4.33461e+2 1.45561e+2
4.58796e+2 1.07535e+1
4.68674e+2 1.38439e+2
4.96066e+2 1.08309e+1
5.06747e+2 1.31771e+2
5.36365e+2 1.07621e+1
5.47913e+2 1.22756e+2
5.79937e+2 1.06428e+1
5.92423e+2 1.14266e+2
6.27049e+2 1.04746e+1
6.40549e+2 1.07986e+2
6.77988e+2 1.02927e+1
6.92585e+2 1.01888e+2
7.33065e+2 1.00899e+1
7.48848e+2 9.53717e+1
7.92616e+2 9.77357e+0
8.09681e+2 8.93435e+1
8.57005e+2 9.47472e+0
8.75456e+2 8.37630e+1
9.26625e+2 9.14124e+0
9.46575e+2 7.84686e+1
1.00190e+3 8.77047e+0
1.02347e+3 7.36846e+1
1.08329e+3 8.38798e+0
1.10661e+3 6.94130e+1
1.17129e+3 8.01579e+0
1.19651e+3 6.52330e+1
1.26644e+3 7.61753e+0
1.29371e+3 6.12560e+1
1.36932e+3 7.23330e+0
1.39881e+3 5.76590e+1
1.48056e+3 6.89036e+0
1.51244e+3 5.39715e+1
1.60084e+3 6.55846e+0
1.63530e+3 5.04796e+1
1.73088e+3 6.22269e+0
1.76815e+3 4.74398e+1
1.87149e+3 5.90411e+0
1.91179e+3 4.44059e+1
2.02353e+3 5.57514e+0
2.06709e+3 4.16654e+1
2.07444e+3 4.84514e-4
2.18016e+3 5.91351e-4
2.18791e+3 5.25613e+0
2.23501e+3 3.91876e+1
2.27504e+3 7.09731e-4
2.36565e+3 4.95932e+0
2.37406e+3 8.56798e-4
2.41658e+3 3.65648e+1
2.48872e+3 1.06476e-3
2.55782e+3 4.66067e+0
2.59645e+3 1.28067e-3
2.61289e+3 3.42263e+1
2.70907e+3 1.58475e-3
2.76561e+3 4.39398e+0
2.80267e+3 1.92708e-3
2.82515e+3 3.20120e+1
2.91540e+3 2.36566e-3
2.99028e+3 4.14916e+0
3.04383e+3 2.91179e-3
3.05466e+3 2.99647e+1
3.18760e+3 3.53943e-3
3.23319e+3 3.91486e+0
3.30280e+3 2.80484e+1
3.36196e+3 4.28088e-3
3.49585e+3 3.68791e+0
3.57111e+3 2.61919e+1
3.59656e+3 5.17823e-3
3.77983e+3 3.45756e+0
3.86121e+3 2.44584e+1
3.88873e+3 6.03842e-3
4.08689e+3 3.24418e+0
4.17488e+3 2.29307e+1
4.20463e+3 6.76127e-3
4.41889e+3 3.04396e+0
4.51403e+3 2.14301e+1
4.54620e+3 7.53458e-3
4.77787e+3 2.86750e+0
4.88073e+3 2.00755e+1
4.91551e+3 8.40971e-3
5.16600e+3 2.69697e+0
5.27723e+3 1.87916e+1
5.31483e+3 9.23818e-3
5.58567e+3 2.53860e+0
5.70593e+3 1.75898e+1
5.74659e+3 1.02376e-2
6.03943e+3 2.37625e+0
6.16945e+3 1.64256e+1
6.21342e+3 1.05269e-2
6.53004e+3 2.23315e+0
6.67064e+3 1.53385e+1
6.71817e+3 1.07385e-2
7.06052e+3 2.08701e+0
7.21253e+3 1.43804e+1
7.26393e+3 1.08330e-2
7.63409e+3 1.95977e+0
7.79845e+3 1.34179e+1
7.85402e+3 1.08330e-2
8.25425e+3 1.83590e+0
8.43196e+3 1.25698e+1
8.49205e+3 1.07385e-2
8.92479e+3 1.72397e+0
9.11694e+3 1.17566e+1
9.18191e+3 1.04268e-2
9.64981e+3 1.61629e+0
9.85757e+3 1.10047e+1
9.92781e+3 1.00919e-2
1.04337e+4 1.50931e+0
1.06584e+4 1.02845e+1
1.07343e+4 9.70570e-3
1.12813e+4 1.41504e+0
1.15242e+4 9.58857e+0
1.16063e+4 9.34918e-3
1.21978e+4 1.32244e+0
1.24604e+4 8.94681e+0
1.25492e+4 9.02730e-3
1.31887e+4 1.23786e+0
1.34726e+4 8.37463e+0
1.35686e+4 8.72345e-3
1.42601e+4 1.15962e+0
1.45671e+4 7.80790e+0
1.46709e+4 8.38964e-3
1.54185e+4 1.08201e+0
1.57504e+4 7.27373e+0
1.58627e+4 8.04295e-3
1.66710e+4 1.00879e+0
1.70299e+4 6.78690e+0
1.71513e+4 7.68607e-3
1.80253e+4 9.46529e-1
1.84134e+4 6.33266e+0
1.85446e+4 7.33917e-3
1.94896e+4 8.84586e-1
1.99092e+4 5.92295e+0
2.00511e+4 7.01352e-3
2.10729e+4 8.29995e-1
2.15266e+4 5.54857e+0
2.16799e+4 6.66506e-3
2.27847e+4 7.77533e-1
2.32753e+4 5.18133e+0
2.34411e+4 6.31880e-3
2.46357e+4 7.25493e-1
2.51661e+4 4.84997e+0
2.53454e+4 6.00008e-3
2.66370e+4 6.78555e-1
2.72105e+4 4.52176e+0
2.74044e+4 5.68384e-3
2.88009e+4 6.35159e-1
2.94209e+4 4.22585e+0
2.96306e+4 5.38855e-3
3.11405e+4 5.93593e-1
3.18110e+4 3.94615e+0
3.20377e+4 5.09642e-3
3.36703e+4 5.55188e-1
3.43952e+4 3.66449e+0
3.46403e+4 4.81246e-3
3.64055e+4 5.18030e-1
3.71893e+4 3.41107e+0
3.74543e+4 4.54432e-3
3.93629e+4 4.81438e-1
4.02104e+4 3.18530e+0
4.04969e+4 4.28770e-3
4.25606e+4 4.49931e-1
4.34769e+4 2.97448e+0
4.37867e+4 4.03271e-3
4.60181e+4 4.21157e-1
4.70088e+4 2.78425e+0
4.73438e+4 3.80801e-3
4.97564e+4 3.93595e-1
5.08276e+4 2.60412e+0
5.11898e+4 3.58155e-3
5.37984e+4 3.67837e-1
5.49567e+4 2.42210e+0
5.53483e+4 3.36855e-3
5.81688e+4 3.42399e-1
5.94211e+4 2.25999e+0
5.98446e+4 3.16822e-3
6.28942e+4 3.19483e-1
6.42483e+4 2.11209e+0
6.47061e+4 2.97270e-3
6.80034e+4 2.98337e-1
6.94675e+4 1.97544e+0
6.99626e+4 2.78702e-3
7.35278e+4 2.78591e-1
7.51108e+4 1.84322e+0
7.56460e+4 2.61711e-3
7.95009e+4 2.60152e-1
8.12125e+4 1.72260e+0
8.17912e+4 2.46539e-3
8.59592e+4 2.43321e-1
8.71886e+4 2.33917e-3
8.78099e+4 1.60347e+0
9.29422e+4 2.27036e-1
9.29422e+4 1.52478e+0
9.80258e+4 2.17091e-1
