1.40078e-1 9.10802e+0
2.38132e+0 8.44698e+0
4.90272e+0 7.26535e+0
7.70428e+0 5.53931e+0
1.06459e+1 3.74368e+0
1.30272e+1 2.64713e+0
1.58288e+1 1.68438e+0
1.84903e+1 1.17320e+0
2.05914e+1 8.67924e-1
2.24125e+1 6.81977e-1
2.54942e+1 4.67904e-1
2.80156e+1 3.51408e-1
3.10973e+1 2.52251e-1
3.30584e+1 2.10522e-1
3.60000e+1 1.62945e-1
4.09027e+1 1.11797e-1
4.38444e+1 9.19075e-2
4.74864e+1 7.22169e-2
5.25292e+1 5.50602e-2
5.65914e+1 4.39208e-2
6.12140e+1 3.55670e-2
6.56965e+1 2.96834e-2
7.01790e+1 2.47730e-2
7.56420e+1 2.06750e-2
8.12451e+1 1.72548e-2
8.71284e+1 1.48411e-2
9.39922e+1 1.25741e-2
1.00716e+2 1.08151e-2
1.05759e+2 9.88017e-3
1.09681e+2 9.30222e-3
1.16685e+2 8.24575e-3
1.24249e+2 7.53292e-3
1.30132e+2 7.09227e-3
1.36856e+2 6.77878e-3
1.44420e+2 6.28680e-3
1.54506e+2 6.00891e-3
1.63751e+2 5.74331e-3
1.69914e+2 5.65741e-3
1.78599e+2 5.65741e-3
