2.53217e+0 2.84118e-2
3.28838e+0 4.80410e-2
3.86240e+0 6.64513e-2
4.31159e+0 8.06130e-2
5.06228e+0 1.10244e-1
5.40782e+0 1.24950e-1
5.75335e+0 1.39003e-1
6.09888e+0 1.54363e-1
6.44441e+0 1.70376e-1
6.78994e+0 1.86063e-1
7.13547e+0 2.03057e-1
7.48100e+0 2.19397e-1
7.82653e+0 2.36391e-1
8.17206e+0 2.52732e-1
8.51759e+0 2.68745e-1
8.86313e+0 2.86393e-1
9.20866e+0 3.02407e-1
9.55419e+0 3.19401e-1
9.89972e+0 3.35414e-1
1.02452e+1 3.52081e-1
1.05908e+1 3.67115e-1
1.09363e+1 3.82148e-1
1.12818e+1 3.97508e-1
1.16274e+1 4.12214e-1
1.20593e+1 4.30297e-1
1.24912e+1 4.47836e-1
1.29231e+1 4.64503e-1
1.33550e+1 4.79863e-1
1.37869e+1 4.95441e-1
1.43052e+1 5.13307e-1
1.48235e+1 5.29865e-1
1.53418e+1 5.45334e-1
1.58601e+1 5.60367e-1
1.64648e+1 5.76272e-1
1.71559e+1 5.93266e-1
1.78469e+1 6.08952e-1
1.85380e+1 6.23822e-1
1.93154e+1 6.38757e-1
2.01793e+1 6.53398e-1
2.11295e+1 6.69085e-1
2.21661e+1 6.84336e-1
2.32890e+1 6.98965e-1
2.44984e+1 7.13344e-1
2.57941e+1 7.27665e-1
2.72626e+1 7.42218e-1
2.89039e+1 7.56604e-1
3.07180e+1 7.70990e-1
3.26184e+1 7.84122e-1
3.45879e+1 7.96475e-1
3.64192e+1 8.06344e-1
3.83196e+1 8.15911e-1
4.03928e+1 8.25299e-1
4.22932e+1 8.32786e-1
4.41937e+1 8.40035e-1
4.60941e+1 8.46572e-1
4.79945e+1 8.52751e-1
4.99295e+1 8.58372e-1
5.16994e+1 8.63209e-1
5.37130e+1 8.68177e-1
5.57114e+1 8.72941e-1
5.77462e+1 8.77153e-1
5.95698e+1 8.80857e-1
6.14054e+1 8.84288e-1
6.35952e+1 8.88308e-1
6.55086e+1 8.91641e-1
6.75362e+1 8.94728e-1
6.95686e+1 8.97687e-1
7.16418e+1 9.00792e-1
7.33910e+1 9.03080e-1
7.52668e+1 9.05601e-1
7.73838e+1 9.08381e-1
7.95242e+1 9.10923e-1
8.17030e+1 9.13610e-1
8.36336e+1 9.15685e-1
8.53334e+1 9.17623e-1
8.72555e+1 9.19747e-1
8.91818e+1 9.21773e-1
9.10995e+1 9.23995e-1
9.37966e+1 9.26682e-1
9.60233e+1 9.29224e-1
9.81733e+1 9.31476e-1
1.00022e+2 9.33239e-1
1.02051e+2 9.35688e-1
1.03822e+2 9.37161e-1
1.05957e+2 9.39682e-1
1.08240e+2 9.42203e-1
1.10212e+2 9.44094e-1
1.12004e+2 9.46218e-1
1.14279e+2 9.48615e-1
1.16294e+2 9.50794e-1
1.18195e+2 9.52972e-1
1.20087e+2 9.54902e-1
1.21790e+2 9.56770e-1
1.23743e+2 9.58927e-1
1.25640e+2 9.60878e-1
1.27659e+2 9.63285e-1
1.30144e+2 9.65827e-1
1.32496e+2 9.68514e-1
1.35068e+2 9.71056e-1
1.37249e+2 9.73507e-1
1.39539e+2 9.75794e-1
1.41590e+2 9.77755e-1
1.43482e+2 9.79409e-1
1.45434e+2 9.82408e-1
1.47456e+2 9.83178e-1
1.49330e+2 9.85326e-1
1.51802e+2 9.86830e-1
1.53655e+2 9.88993e-1
1.55627e+2 9.89978e-1
1.57528e+2 9.91525e-1
1.59428e+2 9.92660e-1
1.61329e+2 9.93539e-1
1.63229e+2 9.95067e-1
1.64525e+2 9.95109e-1
4.65357e+0 9.43662e-2
