1.63781e+0 1.91731e-2
2.50884e+0 4.74147e-2
2.78754e+0 6.73228e-2
2.06972e+0 3.18097e-2
3.30482e+0 8.67134e-2
3.80668e+0 1.09198e-1
4.02365e+0 1.27020e-1
4.32497e+0 1.45866e-1
4.85665e+0 1.70948e-1
5.00266e+0 1.91946e-1
5.29060e+0 2.09507e-1
5.63409e+0 2.29855e-1
5.93745e+0 2.45324e-1
6.87632e+0 3.06328e-1
7.13547e+0 3.28551e-1
7.48100e+0 3.46199e-1
7.82653e+0 3.73651e-1
8.17206e+0 3.91952e-1
8.51759e+0 4.11724e-1
8.86313e+0 4.34437e-1
9.20866e+0 4.51431e-1
9.72695e+0 4.80190e-1
1.00725e+1 4.96040e-1
1.04180e+1 5.12217e-1
1.07635e+1 5.27577e-1
1.11091e+1 5.42610e-1
1.14546e+1 5.57644e-1
1.17138e+1 5.66467e-1
1.22321e+1 5.88037e-1
1.27503e+1 6.05902e-1
1.32686e+1 6.20718e-1
1.38733e+1 6.39672e-1
1.47084e+1 6.61460e-1
1.54282e+1 6.78563e-1
1.60905e+1 6.91962e-1
1.66376e+1 7.03073e-1
1.74150e+1 7.17235e-1
1.83652e+1 7.32486e-1
1.94018e+1 7.47846e-1
2.05248e+1 7.62552e-1
2.18205e+1 7.77912e-1
2.32027e+1 7.92292e-1
2.46712e+1 8.05952e-1
2.66292e+1 8.20942e-1
2.85066e+1 8.33796e-1
3.04070e+1 8.45431e-1
3.21001e+1 8.54581e-1
3.40869e+1 8.64189e-1
3.60737e+1 8.72621e-1
3.80605e+1 8.80094e-1
4.00473e+1 8.87131e-1
4.21205e+1 8.93556e-1
4.41937e+1 8.99289e-1
4.61805e+1 9.04387e-1
4.80809e+1 9.08744e-1
5.01541e+1 9.13320e-1
5.21409e+1 9.17198e-1
5.41277e+1 9.21272e-1
5.62009e+1 9.24540e-1
5.81877e+1 9.28104e-1
6.01745e+1 9.30858e-1
6.22477e+1 9.33800e-1
6.42345e+1 9.36881e-1
6.62213e+1 9.39029e-1
6.82081e+1 9.41923e-1
7.03676e+1 9.44748e-1
7.25272e+1 9.46872e-1
7.45140e+1 9.49051e-1
7.65008e+1 9.50794e-1
7.84876e+1 9.52972e-1
8.05608e+1 9.55042e-1
8.25476e+1 9.56583e-1
8.45344e+1 9.58637e-1
8.66076e+1 9.60489e-1
8.85944e+1 9.61718e-1
9.05812e+1 9.63648e-1
9.26544e+1 9.65173e-1
9.46412e+1 9.66947e-1
9.66280e+1 9.67788e-1
9.86148e+1 9.69468e-1
1.00602e+2 9.71274e-1
1.02675e+2 9.72799e-1
1.04662e+2 9.73483e-1
1.06648e+2 9.74977e-1
1.08722e+2 9.76502e-1
1.10708e+2 9.77872e-1
1.14257e+2 9.79786e-1
1.16755e+2 9.81132e-1
1.19082e+2 9.82541e-1
1.20806e+2 9.83345e-1
1.22802e+2 9.84623e-1
1.25048e+2 9.85886e-1
1.27121e+2 9.86912e-1
1.29022e+2 9.87710e-1
1.30855e+2 9.88458e-1
1.32822e+2 9.89867e-1
1.34763e+2 9.90444e-1
1.36623e+2 9.90176e-1
1.38524e+2 9.91525e-1
1.40424e+2 9.91620e-1
1.42324e+2 9.93210e-1
1.44225e+2 9.93515e-1
1.46125e+2 9.93539e-1
1.48026e+2 9.95007e-1
1.49753e+2 9.96562e-1
1.12616e+2 9.78873e-1
1.15595e+2 9.80282e-1
6.51499e+0 2.87324e-1
6.14271e+0 2.61972e-1
