2.80374e-1 2.46242e+1
3.28625e+0 2.28661e+1
6.22876e+0 2.14644e+1
9.00314e+0 1.94333e+1
1.18616e+1 1.69697e+1
1.44678e+1 1.44220e+1
1.70740e+1 1.23681e+1
1.97643e+1 1.05113e+1
2.22865e+1 8.77327e+0
2.48087e+1 7.38907e+0
2.73308e+1 6.22326e+0
2.96848e+1 5.10120e+0
3.22911e+1 4.29636e+0
3.48973e+1 3.61850e+0
3.74194e+1 3.07526e+0
3.99416e+1 2.56676e+0
4.25478e+1 2.18142e+0
4.52381e+1 1.87075e+0
4.77603e+1 1.58751e+0
5.04506e+1 1.36142e+0
5.31409e+1 1.17814e+0
5.58312e+1 1.01953e+0
5.86056e+1 8.83601e-1
6.12959e+1 7.78590e-1
6.39862e+1 6.73770e-1
6.68446e+1 5.93696e-1
6.97031e+1 5.32680e-1
7.23934e+1 4.69373e-1
7.52518e+1 4.21134e-1
7.80262e+1 3.74454e-1
8.08846e+1 3.38509e-1
8.37431e+1 3.04177e-1
8.66015e+1 2.75394e-1
8.95440e+1 2.53881e-1
9.24025e+1 2.31944e-1
9.53450e+1 2.09679e-1
9.82875e+1 1.97122e-1
1.01146e+2 1.80089e-1
1.04088e+2 1.67276e-1
1.07031e+2 1.55844e-1
1.09974e+2 1.44974e-1
1.12916e+2 1.34863e-1
1.15774e+2 1.27745e-1
1.18885e+2 1.21003e-1
1.21828e+2 1.13585e-1
1.24854e+2 1.08567e-1
1.27713e+2 1.02837e-1
1.30739e+2 9.91857e-2
1.33766e+2 9.48036e-2
1.36624e+2 8.97999e-2
1.39735e+2 8.73980e-2
1.42677e+2 8.42950e-2
1.45704e+2 8.13023e-2
1.48731e+2 7.84158e-2
1.51673e+2 7.70112e-2
1.54410e+2 7.54492e-2
1.57979e+2 7.36088e-2
1.60669e+2 7.22903e-2
1.63695e+2 7.16399e-2
1.66722e+2 7.03567e-2
1.69749e+2 6.97238e-2
1.72775e+2 6.90965e-2
1.75802e+2 6.84749e-2
1.79019e+2 6.90248e-2
