1.86612e+0 4.74964e-2
2.04297e+0 6.75407e-2
2.37410e+0 8.67134e-2
2.68982e+0 1.09198e-1
2.90680e+0 1.27020e-1
3.20812e+0 1.45866e-1
3.36750e+0 1.70948e-1
3.69966e+0 1.91946e-1
3.98760e+0 2.13733e-1
4.14495e+0 2.29855e-1
4.26217e+0 2.43916e-1
4.39072e+0 2.59268e-1
4.70542e+0 2.73998e-1
4.97590e+0 3.05021e-1
5.14867e+0 3.18747e-1
5.40782e+0 3.42604e-1
5.66696e+0 3.61232e-1
5.92611e+0 3.87377e-1
6.18526e+0 4.05351e-1
6.35803e+0 4.22018e-1
6.61717e+0 4.43806e-1
4.85551e+0 2.89988e-1
6.87632e+0 4.59928e-1
7.04909e+0 4.73654e-1
7.30824e+0 4.91955e-1
7.56738e+0 5.08622e-1
7.82653e+0 5.29865e-1
8.17206e+0 5.48166e-1
8.51759e+0 5.67121e-1
8.86313e+0 5.86076e-1
9.20866e+0 6.04377e-1
9.72695e+0 6.23332e-1
1.00725e+1 6.41960e-1
1.05908e+1 6.60588e-1
1.11955e+1 6.79543e-1
1.18865e+1 6.98498e-1
1.25776e+1 7.17126e-1
1.32686e+1 7.35427e-1
1.42189e+1 7.54382e-1
1.52554e+1 7.73337e-1
1.64648e+1 7.91965e-1
1.77605e+1 8.10593e-1
1.94018e+1 8.29221e-1
2.12159e+1 8.46542e-1
2.33754e+1 8.63699e-1
2.57653e+1 8.79767e-1
2.81265e+1 8.92186e-1
3.03724e+1 9.02426e-1
3.31367e+1 9.12884e-1
3.53826e+1 9.20074e-1
3.78013e+1 9.27427e-1
4.03928e+1 9.34061e-1
4.26388e+1 9.38767e-1
4.52303e+1 9.44257e-1
4.78217e+1 9.48441e-1
5.01541e+1 9.51937e-1
5.26592e+1 9.55369e-1
5.51643e+1 9.58637e-1
5.72807e+1 9.61251e-1
6.03184e+1 9.64737e-1
6.26796e+1 9.67265e-1
6.50983e+1 9.68441e-1
6.75170e+1 9.71056e-1
6.97630e+1 9.72853e-1
7.20089e+1 9.73670e-1
7.44276e+1 9.75631e-1
7.69327e+1 9.77592e-1
7.94378e+1 9.78409e-1
8.18565e+1 9.80206e-1
8.43616e+1 9.81514e-1
8.97050e+1 9.84120e-1
9.17906e+1 9.84782e-1
9.42957e+1 9.85762e-1
9.67144e+1 9.86742e-1
8.71148e+1 9.83099e-1
9.97725e+1 9.87324e-1
1.04612e+2 9.88732e-1
1.07777e+2 9.90141e-1
1.02378e+2 9.88732e-1
1.11686e+2 9.91549e-1
1.18014e+2 9.92958e-1
1.23226e+2 9.94366e-1
1.28811e+2 9.97183e-1
1.42958e+2 1.00000e+0
