0 1.060859
1 1.051939
2 1.025798
3 9.842032E-1
4 9.298236E-1
5 8.658852E-1
6 7.957944E-1
7 7.228010E-1
8 6.497475E-1
9 5.789205E-1
10 5.120019E-1
11 4.500961E-1
12 3.938069E-1
13 3.433377E-1
14 2.985953E-1
15 2.592847E-1
16 2.249879E-1
17 1.952245E-1
18 1.694964E-1
19 1.473167E-1
20 1.282286E-1
21 1.118152E-1
22 9.770391E-2
23 8.556667E-2
24 7.511792E-2
25 6.611121E-2
26 5.833517E-2
27 5.160930E-2
28 4.577995E-2
29 4.071661E-2
30 3.630860E-2
31 3.246204E-2
32 2.909737E-2
33 2.614706E-2
34 2.355376E-2
35 2.126872E-2
36 1.925041E-2
37 1.746345E-2
38 1.587757E-2
39 1.446691E-2
40 1.320924E-2
41 1.208547E-2
42 1.107916E-2
43 1.017612E-2
44 9.364060E-3
45 8.632351E-3
46 7.971744E-3
47 7.374187E-3
48 6.832653E-3
49 6.340998E-3
50 5.893841E-3
51 5.486458E-3
52 5.114697E-3
53 4.774892E-3
54 4.463807E-3
55 4.178579E-3
56 3.916667E-3
57 3.675819E-3
58 3.454030E-3
59 3.249514E-3
60 3.060676E-3
61 2.886086E-3
62 2.724466E-3
63 2.574669E-3
64 2.435666E-3
65 2.306531E-3
66 2.186427E-3
67 2.074600E-3
68 1.970368E-3
69 1.873113E-3
70 1.782277E-3
71 1.697352E-3
72 1.617878E-3
73 1.543436E-3
74 1.473641E-3
75 1.408146E-3
76 1.346632E-3
77 1.288809E-3
78 1.234410E-3
79 1.183192E-3
80 1.134930E-3
81 1.089420E-3
82 1.046470E-3
83 1.005909E-3
84 9.675760E-4
85 9.313239E-4
86 8.970168E-4
87 8.645283E-4
88 8.337420E-4
89 8.045504E-4
90 7.768539E-4
91 7.505607E-4
92 7.255854E-4
93 7.018481E-4
94 6.792747E-4
95 6.577964E-4
96 6.373493E-4
97 6.178742E-4
98 5.993159E-4
99 5.816226E-4
100 5.647458E-4
101 5.486402E-4
102 5.332636E-4
103 5.185767E-4
104 5.045430E-4
105 4.911280E-4
106 4.782993E-4
107 4.660263E-4
108 4.542803E-4
109 4.430348E-4
110 4.322648E-4
111 4.219470E-4
112 4.120592E-4
113 4.025804E-4
114 3.934907E-4
115 3.847716E-4
116 3.764059E-4
117 3.683773E-4
118 3.606705E-4
119 3.532708E-4
120 3.461641E-4
121 3.393373E-4
122 3.327783E-4
123 3.264754E-4
124 3.204179E-4
125 3.145954E-4
126 3.089979E-4
127 3.036159E-4
128 2.984406E-4
129 2.934636E-4
130 2.886774E-4
131 2.840744E-4
132 2.796475E-4
133 2.753897E-4
134 2.712946E-4
135 2.673561E-4
136 2.635686E-4
137 2.599268E-4
138 2.564254E-4
139 2.530596E-4
140 2.498243E-4
141 2.467152E-4
142 2.437281E-4
143 2.408591E-4
144 2.381045E-4
145 2.354608E-4
146 2.329243E-4
147 2.304916E-4
148 2.281596E-4
149 2.259255E-4
150 2.237868E-4
151 2.217408E-4
152 2.197850E-4
153 2.179167E-4
154 2.161336E-4
155 2.144338E-4
156 2.128153E-4
157 2.112765E-4
158 2.098154E-4
159 2.084302E-4
160 2.071193E-4
161 2.058809E-4
162 2.047140E-4
163 2.036174E-4
164 2.025900E-4
165 2.016304E-4
166 2.007375E-4
167 1.999100E-4
168 1.991472E-4
169 1.984484E-4
170 1.978131E-4
171 1.972406E-4
172 1.967301E-4
173 1.962807E-4
174 1.958919E-4
175 1.955634E-4
176 1.952952E-4
177 1.950873E-4
178 1.949395E-4
179 1.948511E-4
180 1.948217E-4
