0 10.10059
1 10.04293
2 9.872683
3 9.597706
4 9.230264
5 8.785887
6 8.282045
7 7.736805
8 7.167640
9 6.590477
10 6.019059
11 5.464599
12 4.935703
13 4.438493
14 3.976863
15 3.552819
16 3.166840
17 2.818226
18 2.505426
19 2.226308
20 1.978385
21 1.758995
22 1.565437
23 1.395063
24 1.245352
25 1.113947
26 9.986822E-1
27 8.975900E-1
28 8.089033E-1
29 7.310471E-1
30 6.626282E-1
31 6.024205E-1
32 5.493507E-1
33 5.024826E-1
34 4.610023E-1
35 4.242040E-1
36 3.914768E-1
37 3.622930E-1
38 3.361968E-1
39 3.127954E-1
40 2.917499E-1
41 2.727681E-1
42 2.555978E-1
43 2.400217E-1
44 2.258518E-1
45 2.129255E-1
46 2.011022E-1
47 1.902597E-1
48 1.802920E-1
49 1.711067E-1
50 1.626232E-1
51 1.547710E-1
52 1.474884E-1
53 1.407210E-1
54 1.344211E-1
55 1.285461E-1
56 1.230588E-1
57 1.179257E-1
58 1.131173E-1
59 1.086070E-1
60 1.043711E-1
61 1.003881E-1
62 9.663884E-2
63 9.310595E-2
64 8.977367E-2
65 8.662769E-2
66 8.365501E-2
67 8.084376E-2
68 7.818309E-2
69 7.566304E-2
70 7.327448E-2
71 7.100902E-2
72 6.885891E-2
73 6.681703E-2
74 6.487676E-2
75 6.303200E-2
76 6.127708E-2
77 5.960672E-2
78 5.801604E-2
79 5.650049E-2
80 5.505582E-2
81 5.367808E-2
82 5.236357E-2
83 5.110884E-2
84 4.991066E-2
85 4.876601E-2
86 4.767202E-2
87 4.662608E-2
88 4.562568E-2
89 4.466848E-2
90 4.375228E-2
91 4.287501E-2
92 4.203471E-2
93 4.122957E-2
94 4.045785E-2
95 3.971793E-2
96 3.900828E-2
97 3.832745E-2
98 3.767407E-2
99 3.704686E-2
100 3.644459E-2
101 3.586611E-2
102 3.531035E-2
103 3.477626E-2
104 3.426287E-2
105 3.376926E-2
106 3.329456E-2
107 3.283793E-2
108 3.239860E-2
109 3.197581E-2
110 3.156888E-2
111 3.117711E-2
112 3.079989E-2
113 3.043660E-2
114 3.008667E-2
115 2.974955E-2
116 2.942474E-2
117 2.911174E-2
118 2.881008E-2
119 2.851931E-2
120 2.823902E-2
121 2.796879E-2
122 2.770825E-2
123 2.745703E-2
124 2.721478E-2
125 2.698118E-2
126 2.675590E-2
127 2.653864E-2
128 2.632912E-2
129 2.612706E-2
130 2.593221E-2
131 2.574431E-2
132 2.556313E-2
133 2.538845E-2
134 2.522003E-2
135 2.505769E-2
136 2.490121E-2
137 2.475043E-2
138 2.460515E-2
139 2.446520E-2
140 2.433043E-2
141 2.420067E-2
142 2.407578E-2
143 2.395561E-2
144 2.384004E-2
145 2.372893E-2
146 2.362216E-2
147 2.351962E-2
148 2.342118E-2
149 2.332675E-2
150 2.323622E-2
151 2.314950E-2
152 2.306650E-2
153 2.298712E-2
154 2.291129E-2
155 2.283892E-2
156 2.276995E-2
157 2.270430E-2
158 2.264190E-2
159 2.258269E-2
160 2.252662E-2
161 2.247362E-2
162 2.242364E-2
163 2.237663E-2
164 2.233255E-2
165 2.229136E-2
166 2.225300E-2
167 2.221745E-2
168 2.218467E-2
169 2.215462E-2
170 2.212729E-2
171 2.210264E-2
172 2.208064E-2
173 2.206128E-2
174 2.204454E-2
175 2.203041E-2
176 2.201886E-2
177 2.200989E-2
178 2.200348E-2
179 2.199965E-2
180 2.199837E-2
