0 1.561927
1 1.560519
2 1.556306
3 1.549319
4 1.539614
5 1.527262
6 1.512356
7 1.495006
8 1.475338
9 1.453492
10 1.429618
11 1.403878
12 1.376442
13 1.347484
14 1.317180
15 1.285711
16 1.253253
17 1.219982
18 1.186069
19 1.151679
20 1.116969
21 1.082091
22 1.047184
23 1.012380
24 9.777996E-1
25 9.435535E-1
26 9.097417E-1
27 8.764536E-1
28 8.437681E-1
29 8.117540E-1
30 7.804706E-1
31 7.499676E-1
32 7.202858E-1
33 6.914581E-1
34 6.635094E-1
35 6.364578E-1
36 6.103147E-1
37 5.850859E-1
38 5.607717E-1
39 5.373679E-1
40 5.148662E-1
41 4.932547E-1
42 4.725182E-1
43 4.526392E-1
44 4.335979E-1
45 4.153725E-1
46 3.979400E-1
47 3.812763E-1
48 3.653562E-1
49 3.501541E-1
50 3.356442E-1
51 3.218003E-1
52 3.085964E-1
53 2.960066E-1
54 2.840055E-1
55 2.725678E-1
56 2.616691E-1
57 2.512852E-1
58 2.413930E-1
59 2.319697E-1
60 2.229934E-1
61 2.144429E-1
62 2.062980E-1
63 1.985390E-1
64 1.911471E-1
65 1.841043E-1
66 1.773933E-1
67 1.709977E-1
68 1.649017E-1
69 1.590904E-1
70 1.535493E-1
71 1.482650E-1
72 1.432244E-1
73 1.384152E-1
74 1.338258E-1
75 1.294451E-1
76 1.252625E-1
77 1.212680E-1
78 1.174521E-1
79 1.138059E-1
80 1.103209E-1
81 1.069889E-1
82 1.038024E-1
83 1.007541E-1
84 9.783718E-2
85 9.504515E-2
86 9.237188E-2
87 8.981155E-2
88 8.735866E-2
89 8.500802E-2
90 8.275469E-2
91 8.059401E-2
92 7.852157E-2
93 7.653318E-2
94 7.462489E-2
95 7.279296E-2
96 7.103381E-2
97 6.934411E-2
98 6.772066E-2
99 6.616045E-2
100 6.466061E-2
101 6.321844E-2
102 6.183136E-2
103 6.049694E-2
104 5.921287E-2
105 5.797695E-2
106 5.678712E-2
107 5.564139E-2
108 5.453789E-2
109 5.347484E-2
110 5.245056E-2
111 5.146343E-2
112 5.051195E-2
113 4.959465E-2
114 4.871016E-2
115 4.785717E-2
116 4.703444E-2
117 4.624079E-2
118 4.547508E-2
119 4.473625E-2
120 4.402328E-2
121 4.333519E-2
122 4.267107E-2
123 4.203002E-2
124 4.141122E-2
125 4.081385E-2
126 4.023718E-2
127 3.968045E-2
128 3.914299E-2
129 3.862413E-2
130 3.812325E-2
131 3.763974E-2
132 3.717304E-2
133 3.672259E-2
134 3.628788E-2
135 3.586841E-2
136 3.546370E-2
137 3.507331E-2
138 3.469680E-2
139 3.433375E-2
140 3.398379E-2
141 3.364653E-2
142 3.332161E-2
143 3.300870E-2
144 3.270747E-2
145 3.241761E-2
146 3.213882E-2
147 3.187082E-2
148 3.161335E-2
149 3.136614E-2
150 3.112895E-2
151 3.090156E-2
152 3.068373E-2
153 3.047527E-2
154 3.027597E-2
155 3.008564E-2
156 2.990411E-2
157 2.973120E-2
158 2.956676E-2
159 2.941062E-2
160 2.926266E-2
161 2.912272E-2
162 2.899070E-2
163 2.886646E-2
164 2.874989E-2
165 2.864089E-2
166 2.853937E-2
167 2.844523E-2
168 2.835839E-2
169 2.827877E-2
170 2.820631E-2
171 2.814094E-2
172 2.808260E-2
173 2.803124E-2
174 2.798682E-2
175 2.794929E-2
176 2.791864E-2
177 2.789482E-2
178 2.787782E-2
179 2.786763E-2
180 2.786424E-2
