0 6.334533
1 6.329233
2 6.313368
3 6.287045
4 6.250440
5 6.203798
6 6.147426
7 6.081692
8 6.007020
9 5.923883
10 5.832800
11 5.734327
12 5.629051
13 5.517585
14 5.400561
15 5.278619
16 5.152408
17 5.022573
18 4.889753
19 4.754573
20 4.617642
21 4.479544
22 4.340839
23 4.202055
24 4.063689
25 3.926202
26 3.790019
27 3.655526
28 3.523073
29 3.392968
30 3.265483
31 3.140852
32 3.019273
33 2.900906
34 2.785881
35 2.674293
36 2.566210
37 2.461670
38 2.360688
39 2.263253
40 2.169335
41 2.078885
42 1.991837
43 1.908113
44 1.827620
45 1.750256
46 1.675914
47 1.604476
48 1.535822
49 1.469831
50 1.406376
51 1.345333
52 1.286579
53 1.229992
54 1.175453
55 1.122848
56 1.072067
57 1.023006
58 9.755640E-1
59 9.296495E-1
60 8.851758E-1
61 8.420631E-1
62 8.002383E-1
63 7.596357E-1
64 7.201961E-1
65 6.818674E-1
66 6.446046E-1
67 6.083691E-1
68 5.731290E-1
69 5.388589E-1
70 5.055393E-1
71 4.731568E-1
72 4.417035E-1
73 4.111768E-1
74 3.815792E-1
75 3.529177E-1
76 3.252037E-1
77 2.984526E-1
78 2.726835E-1
79 2.479188E-1
80 2.241836E-1
81 2.015060E-1
82 1.799161E-1
83 1.594461E-1
84 1.401296E-1
85 1.220017E-1
86 1.050983E-1
87 8.945612E-2
88 7.511214E-2
89 6.210345E-2
90 5.046694E-2
91 4.023905E-2
92 3.145550E-2
93 2.415106E-2
94 1.835934E-2
95 1.411250E-2
96 1.144113E-2
97 1.037401E-2
98 1.093792E-2
99 1.315750E-2
100 1.705508E-2
101 2.265051E-2
102 2.996105E-2
103 3.900126E-2
104 4.978286E-2
105 6.231462E-2
106 7.660231E-2
107 9.264860E-2
108 1.104530E-1
109 1.300118E-1
110 1.513180E-1
111 1.743613E-1
112 1.991281E-1
113 2.256014E-1
114 2.537610E-1
115 2.835832E-1
116 3.150410E-1
117 3.481041E-1
118 3.827390E-1
119 4.189089E-1
120 4.565736E-1
121 4.956902E-1
122 5.362123E-1
123 5.780908E-1
124 6.212735E-1
125 6.657054E-1
126 7.113289E-1
127 7.580835E-1
128 8.059063E-1
129 8.547319E-1
130 9.044927E-1
131 9.551187E-1
132 1.006538
133 1.058677
134 1.111459
135 1.164808
136 1.218644
137 1.272887
138 1.327456
139 1.382268
140 1.437239
141 1.492285
142 1.547321
143 1.602262
144 1.657021
145 1.711514
146 1.765654
147 1.819356
148 1.872534
149 1.925104
150 1.976982
151 2.028083
152 2.078326
153 2.127631
154 2.175915
155 2.223103
156 2.269116
157 2.313879
158 2.357319
159 2.399365
160 2.439949
161 2.479002
162 2.516461
163 2.552263
164 2.586351
165 2.618666
166 2.649156
167 2.677770
168 2.704460
169 2.729182
170 2.751896
171 2.772561
172 2.791146
173 2.807617
174 2.821949
175 2.834117
176 2.844100
177 2.851882
178 2.857450
179 2.860794
180 2.861910
