0 18.01349
1 17.84800
2 17.36394
3 16.59667
4 15.59913
5 14.43447
6 13.16829
7 11.86192
8 10.56765
9 9.326285
10 8.166628
11 7.106403
12 6.154053
13 5.310847
14 4.572943
15 3.933195
16 3.382598
17 2.911373
18 2.509720
19 2.168314
20 1.878584
21 1.632857
22 1.424394
23 1.247359
24 1.096758
25 9.683542E-1
26 8.585755E-1
27 7.644265E-1
28 6.834038E-1
29 6.134209E-1
30 5.527407E-1
31 4.999186E-1
32 4.537528E-1
33 4.132428E-1
34 3.775547E-1
35 3.459922E-1
36 3.179729E-1
37 2.930081E-1
38 2.706866E-1
39 2.506616E-1
40 2.326394E-1
41 2.163704E-1
42 2.016421E-1
43 1.882723E-1
44 1.761047E-1
45 1.650045E-1
46 1.548552E-1
47 1.455553E-1
48 1.370166E-1
49 1.291619E-1
50 1.219234E-1
51 1.152414E-1
52 1.090631E-1
53 1.033419E-1
54 9.803625E-2
55 9.310912E-2
56 8.852747E-2
57 8.426167E-2
58 8.028514E-2
59 7.657396E-2
60 7.310657E-2
61 6.986347E-2
62 6.682698E-2
63 6.398113E-2
64 6.131133E-2
65 5.880436E-2
66 5.644813E-2
67 5.423165E-2
68 5.214482E-2
69 5.017842E-2
70 4.832400E-2
71 4.657381E-2
72 4.492071E-2
73 4.335814E-2
74 4.188006E-2
75 4.048090E-2
76 3.915551E-2
77 3.789917E-2
78 3.670747E-2
79 3.557635E-2
80 3.450205E-2
81 3.348106E-2
82 3.251016E-2
83 3.158635E-2
84 3.070683E-2
85 2.986899E-2
86 2.907041E-2
87 2.830883E-2
88 2.758218E-2
89 2.688846E-2
90 2.622587E-2
91 2.559269E-2
92 2.498731E-2
93 2.440824E-2
94 2.385410E-2
95 2.332356E-2
96 2.281540E-2
97 2.232846E-2
98 2.186166E-2
99 2.141399E-2
100 2.098449E-2
101 2.057229E-2
102 2.017653E-2
103 1.979641E-2
104 1.943119E-2
105 1.908017E-2
106 1.874269E-2
107 1.841812E-2
108 1.810588E-2
109 1.780540E-2
110 1.751617E-2
111 1.723769E-2
112 1.696949E-2
113 1.671113E-2
114 1.646219E-2
115 1.622227E-2
116 1.599100E-2
117 1.576802E-2
118 1.555301E-2
119 1.534563E-2
120 1.514559E-2
121 1.495259E-2
122 1.476637E-2
123 1.458668E-2
124 1.441325E-2
125 1.424588E-2
126 1.408431E-2
127 1.392836E-2
128 1.377782E-2
129 1.363250E-2
130 1.349223E-2
131 1.335682E-2
132 1.322611E-2
133 1.309996E-2
134 1.297820E-2
135 1.286071E-2
136 1.274735E-2
137 1.263798E-2
138 1.253249E-2
139 1.243076E-2
140 1.233268E-2
141 1.223815E-2
142 1.214707E-2
143 1.205933E-2
144 1.197486E-2
145 1.189356E-2
146 1.181535E-2
147 1.174016E-2
148 1.166790E-2
149 1.159851E-2
150 1.153192E-2
151 1.146806E-2
152 1.140689E-2
153 1.134833E-2
154 1.129233E-2
155 1.123884E-2
156 1.118782E-2
157 1.113921E-2
158 1.109297E-2
159 1.104906E-2
160 1.100745E-2
161 1.096807E-2
162 1.093092E-2
163 1.089595E-2
164 1.086315E-2
165 1.083247E-2
166 1.080388E-2
167 1.077739E-2
168 1.075291E-2
169 1.073049E-2
170 1.071008E-2
171 1.069166E-2
172 1.067523E-2
173 1.066075E-2
174 1.064823E-2
175 1.063766E-2
176 1.062903E-2
177 1.062232E-2
178 1.061752E-2
179 1.061464E-2
180 1.061368E-2
