0 21.82266
1 20.05604
2 15.82582
3 11.15536
4 7.344230
5 4.686862
6 2.976657
7 1.913381
8 1.257006
9 8.480820E-1
10 5.885586E-1
11 4.199511E-1
12 3.075853E-1
13 2.307504E-1
14 1.768878E-1
15 1.382337E-1
16 1.098858E-1
17 8.867892E-2
18 7.252548E-2
19 6.001858E-2
20 5.019134E-2
21 4.236621E-2
22 3.606023E-2
23 3.092312E-2
24 2.669717E-2
25 2.318979E-2
26 2.025535E-2
27 1.778222E-2
28 1.568396E-2
29 1.389281E-2
30 1.235527E-2
31 1.102858E-2
32 9.878366E-3
33 8.876736E-3
34 8.000914E-3
35 7.232152E-3
36 6.554947E-3
37 5.956384E-3
38 5.425656E-3
39 4.953669E-3
40 4.532736E-3
41 4.156330E-3
42 3.818884E-3
43 3.515635E-3
44 3.242487E-3
45 2.995910E-3
46 2.772849E-3
47 2.570655E-3
48 2.387017E-3
49 2.219925E-3
50 2.067612E-3
51 1.928533E-3
52 1.801325E-3
53 1.684789E-3
54 1.577863E-3
55 1.479608E-3
56 1.389189E-3
57 1.305865E-3
58 1.228974E-3
59 1.157926E-3
60 1.092192E-3
61 1.031300E-3
62 9.748256E-4
63 9.223864E-4
64 8.736386E-4
65 8.282725E-4
66 7.860079E-4
67 7.465917E-4
68 7.097945E-4
69 6.754082E-4
70 6.432438E-4
71 6.131296E-4
72 5.849089E-4
73 5.584393E-4
74 5.335903E-4
75 5.102431E-4
76 4.882888E-4
77 4.676275E-4
78 4.481679E-4
79 4.298261E-4
80 4.125248E-4
81 3.961932E-4
82 3.807659E-4
83 3.661828E-4
84 3.523882E-4
85 3.393310E-4
86 3.269636E-4
87 3.152424E-4
88 3.041267E-4
89 2.935789E-4
90 2.835640E-4
91 2.740499E-4
92 2.650062E-4
93 2.564053E-4
94 2.482210E-4
95 2.404291E-4
96 2.330071E-4
97 2.259339E-4
98 2.191899E-4
99 2.127568E-4
100 2.066175E-4
101 2.007559E-4
102 1.951572E-4
103 1.898072E-4
104 1.846930E-4
105 1.798020E-4
106 1.751229E-4
107 1.706448E-4
108 1.663575E-4
109 1.622514E-4
110 1.583177E-4
111 1.545477E-4
112 1.509337E-4
113 1.474681E-4
114 1.441439E-4
115 1.409543E-4
116 1.378933E-4
117 1.349547E-4
118 1.321333E-4
119 1.294234E-4
120 1.268204E-4
121 1.243194E-4
122 1.219160E-4
123 1.196060E-4
124 1.173855E-4
125 1.152506E-4
126 1.131978E-4
127 1.112238E-4
128 1.093253E-4
129 1.074994E-4
130 1.057431E-4
131 1.040537E-4
132 1.024287E-4
133 1.008656E-4
134 9.936206E-5
135 9.791595E-5
136 9.652503E-5
137 9.518751E-5
138 9.390128E-5
139 9.266478E-5
140 9.147606E-5
141 9.033378E-5
142 8.923611E-5
143 8.818188E-5
144 8.716942E-5
145 8.619770E-5
146 8.526519E-5
147 8.437098E-5
148 8.351366E-5
149 8.269243E-5
150 8.190603E-5
151 8.115372E-5
152 8.043439E-5
153 7.974734E-5
154 7.909161E-5
155 7.846656E-5
156 7.787133E-5
157 7.730532E-5
158 7.676782E-5
159 7.625824E-5
160 7.577601E-5
161 7.532052E-5
162 7.489137E-5
163 7.448793E-5
164 7.410994E-5
165 7.375676E-5
166 7.342825E-5
167 7.312376E-5
168 7.284329E-5
169 7.258617E-5
170 7.235253E-5
171 7.214165E-5
172 7.195383E-5
173 7.178830E-5
174 7.164548E-5
175 7.152459E-5
176 7.142617E-5
177 7.134939E-5
178 7.129497E-5
179 7.126194E-5
180 7.125163E-5
