0 13.67188
1 13.00708
2 11.27204
3 9.046371
4 6.865566
5 5.027252
6 3.610996
7 2.576102
8 1.841456
9 1.326788
10 9.672355E-1
11 7.150202E-1
12 5.365756E-1
13 4.088783E-1
14 3.162966E-1
15 2.482369E-1
16 1.974946E-1
17 1.591334E-1
18 1.297396E-1
19 1.069261E-1
20 8.900392E-2
21 7.476353E-2
22 6.332795E-2
23 5.405369E-2
24 4.646320E-2
25 4.019760E-2
26 3.498470E-2
27 3.061576E-2
28 2.692909E-2
29 2.379840E-2
30 2.112410E-2
31 1.882706E-2
32 1.684388E-2
33 1.512342E-2
34 1.362415E-2
35 1.231210E-2
36 1.115932E-2
37 1.014269E-2
38 9.242978E-3
39 8.444086E-3
40 7.732490E-3
41 7.096772E-3
42 6.527241E-3
43 6.015647E-3
44 5.554932E-3
45 5.139035E-3
46 4.762735E-3
47 4.421518E-3
48 4.111466E-3
49 3.829171E-3
50 3.571657E-3
51 3.336319E-3
52 3.120869E-3
53 2.923294E-3
54 2.741818E-3
55 2.574870E-3
56 2.421056E-3
57 2.279139E-3
58 2.148015E-3
59 2.026700E-3
60 1.914316E-3
61 1.810074E-3
62 1.713265E-3
63 1.623255E-3
64 1.539471E-3
65 1.461395E-3
66 1.388561E-3
67 1.320547E-3
68 1.256968E-3
69 1.197479E-3
70 1.141762E-3
71 1.089531E-3
72 1.040522E-3
73 9.944976E-4
74 9.512384E-4
75 9.105445E-4
76 8.722336E-4
77 8.361365E-4
78 8.020986E-4
79 7.699829E-4
80 7.396539E-4
81 7.109944E-4
82 6.838923E-4
83 6.582468E-4
84 6.339633E-4
85 6.109542E-4
86 5.891397E-4
87 5.684448E-4
88 5.488007E-4
89 5.301427E-4
90 5.124118E-4
91 4.955521E-4
92 4.795126E-4
93 4.642453E-4
94 4.497052E-4
95 4.358515E-4
96 4.226446E-4
97 4.100489E-4
98 3.980302E-4
99 3.865571E-4
100 3.756001E-4
101 3.651315E-4
102 3.551255E-4
103 3.455574E-4
104 3.364049E-4
105 3.276466E-4
106 3.192621E-4
107 3.112332E-4
108 3.035415E-4
109 2.961710E-4
110 2.891055E-4
111 2.823306E-4
112 2.758325E-4
113 2.695977E-4
114 2.636145E-4
115 2.578706E-4
116 2.523555E-4
117 2.470586E-4
118 2.419702E-4
119 2.370813E-4
120 2.323826E-4
121 2.278664E-4
122 2.235245E-4
123 2.193498E-4
124 2.153351E-4
125 2.114736E-4
126 2.077596E-4
127 2.041864E-4
128 2.007490E-4
129 1.974417E-4
130 1.942594E-4
131 1.911976E-4
132 1.882516E-4
133 1.854164E-4
134 1.826887E-4
135 1.800644E-4
136 1.775397E-4
137 1.751109E-4
138 1.727752E-4
139 1.705286E-4
140 1.683688E-4
141 1.662925E-4
142 1.642970E-4
143 1.623800E-4
144 1.605386E-4
145 1.587709E-4
146 1.570741E-4
147 1.554467E-4
148 1.538863E-4
149 1.523910E-4
150 1.509593E-4
151 1.495889E-4
152 1.482788E-4
153 1.470270E-4
154 1.458323E-4
155 1.446933E-4
156 1.436083E-4
157 1.425767E-4
158 1.415967E-4
159 1.406677E-4
160 1.397883E-4
161 1.389576E-4
162 1.381750E-4
163 1.374390E-4
164 1.367496E-4
165 1.361052E-4
166 1.355057E-4
167 1.349504E-4
168 1.344382E-4
169 1.339694E-4
170 1.335426E-4
171 1.331581E-4
172 1.328150E-4
173 1.325131E-4
174 1.322523E-4
175 1.320316E-4
176 1.318520E-4
177 1.317119E-4
178 1.316123E-4
179 1.315525E-4
180 1.315317E-4
