0 1.025655
1 9.439064E-1
2 7.469109E-1
3 5.277527E-1
4 3.481001E-1
5 2.226730E-1
6 1.419034E-1
7 9.156710E-2
8 6.033731E-2
9 4.074255E-2
10 2.820983E-2
11 2.001014E-2
12 1.451792E-2
13 1.075349E-2
14 8.116536E-3
15 6.231477E-3
16 4.858499E-3
17 3.841192E-3
18 3.075481E-3
19 2.490827E-3
20 2.038487E-3
21 1.684299E-3
22 1.403858E-3
23 1.179554E-3
24 9.984450E-4
25 8.509446E-4
26 7.298429E-4
27 6.296694E-4
28 5.462325E-4
29 4.762789E-4
30 4.172791E-4
31 3.672286E-4
32 3.245489E-4
33 2.879673E-4
34 2.564677E-4
35 2.292213E-4
36 2.055554E-4
37 1.849181E-4
38 1.668525E-4
39 1.509836E-4
40 1.369947E-4
41 1.246255E-4
42 1.136526E-4
43 1.038916E-4
44 9.518321E-5
45 8.739367E-5
46 8.040816E-5
47 7.412788E-5
48 6.846926E-5
49 6.335814E-5
50 5.873282E-5
51 5.453722E-5
52 5.072489E-5
53 4.725333E-5
54 4.408677E-5
55 4.119306E-5
56 3.854405E-5
57 3.611539E-5
58 3.388462E-5
59 3.183315E-5
60 2.994301E-5
61 2.819970E-5
62 2.658897E-5
63 2.509916E-5
64 2.371916E-5
65 2.243927E-5
66 2.125093E-5
67 2.014597E-5
68 1.911777E-5
69 1.815944E-5
70 1.726575E-5
71 1.643101E-5
72 1.565089E-5
73 1.492084E-5
74 1.423710E-5
75 1.359615E-5
76 1.299462E-5
77 1.242981E-5
78 1.189872E-5
79 1.139924E-5
80 1.092879E-5
81 1.048560E-5
82 1.006755E-5
83 9.673049E-6
84 9.300459E-6
85 8.948244E-6
86 8.615202E-6
87 8.299869E-6
88 8.001344E-6
89 7.718299E-6
90 7.449990E-6
91 7.195309E-6
92 6.953540E-6
93 6.723843E-6
94 6.505470E-6
95 6.297834E-6
96 6.100159E-6
97 5.912048E-6
98 5.732750E-6
99 5.561957E-6
100 5.399023E-6
101 5.243635E-6
102 5.095306E-6
103 4.953664E-6
104 4.818395E-6
105 4.689062E-6
106 4.565489E-6
107 4.447215E-6
108 4.334133E-6
109 4.225825E-6
110 4.122175E-6
111 4.022866E-6
112 3.927720E-6
113 3.836547E-6
114 3.749096E-6
115 3.665288E-6
116 3.584823E-6
117 3.507688E-6
118 3.433671E-6
119 3.362505E-6
120 3.294214E-6
121 3.228641E-6
122 3.165658E-6
123 3.105116E-6
124 3.046985E-6
125 2.991057E-6
126 2.937363E-6
127 2.885680E-6
128 2.836047E-6
129 2.788282E-6
130 2.742376E-6
131 2.698227E-6
132 2.655755E-6
133 2.614947E-6
134 2.575653E-6
135 2.537928E-6
136 2.501589E-6
137 2.466710E-6
138 2.433130E-6
139 2.400885E-6
140 2.369882E-6
141 2.340084E-6
142 2.311487E-6
143 2.283978E-6
144 2.257624E-6
145 2.232268E-6
146 2.208005E-6
147 2.184683E-6
148 2.162372E-6
149 2.140975E-6
150 2.120496E-6
151 2.100922E-6
152 2.082173E-6
153 2.064319E-6
154 2.047218E-6
155 2.030986E-6
156 2.015466E-6
157 2.000763E-6
158 1.986765E-6
159 1.973510E-6
160 1.960977E-6
161 1.949108E-6
162 1.937978E-6
163 1.927448E-6
164 1.917658E-6
165 1.908436E-6
166 1.899926E-6
167 1.891987E-6
168 1.884703E-6
169 1.878027E-6
170 1.871928E-6
171 1.866487E-6
172 1.861550E-6
173 1.857311E-6
174 1.853531E-6
175 1.850453E-6
176 1.847840E-6
177 1.845882E-6
178 1.844458E-6
179 1.843568E-6
180 1.843492E-6
