0 12.56290
1 12.54672
2 12.49835
3 12.41825
4 12.30718
5 12.16619
6 11.99660
7 11.79996
8 11.57805
9 11.33281
10 11.06636
11 10.78090
12 10.47874
13 10.16223
14 9.833705
15 9.495520
16 9.149962
17 8.799249
18 8.445503
19 8.090729
20 7.736803
21 7.385457
22 7.038270
23 6.696665
24 6.361904
25 6.035088
26 5.717162
27 5.408918
28 5.111001
29 4.823920
30 4.548052
31 4.283656
32 4.030881
33 3.789778
34 3.560309
35 3.342358
36 3.135743
37 2.940222
38 2.755505
39 2.581264
40 2.417135
41 2.262733
42 2.117654
43 1.981481
44 1.853791
45 1.734158
46 1.622160
47 1.517380
48 1.419407
49 1.327845
50 1.242307
51 1.162423
52 1.087840
53 1.018216
54 9.532332E-1
55 8.925864E-1
56 8.359902E-1
57 7.831762E-1
58 7.338935E-1
59 6.879083E-1
60 6.450031E-1
61 6.049765E-1
62 5.676425E-1
63 5.328295E-1
64 5.003801E-1
65 4.701499E-1
66 4.420071E-1
67 4.158315E-1
68 3.915136E-1
69 3.689544E-1
70 3.480641E-1
71 3.287618E-1
72 3.109746E-1
73 2.946368E-1
74 2.796897E-1
75 2.660806E-1
76 2.537626E-1
77 2.426934E-1
78 2.328359E-1
79 2.241564E-1
80 2.166253E-1
81 2.102161E-1
82 2.049049E-1
83 2.006705E-1
84 1.974939E-1
85 1.953576E-1
86 1.942460E-1
87 1.941445E-1
88 1.950398E-1
89 1.969192E-1
90 1.997708E-1
91 2.035832E-1
92 2.083449E-1
93 2.140451E-1
94 2.206727E-1
95 2.282165E-1
96 2.366651E-1
97 2.460068E-1
98 2.562297E-1
99 2.673211E-1
100 2.792681E-1
101 2.920571E-1
102 3.056737E-1
103 3.201031E-1
104 3.353298E-1
105 3.513373E-1
106 3.681087E-1
107 3.856262E-1
108 4.038711E-1
109 4.228243E-1
110 4.424655E-1
111 4.627739E-1
112 4.837280E-1
113 5.053053E-1
114 5.274828E-1
115 5.502366E-1
116 5.735423E-1
117 5.973747E-1
118 6.217079E-1
119 6.465155E-1
120 6.717703E-1
121 6.974447E-1
122 7.235105E-1
123 7.499391E-1
124 7.767011E-1
125 8.037669E-1
126 8.311065E-1
127 8.586894E-1
128 8.864847E-1
129 9.144614E-1
130 9.425880E-1
131 9.708330E-1
132 9.991645E-1
133 1.027551
134 1.055959
135 1.084358
136 1.112714
137 1.140996
138 1.169172
139 1.197209
140 1.225076
141 1.252740
142 1.280170
143 1.307335
144 1.334203
145 1.360743
146 1.386925
147 1.412719
148 1.438094
149 1.463023
150 1.487475
151 1.511424
152 1.534840
153 1.557698
154 1.579970
155 1.601631
156 1.622655
157 1.643019
158 1.662699
159 1.681671
160 1.699915
161 1.717408
162 1.734130
163 1.750062
164 1.765186
165 1.779483
166 1.792938
167 1.805533
168 1.817256
169 1.828092
170 1.838029
171 1.847054
172 1.855158
173 1.862331
174 1.868564
175 1.873851
176 1.878185
177 1.881561
178 1.883975
179 1.885425
180 1.885908
