49.817217871707676 13.191423953543174
51.95030698043128 12.879219962084695
54.174731361178196 12.574404963097846
56.49451018606721 12.262591792579604
58.91367915572713 11.951586881972757
61.43655793966649 11.63498481104151
64.06759761989461 11.313657172648396
66.81131239181218 11.00120375737392
69.67266122549783 10.684995621942695
72.65662360830855 10.371867539567813
75.76845671688463 10.062086533851502
79.01371903194797 9.750257386677708
82.39813821600502 9.437154364030471
85.92760567856699 9.128817197618552
89.60842730622994 8.820331510635091
93.44701136376284 8.517335983446875
97.45003003988786 8.22474894140294
101.62491708126632 7.923834813016535
105.97856012908315 7.638352619439163
110.51892656160727 7.354631875826619
115.25403382907561 7.073251855155387
120.1921287627071 6.798698431397842
125.3420383017872 6.527236961292296
130.7124822712435 6.270244963157426
136.31316067052964 6.019883819359695
142.15449466941763 5.762807023187658
148.24585901207394 5.523102431360345
154.59868496670754 5.284179208156456
161.2235959454949 5.058520391143565
168.1328833615592 4.834091776435904
175.33810230213052 4.622296547703456
182.8524466291849 4.41466409147176
190.68919375758244 4.21147735273977
198.86181063607964 4.017642367604683
207.3848909455326 3.830509589081181
216.2738867927765 3.645753083443754
225.5434529835141 3.4739295232505714
235.21121788617353 3.3025442672319714
245.29267921138478 3.1450740295090687
255.80722641047848 2.988181616314924
266.7724829546594 2.839115800869174
278.20776864057643 2.697486152359591
290.13350963572617 2.5614377992100663
302.5710434614988 2.429435372599908
315.5417533683848 2.3042356255771077
329.06849571500425 2.185487985422989
343.1754357594556 2.071659771602235
357.88747381340465 1.962623141572593
373.2305794382797 1.8582488427404682
389.2314641346257 1.7594252754909567
405.9191062612457 1.6639287605088164
423.3226088232473 1.5727044054900228
441.4714278967444 1.4882042212460993
460.3987703053244 1.4074288006070748
480.1389718539576 1.3287269843172966
500.72460011802616 1.2558799580399547
522.1938245473905 1.1856525805008264
544.5835701524466 1.1193522379656815
567.9338501034412 1.0561474773159185
592.2847593378381 0.9970889127201272
617.6821150525348 0.9391546225399544
644.1666641606947 0.8861248066183488
671.7880879723632 0.8351214427739749
700.5938994523651 0.7870537185866927
730.6362856075048 0.7408939725032714
761.9661980374386 0.6978454882124888
794.6410709422164 0.656537344950274
828.7155285845002 0.6183902704304052
864.2519383961717 0.5821224310321197
901.3139247311352 0.5473472834551706
939.9661531990897 0.5143515733930755
980.2750159016038 0.48362495830719604
1022.3114758375077 0.454997347467283
1066.1536235419203 0.4273212042291867
1111.8759554766436 0.4013285189470529
1159.5591039310389 0.3769168918513359
1209.2871591354403 0.3539901518476797
1261.1502362993394 0.3320731064474916
1315.2363202590413 0.31169350794603473
1371.6432722811933 0.2923952288019962
1430.4707386634536 0.2741329752937624
1491.8197852811668 0.25716022948758155
1555.8029115305362 0.2409590685704294
1622.5286742160984 0.225909385258665
1692.116192316164 0.21179966643600676
1764.6932784138028 0.19822648912801047
1840.3832910647955 0.18552314861123487
1919.3142262237075 0.1739358501950956
2001.6380538806666 0.162694920750409
2087.4969445515912 0.1520042851181452
2177.0240798534196 0.14259304923893057
2270.410388137448 0.13306907525719308
2367.7844601583465 0.12475792327154034
2469.3607895224864 0.11622306886144183
2575.2675086869435 0.10896407508186183
2685.7369921004083 0.10168622373102326
2800.9452091500766 0.09489446947452619
2921.07862708319 0.08886461144876621
3046.3850540915214 0.0828812136778688
3177.0728835081004 0.07721120031500416
3313.3544218591337 0.07209590762346814
3455.46191793498 0.0675538468110191
3603.698864239603 0.06293239887204337
3758.2878658861464 0.05869505884445212
3919.515837660643 0.0546796522979739
4087.652539174308 0.05099798302221547
4263.010029533698 0.04750914360513143
4445.8817092443405 0.044310276257266294
4636.606985303466 0.04127895169839326
4835.5049709254445 0.038499573230964305
5042.944817682356 0.035865766545500125
5259.278648232139 0.033431498708470044
5484.903354808866 0.03112637326091686
5720.245829843843 0.028862936086849023
5965.629011214341 0.026919547997618823
6221.5504041889635 0.025077946142438266
6488.444427335392 0.023375865200271195
6766.8461551100945 0.02167602687260044
7057.145981438898 0.020181449510646318
7359.878588364082 0.018822599929842185
7675.663855498649 0.01746397596457744
8004.967599363443 0.01624099924441285
8348.367213439138 0.015138696243255768
8706.581582871891 0.014029717771146965
9080.087961251611 0.013069926236857857
9469.662911376268 0.012140587514086303
9875.93336674799 0.01129039990910078
10299.643641702289 0.010493670403062169
10741.553092910784 0.009741872912153112
11202.39058071764 0.009059663785976394
11683.021470019998 0.00841547527113569
12184.2501301279 0.007826151833758366
12707.031401039076 0.007261256576101258
13252.21787339676 0.006744944028512403
13820.768690938765 0.006272605453240912
14413.780764298237 0.005816476233106131
15032.165318167066 0.005409156900961612
15677.170201515746 0.005012911513707905
16349.725729232347 0.0046672677243777905
17051.232207225792 0.004330382182195442
17782.82069021121 0.004020140833438975
18545.762638511707 0.003736451606642875
19341.530062171438 0.0034627395030864525
19827.192188395173 0.003363493407983779
