5.86275e-3 3.49172e+1
1.65430e-2 3.50015e+1
2.69320e-2 3.50118e+1
3.79035e-2 3.49936e+1
4.85837e-2 3.51491e+1
5.92640e-2 3.53257e+1
6.99442e-2 3.53284e+1
8.06245e-2 3.53152e+1
9.13047e-2 3.53969e+1
1.01985e-1 3.54997e+1
1.12665e-1 3.55076e+1
1.23345e-1 3.55393e+1
1.34026e-1 3.56842e+1
1.44706e-1 3.58714e+1
1.55386e-1 3.60612e+1
1.66066e-1 3.62352e+1
1.76747e-1 3.64118e+1
1.87427e-1 3.65937e+1
1.98107e-1 3.67281e+1
2.08787e-1 3.68678e+1
2.19468e-1 3.69864e+1
2.27721e-1 3.70492e+1
2.43984e-1 3.72438e+1
2.55295e-1 3.74677e+1
2.68014e-1 3.78247e+1
2.78694e-1 3.81410e+1
2.89375e-1 3.83940e+1
2.99839e-1 3.87036e+1
3.10735e-1 3.90003e+1
3.21415e-1 3.93298e+1
3.32096e-1 3.96224e+1
3.42776e-1 3.99071e+1
3.53456e-1 4.01786e+1
3.64136e-1 4.05266e+1
3.74817e-1 4.09009e+1
3.85497e-1 4.11486e+1
3.96177e-1 4.12708e+1
4.06857e-1 4.13543e+1
4.17538e-1 4.14465e+1
4.28218e-1 4.15546e+1
4.38898e-1 4.17183e+1
4.49578e-1 4.20062e+1
4.60259e-1 4.24946e+1
4.70939e-1 4.28548e+1
4.81619e-1 4.30861e+1
4.92299e-1 4.32100e+1
5.02980e-1 4.33761e+1
5.13660e-1 4.37000e+1
5.24340e-1 4.39283e+1
5.35020e-1 4.40535e+1
5.45701e-1 4.41563e+1
5.56381e-1 4.42723e+1
5.67061e-1 4.43962e+1
5.77741e-1 4.45254e+1
5.88422e-1 4.47948e+1
5.99102e-1 4.50165e+1
6.09782e-1 4.52445e+1
6.20462e-1 4.55402e+1
6.31143e-1 4.58354e+1
6.40991e-1 4.60911e+1
6.52309e-1 4.63173e+1
6.63183e-1 4.65234e+1
6.73863e-1 4.66869e+1
6.84544e-1 4.68529e+1
6.95224e-1 4.70375e+1
7.05904e-1 4.72536e+1
7.16584e-1 4.75119e+1
7.27265e-1 4.77044e+1
7.37945e-1 4.79205e+1
7.48625e-1 4.81129e+1
7.59305e-1 4.82948e+1
7.69986e-1 4.84793e+1
7.80302e-1 4.85848e+1
7.91346e-1 4.86797e+1
8.02026e-1 4.88036e+1
8.12707e-1 4.89732e+1
8.23387e-1 4.91328e+1
8.34067e-1 4.92359e+1
8.44747e-1 4.93624e+1
8.55428e-1 4.95047e+1
8.66108e-1 4.96444e+1
8.76788e-1 4.98211e+1
8.87468e-1 4.99318e+1
8.98149e-1 5.00007e+1
9.08829e-1 5.01189e+1
9.19509e-1 5.01400e+1
9.30189e-1 5.01716e+1
9.40870e-1 5.02639e+1
9.51550e-1 5.03193e+1
9.62230e-1 5.03509e+1
9.72910e-1 5.03535e+1
9.83591e-1 5.03873e+1
9.94271e-1 5.01477e+1
1.00495e+0 5.00056e+1
1.01563e+0 5.00662e+1
1.02631e+0 5.01637e+1
1.03699e+0 5.02771e+1
1.04767e+0 5.04528e+1
1.05835e+0 5.05776e+1
1.06962e+0 5.05043e+1
1.07971e+0 5.04247e+1
1.09039e+0 5.03720e+1
1.10107e+0 5.03535e+1
1.11175e+0 5.03430e+1
1.12243e+0 5.03140e+1
1.13311e+0 5.02797e+1
1.14282e+0 5.02440e+1
1.16030e+0 5.00926e+1
1.17098e+0 5.00267e+1
1.18166e+0 4.99581e+1
1.19234e+0 4.97973e+1
1.20302e+0 4.96207e+1
1.21424e+0 4.94128e+1
1.22438e+0 4.92517e+1
1.23506e+0 4.92227e+1
1.24574e+0 4.91041e+1
1.25642e+0 4.88879e+1
1.26786e+0 4.87040e+1
1.27778e+0 4.85083e+1
1.28846e+0 4.82745e+1
1.30053e+0 4.79552e+1
1.30982e+0 4.76543e+1
1.32050e+0 4.73801e+1
1.33118e+0 4.72009e+1
1.34186e+0 4.70928e+1
1.35254e+0 4.68635e+1
1.36322e+0 4.66315e+1
1.37390e+0 4.64338e+1
1.38459e+0 4.62282e+1
1.39527e+0 4.60147e+1
1.40595e+0 4.58144e+1
1.41663e+0 4.56167e+1
1.42731e+0 4.54928e+1
1.43799e+0 4.55196e+1
1.44867e+0 4.51896e+1
1.45935e+0 4.48311e+1
1.47003e+0 4.45517e+1
1.48071e+0 4.43356e+1
1.49139e+0 4.40430e+1
1.50207e+0 4.37575e+1
1.51275e+0 4.33023e+1
1.52343e+0 4.30454e+1
1.53411e+0 4.28647e+1
1.54479e+0 4.26722e+1
1.55547e+0 4.24825e+1
1.56615e+0 4.22689e+1
1.57683e+0 4.18799e+1
1.58751e+0 4.16179e+1
1.59819e+0 4.14228e+1
1.60887e+0 4.11328e+1
1.61955e+0 4.08271e+1
1.63023e+0 4.05186e+1
1.64091e+0 4.01707e+1
1.65159e+0 3.97015e+1
1.66217e+0 3.93612e+1
1.67295e+0 3.92481e+1
1.68363e+0 3.91295e+1
1.69431e+0 3.89001e+1
1.70499e+0 3.85917e+1
1.71567e+0 3.81937e+1
1.72635e+0 3.79301e+1
1.73703e+0 3.77588e+1
1.74771e+0 3.74679e+1
1.75839e+0 3.71683e+1
1.76907e+0 3.69574e+1
1.77975e+0 3.67755e+1
1.79043e+0 3.66174e+1
1.80111e+0 3.64592e+1
1.81179e+0 3.62352e+1
1.82248e+0 3.60480e+1
1.83316e+0 3.60295e+1
1.84384e+0 3.59294e+1
1.85452e+0 3.57000e+1
1.86520e+0 3.56104e+1
1.87588e+0 3.56895e+1
1.88656e+0 3.56631e+1
1.89724e+0 3.55867e+1
1.90792e+0 3.55577e+1
1.91860e+0 3.55208e+1
1.92928e+0 3.53521e+1
1.93996e+0 3.51764e+1
1.95064e+0 3.51342e+1
1.96132e+0 3.50832e+1
1.97200e+0 3.49435e+1
1.98268e+0 3.48987e+1
1.99336e+0 3.49462e+1
