1.65430e-2 3.39840e+1
2.72232e-2 3.38759e+1
3.79035e-2 3.37310e+1
4.85837e-2 3.36123e+1
5.92640e-2 3.35491e+1
6.99442e-2 3.38127e+1
8.06245e-2 3.40815e+1
9.13047e-2 3.41158e+1
1.01985e-1 3.41211e+1
1.12665e-1 3.41817e+1
1.23345e-1 3.41764e+1
1.34026e-1 3.40315e+1
1.44706e-1 3.41764e+1
1.55386e-1 3.46351e+1
1.66066e-1 3.48117e+1
1.76747e-1 3.48223e+1
1.87427e-1 3.50226e+1
1.98107e-1 3.52836e+1
2.09698e-1 3.53373e+1
2.20324e-1 3.55040e+1
2.29963e-1 3.55574e+1
2.40893e-1 3.57788e+1
2.51851e-1 3.59830e+1
2.62374e-1 3.61727e+1
2.72869e-1 3.64861e+1
2.84162e-1 3.68298e+1
2.94229e-1 3.70418e+1
3.04505e-1 3.74248e+1
3.15590e-1 3.77509e+1
3.26270e-1 3.81542e+1
3.36950e-1 3.86234e+1
3.47631e-1 3.89081e+1
3.58311e-1 3.91031e+1
3.68991e-1 3.94416e+1
3.79671e-1 3.96945e+1
3.90352e-1 3.99838e+1
4.00643e-1 4.02469e+1
4.11712e-1 4.06309e+1
4.22623e-1 4.09530e+1
4.32273e-1 4.12469e+1
4.43753e-1 4.16333e+1
4.54586e-1 4.17771e+1
4.65113e-1 4.19830e+1
4.84233e-1 4.27008e+1
4.94854e-1 4.28686e+1
5.04249e-1 4.30872e+1
5.15602e-1 4.32067e+1
5.26282e-1 4.33511e+1
5.37193e-1 4.35587e+1
5.47642e-1 4.39902e+1
5.58323e-1 4.40701e+1
5.69860e-1 4.45523e+1
5.79683e-1 4.47018e+1
6.01044e-1 4.51759e+1
6.11724e-1 4.53941e+1
6.22404e-1 4.56377e+1
6.33084e-1 4.60226e+1
6.43765e-1 4.63419e+1
6.54445e-1 4.65430e+1
6.65125e-1 4.67524e+1
6.76655e-1 4.69013e+1
6.86486e-1 4.72533e+1
6.97166e-1 4.74654e+1
7.07765e-1 4.74919e+1
7.18526e-1 4.77285e+1
7.29207e-1 4.78426e+1
7.39887e-1 4.79469e+1
7.50567e-1 4.81762e+1
7.61247e-1 4.84003e+1
7.71928e-1 4.85505e+1
7.82608e-1 4.86797e+1
7.93288e-1 4.87508e+1
8.03968e-1 4.88514e+1
8.14649e-1 4.89994e+1
8.25329e-1 4.91316e+1
8.36009e-1 4.92411e+1
8.46689e-1 4.93492e+1
8.57369e-1 4.94204e+1
8.68050e-1 4.96128e+1
8.78730e-1 4.98369e+1
8.89410e-1 4.99529e+1
9.00090e-1 5.00432e+1
9.10771e-1 5.00873e+1
9.21451e-1 5.01453e+1
9.32131e-1 5.01769e+1
9.42811e-1 5.02191e+1
9.53492e-1 5.02824e+1
9.64172e-1 5.03245e+1
9.74852e-1 5.03430e+1
9.85532e-1 5.03370e+1
1.01757e+0 5.08175e+1
1.02825e+0 5.07864e+1
1.04961e+0 5.05057e+1
1.06029e+0 5.04827e+1
1.07097e+0 5.03983e+1
1.08165e+0 5.03377e+1
1.09233e+0 5.02792e+1
1.10302e+0 5.03114e+1
1.11370e+0 5.02665e+1
1.12438e+0 5.02108e+1
1.13506e+0 5.01447e+1
1.14574e+0 5.01427e+1
1.15642e+0 4.99899e+1
1.16710e+0 5.00135e+1
1.17778e+0 4.99924e+1
1.18846e+0 4.98527e+1
1.19914e+0 4.96734e+1
1.20982e+0 4.94573e+1
1.22050e+0 4.92372e+1
1.23895e+0 4.91726e+1
1.24963e+0 4.89907e+1
1.26031e+0 4.87287e+1
1.27058e+0 4.85534e+1
1.28264e+0 4.83686e+1
1.29332e+0 4.80918e+1
1.30400e+0 4.78019e+1
1.31468e+0 4.74882e+1
1.32536e+0 4.72721e+1
1.33604e+0 4.71350e+1
1.34672e+0 4.69557e+1
1.35740e+0 4.67475e+1
1.36808e+0 4.64634e+1
1.37876e+0 4.63416e+1
1.38944e+0 4.61307e+1
1.40012e+0 4.59198e+1
1.41147e+0 4.58279e+1
1.42239e+0 4.56841e+1
1.43270e+0 4.55651e+1
1.44284e+0 4.53636e+1
1.45352e+0 4.49946e+1
1.46420e+0 4.46730e+1
1.47488e+0 4.44568e+1
1.48647e+0 4.43494e+1
1.49668e+0 4.39498e+1
1.50625e+0 4.35770e+1
1.51959e+0 4.30577e+1
1.52598e+0 4.27385e+1
1.53838e+0 4.17903e+1
1.54784e+0 4.16036e+1
1.56011e+0 4.12835e+1
1.57572e+0 4.06320e+1
1.58474e+0 4.05291e+1
1.59625e+0 4.02471e+1
1.60693e+0 3.99150e+1
1.61761e+0 3.95881e+1
1.62829e+0 3.94018e+1
1.63941e+0 3.91368e+1
1.64965e+0 3.90415e+1
1.66085e+0 3.85093e+1
1.67489e+0 3.81513e+1
1.68557e+0 3.79657e+1
1.69625e+0 3.78273e+1
1.70734e+0 3.76533e+1
1.71845e+0 3.74566e+1
1.72829e+0 3.70470e+1
1.73898e+0 3.68151e+1
1.74966e+0 3.66226e+1
1.76034e+0 3.64513e+1
1.77102e+0 3.63011e+1
1.78746e+0 3.62198e+1
1.79723e+0 3.57897e+1
1.80791e+0 3.55920e+1
1.81859e+0 3.54022e+1
1.82927e+0 3.50964e+1
1.83995e+0 3.47985e+1
1.85063e+0 3.48434e+1
1.86131e+0 3.48908e+1
1.87199e+0 3.47221e+1
1.88267e+0 3.45349e+1
1.89335e+0 3.43583e+1
1.90403e+0 3.41870e+1
1.91471e+0 3.40341e+1
1.92539e+0 3.39366e+1
1.93607e+0 3.38838e+1
1.94675e+0 3.37389e+1
1.95743e+0 3.35333e+1
1.96811e+0 3.34779e+1
1.97831e+0 3.34750e+1
1.00216e+0 5.06775e+1
