3.25634e-2 2.76461e+1
4.56709e-2 2.75691e+1
5.46035e-2 2.74816e+1
6.70314e-2 2.73835e+1
7.71291e-2 2.73830e+1
8.83919e-2 2.74494e+1
9.96547e-2 2.75975e+1
1.09752e-1 2.75575e+1
1.26258e-1 2.73756e+1
1.36129e-1 2.75917e+1
1.47619e-1 2.77288e+1
1.58299e-1 2.76932e+1
1.68979e-1 2.75390e+1
1.81278e-1 2.71858e+1
1.89369e-1 2.73276e+1
2.02962e-1 2.77921e+1
2.10244e-1 2.78020e+1
2.24322e-1 2.76840e+1
2.33303e-1 2.75700e+1
2.45683e-1 2.74468e+1
2.55068e-1 2.74468e+1
2.67043e-1 2.75021e+1
2.78306e-1 2.76787e+1
2.88404e-1 2.77947e+1
3.06851e-1 2.77868e+1
3.16949e-1 2.76555e+1
3.28212e-1 2.75443e+1
3.39475e-1 2.73656e+1
3.49572e-1 2.73519e+1
3.61952e-1 2.74250e+1
3.70933e-1 2.75786e+1
3.86468e-1 2.79371e+1
3.95400e-1 2.78005e+1
4.07828e-1 2.76128e+1
4.17926e-1 2.74584e+1
4.29189e-1 2.73440e+1
4.39869e-1 2.73380e+1
4.50549e-1 2.73650e+1
4.63436e-1 2.76866e+1
4.66570e-1 2.89059e+1
4.67379e-1 2.77367e+1
4.68624e-1 3.01828e+1
4.70192e-1 3.14352e+1
4.71327e-1 3.25906e+1
4.72104e-1 3.31000e+1
4.73366e-1 3.39507e+1
4.73366e-1 3.46184e+1
4.75632e-1 3.52007e+1
4.75793e-1 3.61511e+1
4.77129e-1 3.67490e+1
4.78059e-1 3.76968e+1
4.78706e-1 3.83299e+1
4.80275e-1 3.89224e+1
4.81619e-1 4.01566e+1
4.83262e-1 4.28124e+1
4.83682e-1 4.12977e+1
4.88523e-1 4.48089e+1
4.90357e-1 4.54753e+1
4.91895e-1 4.63908e+1
4.94540e-1 4.76030e+1
4.96304e-1 4.86102e+1
4.98125e-1 4.91564e+1
4.99768e-1 5.00762e+1
5.02494e-1 5.13335e+1
5.04833e-1 5.25243e+1
5.06669e-1 5.30849e+1
5.12689e-1 5.38020e+1
5.20165e-1 5.47116e+1
5.24826e-1 5.50944e+1
5.37933e-1 5.53777e+1
5.46866e-1 5.53872e+1
5.59294e-1 5.53066e+1
5.69974e-1 5.51330e+1
5.80654e-1 5.49243e+1
5.93082e-1 5.49175e+1
6.02015e-1 5.49902e+1
6.18520e-1 5.52855e+1
6.28392e-1 5.53247e+1
6.39881e-1 5.51958e+1
6.50561e-1 5.51016e+1
6.61241e-1 5.50509e+1
6.73216e-1 5.50509e+1
6.82602e-1 5.50509e+1
6.94981e-1 5.51234e+1
7.03962e-1 5.52038e+1
7.16261e-1 5.54278e+1
7.24352e-1 5.56243e+1
7.40858e-1 5.56044e+1
7.50955e-1 5.56540e+1
7.62218e-1 5.57837e+1
7.72898e-1 5.58918e+1
7.83579e-1 5.58601e+1
7.94842e-1 5.57700e+1
8.04939e-1 5.55636e+1
8.15619e-1 5.55777e+1
8.26300e-1 5.58496e+1
8.36980e-1 5.59524e+1
8.47660e-1 5.60868e+1
8.58340e-1 5.61521e+1
8.68956e-1 5.60945e+1
8.83585e-1 5.59207e+1
8.90381e-1 5.59207e+1
9.04945e-1 5.59207e+1
9.13926e-1 5.59280e+1
9.26306e-1 5.59207e+1
9.36403e-1 5.59265e+1
9.47666e-1 5.60262e+1
9.58346e-1 5.60730e+1
9.69027e-1 5.60104e+1
9.81455e-1 5.58396e+1
9.90387e-1 5.57626e+1
1.00786e+0 5.59471e+1
1.01796e+0 5.58976e+1
1.02922e+0 5.57837e+1
1.04049e+0 5.58744e+1
1.05058e+0 5.59972e+1
1.06296e+0 5.61092e+1
1.07195e+0 5.61633e+1
1.08437e+0 5.60541e+1
1.09282e+0 5.59323e+1
1.10981e+0 5.59234e+1
1.11709e+0 5.59497e+1
1.13117e+0 5.58654e+1
1.14104e+0 5.60150e+1
1.15315e+0 5.59708e+1
1.17389e+0 5.58891e+1
1.18457e+0 5.57705e+1
1.19548e+0 5.56832e+1
1.20526e+0 5.54785e+1
1.21661e+0 5.56914e+1
1.23409e+0 5.57389e+1
1.24137e+0 5.57323e+1
1.25545e+0 5.58496e+1
1.26555e+0 5.57062e+1
1.27681e+0 5.55860e+1
1.28749e+0 5.56380e+1
1.29817e+0 5.56571e+1
1.31047e+0 5.53602e+1
1.31905e+0 5.52480e+1
1.33604e+0 5.52248e+1
1.34284e+0 5.52248e+1
1.35740e+0 5.52064e+1
1.36750e+0 5.50451e+1
1.37876e+0 5.49850e+1
1.39025e+0 5.52345e+1
1.40012e+0 5.53303e+1
1.41663e+0 5.50746e+1
1.42391e+0 5.50581e+1
1.43799e+0 5.49797e+1
1.44808e+0 5.51553e+1
1.45935e+0 5.52907e+1
1.47003e+0 5.53626e+1
1.48071e+0 5.54015e+1
1.49309e+0 5.52466e+1
1.50021e+0 5.49024e+1
1.50587e+0 5.39079e+1
1.50692e+0 5.35624e+1
1.51208e+0 5.25855e+1
1.51409e+0 5.14230e+1
1.51598e+0 5.02464e+1
1.51769e+0 4.92359e+1
1.51857e+0 4.85973e+1
1.52076e+0 4.71181e+1
1.52096e+0 4.76885e+1
1.52319e+0 4.63569e+1
1.52440e+0 4.47992e+1
1.52488e+0 4.52792e+1
1.52634e+0 4.30982e+1
1.52705e+0 4.20026e+1
1.52731e+0 4.40904e+1
1.53265e+0 4.03209e+1
1.53269e+0 4.13618e+1
1.53314e+0 3.98261e+1
1.53433e+0 3.88630e+1
1.53583e+0 3.78960e+1
1.53764e+0 3.64803e+1
1.53937e+0 3.51722e+1
1.53957e+0 3.42046e+1
1.54091e+0 3.36788e+1
1.54249e+0 3.27688e+1
1.54374e+0 3.14317e+1
1.54468e+0 3.05005e+1
1.54560e+0 2.99589e+1
1.54733e+0 2.89360e+1
1.54819e+0 2.80073e+1
1.54831e+0 2.76026e+1
1.56129e+0 2.74468e+1
1.57028e+0 2.74395e+1
1.58266e+0 2.73940e+1
1.59275e+0 2.74178e+1
1.60402e+0 2.75469e+1
1.61528e+0 2.76845e+1
1.62538e+0 2.77842e+1
1.63780e+0 2.76439e+1
1.64674e+0 2.75232e+1
1.66324e+0 2.73466e+1
1.67052e+0 2.73163e+1
1.68460e+0 2.74758e+1
1.69358e+0 2.75555e+1
1.70596e+0 2.76445e+1
1.71535e+0 2.76401e+1
1.72732e+0 2.76102e+1
1.73859e+0 2.74758e+1
1.74868e+0 2.73545e+1
1.76111e+0 2.71626e+1
1.77004e+0 2.72280e+1
1.78558e+0 2.75865e+1
1.79451e+0 2.77135e+1
1.80694e+0 2.76787e+1
1.81798e+0 2.72982e+1
1.82782e+0 2.73076e+1
1.84092e+0 2.77552e+1
1.84869e+0 2.77831e+1
1.86411e+0 2.78902e+1
1.87430e+0 2.73163e+1
1.88413e+0 2.71684e+1
1.90598e+0 2.76023e+1
1.91666e+0 2.74837e+1
1.92734e+0 2.73888e+1
1.93892e+0 2.73337e+1
1.94779e+0 2.73189e+1
1.95981e+0 2.74629e+1
1.96693e+0 2.75273e+1
1.98374e+0 2.76102e+1
