4.89182e-3 3.92692e+1
1.55721e-2 3.95196e+1
2.62523e-2 3.95750e+1
3.73209e-2 3.94482e+1
4.76128e-2 3.94063e+1
5.82930e-2 3.93588e+1
6.89733e-2 3.93219e+1
7.96535e-2 3.92876e+1
9.03338e-2 3.94282e+1
1.01014e-1 3.95539e+1
1.11694e-1 3.96066e+1
1.22375e-1 3.95864e+1
1.33055e-1 3.94142e+1
1.43735e-1 3.93878e+1
1.54415e-1 3.95539e+1
1.65095e-1 3.96751e+1
1.75776e-1 3.97147e+1
1.86456e-1 3.98544e+1
1.97136e-1 4.00363e+1
2.07816e-1 4.01971e+1
2.18497e-1 4.03341e+1
2.29177e-1 4.04027e+1
2.39857e-1 4.04527e+1
2.50537e-1 4.04949e+1
2.61218e-1 4.05608e+1
2.71898e-1 4.07480e+1
2.82578e-1 4.09457e+1
2.93258e-1 4.09088e+1
3.03939e-1 4.09114e+1
3.14619e-1 4.09562e+1
3.25299e-1 4.10748e+1
3.35979e-1 4.12646e+1
3.46660e-1 4.14412e+1
3.57340e-1 4.15493e+1
3.68020e-1 4.16679e+1
3.78700e-1 4.17444e+1
3.89381e-1 4.17075e+1
4.00061e-1 4.17075e+1
4.10741e-1 4.19737e+1
4.21421e-1 4.22742e+1
4.32102e-1 4.25468e+1
4.42782e-1 4.26195e+1
4.53462e-1 4.27385e+1
4.64142e-1 4.26127e+1
4.74823e-1 4.28048e+1
4.85125e-1 4.27840e+1
4.96790e-1 4.31036e+1
5.07696e-1 4.31681e+1
5.17544e-1 4.33689e+1
5.28224e-1 4.34827e+1
5.38904e-1 4.39460e+1
5.60265e-1 4.41191e+1
5.70945e-1 4.41599e+1
5.81625e-1 4.43083e+1
5.92305e-1 4.43738e+1
6.02985e-1 4.45254e+1
6.13666e-1 4.45483e+1
6.24346e-1 4.46703e+1
6.35026e-1 4.47283e+1
6.45706e-1 4.47837e+1
6.56387e-1 4.48865e+1
6.67067e-1 4.50236e+1
6.77747e-1 4.51896e+1
6.88427e-1 4.53610e+1
6.99108e-1 4.55059e+1
7.09788e-1 4.55692e+1
7.20468e-1 4.56325e+1
7.31148e-1 4.57906e+1
7.41829e-1 4.58381e+1
7.51053e-1 4.58519e+1
7.68044e-1 4.58882e+1
7.78724e-1 4.60121e+1
7.89404e-1 4.59804e+1
8.00085e-1 4.59251e+1
8.10765e-1 4.60252e+1
8.21445e-1 4.61412e+1
8.32125e-1 4.61570e+1
8.42806e-1 4.62124e+1
8.53486e-1 4.64250e+1
8.64166e-1 4.64760e+1
8.74846e-1 4.63257e+1
8.85527e-1 4.64180e+1
8.96207e-1 4.66974e+1
9.06887e-1 4.67765e+1
9.17567e-1 4.67106e+1
9.28247e-1 4.66658e+1
9.38928e-1 4.66262e+1
9.49608e-1 4.65261e+1
9.60288e-1 4.64391e+1
9.70968e-1 4.65920e+1
9.81649e-1 4.67317e+1
9.92329e-1 4.67712e+1
1.00301e+0 4.68134e+1
1.01341e+0 4.68202e+1
1.02437e+0 4.68635e+1
1.03505e+0 4.69188e+1
1.04573e+0 4.69320e+1
1.05641e+0 4.69557e+1
1.06709e+0 4.68608e+1
1.07777e+0 4.66816e+1
1.08845e+0 4.66289e+1
1.09913e+0 4.65762e+1
1.10981e+0 4.65287e+1
1.12049e+0 4.65498e+1
1.13117e+0 4.67449e+1
1.14185e+0 4.68767e+1
1.15253e+0 4.66710e+1
1.16321e+0 4.65551e+1
1.17389e+0 4.66948e+1
1.18457e+0 4.66790e+1
1.19525e+0 4.64918e+1
1.20593e+0 4.64013e+1
1.21742e+0 4.63279e+1
1.22729e+0 4.61966e+1
1.23817e+0 4.59838e+1
1.24865e+0 4.59382e+1
1.25934e+0 4.59857e+1
1.27002e+0 4.58961e+1
1.28070e+0 4.57423e+1
1.29138e+0 4.56351e+1
1.30206e+0 4.55297e+1
1.31274e+0 4.54453e+1
1.32342e+0 4.53161e+1
1.33340e+0 4.50638e+1
1.34478e+0 4.48390e+1
1.35643e+0 4.46730e+1
1.37293e+0 4.45333e+1
1.38415e+0 4.44319e+1
1.39429e+0 4.43066e+1
1.40497e+0 4.40298e+1
1.41565e+0 4.36818e+1
1.42634e+0 4.34156e+1
1.43702e+0 4.31599e+1
1.44770e+0 4.31763e+1
1.45838e+0 4.31557e+1
1.46906e+0 4.32311e+1
1.47974e+0 4.32785e+1
1.49042e+0 4.32733e+1
1.50110e+0 4.32627e+1
1.51178e+0 4.32522e+1
1.52246e+0 4.30887e+1
1.53314e+0 4.28779e+1
1.54382e+0 4.26881e+1
1.55450e+0 4.25756e+1
1.56518e+0 4.24113e+1
1.57586e+0 4.22927e+1
1.58314e+0 4.21767e+1
1.59625e+0 4.20027e+1
1.61178e+0 4.18314e+1
1.62246e+0 4.17523e+1
1.63314e+0 4.16389e+1
1.64353e+0 4.14634e+1
1.65450e+0 4.13305e+1
1.66518e+0 4.11935e+1
1.67586e+0 4.10907e+1
1.68654e+0 4.09826e+1
1.69723e+0 4.09299e+1
1.70791e+0 4.07111e+1
1.71859e+0 4.04475e+1
1.72927e+0 4.03737e+1
1.73995e+0 4.03157e+1
1.75063e+0 4.01022e+1
1.76131e+0 3.99176e+1
1.77199e+0 3.98623e+1
1.78267e+0 3.98544e+1
1.79286e+0 3.98831e+1
1.80500e+0 3.98623e+1
1.81568e+0 3.98702e+1
1.82636e+0 3.96988e+1
1.83704e+0 3.94748e+1
1.84772e+0 3.92824e+1
1.85937e+0 3.91189e+1
1.87005e+0 3.91110e+1
1.88073e+0 3.90399e+1
1.89141e+0 3.88755e+1
1.90209e+0 3.86708e+1
1.91277e+0 3.84283e+1
1.92345e+0 3.82939e+1
1.93413e+0 3.82622e+1
1.94481e+0 3.83545e+1
1.95549e+0 3.84881e+1
1.96617e+0 3.85100e+1
1.97685e+0 3.84731e+1
1.98511e+0 3.85184e+1
