2.62523e-2 2.77104e+1
3.69326e-2 2.78176e+1
4.76128e-2 2.78366e+1
5.82930e-2 2.80520e+1
6.90542e-2 2.81137e+1
7.96535e-2 2.82376e+1
9.03338e-2 2.82349e+1
1.01279e-1 2.82365e+1
1.11694e-1 2.85117e+1
1.22375e-1 2.86909e+1
1.33055e-1 2.87595e+1
1.43735e-1 2.89255e+1
1.54415e-1 2.92577e+1
1.65095e-1 2.96584e+1
1.75776e-1 3.01276e+1
1.86456e-1 3.05177e+1
1.97136e-1 3.08577e+1
2.07816e-1 3.11793e+1
2.18497e-1 3.14746e+1
2.29177e-1 3.16301e+1
2.39857e-1 3.17856e+1
2.50537e-1 3.21204e+1
2.61218e-1 3.24683e+1
2.71898e-1 3.27398e+1
2.82578e-1 3.30561e+1
2.93258e-1 3.35148e+1
3.03939e-1 3.39603e+1
3.14619e-1 3.44031e+1
3.25299e-1 3.49303e+1
3.35979e-1 3.55603e+1
3.46660e-1 3.59979e+1
3.57340e-1 3.63037e+1
3.68020e-1 3.68414e+1
3.78700e-1 3.74451e+1
3.89381e-1 3.77271e+1
4.00061e-1 3.79749e+1
4.10741e-1 3.84995e+1
4.20936e-1 3.90741e+1
4.30645e-1 3.97352e+1
4.40840e-1 4.03710e+1
4.51520e-1 4.07612e+1
4.67419e-1 4.16205e+1
4.77967e-1 4.23203e+1
4.98483e-1 4.30112e+1
5.17422e-1 4.39000e+1
5.28008e-1 4.42107e+1
5.37933e-1 4.49840e+1
5.48613e-1 4.54425e+1
5.59432e-1 4.57736e+1
5.69974e-1 4.61752e+1
5.80885e-1 4.65861e+1
5.91334e-1 4.68452e+1
6.01783e-1 4.72259e+1
6.11955e-1 4.77522e+1
6.23076e-1 4.84822e+1
6.33084e-1 4.91014e+1
6.43765e-1 4.95443e+1
6.54445e-1 4.99001e+1
6.64640e-1 5.03796e+1
6.74834e-1 5.09888e+1
6.85515e-1 5.14317e+1
6.96195e-1 5.17058e+1
7.06875e-1 5.20221e+1
7.17555e-1 5.23595e+1
7.28236e-1 5.27813e+1
7.38916e-1 5.32057e+1
7.49596e-1 5.35694e+1
7.60276e-1 5.39385e+1
7.70957e-1 5.43945e+1
7.81637e-1 5.48005e+1
7.92317e-1 5.49771e+1
8.01420e-1 5.53173e+1
8.12707e-1 5.55065e+1
8.23387e-1 5.58285e+1
8.34067e-1 5.58944e+1
8.44747e-1 5.60420e+1
8.76788e-1 5.66746e+1
8.87468e-1 5.67801e+1
8.98149e-1 5.68644e+1
9.08829e-1 5.70015e+1
9.19509e-1 5.71597e+1
9.30189e-1 5.73231e+1
9.40870e-1 5.74733e+1
9.51550e-1 5.75656e+1
9.62230e-1 5.76658e+1
9.72910e-1 5.78503e+1
9.83591e-1 5.79215e+1
9.94271e-1 5.77791e+1
1.00495e+0 5.77580e+1
1.01563e+0 5.78661e+1
1.02631e+0 5.77791e+1
1.03699e+0 5.75577e+1
1.04767e+0 5.75103e+1
1.05835e+0 5.75419e+1
1.06903e+0 5.74918e+1
1.07971e+0 5.74206e+1
1.09039e+0 5.72572e+1
1.10107e+0 5.70832e+1
1.11175e+0 5.69303e+1
1.12243e+0 5.67774e+1
1.13311e+0 5.66325e+1
1.14379e+0 5.64615e+1
1.15447e+0 5.61871e+1
1.16515e+0 5.61870e+1
1.17583e+0 5.58707e+1
1.18692e+0 5.57502e+1
1.20879e+0 5.53487e+1
1.21856e+0 5.48268e+1
1.22924e+0 5.44841e+1
1.23992e+0 5.41599e+1
1.25060e+0 5.38831e+1
1.26128e+0 5.36406e+1
1.27196e+0 5.34798e+1
1.28264e+0 5.32531e+1
1.29332e+0 5.28630e+1
1.30400e+0 5.24571e+1
1.31468e+0 5.20511e+1
1.32536e+0 5.15766e+1
1.33604e+0 5.10468e+1
1.34672e+0 5.06040e+1
1.35740e+0 5.02086e+1
1.36808e+0 4.96919e+1
1.37876e+0 4.91594e+1
1.38944e+0 4.89143e+1
1.40012e+0 4.86797e+1
1.41031e+0 4.81179e+1
1.42051e+0 4.75040e+1
1.43119e+0 4.70585e+1
1.44187e+0 4.66262e+1
1.45255e+0 4.61412e+1
1.46323e+0 4.57300e+1
1.47391e+0 4.54822e+1
1.48459e+0 4.50736e+1
1.49236e+0 4.46703e+1
1.56775e+0 4.11319e+1
1.57856e+0 4.05313e+1
1.59306e+0 3.99896e+1
1.60679e+0 3.93413e+1
1.61664e+0 3.86445e+1
1.62732e+0 3.80303e+1
1.63800e+0 3.73950e+1
1.64868e+0 3.68362e+1
1.65936e+0 3.62958e+1
1.67004e+0 3.56974e+1
1.68072e+0 3.51201e+1
1.69140e+0 3.46430e+1
1.70208e+0 3.41817e+1
1.71276e+0 3.37125e+1
1.72344e+0 3.32433e+1
1.73412e+0 3.27820e+1
1.74480e+0 3.24024e+1
1.75548e+0 3.21336e+1
1.76616e+0 3.16960e+1
1.77684e+0 3.11451e+1
1.78752e+0 3.07866e+1
1.79820e+0 3.05230e+1
1.80888e+0 3.01618e+1
1.81956e+0 2.97717e+1
1.83024e+0 2.93236e+1
1.84092e+0 2.89229e+1
1.85160e+0 2.87516e+1
1.86228e+0 2.85565e+1
1.86908e+0 2.81110e+1
1.87976e+0 2.79288e+1
1.89821e+0 2.76550e+1
1.90889e+0 2.75548e+1
1.91957e+0 2.74784e+1
1.93025e+0 2.73255e+1
1.94168e+0 2.73514e+1
1.95133e+0 2.73186e+1
1.97265e+0 2.72075e+1
1.98074e+0 2.71046e+1
1.51114e+0 4.35496e+1
1.53415e+0 4.24332e+1
1.54853e+0 4.18321e+1
1.55715e+0 4.14027e+1
1.50108e+0 4.39790e+1
8.61251e-1 5.64313e+1
