4.40636e-3 3.17019e+1
1.55721e-2 3.16960e+1
2.62523e-2 3.18462e+1
3.69326e-2 3.19807e+1
4.76128e-2 3.19517e+1
5.82930e-2 3.18752e+1
6.89733e-2 3.19438e+1
7.96535e-2 3.20597e+1
9.03338e-2 3.22864e+1
1.01014e-1 3.24789e+1
1.11694e-1 3.24920e+1
1.22375e-1 3.25421e+1
1.33055e-1 3.27425e+1
1.43735e-1 3.30034e+1
1.54415e-1 3.33329e+1
1.65095e-1 3.35728e+1
1.75776e-1 3.37151e+1
1.86456e-1 3.39313e+1
1.97136e-1 3.41949e+1
2.07061e-1 3.46184e+1
2.17526e-1 3.53144e+1
2.16798e-1 3.50799e+1
2.29339e-1 3.55469e+1
2.39469e-1 3.57577e+1
2.50595e-1 3.59538e+1
2.61356e-1 3.61526e+1
2.71898e-1 3.64193e+1
2.83435e-1 3.68133e+1
2.93258e-1 3.70097e+1
3.03266e-1 3.73767e+1
3.14619e-1 3.77245e+1
3.25299e-1 3.80909e+1
3.35979e-1 3.85706e+1
3.46660e-1 3.88870e+1
3.57340e-1 3.90820e+1
3.68020e-1 3.94058e+1
3.78932e-1 4.00252e+1
3.89381e-1 4.03868e+1
3.99624e-1 4.07347e+1
4.10741e-1 4.09173e+1
4.25305e-1 4.10874e+1
4.35222e-1 4.13479e+1
4.46666e-1 4.16764e+1
4.57346e-1 4.17463e+1
4.68026e-1 4.17906e+1
4.79111e-1 4.20377e+1
5.32047e-1 4.44655e+1
5.41817e-1 4.51561e+1
5.53191e-1 4.55802e+1
5.63177e-1 4.59093e+1
5.73858e-1 4.62635e+1
5.84314e-1 4.64398e+1
5.95218e-1 4.68224e+1
6.05716e-1 4.72843e+1
6.15746e-1 4.76100e+1
6.30172e-1 4.78546e+1
6.40852e-1 4.80760e+1
6.51532e-1 4.82606e+1
6.62212e-1 4.85057e+1
6.72893e-1 4.89538e+1
6.83573e-1 4.93492e+1
6.94253e-1 4.96365e+1
7.04933e-1 4.98738e+1
7.15614e-1 5.00662e+1
7.26294e-1 5.02665e+1
7.36974e-1 5.04801e+1
7.47654e-1 5.06751e+1
7.58335e-1 5.08544e+1
7.69015e-1 5.09730e+1
7.79695e-1 5.10863e+1
7.90375e-1 5.12709e+1
8.01055e-1 5.14949e+1
8.11736e-1 5.18033e+1
8.22416e-1 5.20274e+1
8.33096e-1 5.20142e+1
8.43776e-1 5.20722e+1
8.54457e-1 5.22936e+1
8.65137e-1 5.23832e+1
8.75817e-1 5.23595e+1
8.86497e-1 5.24465e+1
8.97178e-1 5.26099e+1
9.07858e-1 5.27286e+1
9.18538e-1 5.28261e+1
9.29218e-1 5.28920e+1
9.39899e-1 5.29711e+1
9.50579e-1 5.32320e+1
9.61259e-1 5.34614e+1
9.71939e-1 5.34245e+1
9.82620e-1 5.33717e+1
9.93300e-1 5.33427e+1
1.00398e+0 5.32610e+1
1.01466e+0 5.31213e+1
1.02534e+0 5.30923e+1
1.03602e+0 5.31688e+1
1.04670e+0 5.31108e+1
1.05738e+0 5.29790e+1
1.06806e+0 5.29104e+1
1.07874e+0 5.28656e+1
1.08942e+0 5.27734e+1
1.10010e+0 5.26811e+1
1.11078e+0 5.26205e+1
1.12146e+0 5.25599e+1
1.13214e+0 5.24781e+1
1.14282e+0 5.23701e+1
1.15350e+0 5.21618e+1
1.16418e+0 5.19826e+1
1.17486e+0 5.18613e+1
1.18554e+0 5.16847e+1
1.19622e+0 5.14686e+1
1.20690e+0 5.13341e+1
1.21759e+0 5.12498e+1
1.22827e+0 5.10099e+1
1.23895e+0 5.07041e+1
1.24963e+0 5.03799e+1
1.26031e+0 5.00978e+1
1.27099e+0 5.00636e+1
1.28167e+0 5.00003e+1
1.29235e+0 4.96787e+1
1.30303e+0 4.93202e+1
1.31371e+0 4.89380e+1
1.32439e+0 4.86586e+1
1.33507e+0 4.85321e+1
1.34575e+0 4.82421e+1
1.35643e+0 4.78151e+1
1.36711e+0 4.75488e+1
1.37779e+0 4.73643e+1
1.38847e+0 4.71165e+1
1.39915e+0 4.68371e+1
1.40983e+0 4.65445e+1
1.42051e+0 4.62013e+1
1.42654e+0 4.56160e+1
1.43702e+0 4.55342e+1
1.44770e+0 4.51975e+1
1.45838e+0 4.48311e+1
1.46906e+0 4.45833e+1
1.48014e+0 4.44214e+1
1.49125e+0 4.40878e+1
1.50026e+0 4.38975e+1
1.55775e+0 4.14166e+1
1.56712e+0 4.12814e+1
1.57550e+0 4.06436e+1
1.58481e+0 4.04530e+1
1.59228e+0 4.01832e+1
1.60304e+0 4.00257e+1
1.61372e+0 3.96672e+1
1.62441e+0 3.93946e+1
1.63584e+0 3.91629e+1
1.64978e+0 3.86218e+1
1.68130e+0 3.76548e+1
1.70014e+0 3.66780e+1
1.71082e+0 3.62141e+1
1.72150e+0 3.58213e+1
1.73218e+0 3.55577e+1
1.74286e+0 3.52862e+1
1.75354e+0 3.49804e+1
1.76422e+0 3.47379e+1
1.77490e+0 3.46140e+1
1.78558e+0 3.43478e+1
1.79626e+0 3.39366e+1
1.80694e+0 3.36545e+1
1.81762e+0 3.34489e+1
1.82830e+0 3.32591e+1
1.83898e+0 3.30614e+1
1.84966e+0 3.27346e+1
1.86034e+0 3.24130e+1
1.87102e+0 3.23049e+1
1.88170e+0 3.21863e+1
1.89238e+0 3.19121e+1
1.90306e+0 3.17012e+1
1.91374e+0 3.17382e+1
1.92442e+0 3.17751e+1
1.93510e+0 3.18304e+1
1.94578e+0 3.18172e+1
1.95646e+0 3.17329e+1
1.96714e+0 3.15563e+1
1.97782e+0 3.13375e+1
1.98850e+0 3.12742e+1
1.99627e+0 3.12684e+1
1.66068e+0 3.81393e+1
4.93170e-1 4.28626e+1
5.11862e-1 4.35496e+1
1.52265e+0 4.27767e+1
1.54277e+0 4.20897e+1
