300.000000 -100.000000 -100.000000
-0.050000 -1.500000 0.000000
-0.050000 -1.475000 0.000000
-0.050000 -1.450000 0.000000
-0.050000 -1.425000 0.000000
-0.050000 -1.400000 0.000000
-0.050000 -1.375000 0.000000
-0.050000 -1.350000 0.000000
-0.050000 -1.325000 0.000000
-0.050000 -1.300000 0.000000
-0.050000 -1.275000 0.000000
-0.050000 -1.250000 0.000000
-0.050000 -1.225000 0.000000
-0.050000 -1.200000 0.000000
-0.050000 -1.175000 0.000000
-0.050000 -1.150000 0.000000
-0.050000 -1.125000 0.000000
-0.050000 -1.100000 0.000000
-0.050000 -1.075000 0.000000
-0.050000 -1.050000 0.000000
-0.050000 -1.025000 0.000000
-0.050000 -1.000000 0.000000
-0.050000 -0.975000 0.000000
-0.050000 -0.950000 0.000000
-0.050000 -0.925000 0.000000
-0.050000 -0.900000 0.000000
-0.050000 -0.875000 0.000000
-0.050000 -0.850000 0.000000
-0.050000 -0.825000 0.000000
-0.050000 -0.800000 0.000000
-0.050000 -0.775000 0.000000
-0.050000 -0.750000 0.000000
-0.050000 -0.725000 0.000000
-0.050000 -0.700000 0.000000
-0.050000 -0.675000 0.000000
-0.050000 -0.650000 0.000000
-0.050000 -0.625000 0.000000
-0.050000 -0.600000 0.000000
-0.050000 -0.575000 0.000000
-0.050000 -0.550000 0.000000
-0.050000 -0.525000 0.000000
-0.050000 -0.500000 0.000000
-0.050000 -0.475000 0.000000
-0.050000 -0.450000 0.000000
-0.050000 -0.425000 0.000000
-0.050000 -0.400000 0.000000
-0.050000 -0.375000 0.000000
-0.050000 -0.350000 0.000000
-0.050000 -0.325000 0.000000
-0.050000 -0.300000 0.000000
-0.050000 -0.275000 0.000000
-0.050000 -0.250000 0.000000
-0.050000 -0.225000 0.000000
-0.050000 -0.200000 0.000000
-0.050000 -0.175000 0.000000
-0.050000 -0.150000 0.000000
-0.050000 -0.125000 0.000000
-0.050000 -0.100000 0.000000
-0.050000 -0.075000 0.000000
-0.050000 -0.050000 0.000000
-0.050000 -0.025000 0.000000
-0.050000 0.000000 0.000000
-0.050000 0.025000 0.000000
-0.050000 0.050000 0.000000
-0.050000 0.075000 0.000000
-0.050000 0.100000 0.000000
-0.050000 0.125000 0.000000
-0.050000 0.150000 0.000000
-0.050000 0.175000 0.000000
-0.050000 0.200000 0.000000
-0.050000 0.225000 0.000000
-0.050000 0.250000 0.000000
-0.050000 0.275000 0.000000
-0.050000 0.300000 0.000000
-0.050000 0.325000 0.000000
-0.050000 0.350000 0.000000
-0.050000 0.375000 0.000000
-0.050000 0.400000 0.000000
-0.050000 0.425000 0.000000
-0.050000 0.450000 0.000000
-0.050000 0.475000 0.000000
-0.050000 0.500000 0.000000
-0.050000 0.525000 0.000000
-0.050000 0.550000 0.000000
-0.050000 0.575000 0.000000
-0.050000 0.600000 0.000000
-0.050000 0.625000 0.000000
-0.050000 0.650000 0.000000
-0.050000 0.675000 0.000000
-0.050000 0.700000 0.000000
-0.050000 0.725000 0.000000
-0.050000 0.750000 0.000000
-0.050000 0.775000 0.000000
-0.050000 0.800000 0.000000
-0.050000 0.825000 0.000000
-0.050000 0.850000 0.000000
-0.050000 0.875000 0.000000
-0.050000 0.900000 0.000000
-0.050000 0.925000 0.000000
-0.050000 0.950000 0.000000
-0.050000 0.975000 0.000000
-0.050000 1.000000 0.000000
-0.050000 1.025000 0.000000
-0.050000 1.050000 0.000000
-0.050000 1.075000 0.000000
-0.050000 1.100000 0.000000
-0.050000 1.125000 0.000000
-0.050000 1.150000 0.000000
-0.050000 1.175000 0.000000
-0.050000 1.200000 0.000000
-0.050000 1.225000 0.000000
-0.050000 1.250000 0.000000
-0.050000 1.275000 0.000000
-0.050000 1.300000 0.000000
-0.050000 1.325000 0.000000
-0.050000 1.350000 0.000000
-0.050000 1.375000 0.000000
-0.050000 1.400000 0.000000
-0.050000 1.425000 0.000000
-0.050000 1.450000 0.000000
-0.050000 1.475000 0.000000
-0.050000 1.500000 0.000000
0.050000 -1.500000 0.000000
0.050000 -1.475000 0.000000
0.050000 -1.450000 0.000000
0.050000 -1.425000 0.000000
0.050000 -1.400000 0.000000
0.050000 -1.375000 0.000000
0.050000 -1.350000 0.000000
0.050000 -1.325000 0.000000
0.050000 -1.300000 0.000000
0.050000 -1.275000 0.000000
0.050000 -1.250000 0.000000
0.050000 -1.225000 0.000000
0.050000 -1.200000 0.000000
0.050000 -1.175000 0.000000
0.050000 -1.150000 0.000000
0.050000 -1.125000 0.000000
0.050000 -1.100000 0.000000
0.050000 -1.075000 0.000000
0.050000 -1.050000 0.000000
0.050000 -1.025000 0.000000
0.050000 -1.000000 0.000000
0.050000 -0.975000 0.000000
0.050000 -0.950000 0.000000
0.050000 -0.925000 0.000000
0.050000 -0.900000 0.000000
0.050000 -0.875000 0.000000
0.050000 -0.850000 0.000000
0.050000 -0.825000 0.000000
0.050000 -0.800000 0.000000
0.050000 -0.775000 0.000000
0.050000 -0.750000 0.000000
0.050000 -0.725000 0.000000
0.050000 -0.700000 0.000000
0.050000 -0.675000 0.000000
0.050000 -0.650000 0.000000
0.050000 -0.625000 0.000000
0.050000 -0.600000 0.000000
0.050000 -0.575000 0.000000
0.050000 -0.550000 0.000000
0.050000 -0.525000 0.000000
0.050000 -0.500000 0.000000
0.050000 -0.475000 0.000000
0.050000 -0.450000 0.000000
0.050000 -0.425000 0.000000
0.050000 -0.400000 0.000000
0.050000 -0.375000 0.000000
0.050000 -0.350000 0.000000
0.050000 -0.325000 0.000000
0.050000 -0.300000 0.000000
0.050000 -0.275000 0.000000
0.050000 -0.250000 0.000000
0.050000 -0.225000 0.000000
0.050000 -0.200000 0.000000
0.050000 -0.175000 0.000000
0.050000 -0.150000 0.000000
0.050000 -0.125000 0.000000
0.050000 -0.100000 0.000000
0.050000 -0.075000 0.000000
0.050000 -0.050000 0.000000
0.050000 -0.025000 0.000000
0.050000 0.000000 0.000000
0.050000 0.025000 0.000000
0.050000 0.050000 0.000000
0.050000 0.075000 0.000000
0.050000 0.100000 0.000000
0.050000 0.125000 0.000000
0.050000 0.150000 0.000000
0.050000 0.175000 0.000000
0.050000 0.200000 0.000000
0.050000 0.225000 0.000000
0.050000 0.250000 0.000000
0.050000 0.275000 0.000000
0.050000 0.300000 0.000000
0.050000 0.325000 0.000000
0.050000 0.350000 0.000000
0.050000 0.375000 0.000000
0.050000 0.400000 0.000000
0.050000 0.425000 0.000000
0.050000 0.450000 0.000000
0.050000 0.475000 0.000000
0.050000 0.500000 0.000000
0.050000 0.525000 0.000000
0.050000 0.550000 0.000000
0.050000 0.575000 0.000000
0.050000 0.600000 0.000000
0.050000 0.625000 0.000000
0.050000 0.650000 0.000000
0.050000 0.675000 0.000000
0.050000 0.700000 0.000000
0.050000 0.725000 0.000000
0.050000 0.750000 0.000000
0.050000 0.775000 0.000000
0.050000 0.800000 0.000000
0.050000 0.825000 0.000000
0.050000 0.850000 0.000000
0.050000 0.875000 0.000000
0.050000 0.900000 0.000000
0.050000 0.925000 0.000000
0.050000 0.950000 0.000000
0.050000 0.975000 0.000000
0.050000 1.000000 0.000000
0.050000 1.025000 0.000000
0.050000 1.050000 0.000000
0.050000 1.075000 0.000000
0.050000 1.100000 0.000000
0.050000 1.125000 0.000000
0.050000 1.150000 0.000000
0.050000 1.175000 0.000000
0.050000 1.200000 0.000000
0.050000 1.225000 0.000000
0.050000 1.250000 0.000000
0.050000 1.275000 0.000000
0.050000 1.300000 0.000000
0.050000 1.325000 0.000000
0.050000 1.350000 0.000000
0.050000 1.375000 0.000000
0.050000 1.400000 0.000000
0.050000 1.425000 0.000000
0.050000 1.450000 0.000000
0.050000 1.475000 0.000000
0.050000 1.500000 0.000000
-0.050000 -1.500000 0.499604
-0.050000 -1.474986 0.489598
-0.050000 -1.450282 0.497964
-0.050000 -1.424995 0.480827
-0.050000 -1.400279 0.497040
-0.050000 -1.375002 0.471936
-0.050000 -1.349917 0.497039
-0.050000 -1.325001 0.474836
-0.050000 -1.299777 0.497483
-0.050000 -1.274999 0.482403
-0.050000 -1.250342 0.497349
-0.050000 -1.225001 0.470451
-0.050000 -1.199995 0.497074
-0.050000 -1.174997 0.470910
-0.050000 -1.149879 0.496819
-0.050000 -1.125003 0.474873
-0.050000 -1.100213 0.497038
-0.050000 -1.074998 0.466581
-0.050000 -1.050029 0.496427
-0.050000 -1.025004 0.464963
-0.050000 -1.000096 0.497017
-0.050000 -0.975000 0.459703
-0.050000 -0.949952 0.496856
-0.050000 -0.925000 0.462415
-0.050000 -0.900108 0.496847
-0.050000 -0.875000 0.456087
-0.050000 -0.850042 0.496671
-0.050000 -0.825001 0.453377
-0.050000 -0.800105 0.496611
-0.050000 -0.774999 0.445810
-0.050000 -0.750002 0.495932
-0.050000 -0.725003 0.444878
-0.050000 -0.700062 0.496915
-0.050000 -0.674994 0.439727
-0.050000 -0.649851 0.495031
-0.050000 -0.625005 0.447814
-0.050000 -0.600144 0.496644
-0.050000 -0.575000 0.433530
-0.050000 -0.550007 0.496433
-0.050000 -0.525001 0.432708
-0.050000 -0.500151 0.496561
-0.050000 -0.475000 0.408940
-0.050000 -0.449931 0.495971
-0.050000 -0.425001 0.419449
-0.050000 -0.400108 0.496653
-0.050000 -0.375000 0.396738
-0.050000 -0.350028 0.495866
-0.050000 -0.325000 0.391046
-0.050000 -0.300034 0.495091
-0.050000 -0.275000 0.384607
-0.050000 -0.249924 0.494127
-0.050000 -0.225000 0.397653
-0.050000 -0.200028 0.494210
-0.050000 -0.175000 0.393197
-0.050000 -0.150123 0.494433
-0.050000 -0.125000 0.365737
-0.050000 -0.099938 0.495086
-0.050000 -0.075000 0.382615
-0.050000 -0.049964 0.494757
-0.050000 -0.025000 0.391114
-0.050000 -0.000002 0.493807
-0.050000 0.025000 0.390996
-0.050000 0.049932 0.493691
-0.050000 0.075000 0.377806
-0.050000 0.099945 0.494717
-0.050000 0.125000 0.362568
-0.050000 0.150128 0.495219
-0.050000 0.175001 0.396174
-0.050000 0.199985 0.493947
-0.050000 0.225000 0.393169
-0.050000 0.249973 0.494656
-0.050000 0.275000 0.388810
-0.050000 0.300053 0.493889
-0.050000 0.325000 0.396166
-0.050000 0.350021 0.495016
-0.050000 0.375000 0.398819
-0.050000 0.400101 0.495949
-0.050000 0.425000 0.416699
-0.050000 0.449966 0.496350
-0.050000 0.475001 0.411253
-0.050000 0.500184 0.495550
-0.050000 0.525000 0.432842
-0.050000 0.550042 0.496324
-0.050000 0.575001 0.437380
-0.050000 0.600097 0.496344
-0.050000 0.625000 0.446110
-0.050000 0.649897 0.496385
-0.050000 0.675005 0.437954
-0.050000 0.700112 0.494752
-0.050000 0.724995 0.443509
-0.050000 0.749970 0.496828
-0.050000 0.775003 0.441126
-0.050000 0.800180 0.495956
-0.050000 0.824999 0.453011
-0.050000 0.850028 0.496687
-0.050000 0.875001 0.454937
-0.050000 0.900099 0.496668
-0.050000 0.925000 0.460716
-0.050000 0.949929 0.496773
-0.050000 0.975001 0.456618
-0.050000 1.000146 0.496623
-0.050000 1.024999 0.464053
-0.050000 1.050016 0.497071
-0.050000 1.075006 0.465379
-0.050000 1.100292 0.496592
-0.050000 1.124997 0.475353
-0.050000 1.149864 0.497097
-0.050000 1.175002 0.470406
-0.050000 1.200079 0.496784
-0.050000 1.224997 0.472869
-0.050000 1.250323 0.497661
-0.050000 1.275002 0.484606
-0.050000 1.299774 0.497536
-0.050000 1.324998 0.477431
-0.050000 1.349818 0.497420
-0.050000 1.375002 0.470210
-0.050000 1.400233 0.497216
-0.050000 1.425002 0.478925
-0.050000 1.450342 0.497563
-0.050000 1.474981 0.488356
-0.050000 1.500000 0.499552
0.050000 -1.500000 0.499604
0.050000 -1.474986 0.489598
0.050000 -1.450282 0.497964
0.050000 -1.424995 0.480827
0.050000 -1.400279 0.497040
0.050000 -1.375002 0.471936
0.050000 -1.349917 0.497039
0.050000 -1.325001 0.474836
0.050000 -1.299777 0.497483
0.050000 -1.274999 0.482403
0.050000 -1.250342 0.497349
0.050000 -1.225001 0.470451
0.050000 -1.199995 0.497074
0.050000 -1.174997 0.470910
0.050000 -1.149879 0.496819
0.050000 -1.125003 0.474873
0.050000 -1.100213 0.497038
0.050000 -1.074998 0.466581
0.050000 -1.050029 0.496427
0.050000 -1.025004 0.464963
0.050000 -1.000096 0.497017
0.050000 -0.975000 0.459703
0.050000 -0.949952 0.496856
0.050000 -0.925000 0.462415
0.050000 -0.900108 0.496847
0.050000 -0.875000 0.456087
0.050000 -0.850042 0.496671
0.050000 -0.825001 0.453377
0.050000 -0.800105 0.496611
0.050000 -0.774999 0.445810
0.050000 -0.750002 0.495932
0.050000 -0.725003 0.444878
0.050000 -0.700062 0.496915
0.050000 -0.674994 0.439727
0.050000 -0.649851 0.495031
0.050000 -0.625005 0.447814
0.050000 -0.600144 0.496644
0.050000 -0.575000 0.433530
0.050000 -0.550007 0.496433
0.050000 -0.525001 0.432708
0.050000 -0.500151 0.496561
0.050000 -0.475000 0.408940
0.050000 -0.449931 0.495971
0.050000 -0.425001 0.419449
0.050000 -0.400108 0.496653
0.050000 -0.375000 0.396738
0.050000 -0.350028 0.495866
0.050000 -0.325000 0.391046
0.050000 -0.300034 0.495091
0.050000 -0.275000 0.384607
0.050000 -0.249924 0.494127
0.050000 -0.225000 0.397653
0.050000 -0.200028 0.494210
0.050000 -0.175000 0.393197
0.050000 -0.150123 0.494433
0.050000 -0.125000 0.365737
0.050000 -0.099938 0.495086
0.050000 -0.075000 0.382615
0.050000 -0.049964 0.494757
0.050000 -0.025000 0.391114
0.050000 -0.000002 0.493807
0.050000 0.025000 0.390996
0.050000 0.049932 0.493691
0.050000 0.075000 0.377806
0.050000 0.099945 0.494717
0.050000 0.125000 0.362568
0.050000 0.150128 0.495219
0.050000 0.175001 0.396174
0.050000 0.199985 0.493947
0.050000 0.225000 0.393169
0.050000 0.249973 0.494656
0.050000 0.275000 0.388810
0.050000 0.300053 0.493889
0.050000 0.325000 0.396166
0.050000 0.350021 0.495016
0.050000 0.375000 0.398819
0.050000 0.400101 0.495949
0.050000 0.425000 0.416699
0.050000 0.449966 0.496350
0.050000 0.475001 0.411253
0.050000 0.500184 0.495550
0.050000 0.525000 0.432842
0.050000 0.550042 0.496324
0.050000 0.575001 0.437380
0.050000 0.600097 0.496344
0.050000 0.625000 0.446110
0.050000 0.649897 0.496385
0.050000 0.675005 0.437954
0.050000 0.700112 0.494752
0.050000 0.724995 0.443509
0.050000 0.749970 0.496828
0.050000 0.775003 0.441126
0.050000 0.800180 0.495956
0.050000 0.824999 0.453011
0.050000 0.850028 0.496687
0.050000 0.875001 0.454937
0.050000 0.900099 0.496668
0.050000 0.925000 0.460716
0.050000 0.949929 0.496773
0.050000 0.975001 0.456618
0.050000 1.000146 0.496623
0.050000 1.024999 0.464053
0.050000 1.050016 0.497071
0.050000 1.075006 0.465379
0.050000 1.100292 0.496592
0.050000 1.124997 0.475353
0.050000 1.149864 0.497097
0.050000 1.175002 0.470406
0.050000 1.200079 0.496784
0.050000 1.224997 0.472869
0.050000 1.250323 0.497661
0.050000 1.275002 0.484606
0.050000 1.299774 0.497536
0.050000 1.324998 0.477431
0.050000 1.349818 0.497420
0.050000 1.375002 0.470210
0.050000 1.400233 0.497216
0.050000 1.425002 0.478925
0.050000 1.450342 0.497563
0.050000 1.474981 0.488356
0.050000 1.500000 0.499552
0.000000 -1.487500 0.000000
0.000000 -1.462500 0.000000
0.000000 -1.437500 0.000000
0.000000 -1.412500 0.000000
0.000000 -1.387500 0.000000
0.000000 -1.362500 0.000000
0.000000 -1.337500 0.000000
0.000000 -1.312500 0.000000
0.000000 -1.287500 0.000000
0.000000 -1.262500 0.000000
0.000000 -1.237500 0.000000
0.000000 -1.212500 0.000000
0.000000 -1.187500 0.000000
0.000000 -1.162500 0.000000
0.000000 -1.137500 0.000000
0.000000 -1.112500 0.000000
0.000000 -1.087500 0.000000
0.000000 -1.062500 0.000000
0.000000 -1.037500 0.000000
0.000000 -1.012500 0.000000
0.000000 -0.987500 0.000000
0.000000 -0.962500 0.000000
0.000000 -0.937500 0.000000
0.000000 -0.912500 0.000000
0.000000 -0.887500 0.000000
0.000000 -0.862500 0.000000
0.000000 -0.837500 0.000000
0.000000 -0.812500 0.000000
0.000000 -0.787500 0.000000
0.000000 -0.762500 0.000000
0.000000 -0.737500 0.000000
0.000000 -0.712500 0.000000
0.000000 -0.687500 0.000000
0.000000 -0.662500 0.000000
0.000000 -0.637500 0.000000
0.000000 -0.612500 0.000000
0.000000 -0.587500 0.000000
0.000000 -0.562500 0.000000
0.000000 -0.537500 0.000000
0.000000 -0.512500 0.000000
0.000000 -0.487500 0.000000
0.000000 -0.462500 0.000000
0.000000 -0.437500 0.000000
0.000000 -0.412500 0.000000
0.000000 -0.387500 0.000000
0.000000 -0.362500 0.000000
0.000000 -0.337500 0.000000
0.000000 -0.312500 0.000000
0.000000 -0.287500 0.000000
0.000000 -0.262500 0.000000
0.000000 -0.237500 0.000000
0.000000 -0.212500 0.000000
0.000000 -0.187500 0.000000
0.000000 -0.162500 0.000000
0.000000 -0.137500 0.000000
0.000000 -0.112500 0.000000
-0.000000 -0.087500 0.000000
0.000000 -0.062500 0.000000
0.000000 -0.037500 0.000000
0.000000 -0.012500 0.000000
0.000000 0.012500 0.000000
0.000000 0.037500 0.000000
0.000000 0.062500 0.000000
-0.000000 0.087500 0.000000
0.000000 0.112500 0.000000
0.000000 0.137500 0.000000
0.000000 0.162500 0.000000
0.000000 0.187500 0.000000
0.000000 0.212500 0.000000
0.000000 0.237500 0.000000
0.000000 0.262500 0.000000
0.000000 0.287500 0.000000
0.000000 0.312500 0.000000
0.000000 0.337500 0.000000
0.000000 0.362500 0.000000
0.000000 0.387500 0.000000
0.000000 0.412500 0.000000
0.000000 0.437500 0.000000
0.000000 0.462500 0.000000
0.000000 0.487500 0.000000
0.000000 0.512500 0.000000
0.000000 0.537500 0.000000
0.000000 0.562500 0.000000
0.000000 0.587500 0.000000
0.000000 0.612500 0.000000
0.000000 0.637500 0.000000
0.000000 0.662500 0.000000
0.000000 0.687500 0.000000
0.000000 0.712500 0.000000
0.000000 0.737500 0.000000
0.000000 0.762500 0.000000
0.000000 0.787500 0.000000
0.000000 0.812500 0.000000
0.000000 0.837500 0.000000
0.000000 0.862500 0.000000
0.000000 0.887500 0.000000
0.000000 0.912500 0.000000
0.000000 0.937500 0.000000
0.000000 0.962500 0.000000
0.000000 0.987500 0.000000
0.000000 1.012500 0.000000
0.000000 1.037500 0.000000
0.000000 1.062500 0.000000
0.000000 1.087500 0.000000
0.000000 1.112500 0.000000
0.000000 1.137500 0.000000
0.000000 1.162500 0.000000
0.000000 1.187500 0.000000
0.000000 1.212500 0.000000
0.000000 1.237500 0.000000
0.000000 1.262500 0.000000
0.000000 1.287500 0.000000
0.000000 1.312500 0.000000
0.000000 1.337500 0.000000
0.000000 1.362500 0.000000
0.000000 1.387500 0.000000
0.000000 1.412500 0.000000
0.000000 1.437500 0.000000
0.000000 1.462500 0.000000
0.000000 1.487500 0.000000
-0.000000 -1.487387 0.494257
-0.000000 -1.462460 0.493891
0.000000 -1.437462 0.489100
0.000000 -1.412479 0.489020
0.000000 -1.387548 0.484395
-0.000000 -1.362475 0.484416
-0.000000 -1.337534 0.485996
-0.000000 -1.312481 0.486012
-0.000000 -1.287517 0.490001
0.000000 -1.262476 0.489991
-0.000000 -1.237534 0.483711
-0.000000 -1.212478 0.483721
0.000000 -1.187488 0.483807
0.000000 -1.162472 0.483771
-0.000000 -1.137546 0.485956
0.000000 -1.112489 0.485992
0.000000 -1.087497 0.481479
0.000000 -1.062476 0.481459
-0.000000 -1.037581 0.480914
-0.000000 -1.012483 0.480962
0.000000 -0.987527 0.478219
0.000000 -0.962467 0.478215
-0.000000 -0.937523 0.479590
0.000000 -0.912483 0.479594
-0.000000 -0.887531 0.476318
-0.000000 -0.862473 0.476320
0.000000 -0.837533 0.474921
0.000000 -0.812478 0.474927
-0.000000 -0.787517 0.470796
-0.000000 -0.762459 0.470785
-0.000000 -0.737582 0.470794
-0.000000 -0.712471 0.470819
-0.000000 -0.687474 0.467323
0.000000 -0.662431 0.467283
0.000000 -0.637612 0.472090
-0.000000 -0.612480 0.472136
-0.000000 -0.587547 0.464891
0.000000 -0.562458 0.464893
-0.000000 -0.537544 0.464473
-0.000000 -0.512473 0.464480
-0.000000 -0.487553 0.452378
-0.000000 -0.462437 0.452375
-0.000000 -0.437559 0.457878
0.000000 -0.412463 0.457885
0.000000 -0.387551 0.446149
-0.000000 -0.362440 0.446147
-0.000000 -0.337556 0.442880
-0.000000 -0.312429 0.442877
0.000000 -0.287567 0.439246
0.000000 -0.262404 0.439240
0.000000 -0.237574 0.445725
0.000000 -0.212424 0.445724
0.000000 -0.187583 0.443488
-0.000000 -0.162436 0.443493
0.000000 -0.137609 0.430300
0.000000 -0.112411 0.430304
-0.000000 -0.087570 0.438548
0.000000 -0.062415 0.438544
0.000000 -0.037557 0.442265
0.000000 -0.012413 0.442258
-0.000000 0.012418 0.442064
0.000000 0.037579 0.442065
0.000000 0.062386 0.435996
-0.000000 0.087578 0.436004
0.000000 0.112400 0.428849
0.000000 0.137593 0.428851
0.000000 0.162465 0.444868
0.000000 0.187581 0.444857
0.000000 0.212401 0.443708
0.000000 0.237575 0.443714
-0.000000 0.262430 0.441201
-0.000000 0.287594 0.441195
-0.000000 0.312398 0.445439
-0.000000 0.337575 0.445445
-0.000000 0.362414 0.447314
-0.000000 0.387569 0.447318
-0.000000 0.412446 0.456399
-0.000000 0.437547 0.456401
0.000000 0.462456 0.453358
-0.000000 0.487578 0.453348
0.000000 0.512440 0.464495
0.000000 0.537548 0.464500
0.000000 0.562460 0.466792
0.000000 0.587551 0.466788
0.000000 0.612471 0.471154
0.000000 0.637526 0.471155
0.000000 0.662511 0.466283
-0.000000 0.687567 0.466250
0.000000 0.712365 0.470043
0.000000 0.737533 0.470091
-0.000000 0.762491 0.468481
-0.000000 0.787562 0.468458
0.000000 0.812441 0.474767
0.000000 0.837535 0.474780
-0.000000 0.862473 0.475734
0.000000 0.887541 0.475726
-0.000000 0.912474 0.478694
-0.000000 0.937521 0.478697
0.000000 0.962473 0.476544
0.000000 0.987544 0.476533
-0.000000 1.012455 0.480495
-0.000000 1.037526 0.480508
0.000000 1.062530 0.480885
-0.000000 1.087546 0.480828
0.000000 1.112443 0.486195
0.000000 1.137515 0.486239
0.000000 1.162497 0.483543
0.000000 1.187527 0.483521
0.000000 1.212432 0.485016
0.000000 1.237522 0.485061
-0.000000 1.262494 0.491189
0.000000 1.287528 0.491152
0.000000 1.312457 0.487435
0.000000 1.337515 0.487467
0.000000 1.362493 0.483595
-0.000000 1.387531 0.483574
-0.000000 1.412523 0.488016
0.000000 1.437494 0.487995
-0.000000 1.462438 0.493125
-0.000000 1.487362 0.493556
0.000000 -1.500000 0.250000
0.000000 1.500000 0.250000
-0.050000 -1.487500 0.246997
-0.050000 -1.462500 0.246997
-0.050000 -1.437500 0.244524
-0.050000 -1.412500 0.244524
-0.050000 -1.387500 0.242219
-0.050000 -1.362500 0.242219
-0.050000 -1.337500 0.243015
-0.050000 -1.312500 0.243015
-0.050000 -1.287500 0.245013
-0.050000 -1.262500 0.245013
-0.050000 -1.237500 0.241870
-0.050000 -1.212500 0.241870
-0.050000 -1.187500 0.241898
-0.050000 -1.162500 0.241898
-0.050000 -1.137500 0.243001
-0.050000 -1.112500 0.243001
-0.050000 -1.087500 0.240738
-0.050000 -1.062500 0.240738
-0.050000 -1.037500 0.240487
-0.050000 -1.012500 0.240487
-0.050000 -0.987500 0.239118
-0.050000 -0.962500 0.239118
-0.050000 -0.937500 0.239802
-0.050000 -0.912500 0.239802
-0.050000 -0.887500 0.238168
-0.050000 -0.862500 0.238168
-0.050000 -0.837500 0.237469
-0.050000 -0.812500 0.237469
-0.050000 -0.787500 0.235402
-0.050000 -0.762500 0.235402
-0.050000 -0.737500 0.235416
-0.050000 -0.712500 0.235416
-0.050000 -0.687500 0.233656
-0.050000 -0.662500 0.233656
-0.050000 -0.637500 0.236072
-0.050000 -0.612500 0.236072
-0.050000 -0.587500 0.232454
-0.050000 -0.562500 0.232454
-0.050000 -0.537500 0.232245
-0.050000 -0.512500 0.232245
-0.050000 -0.487500 0.226196
-0.050000 -0.462500 0.226196
-0.050000 -0.437500 0.228948
-0.050000 -0.412500 0.228948
-0.050000 -0.387500 0.223081
-0.050000 -0.362500 0.223081
-0.050000 -0.337500 0.221446
-0.050000 -0.312500 0.221446
-0.050000 -0.287500 0.219630
-0.050000 -0.262500 0.219630
-0.050000 -0.237500 0.222871
-0.050000 -0.212500 0.222871
-0.050000 -0.187500 0.221754
-0.050000 -0.162500 0.221754
-0.050000 -0.137500 0.215160
-0.050000 -0.112500 0.215160
-0.050000 -0.087500 0.219281
-0.050000 -0.062500 0.219281
-0.050000 -0.037500 0.221139
-0.050000 -0.012500 0.221139
-0.050000 0.012500 0.221041
-0.050000 0.037500 0.221041
-0.050000 0.062500 0.218010
-0.050000 0.087500 0.218010
-0.050000 0.112500 0.214434
-0.050000 0.137500 0.214434
-0.050000 0.162500 0.222438
-0.050000 0.187500 0.222438
-0.050000 0.212500 0.221866
-0.050000 0.237500 0.221866
-0.050000 0.262500 0.220608
-0.050000 0.287500 0.220608
-0.050000 0.312500 0.222732
-0.050000 0.337500 0.222732
-0.050000 0.362500 0.223668
-0.050000 0.387500 0.223668
-0.050000 0.412500 0.228208
-0.050000 0.437500 0.228208
-0.050000 0.462500 0.226685
-0.050000 0.487500 0.226685
-0.050000 0.512500 0.232259
-0.050000 0.537500 0.232259
-0.050000 0.562500 0.233404
-0.050000 0.587500 0.233404
-0.050000 0.612500 0.235584
-0.050000 0.637500 0.235584
-0.050000 0.662500 0.233139
-0.050000 0.687500 0.233139
-0.050000 0.712500 0.235053
-0.050000 0.737500 0.235053
-0.050000 0.762500 0.234242
-0.050000 0.787500 0.234242
-0.050000 0.812500 0.237400
-0.050000 0.837500 0.237400
-0.050000 0.862500 0.237875
-0.050000 0.887500 0.237875
-0.050000 0.912500 0.239355
-0.050000 0.937500 0.239355
-0.050000 0.962500 0.238280
-0.050000 0.987500 0.238280
-0.050000 1.012500 0.240263
-0.050000 1.037500 0.240263
-0.050000 1.062500 0.240431
-0.050000 1.087500 0.240431
-0.050000 1.112500 0.243127
-0.050000 1.137500 0.243127
-0.050000 1.162500 0.241772
-0.050000 1.187500 0.241772
-0.050000 1.212500 0.242540
-0.050000 1.237500 0.242540
-0.050000 1.262500 0.245600
-0.050000 1.287500 0.245600
-0.050000 1.312500 0.243742
-0.050000 1.337500 0.243742
-0.050000 1.362500 0.241800
-0.050000 1.387500 0.241800
-0.050000 1.412500 0.243993
-0.050000 1.437500 0.243993
-0.050000 1.462500 0.246633
-0.050000 1.487500 0.246633
0.050000 -1.487500 0.246997
0.050000 -1.462500 0.246997
0.050000 -1.437500 0.244524
0.050000 -1.412500 0.244524
0.050000 -1.387500 0.242219
0.050000 -1.362500 0.242219
0.050000 -1.337500 0.243015
0.050000 -1.312500 0.243015
0.050000 -1.287500 0.245013
0.050000 -1.262500 0.245013
0.050000 -1.237500 0.241870
0.050000 -1.212500 0.241870
0.050000 -1.187500 0.241898
0.050000 -1.162500 0.241898
0.050000 -1.137500 0.243001
0.050000 -1.112500 0.243001
0.050000 -1.087500 0.240738
0.050000 -1.062500 0.240738
0.050000 -1.037500 0.240487
0.050000 -1.012500 0.240487
0.050000 -0.987500 0.239118
0.050000 -0.962500 0.239118
0.050000 -0.937500 0.239802
0.050000 -0.912500 0.239802
0.050000 -0.887500 0.238168
0.050000 -0.862500 0.238168
0.050000 -0.837500 0.237469
0.050000 -0.812500 0.237469
0.050000 -0.787500 0.235402
0.050000 -0.762500 0.235402
0.050000 -0.737500 0.235416
0.050000 -0.712500 0.235416
0.050000 -0.687500 0.233656
0.050000 -0.662500 0.233656
0.050000 -0.637500 0.236072
0.050000 -0.612500 0.236072
0.050000 -0.587500 0.232454
0.050000 -0.562500 0.232454
0.050000 -0.537500 0.232245
0.050000 -0.512500 0.232245
0.050000 -0.487500 0.226196
0.050000 -0.462500 0.226196
0.050000 -0.437500 0.228948
0.050000 -0.412500 0.228948
0.050000 -0.387500 0.223081
0.050000 -0.362500 0.223081
0.050000 -0.337500 0.221446
0.050000 -0.312500 0.221446
0.050000 -0.287500 0.219630
0.050000 -0.262500 0.219630
0.050000 -0.237500 0.222871
0.050000 -0.212500 0.222871
0.050000 -0.187500 0.221754
0.050000 -0.162500 0.221754
0.050000 -0.137500 0.215160
0.050000 -0.112500 0.215160
0.050000 -0.087500 0.219281
0.050000 -0.062500 0.219281
0.050000 -0.037500 0.221139
0.050000 -0.012500 0.221139
0.050000 0.012500 0.221041
0.050000 0.037500 0.221041
0.050000 0.062500 0.218010
0.050000 0.087500 0.218010
0.050000 0.112500 0.214434
0.050000 0.137500 0.214434
0.050000 0.162500 0.222438
0.050000 0.187500 0.222438
0.050000 0.212500 0.221866
0.050000 0.237500 0.221866
0.050000 0.262500 0.220608
0.050000 0.287500 0.220608
0.050000 0.312500 0.222732
0.050000 0.337500 0.222732
0.050000 0.362500 0.223668
0.050000 0.387500 0.223668
0.050000 0.412500 0.228208
0.050000 0.437500 0.228208
0.050000 0.462500 0.226685
0.050000 0.487500 0.226685
0.050000 0.512500 0.232259
0.050000 0.537500 0.232259
0.050000 0.562500 0.233404
0.050000 0.587500 0.233404
0.050000 0.612500 0.235584
0.050000 0.637500 0.235584
0.050000 0.662500 0.233139
0.050000 0.687500 0.233139
0.050000 0.712500 0.235053
0.050000 0.737500 0.235053
0.050000 0.762500 0.234242
0.050000 0.787500 0.234242
0.050000 0.812500 0.237400
0.050000 0.837500 0.237400
0.050000 0.862500 0.237875
0.050000 0.887500 0.237875
0.050000 0.912500 0.239355
0.050000 0.937500 0.239355
0.050000 0.962500 0.238280
0.050000 0.987500 0.238280
0.050000 1.012500 0.240263
0.050000 1.037500 0.240263
0.050000 1.062500 0.240431
0.050000 1.087500 0.240431
0.050000 1.112500 0.243127
0.050000 1.137500 0.243127
0.050000 1.162500 0.241772
0.050000 1.187500 0.241772
0.050000 1.212500 0.242540
0.050000 1.237500 0.242540
0.050000 1.262500 0.245600
0.050000 1.287500 0.245600
0.050000 1.312500 0.243742
0.050000 1.337500 0.243742
0.050000 1.362500 0.241800
0.050000 1.387500 0.241800
0.050000 1.412500 0.243993
0.050000 1.437500 0.243993
0.050000 1.462500 0.246633
0.050000 1.487500 0.246633
