10.000000 -100.000000 -100.000000
-0.050000 -1.525391 0.000000
-0.050000 -1.500000 0.000000
-0.050000 -1.475000 0.000000
-0.050000 -1.450000 0.000000
-0.050000 -1.425000 0.000000
-0.050000 -1.400000 0.000000
-0.050000 -1.375000 0.000000
-0.050000 -1.350000 0.000000
-0.050000 -1.325000 0.000000
-0.050000 -1.300000 0.000000
-0.050000 -1.275000 0.000000
-0.050000 -1.250000 0.000000
-0.050000 -1.225000 0.000000
-0.050000 -1.200000 0.000000
-0.050000 -1.175000 0.000000
-0.050000 -1.150000 0.000000
-0.050000 -1.125000 0.000000
-0.050000 -1.100000 0.000000
-0.050000 -1.075000 0.000000
-0.050000 -1.050000 0.000000
-0.050000 -1.025000 0.000000
-0.050000 -1.000000 0.000000
-0.050000 -0.975000 0.000000
-0.050000 -0.950000 0.000000
-0.050000 -0.925000 0.000000
-0.050000 -0.900000 0.000000
-0.050000 -0.875000 0.000000
-0.050000 -0.850000 0.000000
-0.050000 -0.825000 0.000000
-0.050000 -0.800000 0.000000
-0.050000 -0.775000 0.000000
-0.050000 -0.750000 0.000000
-0.050000 -0.725000 0.000000
-0.050000 -0.700000 0.000000
-0.050000 -0.675000 0.000000
-0.050000 -0.650000 0.000000
-0.050000 -0.625000 0.000000
-0.050000 -0.600000 0.000000
-0.050000 -0.575000 0.000000
-0.050000 -0.550000 0.000000
-0.050000 -0.525000 0.000000
-0.050000 -0.500000 0.000000
-0.050000 -0.475000 0.000000
-0.050000 -0.450000 0.000000
-0.050000 -0.425000 0.000000
-0.050000 -0.400000 0.000000
-0.050000 -0.375000 0.000000
-0.050000 -0.350000 0.000000
-0.050000 -0.325000 0.000000
-0.050000 -0.300000 0.000000
-0.050000 -0.275000 0.000000
-0.050000 -0.250000 0.000000
-0.050000 -0.225000 0.000000
-0.050000 -0.200000 0.000000
-0.050000 -0.175000 0.000000
-0.050000 -0.150000 0.000000
-0.050000 -0.125000 0.000000
-0.050000 -0.100000 0.000000
-0.050000 -0.075000 0.000000
-0.050000 -0.050000 0.000000
-0.050000 -0.025000 0.000000
-0.050000 0.000000 0.000000
-0.050000 0.025000 0.000000
-0.050000 0.050000 0.000000
-0.050000 0.075000 0.000000
-0.050000 0.100000 0.000000
-0.050000 0.125000 0.000000
-0.050000 0.150000 0.000000
-0.050000 0.175000 0.000000
-0.050000 0.200000 0.000000
-0.050000 0.225000 0.000000
-0.050000 0.250000 0.000000
-0.050000 0.275000 0.000000
-0.050000 0.300000 0.000000
-0.050000 0.325000 0.000000
-0.050000 0.350000 0.000000
-0.050000 0.375000 0.000000
-0.050000 0.400000 0.000000
-0.050000 0.425000 0.000000
-0.050000 0.450000 0.000000
-0.050000 0.475000 0.000000
-0.050000 0.500000 0.000000
-0.050000 0.525000 0.000000
-0.050000 0.550000 0.000000
-0.050000 0.575000 0.000000
-0.050000 0.600000 0.000000
-0.050000 0.625000 0.000000
-0.050000 0.650000 0.000000
-0.050000 0.675000 0.000000
-0.050000 0.700000 0.000000
-0.050000 0.725000 0.000000
-0.050000 0.750000 0.000000
-0.050000 0.775000 0.000000
-0.050000 0.800000 0.000000
-0.050000 0.825000 0.000000
-0.050000 0.850000 0.000000
-0.050000 0.875000 0.000000
-0.050000 0.900000 0.000000
-0.050000 0.925000 0.000000
-0.050000 0.950000 0.000000
-0.050000 0.975000 0.000000
-0.050000 1.000000 0.000000
-0.050000 1.025000 0.000000
-0.050000 1.050000 0.000000
-0.050000 1.075000 0.000000
-0.050000 1.100000 0.000000
-0.050000 1.125000 0.000000
-0.050000 1.150000 0.000000
-0.050000 1.175000 0.000000
-0.050000 1.200000 0.000000
-0.050000 1.225000 0.000000
-0.050000 1.250000 0.000000
-0.050000 1.275000 0.000000
-0.050000 1.300000 0.000000
-0.050000 1.325000 0.000000
-0.050000 1.350000 0.000000
-0.050000 1.375000 0.000000
-0.050000 1.400000 0.000000
-0.050000 1.425000 0.000000
-0.050000 1.450000 0.000000
-0.050000 1.475000 0.000000
-0.050000 1.500000 0.000000
-0.050000 1.525391 0.000000
0.050000 -1.525391 0.000000
0.050000 -1.500000 0.000000
0.050000 -1.475000 0.000000
0.050000 -1.450000 0.000000
0.050000 -1.425000 0.000000
0.050000 -1.400000 0.000000
0.050000 -1.375000 0.000000
0.050000 -1.350000 0.000000
0.050000 -1.325000 0.000000
0.050000 -1.300000 0.000000
0.050000 -1.275000 0.000000
0.050000 -1.250000 0.000000
0.050000 -1.225000 0.000000
0.050000 -1.200000 0.000000
0.050000 -1.175000 0.000000
0.050000 -1.150000 0.000000
0.050000 -1.125000 0.000000
0.050000 -1.100000 0.000000
0.050000 -1.075000 0.000000
0.050000 -1.050000 0.000000
0.050000 -1.025000 0.000000
0.050000 -1.000000 0.000000
0.050000 -0.975000 0.000000
0.050000 -0.950000 0.000000
0.050000 -0.925000 0.000000
0.050000 -0.900000 0.000000
0.050000 -0.875000 0.000000
0.050000 -0.850000 0.000000
0.050000 -0.825000 0.000000
0.050000 -0.800000 0.000000
0.050000 -0.775000 0.000000
0.050000 -0.750000 0.000000
0.050000 -0.725000 0.000000
0.050000 -0.700000 0.000000
0.050000 -0.675000 0.000000
0.050000 -0.650000 0.000000
0.050000 -0.625000 0.000000
0.050000 -0.600000 0.000000
0.050000 -0.575000 0.000000
0.050000 -0.550000 0.000000
0.050000 -0.525000 0.000000
0.050000 -0.500000 0.000000
0.050000 -0.475000 0.000000
0.050000 -0.450000 0.000000
0.050000 -0.425000 0.000000
0.050000 -0.400000 0.000000
0.050000 -0.375000 0.000000
0.050000 -0.350000 0.000000
0.050000 -0.325000 0.000000
0.050000 -0.300000 0.000000
0.050000 -0.275000 0.000000
0.050000 -0.250000 0.000000
0.050000 -0.225000 0.000000
0.050000 -0.200000 0.000000
0.050000 -0.175000 0.000000
0.050000 -0.150000 0.000000
0.050000 -0.125000 0.000000
0.050000 -0.100000 0.000000
0.050000 -0.075000 0.000000
0.050000 -0.050000 0.000000
0.050000 -0.025000 0.000000
0.050000 0.000000 0.000000
0.050000 0.025000 0.000000
0.050000 0.050000 0.000000
0.050000 0.075000 0.000000
0.050000 0.100000 0.000000
0.050000 0.125000 0.000000
0.050000 0.150000 0.000000
0.050000 0.175000 0.000000
0.050000 0.200000 0.000000
0.050000 0.225000 0.000000
0.050000 0.250000 0.000000
0.050000 0.275000 0.000000
0.050000 0.300000 0.000000
0.050000 0.325000 0.000000
0.050000 0.350000 0.000000
0.050000 0.375000 0.000000
0.050000 0.400000 0.000000
0.050000 0.425000 0.000000
0.050000 0.450000 0.000000
0.050000 0.475000 0.000000
0.050000 0.500000 0.000000
0.050000 0.525000 0.000000
0.050000 0.550000 0.000000
0.050000 0.575000 0.000000
0.050000 0.600000 0.000000
0.050000 0.625000 0.000000
0.050000 0.650000 0.000000
0.050000 0.675000 0.000000
0.050000 0.700000 0.000000
0.050000 0.725000 0.000000
0.050000 0.750000 0.000000
0.050000 0.775000 0.000000
0.050000 0.800000 0.000000
0.050000 0.825000 0.000000
0.050000 0.850000 0.000000
0.050000 0.875000 0.000000
0.050000 0.900000 0.000000
0.050000 0.925000 0.000000
0.050000 0.950000 0.000000
0.050000 0.975000 0.000000
0.050000 1.000000 0.000000
0.050000 1.025000 0.000000
0.050000 1.050000 0.000000
0.050000 1.075000 0.000000
0.050000 1.100000 0.000000
0.050000 1.125000 0.000000
0.050000 1.150000 0.000000
0.050000 1.175000 0.000000
0.050000 1.200000 0.000000
0.050000 1.225000 0.000000
0.050000 1.250000 0.000000
0.050000 1.275000 0.000000
0.050000 1.300000 0.000000
0.050000 1.325000 0.000000
0.050000 1.350000 0.000000
0.050000 1.375000 0.000000
0.050000 1.400000 0.000000
0.050000 1.425000 0.000000
0.050000 1.450000 0.000000
0.050000 1.475000 0.000000
0.050000 1.500000 0.000000
0.050000 1.525391 0.000000
-0.050000 -1.525391 0.429668
-0.050000 -1.500001 0.499650
-0.050000 -1.475000 0.429880
-0.050000 -1.449997 0.499640
-0.050000 -1.425000 0.433711
-0.050000 -1.400007 0.499631
-0.050000 -1.375000 0.422381
-0.050000 -1.349994 0.499595
-0.050000 -1.325000 0.431098
-0.050000 -1.300017 0.499577
-0.050000 -1.275000 0.403073
-0.050000 -1.249997 0.499548
-0.050000 -1.225000 0.408304
-0.050000 -1.199987 0.499479
-0.050000 -1.175000 0.426236
-0.050000 -1.150012 0.499476
-0.050000 -1.125000 0.410827
-0.050000 -1.100003 0.499506
-0.050000 -1.075000 0.405718
-0.050000 -1.049993 0.499502
-0.050000 -1.025000 0.416359
-0.050000 -1.000009 0.499508
-0.050000 -0.975000 0.401840
-0.050000 -0.949996 0.499518
-0.050000 -0.925000 0.409060
-0.050000 -0.899999 0.499479
-0.050000 -0.875000 0.410925
-0.050000 -0.850010 0.499426
-0.050000 -0.825000 0.394389
-0.050000 -0.800010 0.499263
-0.050000 -0.775000 0.378434
-0.050000 -0.750006 0.499112
-0.050000 -0.725000 0.368500
-0.050000 -0.700011 0.499044
-0.050000 -0.675000 0.345413
-0.050000 -0.649986 0.498863
-0.050000 -0.625000 0.369387
-0.050000 -0.600028 0.498650
-0.050000 -0.575000 0.325926
-0.050000 -0.550005 0.498612
-0.050000 -0.525000 0.314707
-0.050000 -0.499996 0.498556
-0.050000 -0.475000 0.322770
-0.050000 -0.449999 0.498432
-0.050000 -0.425000 0.324943
-0.050000 -0.400005 0.498415
-0.050000 -0.375000 0.315341
-0.050000 -0.350009 0.498348
-0.050000 -0.325000 0.296185
-0.050000 -0.299997 0.498217
-0.050000 -0.275000 0.302953
-0.050000 -0.250004 0.498156
-0.050000 -0.225000 0.294820
-0.050000 -0.200001 0.498148
-0.050000 -0.175000 0.293418
-0.050000 -0.149998 0.498143
-0.050000 -0.125000 0.298298
-0.050000 -0.099993 0.498249
-0.050000 -0.075000 0.310871
-0.050000 -0.050001 0.498383
-0.050000 -0.025000 0.308269
-0.050000 0.000000 0.498397
-0.050000 0.025000 0.308660
-0.050000 0.050001 0.498384
-0.050000 0.075000 0.309877
-0.050000 0.099995 0.498284
-0.050000 0.125000 0.301059
-0.050000 0.149995 0.498193
-0.050000 0.175000 0.291728
-0.050000 0.200002 0.498172
-0.050000 0.225000 0.295676
-0.050000 0.250002 0.498153
-0.050000 0.275000 0.299338
-0.050000 0.299998 0.498168
-0.050000 0.325000 0.294717
-0.050000 0.350008 0.498279
-0.050000 0.375000 0.310943
-0.050000 0.400008 0.498337
-0.050000 0.425000 0.325293
-0.050000 0.449997 0.498384
-0.050000 0.475000 0.319889
-0.050000 0.499997 0.498587
-0.050000 0.525000 0.313977
-0.050000 0.550007 0.498677
-0.050000 0.575000 0.330067
-0.050000 0.600023 0.498662
-0.050000 0.625000 0.367246
-0.050000 0.649988 0.498889
-0.050000 0.675000 0.344866
-0.050000 0.700014 0.499064
-0.050000 0.725000 0.372404
-0.050000 0.750005 0.499099
-0.050000 0.775000 0.380254
-0.050000 0.800006 0.499260
-0.050000 0.825000 0.390926
-0.050000 0.850008 0.499414
-0.050000 0.875000 0.405543
-0.050000 0.900001 0.499476
-0.050000 0.925000 0.406985
-0.050000 0.949997 0.499499
-0.050000 0.975000 0.401638
-0.050000 1.000008 0.499493
-0.050000 1.025000 0.414677
-0.050000 1.049996 0.499499
-0.050000 1.075000 0.407505
-0.050000 1.100003 0.499510
-0.050000 1.125000 0.411930
-0.050000 1.150011 0.499475
-0.050000 1.175000 0.425894
-0.050000 1.199986 0.499480
-0.050000 1.225000 0.405982
-0.050000 1.249999 0.499555
-0.050000 1.275000 0.402884
-0.050000 1.300016 0.499580
-0.050000 1.325000 0.430156
-0.050000 1.349996 0.499593
-0.050000 1.375000 0.423883
-0.050000 1.400007 0.499625
-0.050000 1.425000 0.433707
-0.050000 1.449996 0.499641
-0.050000 1.475000 0.428361
-0.050000 1.500001 0.499655
-0.050000 1.525391 0.428154
0.050000 -1.525391 0.429668
0.050000 -1.500001 0.499650
0.050000 -1.475000 0.429880
0.050000 -1.449997 0.499640
0.050000 -1.425000 0.433711
0.050000 -1.400007 0.499631
0.050000 -1.375000 0.422381
0.050000 -1.349994 0.499595
0.050000 -1.325000 0.431098
0.050000 -1.300017 0.499577
0.050000 -1.275000 0.403073
0.050000 -1.249997 0.499548
0.050000 -1.225000 0.408304
0.050000 -1.199987 0.499479
0.050000 -1.175000 0.426236
0.050000 -1.150012 0.499476
0.050000 -1.125000 0.410827
0.050000 -1.100003 0.499506
0.050000 -1.075000 0.405718
0.050000 -1.049993 0.499502
0.050000 -1.025000 0.416359
0.050000 -1.000009 0.499508
0.050000 -0.975000 0.401840
0.050000 -0.949996 0.499518
0.050000 -0.925000 0.409060
0.050000 -0.899999 0.499479
0.050000 -0.875000 0.410925
0.050000 -0.850010 0.499426
0.050000 -0.825000 0.394389
0.050000 -0.800010 0.499263
0.050000 -0.775000 0.378434
0.050000 -0.750006 0.499112
0.050000 -0.725000 0.368500
0.050000 -0.700011 0.499044
0.050000 -0.675000 0.345413
0.050000 -0.649986 0.498863
0.050000 -0.625000 0.369387
0.050000 -0.600028 0.498650
0.050000 -0.575000 0.325926
0.050000 -0.550005 0.498612
0.050000 -0.525000 0.314707
0.050000 -0.499996 0.498556
0.050000 -0.475000 0.322770
0.050000 -0.449999 0.498432
0.050000 -0.425000 0.324943
0.050000 -0.400005 0.498415
0.050000 -0.375000 0.315341
0.050000 -0.350009 0.498348
0.050000 -0.325000 0.296185
0.050000 -0.299997 0.498217
0.050000 -0.275000 0.302953
0.050000 -0.250004 0.498156
0.050000 -0.225000 0.294820
0.050000 -0.200001 0.498148
0.050000 -0.175000 0.293418
0.050000 -0.149998 0.498143
0.050000 -0.125000 0.298298
0.050000 -0.099993 0.498249
0.050000 -0.075000 0.310871
0.050000 -0.050001 0.498383
0.050000 -0.025000 0.308269
0.050000 0.000000 0.498397
0.050000 0.025000 0.308660
0.050000 0.050001 0.498384
0.050000 0.075000 0.309877
0.050000 0.099995 0.498284
0.050000 0.125000 0.301059
0.050000 0.149995 0.498193
0.050000 0.175000 0.291728
0.050000 0.200002 0.498172
0.050000 0.225000 0.295676
0.050000 0.250002 0.498153
0.050000 0.275000 0.299338
0.050000 0.299998 0.498168
0.050000 0.325000 0.294717
0.050000 0.350008 0.498279
0.050000 0.375000 0.310943
0.050000 0.400008 0.498337
0.050000 0.425000 0.325293
0.050000 0.449997 0.498384
0.050000 0.475000 0.319889
0.050000 0.499997 0.498587
0.050000 0.525000 0.313977
0.050000 0.550007 0.498677
0.050000 0.575000 0.330067
0.050000 0.600023 0.498662
0.050000 0.625000 0.367246
0.050000 0.649988 0.498889
0.050000 0.675000 0.344866
0.050000 0.700014 0.499064
0.050000 0.725000 0.372404
0.050000 0.750005 0.499099
0.050000 0.775000 0.380254
0.050000 0.800006 0.499260
0.050000 0.825000 0.390926
0.050000 0.850008 0.499414
0.050000 0.875000 0.405543
0.050000 0.900001 0.499476
0.050000 0.925000 0.406985
0.050000 0.949997 0.499499
0.050000 0.975000 0.401638
0.050000 1.000008 0.499493
0.050000 1.025000 0.414677
0.050000 1.049996 0.499499
0.050000 1.075000 0.407505
0.050000 1.100003 0.499510
0.050000 1.125000 0.411930
0.050000 1.150011 0.499475
0.050000 1.175000 0.425894
0.050000 1.199986 0.499480
0.050000 1.225000 0.405982
0.050000 1.249999 0.499555
0.050000 1.275000 0.402884
0.050000 1.300016 0.499580
0.050000 1.325000 0.430156
0.050000 1.349996 0.499593
0.050000 1.375000 0.423883
0.050000 1.400007 0.499625
0.050000 1.425000 0.433707
0.050000 1.449996 0.499641
0.050000 1.475000 0.428361
0.050000 1.500001 0.499655
0.050000 1.525391 0.428154
0.000000 -1.512695 0.000000
0.000000 -1.487500 0.000000
0.000000 -1.462500 0.000000
0.000000 -1.437500 0.000000
0.000000 -1.412500 0.000000
0.000000 -1.387500 0.000000
0.000000 -1.362500 0.000000
0.000000 -1.337500 0.000000
0.000000 -1.312500 0.000000
0.000000 -1.287500 0.000000
0.000000 -1.262500 0.000000
0.000000 -1.237500 0.000000
0.000000 -1.212500 0.000000
0.000000 -1.187500 0.000000
0.000000 -1.162500 0.000000
0.000000 -1.137500 0.000000
0.000000 -1.112500 0.000000
0.000000 -1.087500 0.000000
0.000000 -1.062500 0.000000
0.000000 -1.037500 0.000000
0.000000 -1.012500 0.000000
0.000000 -0.987500 0.000000
0.000000 -0.962500 0.000000
0.000000 -0.937500 0.000000
0.000000 -0.912500 0.000000
0.000000 -0.887500 0.000000
0.000000 -0.862500 0.000000
0.000000 -0.837500 0.000000
0.000000 -0.812500 0.000000
0.000000 -0.787500 0.000000
0.000000 -0.762500 0.000000
0.000000 -0.737500 0.000000
0.000000 -0.712500 0.000000
0.000000 -0.687500 0.000000
0.000000 -0.662500 0.000000
0.000000 -0.637500 0.000000
0.000000 -0.612500 0.000000
0.000000 -0.587500 0.000000
0.000000 -0.562500 0.000000
0.000000 -0.537500 0.000000
0.000000 -0.512500 0.000000
0.000000 -0.487500 0.000000
0.000000 -0.462500 0.000000
0.000000 -0.437500 0.000000
0.000000 -0.412500 0.000000
0.000000 -0.387500 0.000000
0.000000 -0.362500 0.000000
0.000000 -0.337500 0.000000
0.000000 -0.312500 0.000000
0.000000 -0.287500 0.000000
0.000000 -0.262500 0.000000
0.000000 -0.237500 0.000000
0.000000 -0.212500 0.000000
0.000000 -0.187500 0.000000
0.000000 -0.162500 0.000000
0.000000 -0.137500 0.000000
0.000000 -0.112500 0.000000
-0.000000 -0.087500 0.000000
0.000000 -0.062500 0.000000
0.000000 -0.037500 0.000000
0.000000 -0.012500 0.000000
0.000000 0.012500 0.000000
0.000000 0.037500 0.000000
0.000000 0.062500 0.000000
-0.000000 0.087500 0.000000
0.000000 0.112500 0.000000
0.000000 0.137500 0.000000
0.000000 0.162500 0.000000
0.000000 0.187500 0.000000
0.000000 0.212500 0.000000
0.000000 0.237500 0.000000
0.000000 0.262500 0.000000
0.000000 0.287500 0.000000
0.000000 0.312500 0.000000
0.000000 0.337500 0.000000
0.000000 0.362500 0.000000
0.000000 0.387500 0.000000
0.000000 0.412500 0.000000
0.000000 0.437500 0.000000
0.000000 0.462500 0.000000
0.000000 0.487500 0.000000
0.000000 0.512500 0.000000
0.000000 0.537500 0.000000
0.000000 0.562500 0.000000
0.000000 0.587500 0.000000
0.000000 0.612500 0.000000
0.000000 0.637500 0.000000
0.000000 0.662500 0.000000
0.000000 0.687500 0.000000
0.000000 0.712500 0.000000
0.000000 0.737500 0.000000
0.000000 0.762500 0.000000
0.000000 0.787500 0.000000
0.000000 0.812500 0.000000
0.000000 0.837500 0.000000
0.000000 0.862500 0.000000
0.000000 0.887500 0.000000
0.000000 0.912500 0.000000
0.000000 0.937500 0.000000
0.000000 0.962500 0.000000
0.000000 0.987500 0.000000
0.000000 1.012500 0.000000
0.000000 1.037500 0.000000
0.000000 1.062500 0.000000
0.000000 1.087500 0.000000
0.000000 1.112500 0.000000
0.000000 1.137500 0.000000
0.000000 1.162500 0.000000
0.000000 1.187500 0.000000
0.000000 1.212500 0.000000
0.000000 1.237500 0.000000
0.000000 1.262500 0.000000
0.000000 1.287500 0.000000
0.000000 1.312500 0.000000
0.000000 1.337500 0.000000
0.000000 1.362500 0.000000
0.000000 1.387500 0.000000
0.000000 1.412500 0.000000
0.000000 1.437500 0.000000
0.000000 1.462500 0.000000
0.000000 1.487500 0.000000
0.000000 1.512695 0.000000
0.000000 -1.512693 0.464756
0.000000 -1.487502 0.464756
0.000000 -1.462498 0.464756
0.000000 -1.437502 0.466665
-0.000000 -1.412498 0.466664
-0.000000 -1.387502 0.460998
0.000000 -1.362498 0.460995
0.000000 -1.337502 0.465322
-0.000000 -1.312498 0.465320
-0.000000 -1.287503 0.451323
-0.000000 -1.262497 0.451320
0.000000 -1.237503 0.453894
-0.000000 -1.212497 0.453893
0.000000 -1.187503 0.462832
0.000000 -1.162497 0.462831
0.000000 -1.137503 0.455152
-0.000000 -1.112497 0.455152
-0.000000 -1.087503 0.452601
-0.000000 -1.062497 0.452601
-0.000000 -1.037503 0.457915
0.000000 -1.012497 0.457916
0.000000 -0.987503 0.450667
0.000000 -0.962497 0.450669
0.000000 -0.937503 0.454274
-0.000000 -0.912497 0.454272
0.000000 -0.887503 0.455174
0.000000 -0.862496 0.455169
0.000000 -0.837504 0.446885
0.000000 -0.812495 0.446873
0.000000 -0.787506 0.438764
0.000000 -0.762493 0.438753
0.000000 -0.737507 0.433773
0.000000 -0.712493 0.433765
-0.000000 -0.687508 0.422177
-0.000000 -0.662491 0.422163
0.000000 -0.637509 0.434024
0.000000 -0.612490 0.434013
0.000000 -0.587512 0.412210
0.000000 -0.562488 0.412209
0.000000 -0.537513 0.406620
0.000000 -0.512487 0.406616
0.000000 -0.487513 0.410574
-0.000000 -0.462486 0.410565
-0.000000 -0.437514 0.411613
0.000000 -0.412486 0.411612
0.000000 -0.387514 0.406831
-0.000000 -0.362485 0.406830
0.000000 -0.337516 0.397161
-0.000000 -0.312483 0.397154
-0.000000 -0.287517 0.400497
0.000000 -0.262483 0.400493
0.000000 -0.237518 0.396411
-0.000000 -0.212482 0.396411
-0.000000 -0.187518 0.395714
0.000000 -0.162482 0.395715
0.000000 -0.137518 0.398144
0.000000 -0.112483 0.398148
0.000000 -0.087516 0.404557
0.000000 -0.062485 0.404562
0.000000 -0.037515 0.403272
0.000000 -0.012485 0.403274
0.000000 0.012485 0.403469
0.000000 0.037515 0.403467
0.000000 0.062485 0.404067
-0.000000 0.087516 0.404062
0.000000 0.112484 0.399564
0.000000 0.137517 0.399560
-0.000000 0.162482 0.394889
0.000000 0.187518 0.394885
0.000000 0.212482 0.396850
-0.000000 0.237518 0.396849
0.000000 0.262483 0.398672
0.000000 0.287517 0.398676
-0.000000 0.312482 0.396381
0.000000 0.337517 0.396389
-0.000000 0.362484 0.404594
-0.000000 0.387515 0.404595
-0.000000 0.412485 0.411739
0.000000 0.437514 0.411741
0.000000 0.462486 0.409118
0.000000 0.487513 0.409131
0.000000 0.512487 0.406287
0.000000 0.537512 0.406294
-0.000000 0.562488 0.414311
-0.000000 0.587512 0.414308
-0.000000 0.612490 0.432924
-0.000000 0.637509 0.432935
0.000000 0.662491 0.421933
0.000000 0.687508 0.421945
0.000000 0.712493 0.435694
0.000000 0.737507 0.435699
-0.000000 0.762493 0.439676
0.000000 0.787506 0.439688
0.000000 0.812495 0.445122
0.000000 0.837504 0.445136
-0.000000 0.862496 0.452483
0.000000 0.887504 0.452488
0.000000 0.912497 0.453226
-0.000000 0.937503 0.453227
-0.000000 0.962497 0.450557
-0.000000 0.987503 0.450557
0.000000 1.012497 0.457068
0.000000 1.037503 0.457068
-0.000000 1.062497 0.453497
-0.000000 1.087503 0.453497
0.000000 1.112497 0.455707
0.000000 1.137503 0.455705
-0.000000 1.162497 0.462657
-0.000000 1.187503 0.462658
0.000000 1.212497 0.452735
0.000000 1.237503 0.452738
-0.000000 1.262497 0.451228
0.000000 1.287503 0.451229
-0.000000 1.312498 0.464850
-0.000000 1.337502 0.464852
-0.000000 1.362498 0.461743
0.000000 1.387502 0.461746
0.000000 1.412498 0.466659
0.000000 1.437502 0.466661
0.000000 1.462498 0.464000
-0.000000 1.487502 0.464000
0.000000 1.512693 0.464000
0.000000 -1.525391 0.214789
0.000000 1.525391 0.214032
-0.050000 -1.512695 0.232379
-0.050000 -1.487500 0.232379
-0.050000 -1.462500 0.232378
-0.050000 -1.437500 0.233333
-0.050000 -1.412500 0.233332
-0.050000 -1.387500 0.230499
-0.050000 -1.362500 0.230498
-0.050000 -1.337500 0.232662
-0.050000 -1.312500 0.232661
-0.050000 -1.287500 0.225662
-0.050000 -1.262500 0.225660
-0.050000 -1.237500 0.226947
-0.050000 -1.212500 0.226947
-0.050000 -1.187500 0.231416
-0.050000 -1.162500 0.231416
-0.050000 -1.137500 0.227576
-0.050000 -1.112500 0.227577
-0.050000 -1.087500 0.226301
-0.050000 -1.062500 0.226301
-0.050000 -1.037500 0.228958
-0.050000 -1.012500 0.228959
-0.050000 -0.987500 0.225334
-0.050000 -0.962500 0.225335
-0.050000 -0.937500 0.227138
-0.050000 -0.912500 0.227136
-0.050000 -0.887500 0.227587
-0.050000 -0.862500 0.227585
-0.050000 -0.837500 0.223443
-0.050000 -0.812500 0.223437
-0.050000 -0.787500 0.219383
-0.050000 -0.762500 0.219377
-0.050000 -0.737500 0.216887
-0.050000 -0.712500 0.216883
-0.050000 -0.687500 0.211089
-0.050000 -0.662500 0.211082
-0.050000 -0.637500 0.217013
-0.050000 -0.612500 0.217007
-0.050000 -0.587500 0.206106
-0.050000 -0.562500 0.206105
-0.050000 -0.537500 0.203311
-0.050000 -0.512500 0.203309
-0.050000 -0.487500 0.205288
-0.050000 -0.462500 0.205283
-0.050000 -0.437500 0.205807
-0.050000 -0.412500 0.205807
-0.050000 -0.387500 0.203417
-0.050000 -0.362500 0.203416
-0.050000 -0.337500 0.198582
-0.050000 -0.312500 0.198578
-0.050000 -0.287500 0.200249
-0.050000 -0.262500 0.200247
-0.050000 -0.237500 0.198207
-0.050000 -0.212500 0.198207
-0.050000 -0.187500 0.197858
-0.050000 -0.162500 0.197859
-0.050000 -0.137500 0.199073
-0.050000 -0.112500 0.199075
-0.050000 -0.087500 0.202280
-0.050000 -0.062500 0.202282
-0.050000 -0.037500 0.201637
-0.050000 -0.012500 0.201638
-0.050000 0.012500 0.201736
-0.050000 0.037500 0.201735
-0.050000 0.062500 0.202035
-0.050000 0.087500 0.202032
-0.050000 0.112500 0.199783
-0.050000 0.137500 0.199781
-0.050000 0.162500 0.197446
-0.050000 0.187500 0.197443
-0.050000 0.212500 0.198426
-0.050000 0.237500 0.198426
-0.050000 0.262500 0.199337
-0.050000 0.287500 0.199339
-0.050000 0.312500 0.198192
-0.050000 0.337500 0.198195
-0.050000 0.362500 0.202298
-0.050000 0.387500 0.202299
-0.050000 0.412500 0.205871
-0.050000 0.437500 0.205872
-0.050000 0.462500 0.204560
-0.050000 0.487500 0.204566
-0.050000 0.512500 0.203144
-0.050000 0.537500 0.203148
-0.050000 0.562500 0.207156
-0.050000 0.587500 0.207155
-0.050000 0.612500 0.216463
-0.050000 0.637500 0.216469
-0.050000 0.662500 0.210967
-0.050000 0.687500 0.210973
-0.050000 0.712500 0.217848
-0.050000 0.737500 0.217850
-0.050000 0.762500 0.219839
-0.050000 0.787500 0.219844
-0.050000 0.812500 0.222562
-0.050000 0.837500 0.222568
-0.050000 0.862500 0.226242
-0.050000 0.887500 0.226244
-0.050000 0.912500 0.226614
-0.050000 0.937500 0.226614
-0.050000 0.962500 0.225279
-0.050000 0.987500 0.225279
-0.050000 1.012500 0.228534
-0.050000 1.037500 0.228534
-0.050000 1.062500 0.226749
-0.050000 1.087500 0.226749
-0.050000 1.112500 0.227854
-0.050000 1.137500 0.227853
-0.050000 1.162500 0.231329
-0.050000 1.187500 0.231329
-0.050000 1.212500 0.226368
-0.050000 1.237500 0.226369
-0.050000 1.262500 0.225614
-0.050000 1.287500 0.225615
-0.050000 1.312500 0.232426
-0.050000 1.337500 0.232427
-0.050000 1.362500 0.230872
-0.050000 1.387500 0.230873
-0.050000 1.412500 0.233330
-0.050000 1.437500 0.233331
-0.050000 1.462500 0.232000
-0.050000 1.487500 0.232000
-0.050000 1.512695 0.232000
0.050000 -1.512695 0.232379
0.050000 -1.487500 0.232379
0.050000 -1.462500 0.232378
0.050000 -1.437500 0.233333
0.050000 -1.412500 0.233332
0.050000 -1.387500 0.230499
0.050000 -1.362500 0.230498
0.050000 -1.337500 0.232662
0.050000 -1.312500 0.232661
0.050000 -1.287500 0.225662
0.050000 -1.262500 0.225660
0.050000 -1.237500 0.226947
0.050000 -1.212500 0.226947
0.050000 -1.187500 0.231416
0.050000 -1.162500 0.231416
0.050000 -1.137500 0.227576
0.050000 -1.112500 0.227577
0.050000 -1.087500 0.226301
0.050000 -1.062500 0.226301
0.050000 -1.037500 0.228958
0.050000 -1.012500 0.228959
0.050000 -0.987500 0.225334
0.050000 -0.962500 0.225335
0.050000 -0.937500 0.227138
0.050000 -0.912500 0.227136
0.050000 -0.887500 0.227587
0.050000 -0.862500 0.227585
0.050000 -0.837500 0.223443
0.050000 -0.812500 0.223437
0.050000 -0.787500 0.219383
0.050000 -0.762500 0.219377
0.050000 -0.737500 0.216887
0.050000 -0.712500 0.216883
0.050000 -0.687500 0.211089
0.050000 -0.662500 0.211082
0.050000 -0.637500 0.217013
0.050000 -0.612500 0.217007
0.050000 -0.587500 0.206106
0.050000 -0.562500 0.206105
0.050000 -0.537500 0.203311
0.050000 -0.512500 0.203309
0.050000 -0.487500 0.205288
0.050000 -0.462500 0.205283
0.050000 -0.437500 0.205807
0.050000 -0.412500 0.205807
0.050000 -0.387500 0.203417
0.050000 -0.362500 0.203416
0.050000 -0.337500 0.198582
0.050000 -0.312500 0.198578
0.050000 -0.287500 0.200249
0.050000 -0.262500 0.200247
0.050000 -0.237500 0.198207
0.050000 -0.212500 0.198207
0.050000 -0.187500 0.197858
0.050000 -0.162500 0.197859
0.050000 -0.137500 0.199073
0.050000 -0.112500 0.199075
0.050000 -0.087500 0.202280
0.050000 -0.062500 0.202282
0.050000 -0.037500 0.201637
0.050000 -0.012500 0.201638
0.050000 0.012500 0.201736
0.050000 0.037500 0.201735
0.050000 0.062500 0.202035
0.050000 0.087500 0.202032
0.050000 0.112500 0.199783
0.050000 0.137500 0.199781
0.050000 0.162500 0.197446
0.050000 0.187500 0.197443
0.050000 0.212500 0.198426
0.050000 0.237500 0.198426
0.050000 0.262500 0.199337
0.050000 0.287500 0.199339
0.050000 0.312500 0.198192
0.050000 0.337500 0.198195
0.050000 0.362500 0.202298
0.050000 0.387500 0.202299
0.050000 0.412500 0.205871
0.050000 0.437500 0.205872
0.050000 0.462500 0.204560
0.050000 0.487500 0.204566
0.050000 0.512500 0.203144
0.050000 0.537500 0.203148
0.050000 0.562500 0.207156
0.050000 0.587500 0.207155
0.050000 0.612500 0.216463
0.050000 0.637500 0.216469
0.050000 0.662500 0.210967
0.050000 0.687500 0.210973
0.050000 0.712500 0.217848
0.050000 0.737500 0.217850
0.050000 0.762500 0.219839
0.050000 0.787500 0.219844
0.050000 0.812500 0.222562
0.050000 0.837500 0.222568
0.050000 0.862500 0.226242
0.050000 0.887500 0.226244
0.050000 0.912500 0.226614
0.050000 0.937500 0.226614
0.050000 0.962500 0.225279
0.050000 0.987500 0.225279
0.050000 1.012500 0.228534
0.050000 1.037500 0.228534
0.050000 1.062500 0.226749
0.050000 1.087500 0.226749
0.050000 1.112500 0.227854
0.050000 1.137500 0.227853
0.050000 1.162500 0.231329
0.050000 1.187500 0.231329
0.050000 1.212500 0.226368
0.050000 1.237500 0.226369
0.050000 1.262500 0.225614
0.050000 1.287500 0.225615
0.050000 1.312500 0.232426
0.050000 1.337500 0.232427
0.050000 1.362500 0.230872
0.050000 1.387500 0.230873
0.050000 1.412500 0.233330
0.050000 1.437500 0.233331
0.050000 1.462500 0.232000
0.050000 1.487500 0.232000
0.050000 1.512695 0.232000
