10110.000000 -100.000000 -100.000000
-0.050000 -1.500000 0.000000
-0.050000 -1.475000 0.000000
-0.050000 -1.450000 0.000000
-0.050000 -1.425000 0.000000
-0.050000 -1.400000 0.000000
-0.050000 -1.375000 0.000000
-0.050000 -1.350000 0.000000
-0.050000 -1.325000 0.000000
-0.050000 -1.300000 0.000000
-0.050000 -1.275000 0.000000
-0.050000 -1.250000 0.000000
-0.050000 -1.225000 0.000000
-0.050000 -1.200000 0.000000
-0.050000 -1.175000 0.000000
-0.050000 -1.150000 0.000000
-0.050000 -1.125000 0.000000
-0.050000 -1.100000 0.000000
-0.050000 -1.075000 0.000000
-0.050000 -1.050000 0.000000
-0.050000 -1.025000 0.000000
-0.050000 -1.000000 0.000000
-0.050000 -0.975000 0.000000
-0.050000 -0.950000 0.000000
-0.050000 -0.925000 0.000000
-0.050000 -0.900000 0.000000
-0.050000 -0.875000 0.000000
-0.050000 -0.850000 0.000000
-0.050000 -0.825000 0.000000
-0.050000 -0.800000 0.000000
-0.050000 -0.775000 0.000000
-0.050000 -0.750000 0.000000
-0.050000 -0.725000 0.000000
-0.050000 -0.700000 0.000000
-0.050000 -0.675000 0.000000
-0.050000 -0.650000 0.000000
-0.050000 -0.625000 0.000000
-0.050000 -0.600000 0.000000
-0.050000 -0.575000 0.000000
-0.050000 -0.550000 0.000000
-0.050000 -0.525000 0.000000
-0.050000 -0.500000 0.000000
-0.050000 -0.475000 0.000000
-0.050000 -0.450000 0.000000
-0.050000 -0.425000 0.000000
-0.050000 -0.400000 0.000000
-0.050000 -0.375000 0.000000
-0.050000 -0.350000 0.000000
-0.050000 -0.325000 0.000000
-0.050000 -0.300000 0.000000
-0.050000 -0.275000 0.000000
-0.050000 -0.250000 0.000000
-0.050000 -0.225000 0.000000
-0.050000 -0.200000 0.000000
-0.050000 -0.175000 0.000000
-0.050000 -0.150000 0.000000
-0.050000 -0.125000 0.000000
-0.050000 -0.100000 0.000000
-0.050000 -0.075000 0.000000
-0.050000 -0.050000 0.000000
-0.050000 -0.025000 0.000000
-0.050000 0.000000 0.000000
-0.050000 0.025000 0.000000
-0.050000 0.050000 0.000000
-0.050000 0.075000 0.000000
-0.050000 0.100000 0.000000
-0.050000 0.125000 0.000000
-0.050000 0.150000 0.000000
-0.050000 0.175000 0.000000
-0.050000 0.200000 0.000000
-0.050000 0.225000 0.000000
-0.050000 0.250000 0.000000
-0.050000 0.275000 0.000000
-0.050000 0.300000 0.000000
-0.050000 0.325000 0.000000
-0.050000 0.350000 0.000000
-0.050000 0.375000 0.000000
-0.050000 0.400000 0.000000
-0.050000 0.425000 0.000000
-0.050000 0.450000 0.000000
-0.050000 0.475000 0.000000
-0.050000 0.500000 0.000000
-0.050000 0.525000 0.000000
-0.050000 0.550000 0.000000
-0.050000 0.575000 0.000000
-0.050000 0.600000 0.000000
-0.050000 0.625000 0.000000
-0.050000 0.650000 0.000000
-0.050000 0.675000 0.000000
-0.050000 0.700000 0.000000
-0.050000 0.725000 0.000000
-0.050000 0.750000 0.000000
-0.050000 0.775000 0.000000
-0.050000 0.800000 0.000000
-0.050000 0.825000 0.000000
-0.050000 0.850000 0.000000
-0.050000 0.875000 0.000000
-0.050000 0.900000 0.000000
-0.050000 0.925000 0.000000
-0.050000 0.950000 0.000000
-0.050000 0.975000 0.000000
-0.050000 1.000000 0.000000
-0.050000 1.025000 0.000000
-0.050000 1.050000 0.000000
-0.050000 1.075000 0.000000
-0.050000 1.100000 0.000000
-0.050000 1.125000 0.000000
-0.050000 1.150000 0.000000
-0.050000 1.175000 0.000000
-0.050000 1.200000 0.000000
-0.050000 1.225000 0.000000
-0.050000 1.250000 0.000000
-0.050000 1.275000 0.000000
-0.050000 1.300000 0.000000
-0.050000 1.325000 0.000000
-0.050000 1.350000 0.000000
-0.050000 1.375000 0.000000
-0.050000 1.400000 0.000000
-0.050000 1.425000 0.000000
-0.050000 1.450000 0.000000
-0.050000 1.475000 0.000000
-0.050000 1.500000 0.000000
0.050000 -1.500000 0.000000
0.050000 -1.475000 0.000000
0.050000 -1.450000 0.000000
0.050000 -1.425000 0.000000
0.050000 -1.400000 0.000000
0.050000 -1.375000 0.000000
0.050000 -1.350000 0.000000
0.050000 -1.325000 0.000000
0.050000 -1.300000 0.000000
0.050000 -1.275000 0.000000
0.050000 -1.250000 0.000000
0.050000 -1.225000 0.000000
0.050000 -1.200000 0.000000
0.050000 -1.175000 0.000000
0.050000 -1.150000 0.000000
0.050000 -1.125000 0.000000
0.050000 -1.100000 0.000000
0.050000 -1.075000 0.000000
0.050000 -1.050000 0.000000
0.050000 -1.025000 0.000000
0.050000 -1.000000 0.000000
0.050000 -0.975000 0.000000
0.050000 -0.950000 0.000000
0.050000 -0.925000 0.000000
0.050000 -0.900000 0.000000
0.050000 -0.875000 0.000000
0.050000 -0.850000 0.000000
0.050000 -0.825000 0.000000
0.050000 -0.800000 0.000000
0.050000 -0.775000 0.000000
0.050000 -0.750000 0.000000
0.050000 -0.725000 0.000000
0.050000 -0.700000 0.000000
0.050000 -0.675000 0.000000
0.050000 -0.650000 0.000000
0.050000 -0.625000 0.000000
0.050000 -0.600000 0.000000
0.050000 -0.575000 0.000000
0.050000 -0.550000 0.000000
0.050000 -0.525000 0.000000
0.050000 -0.500000 0.000000
0.050000 -0.475000 0.000000
0.050000 -0.450000 0.000000
0.050000 -0.425000 0.000000
0.050000 -0.400000 0.000000
0.050000 -0.375000 0.000000
0.050000 -0.350000 0.000000
0.050000 -0.325000 0.000000
0.050000 -0.300000 0.000000
0.050000 -0.275000 0.000000
0.050000 -0.250000 0.000000
0.050000 -0.225000 0.000000
0.050000 -0.200000 0.000000
0.050000 -0.175000 0.000000
0.050000 -0.150000 0.000000
0.050000 -0.125000 0.000000
0.050000 -0.100000 0.000000
0.050000 -0.075000 0.000000
0.050000 -0.050000 0.000000
0.050000 -0.025000 0.000000
0.050000 0.000000 0.000000
0.050000 0.025000 0.000000
0.050000 0.050000 0.000000
0.050000 0.075000 0.000000
0.050000 0.100000 0.000000
0.050000 0.125000 0.000000
0.050000 0.150000 0.000000
0.050000 0.175000 0.000000
0.050000 0.200000 0.000000
0.050000 0.225000 0.000000
0.050000 0.250000 0.000000
0.050000 0.275000 0.000000
0.050000 0.300000 0.000000
0.050000 0.325000 0.000000
0.050000 0.350000 0.000000
0.050000 0.375000 0.000000
0.050000 0.400000 0.000000
0.050000 0.425000 0.000000
0.050000 0.450000 0.000000
0.050000 0.475000 0.000000
0.050000 0.500000 0.000000
0.050000 0.525000 0.000000
0.050000 0.550000 0.000000
0.050000 0.575000 0.000000
0.050000 0.600000 0.000000
0.050000 0.625000 0.000000
0.050000 0.650000 0.000000
0.050000 0.675000 0.000000
0.050000 0.700000 0.000000
0.050000 0.725000 0.000000
0.050000 0.750000 0.000000
0.050000 0.775000 0.000000
0.050000 0.800000 0.000000
0.050000 0.825000 0.000000
0.050000 0.850000 0.000000
0.050000 0.875000 0.000000
0.050000 0.900000 0.000000
0.050000 0.925000 0.000000
0.050000 0.950000 0.000000
0.050000 0.975000 0.000000
0.050000 1.000000 0.000000
0.050000 1.025000 0.000000
0.050000 1.050000 0.000000
0.050000 1.075000 0.000000
0.050000 1.100000 0.000000
0.050000 1.125000 0.000000
0.050000 1.150000 0.000000
0.050000 1.175000 0.000000
0.050000 1.200000 0.000000
0.050000 1.225000 0.000000
0.050000 1.250000 0.000000
0.050000 1.275000 0.000000
0.050000 1.300000 0.000000
0.050000 1.325000 0.000000
0.050000 1.350000 0.000000
0.050000 1.375000 0.000000
0.050000 1.400000 0.000000
0.050000 1.425000 0.000000
0.050000 1.450000 0.000000
0.050000 1.475000 0.000000
0.050000 1.500000 0.000000
-0.050000 -1.500000 0.497640
-0.050000 -1.474916 0.496798
-0.050000 -1.450347 0.495784
-0.050000 -1.424847 0.494757
-0.050000 -1.400343 0.493963
-0.050000 -1.375009 0.493446
-0.050000 -1.349857 0.493309
-0.050000 -1.325091 0.493426
-0.050000 -1.299643 0.493608
-0.050000 -1.274991 0.493636
-0.050000 -1.250431 0.493457
-0.050000 -1.224918 0.493111
-0.050000 -1.200147 0.492740
-0.050000 -1.174961 0.492405
-0.050000 -1.149893 0.492113
-0.050000 -1.125004 0.491811
-0.050000 -1.100340 0.491444
-0.050000 -1.074875 0.490994
-0.050000 -1.050237 0.490555
-0.050000 -1.025035 0.490165
-0.050000 -1.000162 0.489870
-0.050000 -0.974922 0.489618
-0.050000 -0.949906 0.489367
-0.050000 -0.924974 0.489071
-0.050000 -0.900405 0.488709
-0.050000 -0.874923 0.488253
-0.050000 -0.850125 0.487734
-0.050000 -0.824896 0.487129
-0.050000 -0.800640 0.486505
-0.050000 -0.774652 0.485870
-0.050000 -0.750243 0.485393
-0.050000 -0.725282 0.485076
-0.050000 -0.699888 0.484934
-0.050000 -0.674589 0.484833
-0.050000 -0.649297 0.484668
-0.050000 -0.625285 0.484384
-0.050000 -0.601417 0.483870
-0.050000 -0.574651 0.483057
-0.050000 -0.550048 0.482196
-0.050000 -0.524977 0.481260
-0.050000 -0.501296 0.480338
-0.050000 -0.474324 0.479262
-0.050000 -0.449536 0.478273
-0.050000 -0.425237 0.477300
-0.050000 -0.401829 0.476347
-0.050000 -0.374327 0.475226
-0.050000 -0.349806 0.474287
-0.050000 -0.324178 0.473414
-0.050000 -0.300200 0.472688
-0.050000 -0.274809 0.471998
-0.050000 -0.249387 0.471345
-0.050000 -0.225029 0.470726
-0.050000 -0.200381 0.470106
-0.050000 -0.175004 0.469521
-0.050000 -0.153499 0.469134
-0.050000 -0.125387 0.468854
-0.050000 -0.097756 0.468893
-0.050000 -0.074654 0.469109
-0.050000 -0.048436 0.469412
-0.050000 -0.025313 0.469593
-0.050000 -0.000112 0.469581
-0.050000 0.025446 0.469341
-0.050000 0.047836 0.469042
-0.050000 0.074805 0.468709
-0.050000 0.098349 0.468600
-0.050000 0.123902 0.468754
-0.050000 0.153629 0.469294
-0.050000 0.176077 0.469789
-0.050000 0.200466 0.470295
-0.050000 0.224655 0.470695
-0.050000 0.248758 0.470967
-0.050000 0.275238 0.471194
-0.050000 0.300132 0.471461
-0.050000 0.324547 0.471878
-0.050000 0.349926 0.472575
-0.050000 0.374007 0.473492
-0.050000 0.401958 0.474846
-0.050000 0.424895 0.476033
-0.050000 0.449864 0.477298
-0.050000 0.474928 0.478505
-0.050000 0.501578 0.479748
-0.050000 0.524679 0.480804
-0.050000 0.550130 0.481920
-0.050000 0.574793 0.482904
-0.050000 0.601150 0.483761
-0.050000 0.624979 0.484271
-0.050000 0.649387 0.484505
-0.050000 0.675540 0.484533
-0.050000 0.700264 0.484546
-0.050000 0.724480 0.484654
-0.050000 0.750032 0.484987
-0.050000 0.775188 0.485485
-0.050000 0.800829 0.486086
-0.050000 0.824740 0.486691
-0.050000 0.850268 0.487320
-0.050000 0.874995 0.487834
-0.050000 0.900173 0.488241
-0.050000 0.924953 0.488556
-0.050000 0.949906 0.488842
-0.050000 0.974969 0.489167
-0.050000 1.000457 0.489574
-0.050000 1.024886 0.490027
-0.050000 1.050093 0.490509
-0.050000 1.075005 0.490941
-0.050000 1.100381 0.491327
-0.050000 1.124968 0.491647
-0.050000 1.149859 0.491937
-0.050000 1.174999 0.492247
-0.050000 1.200268 0.492623
-0.050000 1.224868 0.493040
-0.050000 1.250363 0.493419
-0.050000 1.275007 0.493585
-0.050000 1.299591 0.493520
-0.050000 1.325081 0.493333
-0.050000 1.349877 0.493243
-0.050000 1.374953 0.493419
-0.050000 1.400386 0.493935
-0.050000 1.424904 0.494722
-0.050000 1.450299 0.495713
-0.050000 1.474888 0.496694
-0.050000 1.500000 0.497516
0.050000 -1.500000 0.497640
0.050000 -1.474916 0.496798
0.050000 -1.450347 0.495784
0.050000 -1.424847 0.494757
0.050000 -1.400343 0.493963
0.050000 -1.375009 0.493446
0.050000 -1.349857 0.493309
0.050000 -1.325091 0.493426
0.050000 -1.299643 0.493608
0.050000 -1.274991 0.493636
0.050000 -1.250431 0.493457
0.050000 -1.224918 0.493111
0.050000 -1.200147 0.492740
0.050000 -1.174961 0.492405
0.050000 -1.149893 0.492113
0.050000 -1.125004 0.491811
0.050000 -1.100340 0.491444
0.050000 -1.074875 0.490994
0.050000 -1.050237 0.490555
0.050000 -1.025035 0.490165
0.050000 -1.000162 0.489870
0.050000 -0.974922 0.489618
0.050000 -0.949906 0.489367
0.050000 -0.924974 0.489071
0.050000 -0.900405 0.488709
0.050000 -0.874923 0.488253
0.050000 -0.850125 0.487734
0.050000 -0.824896 0.487129
0.050000 -0.800640 0.486505
0.050000 -0.774652 0.485870
0.050000 -0.750243 0.485393
0.050000 -0.725282 0.485076
0.050000 -0.699888 0.484934
0.050000 -0.674589 0.484833
0.050000 -0.649297 0.484668
0.050000 -0.625285 0.484384
0.050000 -0.601417 0.483870
0.050000 -0.574651 0.483057
0.050000 -0.550048 0.482196
0.050000 -0.524977 0.481260
0.050000 -0.501296 0.480338
0.050000 -0.474324 0.479262
0.050000 -0.449536 0.478273
0.050000 -0.425237 0.477300
0.050000 -0.401829 0.476347
0.050000 -0.374327 0.475226
0.050000 -0.349806 0.474287
0.050000 -0.324178 0.473414
0.050000 -0.300200 0.472688
0.050000 -0.274809 0.471998
0.050000 -0.249387 0.471345
0.050000 -0.225029 0.470726
0.050000 -0.200381 0.470106
0.050000 -0.175004 0.469521
0.050000 -0.153499 0.469134
0.050000 -0.125387 0.468854
0.050000 -0.097756 0.468893
0.050000 -0.074654 0.469109
0.050000 -0.048436 0.469412
0.050000 -0.025313 0.469593
0.050000 -0.000112 0.469581
0.050000 0.025446 0.469341
0.050000 0.047836 0.469042
0.050000 0.074805 0.468709
0.050000 0.098349 0.468600
0.050000 0.123902 0.468754
0.050000 0.153629 0.469294
0.050000 0.176077 0.469789
0.050000 0.200466 0.470295
0.050000 0.224655 0.470695
0.050000 0.248758 0.470967
0.050000 0.275238 0.471194
0.050000 0.300132 0.471461
0.050000 0.324547 0.471878
0.050000 0.349926 0.472575
0.050000 0.374007 0.473492
0.050000 0.401958 0.474846
0.050000 0.424895 0.476033
0.050000 0.449864 0.477298
0.050000 0.474928 0.478505
0.050000 0.501578 0.479748
0.050000 0.524679 0.480804
0.050000 0.550130 0.481920
0.050000 0.574793 0.482904
0.050000 0.601150 0.483761
0.050000 0.624979 0.484271
0.050000 0.649387 0.484505
0.050000 0.675540 0.484533
0.050000 0.700264 0.484546
0.050000 0.724480 0.484654
0.050000 0.750032 0.484987
0.050000 0.775188 0.485485
0.050000 0.800829 0.486086
0.050000 0.824740 0.486691
0.050000 0.850268 0.487320
0.050000 0.874995 0.487834
0.050000 0.900173 0.488241
0.050000 0.924953 0.488556
0.050000 0.949906 0.488842
0.050000 0.974969 0.489167
0.050000 1.000457 0.489574
0.050000 1.024886 0.490027
0.050000 1.050093 0.490509
0.050000 1.075005 0.490941
0.050000 1.100381 0.491327
0.050000 1.124968 0.491647
0.050000 1.149859 0.491937
0.050000 1.174999 0.492247
0.050000 1.200268 0.492623
0.050000 1.224868 0.493040
0.050000 1.250363 0.493419
0.050000 1.275007 0.493585
0.050000 1.299591 0.493520
0.050000 1.325081 0.493333
0.050000 1.349877 0.493243
0.050000 1.374953 0.493419
0.050000 1.400386 0.493935
0.050000 1.424904 0.494722
0.050000 1.450299 0.495713
0.050000 1.474888 0.496694
0.050000 1.500000 0.497516
0.000000 -1.487500 0.000000
0.000000 -1.462500 0.000000
0.000000 -1.437500 0.000000
0.000000 -1.412500 0.000000
0.000000 -1.387500 0.000000
0.000000 -1.362500 0.000000
0.000000 -1.337500 0.000000
0.000000 -1.312500 0.000000
0.000000 -1.287500 0.000000
0.000000 -1.262500 0.000000
0.000000 -1.237500 0.000000
0.000000 -1.212500 0.000000
0.000000 -1.187500 0.000000
0.000000 -1.162500 0.000000
0.000000 -1.137500 0.000000
0.000000 -1.112500 0.000000
0.000000 -1.087500 0.000000
0.000000 -1.062500 0.000000
0.000000 -1.037500 0.000000
0.000000 -1.012500 0.000000
0.000000 -0.987500 0.000000
0.000000 -0.962500 0.000000
0.000000 -0.937500 0.000000
0.000000 -0.912500 0.000000
0.000000 -0.887500 0.000000
0.000000 -0.862500 0.000000
0.000000 -0.837500 0.000000
0.000000 -0.812500 0.000000
0.000000 -0.787500 0.000000
0.000000 -0.762500 0.000000
0.000000 -0.737500 0.000000
0.000000 -0.712500 0.000000
0.000000 -0.687500 0.000000
0.000000 -0.662500 0.000000
0.000000 -0.637500 0.000000
0.000000 -0.612500 0.000000
0.000000 -0.587500 0.000000
0.000000 -0.562500 0.000000
0.000000 -0.537500 0.000000
0.000000 -0.512500 0.000000
0.000000 -0.487500 0.000000
0.000000 -0.462500 0.000000
0.000000 -0.437500 0.000000
0.000000 -0.412500 0.000000
0.000000 -0.387500 0.000000
0.000000 -0.362500 0.000000
0.000000 -0.337500 0.000000
0.000000 -0.312500 0.000000
0.000000 -0.287500 0.000000
0.000000 -0.262500 0.000000
0.000000 -0.237500 0.000000
0.000000 -0.212500 0.000000
0.000000 -0.187500 0.000000
0.000000 -0.162500 0.000000
0.000000 -0.137500 0.000000
0.000000 -0.112500 0.000000
-0.000000 -0.087500 0.000000
0.000000 -0.062500 0.000000
0.000000 -0.037500 0.000000
0.000000 -0.012500 0.000000
0.000000 0.012500 0.000000
0.000000 0.037500 0.000000
0.000000 0.062500 0.000000
-0.000000 0.087500 0.000000
0.000000 0.112500 0.000000
0.000000 0.137500 0.000000
0.000000 0.162500 0.000000
0.000000 0.187500 0.000000
0.000000 0.212500 0.000000
0.000000 0.237500 0.000000
0.000000 0.262500 0.000000
0.000000 0.287500 0.000000
0.000000 0.312500 0.000000
0.000000 0.337500 0.000000
0.000000 0.362500 0.000000
0.000000 0.387500 0.000000
0.000000 0.412500 0.000000
0.000000 0.437500 0.000000
0.000000 0.462500 0.000000
0.000000 0.487500 0.000000
0.000000 0.512500 0.000000
0.000000 0.537500 0.000000
0.000000 0.562500 0.000000
0.000000 0.587500 0.000000
0.000000 0.612500 0.000000
0.000000 0.637500 0.000000
0.000000 0.662500 0.000000
0.000000 0.687500 0.000000
0.000000 0.712500 0.000000
0.000000 0.737500 0.000000
0.000000 0.762500 0.000000
0.000000 0.787500 0.000000
0.000000 0.812500 0.000000
0.000000 0.837500 0.000000
0.000000 0.862500 0.000000
0.000000 0.887500 0.000000
0.000000 0.912500 0.000000
0.000000 0.937500 0.000000
0.000000 0.962500 0.000000
0.000000 0.987500 0.000000
0.000000 1.012500 0.000000
0.000000 1.037500 0.000000
0.000000 1.062500 0.000000
0.000000 1.087500 0.000000
0.000000 1.112500 0.000000
0.000000 1.137500 0.000000
0.000000 1.162500 0.000000
0.000000 1.187500 0.000000
0.000000 1.212500 0.000000
0.000000 1.237500 0.000000
0.000000 1.262500 0.000000
0.000000 1.287500 0.000000
0.000000 1.312500 0.000000
0.000000 1.337500 0.000000
0.000000 1.362500 0.000000
0.000000 1.387500 0.000000
0.000000 1.412500 0.000000
0.000000 1.437500 0.000000
0.000000 1.462500 0.000000
0.000000 1.487500 0.000000
-0.000000 -1.487393 0.497226
0.000000 -1.462448 0.496284
0.000000 -1.437317 0.495252
0.000000 -1.412386 0.494342
-0.000000 -1.387500 0.493686
-0.000000 -1.362512 0.493364
-0.000000 -1.337584 0.493359
-0.000000 -1.312589 0.493515
0.000000 -1.287584 0.493626
0.000000 -1.262400 0.493549
0.000000 -1.237403 0.493281
0.000000 -1.212441 0.492921
0.000000 -1.187414 0.492567
0.000000 -1.162511 0.492257
-0.000000 -1.137630 0.491964
0.000000 -1.112380 0.491624
0.000000 -1.087337 0.491213
0.000000 -1.062426 0.490769
0.000000 -1.037662 0.490355
0.000000 -1.012402 0.490010
0.000000 -0.987342 0.489739
-0.000000 -0.962511 0.489492
-0.000000 -0.937581 0.489220
-0.000000 -0.912372 0.488886
-0.000000 -0.887403 0.488477
-0.000000 -0.862452 0.487993
-0.000000 -0.837440 0.487430
0.000000 -0.812368 0.486804
0.000000 -0.786896 0.486163
-0.000000 -0.762438 0.485624
0.000000 -0.738088 0.485230
-0.000000 -0.712436 0.484998
-0.000000 -0.686505 0.484880
0.000000 -0.662705 0.484757
0.000000 -0.638398 0.484543
0.000000 -0.612135 0.484107
0.000000 -0.586819 0.483431
0.000000 -0.562514 0.482633
-0.000000 -0.537618 0.481732
0.000000 -0.512347 0.480767
-0.000000 -0.486079 0.479729
-0.000000 -0.462618 0.478793
0.000000 -0.438144 0.477815
0.000000 -0.412314 0.476772
-0.000000 -0.385984 0.475697
0.000000 -0.362716 0.474776
0.000000 -0.335765 0.473802
0.000000 -0.312645 0.473060
0.000000 -0.287002 0.472325
-0.000000 -0.262632 0.471682
0.000000 -0.237538 0.471041
-0.000000 -0.212520 0.470408
-0.000000 -0.187498 0.469803
0.000000 -0.162550 0.469290
0.000000 -0.137793 0.468963
0.000000 -0.112929 0.468858
-0.000000 -0.086595 0.468991
0.000000 -0.062724 0.469245
0.000000 -0.038135 0.469496
-0.000000 -0.012446 0.469593
0.000000 0.013426 0.469458
-0.000000 0.037415 0.469180
0.000000 0.061924 0.468861
0.000000 0.087697 0.468639
-0.000000 0.111142 0.468664
-0.000000 0.136771 0.468974
-0.000000 0.164757 0.469537
-0.000000 0.187368 0.470024
-0.000000 0.211702 0.470483
0.000000 0.237643 0.470843
-0.000000 0.262952 0.471087
0.000000 0.287502 0.471319
0.000000 0.311496 0.471645
0.000000 0.337644 0.472225
0.000000 0.360760 0.472976
-0.000000 0.387372 0.474129
-0.000000 0.412210 0.475374
0.000000 0.437612 0.476677
-0.000000 0.462663 0.477914
0.000000 0.487197 0.479076
-0.000000 0.511755 0.480212
-0.000000 0.537657 0.481374
-0.000000 0.562314 0.482409
-0.000000 0.587297 0.483317
0.000000 0.612305 0.484008
0.000000 0.637664 0.484400
-0.000000 0.663601 0.484522
-0.000000 0.687439 0.484536
0.000000 0.711348 0.484588
0.000000 0.737695 0.484816
-0.000000 0.763095 0.485238
0.000000 0.787260 0.485763
-0.000000 0.811941 0.486364
0.000000 0.837580 0.487007
0.000000 0.862489 0.487575
-0.000000 0.887504 0.488038
-0.000000 0.912329 0.488395
0.000000 0.937584 0.488698
-0.000000 0.962544 0.489001
0.000000 0.987396 0.489360
0.000000 1.012234 0.489788
-0.000000 1.037556 0.490267
0.000000 1.062610 0.490726
0.000000 1.087399 0.491129
0.000000 1.112347 0.491482
0.000000 1.137595 0.491792
0.000000 1.162567 0.492090
-0.000000 1.187431 0.492427
-0.000000 1.212315 0.492825
0.000000 1.237438 0.493229
0.000000 1.262410 0.493506
-0.000000 1.287603 0.493556
0.000000 1.312602 0.493423
0.000000 1.337553 0.493278
-0.000000 1.362557 0.493318
0.000000 1.387350 0.493656
0.000000 1.412428 0.494311
-0.000000 1.437386 0.495203
-0.000000 1.462433 0.496198
-0.000000 1.487350 0.497110
0.000000 -1.500000 0.250000
0.000000 1.500000 0.250000
-0.050000 -1.487500 0.248505
-0.050000 -1.462500 0.248505
-0.050000 -1.437500 0.247073
-0.050000 -1.412500 0.247073
-0.050000 -1.387500 0.246221
-0.050000 -1.362500 0.246221
-0.050000 -1.337500 0.246612
-0.050000 -1.312500 0.246612
-0.050000 -1.287500 0.247702
-0.050000 -1.262500 0.247702
-0.050000 -1.237500 0.246431
-0.050000 -1.212500 0.246431
-0.050000 -1.187500 0.245998
-0.050000 -1.162500 0.245998
-0.050000 -1.137500 0.246347
-0.050000 -1.112500 0.246347
-0.050000 -1.087500 0.245446
-0.050000 -1.062500 0.245446
-0.050000 -1.037500 0.245132
-0.050000 -1.012500 0.245132
-0.050000 -0.987500 0.244657
-0.050000 -0.962500 0.244657
-0.050000 -0.937500 0.244880
-0.050000 -0.912500 0.244880
-0.050000 -0.887500 0.244084
-0.050000 -0.862500 0.244084
-0.050000 -0.837500 0.243819
-0.050000 -0.812500 0.243819
-0.050000 -0.787500 0.242415
-0.050000 -0.762500 0.242415
-0.050000 -0.737500 0.242463
-0.050000 -0.712500 0.242463
-0.050000 -0.687500 0.241870
-0.050000 -0.662500 0.241870
-0.050000 -0.637500 0.243574
-0.050000 -0.612500 0.243574
-0.050000 -0.587500 0.241018
-0.050000 -0.562500 0.241018
-0.050000 -0.537500 0.241046
-0.050000 -0.512500 0.241046
-0.050000 -0.487500 0.238524
-0.050000 -0.462500 0.238524
-0.050000 -0.437500 0.239530
-0.050000 -0.412500 0.239530
-0.050000 -0.387500 0.236429
-0.050000 -0.362500 0.236429
-0.050000 -0.337500 0.235744
-0.050000 -0.312500 0.235744
-0.050000 -0.287500 0.235325
-0.050000 -0.262500 0.235325
-0.050000 -0.237500 0.236093
-0.050000 -0.212500 0.236093
-0.050000 -0.187500 0.235681
-0.050000 -0.162500 0.235681
-0.050000 -0.137500 0.232112
-0.050000 -0.112500 0.232112
-0.050000 -0.087500 0.234235
-0.050000 -0.062500 0.234235
-0.050000 -0.037500 0.236436
-0.050000 -0.012500 0.236436
-0.050000 0.012500 0.235730
-0.050000 0.037500 0.235730
-0.050000 0.062500 0.233767
-0.050000 0.087500 0.233767
-0.050000 0.112500 0.232650
-0.050000 0.137500 0.232650
-0.050000 0.162500 0.235653
-0.050000 0.187500 0.235653
-0.050000 0.212500 0.236715
-0.050000 0.237500 0.236715
-0.050000 0.262500 0.235011
-0.050000 0.287500 0.235011
-0.050000 0.312500 0.235730
-0.050000 0.337500 0.235730
-0.050000 0.362500 0.236561
-0.050000 0.387500 0.236561
-0.050000 0.412500 0.239013
-0.050000 0.437500 0.239013
-0.050000 0.462500 0.238692
-0.050000 0.487500 0.238692
-0.050000 0.512500 0.241213
-0.050000 0.537500 0.241213
-0.050000 0.562500 0.241395
-0.050000 0.587500 0.241395
-0.050000 0.612500 0.243155
-0.050000 0.637500 0.243155
-0.050000 0.662500 0.241479
-0.050000 0.687500 0.241479
-0.050000 0.712500 0.242631
-0.050000 0.737500 0.242631
-0.050000 0.762500 0.242121
-0.050000 0.787500 0.242121
-0.050000 0.812500 0.243805
-0.050000 0.837500 0.243805
-0.050000 0.862500 0.244140
-0.050000 0.887500 0.244140
-0.050000 0.912500 0.244531
-0.050000 0.937500 0.244531
-0.050000 0.962500 0.244286
-0.050000 0.987500 0.244286
-0.050000 1.012500 0.245313
-0.050000 1.037500 0.245313
-0.050000 1.062500 0.245320
-0.050000 1.087500 0.245320
-0.050000 1.112500 0.246249
-0.050000 1.137500 0.246249
-0.050000 1.162500 0.245823
-0.050000 1.187500 0.245823
-0.050000 1.212500 0.246605
-0.050000 1.237500 0.246605
-0.050000 1.262500 0.247681
-0.050000 1.287500 0.247681
-0.050000 1.312500 0.246452
-0.050000 1.337500 0.246452
-0.050000 1.362500 0.246096
-0.050000 1.387500 0.246096
-0.050000 1.412500 0.247157
-0.050000 1.437500 0.247157
-0.050000 1.462500 0.248331
-0.050000 1.487500 0.248331
0.050000 -1.487500 0.248505
0.050000 -1.462500 0.248505
0.050000 -1.437500 0.247073
0.050000 -1.412500 0.247073
0.050000 -1.387500 0.246221
0.050000 -1.362500 0.246221
0.050000 -1.337500 0.246612
0.050000 -1.312500 0.246612
0.050000 -1.287500 0.247702
0.050000 -1.262500 0.247702
0.050000 -1.237500 0.246431
0.050000 -1.212500 0.246431
0.050000 -1.187500 0.245998
0.050000 -1.162500 0.245998
0.050000 -1.137500 0.246347
0.050000 -1.112500 0.246347
0.050000 -1.087500 0.245446
0.050000 -1.062500 0.245446
0.050000 -1.037500 0.245132
0.050000 -1.012500 0.245132
0.050000 -0.987500 0.244657
0.050000 -0.962500 0.244657
0.050000 -0.937500 0.244880
0.050000 -0.912500 0.244880
0.050000 -0.887500 0.244084
0.050000 -0.862500 0.244084
0.050000 -0.837500 0.243819
0.050000 -0.812500 0.243819
0.050000 -0.787500 0.242415
0.050000 -0.762500 0.242415
0.050000 -0.737500 0.242463
0.050000 -0.712500 0.242463
0.050000 -0.687500 0.241870
0.050000 -0.662500 0.241870
0.050000 -0.637500 0.243574
0.050000 -0.612500 0.243574
0.050000 -0.587500 0.241018
0.050000 -0.562500 0.241018
0.050000 -0.537500 0.241046
0.050000 -0.512500 0.241046
0.050000 -0.487500 0.238524
0.050000 -0.462500 0.238524
0.050000 -0.437500 0.239530
0.050000 -0.412500 0.239530
0.050000 -0.387500 0.236429
0.050000 -0.362500 0.236429
0.050000 -0.337500 0.235744
0.050000 -0.312500 0.235744
0.050000 -0.287500 0.235325
0.050000 -0.262500 0.235325
0.050000 -0.237500 0.236093
0.050000 -0.212500 0.236093
0.050000 -0.187500 0.235681
0.050000 -0.162500 0.235681
0.050000 -0.137500 0.232112
0.050000 -0.112500 0.232112
0.050000 -0.087500 0.234235
0.050000 -0.062500 0.234235
0.050000 -0.037500 0.236436
0.050000 -0.012500 0.236436
0.050000 0.012500 0.235730
0.050000 0.037500 0.235730
0.050000 0.062500 0.233767
0.050000 0.087500 0.233767
0.050000 0.112500 0.232650
0.050000 0.137500 0.232650
0.050000 0.162500 0.235653
0.050000 0.187500 0.235653
0.050000 0.212500 0.236715
0.050000 0.237500 0.236715
0.050000 0.262500 0.235011
0.050000 0.287500 0.235011
0.050000 0.312500 0.235730
0.050000 0.337500 0.235730
0.050000 0.362500 0.236561
0.050000 0.387500 0.236561
0.050000 0.412500 0.239013
0.050000 0.437500 0.239013
0.050000 0.462500 0.238692
0.050000 0.487500 0.238692
0.050000 0.512500 0.241213
0.050000 0.537500 0.241213
0.050000 0.562500 0.241395
0.050000 0.587500 0.241395
0.050000 0.612500 0.243155
0.050000 0.637500 0.243155
0.050000 0.662500 0.241479
0.050000 0.687500 0.241479
0.050000 0.712500 0.242631
0.050000 0.737500 0.242631
0.050000 0.762500 0.242121
0.050000 0.787500 0.242121
0.050000 0.812500 0.243805
0.050000 0.837500 0.243805
0.050000 0.862500 0.244140
0.050000 0.887500 0.244140
0.050000 0.912500 0.244531
0.050000 0.937500 0.244531
0.050000 0.962500 0.244286
0.050000 0.987500 0.244286
0.050000 1.012500 0.245313
0.050000 1.037500 0.245313
0.050000 1.062500 0.245320
0.050000 1.087500 0.245320
0.050000 1.112500 0.246249
0.050000 1.137500 0.246249
0.050000 1.162500 0.245823
0.050000 1.187500 0.245823
0.050000 1.212500 0.246605
0.050000 1.237500 0.246605
0.050000 1.262500 0.247681
0.050000 1.287500 0.247681
0.050000 1.312500 0.246452
0.050000 1.337500 0.246452
0.050000 1.362500 0.246096
0.050000 1.387500 0.246096
0.050000 1.412500 0.247157
0.050000 1.437500 0.247157
0.050000 1.462500 0.248331
0.050000 1.487500 0.248331
