1.000000 -100.000000 -100.000000
-0.100000 -2.500000 0.000000
-0.100000 -2.475000 0.000000
-0.100000 -2.425000 0.000000
-0.100000 -2.375000 0.000000
-0.100000 -2.325000 0.000000
-0.100000 -2.275000 0.000000
-0.100000 -2.225000 0.000000
-0.100000 -2.175000 0.000000
-0.100000 -2.125000 0.000000
-0.100000 -2.075000 0.000000
-0.100000 -2.025000 0.000000
-0.100000 -1.975000 0.000000
-0.100000 -1.925000 0.000000
-0.100000 -1.875000 0.000000
-0.100000 -1.825000 0.000000
-0.100000 -1.775000 0.000000
-0.100000 -1.725000 0.000000
-0.100000 -1.675000 0.000000
-0.100000 -1.625000 0.000000
-0.100000 -1.575000 0.000000
-0.100000 -1.525000 0.000000
-0.100000 -1.475000 0.000000
-0.100000 -1.425000 0.000000
-0.100000 -1.375000 0.000000
-0.100000 -1.325000 0.000000
-0.100000 -1.275000 0.000000
-0.100000 -1.225000 0.000000
-0.100000 -1.175000 0.000000
-0.100000 -1.125000 0.000000
-0.100000 -1.075000 0.000000
-0.100000 -1.025000 0.000000
-0.100000 -0.975000 0.000000
-0.100000 -0.925000 0.000000
-0.100000 -0.875000 0.000000
-0.100000 -0.825000 0.000000
-0.100000 -0.775000 0.000000
-0.100000 -0.725000 0.000000
-0.100000 -0.675000 0.000000
-0.100000 -0.625000 0.000000
-0.100000 -0.575000 0.000000
-0.100000 -0.525000 0.000000
-0.100000 -0.475000 0.000000
-0.100000 -0.425000 0.000000
-0.100000 -0.375000 0.000000
-0.100000 -0.325000 0.000000
-0.100000 -0.275000 0.000000
-0.100000 -0.225000 0.000000
-0.100000 -0.175000 0.000000
-0.100000 -0.125000 0.000000
-0.100000 -0.075000 0.000000
-0.100000 -0.025000 0.000000
-0.100000 0.025000 0.000000
-0.100000 0.075000 0.000000
-0.100000 0.125000 0.000000
-0.100000 0.175000 0.000000
-0.100000 0.225000 0.000000
-0.100000 0.275000 0.000000
-0.100000 0.325000 0.000000
-0.100000 0.375000 0.000000
-0.100000 0.425000 0.000000
-0.100000 0.475000 0.000000
-0.100000 0.525000 0.000000
-0.100000 0.575000 0.000000
-0.100000 0.625000 0.000000
-0.100000 0.675000 0.000000
-0.100000 0.725000 0.000000
-0.100000 0.775000 0.000000
-0.100000 0.825000 0.000000
-0.100000 0.875000 0.000000
-0.100000 0.925000 0.000000
-0.100000 0.975000 0.000000
-0.100000 1.025000 0.000000
-0.100000 1.075000 0.000000
-0.100000 1.125000 0.000000
-0.100000 1.175000 0.000000
-0.100000 1.225000 0.000000
-0.100000 1.275000 0.000000
-0.100000 1.325000 0.000000
-0.100000 1.375000 0.000000
-0.100000 1.425000 0.000000
-0.100000 1.475000 0.000000
-0.100000 1.525000 0.000000
-0.100000 1.575000 0.000000
-0.100000 1.625000 0.000000
-0.100000 1.675000 0.000000
-0.100000 1.725000 0.000000
-0.100000 1.775000 0.000000
-0.100000 1.825000 0.000000
-0.100000 1.875000 0.000000
-0.100000 1.925000 0.000000
-0.100000 1.975000 0.000000
-0.100000 2.025000 0.000000
-0.100000 2.075000 0.000000
-0.100000 2.125000 0.000000
-0.100000 2.175000 0.000000
-0.100000 2.225000 0.000000
-0.100000 2.275000 0.000000
-0.100000 2.325000 0.000000
-0.100000 2.375000 0.000000
-0.100000 2.425000 0.000000
-0.100000 2.475000 0.000000
-0.100000 2.500000 0.000000
0.100000 -2.500000 0.000000
0.100000 -2.475000 0.000000
0.100000 -2.425000 0.000000
0.100000 -2.375000 0.000000
0.100000 -2.325000 0.000000
0.100000 -2.275000 0.000000
0.100000 -2.225000 0.000000
0.100000 -2.175000 0.000000
0.100000 -2.125000 0.000000
0.100000 -2.075000 0.000000
0.100000 -2.025000 0.000000
0.100000 -1.975000 0.000000
0.100000 -1.925000 0.000000
0.100000 -1.875000 0.000000
0.100000 -1.825000 0.000000
0.100000 -1.775000 0.000000
0.100000 -1.725000 0.000000
0.100000 -1.675000 0.000000
0.100000 -1.625000 0.000000
0.100000 -1.575000 0.000000
0.100000 -1.525000 0.000000
0.100000 -1.475000 0.000000
0.100000 -1.425000 0.000000
0.100000 -1.375000 0.000000
0.100000 -1.325000 0.000000
0.100000 -1.275000 0.000000
0.100000 -1.225000 0.000000
0.100000 -1.175000 0.000000
0.100000 -1.125000 0.000000
0.100000 -1.075000 0.000000
0.100000 -1.025000 0.000000
0.100000 -0.975000 0.000000
0.100000 -0.925000 0.000000
0.100000 -0.875000 0.000000
0.100000 -0.825000 0.000000
0.100000 -0.775000 0.000000
0.100000 -0.725000 0.000000
0.100000 -0.675000 0.000000
0.100000 -0.625000 0.000000
0.100000 -0.575000 0.000000
0.100000 -0.525000 0.000000
0.100000 -0.475000 0.000000
0.100000 -0.425000 0.000000
0.100000 -0.375000 0.000000
0.100000 -0.325000 0.000000
0.100000 -0.275000 0.000000
0.100000 -0.225000 0.000000
0.100000 -0.175000 0.000000
0.100000 -0.125000 0.000000
0.100000 -0.075000 0.000000
0.100000 -0.025000 0.000000
0.100000 0.025000 0.000000
0.100000 0.075000 0.000000
0.100000 0.125000 0.000000
0.100000 0.175000 0.000000
0.100000 0.225000 0.000000
0.100000 0.275000 0.000000
0.100000 0.325000 0.000000
0.100000 0.375000 0.000000
0.100000 0.425000 0.000000
0.100000 0.475000 0.000000
0.100000 0.525000 0.000000
0.100000 0.575000 0.000000
0.100000 0.625000 0.000000
0.100000 0.675000 0.000000
0.100000 0.725000 0.000000
0.100000 0.775000 0.000000
0.100000 0.825000 0.000000
0.100000 0.875000 0.000000
0.100000 0.925000 0.000000
0.100000 0.975000 0.000000
0.100000 1.025000 0.000000
0.100000 1.075000 0.000000
0.100000 1.125000 0.000000
0.100000 1.175000 0.000000
0.100000 1.225000 0.000000
0.100000 1.275000 0.000000
0.100000 1.325000 0.000000
0.100000 1.375000 0.000000
0.100000 1.425000 0.000000
0.100000 1.475000 0.000000
0.100000 1.525000 0.000000
0.100000 1.575000 0.000000
0.100000 1.625000 0.000000
0.100000 1.675000 0.000000
0.100000 1.725000 0.000000
0.100000 1.775000 0.000000
0.100000 1.825000 0.000000
0.100000 1.875000 0.000000
0.100000 1.925000 0.000000
0.100000 1.975000 0.000000
0.100000 2.025000 0.000000
0.100000 2.075000 0.000000
0.100000 2.125000 0.000000
0.100000 2.175000 0.000000
0.100000 2.225000 0.000000
0.100000 2.275000 0.000000
0.100000 2.325000 0.000000
0.100000 2.375000 0.000000
0.100000 2.425000 0.000000
0.100000 2.475000 0.000000
0.100000 2.500000 0.000000
-0.100000 -2.500000 0.727713
-0.100000 -2.475000 0.727713
-0.100000 -2.425000 0.728740
-0.100000 -2.375000 0.730235
-0.100000 -2.325000 0.730653
-0.100000 -2.275000 0.728347
-0.100000 -2.225000 0.728871
-0.100000 -2.175000 0.727723
-0.100000 -2.125000 0.726194
-0.100000 -2.075000 0.725315
-0.100000 -2.025000 0.723975
-0.100000 -1.975000 0.721728
-0.100000 -1.925000 0.719152
-0.100000 -1.875000 0.717220
-0.100000 -1.825000 0.715729
-0.100000 -1.775000 0.715667
-0.100000 -1.725000 0.715558
-0.100000 -1.675000 0.714731
-0.100000 -1.625000 0.712640
-0.100000 -1.575000 0.709616
-0.100000 -1.525000 0.705838
-0.100000 -1.475000 0.701161
-0.100000 -1.425000 0.697494
-0.100000 -1.375000 0.694641
-0.100000 -1.325000 0.690427
-0.100000 -1.275000 0.684979
-0.100000 -1.225000 0.679043
-0.100000 -1.175000 0.671638
-0.100000 -1.125000 0.663088
-0.100000 -1.075000 0.653986
-0.100000 -1.025000 0.642593
-0.100000 -0.975000 0.628391
-0.100000 -0.925000 0.612428
-0.100000 -0.875000 0.594955
-0.100000 -0.825000 0.575835
-0.100000 -0.775000 0.554391
-0.100000 -0.725000 0.531333
-0.100000 -0.675001 0.507526
-0.100000 -0.625000 0.474583
-0.100000 -0.575001 0.444738
-0.100000 -0.525001 0.409397
-0.100000 -0.475001 0.369628
-0.100000 -0.425000 0.324249
-0.100000 -0.375001 0.282675
-0.100000 -0.325000 0.237739
-0.100000 -0.275000 0.192140
-0.100000 -0.225000 0.146044
-0.100000 -0.175000 0.099823
-0.100000 -0.125000 0.054616
-0.100000 -0.074994 0.013012
-0.100000 -0.024999 0.000793
-0.100000 0.024997 -0.006801
-0.100000 0.074996 0.015388
-0.100000 0.124999 0.056722
-0.100000 0.175000 0.102315
-0.100000 0.225000 0.149879
-0.100000 0.275000 0.197113
-0.100000 0.325000 0.243493
-0.100000 0.375000 0.289268
-0.100000 0.425000 0.333932
-0.100000 0.475000 0.376617
-0.100000 0.525000 0.417078
-0.100000 0.575000 0.453173
-0.100000 0.625000 0.486785
-0.100000 0.675000 0.516408
-0.100000 0.725000 0.546380
-0.100000 0.775000 0.570619
-0.100000 0.825000 0.590234
-0.100000 0.875000 0.605346
-0.100000 0.925000 0.623609
-0.100000 0.975000 0.640989
-0.100000 1.025000 0.651866
-0.100000 1.075000 0.662306
-0.100000 1.125000 0.671327
-0.100000 1.175000 0.679429
-0.100000 1.225000 0.683827
-0.100000 1.275000 0.688901
-0.100000 1.325000 0.693301
-0.100000 1.375000 0.698434
-0.100000 1.425000 0.703354
-0.100000 1.475000 0.708688
-0.100000 1.525000 0.713375
-0.100000 1.575000 0.717845
-0.100000 1.625000 0.721240
-0.100000 1.675000 0.722225
-0.100000 1.725000 0.721152
-0.100000 1.775000 0.727978
-0.100000 1.825000 0.729359
-0.100000 1.875000 0.730909
-0.100000 1.925000 0.732315
-0.100000 1.975000 0.733629
-0.100000 2.025000 0.734529
-0.100000 2.075000 0.733808
-0.100000 2.125000 0.733773
-0.100000 2.175000 0.737364
-0.100000 2.225000 0.738476
-0.100000 2.275000 0.739377
-0.100000 2.325000 0.739680
-0.100000 2.375000 0.739427
-0.100000 2.425000 0.739005
-0.100000 2.475000 0.738384
-0.100000 2.500000 0.738384
0.100000 -2.500000 0.727713
0.100000 -2.475000 0.727713
0.100000 -2.425000 0.728740
0.100000 -2.375000 0.730235
0.100000 -2.325000 0.730653
0.100000 -2.275000 0.728347
0.100000 -2.225000 0.728871
0.100000 -2.175000 0.727723
0.100000 -2.125000 0.726194
0.100000 -2.075000 0.725315
0.100000 -2.025000 0.723975
0.100000 -1.975000 0.721728
0.100000 -1.925000 0.719152
0.100000 -1.875000 0.717220
0.100000 -1.825000 0.715729
0.100000 -1.775000 0.715667
0.100000 -1.725000 0.715558
0.100000 -1.675000 0.714731
0.100000 -1.625000 0.712640
0.100000 -1.575000 0.709616
0.100000 -1.525000 0.705838
0.100000 -1.475000 0.701161
0.100000 -1.425000 0.697494
0.100000 -1.375000 0.694641
0.100000 -1.325000 0.690427
0.100000 -1.275000 0.684979
0.100000 -1.225000 0.679043
0.100000 -1.175000 0.671638
0.100000 -1.125000 0.663088
0.100000 -1.075000 0.653986
0.100000 -1.025000 0.642593
0.100000 -0.975000 0.628391
0.100000 -0.925000 0.612428
0.100000 -0.875000 0.594955
0.100000 -0.825000 0.575835
0.100000 -0.775000 0.554391
0.100000 -0.725000 0.531333
0.100000 -0.675001 0.507526
0.100000 -0.625000 0.474583
0.100000 -0.575001 0.444738
0.100000 -0.525001 0.409397
0.100000 -0.475001 0.369628
0.100000 -0.425000 0.324249
0.100000 -0.375001 0.282675
0.100000 -0.325000 0.237739
0.100000 -0.275000 0.192140
0.100000 -0.225000 0.146044
0.100000 -0.175000 0.099823
0.100000 -0.125000 0.054616
0.100000 -0.074994 0.013012
0.100000 -0.024999 0.000793
0.100000 0.024997 -0.006801
0.100000 0.074996 0.015388
0.100000 0.124999 0.056722
0.100000 0.175000 0.102315
0.100000 0.225000 0.149879
0.100000 0.275000 0.197113
0.100000 0.325000 0.243493
0.100000 0.375000 0.289268
0.100000 0.425000 0.333932
0.100000 0.475000 0.376617
0.100000 0.525000 0.417078
0.100000 0.575000 0.453173
0.100000 0.625000 0.486785
0.100000 0.675000 0.516408
0.100000 0.725000 0.546380
0.100000 0.775000 0.570619
0.100000 0.825000 0.590234
0.100000 0.875000 0.605346
0.100000 0.925000 0.623609
0.100000 0.975000 0.640989
0.100000 1.025000 0.651866
0.100000 1.075000 0.662306
0.100000 1.125000 0.671327
0.100000 1.175000 0.679429
0.100000 1.225000 0.683827
0.100000 1.275000 0.688901
0.100000 1.325000 0.693301
0.100000 1.375000 0.698434
0.100000 1.425000 0.703354
0.100000 1.475000 0.708688
0.100000 1.525000 0.713375
0.100000 1.575000 0.717845
0.100000 1.625000 0.721240
0.100000 1.675000 0.722225
0.100000 1.725000 0.721152
0.100000 1.775000 0.727978
0.100000 1.825000 0.729359
0.100000 1.875000 0.730909
0.100000 1.925000 0.732315
0.100000 1.975000 0.733629
0.100000 2.025000 0.734529
0.100000 2.075000 0.733808
0.100000 2.125000 0.733773
0.100000 2.175000 0.737364
0.100000 2.225000 0.738476
0.100000 2.275000 0.739377
0.100000 2.325000 0.739680
0.100000 2.375000 0.739427
0.100000 2.425000 0.739005
0.100000 2.475000 0.738384
0.100000 2.500000 0.738384
0.000000 -2.487500 0.000000
0.000000 -2.450000 0.000000
0.000000 -2.400000 0.000000
0.000000 -2.350000 0.000000
0.000000 -2.300000 0.000000
0.000000 -2.250000 0.000000
0.000000 -2.200000 0.000000
0.000000 -2.150000 0.000000
0.000000 -2.100000 0.000000
0.000000 -2.050000 0.000000
0.000000 -2.000000 0.000000
0.000000 -1.950000 0.000000
0.000000 -1.900000 0.000000
0.000000 -1.850000 0.000000
0.000000 -1.800000 0.000000
0.000000 -1.750000 0.000000
0.000000 -1.700000 0.000000
0.000000 -1.650000 0.000000
0.000000 -1.600000 0.000000
0.000000 -1.550000 0.000000
0.000000 -1.500000 0.000000
0.000000 -1.450000 0.000000
0.000000 -1.400000 0.000000
0.000000 -1.350000 0.000000
0.000000 -1.300000 0.000000
0.000000 -1.250000 0.000000
0.000000 -1.200000 0.000000
0.000000 -1.150000 0.000000
0.000000 -1.100000 0.000000
0.000000 -1.050000 0.000000
0.000000 -1.000000 0.000000
0.000000 -0.950000 0.000000
0.000000 -0.900000 0.000000
0.000000 -0.850000 0.000000
0.000000 -0.800000 0.000000
0.000000 -0.750000 0.000000
0.000000 -0.700000 0.000000
0.000000 -0.650000 0.000000
0.000000 -0.600000 0.000000
0.000000 -0.550000 0.000000
0.000000 -0.500000 0.000000
0.000000 -0.450000 0.000000
0.000000 -0.400000 0.000000
0.000000 -0.350000 0.000000
0.000000 -0.300000 0.000000
-0.000000 -0.250000 0.000000
-0.000000 -0.200000 0.000000
0.000000 -0.150000 0.000000
0.000000 -0.100000 0.000000
0.000000 -0.050000 0.000000
0.000000 0.000000 0.000000
0.000000 0.050000 0.000000
0.000000 0.100000 0.000000
0.000000 0.150000 0.000000
-0.000000 0.200000 0.000000
0.000000 0.250000 0.000000
0.000000 0.300000 0.000000
0.000000 0.350000 0.000000
0.000000 0.400000 0.000000
0.000000 0.450000 0.000000
0.000000 0.500000 0.000000
0.000000 0.550000 0.000000
0.000000 0.600000 0.000000
0.000000 0.650000 0.000000
0.000000 0.700000 0.000000
0.000000 0.750000 0.000000
0.000000 0.800000 0.000000
0.000000 0.850000 0.000000
0.000000 0.900000 0.000000
0.000000 0.950000 0.000000
0.000000 1.000000 0.000000
0.000000 1.050000 0.000000
0.000000 1.100000 0.000000
0.000000 1.150000 0.000000
0.000000 1.200000 0.000000
0.000000 1.250000 0.000000
0.000000 1.300000 0.000000
0.000000 1.350000 0.000000
0.000000 1.400000 0.000000
0.000000 1.450000 0.000000
0.000000 1.500000 0.000000
0.000000 1.550000 0.000000
0.000000 1.600000 0.000000
0.000000 1.650000 0.000000
0.000000 1.700000 0.000000
0.000000 1.750000 0.000000
0.000000 1.800000 0.000000
0.000000 1.850000 0.000000
0.000000 1.900000 0.000000
0.000000 1.950000 0.000000
0.000000 2.000000 0.000000
0.000000 2.050000 0.000000
0.000000 2.100000 0.000000
0.000000 2.150000 0.000000
0.000000 2.200000 0.000000
0.000000 2.250000 0.000000
0.000000 2.300000 0.000000
0.000000 2.350000 0.000000
0.000000 2.400000 0.000000
0.000000 2.450000 0.000000
0.000000 2.487500 0.000000
0.000000 -2.487500 0.727712
0.000000 -2.450000 0.728226
0.000000 -2.400000 0.729487
0.000000 -2.350000 0.730444
0.000000 -2.300000 0.729500
0.000000 -2.250000 0.728608
0.000000 -2.200000 0.728297
0.000000 -2.150000 0.726958
0.000000 -2.100000 0.725754
0.000000 -2.050000 0.724645
0.000000 -2.000000 0.722851
0.000000 -1.950000 0.720440
0.000000 -1.900000 0.718185
0.000000 -1.850000 0.716474
0.000000 -1.800000 0.715698
0.000000 -1.750000 0.715613
0.000000 -1.700000 0.715145
0.000000 -1.650000 0.713685
0.000000 -1.600000 0.711128
0.000000 -1.550000 0.707727
0.000000 -1.500000 0.703499
0.000000 -1.450000 0.699327
-0.000000 -1.400000 0.696067
0.000000 -1.350000 0.692534
-0.000000 -1.300000 0.687703
0.000000 -1.250000 0.682011
0.000000 -1.200000 0.675340
0.000000 -1.150000 0.667363
0.000000 -1.100000 0.658537
0.000000 -1.050000 0.648290
0.000000 -1.000000 0.635492
0.000000 -0.950000 0.620409
0.000000 -0.900000 0.603691
0.000000 -0.850000 0.585395
0.000000 -0.800000 0.565113
0.000000 -0.750000 0.542862
0.000000 -0.700000 0.519430
0.000000 -0.650000 0.491055
0.000000 -0.600000 0.459661
0.000000 -0.550000 0.427068
0.000000 -0.500000 0.389513
0.000000 -0.450000 0.346938
0.000000 -0.400000 0.303462
0.000000 -0.350000 0.260207
0.000000 -0.300000 0.214940
0.000000 -0.250000 0.169092
0.000000 -0.200000 0.122933
0.000000 -0.150000 0.077219
0.000000 -0.100000 0.033807
0.000000 -0.050000 0.006894
-0.000000 -0.000000 -0.003016
-0.000000 0.050000 0.004279
0.000000 0.100000 0.036051
0.000000 0.150000 0.079518
0.000000 0.200000 0.126097
-0.000000 0.250000 0.173496
0.000000 0.300000 0.220303
0.000000 0.350000 0.266381
0.000000 0.400000 0.311600
0.000000 0.450000 0.355274
0.000000 0.500000 0.396847
0.000000 0.550000 0.435126
0.000000 0.600000 0.469979
0.000000 0.650000 0.501597
0.000000 0.700000 0.531394
0.000000 0.750000 0.558500
-0.000000 0.800000 0.580427
0.000000 0.850000 0.597790
0.000000 0.900000 0.614477
0.000000 0.950000 0.632299
0.000000 1.000000 0.646428
0.000000 1.050000 0.657086
0.000000 1.100000 0.666817
0.000000 1.150000 0.675378
0.000000 1.200000 0.681628
0.000000 1.250000 0.686364
0.000000 1.300000 0.691101
0.000000 1.350000 0.695867
0.000000 1.400000 0.700894
0.000000 1.450000 0.706021
-0.000000 1.500000 0.711031
0.000000 1.550000 0.715610
0.000000 1.600000 0.719542
0.000000 1.650000 0.721733
0.000000 1.700000 0.721688
0.000000 1.750000 0.724564
0.000000 1.800000 0.728668
0.000000 1.850000 0.730134
0.000000 1.900000 0.731612
0.000000 1.950000 0.732972
0.000000 2.000000 0.734079
0.000000 2.050000 0.734169
0.000000 2.100000 0.733790
-0.000000 2.150000 0.735568
0.000000 2.200000 0.737920
0.000000 2.250000 0.738927
0.000000 2.300000 0.739528
0.000000 2.350000 0.739553
0.000000 2.400000 0.739216
0.000000 2.450000 0.738694
0.000000 2.487500 0.738384
0.000000 -2.500000 0.363856
0.000000 2.500000 0.369192
-0.100000 -2.487500 0.363856
-0.100000 -2.450000 0.364113
-0.100000 -2.400000 0.364744
-0.100000 -2.350000 0.365222
-0.100000 -2.300000 0.364750
-0.100000 -2.250000 0.364304
-0.100000 -2.200000 0.364149
-0.100000 -2.150000 0.363479
-0.100000 -2.100000 0.362877
-0.100000 -2.050000 0.362323
-0.100000 -2.000000 0.361426
-0.100000 -1.950000 0.360220
-0.100000 -1.900000 0.359093
-0.100000 -1.850000 0.358237
-0.100000 -1.800000 0.357849
-0.100000 -1.750000 0.357807
-0.100000 -1.700000 0.357572
-0.100000 -1.650000 0.356843
-0.100000 -1.600000 0.355564
-0.100000 -1.550000 0.353864
-0.100000 -1.500000 0.351750
-0.100000 -1.450000 0.349664
-0.100000 -1.400000 0.348034
-0.100000 -1.350000 0.346267
-0.100000 -1.300000 0.343852
-0.100000 -1.250000 0.341006
-0.100000 -1.200000 0.337670
-0.100000 -1.150000 0.333682
-0.100000 -1.100000 0.329269
-0.100000 -1.050000 0.324145
-0.100000 -1.000000 0.317746
-0.100000 -0.950000 0.310205
-0.100000 -0.900000 0.301846
-0.100000 -0.850000 0.292698
-0.100000 -0.800000 0.282556
-0.100000 -0.750000 0.271431
-0.100000 -0.700000 0.259715
-0.100000 -0.650000 0.245528
-0.100000 -0.600000 0.229830
-0.100000 -0.550000 0.213534
-0.100000 -0.500000 0.194756
-0.100000 -0.450000 0.173469
-0.100000 -0.400000 0.151731
-0.100000 -0.350000 0.130104
-0.100000 -0.300000 0.107470
-0.100000 -0.250000 0.084546
-0.100000 -0.200000 0.061467
-0.100000 -0.150000 0.038610
-0.100000 -0.100000 0.016904
-0.100000 -0.050000 0.003447
-0.100000 0.000000 -0.001508
-0.100000 0.050000 0.002140
-0.100000 0.100000 0.018026
-0.100000 0.150000 0.039759
-0.100000 0.200000 0.063049
-0.100000 0.250000 0.086748
-0.100000 0.300000 0.110152
-0.100000 0.350000 0.133190
-0.100000 0.400000 0.155800
-0.100000 0.450000 0.177637
-0.100000 0.500000 0.198424
-0.100000 0.550000 0.217563
-0.100000 0.600000 0.234990
-0.100000 0.650000 0.250798
-0.100000 0.700000 0.265697
-0.100000 0.750000 0.279250
-0.100000 0.800000 0.290214
-0.100000 0.850000 0.298895
-0.100000 0.900000 0.307239
-0.100000 0.950000 0.316150
-0.100000 1.000000 0.323214
-0.100000 1.050000 0.328543
-0.100000 1.100000 0.333409
-0.100000 1.150000 0.337689
-0.100000 1.200000 0.340814
-0.100000 1.250000 0.343182
-0.100000 1.300000 0.345551
-0.100000 1.350000 0.347934
-0.100000 1.400000 0.350447
-0.100000 1.450000 0.353011
-0.100000 1.500000 0.355516
-0.100000 1.550000 0.357805
-0.100000 1.600000 0.359771
-0.100000 1.650000 0.360866
-0.100000 1.700000 0.360844
-0.100000 1.750000 0.362282
-0.100000 1.800000 0.364334
-0.100000 1.850000 0.365067
-0.100000 1.900000 0.365806
-0.100000 1.950000 0.366486
-0.100000 2.000000 0.367040
-0.100000 2.050000 0.367084
-0.100000 2.100000 0.366895
-0.100000 2.150000 0.367784
-0.100000 2.200000 0.368960
-0.100000 2.250000 0.369464
-0.100000 2.300000 0.369764
-0.100000 2.350000 0.369777
-0.100000 2.400000 0.369608
-0.100000 2.450000 0.369347
-0.100000 2.487500 0.369192
0.100000 -2.487500 0.363856
0.100000 -2.450000 0.364113
0.100000 -2.400000 0.364744
0.100000 -2.350000 0.365222
0.100000 -2.300000 0.364750
0.100000 -2.250000 0.364304
0.100000 -2.200000 0.364149
0.100000 -2.150000 0.363479
0.100000 -2.100000 0.362877
0.100000 -2.050000 0.362323
0.100000 -2.000000 0.361426
0.100000 -1.950000 0.360220
0.100000 -1.900000 0.359093
0.100000 -1.850000 0.358237
0.100000 -1.800000 0.357849
0.100000 -1.750000 0.357807
0.100000 -1.700000 0.357572
0.100000 -1.650000 0.356843
0.100000 -1.600000 0.355564
0.100000 -1.550000 0.353864
0.100000 -1.500000 0.351750
0.100000 -1.450000 0.349664
0.100000 -1.400000 0.348034
0.100000 -1.350000 0.346267
0.100000 -1.300000 0.343852
0.100000 -1.250000 0.341006
0.100000 -1.200000 0.337670
0.100000 -1.150000 0.333682
0.100000 -1.100000 0.329269
0.100000 -1.050000 0.324145
0.100000 -1.000000 0.317746
0.100000 -0.950000 0.310205
0.100000 -0.900000 0.301846
0.100000 -0.850000 0.292698
0.100000 -0.800000 0.282556
0.100000 -0.750000 0.271431
0.100000 -0.700000 0.259715
0.100000 -0.650000 0.245528
0.100000 -0.600000 0.229830
0.100000 -0.550000 0.213534
0.100000 -0.500000 0.194756
0.100000 -0.450000 0.173469
0.100000 -0.400000 0.151731
0.100000 -0.350000 0.130104
0.100000 -0.300000 0.107470
0.100000 -0.250000 0.084546
0.100000 -0.200000 0.061467
0.100000 -0.150000 0.038610
0.100000 -0.100000 0.016904
0.100000 -0.050000 0.003447
0.100000 0.000000 -0.001508
0.100000 0.050000 0.002140
0.100000 0.100000 0.018026
0.100000 0.150000 0.039759
0.100000 0.200000 0.063049
0.100000 0.250000 0.086748
0.100000 0.300000 0.110152
0.100000 0.350000 0.133190
0.100000 0.400000 0.155800
0.100000 0.450000 0.177637
0.100000 0.500000 0.198424
0.100000 0.550000 0.217563
0.100000 0.600000 0.234990
0.100000 0.650000 0.250798
0.100000 0.700000 0.265697
0.100000 0.750000 0.279250
0.100000 0.800000 0.290214
0.100000 0.850000 0.298895
0.100000 0.900000 0.307239
0.100000 0.950000 0.316150
0.100000 1.000000 0.323214
0.100000 1.050000 0.328543
0.100000 1.100000 0.333409
0.100000 1.150000 0.337689
0.100000 1.200000 0.340814
0.100000 1.250000 0.343182
0.100000 1.300000 0.345551
0.100000 1.350000 0.347934
0.100000 1.400000 0.350447
0.100000 1.450000 0.353011
0.100000 1.500000 0.355516
0.100000 1.550000 0.357805
0.100000 1.600000 0.359771
0.100000 1.650000 0.360866
0.100000 1.700000 0.360844
0.100000 1.750000 0.362282
0.100000 1.800000 0.364334
0.100000 1.850000 0.365067
0.100000 1.900000 0.365806
0.100000 1.950000 0.366486
0.100000 2.000000 0.367040
0.100000 2.050000 0.367084
0.100000 2.100000 0.366895
0.100000 2.150000 0.367784
0.100000 2.200000 0.368960
0.100000 2.250000 0.369464
0.100000 2.300000 0.369764
0.100000 2.350000 0.369777
0.100000 2.400000 0.369608
0.100000 2.450000 0.369347
0.100000 2.487500 0.369192
