10.000000 -100.000000 -100.000000
-0.050000 -1.500001 0.499650
-0.050000 -1.449997 0.499640
-0.050000 -1.400007 0.499631
-0.050000 -1.349994 0.499595
-0.050000 -1.300017 0.499577
-0.050000 -1.249997 0.499548
-0.050000 -1.199987 0.499479
-0.050000 -1.150012 0.499476
-0.050000 -1.100003 0.499506
-0.050000 -1.049993 0.499502
-0.050000 -1.000009 0.499508
-0.050000 -0.949996 0.499518
-0.050000 -0.899999 0.499479
-0.050000 -0.850010 0.499426
-0.050000 -0.800010 0.499263
-0.050000 -0.750006 0.499112
-0.050000 -0.700011 0.499044
-0.050000 -0.649986 0.498863
-0.050000 -0.600028 0.498650
-0.050000 -0.550005 0.498612
-0.050000 -0.499996 0.498556
-0.050000 -0.449999 0.498432
-0.050000 -0.400005 0.498415
-0.050000 -0.350009 0.498348
-0.050000 -0.299997 0.498217
-0.050000 -0.250004 0.498156
-0.050000 -0.200001 0.498148
-0.050000 -0.149998 0.498143
-0.050000 -0.099993 0.498249
-0.050000 -0.050001 0.498383
-0.050000 0.000000 0.498397
-0.050000 0.050001 0.498384
-0.050000 0.099995 0.498284
-0.050000 0.149995 0.498193
-0.050000 0.200002 0.498172
-0.050000 0.250002 0.498153
-0.050000 0.299998 0.498168
-0.050000 0.350008 0.498279
-0.050000 0.400008 0.498337
-0.050000 0.449997 0.498384
-0.050000 0.499997 0.498587
-0.050000 0.550007 0.498677
-0.050000 0.600023 0.498662
-0.050000 0.649988 0.498889
-0.050000 0.700014 0.499064
-0.050000 0.750005 0.499099
-0.050000 0.800006 0.499260
-0.050000 0.850008 0.499414
-0.050000 0.900001 0.499476
-0.050000 0.949997 0.499499
-0.050000 1.000008 0.499493
-0.050000 1.049996 0.499499
-0.050000 1.100003 0.499510
-0.050000 1.150011 0.499475
-0.050000 1.199986 0.499480
-0.050000 1.249999 0.499555
-0.050000 1.300016 0.499580
-0.050000 1.349996 0.499593
-0.050000 1.400007 0.499625
-0.050000 1.449996 0.499641
-0.050000 1.500001 0.499655
0.050000 -1.500001 0.499650
0.050000 -1.449997 0.499640
0.050000 -1.400007 0.499631
0.050000 -1.349994 0.499595
0.050000 -1.300017 0.499577
0.050000 -1.249997 0.499548
0.050000 -1.199987 0.499479
0.050000 -1.150012 0.499476
0.050000 -1.100003 0.499506
0.050000 -1.049993 0.499502
0.050000 -1.000009 0.499508
0.050000 -0.949996 0.499518
0.050000 -0.899999 0.499479
0.050000 -0.850010 0.499426
0.050000 -0.800010 0.499263
0.050000 -0.750006 0.499112
0.050000 -0.700011 0.499044
0.050000 -0.649986 0.498863
0.050000 -0.600028 0.498650
0.050000 -0.550005 0.498612
0.050000 -0.499996 0.498556
0.050000 -0.449999 0.498432
0.050000 -0.400005 0.498415
0.050000 -0.350009 0.498348
0.050000 -0.299997 0.498217
0.050000 -0.250004 0.498156
0.050000 -0.200001 0.498148
0.050000 -0.149998 0.498143
0.050000 -0.099993 0.498249
0.050000 -0.050001 0.498383
0.050000 0.000000 0.498397
0.050000 0.050001 0.498384
0.050000 0.099995 0.498284
0.050000 0.149995 0.498193
0.050000 0.200002 0.498172
0.050000 0.250002 0.498153
0.050000 0.299998 0.498168
0.050000 0.350008 0.498279
0.050000 0.400008 0.498337
0.050000 0.449997 0.498384
0.050000 0.499997 0.498587
0.050000 0.550007 0.498677
0.050000 0.600023 0.498662
0.050000 0.649988 0.498889
0.050000 0.700014 0.499064
0.050000 0.750005 0.499099
0.050000 0.800006 0.499260
0.050000 0.850008 0.499414
0.050000 0.900001 0.499476
0.050000 0.949997 0.499499
0.050000 1.000008 0.499493
0.050000 1.049996 0.499499
0.050000 1.100003 0.499510
0.050000 1.150011 0.499475
0.050000 1.199986 0.499480
0.050000 1.249999 0.499555
0.050000 1.300016 0.499580
0.050000 1.349996 0.499593
0.050000 1.400007 0.499625
0.050000 1.449996 0.499641
0.050000 1.500001 0.499655
