10.000000 -100.000000 -100.000000
-0.050000 -1.525391 0.429668
-0.050000 -1.475000 0.429880
-0.050000 -1.425000 0.433711
-0.050000 -1.375000 0.422381
-0.050000 -1.325000 0.431098
-0.050000 -1.275000 0.403073
-0.050000 -1.225000 0.408304
-0.050000 -1.175000 0.426236
-0.050000 -1.125000 0.410827
-0.050000 -1.075000 0.405718
-0.050000 -1.025000 0.416359
-0.050000 -0.975000 0.401840
-0.050000 -0.925000 0.409060
-0.050000 -0.875000 0.410925
-0.050000 -0.825000 0.394389
-0.050000 -0.775000 0.378434
-0.050000 -0.725000 0.368500
-0.050000 -0.675000 0.345413
-0.050000 -0.625000 0.369387
-0.050000 -0.575000 0.325926
-0.050000 -0.525000 0.314707
-0.050000 -0.475000 0.322770
-0.050000 -0.425000 0.324943
-0.050000 -0.375000 0.315341
-0.050000 -0.325000 0.296185
-0.050000 -0.275000 0.302953
-0.050000 -0.225000 0.294820
-0.050000 -0.175000 0.293418
-0.050000 -0.125000 0.298298
-0.050000 -0.075000 0.310871
-0.050000 -0.025000 0.308269
-0.050000 0.025000 0.308660
-0.050000 0.075000 0.309877
-0.050000 0.125000 0.301059
-0.050000 0.175000 0.291728
-0.050000 0.225000 0.295676
-0.050000 0.275000 0.299338
-0.050000 0.325000 0.294717
-0.050000 0.375000 0.310943
-0.050000 0.425000 0.325293
-0.050000 0.475000 0.319889
-0.050000 0.525000 0.313977
-0.050000 0.575000 0.330067
-0.050000 0.625000 0.367246
-0.050000 0.675000 0.344866
-0.050000 0.725000 0.372404
-0.050000 0.775000 0.380254
-0.050000 0.825000 0.390926
-0.050000 0.875000 0.405543
-0.050000 0.925000 0.406985
-0.050000 0.975000 0.401638
-0.050000 1.025000 0.414677
-0.050000 1.075000 0.407505
-0.050000 1.125000 0.411930
-0.050000 1.175000 0.425894
-0.050000 1.225000 0.405982
-0.050000 1.275000 0.402884
-0.050000 1.325000 0.430156
-0.050000 1.375000 0.423883
-0.050000 1.425000 0.433707
-0.050000 1.475000 0.428361
-0.050000 1.525391 0.428154
0.050000 -1.525391 0.429668
0.050000 -1.475000 0.429880
0.050000 -1.425000 0.433711
0.050000 -1.375000 0.422381
0.050000 -1.325000 0.431098
0.050000 -1.275000 0.403073
0.050000 -1.225000 0.408304
0.050000 -1.175000 0.426236
0.050000 -1.125000 0.410827
0.050000 -1.075000 0.405718
0.050000 -1.025000 0.416359
0.050000 -0.975000 0.401840
0.050000 -0.925000 0.409060
0.050000 -0.875000 0.410925
0.050000 -0.825000 0.394389
0.050000 -0.775000 0.378434
0.050000 -0.725000 0.368500
0.050000 -0.675000 0.345413
0.050000 -0.625000 0.369387
0.050000 -0.575000 0.325926
0.050000 -0.525000 0.314707
0.050000 -0.475000 0.322770
0.050000 -0.425000 0.324943
0.050000 -0.375000 0.315341
0.050000 -0.325000 0.296185
0.050000 -0.275000 0.302953
0.050000 -0.225000 0.294820
0.050000 -0.175000 0.293418
0.050000 -0.125000 0.298298
0.050000 -0.075000 0.310871
0.050000 -0.025000 0.308269
0.050000 0.025000 0.308660
0.050000 0.075000 0.309877
0.050000 0.125000 0.301059
0.050000 0.175000 0.291728
0.050000 0.225000 0.295676
0.050000 0.275000 0.299338
0.050000 0.325000 0.294717
0.050000 0.375000 0.310943
0.050000 0.425000 0.325293
0.050000 0.475000 0.319889
0.050000 0.525000 0.313977
0.050000 0.575000 0.330067
0.050000 0.625000 0.367246
0.050000 0.675000 0.344866
0.050000 0.725000 0.372404
0.050000 0.775000 0.380254
0.050000 0.825000 0.390926
0.050000 0.875000 0.405543
0.050000 0.925000 0.406985
0.050000 0.975000 0.401638
0.050000 1.025000 0.414677
0.050000 1.075000 0.407505
0.050000 1.125000 0.411930
0.050000 1.175000 0.425894
0.050000 1.225000 0.405982
0.050000 1.275000 0.402884
0.050000 1.325000 0.430156
0.050000 1.375000 0.423883
0.050000 1.425000 0.433707
0.050000 1.475000 0.428361
0.050000 1.525391 0.428154
