-1.48214e+3  3.27708e+2
-1.42602e+3  3.29076e+2
-1.38010e+3  3.16762e+2
-1.32908e+3  3.29076e+2
-1.27296e+3  3.12657e+2
-1.22704e+3  3.20867e+2
-1.18112e+3  3.23603e+2
-1.12500e+3  3.08552e+2
-1.07398e+3  3.05815e+2
-1.02296e+3  3.11288e+2
-9.31122e+2  2.81186e+2
-8.75000e+2  2.90764e+2
-8.13776e+2  2.66135e+2
-7.78061e+2  2.46978e+2
-7.21939e+2  2.36032e+2
-6.76020e+2  2.18244e+2
-6.30102e+2  2.26454e+2
-5.73980e+2  2.19612e+2
-5.43367e+2  1.94983e+2
-5.12755e+2  1.82668e+2
-4.71939e+2  1.66249e+2
-4.51531e+2  1.55302e+2
-4.15816e+2  1.36146e+2
-3.85204e+2  1.21095e+2
-3.59694e+2  1.06043e+2
-3.39286e+2  9.50969e+1
-3.13776e+2  8.55188e+1
-2.88265e+2  8.00456e+1
-2.67857e+2  7.32041e+1
-2.21939e+2  6.49943e+1
-1.81122e+2  6.22577e+1
-1.45408e+2  4.99430e+1
-1.09694e+2  3.62600e+1
-7.39796e+1  2.53136e+1
-2.29592e+1  2.25770e+1
3.82653e+1  1.84721e+1
8.92857e+1  2.53136e+1
1.14796e+2  3.62600e+1
1.35204e+2  4.44698e+1
1.60714e+2  5.13113e+1
1.86224e+2  5.95211e+1
2.16837e+2  6.77309e+1
2.52551e+2  7.45724e+1
2.88265e+2  8.14139e+1
3.13776e+2  8.96237e+1
3.49490e+2  1.00570e+2
3.69898e+2  1.12885e+2
3.95408e+2  1.23831e+2
4.10714e+2  1.38883e+2
4.36224e+2  1.53934e+2
4.61735e+2  1.64880e+2
4.82143e+2  1.74458e+2
5.12755e+2  1.85405e+2
5.38265e+2  1.96351e+2
5.73980e+2  2.12771e+2
6.14796e+2  2.23717e+2
6.81122e+2  2.14139e+2
7.06633e+2  2.26454e+2
7.27041e+2  2.36032e+2
7.57653e+2  2.41505e+2
7.88265e+2  2.51083e+2
8.18878e+2  2.64766e+2
8.44388e+2  2.75713e+2
8.59694e+2  2.88027e+2
8.75000e+2  2.93501e+2
9.26020e+2  2.82554e+2
9.77041e+2  2.93501e+2
1.00765e+3  3.05815e+2
1.02806e+3  3.09920e+2
1.07398e+3  3.05815e+2
1.11990e+3  3.01710e+2
1.16071e+3  3.20867e+2
1.17602e+3  3.26340e+2
1.22194e+3  3.22235e+2
1.27296e+3  3.09920e+2
1.32398e+3  3.30445e+2
1.37500e+3  3.14025e+2
1.42092e+3  3.33181e+2
1.48214e+3  3.35918e+2
