4.66241e-1  7.71763e+0
2.50852e+0  6.86934e+0
5.41654e+0  6.86934e+0
1.05046e+1  7.36642e+0
1.50269e+1  7.71763e+0
2.03722e+1  8.08559e+0
2.52541e+1  8.47109e+0
3.24471e+1  8.67068e+0
4.64159e+1  9.29810e+0
6.18101e+1  1.02059e+1
8.53102e+1  1.12022e+1
1.17745e+2  1.22959e+1
1.56796e+2  1.31856e+1
2.20319e+2  1.44729e+1
3.09576e+2  1.48139e+1
4.04935e+2  1.28821e+1
5.11040e+2  9.74141e+0
6.22264e+2  6.71122e+0
7.31047e+2  4.31161e+0
8.43610e+2  2.58307e+0
9.22602e+2  1.44309e+0
1.00899e+3  7.87651e-1
1.10347e+3  4.29908e-1
1.14369e+3  2.40177e-1
1.22859e+3  1.25125e-1
1.29638e+3  7.15508e-2
1.34363e+3  4.18791e-2
1.36790e+3  2.56808e-2
1.41776e+3  1.27701e-2
