4.67529e+0 1.13889e-16
6.90927e+0 1.17349e-16
9.03910e+0 1.04619e-16
1.18470e+1 1.00063e-16
1.42604e+1 9.74190e-17
1.74614e+1 8.43958e-17
1.96930e+1 7.63700e-17
2.11137e+1 7.41986e-17
2.38527e+1 6.60136e-17
2.80115e+1 5.44001e-17
3.02428e+1 4.84844e-17
3.24742e+1 4.32711e-17
3.47053e+1 3.80013e-17
3.68352e+1 3.40497e-17
3.91678e+1 2.98569e-17
4.12544e+1 2.70236e-17
4.36306e+1 2.38121e-17
4.60311e+1 2.11671e-17
4.85283e+1 1.89002e-17
5.05280e+1 1.72074e-17
5.26921e+1 1.56992e-17
5.48396e+1 1.45685e-17
5.72238e+1 1.34411e-17
5.94109e+1 1.25359e-17
6.13839e+1 1.18368e-17
6.34134e+1 1.12845e-17
6.57474e+1 1.07321e-17
6.84876e+1 1.02097e-17
7.19383e+1 9.71059e-18
7.60997e+1 9.22050e-18
7.74194e+1 9.19356e-18
8.34083e+1 8.81571e-18
8.52357e+1 8.80629e-18
8.99845e+1 8.70713e-18
9.49816e+1 8.80745e-18
9.68090e+1 8.82035e-18
1.01005e+2 8.95665e-18
1.04931e+2 9.13255e-18
1.06962e+2 9.22139e-18
1.13054e+2 9.63263e-18
1.15186e+2 9.70026e-18
1.18039e+2 9.90491e-18
1.20973e+2 1.01439e-17
1.23207e+2 1.01748e-17
1.24527e+2 1.02312e-17
1.30314e+2 1.06811e-17
1.32547e+2 1.06877e-17
1.33766e+2 1.07818e-17
1.40467e+2 1.12460e-17
1.42700e+2 1.12349e-17
1.44934e+2 1.11877e-17
1.46254e+2 1.12588e-17
1.52105e+2 1.15951e-17
1.61122e+2 1.17567e-17
1.69137e+2 1.19215e-17
1.76150e+2 1.20897e-17
