3.53899e+0 1.22598e-16
7.52072e+0 1.33503e-16
1.22206e+1 1.07623e-16
1.43675e+1 9.71308e-17
1.74614e+1 8.43958e-17
1.96930e+1 7.63700e-17
2.59128e+1 5.27843e-17
3.13531e+1 3.40648e-17
3.76400e+1 2.26453e-17
4.35221e+1 1.62105e-17
4.95065e+1 1.21417e-17
5.57381e+1 9.39219e-18
6.16805e+1 7.65366e-18
6.74844e+1 6.46094e-18
7.36540e+1 5.52527e-18
7.93373e+1 5.00352e-18
8.57312e+1 4.53221e-18
9.20240e+1 4.18826e-18
9.78094e+1 3.90328e-18
9.90276e+1 3.90290e-18
1.03697e+2 3.69943e-18
1.09787e+2 3.53737e-18
1.11107e+2 3.53699e-18
1.15877e+2 3.38241e-18
1.17197e+2 3.35221e-18
1.21765e+2 3.23429e-18
1.28059e+2 3.20413e-18
1.33845e+2 3.17437e-18
1.40240e+2 3.05979e-18
1.45722e+2 3.05843e-18
1.47042e+2 3.03357e-18
1.52017e+2 3.10802e-18
1.58717e+2 3.08986e-18
1.63996e+2 3.05391e-18
1.69782e+2 3.02799e-18
1.75568e+2 2.88120e-18
