2.14186e+0 1.46582e-16
4.53035e+0 1.14450e-16
5.35728e+0 8.21412e-17
7.19691e+0 4.61714e-17
7.90327e+0 3.64530e-17
9.82342e+0 2.25211e-17
1.10372e+1 1.76492e-17
1.17438e+1 1.40791e-17
1.27548e+1 1.11813e-17
1.39689e+1 8.87970e-18
1.49797e+1 6.98982e-18
1.60921e+1 5.50211e-18
1.72044e+1 4.31827e-18
1.88235e+1 3.23259e-18
1.99367e+1 2.65983e-18
2.15566e+1 2.08438e-18
2.32780e+1 1.63824e-18
2.49996e+1 1.29140e-18
2.87471e+1 7.96545e-19
3.09760e+1 6.21422e-19
3.32051e+1 4.89115e-19
3.55357e+1 3.85828e-19
3.80694e+1 3.03002e-19
4.08061e+1 2.38480e-19
4.36443e+1 1.88529e-19
4.63818e+1 1.54419e-19
4.90178e+1 1.27269e-19
5.18569e+1 1.05449e-19
5.72313e+1 7.49384e-20
5.98682e+1 6.47320e-20
6.56493e+1 4.78720e-20
6.79819e+1 4.19063e-20
7.10249e+1 3.63583e-20
7.37636e+1 3.19393e-20
7.65025e+1 2.84202e-20
7.90388e+1 2.58710e-20
8.73575e+1 1.86821e-20
8.99957e+1 1.74000e-20
9.30396e+1 1.58269e-20
9.55760e+1 1.45033e-20
1.01157e+2 1.24145e-20
1.03795e+2 1.14267e-20
1.06636e+2 1.08647e-20
1.09579e+2 9.85337e-21
1.11913e+2 9.35803e-21
1.17697e+2 8.17505e-21
1.23177e+2 7.34719e-21
1.25917e+2 7.02724e-21
1.31601e+2 6.37171e-21
1.33733e+2 6.34245e-21
1.36879e+2 6.03924e-21
1.39619e+2 5.77625e-21
1.44897e+2 5.47485e-21
1.50629e+2 5.12737e-21
1.55859e+2 4.96201e-21
1.58905e+2 4.96079e-21
1.61645e+2 4.75318e-21
1.64183e+2 4.70194e-21
1.66924e+2 4.72875e-21
1.69665e+2 4.72072e-21
1.75046e+2 4.71170e-21
