8.67903e-1 1.26251e-16
6.04547e+0 1.35737e-16
9.87772e+0 8.63699e-17
1.33752e+1 5.26077e-17
1.62064e+1 3.49732e-17
1.95375e+1 2.19324e-17
2.33166e+1 1.37375e-17
2.68688e+1 9.27707e-18
3.05357e+1 6.44249e-18
3.65368e+1 3.70115e-18
4.32068e+1 2.25378e-18
4.85437e+1 1.58791e-18
5.41333e+1 1.12303e-18
5.87189e+1 8.98737e-19
6.48917e+1 6.71171e-19
7.22328e+1 4.86782e-19
7.90877e+1 3.83619e-19
8.65837e+1 2.96238e-19
9.39010e+1 2.39570e-19
9.85999e+1 2.11664e-19
1.04609e+2 1.85556e-19
1.11786e+2 1.62652e-19
1.18865e+2 1.39259e-19
1.26308e+2 1.24976e-19
1.33487e+2 1.14445e-19
1.37033e+2 1.09226e-19
1.40585e+2 1.03771e-19
1.44171e+2 9.88398e-20
1.47691e+2 9.92168e-20
1.51446e+2 9.40513e-20
1.58551e+2 8.95263e-20
1.65861e+2 8.94733e-20
1.70717e+2 8.40191e-20
1.76394e+2 8.39805e-20
