9.28375e-1 1.90501e-16
2.83404e+0 1.62224e-16
6.55211e+0 1.06056e-16
8.20479e+0 7.25224e-17
9.93912e+0 4.92394e-17
1.29736e+1 2.67026e-17
1.38848e+1 2.33259e-17
1.70889e+1 1.28988e-17
2.10707e+1 6.89849e-18
2.20836e+1 6.08037e-18
2.62358e+1 3.48027e-18
3.22136e+1 1.80731e-18
3.59635e+1 1.27887e-18
3.91053e+1 9.54017e-19
4.06261e+1 8.50458e-19
4.38525e+1 6.62588e-19
4.73173e+1 5.16146e-19
5.45168e+1 3.23521e-19
5.58353e+1 3.02566e-19
6.21955e+1 2.10827e-19
6.36446e+1 1.97624e-19
6.98727e+1 1.48101e-19
7.12524e+1 1.40418e-19
7.34840e+1 1.26792e-19
7.76432e+1 1.06680e-19
8.56579e+1 7.93741e-20
9.27347e+1 6.28665e-20
9.38763e+1 6.12117e-20
9.96263e+1 5.23179e-20
1.08082e+2 4.21422e-20
1.11735e+2 3.78802e-20
1.15084e+2 3.62288e-20
1.16708e+2 3.46543e-20
1.19347e+2 3.29989e-20
1.22899e+2 3.11683e-20
1.30409e+2 2.75847e-20
1.31931e+2 2.69472e-20
1.38960e+2 2.45122e-20
1.39950e+2 2.44831e-20
1.45025e+2 2.30829e-20
1.53994e+2 2.13811e-20
1.61976e+2 2.00517e-20
1.68879e+2 1.99225e-20
1.76367e+2 1.92725e-20
