1.48459e+0 5.16342e-16
3.82814e+0 5.26892e-16
6.35682e+0 4.88355e-16
9.24314e+0 4.39539e-16
1.17135e+1 3.82513e-16
1.41398e+1 3.21260e-16
1.67866e+1 2.62361e-16
1.89188e+1 2.16587e-16
2.12758e+1 1.74501e-16
2.41022e+1 1.27668e-16
2.61486e+1 1.01991e-16
2.81460e+1 8.20002e-17
3.01532e+1 6.53075e-17
3.14545e+1 5.62063e-17
3.37711e+1 4.53289e-17
3.57998e+1 3.72958e-17
3.81819e+1 3.10381e-17
4.04821e+1 2.69277e-17
4.30069e+1 2.38118e-17
4.55159e+1 2.19560e-17
4.97618e+1 1.94773e-17
5.60481e+1 1.76310e-17
6.12946e+1 1.70332e-17
6.67457e+1 1.59658e-17
6.96131e+1 1.53427e-17
7.29456e+1 1.44042e-17
7.68920e+1 1.28203e-17
7.94836e+1 1.16014e-17
8.22644e+1 1.01588e-17
8.46119e+1 8.82174e-18
8.74005e+1 7.34547e-18
8.95747e+1 6.07697e-18
9.15047e+1 5.09681e-18
9.42067e+1 3.70226e-18
9.60154e+1 2.88864e-18
9.76728e+1 2.23006e-18
9.93901e+1 1.61663e-18
1.00638e+2 1.15075e-18
1.02833e+2 6.42783e-19
1.04015e+2 3.93604e-19
1.05366e+2 2.13205e-19
1.06379e+2 1.22788e-19
1.08103e+2 7.66528e-20
1.09205e+2 1.05161e-19
1.09757e+2 1.33065e-19
1.10198e+2 1.73505e-19
1.10860e+2 2.29664e-19
1.11301e+2 3.10142e-19
1.12183e+2 4.52633e-19
1.12514e+2 6.04847e-19
1.13837e+2 8.94335e-19
1.14720e+2 1.14020e-18
1.16341e+2 1.66474e-18
1.18368e+2 2.67802e-18
1.20565e+2 3.96804e-18
1.22881e+2 5.44826e-18
1.24803e+2 6.96909e-18
1.26741e+2 8.66924e-18
1.28753e+2 1.06197e-17
1.31262e+2 1.32063e-17
1.36512e+2 1.94263e-17
1.38541e+2 2.20422e-17
1.41094e+2 2.55028e-17
1.43467e+2 2.85640e-17
1.47045e+2 3.16052e-17
1.49570e+2 3.69123e-17
1.52217e+2 4.12194e-17
1.57731e+2 4.84039e-17
1.62270e+2 5.34203e-17
1.68011e+2 5.77042e-17
1.74428e+2 6.13870e-17
