5.63769e-2 8.77500e+0
7.54407e-2 1.25616e+1
9.59603e-2 1.27346e+1
9.77707e-2 1.81058e+1
1.18346e-1 2.13958e+1
1.20716e-1 1.64486e+1
1.33966e-1 2.66015e+1
1.41564e-1 1.73811e+1
1.48688e-1 3.02194e+1
1.64007e-1 1.85336e+1
1.66150e-1 3.32235e+1
1.87394e-1 3.58519e+1
1.88336e-1 1.94749e+1
2.08813e-1 1.94896e+1
2.20974e-1 4.25524e+1
2.23834e-1 3.78406e+1
2.29436e-1 2.02123e+1
2.37249e-1 4.74450e+1
2.44667e-1 4.12861e+1
2.53725e-1 2.22469e+1
2.55097e-1 5.18766e+1
2.67198e-1 4.39435e+1
2.76145e-1 2.30043e+1
2.76308e-1 5.65121e+1
2.91626e-1 4.64369e+1
2.95935e-1 5.99882e+1
2.99037e-1 2.35571e+1
2.99693e-1 6.33852e+1
3.12127e-1 4.70010e+1
3.21044e-1 2.55373e+1
3.33267e-1 4.99512e+1
3.35982e-1 6.88352e+1
3.43394e-1 2.51090e+1
3.52462e-1 7.23836e+1
3.57208e-1 5.26426e+1
3.65772e-1 2.51519e+1
3.69431e-1 7.61769e+1
3.79709e-1 5.47983e+1
3.87280e-1 7.99284e+1
3.89927e-1 2.57656e+1
4.03071e-1 5.60064e+1
4.05088e-1 8.42084e+1
4.10542e-1 2.54751e+1
4.23010e-1 5.70624e+1
4.25582e-1 8.75397e+1
4.31055e-1 2.60918e+1
4.43231e-1 9.14048e+1
4.47170e-1 6.05208e+1
4.55409e-1 2.74515e+1
4.60884e-1 9.45461e+1
4.69646e-1 6.22357e+1
4.76722e-1 9.88042e+1
4.77816e-1 2.79960e+1
4.85563e-1 9.67627e+1
4.93531e-1 6.39718e+1
4.95651e-1 1.02602e+2
4.99601e-1 2.87756e+1
5.06660e-1 1.08002e+2
5.14535e-1 6.46016e+1
5.18608e-1 1.01686e+2
5.21987e-1 1.10919e+2
5.22641e-1 2.92753e+1
5.29432e-1 1.06328e+2
5.36875e-1 1.16230e+2
5.37089e-1 6.76694e+1
5.45030e-1 2.94928e+1
5.47036e-1 1.07945e+2
5.53356e-1 1.19791e+2
5.59562e-1 6.93388e+1
5.66137e-1 1.12231e+2
5.67455e-1 3.03413e+1
5.72932e-1 1.24098e+2
5.82027e-1 7.08713e+1
5.88695e-1 1.15360e+2
5.91413e-1 3.03533e+1
5.92686e-1 1.27963e+2
6.05728e-1 7.15596e+1
6.08720e-1 1.19257e+2
6.09505e-1 1.31128e+2
6.13214e-1 3.11068e+1
6.13371e-1 2.94016e+1
6.21125e-1 1.30794e+2
6.25184e-1 7.34242e+1
6.26811e-1 1.35262e+2
6.35283e-1 3.16504e+1
6.36026e-1 1.24706e+2
6.45099e-1 1.40733e+2
6.49445e-1 7.58641e+1
6.56550e-1 1.27831e+2
6.59119e-1 3.25329e+1
6.63639e-1 1.44731e+2
6.71878e-1 7.68343e+1
6.79108e-1 1.30960e+2
6.81498e-1 3.26062e+1
6.83383e-1 1.48418e+2
6.96056e-1 7.78464e+1
7.01888e-1 1.51820e+2
7.02892e-1 3.22943e+1
7.10954e-1 1.35824e+2
7.16091e-1 7.80788e+1
7.16837e-1 1.54139e+2
7.26307e-1 3.35888e+1
7.28243e-1 1.53783e+2
7.33640e-1 1.59106e+2
7.41234e-1 8.01838e+1
7.44823e-1 1.41624e+2
7.48679e-1 3.35405e+1
7.49089e-1 1.62420e+2
7.63659e-1 8.10323e+1
7.66385e-1 1.45108e+2
7.66601e-1 1.66219e+2
7.71103e-1 3.43586e+1
7.86097e-1 8.21089e+1
7.87173e-1 1.70154e+2
7.87907e-1 1.47914e+2
7.92692e-1 3.49045e+1
8.05608e-1 1.50351e+2
8.06597e-1 1.73602e+2
8.08961e-1 8.21832e+1
8.15894e-1 3.50449e+1
8.24927e-1 1.53342e+2
8.25249e-1 1.75600e+2
8.29152e-1 8.29235e+1
8.38263e-1 3.49433e+1
8.41732e-1 1.81366e+2
8.48432e-1 1.56781e+2
8.53396e-1 8.50648e+1
8.60653e-1 3.51838e+1
8.63007e-1 1.85284e+2
8.69984e-1 1.60085e+2
8.75765e-1 1.89412e+2
8.75834e-1 8.61262e+1
8.84453e-1 3.54641e+1
8.92504e-1 1.62560e+2
8.93774e-1 1.93002e+2
9.00145e-1 8.66245e+1
9.04095e-1 3.68890e+1
9.06508e-1 1.95528e+2
9.06645e-1 1.64982e+2
9.19042e-1 8.68103e+1
9.23570e-1 1.97571e+2
9.25064e-1 1.67349e+2
9.27431e-1 3.53646e+1
9.39593e-1 2.02584e+2
9.43127e-1 8.89909e+1
9.45839e-1 1.70224e+2
9.50199e-1 3.59482e+1
9.57097e-1 2.06239e+2
9.65554e-1 8.98699e+1
9.68385e-1 1.73140e+2
9.72617e-1 3.66751e+1
9.75626e-1 2.10041e+2
9.87995e-1 9.09920e+1
9.90932e-1 1.76071e+2
9.95150e-1 2.13463e+2
9.96762e-1 3.62337e+1
1.00932e+0 2.16294e+2
1.01030e+0 1.78531e+2
1.01129e+0 9.09772e+1
1.01744e+0 3.79009e+1
1.02681e+0 9.03878e+1
1.02804e+0 2.16973e+2
1.03015e+0 1.78094e+2
1.03188e+0 3.44509e+1
1.04065e+0 8.70735e+1
1.04759e+0 3.17963e+1
1.05244e+0 2.19178e+2
1.05399e+0 1.76036e+2
1.06286e+0 8.41979e+1
1.06984e+0 2.95439e+1
1.07486e+0 2.19920e+2
1.07628e+0 1.74574e+2
1.08402e+0 8.08443e+1
1.09207e+0 2.71547e+1
1.09855e+0 1.72793e+2
1.09870e+0 2.20925e+2
1.10450e+0 7.72886e+1
1.11841e+0 2.21457e+2
1.12201e+0 1.71674e+2
1.12266e+0 2.57331e+1
1.12794e+0 7.60179e+1
1.14207e+0 2.21341e+2
1.14452e+0 2.45286e+1
1.14967e+0 7.29859e+1
1.15123e+0 1.69269e+2
1.16439e+0 2.20456e+2
1.16506e+0 2.29312e+1
1.17188e+0 7.00191e+1
1.17347e+0 1.66895e+2
1.18672e+0 2.19633e+2
1.18735e+0 2.15452e+1
1.19407e+0 6.68851e+1
1.19572e+0 1.64840e+2
1.20961e+0 1.95682e+1
1.21028e+0 2.17916e+2
1.21031e+0 6.43121e+1
1.21883e+0 1.62312e+2
1.22878e+0 6.42340e+1
1.22946e+0 2.17704e+2
1.23205e+0 2.06506e+1
1.24223e+0 1.60106e+2
1.25277e+0 6.19129e+1
1.25368e+0 2.16797e+2
1.25433e+0 1.89682e+1
1.26447e+0 1.57686e+2
1.27503e+0 5.99798e+1
1.27598e+0 2.15564e+2
1.27665e+0 1.80383e+1
1.28668e+0 1.54902e+2
1.29727e+0 5.77274e+1
1.29933e+0 2.13690e+2
1.29976e+0 1.67905e+1
1.31558e+0 1.51668e+2
1.31567e+0 2.12821e+2
1.32017e+0 5.67557e+1
1.33682e+0 2.12323e+2
1.33957e+0 1.56925e+1
1.34186e+0 5.49099e+1
1.34732e+0 1.48423e+2
1.35912e+0 2.11073e+2
1.36195e+0 1.58266e+1
1.36416e+0 5.36303e+1
1.36958e+0 1.46308e+2
1.38141e+0 2.09687e+2
1.38433e+0 1.58239e+1
1.38646e+0 5.22748e+1
1.39180e+0 1.43675e+2
1.40455e+0 2.07101e+2
1.40665e+0 1.48516e+1
1.42273e+0 1.40925e+2
1.42409e+0 2.06679e+2
1.42908e+0 1.58489e+1
1.42965e+0 4.97425e+1
1.43738e+0 1.38612e+2
1.44827e+0 2.04967e+2
1.45137e+0 1.44022e+1
1.45336e+0 4.84665e+1
1.45853e+0 1.36858e+2
1.47054e+0 2.03292e+2
1.47372e+0 1.39738e+1
1.47569e+0 4.76126e+1
1.48078e+0 1.34879e+2
1.49280e+0 2.01268e+2
1.49778e+0 1.20982e+1
1.49881e+0 4.58991e+1
1.50337e+0 1.32628e+2
1.51351e+0 1.99258e+2
1.51536e+0 4.46023e+1
1.51844e+0 1.34581e+1
1.52438e+0 1.30765e+2
1.53451e+0 1.98481e+2
1.53652e+0 4.43564e+1
1.53989e+0 1.21449e+1
1.54755e+0 1.28684e+2
1.55762e+0 1.96610e+2
1.55883e+0 4.31833e+1
1.56311e+0 1.20477e+1
1.56983e+0 1.27131e+2
1.57994e+0 1.95589e+2
1.58117e+0 4.26637e+1
1.58632e+0 1.18290e+1
1.59213e+0 1.25684e+2
1.60376e+0 1.93260e+2
1.60504e+0 4.10857e+1
1.60782e+0 1.12595e+1
1.62273e+0 1.92795e+2
1.62363e+0 1.23478e+2
1.62407e+0 4.07586e+1
1.63261e+0 1.15000e+1
1.64679e+0 1.90914e+2
1.64680e+0 1.21490e+2
1.64817e+0 4.03907e+1
1.65258e+0 1.14137e+1
1.66678e+0 1.89338e+2
1.66907e+0 1.19648e+2
1.67048e+0 3.93696e+1
1.67495e+0 1.13958e+1
1.69130e+0 1.86790e+2
1.69131e+0 1.17396e+2
1.69466e+0 3.77328e+1
1.69790e+0 1.03428e+1
1.71039e+0 1.84534e+2
1.71381e+0 3.70451e+1
1.71819e+0 1.16015e+1
1.72281e+0 1.15180e+2
1.73042e+0 1.84147e+2
1.73748e+0 3.71726e+1
1.73877e+0 1.05922e+1
1.74602e+0 1.13643e+2
1.75410e+0 1.82407e+2
1.75985e+0 3.70787e+1
1.76034e+0 1.07042e+1
1.76829e+0 1.11938e+2
1.77639e+0 1.80930e+2
1.78217e+0 3.61031e+1
1.78356e+0 1.06121e+1
1.79057e+0 1.10263e+2
1.79864e+0 1.78860e+2
1.80398e+0 3.47422e+1
1.80504e+0 9.79432e+0
1.80625e+0 1.07875e+2
1.81006e+0 1.76940e+2
1.82542e+0 1.06211e+2
1.82552e+0 9.87065e+0
1.82618e+0 1.07659e+2
1.82683e+0 3.46385e+1
1.83103e+0 1.76083e+2
1.84916e+0 3.37541e+1
1.84981e+0 1.01613e+1
1.85133e+0 1.05821e+2
1.85328e+0 1.73891e+2
1.87149e+0 3.30978e+1
1.87216e+0 9.73299e+0
1.87362e+0 1.04375e+2
1.87555e+0 1.72231e+2
1.89504e+0 3.11708e+1
1.89541e+0 8.90758e+0
1.89593e+0 1.03095e+2
1.89867e+0 1.69225e+2
1.91425e+0 3.13590e+1
1.91612e+0 7.74698e+0
1.91628e+0 9.17390e+0
1.91745e+0 1.02073e+2
1.91854e+0 1.69397e+2
1.92684e+0 1.67985e+2
1.93647e+0 3.11034e+1
1.93724e+0 9.51368e+0
1.93951e+0 1.00459e+2
1.94442e+0 1.67116e+2
