4.52625e-2 1.84502e+1
5.07290e-2 1.57450e+1
5.08219e-2 2.31433e+1
5.52771e-2 7.45885e+0
5.65522e-2 1.32200e+1
5.69770e-2 2.16422e+1
6.25093e-2 1.02707e+1
6.61879e-2 2.52514e+1
7.18450e-2 3.02344e+1
7.32246e-2 4.47968e+0
7.79421e-2 2.81756e+1
9.05130e-2 3.76282e+1
9.10932e-2 3.19610e+1
9.40927e-2 1.49572e+1
9.61954e-2 3.51832e+1
9.80747e-2 1.80282e+1
9.83915e-2 1.24037e+1
1.06354e-1 1.09468e+1
1.13971e-1 6.16072e+0
1.19597e-1 4.07595e+1
1.20296e-1 3.91210e+1
1.23984e-1 4.39385e+1
1.27732e-1 2.14486e+1
1.30351e-1 4.66382e+1
1.36723e-1 1.78738e+1
1.37680e-1 1.20694e+1
1.40778e-1 4.93691e+1
1.41335e-1 1.57089e+1
1.47609e-1 1.75132e+1
1.52067e-1 2.43736e+1
1.52932e-1 5.24557e+1
1.54743e-1 8.08125e+0
1.62833e-1 5.55447e+1
1.63890e-1 5.70395e+1
1.68926e-1 2.74366e+1
1.73440e-1 5.91488e+1
1.78471e-1 1.95114e+1
1.86444e-1 6.26016e+1
1.89014e-1 3.04047e+1
1.95284e-1 6.82790e+1
1.96236e-1 6.57290e+1
1.97176e-1 1.03800e+1
2.00478e-1 3.31041e+1
2.04040e-1 2.26307e+1
2.07691e-1 2.12070e+1
2.16141e-1 7.18252e+1
2.22582e-1 3.62082e+1
2.28839e-1 7.47165e+1
2.32208e-1 3.30172e+1
2.34454e-1 1.13803e+1
2.36986e-1 7.71966e+1
2.37317e-1 2.18412e+1
2.38862e-1 2.46944e+1
2.43581e-1 3.87363e+1
2.47373e-1 7.95446e+1
2.53645e-1 8.13357e+1
2.58646e-1 4.16314e+1
2.62711e-1 2.76180e+1
2.64036e-1 8.37264e+1
2.70058e-1 4.40812e+1
2.70296e-1 8.53992e+1
2.70552e-1 2.93278e+1
2.77108e-1 1.43332e+1
2.82368e-1 8.76897e+1
2.88543e-1 4.62748e+1
2.91937e-1 3.06048e+1
3.01848e-1 9.09018e+1
3.17788e-1 9.42244e+1
3.18948e-1 4.60468e+1
3.21908e-1 1.59836e+1
3.25772e-1 4.82687e+1
3.26807e-1 9.65559e+1
3.31654e-1 3.16706e+1
3.47433e-1 9.98213e+1
3.47874e-1 5.11086e+1
3.59152e-1 1.01043e+2
3.66458e-1 3.47376e+1
3.69505e-1 1.75125e+1
3.73145e-1 1.03395e+2
3.78520e-1 5.31924e+1
3.94719e-1 1.06568e+2
3.98960e-1 3.71104e+1
4.02849e-1 5.54972e+1
4.09065e-1 1.08941e+2
4.11379e-1 1.80260e+1
4.16420e-1 1.11118e+2
4.31406e-1 5.45611e+1
4.40306e-1 5.65453e+1
4.41908e-1 1.13550e+2
4.43335e-1 3.76023e+1
4.52248e-1 1.16281e+2
4.52929e-1 1.87669e+1
4.65890e-1 5.98715e+1
4.70567e-1 1.19044e+2
4.77486e-1 4.06449e+1
4.88614e-1 1.21902e+2
4.97083e-1 1.27935e+2
5.00920e-1 2.07528e+1
5.01178e-1 6.22634e+1
5.02850e-1 1.24687e+2
5.05020e-1 4.26306e+1
5.05405e-1 6.38909e+1
5.07826e-1 1.26206e+2
5.28512e-1 1.23548e+2
5.33744e-1 6.33081e+1
5.37817e-1 1.27318e+2
5.38858e-1 4.34496e+1
5.40290e-1 1.26272e+2
5.42071e-1 1.20632e+2
5.43370e-1 6.56488e+1
5.45678e-1 2.19942e+1
5.49556e-1 1.17833e+2
5.62001e-1 1.15144e+2
5.68781e-1 6.86023e+1
5.75366e-1 1.12432e+2
5.76573e-1 4.59880e+1
5.83253e-1 1.10242e+2
5.92892e-1 1.07570e+2
5.94205e-1 2.29006e+1
5.99000e-1 1.05613e+2
6.00782e-1 4.71438e+1
6.01254e-1 7.07112e+1
6.02011e-1 1.02978e+2
6.15196e-1 1.00962e+2
6.34085e-1 2.31045e+1
6.37589e-1 4.75141e+1
6.39443e-1 9.83685e+1
6.41550e-1 7.19523e+1
6.41983e-1 7.02657e+1
6.52542e-1 9.59533e+1
6.66701e-1 9.33900e+1
6.78423e-1 5.00416e+1
6.79831e-1 2.45544e+1
6.81035e-1 7.51583e+1
6.81803e-1 9.12265e+1
6.96089e-1 8.86932e+1
7.02657e-1 5.14329e+1
7.14541e-1 8.54945e+1
7.16240e-1 7.69404e+1
7.24550e-1 2.54182e+1
7.37587e-1 8.21637e+1
7.38969e-1 5.16366e+1
7.56758e-1 7.80138e+1
7.69270e-1 2.62978e+1
7.70211e-1 8.08822e+1
7.78993e-1 7.59158e+1
7.84329e-1 5.40708e+1
7.90475e-1 8.19683e+1
8.04852e-1 7.30750e+1
8.08536e-1 5.52074e+1
8.15746e-1 2.65017e+1
8.19612e-1 8.12495e+1
8.30703e-1 8.28665e+1
8.44418e-1 6.94449e+1
8.46232e-1 5.54555e+1
8.54175e-1 8.19897e+1
8.55144e-1 2.72037e+1
8.68604e-1 6.68536e+1
8.72750e-1 8.50458e+1
8.86875e-1 6.48115e+1
8.97912e-1 6.29050e+1
8.98802e-1 5.78509e+1
9.03376e-1 2.84096e+1
9.14423e-1 8.63531e+1
9.38029e-1 6.01709e+1
9.48081e-1 2.91397e+1
9.51720e-1 8.75592e+1
9.77015e-1 6.01628e+1
9.95874e-1 9.02362e+1
9.96545e-1 2.96038e+1
1.00775e+0 5.58326e+1
1.02394e+0 6.14834e+1
1.02690e+0 9.13134e+1
1.03090e+0 5.34997e+1
1.03610e+0 8.97024e+1
1.03934e+0 8.73778e+1
1.05130e+0 8.53604e+1
1.05951e+0 8.33053e+1
1.08150e+0 8.10098e+1
1.08218e+0 3.11965e+1
1.09119e+0 7.87882e+1
1.09770e+0 6.33941e+1
1.10967e+0 7.58112e+1
1.12688e+0 3.18558e+1
1.14052e+0 6.35901e+1
1.14114e+0 7.32849e+1
1.14364e+0 7.59713e+1
1.15737e+0 7.14421e+1
1.17158e+0 3.25387e+1
1.17339e+0 6.94371e+1
1.19257e+0 6.52960e+1
1.20357e+0 6.70988e+1
1.21878e+0 3.26556e+1
1.22911e+0 6.41913e+1
1.24973e+0 6.67780e+1
1.25353e+0 6.19856e+1
1.25811e+0 3.33425e+1
1.26981e+0 6.03400e+1
1.28787e+0 5.84388e+1
1.29554e+0 6.84812e+1
1.30567e+0 3.45011e+1
1.30748e+0 5.65167e+1
1.33665e+0 6.85803e+1
1.33816e+0 5.61268e+1
1.35035e+0 3.49559e+1
1.35843e+0 5.41412e+1
1.38620e+0 7.02148e+1
1.39672e+0 5.17566e+1
1.39849e+0 3.53358e+1
1.41220e+0 5.00740e+1
1.42704e+0 7.02323e+1
1.44230e+0 3.57841e+1
1.44295e+0 4.98416e+1
1.45921e+0 4.79615e+1
1.46828e+0 7.10829e+1
1.48438e+0 3.63518e+1
1.49809e+0 4.56245e+1
1.50592e+0 7.23071e+1
1.51708e+0 4.42856e+1
1.52907e+0 3.69325e+1
1.53852e+0 7.08182e+1
1.53890e+0 7.29636e+1
1.54785e+0 4.38038e+1
1.55108e+0 6.81406e+1
1.56905e+0 6.59580e+1
1.57373e+0 3.72694e+1
1.58641e+0 4.21911e+1
1.59428e+0 6.05668e+1
1.59495e+0 6.29591e+1
1.61781e+0 4.06658e+1
1.62016e+0 3.70296e+1
1.63584e+0 6.13263e+1
1.64058e+0 5.91193e+1
1.64756e+0 3.71753e+1
1.64964e+0 4.06101e+1
1.66482e+0 3.86521e+1
1.66707e+0 5.70299e+1
1.69287e+0 5.47171e+1
1.69934e+0 5.24000e+1
1.70763e+0 3.74185e+1
1.73099e+0 5.39256e+1
1.74022e+0 5.16450e+1
1.74915e+0 3.77936e+1
1.76345e+0 4.96212e+1
1.77438e+0 3.55266e+1
1.79280e+0 4.64523e+1
1.80085e+0 3.90414e+1
1.80311e+0 3.35680e+1
1.83432e+0 4.62318e+1
1.83811e+0 3.90598e+1
1.84200e+0 3.33372e+1
1.87464e+0 4.38303e+1
1.88904e+0 4.01606e+1
1.88964e+0 3.20040e+1
1.90285e+0 4.19261e+1
1.92109e+0 3.09172e+1
1.94253e+0 4.16227e+1
1.94866e+0 4.02855e+1
1.95904e+0 3.05343e+1
1.98786e+0 4.01646e+1
2.00700e+0 2.91163e+1
2.01196e+0 3.77840e+1
2.03254e+0 4.06042e+1
2.04652e+0 3.84877e+1
2.04817e+0 2.83814e+1
2.06050e+0 3.63737e+1
2.08126e+0 4.09790e+1
2.09531e+0 3.43543e+1
2.12593e+0 4.13159e+1
2.13198e+0 3.44863e+1
2.15749e+0 3.27271e+1
2.17226e+0 4.14288e+1
2.19885e+0 3.09872e+1
2.21457e+0 4.12499e+1
2.23464e+0 4.11202e+1
2.23871e+0 3.08685e+1
2.25980e+0 2.99897e+1
2.27211e+0 4.25048e+1
2.30315e+0 2.88620e+1
2.31678e+0 4.28731e+1
2.34395e+0 2.84987e+1
2.36422e+0 4.29637e+1
2.39479e+0 2.71237e+1
2.40601e+0 4.26579e+1
2.43470e+0 2.70964e+1
2.44789e+0 4.31897e+1
2.46946e+0 2.55493e+1
2.49539e+0 4.38350e+1
2.50964e+0 2.47954e+1
2.54004e+0 4.40145e+1
2.54008e+0 2.48648e+1
2.58722e+0 4.38799e+1
2.62551e+0 4.39694e+1
2.67399e+0 4.46553e+1
2.71863e+0 4.47404e+1
2.76493e+0 4.45577e+1
2.80602e+0 4.43242e+1
2.85254e+0 4.49643e+1
2.89719e+0 4.51359e+1
2.94182e+0 4.51266e+1
2.99023e+0 4.49706e+1
3.02576e+0 4.50488e+1
3.04305e+0 4.32019e+1
3.08343e+0 4.14341e+1
3.12176e+0 3.93177e+1
3.16413e+0 3.71118e+1
3.19892e+0 3.49037e+1
3.23622e+0 3.45665e+1
3.24742e+0 3.33491e+1
3.29346e+0 3.23022e+1
3.33792e+0 3.07354e+1
3.38237e+0 2.90270e+1
3.41016e+0 2.76928e+1
3.44739e+0 2.74098e+1
3.49571e+0 2.64469e+1
3.54022e+0 2.53206e+1
3.58470e+0 2.38876e+1
3.65759e+0 2.25430e+1
3.70214e+0 2.17943e+1
3.74670e+0 2.11322e+1
3.79376e+0 1.98741e+1
3.83203e+0 1.98018e+1
3.88040e+0 1.93266e+1
3.92497e+0 1.87588e+1
3.97073e+0 1.76559e+1
