-1.91131e-2 -1.07527e-2
3.44037e-1 1.19355e+0
5.35168e-1 1.58065e+0
6.88073e-1 1.83871e+0
9.17431e-1 2.07527e+0
1.18502e+0 2.37634e+0
1.56728e+0 2.56989e+0
1.94954e+0 2.76344e+0
2.37003e+0 2.95699e+0
2.82875e+0 3.10753e+0
3.36391e+0 3.30108e+0
3.86086e+0 3.51613e+0
4.39602e+0 3.60215e+0
5.04587e+0 3.68817e+0
5.58104e+0 3.60215e+0
6.23089e+0 3.60215e+0
6.91896e+0 3.60215e+0
7.33945e+0 3.53763e+0
7.95107e+0 3.45161e+0
8.67737e+0 3.38710e+0
9.21254e+0 3.19355e+0
9.82416e+0 3.02151e+0
1.04358e+1 2.93548e+0
1.08945e+1 2.72043e+0
1.15061e+1 2.54839e+0
1.20795e+1 2.31183e+0
1.26147e+1 2.13978e+0
1.31498e+1 1.90323e+0
1.37615e+1 1.77419e+0
1.43731e+1 1.55914e+0
1.49465e+1 1.36559e+0
1.56346e+1 1.12903e+0
1.63226e+1 8.70968e-1
1.68960e+1 6.88172e-1
1.75459e+1 5.26882e-1
1.81575e+1 3.76344e-1
1.88838e+1 2.04301e-1
1.96865e+1 1.18280e-1
2.02791e+1 7.52688e-2
2.10627e+1 3.22581e-2
2.16361e+1 -1.07527e-2
