1.00000e+1  7.28155e-2
1.25284e+1  1.11650e-1
1.55823e+1  1.50485e-1
1.98081e+1  2.03883e-1
2.37569e+1  2.57282e-1
2.95479e+1  3.44660e-1
3.56970e+1  4.61165e-1
4.12847e+1  5.97087e-1
4.67169e+1  7.57282e-1
5.21005e+1  9.66019e-1
5.60301e+1  1.14078e+0
5.98194e+1  1.33010e+0
6.48006e+1  1.58252e+0
6.86819e+1  1.81068e+0
7.33269e+1  2.04854e+0
7.71558e+1  2.24272e+0
8.05964e+1  2.41262e+0
8.48049e+1  2.60194e+0
8.92332e+1  2.78641e+0
9.45779e+1  2.97573e+0
1.02453e+2  3.17476e+0
1.16780e+2  3.40777e+0
1.34081e+2  3.51456e+0
1.70443e+2  3.46117e+0
1.95695e+2  3.34466e+0
2.23060e+2  3.19417e+0
2.41634e+2  3.09709e+0
2.63665e+2  2.98058e+0
2.81497e+2  2.89320e+0
3.02728e+2  2.79612e+0
3.35168e+2  2.65049e+0
3.71085e+2  2.50971e+0
3.99073e+2  2.40777e+0
4.29172e+2  2.30583e+0
4.64910e+2  2.18932e+0
5.14729e+2  2.06796e+0
5.82456e+2  1.91262e+0
6.68749e+2  1.75243e+0
7.56741e+2  1.61650e+0
9.07601e+2  1.44660e+0
1.09648e+3  1.29126e+0
1.27737e+3  1.18447e+0
1.43497e+3  1.10194e+0
1.64756e+3  1.00485e+0
2.10965e+3  8.44660e-1
2.45769e+3  7.57282e-1
2.92628e+3  6.69903e-1
3.48422e+3  5.92233e-1
4.14853e+3  5.24272e-1
4.97556e+3  4.56311e-1
6.51155e+3  3.78641e-1
8.83722e+3  2.91262e-1
