

  **** PARTIAL WAVE ANALYSIS (DPWA0) ******************************************


  KINETIC ENERGY = 2.50000E+04 eV

      L       PHASE(SPIN UP)     PHASE(SPIN DOWN)
  -----------------------------------------------
       0     -7.05993419E-01      0.00000000E+00
       1      9.50546352E-01      1.26189543E+00
       2      4.50957110E-02      1.33818034E-01
       3     -5.57490703E-01     -5.14678976E-01
       4     -9.81968709E-01     -9.56189041E-01
       5     -1.29773021E+00     -1.28014982E+00
       6     -1.54312927E+00     -1.53018076E+00
       7      1.40137472E+00      1.41140624E+00
       8      1.23918163E+00      1.24722813E+00
       9      1.10324808E+00      1.10986480E+00
      10      9.87722985E-01      9.93265180E-01
      11      8.88464014E-01      8.93172167E-01
      12      8.02428786E-01      8.06473195E-01
      13      7.27314172E-01      7.30819884E-01
      14      6.61333065E-01      6.64394636E-01
      15      6.03070510E-01      6.05761171E-01
      16      5.51387499E-01      5.53765093E-01
      17      5.05354484E-01      5.07465456E-01
      18      4.64204080E-01      4.66086239E-01
      19      4.27296551E-01      4.28981038E-01
      20      3.94094081E-01      3.95606806E-01
      21      3.64141219E-01      3.65503927E-01
      22      3.37049778E-01      3.38280858E-01
      23      3.12487009E-01      3.13602120E-01
      24      2.90166223E-01      2.91178776E-01
      25      2.69839274E-01      2.70760820E-01
      26      2.51290479E-01      2.52131013E-01
      27      2.34331649E-01      2.35099858E-01
      28      2.18798013E-01      2.19501479E-01
      29      2.04544832E-01      2.05190195E-01
      30      1.91444583E-01      1.92037679E-01
      31      1.79384598E-01      1.79930571E-01
      32      1.68265071E-01      1.68768471E-01
      33      1.57997377E-01      1.58462235E-01
      34      1.48502634E-01      1.48932535E-01
      35      1.39710482E-01      1.40108618E-01
      36      1.31558032E-01      1.31927254E-01
      37      1.23988961E-01      1.24331819E-01
      38      1.16952734E-01      1.17271515E-01
      39      1.10403928E-01      1.10700686E-01
      40      1.04301645E-01      1.04578228E-01
      41      9.86089974E-02      9.88670720E-02
      42      9.32926669E-02      9.35337374E-02
      43      8.83225094E-02      8.85479364E-02
      44      8.36712133E-02      8.38822293E-02
      45      7.93139973E-02      7.95117203E-02
      46      7.52283445E-02      7.54137904E-02
      47      7.13937678E-02      7.15678606E-02
      48      6.77916017E-02      6.79551833E-02
      49      6.44048182E-02      6.45586567E-02
      50      6.12178635E-02      6.13626605E-02
      51      5.82165128E-02      5.83529099E-02
      52      5.53877403E-02      5.55163251E-02
      53      5.27196041E-02      5.28409154E-02
      54      5.02011433E-02      5.03156755E-02
      55      4.78222850E-02      4.79304929E-02
      56      4.55737629E-02      4.56760646E-02
      57      4.34470419E-02      4.35438228E-02
      58      4.14342527E-02      4.15258681E-02
      59      3.95281315E-02      3.96149095E-02
      60      3.77219663E-02      3.78042099E-02
      61      3.60095484E-02      3.60875383E-02
      62      3.43851287E-02      3.44591247E-02
      63      3.28433785E-02      3.29136215E-02
      64      3.13793535E-02      3.14460671E-02
      65      2.99884614E-02      3.00518533E-02
      66      2.86664333E-02      2.87266965E-02
      67      2.74092964E-02      2.74666108E-02
      68      2.62133505E-02      2.62678836E-02
      69      2.50751461E-02      2.51270540E-02
      70      2.39914640E-02      2.40408926E-02
      71      2.29592979E-02      2.30063833E-02
      72      2.19758375E-02      2.20207071E-02
      73      2.10384537E-02      2.10812266E-02
      74      2.01446845E-02      2.01854724E-02
      75      1.92922230E-02      1.93311305E-02
      76      1.84789054E-02      1.85160307E-02
      77      1.77027011E-02      1.77381363E-02
      78      1.69617024E-02      1.69955340E-02
      79      1.62541163E-02      1.62864258E-02
      80      1.55782561E-02      1.56091200E-02
      81      1.49325339E-02      1.49620244E-02
      82      1.43154540E-02      1.43436390E-02
      83      1.37256065E-02      1.37525501E-02
      84      1.31616614E-02      1.31874241E-02
      85      1.26223637E-02      1.26470025E-02
      86      1.21065279E-02      1.21300966E-02
      87      1.16130336E-02      1.16355833E-02
      88      1.11408217E-02      1.11624005E-02
      89      1.06888900E-02      1.07095436E-02
      90      1.02562900E-02      1.02760614E-02
      91      9.84212315E-03      9.86105344E-03
      92      9.44553824E-03      9.46366608E-03
      93      9.06572814E-03      9.08309029E-03
      94      8.70192734E-03      8.71855866E-03
      95      8.35340934E-03      8.36934293E-03  i
      96      8.01948450E-03      8.03475177E-03  i
      97      7.69949775E-03      7.71412856E-03  i
      98      7.39282665E-03      7.40684936E-03  i
      99      7.09887956E-03      7.11232113E-03  i
     100      6.81709381E-03      6.82997991E-03  i
     105      5.57272759E-03      5.58317974E-03  i
     110      4.56211301E-03      4.57061190E-03  i
     115      3.73947488E-03      3.74639999E-03  i
     120      3.06855491E-03      3.07420775E-03  i
     125      2.52046412E-03      2.52508554E-03  i
     130      2.07207181E-03      2.07585506E-03  i
     135      1.70478149E-03      1.70788225E-03  i
     140      1.40359025E-03      1.40613430E-03  i
     145      1.15635878E-03      1.15844801E-03  i
     150      9.53240191E-04      9.54957360E-04  i
     155      7.86229978E-04      7.87642421E-04  i
     160      6.48809164E-04      6.49971765E-04  i
     165      5.35660019E-04      5.36617582E-04  i
     170      4.42438467E-04      4.43227618E-04  i
     175      3.65591356E-04      3.66242069E-04  i
     180      3.02209144E-04      3.02745978E-04  i
     185      2.49906885E-04      2.50349979E-04  i
     190      2.06727855E-04      2.07093741E-04  i
     195      1.71065306E-04      1.71367563E-04  i
     200      1.41598847E-04      1.41848639E-04  i
     205      1.17242645E-04      1.17449155E-04  i
     210      9.71031724E-05      9.72739597E-05  i
     215      8.04446984E-05      8.05859896E-05  i
     220      6.66610763E-05      6.67780026E-05  i
     225      5.52526555E-05      5.53494477E-05  i
     230      4.58073667E-05      4.58875147E-05  i
     235      3.79852105E-05      3.80515946E-05  i
     240      3.15055285E-05      3.15605267E-05  i
     245      2.61365495E-05      2.61821260E-05  i
     250      2.16867985E-05      2.17245764E-05  i
     255      1.79980317E-05      1.80293525E-05  i
     260      1.49394228E-05      1.49653958E-05  i
     265      1.24027759E-05      1.24243189E-05  i
     270      1.02985826E-05      1.03164547E-05  i
     275      8.55277123E-06      8.56760085E-06  i
     280      7.10402684E-06      7.11633422E-06  i
     285      5.90157999E-06      5.91179595E-06  i
     290      4.90338186E-06      4.91186327E-06  i
     295      4.07459749E-06      4.08164004E-06  i
     300      3.38636114E-06      3.39220987E-06  i
     310      2.33992211E-06      2.34395786E-06  i
     320      1.61765482E-06      1.62044120E-06  i
     330      1.11885378E-06      1.12077861E-06  i
     340      7.74197975E-07      7.75528325E-07  i
     350      5.35933639E-07      5.36853545E-07  i
     360      3.71142107E-07      3.71778491E-07  i
     370      2.57116770E-07      2.57557204E-07  i
     380      1.78185765E-07      1.78490711E-07  i
     390      1.23526462E-07      1.23737669E-07  i
     400      8.56611833E-08      8.58075171E-08  i
     410      5.94207601E-08      5.95221985E-08  i
     420      4.12302117E-08      4.13005317E-08  i
     430      2.86164533E-08      2.86652367E-08  i
     440      1.98665194E-08      1.99003649E-08  i
     450      1.37953832E-08      1.38188464E-08  i
     460      9.58175163E-09      9.59804555E-09  i
     470      6.65645122E-09      6.66777145E-09  i
     480      4.62521746E-09      4.63306499E-09  i
     490      3.21427582E-09      3.21974838E-09  i
     500      2.23445063E-09      2.23824125E-09  i
     510      1.55329294E-09      1.55592139E-09  i
     520      1.07987129E-09      1.08170103E-09  i


  *** SCATTERING AMPLITUDES AND DIFFERENTIAL CROSS SECTION ***

    ANGLE      DCS       ASYMMETRY    DIRECT AMPLITUDE       SPIN-FLIP AMPLITUDE     ERROR
    (deg)   (cm**2/sr)                      (cm)                    (cm)
  -------------------------------------------------------------------------------------------
  0.000E+00 7.26987E-15  0.000E+00 ( 7.957E-08, 3.064E-08) ( 0.000E+00, 0.000E+00)  1.00E-07
  1.000E-04 7.26987E-15  1.467E-09 ( 7.957E-08, 3.064E-08) ( 3.220E-15, 1.307E-15)  1.00E-07
  1.250E-04 7.26987E-15  1.833E-09 ( 7.957E-08, 3.064E-08) ( 4.025E-15, 1.633E-15)  1.00E-07
  1.500E-04 7.26987E-15  2.200E-09 ( 7.957E-08, 3.064E-08) ( 4.829E-15, 1.960E-15)  1.00E-07
  1.750E-04 7.26987E-15  2.566E-09 ( 7.957E-08, 3.064E-08) ( 5.634E-15, 2.287E-15)  1.00E-07
  2.000E-04 7.26987E-15  2.933E-09 ( 7.957E-08, 3.064E-08) ( 6.439E-15, 2.613E-15)  1.00E-07
  2.250E-04 7.26987E-15  3.300E-09 ( 7.957E-08, 3.064E-08) ( 7.244E-15, 2.940E-15)  1.00E-07
  2.500E-04 7.26987E-15  3.666E-09 ( 7.957E-08, 3.064E-08) ( 8.049E-15, 3.267E-15)  1.00E-07
  2.750E-04 7.26987E-15  4.033E-09 ( 7.957E-08, 3.064E-08) ( 8.854E-15, 3.593E-15)  1.00E-07
  3.000E-04 7.26987E-15  4.400E-09 ( 7.957E-08, 3.064E-08) ( 9.659E-15, 3.920E-15)  1.00E-07
  3.250E-04 7.26987E-15  4.766E-09 ( 7.957E-08, 3.064E-08) ( 1.046E-14, 4.247E-15)  1.00E-07
  3.500E-04 7.26987E-15  5.133E-09 ( 7.957E-08, 3.064E-08) ( 1.127E-14, 4.573E-15)  1.00E-07
  3.750E-04 7.26987E-15  5.499E-09 ( 7.957E-08, 3.064E-08) ( 1.207E-14, 4.900E-15)  1.00E-07
  4.000E-04 7.26987E-15  5.866E-09 ( 7.957E-08, 3.064E-08) ( 1.288E-14, 5.227E-15)  1.00E-07
  4.250E-04 7.26987E-15  6.233E-09 ( 7.957E-08, 3.064E-08) ( 1.368E-14, 5.553E-15)  1.00E-07
  4.500E-04 7.26987E-15  6.599E-09 ( 7.957E-08, 3.064E-08) ( 1.449E-14, 5.880E-15)  1.00E-07
  4.750E-04 7.26987E-15  6.966E-09 ( 7.957E-08, 3.064E-08) ( 1.529E-14, 6.207E-15)  1.00E-07
  5.000E-04 7.26987E-15  7.333E-09 ( 7.957E-08, 3.064E-08) ( 1.610E-14, 6.533E-15)  1.00E-07
  5.250E-04 7.26987E-15  7.699E-09 ( 7.957E-08, 3.064E-08) ( 1.690E-14, 6.860E-15)  1.00E-07
  5.500E-04 7.26987E-15  8.066E-09 ( 7.957E-08, 3.064E-08) ( 1.771E-14, 7.187E-15)  1.00E-07
  5.750E-04 7.26987E-15  8.433E-09 ( 7.957E-08, 3.064E-08) ( 1.851E-14, 7.513E-15)  1.00E-07
  6.000E-04 7.26987E-15  8.799E-09 ( 7.957E-08, 3.064E-08) ( 1.932E-14, 7.840E-15)  1.00E-07
  6.250E-04 7.26987E-15  9.166E-09 ( 7.957E-08, 3.064E-08) ( 2.012E-14, 8.167E-15)  1.00E-07
  6.500E-04 7.26987E-15  9.532E-09 ( 7.957E-08, 3.064E-08) ( 2.093E-14, 8.493E-15)  1.00E-07
  6.750E-04 7.26987E-15  9.899E-09 ( 7.957E-08, 3.064E-08) ( 2.173E-14, 8.820E-15)  1.00E-07
  7.000E-04 7.26987E-15  1.027E-08 ( 7.957E-08, 3.064E-08) ( 2.254E-14, 9.147E-15)  1.00E-07
  7.250E-04 7.26987E-15  1.063E-08 ( 7.957E-08, 3.064E-08) ( 2.334E-14, 9.473E-15)  1.00E-07
  7.500E-04 7.26987E-15  1.100E-08 ( 7.957E-08, 3.064E-08) ( 2.415E-14, 9.800E-15)  1.00E-07
  7.750E-04 7.26987E-15  1.137E-08 ( 7.957E-08, 3.064E-08) ( 2.495E-14, 1.013E-14)  1.00E-07
  8.000E-04 7.26987E-15  1.173E-08 ( 7.957E-08, 3.064E-08) ( 2.576E-14, 1.045E-14)  1.00E-07
  8.250E-04 7.26987E-15  1.210E-08 ( 7.957E-08, 3.064E-08) ( 2.656E-14, 1.078E-14)  1.00E-07
  8.500E-04 7.26987E-15  1.247E-08 ( 7.957E-08, 3.064E-08) ( 2.737E-14, 1.111E-14)  1.00E-07
  8.750E-04 7.26987E-15  1.283E-08 ( 7.957E-08, 3.064E-08) ( 2.817E-14, 1.143E-14)  1.00E-07
  9.000E-04 7.26987E-15  1.320E-08 ( 7.957E-08, 3.064E-08) ( 2.898E-14, 1.176E-14)  1.00E-07
  9.250E-04 7.26987E-15  1.357E-08 ( 7.957E-08, 3.064E-08) ( 2.978E-14, 1.209E-14)  1.00E-07
  9.500E-04 7.26987E-15  1.393E-08 ( 7.957E-08, 3.064E-08) ( 3.059E-14, 1.241E-14)  1.00E-07
  9.750E-04 7.26987E-15  1.430E-08 ( 7.957E-08, 3.064E-08) ( 3.139E-14, 1.274E-14)  1.00E-07
  1.000E-03 7.26987E-15  1.467E-08 ( 7.957E-08, 3.064E-08) ( 3.220E-14, 1.307E-14)  1.00E-07
  1.250E-03 7.26987E-15  1.833E-08 ( 7.957E-08, 3.064E-08) ( 4.025E-14, 1.633E-14)  1.00E-07
  1.500E-03 7.26987E-15  2.200E-08 ( 7.957E-08, 3.064E-08) ( 4.829E-14, 1.960E-14)  1.00E-07
  1.750E-03 7.26986E-15  2.566E-08 ( 7.957E-08, 3.064E-08) ( 5.634E-14, 2.287E-14)  1.00E-07
  2.000E-03 7.26986E-15  2.933E-08 ( 7.957E-08, 3.064E-08) ( 6.439E-14, 2.613E-14)  1.00E-07
  2.250E-03 7.26986E-15  3.300E-08 ( 7.957E-08, 3.064E-08) ( 7.244E-14, 2.940E-14)  1.00E-07
  2.500E-03 7.26985E-15  3.666E-08 ( 7.957E-08, 3.064E-08) ( 8.049E-14, 3.267E-14)  1.00E-07
  2.750E-03 7.26985E-15  4.033E-08 ( 7.957E-08, 3.064E-08) ( 8.854E-14, 3.593E-14)  1.00E-07
  3.000E-03 7.26985E-15  4.400E-08 ( 7.957E-08, 3.064E-08) ( 9.659E-14, 3.920E-14)  1.00E-07
  3.250E-03 7.26984E-15  4.766E-08 ( 7.957E-08, 3.064E-08) ( 1.046E-13, 4.247E-14)  1.00E-07
  3.500E-03 7.26984E-15  5.133E-08 ( 7.957E-08, 3.064E-08) ( 1.127E-13, 4.573E-14)  1.00E-07
  3.750E-03 7.26983E-15  5.499E-08 ( 7.957E-08, 3.064E-08) ( 1.207E-13, 4.900E-14)  1.00E-07
  4.000E-03 7.26982E-15  5.866E-08 ( 7.957E-08, 3.064E-08) ( 1.288E-13, 5.227E-14)  1.00E-07
  4.250E-03 7.26982E-15  6.233E-08 ( 7.957E-08, 3.064E-08) ( 1.368E-13, 5.553E-14)  1.00E-07
  4.500E-03 7.26981E-15  6.599E-08 ( 7.957E-08, 3.064E-08) ( 1.449E-13, 5.880E-14)  1.00E-07
  4.750E-03 7.26980E-15  6.966E-08 ( 7.957E-08, 3.064E-08) ( 1.529E-13, 6.207E-14)  1.00E-07
  5.000E-03 7.26980E-15  7.333E-08 ( 7.957E-08, 3.064E-08) ( 1.610E-13, 6.533E-14)  1.00E-07
  5.250E-03 7.26979E-15  7.699E-08 ( 7.957E-08, 3.064E-08) ( 1.690E-13, 6.860E-14)  1.00E-07
  5.500E-03 7.26978E-15  8.066E-08 ( 7.957E-08, 3.064E-08) ( 1.771E-13, 7.187E-14)  1.00E-07
  5.750E-03 7.26977E-15  8.433E-08 ( 7.957E-08, 3.064E-08) ( 1.851E-13, 7.513E-14)  1.00E-07
  6.000E-03 7.26976E-15  8.799E-08 ( 7.957E-08, 3.064E-08) ( 1.932E-13, 7.840E-14)  1.00E-07
  6.250E-03 7.26976E-15  9.166E-08 ( 7.957E-08, 3.064E-08) ( 2.012E-13, 8.167E-14)  1.00E-07
  6.500E-03 7.26975E-15  9.532E-08 ( 7.957E-08, 3.064E-08) ( 2.093E-13, 8.493E-14)  1.00E-07
  6.750E-03 7.26974E-15  9.899E-08 ( 7.957E-08, 3.064E-08) ( 2.173E-13, 8.820E-14)  1.00E-07
  7.000E-03 7.26973E-15  1.027E-07 ( 7.957E-08, 3.064E-08) ( 2.254E-13, 9.147E-14)  1.00E-07
  7.250E-03 7.26971E-15  1.063E-07 ( 7.957E-08, 3.064E-08) ( 2.334E-13, 9.473E-14)  1.00E-07
  7.500E-03 7.26970E-15  1.100E-07 ( 7.957E-08, 3.064E-08) ( 2.415E-13, 9.800E-14)  1.00E-07
  7.750E-03 7.26969E-15  1.137E-07 ( 7.957E-08, 3.064E-08) ( 2.495E-13, 1.013E-13)  1.00E-07
  8.000E-03 7.26968E-15  1.173E-07 ( 7.957E-08, 3.064E-08) ( 2.576E-13, 1.045E-13)  1.00E-07
  8.250E-03 7.26967E-15  1.210E-07 ( 7.957E-08, 3.064E-08) ( 2.656E-13, 1.078E-13)  1.00E-07
  8.500E-03 7.26966E-15  1.247E-07 ( 7.957E-08, 3.064E-08) ( 2.737E-13, 1.111E-13)  1.00E-07
  8.750E-03 7.26964E-15  1.283E-07 ( 7.957E-08, 3.064E-08) ( 2.817E-13, 1.143E-13)  1.00E-07
  9.000E-03 7.26963E-15  1.320E-07 ( 7.957E-08, 3.064E-08) ( 2.898E-13, 1.176E-13)  1.00E-07
  9.250E-03 7.26962E-15  1.357E-07 ( 7.957E-08, 3.064E-08) ( 2.978E-13, 1.209E-13)  1.00E-07
  9.500E-03 7.26960E-15  1.393E-07 ( 7.957E-08, 3.064E-08) ( 3.059E-13, 1.241E-13)  1.00E-07
  9.750E-03 7.26959E-15  1.430E-07 ( 7.957E-08, 3.064E-08) ( 3.139E-13, 1.274E-13)  1.00E-07
  1.000E-02 7.26957E-15  1.467E-07 ( 7.957E-08, 3.064E-08) ( 3.220E-13, 1.307E-13)  1.00E-07
  1.250E-02 7.26940E-15  1.833E-07 ( 7.957E-08, 3.064E-08) ( 4.024E-13, 1.633E-13)  1.00E-07
  1.500E-02 7.26920E-15  2.200E-07 ( 7.956E-08, 3.064E-08) ( 4.829E-13, 1.960E-13)  1.00E-07
  1.750E-02 7.26895E-15  2.567E-07 ( 7.956E-08, 3.064E-08) ( 5.634E-13, 2.287E-13)  1.00E-07
  2.000E-02 7.26867E-15  2.933E-07 ( 7.956E-08, 3.064E-08) ( 6.439E-13, 2.613E-13)  1.00E-07
  2.250E-02 7.26835E-15  3.300E-07 ( 7.956E-08, 3.064E-08) ( 7.243E-13, 2.940E-13)  1.00E-07
  2.500E-02 7.26799E-15  3.667E-07 ( 7.956E-08, 3.064E-08) ( 8.048E-13, 3.267E-13)  1.00E-07
  2.750E-02 7.26760E-15  4.034E-07 ( 7.956E-08, 3.064E-08) ( 8.852E-13, 3.593E-13)  1.00E-07
  3.000E-02 7.26717E-15  4.400E-07 ( 7.955E-08, 3.064E-08) ( 9.657E-13, 3.920E-13)  1.00E-07
  3.250E-02 7.26670E-15  4.767E-07 ( 7.955E-08, 3.064E-08) ( 1.046E-12, 4.247E-13)  1.00E-07
  3.500E-02 7.26619E-15  5.134E-07 ( 7.955E-08, 3.064E-08) ( 1.127E-12, 4.573E-13)  1.00E-07
  3.750E-02 7.26565E-15  5.501E-07 ( 7.954E-08, 3.064E-08) ( 1.207E-12, 4.900E-13)  1.00E-07
  4.000E-02 7.26507E-15  5.868E-07 ( 7.954E-08, 3.064E-08) ( 1.287E-12, 5.226E-13)  1.00E-07
  4.250E-02 7.26445E-15  6.235E-07 ( 7.954E-08, 3.064E-08) ( 1.368E-12, 5.553E-13)  1.00E-07
  4.500E-02 7.26379E-15  6.602E-07 ( 7.953E-08, 3.064E-08) ( 1.448E-12, 5.880E-13)  1.00E-07
  4.750E-02 7.26310E-15  6.969E-07 ( 7.953E-08, 3.063E-08) ( 1.529E-12, 6.206E-13)  1.00E-07
  5.000E-02 7.26237E-15  7.336E-07 ( 7.952E-08, 3.063E-08) ( 1.609E-12, 6.533E-13)  1.00E-07
  5.250E-02 7.26160E-15  7.704E-07 ( 7.952E-08, 3.063E-08) ( 1.689E-12, 6.859E-13)  1.00E-07
  5.500E-02 7.26079E-15  8.071E-07 ( 7.951E-08, 3.063E-08) ( 1.770E-12, 7.186E-13)  1.00E-07
  5.750E-02 7.25995E-15  8.438E-07 ( 7.951E-08, 3.063E-08) ( 1.850E-12, 7.513E-13)  1.00E-07
  6.000E-02 7.25907E-15  8.805E-07 ( 7.950E-08, 3.063E-08) ( 1.930E-12, 7.839E-13)  1.00E-07
  6.250E-02 7.25815E-15  9.173E-07 ( 7.950E-08, 3.063E-08) ( 2.010E-12, 8.166E-13)  1.00E-07
  6.500E-02 7.25720E-15  9.540E-07 ( 7.949E-08, 3.063E-08) ( 2.091E-12, 8.492E-13)  1.00E-07
  6.750E-02 7.25620E-15  9.908E-07 ( 7.948E-08, 3.063E-08) ( 2.171E-12, 8.819E-13)  1.00E-07
  7.000E-02 7.25517E-15  1.028E-06 ( 7.948E-08, 3.063E-08) ( 2.251E-12, 9.145E-13)  1.00E-07
  7.250E-02 7.25411E-15  1.064E-06 ( 7.947E-08, 3.063E-08) ( 2.331E-12, 9.472E-13)  1.00E-07
  7.500E-02 7.25300E-15  1.101E-06 ( 7.947E-08, 3.063E-08) ( 2.412E-12, 9.798E-13)  1.00E-07
  7.750E-02 7.25186E-15  1.138E-06 ( 7.946E-08, 3.063E-08) ( 2.492E-12, 1.012E-12)  1.00E-07
  8.000E-02 7.25068E-15  1.175E-06 ( 7.945E-08, 3.063E-08) ( 2.572E-12, 1.045E-12)  1.00E-07
  8.250E-02 7.24947E-15  1.212E-06 ( 7.944E-08, 3.063E-08) ( 2.652E-12, 1.078E-12)  1.00E-07
  8.500E-02 7.24822E-15  1.248E-06 ( 7.944E-08, 3.063E-08) ( 2.732E-12, 1.110E-12)  1.00E-07
  8.750E-02 7.24693E-15  1.285E-06 ( 7.943E-08, 3.063E-08) ( 2.812E-12, 1.143E-12)  1.00E-07
  9.000E-02 7.24560E-15  1.322E-06 ( 7.942E-08, 3.063E-08) ( 2.892E-12, 1.176E-12)  1.00E-07
  9.250E-02 7.24424E-15  1.359E-06 ( 7.941E-08, 3.063E-08) ( 2.972E-12, 1.208E-12)  1.00E-07
  9.500E-02 7.24284E-15  1.396E-06 ( 7.940E-08, 3.063E-08) ( 3.052E-12, 1.241E-12)  1.00E-07
  9.750E-02 7.24140E-15  1.433E-06 ( 7.939E-08, 3.063E-08) ( 3.132E-12, 1.274E-12)  1.00E-07
  1.000E-01 7.23993E-15  1.469E-06 ( 7.938E-08, 3.063E-08) ( 3.212E-12, 1.306E-12)  1.00E-07
  1.250E-01 7.22317E-15  1.839E-06 ( 7.928E-08, 3.062E-08) ( 4.010E-12, 1.633E-12)  1.00E-07
  1.500E-01 7.20278E-15  2.210E-06 ( 7.915E-08, 3.062E-08) ( 4.804E-12, 1.959E-12)  1.00E-07
  1.750E-01 7.17880E-15  2.582E-06 ( 7.901E-08, 3.061E-08) ( 5.594E-12, 2.285E-12)  1.00E-07
  2.000E-01 7.15130E-15  2.956E-06 ( 7.884E-08, 3.060E-08) ( 6.379E-12, 2.610E-12)  1.00E-07
  2.250E-01 7.12035E-15  3.333E-06 ( 7.864E-08, 3.059E-08) ( 7.159E-12, 2.936E-12)  1.00E-07
  2.500E-01 7.08601E-15  3.712E-06 ( 7.843E-08, 3.058E-08) ( 7.933E-12, 3.261E-12)  1.00E-07
  2.750E-01 7.04838E-15  4.094E-06 ( 7.819E-08, 3.057E-08) ( 8.700E-12, 3.585E-12)  1.00E-07
  3.000E-01 7.00754E-15  4.479E-06 ( 7.794E-08, 3.055E-08) ( 9.459E-12, 3.909E-12)  1.00E-07
  3.250E-01 6.96359E-15  4.866E-06 ( 7.766E-08, 3.054E-08) ( 1.021E-11, 4.233E-12)  1.00E-07
  3.500E-01 6.91665E-15  5.258E-06 ( 7.736E-08, 3.052E-08) ( 1.095E-11, 4.557E-12)  1.00E-07
  3.750E-01 6.86680E-15  5.653E-06 ( 7.705E-08, 3.050E-08) ( 1.169E-11, 4.880E-12)  1.00E-07
  4.000E-01 6.81418E-15  6.053E-06 ( 7.671E-08, 3.049E-08) ( 1.241E-11, 5.202E-12)  1.00E-07
  4.250E-01 6.75889E-15  6.456E-06 ( 7.636E-08, 3.047E-08) ( 1.313E-11, 5.524E-12)  1.00E-07
  4.500E-01 6.70106E-15  6.864E-06 ( 7.599E-08, 3.045E-08) ( 1.383E-11, 5.845E-12)  1.00E-07
  4.750E-01 6.64081E-15  7.277E-06 ( 7.560E-08, 3.042E-08) ( 1.452E-11, 6.165E-12)  1.00E-07
  5.000E-01 6.57828E-15  7.695E-06 ( 7.519E-08, 3.040E-08) ( 1.521E-11, 6.485E-12)  1.00E-07
  5.250E-01 6.51358E-15  8.119E-06 ( 7.477E-08, 3.038E-08) ( 1.588E-11, 6.804E-12)  1.00E-07
  5.500E-01 6.44686E-15  8.547E-06 ( 7.433E-08, 3.035E-08) ( 1.653E-11, 7.122E-12)  1.00E-07
  5.750E-01 6.37825E-15  8.982E-06 ( 7.388E-08, 3.033E-08) ( 1.718E-11, 7.440E-12)  1.00E-07
  6.000E-01 6.30787E-15  9.423E-06 ( 7.342E-08, 3.030E-08) ( 1.781E-11, 7.757E-12)  1.00E-07
  6.250E-01 6.23587E-15  9.870E-06 ( 7.293E-08, 3.027E-08) ( 1.843E-11, 8.073E-12)  1.00E-07
  6.500E-01 6.16237E-15  1.032E-05 ( 7.244E-08, 3.024E-08) ( 1.904E-11, 8.388E-12)  1.00E-07
  6.750E-01 6.08750E-15  1.078E-05 ( 7.194E-08, 3.021E-08) ( 1.963E-11, 8.702E-12)  1.00E-07
  7.000E-01 6.01139E-15  1.125E-05 ( 7.142E-08, 3.018E-08) ( 2.021E-11, 9.015E-12)  1.00E-07
  7.250E-01 5.93418E-15  1.172E-05 ( 7.089E-08, 3.015E-08) ( 2.078E-11, 9.327E-12)  1.00E-07
  7.500E-01 5.85598E-15  1.221E-05 ( 7.035E-08, 3.011E-08) ( 2.133E-11, 9.638E-12)  1.00E-07
  7.750E-01 5.77692E-15  1.269E-05 ( 6.980E-08, 3.008E-08) ( 2.187E-11, 9.949E-12)  1.00E-07
  8.000E-01 5.69712E-15  1.319E-05 ( 6.924E-08, 3.004E-08) ( 2.239E-11, 1.026E-11)  1.00E-07
  8.250E-01 5.61670E-15  1.370E-05 ( 6.868E-08, 3.001E-08) ( 2.290E-11, 1.057E-11)  1.00E-07
  8.500E-01 5.53577E-15  1.421E-05 ( 6.810E-08, 2.997E-08) ( 2.339E-11, 1.087E-11)  1.00E-07
  8.750E-01 5.45444E-15  1.473E-05 ( 6.752E-08, 2.993E-08) ( 2.387E-11, 1.118E-11)  1.00E-07
  9.000E-01 5.37281E-15  1.526E-05 ( 6.693E-08, 2.989E-08) ( 2.434E-11, 1.148E-11)  1.00E-07
  9.250E-01 5.29098E-15  1.580E-05 ( 6.633E-08, 2.985E-08) ( 2.479E-11, 1.179E-11)  1.00E-07
  9.500E-01 5.20907E-15  1.635E-05 ( 6.573E-08, 2.981E-08) ( 2.523E-11, 1.209E-11)  1.00E-07
  9.750E-01 5.12715E-15  1.690E-05 ( 6.512E-08, 2.976E-08) ( 2.565E-11, 1.239E-11)  1.00E-07
  1.000E+00 5.04531E-15  1.747E-05 ( 6.451E-08, 2.972E-08) ( 2.606E-11, 1.269E-11)  1.00E-07
  1.100E+00 4.72049E-15  1.983E-05 ( 6.203E-08, 2.953E-08) ( 2.756E-11, 1.387E-11)  1.00E-07
  1.200E+00 4.40307E-15  2.235E-05 ( 5.952E-08, 2.934E-08) ( 2.883E-11, 1.504E-11)  1.00E-07
  1.300E+00 4.09670E-15  2.504E-05 ( 5.700E-08, 2.912E-08) ( 2.990E-11, 1.617E-11)  1.00E-07
  1.400E+00 3.80404E-15  2.791E-05 ( 5.449E-08, 2.889E-08) ( 3.076E-11, 1.729E-11)  1.00E-07
  1.500E+00 3.52686E-15  3.096E-05 ( 5.202E-08, 2.865E-08) ( 3.145E-11, 1.837E-11)  1.00E-07
  1.600E+00 3.26618E-15  3.420E-05 ( 4.959E-08, 2.840E-08) ( 3.197E-11, 1.943E-11)  1.00E-07
  1.700E+00 3.02246E-15  3.764E-05 ( 4.723E-08, 2.814E-08) ( 3.232E-11, 2.046E-11)  1.00E-07
  1.800E+00 2.79564E-15  4.127E-05 ( 4.494E-08, 2.786E-08) ( 3.254E-11, 2.146E-11)  1.00E-07
  1.900E+00 2.58537E-15  4.510E-05 ( 4.272E-08, 2.758E-08) ( 3.263E-11, 2.243E-11)  1.00E-07
  2.000E+00 2.39100E-15  4.914E-05 ( 4.058E-08, 2.729E-08) ( 3.260E-11, 2.337E-11)  1.00E-07
  2.100E+00 2.21174E-15  5.337E-05 ( 3.852E-08, 2.698E-08) ( 3.246E-11, 2.428E-11)  1.00E-07
  2.200E+00 2.04670E-15  5.781E-05 ( 3.654E-08, 2.667E-08) ( 3.223E-11, 2.515E-11)  1.00E-07
  2.300E+00 1.89494E-15  6.244E-05 ( 3.464E-08, 2.636E-08) ( 3.192E-11, 2.599E-11)  1.00E-07
  2.400E+00 1.75550E-15  6.728E-05 ( 3.283E-08, 2.603E-08) ( 3.153E-11, 2.680E-11)  1.00E-07
  2.500E+00 1.62744E-15  7.231E-05 ( 3.109E-08, 2.571E-08) ( 3.107E-11, 2.758E-11)  1.00E-07
  2.600E+00 1.50986E-15  7.753E-05 ( 2.943E-08, 2.537E-08) ( 3.055E-11, 2.832E-11)  1.00E-07
  2.700E+00 1.40188E-15  8.295E-05 ( 2.784E-08, 2.503E-08) ( 2.997E-11, 2.903E-11)  1.00E-07
  2.800E+00 1.30270E-15  8.855E-05 ( 2.633E-08, 2.469E-08) ( 2.935E-11, 2.971E-11)  1.00E-07
  2.900E+00 1.21157E-15  9.433E-05 ( 2.488E-08, 2.434E-08) ( 2.868E-11, 3.036E-11)  1.00E-07
  3.000E+00 1.12779E-15  1.003E-04 ( 2.350E-08, 2.399E-08) ( 2.797E-11, 3.097E-11)  1.00E-07
  3.100E+00 1.05071E-15  1.064E-04 ( 2.218E-08, 2.364E-08) ( 2.723E-11, 3.155E-11)  1.00E-07
  3.200E+00 9.79760E-16  1.127E-04 ( 2.091E-08, 2.329E-08) ( 2.646E-11, 3.210E-11)  1.00E-07
  3.300E+00 9.14396E-16  1.191E-04 ( 1.971E-08, 2.293E-08) ( 2.566E-11, 3.261E-11)  1.00E-07
  3.400E+00 8.54134E-16  1.257E-04 ( 1.856E-08, 2.258E-08) ( 2.484E-11, 3.310E-11)  1.00E-07
  3.500E+00 7.98528E-16  1.324E-04 ( 1.746E-08, 2.222E-08) ( 2.399E-11, 3.355E-11)  1.00E-07
  3.600E+00 7.47178E-16  1.393E-04 ( 1.641E-08, 2.186E-08) ( 2.313E-11, 3.398E-11)  1.00E-07
  3.700E+00 6.99718E-16  1.463E-04 ( 1.541E-08, 2.150E-08) ( 2.225E-11, 3.437E-11)  1.00E-07
  3.800E+00 6.55817E-16  1.533E-04 ( 1.445E-08, 2.114E-08) ( 2.136E-11, 3.473E-11)  1.00E-07
  3.900E+00 6.15174E-16  1.605E-04 ( 1.354E-08, 2.078E-08) ( 2.046E-11, 3.507E-11)  1.00E-07
  4.000E+00 5.77516E-16  1.677E-04 ( 1.266E-08, 2.043E-08) ( 1.955E-11, 3.537E-11)  1.00E-07
  4.100E+00 5.42596E-16  1.751E-04 ( 1.182E-08, 2.007E-08) ( 1.863E-11, 3.565E-11)  1.00E-07
  4.200E+00 5.10188E-16  1.824E-04 ( 1.102E-08, 1.972E-08) ( 1.771E-11, 3.590E-11)  1.00E-07
  4.300E+00 4.80089E-16  1.898E-04 ( 1.026E-08, 1.936E-08) ( 1.678E-11, 3.612E-11)  1.00E-07
  4.400E+00 4.52111E-16  1.973E-04 ( 9.524E-09, 1.901E-08) ( 1.585E-11, 3.632E-11)  1.00E-07
  4.500E+00 4.26085E-16  2.047E-04 ( 8.824E-09, 1.866E-08) ( 1.492E-11, 3.649E-11)  1.00E-07
  4.600E+00 4.01858E-16  2.121E-04 ( 8.154E-09, 1.831E-08) ( 1.399E-11, 3.664E-11)  1.00E-07
  4.700E+00 3.79287E-16  2.195E-04 ( 7.514E-09, 1.797E-08) ( 1.305E-11, 3.676E-11)  1.00E-07
  4.800E+00 3.58245E-16  2.268E-04 ( 6.901E-09, 1.762E-08) ( 1.212E-11, 3.685E-11)  1.00E-07
  4.900E+00 3.38614E-16  2.341E-04 ( 6.315E-09, 1.728E-08) ( 1.120E-11, 3.692E-11)  1.00E-07
  5.000E+00 3.20287E-16  2.412E-04 ( 5.754E-09, 1.695E-08) ( 1.027E-11, 3.697E-11)  1.00E-07
  5.100E+00 3.03164E-16  2.483E-04 ( 5.218E-09, 1.661E-08) ( 9.357E-12, 3.700E-11)  1.00E-07
  5.200E+00 2.87157E-16  2.552E-04 ( 4.705E-09, 1.628E-08) ( 8.445E-12, 3.700E-11)  1.00E-07
  5.300E+00 2.72182E-16  2.619E-04 ( 4.215E-09, 1.595E-08) ( 7.539E-12, 3.699E-11)  1.00E-07
  5.400E+00 2.58163E-16  2.685E-04 ( 3.746E-09, 1.562E-08) ( 6.641E-12, 3.695E-11)  1.00E-07
  5.500E+00 2.45031E-16  2.749E-04 ( 3.298E-09, 1.530E-08) ( 5.750E-12, 3.689E-11)  1.00E-07
  5.600E+00 2.32722E-16  2.810E-04 ( 2.869E-09, 1.498E-08) ( 4.868E-12, 3.682E-11)  1.00E-07
  5.700E+00 2.21176E-16  2.870E-04 ( 2.460E-09, 1.467E-08) ( 3.995E-12, 3.672E-11)  1.00E-07
  5.800E+00 2.10340E-16  2.926E-04 ( 2.068E-09, 1.435E-08) ( 3.131E-12, 3.661E-11)  1.00E-07
  5.900E+00 2.00163E-16  2.979E-04 ( 1.694E-09, 1.405E-08) ( 2.277E-12, 3.648E-11)  1.00E-07
  6.000E+00 1.90600E-16  3.029E-04 ( 1.337E-09, 1.374E-08) ( 1.434E-12, 3.633E-11)  1.00E-07
  6.100E+00 1.81607E-16  3.076E-04 ( 9.961E-10, 1.344E-08) ( 6.019E-13, 3.616E-11)  1.00E-07
  6.200E+00 1.73145E-16  3.119E-04 ( 6.705E-10, 1.314E-08) (-2.191E-13, 3.598E-11)  1.00E-07
  6.300E+00 1.65179E-16  3.159E-04 ( 3.598E-10, 1.285E-08) (-1.028E-12, 3.578E-11)  1.00E-07
  6.400E+00 1.57674E-16  3.194E-04 ( 6.336E-11, 1.256E-08) (-1.826E-12, 3.557E-11)  1.00E-07
  6.500E+00 1.50600E-16  3.225E-04 (-2.193E-10, 1.227E-08) (-2.611E-12, 3.535E-11)  1.00E-07
  6.600E+00 1.43928E-16  3.251E-04 (-4.888E-10, 1.199E-08) (-3.383E-12, 3.511E-11)  1.00E-07
  6.700E+00 1.37631E-16  3.272E-04 (-7.457E-10, 1.171E-08) (-4.143E-12, 3.485E-11)  1.00E-07
  6.800E+00 1.31684E-16  3.289E-04 (-9.903E-10, 1.143E-08) (-4.890E-12, 3.459E-11)  1.00E-07
  6.900E+00 1.26066E-16  3.300E-04 (-1.223E-09, 1.116E-08) (-5.624E-12, 3.431E-11)  1.00E-07
  7.000E+00 1.20753E-16  3.306E-04 (-1.445E-09, 1.089E-08) (-6.344E-12, 3.401E-11)  1.00E-07
  7.100E+00 1.15728E-16  3.306E-04 (-1.656E-09, 1.063E-08) (-7.051E-12, 3.371E-11)  1.00E-07
  7.200E+00 1.10971E-16  3.301E-04 (-1.856E-09, 1.037E-08) (-7.744E-12, 3.340E-11)  1.00E-07
  7.300E+00 1.06466E-16  3.289E-04 (-2.046E-09, 1.011E-08) (-8.423E-12, 3.307E-11)  1.00E-07
  7.400E+00 1.02197E-16  3.271E-04 (-2.227E-09, 9.861E-09) (-9.089E-12, 3.274E-11)  1.00E-07
  7.500E+00 9.81495E-17  3.247E-04 (-2.398E-09, 9.612E-09) (-9.741E-12, 3.240E-11)  1.00E-07
  7.600E+00 9.43093E-17  3.217E-04 (-2.561E-09, 9.368E-09) (-1.038E-11, 3.204E-11)  1.00E-07
  7.700E+00 9.06639E-17  3.179E-04 (-2.714E-09, 9.127E-09) (-1.100E-11, 3.168E-11)  1.00E-07
  7.800E+00 8.72017E-17  3.135E-04 (-2.860E-09, 8.889E-09) (-1.161E-11, 3.131E-11)  1.00E-07
  7.900E+00 8.39116E-17  3.084E-04 (-2.998E-09, 8.656E-09) (-1.221E-11, 3.093E-11)  1.00E-07
  8.000E+00 8.07833E-17  3.026E-04 (-3.128E-09, 8.426E-09) (-1.279E-11, 3.055E-11)  1.00E-07
  8.100E+00 7.78072E-17  2.961E-04 (-3.250E-09, 8.200E-09) (-1.336E-11, 3.016E-11)  1.00E-07
  8.200E+00 7.49745E-17  2.888E-04 (-3.366E-09, 7.978E-09) (-1.391E-11, 2.976E-11)  1.00E-07
  8.300E+00 7.22768E-17  2.808E-04 (-3.474E-09, 7.759E-09) (-1.445E-11, 2.935E-11)  1.00E-07
  8.400E+00 6.97062E-17  2.720E-04 (-3.577E-09, 7.544E-09) (-1.498E-11, 2.894E-11)  1.00E-07
  8.500E+00 6.72556E-17  2.625E-04 (-3.672E-09, 7.333E-09) (-1.549E-11, 2.852E-11)  1.00E-07
  8.600E+00 6.49181E-17  2.521E-04 (-3.762E-09, 7.125E-09) (-1.599E-11, 2.810E-11)  1.00E-07
  8.700E+00 6.26874E-17  2.410E-04 (-3.846E-09, 6.921E-09) (-1.647E-11, 2.767E-11)  1.00E-07
  8.800E+00 6.05576E-17  2.292E-04 (-3.925E-09, 6.720E-09) (-1.694E-11, 2.724E-11)  1.00E-07
  8.900E+00 5.85230E-17  2.165E-04 (-3.997E-09, 6.522E-09) (-1.740E-11, 2.681E-11)  1.00E-07
  9.000E+00 5.65784E-17  2.030E-04 (-4.065E-09, 6.329E-09) (-1.784E-11, 2.637E-11)  1.00E-07
  9.100E+00 5.47190E-17  1.887E-04 (-4.128E-09, 6.138E-09) (-1.827E-11, 2.592E-11)  1.00E-07
  9.200E+00 5.29402E-17  1.736E-04 (-4.186E-09, 5.951E-09) (-1.869E-11, 2.547E-11)  1.00E-07
  9.300E+00 5.12377E-17  1.576E-04 (-4.239E-09, 5.767E-09) (-1.909E-11, 2.502E-11)  1.00E-07
  9.400E+00 4.96074E-17  1.409E-04 (-4.288E-09, 5.587E-09) (-1.949E-11, 2.457E-11)  1.00E-07
  9.500E+00 4.80457E-17  1.233E-04 (-4.333E-09, 5.410E-09) (-1.986E-11, 2.412E-11)  1.00E-07
  9.600E+00 4.65488E-17  1.049E-04 (-4.374E-09, 5.236E-09) (-2.023E-11, 2.366E-11)  1.00E-07
  9.700E+00 4.51136E-17  8.570E-05 (-4.410E-09, 5.066E-09) (-2.058E-11, 2.320E-11)  1.00E-07
  9.800E+00 4.37368E-17  6.566E-05 (-4.443E-09, 4.898E-09) (-2.092E-11, 2.274E-11)  1.00E-07
  9.900E+00 4.24155E-17  4.480E-05 (-4.473E-09, 4.734E-09) (-2.125E-11, 2.228E-11)  1.00E-07
  1.000E+01 4.11470E-17  2.311E-05 (-4.499E-09, 4.573E-09) (-2.156E-11, 2.181E-11)  1.00E-07
  1.025E+01 3.81895E-17 -3.468E-05 (-4.549E-09, 4.183E-09) (-2.230E-11, 2.065E-11)  1.00E-07
  1.050E+01 3.55089E-17 -9.754E-05 (-4.580E-09, 3.812E-09) (-2.296E-11, 1.949E-11)  1.00E-07
  1.075E+01 3.30733E-17 -1.654E-04 (-4.595E-09, 3.459E-09) (-2.355E-11, 1.832E-11)  1.00E-07
  1.100E+01 3.08551E-17 -2.382E-04 (-4.594E-09, 3.123E-09) (-2.407E-11, 1.716E-11)  1.00E-07
  1.125E+01 2.88304E-17 -3.158E-04 (-4.579E-09, 2.804E-09) (-2.453E-11, 1.601E-11)  1.00E-07
  1.150E+01 2.69784E-17 -3.980E-04 (-4.552E-09, 2.501E-09) (-2.492E-11, 1.486E-11)  1.00E-07
  1.175E+01 2.52809E-17 -4.848E-04 (-4.515E-09, 2.213E-09) (-2.524E-11, 1.373E-11)  1.00E-07
  1.200E+01 2.37220E-17 -5.758E-04 (-4.467E-09, 1.941E-09) (-2.551E-11, 1.261E-11)  1.00E-07
  1.225E+01 2.22878E-17 -6.711E-04 (-4.411E-09, 1.683E-09) (-2.573E-11, 1.151E-11)  1.00E-07
  1.250E+01 2.09658E-17 -7.702E-04 (-4.347E-09, 1.439E-09) (-2.588E-11, 1.043E-11)  1.00E-07
  1.275E+01 1.97453E-17 -8.731E-04 (-4.276E-09, 1.208E-09) (-2.599E-11, 9.359E-12)  1.00E-07
  1.300E+01 1.86165E-17 -9.795E-04 (-4.199E-09, 9.901E-10) (-2.605E-11, 8.313E-12)  1.00E-07
  1.325E+01 1.75711E-17 -1.089E-03 (-4.118E-09, 7.845E-10) (-2.606E-11, 7.288E-12)  1.00E-07
  1.350E+01 1.66014E-17 -1.202E-03 (-4.031E-09, 5.907E-10) (-2.602E-11, 6.287E-12)  1.00E-07
  1.375E+01 1.57007E-17 -1.317E-03 (-3.941E-09, 4.081E-10) (-2.595E-11, 5.310E-12)  1.00E-07
  1.400E+01 1.48628E-17 -1.434E-03 (-3.848E-09, 2.364E-10) (-2.583E-11, 4.357E-12)  1.00E-07
  1.425E+01 1.40824E-17 -1.554E-03 (-3.752E-09, 7.510E-11) (-2.567E-11, 3.430E-12)  1.00E-07
  1.450E+01 1.33547E-17 -1.675E-03 (-3.654E-09,-7.631E-11) (-2.548E-11, 2.530E-12)  1.00E-07
  1.475E+01 1.26752E-17 -1.798E-03 (-3.553E-09,-2.182E-10) (-2.525E-11, 1.656E-12)  1.00E-07
  1.500E+01 1.20401E-17 -1.922E-03 (-3.452E-09,-3.511E-10) (-2.499E-11, 8.099E-13)  1.00E-07
  1.525E+01 1.14457E-17 -2.046E-03 (-3.350E-09,-4.753E-10) (-2.470E-11,-8.508E-15)  1.00E-07
  1.550E+01 1.08889E-17 -2.171E-03 (-3.246E-09,-5.912E-10) (-2.438E-11,-7.988E-13)  1.00E-07
  1.575E+01 1.03667E-17 -2.296E-03 (-3.143E-09,-6.992E-10) (-2.404E-11,-1.561E-12)  1.00E-07
  1.600E+01 9.87657E-18 -2.421E-03 (-3.039E-09,-7.996E-10) (-2.367E-11,-2.294E-12)  1.00E-07
  1.625E+01 9.41603E-18 -2.544E-03 (-2.936E-09,-8.929E-10) (-2.328E-11,-2.999E-12)  1.00E-07
  1.650E+01 8.98290E-18 -2.667E-03 (-2.833E-09,-9.793E-10) (-2.286E-11,-3.675E-12)  1.00E-07
  1.675E+01 8.57519E-18 -2.788E-03 (-2.730E-09,-1.059E-09) (-2.243E-11,-4.322E-12)  1.00E-07
  1.700E+01 8.19108E-18 -2.907E-03 (-2.628E-09,-1.133E-09) (-2.197E-11,-4.941E-12)  1.00E-07
  1.725E+01 7.82890E-18 -3.024E-03 (-2.527E-09,-1.201E-09) (-2.150E-11,-5.532E-12)  1.00E-07
  1.750E+01 7.48712E-18 -3.138E-03 (-2.427E-09,-1.263E-09) (-2.102E-11,-6.094E-12)  1.00E-07
  1.775E+01 7.16434E-18 -3.249E-03 (-2.329E-09,-1.319E-09) (-2.052E-11,-6.627E-12)  1.00E-07
  1.800E+01 6.85926E-18 -3.356E-03 (-2.231E-09,-1.371E-09) (-2.000E-11,-7.133E-12)  1.00E-07
  1.825E+01 6.57071E-18 -3.459E-03 (-2.135E-09,-1.418E-09) (-1.948E-11,-7.612E-12)  1.00E-07
  1.850E+01 6.29760E-18 -3.558E-03 (-2.041E-09,-1.460E-09) (-1.894E-11,-8.062E-12)  1.00E-07
  1.875E+01 6.03892E-18 -3.651E-03 (-1.948E-09,-1.498E-09) (-1.839E-11,-8.486E-12)  1.00E-07
  1.900E+01 5.79374E-18 -3.740E-03 (-1.857E-09,-1.532E-09) (-1.784E-11,-8.883E-12)  1.00E-07
  1.925E+01 5.56121E-18 -3.823E-03 (-1.767E-09,-1.562E-09) (-1.728E-11,-9.254E-12)  1.00E-07
  1.950E+01 5.34052E-18 -3.900E-03 (-1.679E-09,-1.588E-09) (-1.671E-11,-9.599E-12)  1.00E-07
  1.975E+01 5.13096E-18 -3.970E-03 (-1.593E-09,-1.610E-09) (-1.614E-11,-9.918E-12)  1.00E-07
  2.000E+01 4.93183E-18 -4.034E-03 (-1.509E-09,-1.629E-09) (-1.556E-11,-1.021E-11)  1.00E-07
  2.025E+01 4.74251E-18 -4.090E-03 (-1.426E-09,-1.645E-09) (-1.498E-11,-1.048E-11)  1.00E-07
  2.050E+01 4.56241E-18 -4.138E-03 (-1.346E-09,-1.659E-09) (-1.440E-11,-1.073E-11)  1.00E-07
  2.075E+01 4.39099E-18 -4.178E-03 (-1.267E-09,-1.669E-09) (-1.381E-11,-1.095E-11)  1.00E-07
  2.100E+01 4.22774E-18 -4.210E-03 (-1.190E-09,-1.676E-09) (-1.322E-11,-1.115E-11)  1.00E-07
  2.125E+01 4.07218E-18 -4.233E-03 (-1.116E-09,-1.681E-09) (-1.264E-11,-1.132E-11)  1.00E-07
  2.150E+01 3.92388E-18 -4.246E-03 (-1.043E-09,-1.684E-09) (-1.205E-11,-1.147E-11)  1.00E-07
  2.175E+01 3.78242E-18 -4.250E-03 (-9.715E-10,-1.685E-09) (-1.146E-11,-1.160E-11)  1.00E-07
  2.200E+01 3.64744E-18 -4.244E-03 (-9.023E-10,-1.683E-09) (-1.088E-11,-1.171E-11)  1.00E-07
  2.225E+01 3.51855E-18 -4.227E-03 (-8.350E-10,-1.680E-09) (-1.029E-11,-1.180E-11)  1.00E-07
  2.250E+01 3.39544E-18 -4.200E-03 (-7.695E-10,-1.674E-09) (-9.714E-12,-1.187E-11)  1.00E-07
  2.275E+01 3.27779E-18 -4.161E-03 (-7.059E-10,-1.667E-09) (-9.137E-12,-1.192E-11)  1.00E-07
  2.300E+01 3.16531E-18 -4.111E-03 (-6.442E-10,-1.658E-09) (-8.563E-12,-1.194E-11)  1.00E-07
  2.325E+01 3.05772E-18 -4.049E-03 (-5.842E-10,-1.648E-09) (-7.994E-12,-1.195E-11)  1.00E-07
  2.350E+01 2.95476E-18 -3.975E-03 (-5.261E-10,-1.636E-09) (-7.429E-12,-1.194E-11)  1.00E-07
  2.375E+01 2.85620E-18 -3.889E-03 (-4.698E-10,-1.623E-09) (-6.869E-12,-1.192E-11)  1.00E-07
  2.400E+01 2.76181E-18 -3.789E-03 (-4.152E-10,-1.609E-09) (-6.315E-12,-1.187E-11)  1.00E-07
  2.425E+01 2.67137E-18 -3.677E-03 (-3.623E-10,-1.594E-09) (-5.766E-12,-1.181E-11)  1.00E-07
  2.450E+01 2.58468E-18 -3.551E-03 (-3.111E-10,-1.577E-09) (-5.224E-12,-1.173E-11)  1.00E-07
  2.475E+01 2.50157E-18 -3.412E-03 (-2.616E-10,-1.560E-09) (-4.688E-12,-1.164E-11)  1.00E-07
  2.500E+01 2.42184E-18 -3.258E-03 (-2.138E-10,-1.541E-09) (-4.158E-12,-1.153E-11)  1.00E-07
  2.550E+01 2.27190E-18 -2.909E-03 (-1.229E-10,-1.502E-09) (-3.121E-12,-1.126E-11)  1.00E-07
  2.600E+01 2.13363E-18 -2.500E-03 (-3.829E-11,-1.460E-09) (-2.114E-12,-1.094E-11)  1.00E-07
  2.650E+01 2.00596E-18 -2.032E-03 ( 4.031E-11,-1.416E-09) (-1.138E-12,-1.057E-11)  1.00E-07
  2.700E+01 1.88791E-18 -1.501E-03 ( 1.132E-10,-1.369E-09) (-1.966E-13,-1.014E-11)  1.00E-07
  2.750E+01 1.77862E-18 -9.068E-04 ( 1.805E-10,-1.321E-09) ( 7.105E-13,-9.670E-12)  1.00E-07
  2.800E+01 1.67731E-18 -2.481E-04 ( 2.425E-10,-1.272E-09) ( 1.582E-12,-9.155E-12)  1.00E-07
  2.850E+01 1.58329E-18  4.761E-04 ( 2.996E-10,-1.222E-09) ( 2.417E-12,-8.601E-12)  1.00E-07
  2.900E+01 1.49593E-18  1.267E-03 ( 3.518E-10,-1.171E-09) ( 3.214E-12,-8.009E-12)  1.00E-07
  2.950E+01 1.41466E-18  2.124E-03 ( 3.995E-10,-1.120E-09) ( 3.974E-12,-7.384E-12)  1.00E-07
  3.000E+01 1.33899E-18  3.048E-03 ( 4.428E-10,-1.069E-09) ( 4.695E-12,-6.727E-12)  1.00E-07
  3.050E+01 1.26845E-18  4.039E-03 ( 4.821E-10,-1.018E-09) ( 5.379E-12,-6.042E-12)  1.00E-07
  3.100E+01 1.20262E-18  5.098E-03 ( 5.174E-10,-9.669E-10) ( 6.023E-12,-5.332E-12)  1.00E-07
  3.150E+01 1.14114E-18  6.222E-03 ( 5.491E-10,-9.163E-10) ( 6.630E-12,-4.597E-12)  1.00E-07
  3.200E+01 1.08366E-18  7.413E-03 ( 5.773E-10,-8.662E-10) ( 7.198E-12,-3.842E-12)  1.00E-07
  3.250E+01 1.02986E-18  8.669E-03 ( 6.022E-10,-8.168E-10) ( 7.728E-12,-3.068E-12)  1.00E-07
  3.300E+01 9.79476E-19  9.989E-03 ( 6.241E-10,-7.681E-10) ( 8.220E-12,-2.278E-12)  1.00E-07
  3.350E+01 9.32242E-19  1.137E-02 ( 6.430E-10,-7.202E-10) ( 8.675E-12,-1.473E-12)  1.00E-07
  3.400E+01 8.87924E-19  1.282E-02 ( 6.592E-10,-6.733E-10) ( 9.093E-12,-6.557E-13)  1.00E-07
  3.450E+01 8.46307E-19  1.432E-02 ( 6.728E-10,-6.273E-10) ( 9.475E-12, 1.722E-13)  1.00E-07
  3.500E+01 8.07196E-19  1.588E-02 ( 6.840E-10,-5.824E-10) ( 9.820E-12, 1.009E-12)  1.00E-07
  3.550E+01 7.70412E-19  1.750E-02 ( 6.930E-10,-5.386E-10) ( 1.013E-11, 1.853E-12)  1.00E-07
  3.600E+01 7.35788E-19  1.917E-02 ( 6.999E-10,-4.958E-10) ( 1.041E-11, 2.703E-12)  1.00E-07
  3.650E+01 7.03175E-19  2.089E-02 ( 7.047E-10,-4.543E-10) ( 1.065E-11, 3.556E-12)  1.00E-07
  3.700E+01 6.72433E-19  2.266E-02 ( 7.078E-10,-4.139E-10) ( 1.086E-11, 4.412E-12)  1.00E-07
  3.750E+01 6.43435E-19  2.447E-02 ( 7.091E-10,-3.747E-10) ( 1.103E-11, 5.270E-12)  1.00E-07
  3.800E+01 6.16061E-19  2.632E-02 ( 7.089E-10,-3.368E-10) ( 1.118E-11, 6.128E-12)  1.00E-07
  3.850E+01 5.90205E-19  2.822E-02 ( 7.071E-10,-3.000E-10) ( 1.129E-11, 6.984E-12)  1.00E-07
  3.900E+01 5.65766E-19  3.014E-02 ( 7.040E-10,-2.645E-10) ( 1.138E-11, 7.838E-12)  1.00E-07
  3.950E+01 5.42652E-19  3.210E-02 ( 6.996E-10,-2.302E-10) ( 1.143E-11, 8.688E-12)  1.00E-07
  4.000E+01 5.20776E-19  3.409E-02 ( 6.940E-10,-1.972E-10) ( 1.146E-11, 9.535E-12)  1.00E-07
  4.050E+01 5.00060E-19  3.610E-02 ( 6.874E-10,-1.653E-10) ( 1.145E-11, 1.038E-11)  1.00E-07
  4.100E+01 4.80430E-19  3.813E-02 ( 6.797E-10,-1.346E-10) ( 1.142E-11, 1.121E-11)  1.00E-07
  4.150E+01 4.61819E-19  4.017E-02 ( 6.712E-10,-1.052E-10) ( 1.137E-11, 1.204E-11)  1.00E-07
  4.200E+01 4.44163E-19  4.222E-02 ( 6.618E-10,-7.688E-11) ( 1.129E-11, 1.286E-11)  1.00E-07
  4.250E+01 4.27405E-19  4.428E-02 ( 6.516E-10,-4.975E-11) ( 1.118E-11, 1.367E-11)  1.00E-07
  4.300E+01 4.11489E-19  4.635E-02 ( 6.408E-10,-2.376E-11) ( 1.106E-11, 1.447E-11)  1.00E-07
  4.350E+01 3.96365E-19  4.841E-02 ( 6.293E-10, 1.114E-12) ( 1.091E-11, 1.526E-11)  1.00E-07
  4.400E+01 3.81986E-19  5.046E-02 ( 6.172E-10, 2.488E-11) ( 1.073E-11, 1.605E-11)  1.00E-07
  4.450E+01 3.68308E-19  5.250E-02 ( 6.047E-10, 4.757E-11) ( 1.054E-11, 1.682E-11)  1.00E-07
  4.500E+01 3.55291E-19  5.452E-02 ( 5.917E-10, 6.921E-11) ( 1.032E-11, 1.758E-11)  1.00E-07
  4.550E+01 3.42895E-19  5.652E-02 ( 5.783E-10, 8.981E-11) ( 1.009E-11, 1.833E-11)  1.00E-07
  4.600E+01 3.31087E-19  5.850E-02 ( 5.645E-10, 1.094E-10) ( 9.837E-12, 1.906E-11)  1.00E-07
  4.650E+01 3.19832E-19  6.044E-02 ( 5.504E-10, 1.280E-10) ( 9.566E-12, 1.978E-11)  1.00E-07
  4.700E+01 3.09100E-19  6.234E-02 ( 5.361E-10, 1.457E-10) ( 9.278E-12, 2.049E-11)  1.00E-07
  4.750E+01 2.98861E-19  6.421E-02 ( 5.215E-10, 1.624E-10) ( 8.973E-12, 2.119E-11)  1.00E-07
  4.800E+01 2.89088E-19  6.602E-02 ( 5.067E-10, 1.782E-10) ( 8.653E-12, 2.188E-11)  1.00E-07
  4.850E+01 2.79757E-19  6.779E-02 ( 4.918E-10, 1.931E-10) ( 8.317E-12, 2.254E-11)  1.00E-07
  4.900E+01 2.70842E-19  6.950E-02 ( 4.768E-10, 2.071E-10) ( 7.967E-12, 2.320E-11)  1.00E-07
  4.950E+01 2.62322E-19  7.115E-02 ( 4.617E-10, 2.204E-10) ( 7.603E-12, 2.384E-11)  1.00E-07
  5.000E+01 2.54177E-19  7.273E-02 ( 4.465E-10, 2.328E-10) ( 7.226E-12, 2.447E-11)  1.00E-07
  5.050E+01 2.46385E-19  7.424E-02 ( 4.313E-10, 2.444E-10) ( 6.837E-12, 2.508E-11)  1.00E-07
  5.100E+01 2.38929E-19  7.568E-02 ( 4.160E-10, 2.552E-10) ( 6.436E-12, 2.568E-11)  1.00E-07
  5.150E+01 2.31792E-19  7.704E-02 ( 4.008E-10, 2.654E-10) ( 6.024E-12, 2.626E-11)  1.00E-07
  5.200E+01 2.24957E-19  7.831E-02 ( 3.856E-10, 2.748E-10) ( 5.601E-12, 2.683E-11)  1.00E-07
  5.250E+01 2.18409E-19  7.949E-02 ( 3.705E-10, 2.835E-10) ( 5.169E-12, 2.739E-11)  1.00E-07
  5.300E+01 2.12133E-19  8.059E-02 ( 3.554E-10, 2.915E-10) ( 4.727E-12, 2.792E-11)  1.00E-07
  5.350E+01 2.06116E-19  8.158E-02 ( 3.405E-10, 2.989E-10) ( 4.277E-12, 2.845E-11)  1.00E-07
  5.400E+01 2.00345E-19  8.247E-02 ( 3.256E-10, 3.057E-10) ( 3.818E-12, 2.896E-11)  1.00E-07
  5.450E+01 1.94808E-19  8.326E-02 ( 3.109E-10, 3.119E-10) ( 3.352E-12, 2.945E-11)  1.00E-07
  5.500E+01 1.89494E-19  8.394E-02 ( 2.963E-10, 3.175E-10) ( 2.879E-12, 2.993E-11)  1.00E-07
  5.550E+01 1.84392E-19  8.451E-02 ( 2.818E-10, 3.225E-10) ( 2.399E-12, 3.039E-11)  1.00E-07
  5.600E+01 1.79491E-19  8.497E-02 ( 2.675E-10, 3.271E-10) ( 1.914E-12, 3.084E-11)  1.00E-07
  5.650E+01 1.74783E-19  8.530E-02 ( 2.534E-10, 3.310E-10) ( 1.423E-12, 3.128E-11)  1.00E-07
  5.700E+01 1.70258E-19  8.551E-02 ( 2.394E-10, 3.345E-10) ( 9.267E-13, 3.170E-11)  1.00E-07
  5.750E+01 1.65908E-19  8.560E-02 ( 2.257E-10, 3.376E-10) ( 4.261E-13, 3.210E-11)  1.00E-07
  5.800E+01 1.61725E-19  8.556E-02 ( 2.121E-10, 3.401E-10) (-7.864E-14, 3.249E-11)  1.00E-07
  5.850E+01 1.57701E-19  8.539E-02 ( 1.987E-10, 3.422E-10) (-5.870E-13, 3.287E-11)  1.00E-07
  5.900E+01 1.53828E-19  8.509E-02 ( 1.856E-10, 3.439E-10) (-1.099E-12, 3.323E-11)  1.00E-07
  5.950E+01 1.50100E-19  8.466E-02 ( 1.726E-10, 3.452E-10) (-1.613E-12, 3.358E-11)  1.00E-07
  6.000E+01 1.46512E-19  8.409E-02 ( 1.599E-10, 3.461E-10) (-2.130E-12, 3.391E-11)  1.00E-07
  6.050E+01 1.43055E-19  8.338E-02 ( 1.474E-10, 3.466E-10) (-2.648E-12, 3.423E-11)  1.00E-07
  6.100E+01 1.39725E-19  8.253E-02 ( 1.351E-10, 3.468E-10) (-3.168E-12, 3.453E-11)  1.00E-07
  6.150E+01 1.36516E-19  8.154E-02 ( 1.231E-10, 3.466E-10) (-3.690E-12, 3.483E-11)  1.00E-07
  6.200E+01 1.33423E-19  8.040E-02 ( 1.113E-10, 3.461E-10) (-4.212E-12, 3.510E-11)  1.00E-07
  6.250E+01 1.30441E-19  7.913E-02 ( 9.969E-11, 3.453E-10) (-4.735E-12, 3.537E-11)  1.00E-07
  6.300E+01 1.27565E-19  7.771E-02 ( 8.834E-11, 3.442E-10) (-5.258E-12, 3.562E-11)  1.00E-07
  6.350E+01 1.24791E-19  7.615E-02 ( 7.723E-11, 3.428E-10) (-5.781E-12, 3.586E-11)  1.00E-07
  6.400E+01 1.22115E-19  7.444E-02 ( 6.637E-11, 3.411E-10) (-6.303E-12, 3.608E-11)  1.00E-07
  6.450E+01 1.19532E-19  7.259E-02 ( 5.574E-11, 3.392E-10) (-6.825E-12, 3.630E-11)  1.00E-07
  6.500E+01 1.17038E-19  7.059E-02 ( 4.535E-11, 3.370E-10) (-7.345E-12, 3.650E-11)  1.00E-07
  6.550E+01 1.14631E-19  6.845E-02 ( 3.520E-11, 3.346E-10) (-7.865E-12, 3.668E-11)  1.00E-07
  6.600E+01 1.12306E-19  6.616E-02 ( 2.529E-11, 3.320E-10) (-8.382E-12, 3.686E-11)  1.00E-07
  6.650E+01 1.10060E-19  6.374E-02 ( 1.562E-11, 3.292E-10) (-8.898E-12, 3.702E-11)  1.00E-07
  6.700E+01 1.07890E-19  6.117E-02 ( 6.189E-12, 3.262E-10) (-9.411E-12, 3.717E-11)  1.00E-07
  6.750E+01 1.05794E-19  5.846E-02 (-3.005E-12, 3.229E-10) (-9.922E-12, 3.731E-11)  1.00E-07
  6.800E+01 1.03767E-19  5.561E-02 (-1.196E-11, 3.196E-10) (-1.043E-11, 3.744E-11)  1.00E-07
  6.850E+01 1.01808E-19  5.262E-02 (-2.069E-11, 3.160E-10) (-1.094E-11, 3.756E-11)  1.00E-07
  6.900E+01 9.99143E-20  4.950E-02 (-2.918E-11, 3.123E-10) (-1.144E-11, 3.766E-11)  1.00E-07
  6.950E+01 9.80827E-20  4.624E-02 (-3.744E-11, 3.084E-10) (-1.194E-11, 3.776E-11)  1.00E-07
  7.000E+01 9.63111E-20  4.285E-02 (-4.547E-11, 3.044E-10) (-1.243E-11, 3.784E-11)  1.00E-07
  7.050E+01 9.45974E-20  3.934E-02 (-5.328E-11, 3.003E-10) (-1.292E-11, 3.792E-11)  1.00E-07
  7.100E+01 9.29392E-20  3.569E-02 (-6.086E-11, 2.960E-10) (-1.341E-11, 3.798E-11)  1.00E-07
  7.150E+01 9.13347E-20  3.193E-02 (-6.822E-11, 2.916E-10) (-1.390E-11, 3.803E-11)  1.00E-07
  7.200E+01 8.97818E-20  2.804E-02 (-7.536E-11, 2.871E-10) (-1.438E-11, 3.808E-11)  1.00E-07
  7.250E+01 8.82786E-20  2.403E-02 (-8.228E-11, 2.826E-10) (-1.485E-11, 3.811E-11)  1.00E-07
  7.300E+01 8.68234E-20  1.991E-02 (-8.899E-11, 2.779E-10) (-1.532E-11, 3.813E-11)  1.00E-07
  7.350E+01 8.54144E-20  1.567E-02 (-9.548E-11, 2.731E-10) (-1.579E-11, 3.815E-11)  1.00E-07
  7.400E+01 8.40501E-20  1.133E-02 (-1.018E-10, 2.683E-10) (-1.625E-11, 3.815E-11)  1.00E-07
  7.450E+01 8.27287E-20  6.885E-03 (-1.079E-10, 2.634E-10) (-1.670E-11, 3.815E-11)  1.00E-07
  7.500E+01 8.14489E-20  2.339E-03 (-1.137E-10, 2.584E-10) (-1.715E-11, 3.814E-11)  1.00E-07
  7.550E+01 8.02091E-20 -2.304E-03 (-1.194E-10, 2.534E-10) (-1.760E-11, 3.812E-11)  1.00E-07
  7.600E+01 7.90080E-20 -7.039E-03 (-1.249E-10, 2.483E-10) (-1.804E-11, 3.809E-11)  1.00E-07
  7.650E+01 7.78443E-20 -1.186E-02 (-1.302E-10, 2.431E-10) (-1.847E-11, 3.805E-11)  1.00E-07
  7.700E+01 7.67167E-20 -1.677E-02 (-1.353E-10, 2.379E-10) (-1.890E-11, 3.800E-11)  1.00E-07
  7.750E+01 7.56240E-20 -2.176E-02 (-1.402E-10, 2.327E-10) (-1.933E-11, 3.795E-11)  1.00E-07
  7.800E+01 7.45650E-20 -2.682E-02 (-1.449E-10, 2.275E-10) (-1.974E-11, 3.789E-11)  1.00E-07
  7.850E+01 7.35386E-20 -3.195E-02 (-1.495E-10, 2.222E-10) (-2.016E-11, 3.782E-11)  1.00E-07
  7.900E+01 7.25438E-20 -3.715E-02 (-1.538E-10, 2.169E-10) (-2.056E-11, 3.774E-11)  1.00E-07
  7.950E+01 7.15794E-20 -4.242E-02 (-1.580E-10, 2.115E-10) (-2.096E-11, 3.766E-11)  1.00E-07
  8.000E+01 7.06446E-20 -4.773E-02 (-1.621E-10, 2.062E-10) (-2.135E-11, 3.757E-11)  1.00E-07
  8.050E+01 6.97383E-20 -5.310E-02 (-1.659E-10, 2.008E-10) (-2.174E-11, 3.747E-11)  1.00E-07
  8.100E+01 6.88596E-20 -5.852E-02 (-1.696E-10, 1.955E-10) (-2.212E-11, 3.737E-11)  1.00E-07
  8.150E+01 6.80077E-20 -6.398E-02 (-1.732E-10, 1.901E-10) (-2.250E-11, 3.726E-11)  1.00E-07
  8.200E+01 6.71817E-20 -6.947E-02 (-1.765E-10, 1.847E-10) (-2.286E-11, 3.714E-11)  1.00E-07
  8.250E+01 6.63808E-20 -7.500E-02 (-1.798E-10, 1.793E-10) (-2.322E-11, 3.702E-11)  1.00E-07
  8.300E+01 6.56042E-20 -8.055E-02 (-1.828E-10, 1.740E-10) (-2.358E-11, 3.689E-11)  1.00E-07
  8.350E+01 6.48512E-20 -8.613E-02 (-1.857E-10, 1.686E-10) (-2.393E-11, 3.676E-11)  1.00E-07
  8.400E+01 6.41210E-20 -9.173E-02 (-1.885E-10, 1.633E-10) (-2.427E-11, 3.662E-11)  1.00E-07
  8.450E+01 6.34130E-20 -9.733E-02 (-1.912E-10, 1.579E-10) (-2.460E-11, 3.647E-11)  1.00E-07
  8.500E+01 6.27264E-20 -1.029E-01 (-1.936E-10, 1.526E-10) (-2.493E-11, 3.632E-11)  1.00E-07
  8.550E+01 6.20606E-20 -1.086E-01 (-1.960E-10, 1.473E-10) (-2.525E-11, 3.617E-11)  1.00E-07
  8.600E+01 6.14151E-20 -1.142E-01 (-1.982E-10, 1.420E-10) (-2.557E-11, 3.601E-11)  1.00E-07
  8.650E+01 6.07891E-20 -1.198E-01 (-2.003E-10, 1.368E-10) (-2.588E-11, 3.584E-11)  1.00E-07
  8.700E+01 6.01821E-20 -1.254E-01 (-2.023E-10, 1.315E-10) (-2.618E-11, 3.567E-11)  1.00E-07
  8.750E+01 5.95936E-20 -1.310E-01 (-2.041E-10, 1.263E-10) (-2.647E-11, 3.550E-11)  1.00E-07
  8.800E+01 5.90230E-20 -1.365E-01 (-2.059E-10, 1.211E-10) (-2.676E-11, 3.532E-11)  1.00E-07
  8.850E+01 5.84698E-20 -1.421E-01 (-2.075E-10, 1.160E-10) (-2.704E-11, 3.514E-11)  1.00E-07
  8.900E+01 5.79334E-20 -1.476E-01 (-2.090E-10, 1.109E-10) (-2.732E-11, 3.495E-11)  1.00E-07
  8.950E+01 5.74134E-20 -1.530E-01 (-2.104E-10, 1.058E-10) (-2.758E-11, 3.476E-11)  1.00E-07
  9.000E+01 5.69094E-20 -1.585E-01 (-2.116E-10, 1.008E-10) (-2.784E-11, 3.457E-11)  1.00E-07
  9.050E+01 5.64208E-20 -1.639E-01 (-2.128E-10, 9.576E-11) (-2.810E-11, 3.437E-11)  1.00E-07
  9.100E+01 5.59472E-20 -1.692E-01 (-2.139E-10, 9.079E-11) (-2.834E-11, 3.417E-11)  1.00E-07
  9.150E+01 5.54882E-20 -1.745E-01 (-2.148E-10, 8.586E-11) (-2.858E-11, 3.396E-11)  1.00E-07
  9.200E+01 5.50434E-20 -1.797E-01 (-2.157E-10, 8.098E-11) (-2.882E-11, 3.375E-11)  1.00E-07
  9.250E+01 5.46124E-20 -1.849E-01 (-2.164E-10, 7.613E-11) (-2.904E-11, 3.354E-11)  1.00E-07
  9.300E+01 5.41948E-20 -1.900E-01 (-2.171E-10, 7.133E-11) (-2.926E-11, 3.333E-11)  1.00E-07
  9.350E+01 5.37903E-20 -1.951E-01 (-2.177E-10, 6.657E-11) (-2.948E-11, 3.311E-11)  1.00E-07
  9.400E+01 5.33983E-20 -2.000E-01 (-2.182E-10, 6.185E-11) (-2.968E-11, 3.289E-11)  1.00E-07
  9.450E+01 5.30187E-20 -2.049E-01 (-2.186E-10, 5.718E-11) (-2.988E-11, 3.267E-11)  1.00E-07
  9.500E+01 5.26511E-20 -2.098E-01 (-2.189E-10, 5.256E-11) (-3.007E-11, 3.244E-11)  1.00E-07
  9.550E+01 5.22951E-20 -2.145E-01 (-2.192E-10, 4.799E-11) (-3.026E-11, 3.222E-11)  1.00E-07
  9.600E+01 5.19505E-20 -2.192E-01 (-2.193E-10, 4.346E-11) (-3.044E-11, 3.199E-11)  1.00E-07
  9.650E+01 5.16168E-20 -2.238E-01 (-2.194E-10, 3.898E-11) (-3.061E-11, 3.176E-11)  1.00E-07
  9.700E+01 5.12939E-20 -2.283E-01 (-2.195E-10, 3.454E-11) (-3.077E-11, 3.152E-11)  1.00E-07
  9.750E+01 5.09814E-20 -2.327E-01 (-2.194E-10, 3.016E-11) (-3.093E-11, 3.129E-11)  1.00E-07
  9.800E+01 5.06791E-20 -2.370E-01 (-2.193E-10, 2.583E-11) (-3.109E-11, 3.105E-11)  1.00E-07
  9.850E+01 5.03866E-20 -2.412E-01 (-2.191E-10, 2.154E-11) (-3.123E-11, 3.081E-11)  1.00E-07
  9.900E+01 5.01037E-20 -2.453E-01 (-2.188E-10, 1.731E-11) (-3.137E-11, 3.057E-11)  1.00E-07
  9.950E+01 4.98302E-20 -2.494E-01 (-2.185E-10, 1.313E-11) (-3.150E-11, 3.033E-11)  1.00E-07
  1.000E+02 4.95658E-20 -2.533E-01 (-2.181E-10, 8.997E-12) (-3.163E-11, 3.008E-11)  1.00E-07
  1.005E+02 4.93102E-20 -2.571E-01 (-2.177E-10, 4.916E-12) (-3.175E-11, 2.984E-11)  1.00E-07
  1.010E+02 4.90632E-20 -2.608E-01 (-2.172E-10, 8.857E-13) (-3.186E-11, 2.959E-11)  1.00E-07
  1.015E+02 4.88247E-20 -2.645E-01 (-2.166E-10,-3.093E-12) (-3.197E-11, 2.935E-11)  1.00E-07
  1.020E+02 4.85942E-20 -2.680E-01 (-2.160E-10,-7.020E-12) (-3.207E-11, 2.910E-11)  1.00E-07
  1.025E+02 4.83718E-20 -2.714E-01 (-2.154E-10,-1.090E-11) (-3.216E-11, 2.885E-11)  1.00E-07
  1.030E+02 4.81570E-20 -2.747E-01 (-2.147E-10,-1.472E-11) (-3.225E-11, 2.860E-11)  1.00E-07
  1.035E+02 4.79498E-20 -2.779E-01 (-2.139E-10,-1.849E-11) (-3.233E-11, 2.835E-11)  1.00E-07
  1.040E+02 4.77499E-20 -2.809E-01 (-2.131E-10,-2.222E-11) (-3.241E-11, 2.809E-11)  1.00E-07
  1.045E+02 4.75571E-20 -2.839E-01 (-2.123E-10,-2.589E-11) (-3.248E-11, 2.784E-11)  1.00E-07
  1.050E+02 4.73713E-20 -2.867E-01 (-2.114E-10,-2.951E-11) (-3.254E-11, 2.759E-11)  1.00E-07
  1.055E+02 4.71922E-20 -2.895E-01 (-2.104E-10,-3.307E-11) (-3.260E-11, 2.734E-11)  1.00E-07
  1.060E+02 4.70197E-20 -2.921E-01 (-2.095E-10,-3.659E-11) (-3.265E-11, 2.708E-11)  1.00E-07
  1.065E+02 4.68537E-20 -2.946E-01 (-2.085E-10,-4.006E-11) (-3.270E-11, 2.683E-11)  1.00E-07
  1.070E+02 4.66938E-20 -2.970E-01 (-2.074E-10,-4.347E-11) (-3.273E-11, 2.657E-11)  1.00E-07
  1.075E+02 4.65400E-20 -2.993E-01 (-2.063E-10,-4.684E-11) (-3.277E-11, 2.632E-11)  1.00E-07
  1.080E+02 4.63921E-20 -3.015E-01 (-2.052E-10,-5.016E-11) (-3.280E-11, 2.606E-11)  1.00E-07
  1.085E+02 4.62500E-20 -3.036E-01 (-2.041E-10,-5.342E-11) (-3.282E-11, 2.581E-11)  1.00E-07
  1.090E+02 4.61134E-20 -3.055E-01 (-2.029E-10,-5.664E-11) (-3.283E-11, 2.555E-11)  1.00E-07
  1.095E+02 4.59823E-20 -3.074E-01 (-2.017E-10,-5.980E-11) (-3.284E-11, 2.530E-11)  1.00E-07
  1.100E+02 4.58565E-20 -3.091E-01 (-2.005E-10,-6.292E-11) (-3.285E-11, 2.504E-11)  1.00E-07
  1.105E+02 4.57358E-20 -3.107E-01 (-1.992E-10,-6.599E-11) (-3.285E-11, 2.479E-11)  1.00E-07
  1.110E+02 4.56201E-20 -3.123E-01 (-1.979E-10,-6.901E-11) (-3.284E-11, 2.453E-11)  1.00E-07
  1.115E+02 4.55093E-20 -3.137E-01 (-1.966E-10,-7.198E-11) (-3.283E-11, 2.428E-11)  1.00E-07
  1.120E+02 4.54033E-20 -3.150E-01 (-1.953E-10,-7.491E-11) (-3.281E-11, 2.403E-11)  1.00E-07
  1.125E+02 4.53019E-20 -3.162E-01 (-1.939E-10,-7.779E-11) (-3.279E-11, 2.377E-11)  1.00E-07
  1.130E+02 4.52049E-20 -3.172E-01 (-1.926E-10,-8.062E-11) (-3.276E-11, 2.352E-11)  1.00E-07
  1.135E+02 4.51124E-20 -3.182E-01 (-1.912E-10,-8.340E-11) (-3.273E-11, 2.327E-11)  1.00E-07
  1.140E+02 4.50240E-20 -3.191E-01 (-1.898E-10,-8.614E-11) (-3.269E-11, 2.302E-11)  1.00E-07
  1.145E+02 4.49398E-20 -3.199E-01 (-1.883E-10,-8.883E-11) (-3.265E-11, 2.277E-11)  1.00E-07
  1.150E+02 4.48597E-20 -3.205E-01 (-1.869E-10,-9.148E-11) (-3.260E-11, 2.251E-11)  1.00E-07
  1.155E+02 4.47834E-20 -3.211E-01 (-1.854E-10,-9.408E-11) (-3.255E-11, 2.226E-11)  1.00E-07
  1.160E+02 4.47109E-20 -3.216E-01 (-1.839E-10,-9.664E-11) (-3.249E-11, 2.202E-11)  1.00E-07
  1.165E+02 4.46421E-20 -3.219E-01 (-1.824E-10,-9.915E-11) (-3.242E-11, 2.177E-11)  1.00E-07
  1.170E+02 4.45769E-20 -3.222E-01 (-1.809E-10,-1.016E-10) (-3.235E-11, 2.152E-11)  1.00E-07
  1.175E+02 4.45151E-20 -3.224E-01 (-1.794E-10,-1.040E-10) (-3.228E-11, 2.127E-11)  1.00E-07
  1.180E+02 4.44568E-20 -3.225E-01 (-1.779E-10,-1.064E-10) (-3.220E-11, 2.103E-11)  1.00E-07
  1.185E+02 4.44017E-20 -3.225E-01 (-1.764E-10,-1.088E-10) (-3.212E-11, 2.078E-11)  1.00E-07
  1.190E+02 4.43498E-20 -3.224E-01 (-1.748E-10,-1.111E-10) (-3.203E-11, 2.054E-11)  1.00E-07
  1.195E+02 4.43010E-20 -3.222E-01 (-1.733E-10,-1.133E-10) (-3.194E-11, 2.029E-11)  1.00E-07
  1.200E+02 4.42552E-20 -3.219E-01 (-1.717E-10,-1.155E-10) (-3.184E-11, 2.005E-11)  1.00E-07
  1.205E+02 4.42124E-20 -3.215E-01 (-1.702E-10,-1.177E-10) (-3.174E-11, 1.981E-11)  1.00E-07
  1.210E+02 4.41723E-20 -3.211E-01 (-1.686E-10,-1.199E-10) (-3.163E-11, 1.957E-11)  1.00E-07
  1.215E+02 4.41350E-20 -3.205E-01 (-1.670E-10,-1.220E-10) (-3.152E-11, 1.933E-11)  1.00E-07
  1.220E+02 4.41004E-20 -3.199E-01 (-1.654E-10,-1.240E-10) (-3.141E-11, 1.909E-11)  1.00E-07
  1.225E+02 4.40684E-20 -3.192E-01 (-1.639E-10,-1.260E-10) (-3.129E-11, 1.886E-11)  1.00E-07
  1.230E+02 4.40388E-20 -3.184E-01 (-1.623E-10,-1.280E-10) (-3.117E-11, 1.862E-11)  1.00E-07
  1.235E+02 4.40117E-20 -3.176E-01 (-1.607E-10,-1.300E-10) (-3.104E-11, 1.839E-11)  1.00E-07
  1.240E+02 4.39869E-20 -3.166E-01 (-1.591E-10,-1.319E-10) (-3.091E-11, 1.815E-11)  1.00E-07
  1.245E+02 4.39644E-20 -3.156E-01 (-1.575E-10,-1.337E-10) (-3.077E-11, 1.792E-11)  1.00E-07
  1.250E+02 4.39441E-20 -3.145E-01 (-1.559E-10,-1.356E-10) (-3.063E-11, 1.769E-11)  1.00E-07
  1.255E+02 4.39259E-20 -3.134E-01 (-1.543E-10,-1.374E-10) (-3.048E-11, 1.746E-11)  1.00E-07
  1.260E+02 4.39098E-20 -3.122E-01 (-1.528E-10,-1.391E-10) (-3.034E-11, 1.723E-11)  1.00E-07
  1.265E+02 4.38957E-20 -3.109E-01 (-1.512E-10,-1.409E-10) (-3.018E-11, 1.701E-11)  1.00E-07
  1.270E+02 4.38835E-20 -3.095E-01 (-1.496E-10,-1.426E-10) (-3.003E-11, 1.678E-11)  1.00E-07
  1.275E+02 4.38732E-20 -3.081E-01 (-1.480E-10,-1.442E-10) (-2.987E-11, 1.656E-11)  1.00E-07
  1.280E+02 4.38647E-20 -3.066E-01 (-1.464E-10,-1.458E-10) (-2.970E-11, 1.634E-11)  1.00E-07
  1.285E+02 4.38579E-20 -3.050E-01 (-1.449E-10,-1.474E-10) (-2.953E-11, 1.612E-11)  1.00E-07
  1.290E+02 4.38528E-20 -3.034E-01 (-1.433E-10,-1.490E-10) (-2.936E-11, 1.590E-11)  1.00E-07
  1.295E+02 4.38493E-20 -3.018E-01 (-1.417E-10,-1.505E-10) (-2.919E-11, 1.568E-11)  1.00E-07
  1.300E+02 4.38474E-20 -3.000E-01 (-1.402E-10,-1.520E-10) (-2.901E-11, 1.546E-11)  1.00E-07
  1.305E+02 4.38470E-20 -2.982E-01 (-1.386E-10,-1.535E-10) (-2.883E-11, 1.524E-11)  1.00E-07
  1.310E+02 4.38480E-20 -2.964E-01 (-1.371E-10,-1.549E-10) (-2.864E-11, 1.503E-11)  1.00E-07
  1.315E+02 4.38504E-20 -2.945E-01 (-1.355E-10,-1.564E-10) (-2.845E-11, 1.482E-11)  1.00E-07
  1.320E+02 4.38542E-20 -2.926E-01 (-1.340E-10,-1.577E-10) (-2.826E-11, 1.461E-11)  1.00E-07
  1.325E+02 4.38592E-20 -2.906E-01 (-1.325E-10,-1.591E-10) (-2.806E-11, 1.440E-11)  1.00E-07
  1.330E+02 4.38655E-20 -2.885E-01 (-1.310E-10,-1.604E-10) (-2.786E-11, 1.419E-11)  1.00E-07
  1.335E+02 4.38729E-20 -2.864E-01 (-1.295E-10,-1.617E-10) (-2.766E-11, 1.398E-11)  1.00E-07
  1.340E+02 4.38815E-20 -2.843E-01 (-1.280E-10,-1.630E-10) (-2.745E-11, 1.378E-11)  1.00E-07
  1.345E+02 4.38912E-20 -2.821E-01 (-1.265E-10,-1.642E-10) (-2.725E-11, 1.357E-11)  1.00E-07
  1.350E+02 4.39019E-20 -2.799E-01 (-1.250E-10,-1.654E-10) (-2.703E-11, 1.337E-11)  1.00E-07
  1.355E+02 4.39136E-20 -2.776E-01 (-1.235E-10,-1.666E-10) (-2.682E-11, 1.317E-11)  1.00E-07
  1.360E+02 4.39263E-20 -2.753E-01 (-1.221E-10,-1.678E-10) (-2.660E-11, 1.297E-11)  1.00E-07
  1.365E+02 4.39399E-20 -2.729E-01 (-1.206E-10,-1.689E-10) (-2.638E-11, 1.277E-11)  1.00E-07
  1.370E+02 4.39543E-20 -2.705E-01 (-1.192E-10,-1.700E-10) (-2.615E-11, 1.257E-11)  1.00E-07
  1.375E+02 4.39696E-20 -2.681E-01 (-1.178E-10,-1.711E-10) (-2.593E-11, 1.238E-11)  1.00E-07
  1.380E+02 4.39857E-20 -2.656E-01 (-1.164E-10,-1.722E-10) (-2.570E-11, 1.218E-11)  1.00E-07
  1.385E+02 4.40025E-20 -2.631E-01 (-1.149E-10,-1.732E-10) (-2.546E-11, 1.199E-11)  1.00E-07
  1.390E+02 4.40200E-20 -2.606E-01 (-1.136E-10,-1.742E-10) (-2.523E-11, 1.180E-11)  1.00E-07
  1.395E+02 4.40381E-20 -2.580E-01 (-1.122E-10,-1.752E-10) (-2.499E-11, 1.161E-11)  1.00E-07
  1.400E+02 4.40569E-20 -2.554E-01 (-1.108E-10,-1.762E-10) (-2.475E-11, 1.142E-11)  1.00E-07
  1.405E+02 4.40763E-20 -2.527E-01 (-1.095E-10,-1.771E-10) (-2.450E-11, 1.124E-11)  1.00E-07
  1.410E+02 4.40962E-20 -2.501E-01 (-1.081E-10,-1.780E-10) (-2.426E-11, 1.105E-11)  1.00E-07
  1.415E+02 4.41167E-20 -2.474E-01 (-1.068E-10,-1.789E-10) (-2.401E-11, 1.087E-11)  1.00E-07
  1.420E+02 4.41376E-20 -2.446E-01 (-1.055E-10,-1.798E-10) (-2.376E-11, 1.069E-11)  1.00E-07
  1.425E+02 4.41590E-20 -2.419E-01 (-1.042E-10,-1.807E-10) (-2.350E-11, 1.051E-11)  1.00E-07
  1.430E+02 4.41808E-20 -2.391E-01 (-1.029E-10,-1.815E-10) (-2.325E-11, 1.033E-11)  1.00E-07
  1.435E+02 4.42030E-20 -2.363E-01 (-1.016E-10,-1.823E-10) (-2.299E-11, 1.015E-11)  1.00E-07
  1.440E+02 4.42255E-20 -2.335E-01 (-1.003E-10,-1.831E-10) (-2.272E-11, 9.974E-12)  1.00E-07
  1.445E+02 4.42484E-20 -2.306E-01 (-9.909E-11,-1.839E-10) (-2.246E-11, 9.799E-12)  1.00E-07
  1.450E+02 4.42716E-20 -2.277E-01 (-9.786E-11,-1.847E-10) (-2.220E-11, 9.626E-12)  1.00E-07
  1.455E+02 4.42950E-20 -2.248E-01 (-9.664E-11,-1.854E-10) (-2.193E-11, 9.453E-12)  1.00E-07
  1.460E+02 4.43187E-20 -2.219E-01 (-9.544E-11,-1.862E-10) (-2.166E-11, 9.283E-12)  1.00E-07
  1.465E+02 4.43426E-20 -2.190E-01 (-9.425E-11,-1.869E-10) (-2.138E-11, 9.113E-12)  1.00E-07
  1.470E+02 4.43666E-20 -2.160E-01 (-9.308E-11,-1.876E-10) (-2.111E-11, 8.945E-12)  1.00E-07
  1.475E+02 4.43908E-20 -2.130E-01 (-9.192E-11,-1.882E-10) (-2.083E-11, 8.779E-12)  1.00E-07
  1.480E+02 4.44152E-20 -2.100E-01 (-9.078E-11,-1.889E-10) (-2.055E-11, 8.613E-12)  1.00E-07
  1.485E+02 4.44396E-20 -2.070E-01 (-8.965E-11,-1.895E-10) (-2.027E-11, 8.449E-12)  1.00E-07
  1.490E+02 4.44641E-20 -2.040E-01 (-8.854E-11,-1.901E-10) (-1.999E-11, 8.286E-12)  1.00E-07
  1.495E+02 4.44887E-20 -2.009E-01 (-8.745E-11,-1.908E-10) (-1.970E-11, 8.125E-12)  1.00E-07
  1.500E+02 4.45133E-20 -1.978E-01 (-8.637E-11,-1.913E-10) (-1.942E-11, 7.965E-12)  1.00E-07
  1.505E+02 4.45379E-20 -1.948E-01 (-8.531E-11,-1.919E-10) (-1.913E-11, 7.806E-12)  1.00E-07
  1.510E+02 4.45625E-20 -1.917E-01 (-8.426E-11,-1.925E-10) (-1.884E-11, 7.648E-12)  1.00E-07
  1.515E+02 4.45871E-20 -1.886E-01 (-8.323E-11,-1.930E-10) (-1.855E-11, 7.492E-12)  1.00E-07
  1.520E+02 4.46116E-20 -1.854E-01 (-8.222E-11,-1.936E-10) (-1.825E-11, 7.336E-12)  1.00E-07
  1.525E+02 4.46360E-20 -1.823E-01 (-8.122E-11,-1.941E-10) (-1.796E-11, 7.182E-12)  1.00E-07
  1.530E+02 4.46603E-20 -1.791E-01 (-8.024E-11,-1.946E-10) (-1.766E-11, 7.029E-12)  1.00E-07
  1.535E+02 4.46845E-20 -1.760E-01 (-7.928E-11,-1.951E-10) (-1.736E-11, 6.878E-12)  1.00E-07
  1.540E+02 4.47085E-20 -1.728E-01 (-7.833E-11,-1.955E-10) (-1.706E-11, 6.727E-12)  1.00E-07
  1.545E+02 4.47324E-20 -1.696E-01 (-7.740E-11,-1.960E-10) (-1.676E-11, 6.578E-12)  1.00E-07
  1.550E+02 4.47561E-20 -1.664E-01 (-7.649E-11,-1.965E-10) (-1.645E-11, 6.430E-12)  1.00E-07
  1.555E+02 4.47797E-20 -1.632E-01 (-7.559E-11,-1.969E-10) (-1.615E-11, 6.282E-12)  1.00E-07
  1.560E+02 4.48030E-20 -1.600E-01 (-7.471E-11,-1.973E-10) (-1.584E-11, 6.136E-12)  1.00E-07
  1.565E+02 4.48261E-20 -1.568E-01 (-7.385E-11,-1.977E-10) (-1.553E-11, 5.991E-12)  1.00E-07
  1.570E+02 4.48489E-20 -1.535E-01 (-7.301E-11,-1.981E-10) (-1.522E-11, 5.847E-12)  1.00E-07
  1.575E+02 4.48715E-20 -1.503E-01 (-7.218E-11,-1.985E-10) (-1.491E-11, 5.705E-12)  1.00E-07
  1.580E+02 4.48937E-20 -1.471E-01 (-7.137E-11,-1.989E-10) (-1.460E-11, 5.563E-12)  1.00E-07
  1.585E+02 4.49157E-20 -1.438E-01 (-7.058E-11,-1.993E-10) (-1.429E-11, 5.422E-12)  1.00E-07
  1.590E+02 4.49374E-20 -1.405E-01 (-6.980E-11,-1.996E-10) (-1.397E-11, 5.282E-12)  1.00E-07
  1.595E+02 4.49588E-20 -1.373E-01 (-6.905E-11,-1.999E-10) (-1.366E-11, 5.143E-12)  1.00E-07
  1.600E+02 4.49798E-20 -1.340E-01 (-6.831E-11,-2.003E-10) (-1.334E-11, 5.005E-12)  1.00E-07
  1.605E+02 4.50005E-20 -1.307E-01 (-6.758E-11,-2.006E-10) (-1.302E-11, 4.868E-12)  1.00E-07
  1.610E+02 4.50208E-20 -1.274E-01 (-6.688E-11,-2.009E-10) (-1.270E-11, 4.731E-12)  1.00E-07
  1.615E+02 4.50407E-20 -1.241E-01 (-6.619E-11,-2.012E-10) (-1.238E-11, 4.596E-12)  1.00E-07
  1.620E+02 4.50603E-20 -1.208E-01 (-6.553E-11,-2.015E-10) (-1.206E-11, 4.461E-12)  1.00E-07
  1.625E+02 4.50794E-20 -1.175E-01 (-6.488E-11,-2.018E-10) (-1.173E-11, 4.328E-12)  1.00E-07
  1.630E+02 4.50982E-20 -1.142E-01 (-6.424E-11,-2.020E-10) (-1.141E-11, 4.195E-12)  1.00E-07
  1.635E+02 4.51165E-20 -1.109E-01 (-6.363E-11,-2.023E-10) (-1.109E-11, 4.063E-12)  1.00E-07
  1.640E+02 4.51343E-20 -1.076E-01 (-6.303E-11,-2.026E-10) (-1.076E-11, 3.931E-12)  1.00E-07
  1.645E+02 4.51518E-20 -1.042E-01 (-6.245E-11,-2.028E-10) (-1.043E-11, 3.801E-12)  1.00E-07
  1.650E+02 4.51687E-20 -1.009E-01 (-6.189E-11,-2.030E-10) (-1.010E-11, 3.671E-12)  1.00E-07
  1.655E+02 4.51853E-20 -9.757E-02 (-6.135E-11,-2.033E-10) (-9.776E-12, 3.542E-12)  1.00E-07
  1.660E+02 4.52013E-20 -9.423E-02 (-6.083E-11,-2.035E-10) (-9.447E-12, 3.413E-12)  1.00E-07
  1.665E+02 4.52168E-20 -9.089E-02 (-6.032E-11,-2.037E-10) (-9.116E-12, 3.286E-12)  1.00E-07
  1.670E+02 4.52319E-20 -8.755E-02 (-5.983E-11,-2.039E-10) (-8.785E-12, 3.158E-12)  1.00E-07
  1.675E+02 4.52465E-20 -8.420E-02 (-5.936E-11,-2.041E-10) (-8.453E-12, 3.032E-12)  1.00E-07
  1.680E+02 4.52605E-20 -8.086E-02 (-5.891E-11,-2.042E-10) (-8.121E-12, 2.906E-12)  1.00E-07
  1.685E+02 4.52741E-20 -7.751E-02 (-5.848E-11,-2.044E-10) (-7.788E-12, 2.780E-12)  1.00E-07
  1.690E+02 4.52871E-20 -7.415E-02 (-5.806E-11,-2.046E-10) (-7.454E-12, 2.656E-12)  1.00E-07
  1.695E+02 4.52995E-20 -7.080E-02 (-5.767E-11,-2.047E-10) (-7.119E-12, 2.531E-12)  1.00E-07
  1.700E+02 4.53115E-20 -6.744E-02 (-5.729E-11,-2.049E-10) (-6.784E-12, 2.407E-12)  1.00E-07
  1.705E+02 4.53229E-20 -6.408E-02 (-5.693E-11,-2.050E-10) (-6.448E-12, 2.284E-12)  1.00E-07
  1.710E+02 4.53337E-20 -6.072E-02 (-5.659E-11,-2.052E-10) (-6.112E-12, 2.161E-12)  1.00E-07
  1.715E+02 4.53440E-20 -5.735E-02 (-5.626E-11,-2.053E-10) (-5.775E-12, 2.039E-12)  1.00E-07
  1.720E+02 4.53538E-20 -5.399E-02 (-5.596E-11,-2.054E-10) (-5.438E-12, 1.917E-12)  1.00E-07
  1.725E+02 4.53630E-20 -5.062E-02 (-5.567E-11,-2.055E-10) (-5.100E-12, 1.795E-12)  1.00E-07
  1.730E+02 4.53716E-20 -4.725E-02 (-5.540E-11,-2.056E-10) (-4.762E-12, 1.674E-12)  1.00E-07
  1.735E+02 4.53796E-20 -4.388E-02 (-5.515E-11,-2.057E-10) (-4.424E-12, 1.553E-12)  1.00E-07
  1.740E+02 4.53870E-20 -4.051E-02 (-5.492E-11,-2.058E-10) (-4.085E-12, 1.432E-12)  1.00E-07
  1.745E+02 4.53939E-20 -3.714E-02 (-5.471E-11,-2.059E-10) (-3.746E-12, 1.312E-12)  1.00E-07
  1.750E+02 4.54002E-20 -3.376E-02 (-5.452E-11,-2.059E-10) (-3.406E-12, 1.192E-12)  1.00E-07
  1.755E+02 4.54059E-20 -3.039E-02 (-5.434E-11,-2.060E-10) (-3.066E-12, 1.072E-12)  1.00E-07
  1.760E+02 4.54110E-20 -2.702E-02 (-5.418E-11,-2.061E-10) (-2.726E-12, 9.522E-13)  1.00E-07
  1.765E+02 4.54155E-20 -2.364E-02 (-5.404E-11,-2.061E-10) (-2.386E-12, 8.327E-13)  1.00E-07
  1.770E+02 4.54194E-20 -2.026E-02 (-5.392E-11,-2.062E-10) (-2.045E-12, 7.135E-13)  1.00E-07
  1.775E+02 4.54227E-20 -1.689E-02 (-5.382E-11,-2.062E-10) (-1.705E-12, 5.943E-13)  1.00E-07
  1.780E+02 4.54254E-20 -1.351E-02 (-5.374E-11,-2.062E-10) (-1.364E-12, 4.753E-13)  1.00E-07
  1.785E+02 4.54275E-20 -1.013E-02 (-5.367E-11,-2.063E-10) (-1.023E-12, 3.564E-13)  1.00E-07
  1.790E+02 4.54290E-20 -6.756E-03 (-5.363E-11,-2.063E-10) (-6.821E-13, 2.376E-13)  1.00E-07
  1.795E+02 4.54300E-20 -3.378E-03 (-5.360E-11,-2.063E-10) (-3.411E-13, 1.188E-13)  1.00E-07
  1.800E+02 4.54303E-20 -4.740E-17 (-5.359E-11,-2.063E-10) (-4.787E-27, 1.667E-27)  1.00E-07

  TOTAL ELASTIC CROSS SECTION = 4.695682E-17 cm**2
               FROM DCS TABLE = 4.694872E-17  (REL. DIF. = 1.72E-04)

  1ST TRANSPORT CROSS SECTION = 1.185353E-18 cm**2
               FROM DCS TABLE = 1.185350E-18  (REL. DIF. = 2.06E-06)

  2ND TRANSPORT CROSS SECTION = 2.211553E-18 cm**2

  **** DPWA0 ENDED ************************************************************

