

  **** PARTIAL WAVE ANALYSIS (DPWA0) ******************************************


  KINETIC ENERGY = 2.50000E+04 eV

      L       PHASE(SPIN UP)     PHASE(SPIN DOWN)
  -----------------------------------------------
       0      1.18812890E+00      0.00000000E+00
       1      8.55476813E-01      8.71496118E-01
       2      6.89747145E-01      6.97315261E-01
       3      5.82629571E-01      5.87452316E-01
       4      5.05328313E-01      5.08789490E-01
       5      4.46038702E-01      4.48687305E-01
       6      3.98758707E-01      4.00869149E-01
       7      3.60013584E-01      3.61743096E-01
       8      3.27609489E-01      3.29056666E-01
       9      3.00073038E-01      3.01303783E-01
      10      2.76368085E-01      2.77428593E-01
      11      2.55739653E-01      2.56663504E-01
      12      2.37621966E-01      2.38434281E-01
      13      2.21581276E-01      2.22301293E-01
      14      2.07278760E-01      2.07921496E-01
      15      1.94445548E-01      1.95022913E-01
      16      1.82865398E-01      1.83386970E-01
      17      1.72362375E-01      1.72835946E-01
      18      1.62791880E-01      1.63223857E-01
      19      1.54034004E-01      1.54429700E-01
      20      1.45988510E-01      1.46352368E-01
      21      1.38571002E-01      1.38906766E-01
      22      1.31709950E-01      1.32020794E-01
      23      1.25344360E-01      1.25632993E-01
      24      1.19421933E-01      1.19690679E-01
      25      1.13897587E-01      1.14148451E-01
      26      1.08732270E-01      1.08966989E-01
      27      1.03891996E-01      1.04112085E-01
      28      9.93470590E-02      9.95538427E-02
      29      9.50713825E-02      9.52660240E-02
      30      9.10419848E-02      9.12255105E-02
      31      8.72385334E-02      8.74118522E-02
      32      8.36429728E-02      8.38068924E-02
      33      8.02392122E-02      8.03944533E-02
      34      7.70128623E-02      7.71600698E-02
      35      7.39510128E-02      7.40907660E-02
      36      7.10420429E-02      7.11748635E-02
      37      6.82754604E-02      6.84018199E-02
      38      6.56417634E-02      6.57620893E-02
      39      6.31323228E-02      6.32470035E-02
      40      6.07392795E-02      6.08486691E-02
      41      5.84554571E-02      5.85598793E-02
      42      5.62742856E-02      5.63740369E-02
      43      5.41897354E-02      5.42850881E-02
      44      5.21962596E-02      5.22874643E-02
      45      5.02887438E-02      5.03760318E-02
      46      4.84624620E-02      4.85460474E-02
      47      4.67130384E-02      4.67931192E-02
      48      4.50364128E-02      4.51131731E-02
      49      4.34288114E-02      4.35024223E-02
      50      4.18867195E-02      4.19573404E-02
      51      4.04068586E-02      4.04746384E-02
      52      3.89861653E-02      3.90512430E-02
      53      3.76217726E-02      3.76842786E-02
      54      3.63109937E-02      3.63710501E-02
      55      3.50513067E-02      3.51090282E-02
      56      3.38403415E-02      3.38958360E-02
      57      3.26758679E-02      3.27292368E-02
      58      3.15557846E-02      3.16071238E-02
      59      3.04781099E-02      3.05275094E-02
      60      2.94409721E-02      2.94885174E-02
      61      2.84426026E-02      2.84883742E-02
      62      2.74813275E-02      2.75254018E-02
      63      2.65555620E-02      2.65980113E-02
      64      2.56638038E-02      2.57046965E-02
      65      2.48046276E-02      2.48440289E-02
      66      2.39766805E-02      2.40146521E-02
      67      2.31786770E-02      2.32152776E-02
      68      2.24093947E-02      2.24446801E-02
      69      2.16676708E-02      2.17016941E-02
      70      2.09523980E-02      2.09852099E-02
      71      2.02625218E-02      2.02941703E-02
      72      1.95970368E-02      1.96275679E-02
      73      1.89549841E-02      1.89844417E-02
      74      1.83354488E-02      1.83638747E-02
      75      1.77375575E-02      1.77649916E-02
      76      1.71604757E-02      1.71869562E-02
      77      1.66034062E-02      1.66289696E-02
      78      1.60655868E-02      1.60902679E-02
      79      1.55462882E-02      1.55701204E-02
      80      1.50448131E-02      1.50678283E-02
      81      1.45604936E-02      1.45827223E-02
      82      1.40926904E-02      1.41141619E-02
      83      1.36407909E-02      1.36615333E-02
      84      1.32042083E-02      1.32242484E-02
      85      1.27823801E-02      1.28017436E-02
      86      1.23747668E-02      1.23934785E-02
      87      1.19808511E-02      1.19989346E-02
      88      1.16001367E-02      1.16176147E-02
      89      1.12321471E-02      1.12490415E-02
      90      1.08764251E-02      1.08927568E-02
      91      1.05325316E-02      1.05483208E-02
      92      1.02000450E-02      1.02153110E-02
      93      9.87856004E-03      9.89332133E-03
      94      9.56768755E-03      9.58196200E-03

  WARNING: Possible accumulation of round-off errors.
      95      9.26705332E-03      9.28085806E-03  i
      96      8.97629770E-03      8.98964921E-03  i
      97      8.69507483E-03      8.70798897E-03  i
      98      8.42305208E-03      8.43554409E-03  i
      99      8.15990952E-03      8.17199405E-03  i
     100      7.90533930E-03      7.91703048E-03  i
     105      6.75108456E-03      6.76100274E-03  i
     110      5.77109740E-03      5.77952440E-03  i
     115      4.93785447E-03      4.94502442E-03  i
     120      4.22844796E-03      4.23455605E-03  i
     125      3.62374938E-03      3.62895882E-03  i
     130      3.10773977E-03      3.11218744E-03  i
     135      2.66696979E-03      2.67077073E-03  i
     140      2.29012130E-03      2.29337244E-03  i
     145      1.96764997E-03      1.97043311E-03  i
     150      1.69149202E-03      1.69387633E-03  i
     155      1.45482295E-03      1.45686703E-03  i
     160      1.25185809E-03      1.25361164E-03  i
     165      1.07768710E-03      1.07919234E-03  i
     170      9.28136437E-04      9.29429269E-04  i
     175      7.99654470E-04      8.00765464E-04  i
     180      6.89215445E-04      6.90170661E-04  i
     185      5.94238996E-04      5.95060667E-04  i
     190      5.12522464E-04      5.13229577E-04  i
     195      4.42183932E-04      4.42792717E-04  i
     200      3.81614202E-04      3.82138542E-04  i
     205      3.29436214E-04      3.29887994E-04  i
     210      2.84470703E-04      2.84860104E-04  i
     215      2.45707101E-04      2.46042851E-04  i
     220      2.12278859E-04      2.12568444E-04  i
     225      1.83442479E-04      1.83692323E-04  i
     230      1.58559681E-04      1.58775303E-04  i
     235      1.37082226E-04      1.37268366E-04  i
     240      1.18538973E-04      1.18699704E-04  i
     245      1.02524847E-04      1.02663674E-04  i
     250      8.86914185E-05      8.88113554E-05  i
     255      7.67388563E-05      7.68424981E-05  i
     260      6.64090434E-05      6.64986244E-05  i
     265      5.74796891E-05      5.75571336E-05  i
     270      4.97592862E-05      4.98262524E-05  i
     275      4.30827906E-05      4.31407079E-05  i
     280      3.73079177E-05      3.73580184E-05  i
     285      3.23119647E-05      3.23553118E-05  i
     290      2.79890839E-05      2.80265945E-05  i
     295      2.42479410E-05      2.42804066E-05  i
     300      2.10097033E-05      2.10378070E-05  i
     310      1.57789875E-05      1.58000569E-05  i
     320      1.18563821E-05      1.18721872E-05  i
     330      8.91304752E-06      8.92491034E-06  i
     340      6.70331333E-06      6.71222186E-06  i
     350      5.04349213E-06      5.05018540E-06  i
     360      3.79613686E-06      3.80116806E-06  i
     370      2.85832756E-06      2.86211104E-06  i
     380      2.15294723E-06      2.15579360E-06  i
     390      1.62217745E-06      1.62431966E-06  i
     400      1.22264397E-06      1.22425682E-06  i
     410      9.21788475E-07      9.23003198E-07  i
     420      6.95162227E-07      6.96077404E-07  i
     430      5.24395581E-07      5.25085282E-07  i
     440      3.95680272E-07      3.96200219E-07  i
     450      2.98632677E-07      2.99024763E-07  i
     460      2.25441054E-07      2.25736797E-07  i
     470      1.70226410E-07      1.70449560E-07  i
     480      1.28562725E-07      1.28731129E-07  i
     490      9.71165737E-08      9.72436758E-08  i
     500      7.33766609E-08      7.34726441E-08  i
     510      5.54504463E-08      5.55229410E-08  i
     520      4.19117410E-08      4.19664824E-08  i
     530      3.16838756E-08      3.17252342E-08  i
     540      2.39559733E-08      2.39872281E-08  i
     550      1.81158616E-08      1.81394876E-08  i
     560      1.37014337E-08      1.37192843E-08  i
     570      1.03642675E-08      1.03777467E-08  i
     580      7.84084835E-09      7.85105594E-09  i
     590      5.93259091E-09      5.94030606E-09  i
     600      4.48973919E-09      4.49557369E-09  i
     620      2.57167520E-09      2.57500681E-09  i


  *** SCATTERING AMPLITUDES AND DIFFERENTIAL CROSS SECTION ***

    ANGLE      DCS       ASYMMETRY    DIRECT AMPLITUDE       SPIN-FLIP AMPLITUDE     ERROR
    (deg)   (cm**2/sr)                      (cm)                    (cm)
  -------------------------------------------------------------------------------------------
  0.000E+00 3.16948E-15  0.000E+00 ( 5.600E-08, 5.747E-09) ( 0.000E+00, 0.000E+00)  1.00E-07
  1.000E-04 3.16948E-15  1.413E-10 ( 5.600E-08, 5.747E-09) ( 2.286E-15, 2.386E-16)  1.00E-07
  1.250E-04 3.16948E-15  1.766E-10 ( 5.600E-08, 5.747E-09) ( 2.858E-15, 2.983E-16)  1.00E-07
  1.500E-04 3.16948E-15  2.119E-10 ( 5.600E-08, 5.747E-09) ( 3.430E-15, 3.579E-16)  1.00E-07
  1.750E-04 3.16948E-15  2.472E-10 ( 5.600E-08, 5.747E-09) ( 4.001E-15, 4.176E-16)  1.00E-07
  2.000E-04 3.16948E-15  2.826E-10 ( 5.600E-08, 5.747E-09) ( 4.573E-15, 4.772E-16)  1.00E-07
  2.250E-04 3.16948E-15  3.179E-10 ( 5.600E-08, 5.747E-09) ( 5.144E-15, 5.369E-16)  1.00E-07
  2.500E-04 3.16948E-15  3.532E-10 ( 5.600E-08, 5.747E-09) ( 5.716E-15, 5.965E-16)  1.00E-07
  2.750E-04 3.16948E-15  3.885E-10 ( 5.600E-08, 5.747E-09) ( 6.288E-15, 6.562E-16)  1.00E-07
  3.000E-04 3.16948E-15  4.238E-10 ( 5.600E-08, 5.747E-09) ( 6.859E-15, 7.159E-16)  1.00E-07
  3.250E-04 3.16948E-15  4.591E-10 ( 5.600E-08, 5.747E-09) ( 7.431E-15, 7.755E-16)  1.00E-07
  3.500E-04 3.16948E-15  4.945E-10 ( 5.600E-08, 5.747E-09) ( 8.002E-15, 8.352E-16)  1.00E-07
  3.750E-04 3.16948E-15  5.298E-10 ( 5.600E-08, 5.747E-09) ( 8.574E-15, 8.948E-16)  1.00E-07
  4.000E-04 3.16948E-15  5.651E-10 ( 5.600E-08, 5.747E-09) ( 9.146E-15, 9.545E-16)  1.00E-07
  4.250E-04 3.16948E-15  6.004E-10 ( 5.600E-08, 5.747E-09) ( 9.717E-15, 1.014E-15)  1.00E-07
  4.500E-04 3.16948E-15  6.357E-10 ( 5.600E-08, 5.747E-09) ( 1.029E-14, 1.074E-15)  1.00E-07
  4.750E-04 3.16948E-15  6.711E-10 ( 5.600E-08, 5.747E-09) ( 1.086E-14, 1.133E-15)  1.00E-07
  5.000E-04 3.16948E-15  7.064E-10 ( 5.600E-08, 5.747E-09) ( 1.143E-14, 1.193E-15)  1.00E-07
  5.250E-04 3.16948E-15  7.417E-10 ( 5.600E-08, 5.747E-09) ( 1.200E-14, 1.253E-15)  1.00E-07
  5.500E-04 3.16948E-15  7.770E-10 ( 5.600E-08, 5.747E-09) ( 1.258E-14, 1.312E-15)  1.00E-07
  5.750E-04 3.16948E-15  8.123E-10 ( 5.600E-08, 5.747E-09) ( 1.315E-14, 1.372E-15)  1.00E-07
  6.000E-04 3.16948E-15  8.477E-10 ( 5.600E-08, 5.747E-09) ( 1.372E-14, 1.432E-15)  1.00E-07
  6.250E-04 3.16948E-15  8.830E-10 ( 5.600E-08, 5.747E-09) ( 1.429E-14, 1.491E-15)  1.00E-07
  6.500E-04 3.16948E-15  9.183E-10 ( 5.600E-08, 5.747E-09) ( 1.486E-14, 1.551E-15)  1.00E-07
  6.750E-04 3.16948E-15  9.536E-10 ( 5.600E-08, 5.747E-09) ( 1.543E-14, 1.611E-15)  1.00E-07
  7.000E-04 3.16948E-15  9.889E-10 ( 5.600E-08, 5.747E-09) ( 1.600E-14, 1.670E-15)  1.00E-07
  7.250E-04 3.16948E-15  1.024E-09 ( 5.600E-08, 5.747E-09) ( 1.658E-14, 1.730E-15)  1.00E-07
  7.500E-04 3.16948E-15  1.060E-09 ( 5.600E-08, 5.747E-09) ( 1.715E-14, 1.790E-15)  1.00E-07
  7.750E-04 3.16948E-15  1.095E-09 ( 5.600E-08, 5.747E-09) ( 1.772E-14, 1.849E-15)  1.00E-07
  8.000E-04 3.16948E-15  1.130E-09 ( 5.600E-08, 5.747E-09) ( 1.829E-14, 1.909E-15)  1.00E-07
  8.250E-04 3.16948E-15  1.166E-09 ( 5.600E-08, 5.747E-09) ( 1.886E-14, 1.969E-15)  1.00E-07
  8.500E-04 3.16948E-15  1.201E-09 ( 5.600E-08, 5.747E-09) ( 1.943E-14, 2.028E-15)  1.00E-07
  8.750E-04 3.16948E-15  1.236E-09 ( 5.600E-08, 5.747E-09) ( 2.001E-14, 2.088E-15)  1.00E-07
  9.000E-04 3.16948E-15  1.271E-09 ( 5.600E-08, 5.747E-09) ( 2.058E-14, 2.148E-15)  1.00E-07
  9.250E-04 3.16948E-15  1.307E-09 ( 5.600E-08, 5.747E-09) ( 2.115E-14, 2.207E-15)  1.00E-07
  9.500E-04 3.16948E-15  1.342E-09 ( 5.600E-08, 5.747E-09) ( 2.172E-14, 2.267E-15)  1.00E-07
  9.750E-04 3.16948E-15  1.377E-09 ( 5.600E-08, 5.747E-09) ( 2.229E-14, 2.327E-15)  1.00E-07
  1.000E-03 3.16948E-15  1.413E-09 ( 5.600E-08, 5.747E-09) ( 2.286E-14, 2.386E-15)  1.00E-07
  1.250E-03 3.16948E-15  1.766E-09 ( 5.600E-08, 5.747E-09) ( 2.858E-14, 2.983E-15)  1.00E-07
  1.500E-03 3.16948E-15  2.119E-09 ( 5.600E-08, 5.747E-09) ( 3.430E-14, 3.579E-15)  1.00E-07
  1.750E-03 3.16948E-15  2.472E-09 ( 5.600E-08, 5.747E-09) ( 4.001E-14, 4.176E-15)  1.00E-07
  2.000E-03 3.16947E-15  2.826E-09 ( 5.600E-08, 5.747E-09) ( 4.573E-14, 4.772E-15)  1.00E-07
  2.250E-03 3.16947E-15  3.179E-09 ( 5.600E-08, 5.747E-09) ( 5.144E-14, 5.369E-15)  1.00E-07
  2.500E-03 3.16947E-15  3.532E-09 ( 5.600E-08, 5.747E-09) ( 5.716E-14, 5.965E-15)  1.00E-07
  2.750E-03 3.16946E-15  3.885E-09 ( 5.600E-08, 5.747E-09) ( 6.288E-14, 6.562E-15)  1.00E-07
  3.000E-03 3.16946E-15  4.238E-09 ( 5.600E-08, 5.747E-09) ( 6.859E-14, 7.159E-15)  1.00E-07
  3.250E-03 3.16946E-15  4.591E-09 ( 5.600E-08, 5.747E-09) ( 7.431E-14, 7.755E-15)  1.00E-07
  3.500E-03 3.16945E-15  4.945E-09 ( 5.600E-08, 5.747E-09) ( 8.002E-14, 8.352E-15)  1.00E-07
  3.750E-03 3.16945E-15  5.298E-09 ( 5.600E-08, 5.747E-09) ( 8.574E-14, 8.948E-15)  1.00E-07
  4.000E-03 3.16944E-15  5.651E-09 ( 5.600E-08, 5.747E-09) ( 9.146E-14, 9.545E-15)  1.00E-07
  4.250E-03 3.16944E-15  6.004E-09 ( 5.600E-08, 5.747E-09) ( 9.717E-14, 1.014E-14)  1.00E-07
  4.500E-03 3.16943E-15  6.357E-09 ( 5.600E-08, 5.747E-09) ( 1.029E-13, 1.074E-14)  1.00E-07
  4.750E-03 3.16943E-15  6.711E-09 ( 5.600E-08, 5.747E-09) ( 1.086E-13, 1.133E-14)  1.00E-07
  5.000E-03 3.16942E-15  7.064E-09 ( 5.600E-08, 5.747E-09) ( 1.143E-13, 1.193E-14)  1.00E-07
  5.250E-03 3.16941E-15  7.417E-09 ( 5.600E-08, 5.747E-09) ( 1.200E-13, 1.253E-14)  1.00E-07
  5.500E-03 3.16941E-15  7.770E-09 ( 5.600E-08, 5.747E-09) ( 1.258E-13, 1.312E-14)  1.00E-07
  5.750E-03 3.16940E-15  8.123E-09 ( 5.600E-08, 5.747E-09) ( 1.315E-13, 1.372E-14)  1.00E-07
  6.000E-03 3.16939E-15  8.477E-09 ( 5.600E-08, 5.747E-09) ( 1.372E-13, 1.432E-14)  1.00E-07
  6.250E-03 3.16938E-15  8.830E-09 ( 5.600E-08, 5.747E-09) ( 1.429E-13, 1.491E-14)  1.00E-07
  6.500E-03 3.16938E-15  9.183E-09 ( 5.600E-08, 5.747E-09) ( 1.486E-13, 1.551E-14)  1.00E-07
  6.750E-03 3.16937E-15  9.536E-09 ( 5.600E-08, 5.747E-09) ( 1.543E-13, 1.611E-14)  1.00E-07
  7.000E-03 3.16936E-15  9.889E-09 ( 5.600E-08, 5.747E-09) ( 1.600E-13, 1.670E-14)  1.00E-07
  7.250E-03 3.16935E-15  1.024E-08 ( 5.600E-08, 5.747E-09) ( 1.658E-13, 1.730E-14)  1.00E-07
  7.500E-03 3.16934E-15  1.060E-08 ( 5.600E-08, 5.747E-09) ( 1.715E-13, 1.790E-14)  1.00E-07
  7.750E-03 3.16933E-15  1.095E-08 ( 5.600E-08, 5.747E-09) ( 1.772E-13, 1.849E-14)  1.00E-07
  8.000E-03 3.16932E-15  1.130E-08 ( 5.600E-08, 5.747E-09) ( 1.829E-13, 1.909E-14)  1.00E-07
  8.250E-03 3.16931E-15  1.166E-08 ( 5.600E-08, 5.747E-09) ( 1.886E-13, 1.969E-14)  1.00E-07
  8.500E-03 3.16930E-15  1.201E-08 ( 5.600E-08, 5.747E-09) ( 1.943E-13, 2.028E-14)  1.00E-07
  8.750E-03 3.16929E-15  1.236E-08 ( 5.600E-08, 5.747E-09) ( 2.001E-13, 2.088E-14)  1.00E-07
  9.000E-03 3.16928E-15  1.272E-08 ( 5.600E-08, 5.747E-09) ( 2.058E-13, 2.148E-14)  1.00E-07
  9.250E-03 3.16927E-15  1.307E-08 ( 5.600E-08, 5.747E-09) ( 2.115E-13, 2.207E-14)  1.00E-07
  9.500E-03 3.16925E-15  1.342E-08 ( 5.600E-08, 5.747E-09) ( 2.172E-13, 2.267E-14)  1.00E-07
  9.750E-03 3.16924E-15  1.377E-08 ( 5.600E-08, 5.747E-09) ( 2.229E-13, 2.327E-14)  1.00E-07
  1.000E-02 3.16923E-15  1.413E-08 ( 5.600E-08, 5.747E-09) ( 2.286E-13, 2.386E-14)  1.00E-07
  1.250E-02 3.16908E-15  1.766E-08 ( 5.600E-08, 5.747E-09) ( 2.858E-13, 2.983E-14)  1.00E-07
  1.500E-02 3.16891E-15  2.119E-08 ( 5.600E-08, 5.747E-09) ( 3.429E-13, 3.579E-14)  1.00E-07
  1.750E-02 3.16870E-15  2.473E-08 ( 5.600E-08, 5.747E-09) ( 4.001E-13, 4.176E-14)  1.00E-07
  2.000E-02 3.16846E-15  2.826E-08 ( 5.599E-08, 5.747E-09) ( 4.572E-13, 4.772E-14)  1.00E-07
  2.250E-02 3.16819E-15  3.179E-08 ( 5.599E-08, 5.747E-09) ( 5.143E-13, 5.369E-14)  1.00E-07
  2.500E-02 3.16789E-15  3.533E-08 ( 5.599E-08, 5.747E-09) ( 5.715E-13, 5.965E-14)  1.00E-07
  2.750E-02 3.16755E-15  3.886E-08 ( 5.599E-08, 5.747E-09) ( 6.286E-13, 6.562E-14)  1.00E-07
  3.000E-02 3.16718E-15  4.240E-08 ( 5.598E-08, 5.747E-09) ( 6.857E-13, 7.158E-14)  1.00E-07
  3.250E-02 3.16678E-15  4.593E-08 ( 5.598E-08, 5.747E-09) ( 7.428E-13, 7.755E-14)  1.00E-07
  3.500E-02 3.16635E-15  4.947E-08 ( 5.598E-08, 5.746E-09) ( 7.998E-13, 8.351E-14)  1.00E-07
  3.750E-02 3.16589E-15  5.300E-08 ( 5.597E-08, 5.746E-09) ( 8.569E-13, 8.947E-14)  1.00E-07
  4.000E-02 3.16539E-15  5.654E-08 ( 5.597E-08, 5.746E-09) ( 9.140E-13, 9.544E-14)  1.00E-07
  4.250E-02 3.16487E-15  6.008E-08 ( 5.596E-08, 5.746E-09) ( 9.710E-13, 1.014E-13)  1.00E-07
  4.500E-02 3.16431E-15  6.362E-08 ( 5.596E-08, 5.746E-09) ( 1.028E-12, 1.074E-13)  1.00E-07
  4.750E-02 3.16372E-15  6.716E-08 ( 5.595E-08, 5.746E-09) ( 1.085E-12, 1.133E-13)  1.00E-07
  5.000E-02 3.16310E-15  7.070E-08 ( 5.595E-08, 5.746E-09) ( 1.142E-12, 1.193E-13)  1.00E-07
  5.250E-02 3.16244E-15  7.424E-08 ( 5.594E-08, 5.746E-09) ( 1.199E-12, 1.253E-13)  1.00E-07
  5.500E-02 3.16176E-15  7.778E-08 ( 5.594E-08, 5.746E-09) ( 1.256E-12, 1.312E-13)  1.00E-07
  5.750E-02 3.16104E-15  8.132E-08 ( 5.593E-08, 5.746E-09) ( 1.313E-12, 1.372E-13)  1.00E-07
  6.000E-02 3.16029E-15  8.487E-08 ( 5.592E-08, 5.746E-09) ( 1.370E-12, 1.431E-13)  1.00E-07
  6.250E-02 3.15951E-15  8.841E-08 ( 5.592E-08, 5.746E-09) ( 1.427E-12, 1.491E-13)  1.00E-07
  6.500E-02 3.15870E-15  9.196E-08 ( 5.591E-08, 5.746E-09) ( 1.484E-12, 1.551E-13)  1.00E-07
  6.750E-02 3.15786E-15  9.551E-08 ( 5.590E-08, 5.745E-09) ( 1.540E-12, 1.610E-13)  1.00E-07
  7.000E-02 3.15698E-15  9.906E-08 ( 5.589E-08, 5.745E-09) ( 1.597E-12, 1.670E-13)  1.00E-07
  7.250E-02 3.15608E-15  1.026E-07 ( 5.588E-08, 5.745E-09) ( 1.654E-12, 1.729E-13)  1.00E-07
  7.500E-02 3.15514E-15  1.062E-07 ( 5.588E-08, 5.745E-09) ( 1.711E-12, 1.789E-13)  1.00E-07
  7.750E-02 3.15417E-15  1.097E-07 ( 5.587E-08, 5.745E-09) ( 1.768E-12, 1.849E-13)  1.00E-07
  8.000E-02 3.15317E-15  1.133E-07 ( 5.586E-08, 5.745E-09) ( 1.824E-12, 1.908E-13)  1.00E-07
  8.250E-02 3.15214E-15  1.168E-07 ( 5.585E-08, 5.745E-09) ( 1.881E-12, 1.968E-13)  1.00E-07
  8.500E-02 3.15108E-15  1.204E-07 ( 5.584E-08, 5.745E-09) ( 1.938E-12, 2.027E-13)  1.00E-07
  8.750E-02 3.14998E-15  1.239E-07 ( 5.583E-08, 5.744E-09) ( 1.994E-12, 2.087E-13)  1.00E-07
  9.000E-02 3.14886E-15  1.275E-07 ( 5.582E-08, 5.744E-09) ( 2.051E-12, 2.147E-13)  1.00E-07
  9.250E-02 3.14770E-15  1.311E-07 ( 5.581E-08, 5.744E-09) ( 2.108E-12, 2.206E-13)  1.00E-07
  9.500E-02 3.14652E-15  1.346E-07 ( 5.580E-08, 5.744E-09) ( 2.164E-12, 2.266E-13)  1.00E-07
  9.750E-02 3.14530E-15  1.382E-07 ( 5.579E-08, 5.744E-09) ( 2.221E-12, 2.325E-13)  1.00E-07
  1.000E-01 3.14405E-15  1.418E-07 ( 5.578E-08, 5.744E-09) ( 2.277E-12, 2.385E-13)  1.00E-07
  1.250E-01 3.12988E-15  1.775E-07 ( 5.565E-08, 5.742E-09) ( 2.840E-12, 2.980E-13)  1.00E-07
  1.500E-01 3.11269E-15  2.135E-07 ( 5.550E-08, 5.740E-09) ( 3.399E-12, 3.575E-13)  1.00E-07
  1.750E-01 3.09257E-15  2.498E-07 ( 5.531E-08, 5.737E-09) ( 3.952E-12, 4.169E-13)  1.00E-07
  2.000E-01 3.06960E-15  2.864E-07 ( 5.511E-08, 5.734E-09) ( 4.500E-12, 4.762E-13)  1.00E-07
  2.250E-01 3.04387E-15  3.233E-07 ( 5.487E-08, 5.731E-09) ( 5.041E-12, 5.354E-13)  1.00E-07
  2.500E-01 3.01551E-15  3.606E-07 ( 5.461E-08, 5.727E-09) ( 5.575E-12, 5.945E-13)  1.00E-07
  2.750E-01 2.98464E-15  3.984E-07 ( 5.433E-08, 5.723E-09) ( 6.100E-12, 6.535E-13)  1.00E-07
  3.000E-01 2.95138E-15  4.366E-07 ( 5.402E-08, 5.718E-09) ( 6.617E-12, 7.123E-13)  1.00E-07
  3.250E-01 2.91586E-15  4.754E-07 ( 5.370E-08, 5.713E-09) ( 7.125E-12, 7.710E-13)  1.00E-07
  3.500E-01 2.87824E-15  5.148E-07 ( 5.334E-08, 5.708E-09) ( 7.623E-12, 8.296E-13)  1.00E-07
  3.750E-01 2.83865E-15  5.547E-07 ( 5.297E-08, 5.702E-09) ( 8.111E-12, 8.880E-13)  1.00E-07
  4.000E-01 2.79725E-15  5.953E-07 ( 5.258E-08, 5.696E-09) ( 8.588E-12, 9.462E-13)  1.00E-07
  4.250E-01 2.75419E-15  6.366E-07 ( 5.217E-08, 5.690E-09) ( 9.054E-12, 1.004E-12)  1.00E-07
  4.500E-01 2.70962E-15  6.787E-07 ( 5.174E-08, 5.683E-09) ( 9.508E-12, 1.062E-12)  1.00E-07
  4.750E-01 2.66370E-15  7.215E-07 ( 5.130E-08, 5.676E-09) ( 9.950E-12, 1.120E-12)  1.00E-07
  5.000E-01 2.61658E-15  7.651E-07 ( 5.084E-08, 5.668E-09) ( 1.038E-11, 1.177E-12)  1.00E-07
  5.250E-01 2.56841E-15  8.095E-07 ( 5.036E-08, 5.660E-09) ( 1.080E-11, 1.234E-12)  1.00E-07
  5.500E-01 2.51934E-15  8.548E-07 ( 4.987E-08, 5.652E-09) ( 1.120E-11, 1.291E-12)  1.00E-07
  5.750E-01 2.46952E-15  9.011E-07 ( 4.937E-08, 5.643E-09) ( 1.159E-11, 1.348E-12)  1.00E-07
  6.000E-01 2.41908E-15  9.482E-07 ( 4.886E-08, 5.634E-09) ( 1.197E-11, 1.404E-12)  1.00E-07
  6.250E-01 2.36816E-15  9.964E-07 ( 4.834E-08, 5.625E-09) ( 1.234E-11, 1.460E-12)  1.00E-07
  6.500E-01 2.31690E-15  1.046E-06 ( 4.781E-08, 5.615E-09) ( 1.269E-11, 1.516E-12)  1.00E-07
  6.750E-01 2.26541E-15  1.096E-06 ( 4.727E-08, 5.605E-09) ( 1.303E-11, 1.572E-12)  1.00E-07
  7.000E-01 2.21382E-15  1.147E-06 ( 4.672E-08, 5.595E-09) ( 1.336E-11, 1.627E-12)  1.00E-07
  7.250E-01 2.16224E-15  1.200E-06 ( 4.616E-08, 5.585E-09) ( 1.367E-11, 1.682E-12)  1.00E-07
  7.500E-01 2.11078E-15  1.253E-06 ( 4.560E-08, 5.574E-09) ( 1.397E-11, 1.737E-12)  1.00E-07
  7.750E-01 2.05953E-15  1.308E-06 ( 4.504E-08, 5.562E-09) ( 1.426E-11, 1.791E-12)  1.00E-07
  8.000E-01 2.00858E-15  1.364E-06 ( 4.447E-08, 5.551E-09) ( 1.453E-11, 1.845E-12)  1.00E-07
  8.250E-01 1.95803E-15  1.421E-06 ( 4.390E-08, 5.539E-09) ( 1.480E-11, 1.899E-12)  1.00E-07
  8.500E-01 1.90795E-15  1.479E-06 ( 4.333E-08, 5.527E-09) ( 1.505E-11, 1.952E-12)  1.00E-07
  8.750E-01 1.85841E-15  1.539E-06 ( 4.276E-08, 5.515E-09) ( 1.529E-11, 2.005E-12)  1.00E-07
  9.000E-01 1.80948E-15  1.600E-06 ( 4.218E-08, 5.502E-09) ( 1.551E-11, 2.058E-12)  1.00E-07
  9.250E-01 1.76122E-15  1.662E-06 ( 4.161E-08, 5.489E-09) ( 1.573E-11, 2.110E-12)  1.00E-07
  9.500E-01 1.71367E-15  1.726E-06 ( 4.103E-08, 5.476E-09) ( 1.593E-11, 2.162E-12)  1.00E-07
  9.750E-01 1.66689E-15  1.791E-06 ( 4.046E-08, 5.463E-09) ( 1.612E-11, 2.213E-12)  1.00E-07
  1.000E+00 1.62092E-15  1.857E-06 ( 3.989E-08, 5.449E-09) ( 1.630E-11, 2.265E-12)  1.00E-07
  1.100E+00 1.44572E-15  2.136E-06 ( 3.764E-08, 5.392E-09) ( 1.692E-11, 2.466E-12)  1.00E-07
  1.200E+00 1.28542E-15  2.439E-06 ( 3.545E-08, 5.331E-09) ( 1.740E-11, 2.660E-12)  1.00E-07
  1.300E+00 1.14048E-15  2.766E-06 ( 3.336E-08, 5.268E-09) ( 1.774E-11, 2.848E-12)  1.00E-07
  1.400E+00 1.01067E-15  3.117E-06 ( 3.136E-08, 5.201E-09) ( 1.796E-11, 3.029E-12)  1.00E-07
  1.500E+00 8.95243E-16  3.493E-06 ( 2.948E-08, 5.133E-09) ( 1.809E-11, 3.203E-12)  1.00E-07
  1.600E+00 7.93151E-16  3.893E-06 ( 2.770E-08, 5.062E-09) ( 1.814E-11, 3.371E-12)  1.00E-07
  1.700E+00 7.03209E-16  4.318E-06 ( 2.604E-08, 4.990E-09) ( 1.813E-11, 3.532E-12)  1.00E-07
  1.800E+00 6.24181E-16  4.768E-06 ( 2.450E-08, 4.917E-09) ( 1.806E-11, 3.685E-12)  1.00E-07
  1.900E+00 5.54859E-16  5.241E-06 ( 2.305E-08, 4.842E-09) ( 1.795E-11, 3.833E-12)  1.00E-07
  2.000E+00 4.94101E-16  5.737E-06 ( 2.171E-08, 4.767E-09) ( 1.780E-11, 3.973E-12)  1.00E-07
  2.100E+00 4.40858E-16  6.255E-06 ( 2.047E-08, 4.692E-09) ( 1.762E-11, 4.107E-12)  1.00E-07
  2.200E+00 3.94181E-16  6.795E-06 ( 1.931E-08, 4.617E-09) ( 1.742E-11, 4.235E-12)  1.00E-07
  2.300E+00 3.53228E-16  7.355E-06 ( 1.824E-08, 4.542E-09) ( 1.721E-11, 4.357E-12)  1.00E-07
  2.400E+00 3.17253E-16  7.934E-06 ( 1.724E-08, 4.467E-09) ( 1.699E-11, 4.473E-12)  1.00E-07
  2.500E+00 2.85605E-16  8.532E-06 ( 1.632E-08, 4.392E-09) ( 1.675E-11, 4.584E-12)  1.00E-07
  2.600E+00 2.57717E-16  9.147E-06 ( 1.546E-08, 4.319E-09) ( 1.651E-11, 4.689E-12)  1.00E-07
  2.700E+00 2.33097E-16  9.779E-06 ( 1.467E-08, 4.246E-09) ( 1.627E-11, 4.789E-12)  1.00E-07
  2.800E+00 2.11318E-16  1.043E-05 ( 1.392E-08, 4.174E-09) ( 1.603E-11, 4.884E-12)  1.00E-07
  2.900E+00 1.92013E-16  1.109E-05 ( 1.324E-08, 4.102E-09) ( 1.579E-11, 4.974E-12)  1.00E-07
  3.000E+00 1.74864E-16  1.176E-05 ( 1.259E-08, 4.032E-09) ( 1.555E-11, 5.059E-12)  1.00E-07
  3.100E+00 1.59597E-16  1.244E-05 ( 1.200E-08, 3.963E-09) ( 1.531E-11, 5.141E-12)  1.00E-07
  3.200E+00 1.45976E-16  1.314E-05 ( 1.144E-08, 3.895E-09) ( 1.507E-11, 5.218E-12)  1.00E-07
  3.300E+00 1.33797E-16  1.385E-05 ( 1.091E-08, 3.829E-09) ( 1.484E-11, 5.291E-12)  1.00E-07
  3.400E+00 1.22882E-16  1.456E-05 ( 1.043E-08, 3.763E-09) ( 1.461E-11, 5.360E-12)  1.00E-07
  3.500E+00 1.13080E-16  1.528E-05 ( 9.970E-09, 3.699E-09) ( 1.439E-11, 5.426E-12)  1.00E-07
  3.600E+00 1.04257E-16  1.601E-05 ( 9.541E-09, 3.636E-09) ( 1.417E-11, 5.489E-12)  1.00E-07
  3.700E+00 9.63002E-17  1.675E-05 ( 9.139E-09, 3.575E-09) ( 1.396E-11, 5.548E-12)  1.00E-07
  3.800E+00 8.91082E-17  1.749E-05 ( 8.761E-09, 3.515E-09) ( 1.375E-11, 5.604E-12)  1.00E-07
  3.900E+00 8.25946E-17  1.823E-05 ( 8.406E-09, 3.456E-09) ( 1.354E-11, 5.657E-12)  1.00E-07
  4.000E+00 7.66837E-17  1.898E-05 ( 8.071E-09, 3.398E-09) ( 1.334E-11, 5.708E-12)  1.00E-07
  4.100E+00 7.13090E-17  1.973E-05 ( 7.755E-09, 3.341E-09) ( 1.315E-11, 5.756E-12)  1.00E-07
  4.200E+00 6.64128E-17  2.048E-05 ( 7.457E-09, 3.286E-09) ( 1.296E-11, 5.801E-12)  1.00E-07
  4.300E+00 6.19440E-17  2.124E-05 ( 7.176E-09, 3.232E-09) ( 1.277E-11, 5.845E-12)  1.00E-07
  4.400E+00 5.78581E-17  2.199E-05 ( 6.910E-09, 3.179E-09) ( 1.259E-11, 5.885E-12)  1.00E-07
  4.500E+00 5.41156E-17  2.274E-05 ( 6.658E-09, 3.128E-09) ( 1.241E-11, 5.924E-12)  1.00E-07
  4.600E+00 5.06819E-17  2.349E-05 ( 6.420E-09, 3.077E-09) ( 1.224E-11, 5.961E-12)  1.00E-07
  4.700E+00 4.75262E-17  2.424E-05 ( 6.193E-09, 3.028E-09) ( 1.207E-11, 5.995E-12)  1.00E-07
  4.800E+00 4.46214E-17  2.499E-05 ( 5.978E-09, 2.980E-09) ( 1.191E-11, 6.028E-12)  1.00E-07
  4.900E+00 4.19434E-17  2.574E-05 ( 5.774E-09, 2.933E-09) ( 1.175E-11, 6.059E-12)  1.00E-07
  5.000E+00 3.94707E-17  2.648E-05 ( 5.580E-09, 2.887E-09) ( 1.159E-11, 6.089E-12)  1.00E-07
  5.100E+00 3.71842E-17  2.721E-05 ( 5.395E-09, 2.842E-09) ( 1.143E-11, 6.117E-12)  1.00E-07
  5.200E+00 3.50670E-17  2.794E-05 ( 5.219E-09, 2.798E-09) ( 1.128E-11, 6.143E-12)  1.00E-07
  5.300E+00 3.31037E-17  2.867E-05 ( 5.051E-09, 2.755E-09) ( 1.113E-11, 6.168E-12)  1.00E-07
  5.400E+00 3.12809E-17  2.938E-05 ( 4.891E-09, 2.713E-09) ( 1.099E-11, 6.191E-12)  1.00E-07
  5.500E+00 2.95862E-17  3.009E-05 ( 4.738E-09, 2.672E-09) ( 1.085E-11, 6.213E-12)  1.00E-07
  5.600E+00 2.80087E-17  3.080E-05 ( 4.591E-09, 2.632E-09) ( 1.071E-11, 6.234E-12)  1.00E-07
  5.700E+00 2.65385E-17  3.149E-05 ( 4.451E-09, 2.593E-09) ( 1.057E-11, 6.254E-12)  1.00E-07
  5.800E+00 2.51667E-17  3.218E-05 ( 4.318E-09, 2.555E-09) ( 1.044E-11, 6.272E-12)  1.00E-07
  5.900E+00 2.38853E-17  3.285E-05 ( 4.189E-09, 2.517E-09) ( 1.031E-11, 6.289E-12)  1.00E-07
  6.000E+00 2.26869E-17  3.351E-05 ( 4.066E-09, 2.480E-09) ( 1.018E-11, 6.305E-12)  1.00E-07
  6.100E+00 2.15651E-17  3.417E-05 ( 3.948E-09, 2.444E-09) ( 1.006E-11, 6.320E-12)  1.00E-07
  6.200E+00 2.05139E-17  3.481E-05 ( 3.835E-09, 2.409E-09) ( 9.935E-12, 6.334E-12)  1.00E-07
  6.300E+00 1.95278E-17  3.544E-05 ( 3.727E-09, 2.375E-09) ( 9.815E-12, 6.348E-12)  1.00E-07
  6.400E+00 1.86019E-17  3.605E-05 ( 3.622E-09, 2.341E-09) ( 9.696E-12, 6.360E-12)  1.00E-07
  6.500E+00 1.77317E-17  3.665E-05 ( 3.522E-09, 2.308E-09) ( 9.580E-12, 6.371E-12)  1.00E-07
  6.600E+00 1.69132E-17  3.724E-05 ( 3.425E-09, 2.276E-09) ( 9.465E-12, 6.382E-12)  1.00E-07
  6.700E+00 1.61425E-17  3.781E-05 ( 3.332E-09, 2.245E-09) ( 9.353E-12, 6.391E-12)  1.00E-07
  6.800E+00 1.54163E-17  3.837E-05 ( 3.243E-09, 2.214E-09) ( 9.242E-12, 6.400E-12)  1.00E-07
  6.900E+00 1.47314E-17  3.891E-05 ( 3.157E-09, 2.183E-09) ( 9.134E-12, 6.408E-12)  1.00E-07
  7.000E+00 1.40850E-17  3.943E-05 ( 3.074E-09, 2.154E-09) ( 9.027E-12, 6.416E-12)  1.00E-07
  7.100E+00 1.34745E-17  3.994E-05 ( 2.993E-09, 2.125E-09) ( 8.922E-12, 6.422E-12)  1.00E-07
  7.200E+00 1.28973E-17  4.042E-05 ( 2.916E-09, 2.096E-09) ( 8.819E-12, 6.428E-12)  1.00E-07
  7.300E+00 1.23514E-17  4.089E-05 ( 2.841E-09, 2.068E-09) ( 8.717E-12, 6.433E-12)  1.00E-07
  7.400E+00 1.18345E-17  4.134E-05 ( 2.769E-09, 2.041E-09) ( 8.617E-12, 6.438E-12)  1.00E-07
  7.500E+00 1.13449E-17  4.177E-05 ( 2.700E-09, 2.014E-09) ( 8.518E-12, 6.442E-12)  1.00E-07
  7.600E+00 1.08808E-17  4.217E-05 ( 2.632E-09, 1.988E-09) ( 8.421E-12, 6.446E-12)  1.00E-07
  7.700E+00 1.04405E-17  4.256E-05 ( 2.567E-09, 1.962E-09) ( 8.326E-12, 6.449E-12)  1.00E-07
  7.800E+00 1.00227E-17  4.292E-05 ( 2.504E-09, 1.937E-09) ( 8.232E-12, 6.451E-12)  1.00E-07
  7.900E+00 9.62584E-18  4.325E-05 ( 2.444E-09, 1.912E-09) ( 8.139E-12, 6.453E-12)  1.00E-07
  8.000E+00 9.24870E-18  4.357E-05 ( 2.385E-09, 1.887E-09) ( 8.048E-12, 6.454E-12)  1.00E-07
  8.100E+00 8.89010E-18  4.386E-05 ( 2.328E-09, 1.863E-09) ( 7.957E-12, 6.455E-12)  1.00E-07
  8.200E+00 8.54892E-18  4.412E-05 ( 2.272E-09, 1.840E-09) ( 7.869E-12, 6.455E-12)  1.00E-07
  8.300E+00 8.22414E-18  4.436E-05 ( 2.219E-09, 1.817E-09) ( 7.781E-12, 6.455E-12)  1.00E-07
  8.400E+00 7.91481E-18  4.457E-05 ( 2.167E-09, 1.794E-09) ( 7.695E-12, 6.454E-12)  1.00E-07
  8.500E+00 7.62003E-18  4.476E-05 ( 2.116E-09, 1.772E-09) ( 7.610E-12, 6.453E-12)  1.00E-07
  8.600E+00 7.33898E-18  4.491E-05 ( 2.068E-09, 1.750E-09) ( 7.526E-12, 6.452E-12)  1.00E-07
  8.700E+00 7.07088E-18  4.504E-05 ( 2.020E-09, 1.729E-09) ( 7.443E-12, 6.450E-12)  1.00E-07
  8.800E+00 6.81501E-18  4.514E-05 ( 1.974E-09, 1.708E-09) ( 7.362E-12, 6.447E-12)  1.00E-07
  8.900E+00 6.57070E-18  4.521E-05 ( 1.930E-09, 1.687E-09) ( 7.281E-12, 6.445E-12)  1.00E-07
  9.000E+00 6.33732E-18  4.525E-05 ( 1.886E-09, 1.667E-09) ( 7.202E-12, 6.442E-12)  1.00E-07
  9.100E+00 6.11428E-18  4.525E-05 ( 1.844E-09, 1.647E-09) ( 7.124E-12, 6.438E-12)  1.00E-07
  9.200E+00 5.90102E-18  4.523E-05 ( 1.803E-09, 1.628E-09) ( 7.046E-12, 6.434E-12)  1.00E-07
  9.300E+00 5.69703E-18  4.517E-05 ( 1.763E-09, 1.608E-09) ( 6.970E-12, 6.430E-12)  1.00E-07
  9.400E+00 5.50182E-18  4.508E-05 ( 1.725E-09, 1.590E-09) ( 6.895E-12, 6.426E-12)  1.00E-07
  9.500E+00 5.31494E-18  4.495E-05 ( 1.687E-09, 1.571E-09) ( 6.820E-12, 6.421E-12)  1.00E-07
  9.600E+00 5.13596E-18  4.480E-05 ( 1.651E-09, 1.553E-09) ( 6.747E-12, 6.416E-12)  1.00E-07
  9.700E+00 4.96448E-18  4.460E-05 ( 1.615E-09, 1.535E-09) ( 6.675E-12, 6.411E-12)  1.00E-07
  9.800E+00 4.80012E-18  4.437E-05 ( 1.581E-09, 1.517E-09) ( 6.603E-12, 6.405E-12)  1.00E-07
  9.900E+00 4.64252E-18  4.410E-05 ( 1.547E-09, 1.500E-09) ( 6.532E-12, 6.399E-12)  1.00E-07
  1.000E+01 4.49135E-18  4.380E-05 ( 1.514E-09, 1.483E-09) ( 6.463E-12, 6.393E-12)  1.00E-07
  1.025E+01 4.13955E-18  4.287E-05 ( 1.436E-09, 1.441E-09) ( 6.292E-12, 6.376E-12)  1.00E-07
  1.050E+01 3.82157E-18  4.170E-05 ( 1.363E-09, 1.401E-09) ( 6.127E-12, 6.358E-12)  1.00E-07
  1.075E+01 3.53356E-18  4.028E-05 ( 1.294E-09, 1.363E-09) ( 5.967E-12, 6.339E-12)  1.00E-07
  1.100E+01 3.27217E-18  3.858E-05 ( 1.230E-09, 1.326E-09) ( 5.811E-12, 6.318E-12)  1.00E-07
  1.125E+01 3.03450E-18  3.662E-05 ( 1.169E-09, 1.291E-09) ( 5.660E-12, 6.296E-12)  1.00E-07
  1.150E+01 2.81799E-18  3.437E-05 ( 1.113E-09, 1.257E-09) ( 5.514E-12, 6.274E-12)  1.00E-07
  1.175E+01 2.62043E-18  3.184E-05 ( 1.059E-09, 1.224E-09) ( 5.371E-12, 6.250E-12)  1.00E-07
  1.200E+01 2.43986E-18  2.900E-05 ( 1.008E-09, 1.193E-09) ( 5.233E-12, 6.225E-12)  1.00E-07
  1.225E+01 2.27454E-18  2.585E-05 ( 9.609E-10, 1.162E-09) ( 5.099E-12, 6.199E-12)  1.00E-07
  1.250E+01 2.12295E-18  2.239E-05 ( 9.159E-10, 1.133E-09) ( 4.969E-12, 6.173E-12)  1.00E-07
  1.275E+01 1.98376E-18  1.860E-05 ( 8.735E-10, 1.105E-09) ( 4.842E-12, 6.146E-12)  1.00E-07
  1.300E+01 1.85576E-18  1.448E-05 ( 8.333E-10, 1.078E-09) ( 4.719E-12, 6.118E-12)  1.00E-07
  1.325E+01 1.73789E-18  1.002E-05 ( 7.954E-10, 1.051E-09) ( 4.599E-12, 6.090E-12)  1.00E-07
  1.350E+01 1.62921E-18  0.000E+00 ( 7.594E-10, 1.026E-09) ( 4.483E-12, 6.061E-12)  1.00E-07
  1.375E+01 1.52887E-18  0.000E+00 ( 7.253E-10, 1.001E-09) ( 4.370E-12, 6.032E-12)  1.00E-07
  1.400E+01 1.43612E-18  0.000E+00 ( 6.931E-10, 9.776E-10) ( 4.259E-12, 6.003E-12)  1.00E-07
  1.425E+01 1.35027E-18 -1.137E-05 ( 6.624E-10, 9.547E-10) ( 4.152E-12, 5.973E-12)  1.00E-07
  1.450E+01 1.27073E-18 -1.764E-05 ( 6.333E-10, 9.325E-10) ( 4.048E-12, 5.943E-12)  1.00E-07
  1.475E+01 1.19694E-18 -2.429E-05 ( 6.057E-10, 9.111E-10) ( 3.947E-12, 5.912E-12)  1.00E-07
  1.500E+01 1.12842E-18 -3.133E-05 ( 5.794E-10, 8.903E-10) ( 3.848E-12, 5.881E-12)  1.00E-07
  1.525E+01 1.06472E-18 -3.876E-05 ( 5.545E-10, 8.702E-10) ( 3.752E-12, 5.850E-12)  1.00E-07
  1.550E+01 1.00544E-18 -4.659E-05 ( 5.307E-10, 8.507E-10) ( 3.658E-12, 5.819E-12)  1.00E-07
  1.575E+01 9.50215E-19 -5.483E-05 ( 5.081E-10, 8.319E-10) ( 3.567E-12, 5.788E-12)  1.00E-07
  1.600E+01 8.98725E-19 -6.348E-05 ( 4.866E-10, 8.136E-10) ( 3.478E-12, 5.757E-12)  1.00E-07
  1.625E+01 8.50669E-19 -7.255E-05 ( 4.661E-10, 7.959E-10) ( 3.391E-12, 5.725E-12)  1.00E-07
  1.650E+01 8.05777E-19 -8.203E-05 ( 4.465E-10, 7.787E-10) ( 3.307E-12, 5.693E-12)  1.00E-07
  1.675E+01 7.63801E-19 -9.195E-05 ( 4.278E-10, 7.620E-10) ( 3.225E-12, 5.662E-12)  1.00E-07
  1.700E+01 7.24519E-19 -1.023E-04 ( 4.100E-10, 7.459E-10) ( 3.145E-12, 5.630E-12)  1.00E-07
  1.725E+01 6.87727E-19 -1.131E-04 ( 3.931E-10, 7.302E-10) ( 3.067E-12, 5.598E-12)  1.00E-07
  1.750E+01 6.53237E-19 -1.243E-04 ( 3.768E-10, 7.150E-10) ( 2.991E-12, 5.567E-12)  1.00E-07
  1.775E+01 6.20880E-19 -1.360E-04 ( 3.613E-10, 7.002E-10) ( 2.917E-12, 5.535E-12)  1.00E-07
  1.800E+01 5.90500E-19 -1.481E-04 ( 3.465E-10, 6.859E-10) ( 2.844E-12, 5.504E-12)  1.00E-07
  1.825E+01 5.61954E-19 -1.606E-04 ( 3.323E-10, 6.719E-10) ( 2.774E-12, 5.472E-12)  1.00E-07
  1.850E+01 5.35111E-19 -1.737E-04 ( 3.188E-10, 6.584E-10) ( 2.705E-12, 5.441E-12)  1.00E-07
  1.875E+01 5.09851E-19 -1.872E-04 ( 3.058E-10, 6.452E-10) ( 2.638E-12, 5.409E-12)  1.00E-07
  1.900E+01 4.86064E-19 -2.011E-04 ( 2.934E-10, 6.324E-10) ( 2.572E-12, 5.378E-12)  1.00E-07
  1.925E+01 4.63648E-19 -2.155E-04 ( 2.815E-10, 6.200E-10) ( 2.508E-12, 5.347E-12)  1.00E-07
  1.950E+01 4.42509E-19 -2.304E-04 ( 2.701E-10, 6.079E-10) ( 2.446E-12, 5.315E-12)  1.00E-07
  1.975E+01 4.22562E-19 -2.458E-04 ( 2.592E-10, 5.961E-10) ( 2.385E-12, 5.284E-12)  1.00E-07
  2.000E+01 4.03727E-19 -2.616E-04 ( 2.488E-10, 5.846E-10) ( 2.326E-12, 5.254E-12)  1.00E-07
  2.025E+01 3.85930E-19 -2.780E-04 ( 2.387E-10, 5.735E-10) ( 2.268E-12, 5.223E-12)  1.00E-07
  2.050E+01 3.69104E-19 -2.948E-04 ( 2.291E-10, 5.626E-10) ( 2.211E-12, 5.192E-12)  1.00E-07
  2.075E+01 3.53186E-19 -3.121E-04 ( 2.199E-10, 5.521E-10) ( 2.156E-12, 5.162E-12)  1.00E-07
  2.100E+01 3.38118E-19 -3.298E-04 ( 2.111E-10, 5.418E-10) ( 2.102E-12, 5.131E-12)  1.00E-07
  2.125E+01 3.23846E-19 -3.481E-04 ( 2.026E-10, 5.318E-10) ( 2.049E-12, 5.101E-12)  1.00E-07
  2.150E+01 3.10320E-19 -3.669E-04 ( 1.944E-10, 5.220E-10) ( 1.998E-12, 5.071E-12)  1.00E-07
  2.175E+01 2.97495E-19 -3.861E-04 ( 1.866E-10, 5.125E-10) ( 1.947E-12, 5.042E-12)  1.00E-07
  2.200E+01 2.85327E-19 -4.059E-04 ( 1.790E-10, 5.032E-10) ( 1.898E-12, 5.012E-12)  1.00E-07
  2.225E+01 2.73776E-19 -4.262E-04 ( 1.718E-10, 4.942E-10) ( 1.850E-12, 4.982E-12)  1.00E-07
  2.250E+01 2.62805E-19 -4.469E-04 ( 1.648E-10, 4.854E-10) ( 1.803E-12, 4.953E-12)  1.00E-07
  2.275E+01 2.52380E-19 -4.682E-04 ( 1.582E-10, 4.768E-10) ( 1.757E-12, 4.924E-12)  1.00E-07
  2.300E+01 2.42468E-19 -4.899E-04 ( 1.517E-10, 4.684E-10) ( 1.712E-12, 4.895E-12)  1.00E-07
  2.325E+01 2.33039E-19 -5.122E-04 ( 1.455E-10, 4.603E-10) ( 1.668E-12, 4.866E-12)  1.00E-07
  2.350E+01 2.24066E-19 -5.350E-04 ( 1.396E-10, 4.523E-10) ( 1.626E-12, 4.838E-12)  1.00E-07
  2.375E+01 2.15522E-19 -5.583E-04 ( 1.339E-10, 4.445E-10) ( 1.584E-12, 4.810E-12)  1.00E-07
  2.400E+01 2.07383E-19 -5.821E-04 ( 1.283E-10, 4.369E-10) ( 1.543E-12, 4.781E-12)  1.00E-07
  2.425E+01 1.99626E-19 -6.064E-04 ( 1.230E-10, 4.295E-10) ( 1.503E-12, 4.753E-12)  1.00E-07
  2.450E+01 1.92230E-19 -6.312E-04 ( 1.179E-10, 4.223E-10) ( 1.463E-12, 4.726E-12)  1.00E-07
  2.475E+01 1.85175E-19 -6.566E-04 ( 1.130E-10, 4.152E-10) ( 1.425E-12, 4.698E-12)  1.00E-07
  2.500E+01 1.78442E-19 -6.824E-04 ( 1.082E-10, 4.083E-10) ( 1.387E-12, 4.671E-12)  1.00E-07
  2.550E+01 1.65873E-19 -7.357E-04 ( 9.927E-11, 3.950E-10) ( 1.315E-12, 4.617E-12)  1.00E-07
  2.600E+01 1.54398E-19 -7.910E-04 ( 9.092E-11, 3.822E-10) ( 1.245E-12, 4.563E-12)  1.00E-07
  2.650E+01 1.43903E-19 -8.483E-04 ( 8.317E-11, 3.701E-10) ( 1.179E-12, 4.511E-12)  1.00E-07
  2.700E+01 1.34290E-19 -9.078E-04 ( 7.595E-11, 3.585E-10) ( 1.115E-12, 4.459E-12)  1.00E-07
  2.750E+01 1.25472E-19 -9.693E-04 ( 6.922E-11, 3.474E-10) ( 1.053E-12, 4.408E-12)  1.00E-07
  2.800E+01 1.17371E-19 -1.033E-03 ( 6.296E-11, 3.367E-10) ( 9.948E-13, 4.358E-12)  1.00E-07
  2.850E+01 1.09917E-19 -1.099E-03 ( 5.712E-11, 3.266E-10) ( 9.385E-13, 4.308E-12)  1.00E-07
  2.900E+01 1.03051E-19 -1.166E-03 ( 5.167E-11, 3.168E-10) ( 8.845E-13, 4.260E-12)  1.00E-07
  2.950E+01 9.67165E-20 -1.236E-03 ( 4.659E-11, 3.075E-10) ( 8.326E-13, 4.212E-12)  1.00E-07
  3.000E+01 9.08656E-20 -1.308E-03 ( 4.184E-11, 2.985E-10) ( 7.828E-13, 4.164E-12)  1.00E-07
  3.050E+01 8.54546E-20 -1.382E-03 ( 3.740E-11, 2.899E-10) ( 7.350E-13, 4.118E-12)  1.00E-07
  3.100E+01 8.04442E-20 -1.458E-03 ( 3.326E-11, 2.816E-10) ( 6.890E-13, 4.072E-12)  1.00E-07
  3.150E+01 7.57993E-20 -1.536E-03 ( 2.938E-11, 2.737E-10) ( 6.449E-13, 4.027E-12)  1.00E-07
  3.200E+01 7.14884E-20 -1.616E-03 ( 2.575E-11, 2.661E-10) ( 6.025E-13, 3.983E-12)  1.00E-07
  3.250E+01 6.74830E-20 -1.698E-03 ( 2.236E-11, 2.588E-10) ( 5.617E-13, 3.940E-12)  1.00E-07
  3.300E+01 6.37574E-20 -1.782E-03 ( 1.918E-11, 2.517E-10) ( 5.225E-13, 3.897E-12)  1.00E-07
  3.350E+01 6.02885E-20 -1.868E-03 ( 1.620E-11, 2.450E-10) ( 4.847E-13, 3.855E-12)  1.00E-07
  3.400E+01 5.70553E-20 -1.956E-03 ( 1.341E-11, 2.385E-10) ( 4.484E-13, 3.813E-12)  1.00E-07
  3.450E+01 5.40387E-20 -2.046E-03 ( 1.080E-11, 2.322E-10) ( 4.135E-13, 3.772E-12)  1.00E-07
  3.500E+01 5.12216E-20 -2.137E-03 ( 8.352E-12, 2.261E-10) ( 3.799E-13, 3.732E-12)  1.00E-07
  3.550E+01 4.85883E-20 -2.231E-03 ( 6.056E-12, 2.203E-10) ( 3.475E-13, 3.692E-12)  1.00E-07
  3.600E+01 4.61245E-20 -2.327E-03 ( 3.904E-12, 2.147E-10) ( 3.164E-13, 3.653E-12)  1.00E-07
  3.650E+01 4.38173E-20 -2.425E-03 ( 1.886E-12, 2.093E-10) ( 2.864E-13, 3.615E-12)  1.00E-07
  3.700E+01 4.16548E-20 -2.524E-03 (-7.639E-15, 2.041E-10) ( 2.575E-13, 3.577E-12)  1.00E-07
  3.750E+01 3.96262E-20 -2.625E-03 (-1.784E-12, 1.990E-10) ( 2.296E-13, 3.540E-12)  1.00E-07
  3.800E+01 3.77218E-20 -2.729E-03 (-3.450E-12, 1.942E-10) ( 2.028E-13, 3.503E-12)  1.00E-07
  3.850E+01 3.59324E-20 -2.834E-03 (-5.013E-12, 1.895E-10) ( 1.770E-13, 3.467E-12)  1.00E-07
  3.900E+01 3.42497E-20 -2.940E-03 (-6.479E-12, 1.849E-10) ( 1.521E-13, 3.432E-12)  1.00E-07
  3.950E+01 3.26663E-20 -3.049E-03 (-7.855E-12, 1.805E-10) ( 1.280E-13, 3.397E-12)  1.00E-07
  4.000E+01 3.11750E-20 -3.159E-03 (-9.146E-12, 1.763E-10) ( 1.049E-13, 3.362E-12)  1.00E-07
  4.050E+01 2.97696E-20 -3.271E-03 (-1.036E-11, 1.722E-10) ( 8.258E-14, 3.328E-12)  1.00E-07
  4.100E+01 2.84441E-20 -3.385E-03 (-1.149E-11, 1.682E-10) ( 6.106E-14, 3.295E-12)  1.00E-07
  4.150E+01 2.71932E-20 -3.501E-03 (-1.256E-11, 1.644E-10) ( 4.031E-14, 3.262E-12)  1.00E-07
  4.200E+01 2.60117E-20 -3.618E-03 (-1.356E-11, 1.607E-10) ( 2.031E-14, 3.230E-12)  1.00E-07
  4.250E+01 2.48952E-20 -3.737E-03 (-1.450E-11, 1.571E-10) ( 1.007E-15, 3.198E-12)  1.00E-07
  4.300E+01 2.38393E-20 -3.857E-03 (-1.537E-11, 1.536E-10) (-1.761E-14, 3.166E-12)  1.00E-07
  4.350E+01 2.28401E-20 -3.979E-03 (-1.620E-11, 1.502E-10) (-3.556E-14, 3.135E-12)  1.00E-07
  4.400E+01 2.18941E-20 -4.102E-03 (-1.697E-11, 1.470E-10) (-5.288E-14, 3.104E-12)  1.00E-07
  4.450E+01 2.09977E-20 -4.227E-03 (-1.769E-11, 1.438E-10) (-6.959E-14, 3.074E-12)  1.00E-07
  4.500E+01 2.01480E-20 -4.354E-03 (-1.837E-11, 1.407E-10) (-8.570E-14, 3.045E-12)  1.00E-07
  4.550E+01 1.93419E-20 -4.482E-03 (-1.900E-11, 1.377E-10) (-1.013E-13, 3.015E-12)  1.00E-07
  4.600E+01 1.85768E-20 -4.611E-03 (-1.959E-11, 1.348E-10) (-1.163E-13, 2.986E-12)  1.00E-07
  4.650E+01 1.78503E-20 -4.742E-03 (-2.015E-11, 1.320E-10) (-1.307E-13, 2.958E-12)  1.00E-07
  4.700E+01 1.71600E-20 -4.875E-03 (-2.066E-11, 1.293E-10) (-1.447E-13, 2.930E-12)  1.00E-07
  4.750E+01 1.65037E-20 -5.008E-03 (-2.115E-11, 1.267E-10) (-1.582E-13, 2.902E-12)  1.00E-07
  4.800E+01 1.58794E-20 -5.143E-03 (-2.160E-11, 1.241E-10) (-1.712E-13, 2.875E-12)  1.00E-07
  4.850E+01 1.52853E-20 -5.279E-03 (-2.201E-11, 1.216E-10) (-1.837E-13, 2.848E-12)  1.00E-07
  4.900E+01 1.47196E-20 -5.417E-03 (-2.241E-11, 1.192E-10) (-1.958E-13, 2.821E-12)  1.00E-07
  4.950E+01 1.41807E-20 -5.555E-03 (-2.277E-11, 1.169E-10) (-2.074E-13, 2.795E-12)  1.00E-07
  5.000E+01 1.36671E-20 -5.695E-03 (-2.311E-11, 1.146E-10) (-2.187E-13, 2.769E-12)  1.00E-07
  5.050E+01 1.31773E-20 -5.836E-03 (-2.342E-11, 1.123E-10) (-2.296E-13, 2.743E-12)  1.00E-07
  5.100E+01 1.27100E-20 -5.978E-03 (-2.371E-11, 1.102E-10) (-2.400E-13, 2.718E-12)  1.00E-07
  5.150E+01 1.22640E-20 -6.122E-03 (-2.398E-11, 1.081E-10) (-2.501E-13, 2.693E-12)  1.00E-07
  5.200E+01 1.18381E-20 -6.266E-03 (-2.422E-11, 1.060E-10) (-2.598E-13, 2.668E-12)  1.00E-07
  5.250E+01 1.14313E-20 -6.411E-03 (-2.445E-11, 1.040E-10) (-2.692E-13, 2.644E-12)  1.00E-07
  5.300E+01 1.10425E-20 -6.558E-03 (-2.466E-11, 1.021E-10) (-2.783E-13, 2.620E-12)  1.00E-07
  5.350E+01 1.06707E-20 -6.705E-03 (-2.485E-11, 1.002E-10) (-2.870E-13, 2.597E-12)  1.00E-07
  5.400E+01 1.03150E-20 -6.853E-03 (-2.503E-11, 9.840E-11) (-2.954E-13, 2.573E-12)  1.00E-07
  5.450E+01 9.97470E-21 -7.003E-03 (-2.519E-11, 9.661E-11) (-3.035E-13, 2.550E-12)  1.00E-07
  5.500E+01 9.64889E-21 -7.153E-03 (-2.534E-11, 9.487E-11) (-3.113E-13, 2.527E-12)  1.00E-07
  5.550E+01 9.33686E-21 -7.303E-03 (-2.547E-11, 9.318E-11) (-3.188E-13, 2.505E-12)  1.00E-07
  5.600E+01 9.03790E-21 -7.455E-03 (-2.559E-11, 9.153E-11) (-3.260E-13, 2.483E-12)  1.00E-07
  5.650E+01 8.75135E-21 -7.607E-03 (-2.569E-11, 8.992E-11) (-3.330E-13, 2.461E-12)  1.00E-07
  5.700E+01 8.47660E-21 -7.760E-03 (-2.579E-11, 8.835E-11) (-3.397E-13, 2.439E-12)  1.00E-07
  5.750E+01 8.21306E-21 -7.914E-03 (-2.587E-11, 8.682E-11) (-3.461E-13, 2.418E-12)  1.00E-07
  5.800E+01 7.96018E-21 -8.069E-03 (-2.595E-11, 8.533E-11) (-3.523E-13, 2.396E-12)  1.00E-07
  5.850E+01 7.71745E-21 -8.224E-03 (-2.601E-11, 8.388E-11) (-3.583E-13, 2.375E-12)  1.00E-07
  5.900E+01 7.48436E-21 -8.379E-03 (-2.606E-11, 8.246E-11) (-3.640E-13, 2.355E-12)  1.00E-07
  5.950E+01 7.26047E-21 -8.535E-03 (-2.611E-11, 8.108E-11) (-3.695E-13, 2.334E-12)  1.00E-07
  6.000E+01 7.04533E-21 -8.692E-03 (-2.614E-11, 7.973E-11) (-3.748E-13, 2.314E-12)  1.00E-07
  6.050E+01 6.83853E-21 -8.849E-03 (-2.617E-11, 7.841E-11) (-3.799E-13, 2.294E-12)  1.00E-07
  6.100E+01 6.63968E-21 -9.006E-03 (-2.619E-11, 7.713E-11) (-3.847E-13, 2.274E-12)  1.00E-07
  6.150E+01 6.44842E-21 -9.164E-03 (-2.621E-11, 7.587E-11) (-3.894E-13, 2.255E-12)  1.00E-07
  6.200E+01 6.26439E-21 -9.322E-03 (-2.621E-11, 7.465E-11) (-3.939E-13, 2.235E-12)  1.00E-07
  6.250E+01 6.08727E-21 -9.481E-03 (-2.621E-11, 7.345E-11) (-3.982E-13, 2.216E-12)  1.00E-07
  6.300E+01 5.91673E-21 -9.640E-03 (-2.621E-11, 7.228E-11) (-4.023E-13, 2.197E-12)  1.00E-07
  6.350E+01 5.75250E-21 -9.799E-03 (-2.620E-11, 7.114E-11) (-4.062E-13, 2.179E-12)  1.00E-07
  6.400E+01 5.59428E-21 -9.958E-03 (-2.618E-11, 7.003E-11) (-4.100E-13, 2.160E-12)  1.00E-07
  6.450E+01 5.44181E-21 -1.012E-02 (-2.616E-11, 6.894E-11) (-4.136E-13, 2.142E-12)  1.00E-07
  6.500E+01 5.29484E-21 -1.028E-02 (-2.614E-11, 6.788E-11) (-4.170E-13, 2.124E-12)  1.00E-07
  6.550E+01 5.15312E-21 -1.044E-02 (-2.610E-11, 6.684E-11) (-4.203E-13, 2.106E-12)  1.00E-07
  6.600E+01 5.01644E-21 -1.060E-02 (-2.607E-11, 6.582E-11) (-4.234E-13, 2.088E-12)  1.00E-07
  6.650E+01 4.88458E-21 -1.076E-02 (-2.603E-11, 6.483E-11) (-4.263E-13, 2.071E-12)  1.00E-07
  6.700E+01 4.75732E-21 -1.092E-02 (-2.599E-11, 6.386E-11) (-4.292E-13, 2.053E-12)  1.00E-07
  6.750E+01 4.63448E-21 -1.107E-02 (-2.594E-11, 6.291E-11) (-4.319E-13, 2.036E-12)  1.00E-07
  6.800E+01 4.51587E-21 -1.123E-02 (-2.589E-11, 6.198E-11) (-4.344E-13, 2.019E-12)  1.00E-07
  6.850E+01 4.40132E-21 -1.139E-02 (-2.584E-11, 6.107E-11) (-4.368E-13, 2.003E-12)  1.00E-07
  6.900E+01 4.29065E-21 -1.155E-02 (-2.579E-11, 6.018E-11) (-4.391E-13, 1.986E-12)  1.00E-07
  6.950E+01 4.18371E-21 -1.171E-02 (-2.573E-11, 5.931E-11) (-4.413E-13, 1.969E-12)  1.00E-07
  7.000E+01 4.08034E-21 -1.187E-02 (-2.567E-11, 5.846E-11) (-4.433E-13, 1.953E-12)  1.00E-07
  7.050E+01 3.98041E-21 -1.203E-02 (-2.561E-11, 5.763E-11) (-4.452E-13, 1.937E-12)  1.00E-07
  7.100E+01 3.88377E-21 -1.219E-02 (-2.554E-11, 5.681E-11) (-4.470E-13, 1.921E-12)  1.00E-07
  7.150E+01 3.79029E-21 -1.234E-02 (-2.547E-11, 5.601E-11) (-4.487E-13, 1.905E-12)  1.00E-07
  7.200E+01 3.69985E-21 -1.250E-02 (-2.540E-11, 5.523E-11) (-4.503E-13, 1.889E-12)  1.00E-07
  7.250E+01 3.61233E-21 -1.266E-02 (-2.533E-11, 5.447E-11) (-4.517E-13, 1.874E-12)  1.00E-07
  7.300E+01 3.52761E-21 -1.281E-02 (-2.526E-11, 5.372E-11) (-4.531E-13, 1.858E-12)  1.00E-07
  7.350E+01 3.44559E-21 -1.297E-02 (-2.518E-11, 5.299E-11) (-4.544E-13, 1.843E-12)  1.00E-07
  7.400E+01 3.36615E-21 -1.313E-02 (-2.511E-11, 5.227E-11) (-4.555E-13, 1.828E-12)  1.00E-07
  7.450E+01 3.28921E-21 -1.328E-02 (-2.503E-11, 5.157E-11) (-4.566E-13, 1.813E-12)  1.00E-07
  7.500E+01 3.21467E-21 -1.343E-02 (-2.495E-11, 5.088E-11) (-4.576E-13, 1.798E-12)  1.00E-07
  7.550E+01 3.14243E-21 -1.359E-02 (-2.487E-11, 5.020E-11) (-4.585E-13, 1.784E-12)  1.00E-07
  7.600E+01 3.07241E-21 -1.374E-02 (-2.479E-11, 4.954E-11) (-4.592E-13, 1.769E-12)  1.00E-07
  7.650E+01 3.00454E-21 -1.389E-02 (-2.471E-11, 4.889E-11) (-4.599E-13, 1.755E-12)  1.00E-07
  7.700E+01 2.93872E-21 -1.404E-02 (-2.463E-11, 4.826E-11) (-4.606E-13, 1.740E-12)  1.00E-07
  7.750E+01 2.87488E-21 -1.419E-02 (-2.454E-11, 4.764E-11) (-4.611E-13, 1.726E-12)  1.00E-07
  7.800E+01 2.81295E-21 -1.434E-02 (-2.446E-11, 4.703E-11) (-4.616E-13, 1.712E-12)  1.00E-07
  7.850E+01 2.75287E-21 -1.449E-02 (-2.437E-11, 4.643E-11) (-4.619E-13, 1.698E-12)  1.00E-07
  7.900E+01 2.69456E-21 -1.464E-02 (-2.429E-11, 4.584E-11) (-4.622E-13, 1.684E-12)  1.00E-07
  7.950E+01 2.63796E-21 -1.479E-02 (-2.420E-11, 4.527E-11) (-4.625E-13, 1.671E-12)  1.00E-07
  8.000E+01 2.58301E-21 -1.493E-02 (-2.412E-11, 4.470E-11) (-4.626E-13, 1.657E-12)  1.00E-07
  8.050E+01 2.52965E-21 -1.508E-02 (-2.403E-11, 4.415E-11) (-4.627E-13, 1.644E-12)  1.00E-07
  8.100E+01 2.47783E-21 -1.522E-02 (-2.394E-11, 4.361E-11) (-4.627E-13, 1.630E-12)  1.00E-07
  8.150E+01 2.42750E-21 -1.536E-02 (-2.385E-11, 4.308E-11) (-4.627E-13, 1.617E-12)  1.00E-07
  8.200E+01 2.37859E-21 -1.550E-02 (-2.377E-11, 4.256E-11) (-4.625E-13, 1.604E-12)  1.00E-07
  8.250E+01 2.33107E-21 -1.564E-02 (-2.368E-11, 4.204E-11) (-4.623E-13, 1.591E-12)  1.00E-07
  8.300E+01 2.28488E-21 -1.578E-02 (-2.359E-11, 4.154E-11) (-4.621E-13, 1.578E-12)  1.00E-07
  8.350E+01 2.23998E-21 -1.592E-02 (-2.350E-11, 4.105E-11) (-4.618E-13, 1.565E-12)  1.00E-07
  8.400E+01 2.19633E-21 -1.606E-02 (-2.341E-11, 4.057E-11) (-4.614E-13, 1.553E-12)  1.00E-07
  8.450E+01 2.15388E-21 -1.619E-02 (-2.332E-11, 4.009E-11) (-4.610E-13, 1.540E-12)  1.00E-07
  8.500E+01 2.11259E-21 -1.632E-02 (-2.323E-11, 3.963E-11) (-4.605E-13, 1.528E-12)  1.00E-07
  8.550E+01 2.07243E-21 -1.646E-02 (-2.315E-11, 3.917E-11) (-4.600E-13, 1.515E-12)  1.00E-07
  8.600E+01 2.03336E-21 -1.659E-02 (-2.306E-11, 3.872E-11) (-4.594E-13, 1.503E-12)  1.00E-07
  8.650E+01 1.99533E-21 -1.672E-02 (-2.297E-11, 3.828E-11) (-4.587E-13, 1.491E-12)  1.00E-07
  8.700E+01 1.95833E-21 -1.685E-02 (-2.288E-11, 3.785E-11) (-4.580E-13, 1.479E-12)  1.00E-07
  8.750E+01 1.92231E-21 -1.697E-02 (-2.279E-11, 3.742E-11) (-4.573E-13, 1.467E-12)  1.00E-07
  8.800E+01 1.88725E-21 -1.710E-02 (-2.270E-11, 3.701E-11) (-4.565E-13, 1.455E-12)  1.00E-07
  8.850E+01 1.85310E-21 -1.722E-02 (-2.262E-11, 3.660E-11) (-4.556E-13, 1.443E-12)  1.00E-07
  8.900E+01 1.81985E-21 -1.734E-02 (-2.253E-11, 3.619E-11) (-4.547E-13, 1.431E-12)  1.00E-07
  8.950E+01 1.78747E-21 -1.746E-02 (-2.244E-11, 3.580E-11) (-4.538E-13, 1.419E-12)  1.00E-07
  9.000E+01 1.75592E-21 -1.758E-02 (-2.235E-11, 3.541E-11) (-4.528E-13, 1.408E-12)  1.00E-07
  9.050E+01 1.72518E-21 -1.770E-02 (-2.227E-11, 3.503E-11) (-4.518E-13, 1.396E-12)  1.00E-07
  9.100E+01 1.69523E-21 -1.781E-02 (-2.218E-11, 3.466E-11) (-4.507E-13, 1.385E-12)  1.00E-07
  9.150E+01 1.66604E-21 -1.793E-02 (-2.210E-11, 3.429E-11) (-4.496E-13, 1.373E-12)  1.00E-07
  9.200E+01 1.63759E-21 -1.804E-02 (-2.201E-11, 3.393E-11) (-4.484E-13, 1.362E-12)  1.00E-07
  9.250E+01 1.60986E-21 -1.815E-02 (-2.192E-11, 3.357E-11) (-4.472E-13, 1.351E-12)  1.00E-07
  9.300E+01 1.58282E-21 -1.825E-02 (-2.184E-11, 3.322E-11) (-4.460E-13, 1.340E-12)  1.00E-07
  9.350E+01 1.55645E-21 -1.836E-02 (-2.175E-11, 3.288E-11) (-4.447E-13, 1.329E-12)  1.00E-07
  9.400E+01 1.53074E-21 -1.846E-02 (-2.167E-11, 3.255E-11) (-4.434E-13, 1.318E-12)  1.00E-07
  9.450E+01 1.50566E-21 -1.857E-02 (-2.159E-11, 3.221E-11) (-4.420E-13, 1.307E-12)  1.00E-07
  9.500E+01 1.48120E-21 -1.867E-02 (-2.150E-11, 3.189E-11) (-4.407E-13, 1.296E-12)  1.00E-07
  9.550E+01 1.45733E-21 -1.876E-02 (-2.142E-11, 3.157E-11) (-4.392E-13, 1.286E-12)  1.00E-07
  9.600E+01 1.43404E-21 -1.886E-02 (-2.134E-11, 3.126E-11) (-4.378E-13, 1.275E-12)  1.00E-07
  9.650E+01 1.41131E-21 -1.895E-02 (-2.126E-11, 3.095E-11) (-4.363E-13, 1.264E-12)  1.00E-07
  9.700E+01 1.38913E-21 -1.905E-02 (-2.117E-11, 3.064E-11) (-4.348E-13, 1.254E-12)  1.00E-07
  9.750E+01 1.36747E-21 -1.913E-02 (-2.109E-11, 3.034E-11) (-4.332E-13, 1.243E-12)  1.00E-07
  9.800E+01 1.34634E-21 -1.922E-02 (-2.101E-11, 3.005E-11) (-4.316E-13, 1.233E-12)  1.00E-07
  9.850E+01 1.32570E-21 -1.931E-02 (-2.093E-11, 2.976E-11) (-4.300E-13, 1.223E-12)  1.00E-07
  9.900E+01 1.30555E-21 -1.939E-02 (-2.085E-11, 2.948E-11) (-4.284E-13, 1.213E-12)  1.00E-07
  9.950E+01 1.28587E-21 -1.947E-02 (-2.078E-11, 2.920E-11) (-4.267E-13, 1.202E-12)  1.00E-07
  1.000E+02 1.26664E-21 -1.955E-02 (-2.070E-11, 2.893E-11) (-4.250E-13, 1.192E-12)  1.00E-07
  1.005E+02 1.24787E-21 -1.963E-02 (-2.062E-11, 2.866E-11) (-4.233E-13, 1.182E-12)  1.00E-07
  1.010E+02 1.22953E-21 -1.970E-02 (-2.054E-11, 2.839E-11) (-4.215E-13, 1.172E-12)  1.00E-07
  1.015E+02 1.21161E-21 -1.977E-02 (-2.047E-11, 2.813E-11) (-4.197E-13, 1.162E-12)  1.00E-07
  1.020E+02 1.19410E-21 -1.984E-02 (-2.039E-11, 2.787E-11) (-4.179E-13, 1.152E-12)  1.00E-07
  1.025E+02 1.17699E-21 -1.991E-02 (-2.031E-11, 2.762E-11) (-4.161E-13, 1.143E-12)  1.00E-07
  1.030E+02 1.16026E-21 -1.998E-02 (-2.024E-11, 2.737E-11) (-4.142E-13, 1.133E-12)  1.00E-07
  1.035E+02 1.14392E-21 -2.004E-02 (-2.016E-11, 2.713E-11) (-4.123E-13, 1.123E-12)  1.00E-07
  1.040E+02 1.12794E-21 -2.010E-02 (-2.009E-11, 2.689E-11) (-4.104E-13, 1.113E-12)  1.00E-07
  1.045E+02 1.11232E-21 -2.016E-02 (-2.002E-11, 2.665E-11) (-4.085E-13, 1.104E-12)  1.00E-07
  1.050E+02 1.09704E-21 -2.021E-02 (-1.994E-11, 2.642E-11) (-4.065E-13, 1.094E-12)  1.00E-07
  1.055E+02 1.08211E-21 -2.026E-02 (-1.987E-11, 2.619E-11) (-4.046E-13, 1.085E-12)  1.00E-07
  1.060E+02 1.06750E-21 -2.031E-02 (-1.980E-11, 2.596E-11) (-4.026E-13, 1.075E-12)  1.00E-07
  1.065E+02 1.05322E-21 -2.036E-02 (-1.973E-11, 2.574E-11) (-4.005E-13, 1.066E-12)  1.00E-07
  1.070E+02 1.03925E-21 -2.041E-02 (-1.966E-11, 2.552E-11) (-3.985E-13, 1.057E-12)  1.00E-07
  1.075E+02 1.02558E-21 -2.045E-02 (-1.959E-11, 2.531E-11) (-3.964E-13, 1.048E-12)  1.00E-07
  1.080E+02 1.01221E-21 -2.049E-02 (-1.952E-11, 2.510E-11) (-3.943E-13, 1.038E-12)  1.00E-07
  1.085E+02 9.99133E-22 -2.053E-02 (-1.945E-11, 2.489E-11) (-3.922E-13, 1.029E-12)  1.00E-07
  1.090E+02 9.86335E-22 -2.056E-02 (-1.938E-11, 2.469E-11) (-3.901E-13, 1.020E-12)  1.00E-07
  1.095E+02 9.73812E-22 -2.059E-02 (-1.931E-11, 2.449E-11) (-3.880E-13, 1.011E-12)  1.00E-07
  1.100E+02 9.61557E-22 -2.062E-02 (-1.925E-11, 2.429E-11) (-3.858E-13, 1.002E-12)  1.00E-07
  1.105E+02 9.49562E-22 -2.065E-02 (-1.918E-11, 2.409E-11) (-3.836E-13, 9.930E-13)  1.00E-07
  1.110E+02 9.37823E-22 -2.067E-02 (-1.912E-11, 2.390E-11) (-3.814E-13, 9.841E-13)  1.00E-07
  1.115E+02 9.26331E-22 -2.070E-02 (-1.905E-11, 2.371E-11) (-3.792E-13, 9.752E-13)  1.00E-07
  1.120E+02 9.15082E-22 -2.072E-02 (-1.899E-11, 2.353E-11) (-3.770E-13, 9.664E-13)  1.00E-07
  1.125E+02 9.04069E-22 -2.073E-02 (-1.892E-11, 2.334E-11) (-3.747E-13, 9.576E-13)  1.00E-07
  1.130E+02 8.93286E-22 -2.074E-02 (-1.886E-11, 2.316E-11) (-3.725E-13, 9.488E-13)  1.00E-07
  1.135E+02 8.82728E-22 -2.076E-02 (-1.880E-11, 2.299E-11) (-3.702E-13, 9.401E-13)  1.00E-07
  1.140E+02 8.72390E-22 -2.076E-02 (-1.873E-11, 2.281E-11) (-3.679E-13, 9.315E-13)  1.00E-07
  1.145E+02 8.62265E-22 -2.077E-02 (-1.867E-11, 2.264E-11) (-3.656E-13, 9.229E-13)  1.00E-07
  1.150E+02 8.52350E-22 -2.077E-02 (-1.861E-11, 2.247E-11) (-3.633E-13, 9.143E-13)  1.00E-07
  1.155E+02 8.42639E-22 -2.077E-02 (-1.855E-11, 2.231E-11) (-3.609E-13, 9.058E-13)  1.00E-07
  1.160E+02 8.33127E-22 -2.077E-02 (-1.849E-11, 2.214E-11) (-3.586E-13, 8.973E-13)  1.00E-07
  1.165E+02 8.23810E-22 -2.076E-02 (-1.843E-11, 2.198E-11) (-3.562E-13, 8.888E-13)  1.00E-07
  1.170E+02 8.14682E-22 -2.075E-02 (-1.837E-11, 2.182E-11) (-3.538E-13, 8.804E-13)  1.00E-07
  1.175E+02 8.05741E-22 -2.074E-02 (-1.831E-11, 2.167E-11) (-3.514E-13, 8.720E-13)  1.00E-07
  1.180E+02 7.96980E-22 -2.073E-02 (-1.826E-11, 2.151E-11) (-3.490E-13, 8.637E-13)  1.00E-07
  1.185E+02 7.88397E-22 -2.071E-02 (-1.820E-11, 2.136E-11) (-3.466E-13, 8.554E-13)  1.00E-07
  1.190E+02 7.79987E-22 -2.069E-02 (-1.814E-11, 2.121E-11) (-3.441E-13, 8.471E-13)  1.00E-07
  1.195E+02 7.71746E-22 -2.067E-02 (-1.809E-11, 2.107E-11) (-3.417E-13, 8.389E-13)  1.00E-07
  1.200E+02 7.63670E-22 -2.064E-02 (-1.803E-11, 2.092E-11) (-3.392E-13, 8.307E-13)  1.00E-07
  1.205E+02 7.55756E-22 -2.061E-02 (-1.798E-11, 2.078E-11) (-3.368E-13, 8.225E-13)  1.00E-07
  1.210E+02 7.48000E-22 -2.058E-02 (-1.792E-11, 2.064E-11) (-3.343E-13, 8.144E-13)  1.00E-07
  1.215E+02 7.40398E-22 -2.055E-02 (-1.787E-11, 2.050E-11) (-3.318E-13, 8.063E-13)  1.00E-07
  1.220E+02 7.32948E-22 -2.051E-02 (-1.782E-11, 2.037E-11) (-3.293E-13, 7.983E-13)  1.00E-07
  1.225E+02 7.25645E-22 -2.047E-02 (-1.776E-11, 2.023E-11) (-3.268E-13, 7.903E-13)  1.00E-07
  1.230E+02 7.18487E-22 -2.043E-02 (-1.771E-11, 2.010E-11) (-3.242E-13, 7.823E-13)  1.00E-07
  1.235E+02 7.11470E-22 -2.038E-02 (-1.766E-11, 1.997E-11) (-3.217E-13, 7.743E-13)  1.00E-07
  1.240E+02 7.04592E-22 -2.033E-02 (-1.761E-11, 1.984E-11) (-3.191E-13, 7.664E-13)  1.00E-07
  1.245E+02 6.97849E-22 -2.028E-02 (-1.756E-11, 1.972E-11) (-3.166E-13, 7.585E-13)  1.00E-07
  1.250E+02 6.91238E-22 -2.023E-02 (-1.751E-11, 1.960E-11) (-3.140E-13, 7.507E-13)  1.00E-07
  1.255E+02 6.84757E-22 -2.017E-02 (-1.746E-11, 1.947E-11) (-3.114E-13, 7.429E-13)  1.00E-07
  1.260E+02 6.78403E-22 -2.011E-02 (-1.741E-11, 1.935E-11) (-3.088E-13, 7.351E-13)  1.00E-07
  1.265E+02 6.72174E-22 -2.005E-02 (-1.736E-11, 1.924E-11) (-3.062E-13, 7.273E-13)  1.00E-07
  1.270E+02 6.66066E-22 -1.998E-02 (-1.732E-11, 1.912E-11) (-3.036E-13, 7.196E-13)  1.00E-07
  1.275E+02 6.60077E-22 -1.991E-02 (-1.727E-11, 1.901E-11) (-3.010E-13, 7.119E-13)  1.00E-07
  1.280E+02 6.54205E-22 -1.984E-02 (-1.722E-11, 1.889E-11) (-2.984E-13, 7.042E-13)  1.00E-07
  1.285E+02 6.48447E-22 -1.977E-02 (-1.718E-11, 1.878E-11) (-2.957E-13, 6.965E-13)  1.00E-07
  1.290E+02 6.42802E-22 -1.969E-02 (-1.713E-11, 1.868E-11) (-2.931E-13, 6.889E-13)  1.00E-07
  1.295E+02 6.37266E-22 -1.961E-02 (-1.709E-11, 1.857E-11) (-2.905E-13, 6.813E-13)  1.00E-07
  1.300E+02 6.31837E-22 -1.952E-02 (-1.704E-11, 1.846E-11) (-2.878E-13, 6.738E-13)  1.00E-07
  1.305E+02 6.26514E-22 -1.944E-02 (-1.700E-11, 1.836E-11) (-2.851E-13, 6.662E-13)  1.00E-07
  1.310E+02 6.21295E-22 -1.935E-02 (-1.695E-11, 1.826E-11) (-2.824E-13, 6.587E-13)  1.00E-07
  1.315E+02 6.16177E-22 -1.926E-02 (-1.691E-11, 1.816E-11) (-2.798E-13, 6.512E-13)  1.00E-07
  1.320E+02 6.11158E-22 -1.916E-02 (-1.687E-11, 1.806E-11) (-2.771E-13, 6.438E-13)  1.00E-07
  1.325E+02 6.06236E-22 -1.907E-02 (-1.683E-11, 1.796E-11) (-2.744E-13, 6.363E-13)  1.00E-07
  1.330E+02 6.01410E-22 -1.897E-02 (-1.679E-11, 1.787E-11) (-2.717E-13, 6.289E-13)  1.00E-07
  1.335E+02 5.96677E-22 -1.886E-02 (-1.675E-11, 1.777E-11) (-2.690E-13, 6.215E-13)  1.00E-07
  1.340E+02 5.92037E-22 -1.876E-02 (-1.671E-11, 1.768E-11) (-2.662E-13, 6.142E-13)  1.00E-07
  1.345E+02 5.87487E-22 -1.865E-02 (-1.667E-11, 1.759E-11) (-2.635E-13, 6.068E-13)  1.00E-07
  1.350E+02 5.83025E-22 -1.854E-02 (-1.663E-11, 1.750E-11) (-2.608E-13, 5.995E-13)  1.00E-07
  1.355E+02 5.78650E-22 -1.843E-02 (-1.659E-11, 1.741E-11) (-2.580E-13, 5.922E-13)  1.00E-07
  1.360E+02 5.74360E-22 -1.831E-02 (-1.655E-11, 1.732E-11) (-2.553E-13, 5.849E-13)  1.00E-07
  1.365E+02 5.70154E-22 -1.819E-02 (-1.651E-11, 1.724E-11) (-2.526E-13, 5.777E-13)  1.00E-07
  1.370E+02 5.66030E-22 -1.807E-02 (-1.647E-11, 1.715E-11) (-2.498E-13, 5.705E-13)  1.00E-07
  1.375E+02 5.61987E-22 -1.794E-02 (-1.644E-11, 1.707E-11) (-2.470E-13, 5.633E-13)  1.00E-07
  1.380E+02 5.58022E-22 -1.782E-02 (-1.640E-11, 1.699E-11) (-2.443E-13, 5.561E-13)  1.00E-07
  1.385E+02 5.54136E-22 -1.769E-02 (-1.637E-11, 1.691E-11) (-2.415E-13, 5.489E-13)  1.00E-07
  1.390E+02 5.50326E-22 -1.755E-02 (-1.633E-11, 1.683E-11) (-2.387E-13, 5.418E-13)  1.00E-07
  1.395E+02 5.46591E-22 -1.742E-02 (-1.630E-11, 1.675E-11) (-2.359E-13, 5.347E-13)  1.00E-07
  1.400E+02 5.42931E-22 -1.728E-02 (-1.626E-11, 1.668E-11) (-2.331E-13, 5.276E-13)  1.00E-07
  1.405E+02 5.39342E-22 -1.714E-02 (-1.623E-11, 1.660E-11) (-2.303E-13, 5.205E-13)  1.00E-07
  1.410E+02 5.35825E-22 -1.700E-02 (-1.619E-11, 1.653E-11) (-2.275E-13, 5.134E-13)  1.00E-07
  1.415E+02 5.32378E-22 -1.685E-02 (-1.616E-11, 1.646E-11) (-2.247E-13, 5.064E-13)  1.00E-07
  1.420E+02 5.29000E-22 -1.670E-02 (-1.613E-11, 1.639E-11) (-2.219E-13, 4.994E-13)  1.00E-07
  1.425E+02 5.25689E-22 -1.655E-02 (-1.610E-11, 1.632E-11) (-2.191E-13, 4.923E-13)  1.00E-07
  1.430E+02 5.22446E-22 -1.640E-02 (-1.607E-11, 1.625E-11) (-2.163E-13, 4.854E-13)  1.00E-07
  1.435E+02 5.19267E-22 -1.624E-02 (-1.604E-11, 1.618E-11) (-2.135E-13, 4.784E-13)  1.00E-07
  1.440E+02 5.16154E-22 -1.608E-02 (-1.600E-11, 1.612E-11) (-2.106E-13, 4.714E-13)  1.00E-07
  1.445E+02 5.13104E-22 -1.592E-02 (-1.597E-11, 1.605E-11) (-2.078E-13, 4.645E-13)  1.00E-07
  1.450E+02 5.10116E-22 -1.576E-02 (-1.594E-11, 1.599E-11) (-2.050E-13, 4.576E-13)  1.00E-07
  1.455E+02 5.07190E-22 -1.559E-02 (-1.592E-11, 1.593E-11) (-2.021E-13, 4.507E-13)  1.00E-07
  1.460E+02 5.04324E-22 -1.542E-02 (-1.589E-11, 1.586E-11) (-1.993E-13, 4.438E-13)  1.00E-07
  1.465E+02 5.01518E-22 -1.525E-02 (-1.586E-11, 1.580E-11) (-1.964E-13, 4.369E-13)  1.00E-07
  1.470E+02 4.98771E-22 -1.508E-02 (-1.583E-11, 1.575E-11) (-1.936E-13, 4.301E-13)  1.00E-07
  1.475E+02 4.96081E-22 -1.491E-02 (-1.580E-11, 1.569E-11) (-1.907E-13, 4.232E-13)  1.00E-07
  1.480E+02 4.93448E-22 -1.473E-02 (-1.578E-11, 1.563E-11) (-1.878E-13, 4.164E-13)  1.00E-07
  1.485E+02 4.90872E-22 -1.455E-02 (-1.575E-11, 1.557E-11) (-1.850E-13, 4.096E-13)  1.00E-07
  1.490E+02 4.88351E-22 -1.437E-02 (-1.573E-11, 1.552E-11) (-1.821E-13, 4.028E-13)  1.00E-07
  1.495E+02 4.85884E-22 -1.418E-02 (-1.570E-11, 1.547E-11) (-1.792E-13, 3.960E-13)  1.00E-07
  1.500E+02 4.83471E-22 -1.400E-02 (-1.567E-11, 1.541E-11) (-1.764E-13, 3.893E-13)  1.00E-07
  1.505E+02 4.81111E-22 -1.381E-02 (-1.565E-11, 1.536E-11) (-1.735E-13, 3.825E-13)  1.00E-07
  1.510E+02 4.78803E-22 -1.362E-02 (-1.563E-11, 1.531E-11) (-1.706E-13, 3.758E-13)  1.00E-07
  1.515E+02 4.76547E-22 -1.342E-02 (-1.560E-11, 1.526E-11) (-1.677E-13, 3.691E-13)  1.00E-07
  1.520E+02 4.74342E-22 -1.323E-02 (-1.558E-11, 1.521E-11) (-1.648E-13, 3.624E-13)  1.00E-07
  1.525E+02 4.72187E-22 -1.303E-02 (-1.556E-11, 1.517E-11) (-1.619E-13, 3.557E-13)  1.00E-07
  1.530E+02 4.70081E-22 -1.283E-02 (-1.553E-11, 1.512E-11) (-1.590E-13, 3.490E-13)  1.00E-07
  1.535E+02 4.68024E-22 -1.263E-02 (-1.551E-11, 1.508E-11) (-1.561E-13, 3.423E-13)  1.00E-07
  1.540E+02 4.66016E-22 -1.243E-02 (-1.549E-11, 1.503E-11) (-1.532E-13, 3.357E-13)  1.00E-07
  1.545E+02 4.64055E-22 -1.222E-02 (-1.547E-11, 1.499E-11) (-1.503E-13, 3.290E-13)  1.00E-07
  1.550E+02 4.62141E-22 -1.202E-02 (-1.545E-11, 1.494E-11) (-1.474E-13, 3.224E-13)  1.00E-07
  1.555E+02 4.60273E-22 -1.181E-02 (-1.543E-11, 1.490E-11) (-1.445E-13, 3.157E-13)  1.00E-07
  1.560E+02 4.58452E-22 -1.160E-02 (-1.541E-11, 1.486E-11) (-1.416E-13, 3.091E-13)  1.00E-07
  1.565E+02 4.56676E-22 -1.139E-02 (-1.539E-11, 1.482E-11) (-1.387E-13, 3.025E-13)  1.00E-07
  1.570E+02 4.54944E-22 -1.117E-02 (-1.537E-11, 1.478E-11) (-1.358E-13, 2.959E-13)  1.00E-07
  1.575E+02 4.53257E-22 -1.096E-02 (-1.535E-11, 1.475E-11) (-1.329E-13, 2.894E-13)  1.00E-07
  1.580E+02 4.51614E-22 -1.074E-02 (-1.533E-11, 1.471E-11) (-1.299E-13, 2.828E-13)  1.00E-07
  1.585E+02 4.50015E-22 -1.052E-02 (-1.532E-11, 1.467E-11) (-1.270E-13, 2.762E-13)  1.00E-07
  1.590E+02 4.48458E-22 -1.030E-02 (-1.530E-11, 1.464E-11) (-1.241E-13, 2.697E-13)  1.00E-07
  1.595E+02 4.46943E-22 -1.008E-02 (-1.528E-11, 1.460E-11) (-1.212E-13, 2.631E-13)  1.00E-07
  1.600E+02 4.45471E-22 -9.851E-03 (-1.527E-11, 1.457E-11) (-1.182E-13, 2.566E-13)  1.00E-07
  1.605E+02 4.44040E-22 -9.625E-03 (-1.525E-11, 1.454E-11) (-1.153E-13, 2.501E-13)  1.00E-07
  1.610E+02 4.42650E-22 -9.398E-03 (-1.523E-11, 1.451E-11) (-1.124E-13, 2.435E-13)  1.00E-07
  1.615E+02 4.41302E-22 -9.169E-03 (-1.522E-11, 1.448E-11) (-1.094E-13, 2.370E-13)  1.00E-07
  1.620E+02 4.39993E-22 -8.939E-03 (-1.520E-11, 1.445E-11) (-1.065E-13, 2.305E-13)  1.00E-07
  1.625E+02 4.38725E-22 -8.707E-03 (-1.519E-11, 1.442E-11) (-1.036E-13, 2.240E-13)  1.00E-07
  1.630E+02 4.37496E-22 -8.474E-03 (-1.518E-11, 1.439E-11) (-1.006E-13, 2.175E-13)  1.00E-07
  1.635E+02 4.36306E-22 -8.239E-03 (-1.516E-11, 1.436E-11) (-9.768E-14, 2.111E-13)  1.00E-07
  1.640E+02 4.35156E-22 -8.004E-03 (-1.515E-11, 1.434E-11) (-9.474E-14, 2.046E-13)  1.00E-07
  1.645E+02 4.34044E-22 -7.767E-03 (-1.514E-11, 1.431E-11) (-9.179E-14, 1.981E-13)  1.00E-07
  1.650E+02 4.32970E-22 -7.529E-03 (-1.513E-11, 1.429E-11) (-8.884E-14, 1.917E-13)  1.00E-07
  1.655E+02 4.31935E-22 -7.289E-03 (-1.511E-11, 1.426E-11) (-8.590E-14, 1.852E-13)  1.00E-07
  1.660E+02 4.30937E-22 -7.049E-03 (-1.510E-11, 1.424E-11) (-8.295E-14, 1.788E-13)  1.00E-07
  1.665E+02 4.29976E-22 -6.807E-03 (-1.509E-11, 1.422E-11) (-7.999E-14, 1.723E-13)  1.00E-07
  1.670E+02 4.29053E-22 -6.564E-03 (-1.508E-11, 1.420E-11) (-7.704E-14, 1.659E-13)  1.00E-07
  1.675E+02 4.28167E-22 -6.320E-03 (-1.507E-11, 1.418E-11) (-7.409E-14, 1.595E-13)  1.00E-07
  1.680E+02 4.27317E-22 -6.075E-03 (-1.506E-11, 1.416E-11) (-7.113E-14, 1.531E-13)  1.00E-07
  1.685E+02 4.26504E-22 -5.830E-03 (-1.505E-11, 1.414E-11) (-6.818E-14, 1.466E-13)  1.00E-07
  1.690E+02 4.25727E-22 -5.583E-03 (-1.504E-11, 1.412E-11) (-6.522E-14, 1.402E-13)  1.00E-07
  1.695E+02 4.24986E-22 -5.335E-03 (-1.503E-11, 1.411E-11) (-6.226E-14, 1.338E-13)  1.00E-07
  1.700E+02 4.24281E-22 -5.087E-03 (-1.503E-11, 1.409E-11) (-5.931E-14, 1.274E-13)  1.00E-07
  1.705E+02 4.23612E-22 -4.837E-03 (-1.502E-11, 1.407E-11) (-5.635E-14, 1.210E-13)  1.00E-07
  1.710E+02 4.22977E-22 -4.587E-03 (-1.501E-11, 1.406E-11) (-5.339E-14, 1.146E-13)  1.00E-07
  1.715E+02 4.22379E-22 -4.337E-03 (-1.500E-11, 1.404E-11) (-5.042E-14, 1.082E-13)  1.00E-07
  1.720E+02 4.21815E-22 -4.085E-03 (-1.500E-11, 1.403E-11) (-4.746E-14, 1.019E-13)  1.00E-07
  1.725E+02 4.21286E-22 -3.833E-03 (-1.499E-11, 1.402E-11) (-4.450E-14, 9.548E-14)  1.00E-07
  1.730E+02 4.20792E-22 -3.580E-03 (-1.498E-11, 1.401E-11) (-4.154E-14, 8.910E-14)  1.00E-07
  1.735E+02 4.20333E-22 -3.327E-03 (-1.498E-11, 1.400E-11) (-3.857E-14, 8.272E-14)  1.00E-07
  1.740E+02 4.19908E-22 -3.073E-03 (-1.497E-11, 1.399E-11) (-3.561E-14, 7.635E-14)  1.00E-07
  1.745E+02 4.19517E-22 -2.819E-03 (-1.497E-11, 1.398E-11) (-3.264E-14, 6.998E-14)  1.00E-07
  1.750E+02 4.19161E-22 -2.564E-03 (-1.497E-11, 1.397E-11) (-2.968E-14, 6.361E-14)  1.00E-07
  1.755E+02 4.18839E-22 -2.309E-03 (-1.496E-11, 1.396E-11) (-2.671E-14, 5.724E-14)  1.00E-07
  1.760E+02 4.18551E-22 -2.053E-03 (-1.496E-11, 1.396E-11) (-2.374E-14, 5.087E-14)  1.00E-07
  1.765E+02 4.18298E-22 -1.797E-03 (-1.496E-11, 1.395E-11) (-2.078E-14, 4.451E-14)  1.00E-07
  1.770E+02 4.18078E-22 -1.541E-03 (-1.495E-11, 1.395E-11) (-1.781E-14, 3.815E-14)  1.00E-07
  1.775E+02 4.17892E-22 -1.285E-03 (-1.495E-11, 1.394E-11) (-1.484E-14, 3.179E-14)  1.00E-07
  1.780E+02 4.17740E-22 -1.028E-03 (-1.495E-11, 1.394E-11) (-1.187E-14, 2.543E-14)  1.00E-07
  1.785E+02 4.17622E-22 -7.710E-04 (-1.495E-11, 1.393E-11) (-8.905E-15, 1.907E-14)  1.00E-07
  1.790E+02 4.17537E-22 -5.141E-04 (-1.495E-11, 1.393E-11) (-5.937E-15, 1.271E-14)  1.00E-07
  1.795E+02 4.17487E-22 -2.571E-04 (-1.495E-11, 1.393E-11) (-2.968E-15, 6.357E-15)  1.00E-07
  1.800E+02 4.17470E-22 -3.608E-18 (-1.495E-11, 1.393E-11) (-4.166E-29, 8.921E-29)  1.00E-07

  TOTAL ELASTIC CROSS SECTION = 8.808156E-18 cm**2
               FROM DCS TABLE = 8.805691E-18  (REL. DIF. = 2.80E-04)

  1ST TRANSPORT CROSS SECTION = 6.014149E-20 cm**2
               FROM DCS TABLE = 6.014034E-20  (REL. DIF. = 1.91E-05)

  2ND TRANSPORT CROSS SECTION = 1.482372E-19 cm**2

  **** DPWA0 ENDED ************************************************************

