

  **** PARTIAL WAVE ANALYSIS (DPWA0) ******************************************


  KINETIC ENERGY = 2.50000E+04 eV

      L       PHASE(SPIN UP)     PHASE(SPIN DOWN)
  -----------------------------------------------
       0      5.53042282E-01      0.00000000E+00
       1      4.09610676E-01      4.15389118E-01
       2      3.38582924E-01      3.41556982E-01
       3      2.92107243E-01      2.94094390E-01
       4      2.58005791E-01      2.59482835E-01
       5      2.31358410E-01      2.32522863E-01
       6      2.09685783E-01      2.10639027E-01
       7      1.91562357E-01      1.92363503E-01
       8      1.76092994E-01      1.76779564E-01
       9      1.62679037E-01      1.63276342E-01
      10      1.50900688E-01      1.51426604E-01
      11      1.40452497E-01      1.40920110E-01
      12      1.31105534E-01      1.31524700E-01
      13      1.22683986E-01      1.23062309E-01
      14      1.15050054E-01      1.15393515E-01
      15      1.08093831E-01      1.08407219E-01
      16      1.01726331E-01      1.02013536E-01
      17      9.58745492E-02      9.61387707E-02
      18      9.04778897E-02      9.07217905E-02
      19      8.54855285E-02      8.57113472E-02
      20      8.08544373E-02      8.10640737E-02
      21      7.65478770E-02      7.67429565E-02
      22      7.25342364E-02      7.27161601E-02
      23      6.87861230E-02      6.89561074E-02
      24      6.52796470E-02      6.54387547E-02
      25      6.19938487E-02      6.21430135E-02
      26      5.89102383E-02      5.90502851E-02
      27      5.60124222E-02      5.61440834E-02
      28      5.32857972E-02      5.34097260E-02
      29      5.07172980E-02      5.08340796E-02
      30      4.82951890E-02      4.84053495E-02
      31      4.60088889E-02      4.61129033E-02
      32      4.38488241E-02      4.39471224E-02
      33      4.18063053E-02      4.18992783E-02
      34      3.98734212E-02      3.99614249E-02
      35      3.80429497E-02      3.81263095E-02
      36      3.63082798E-02      3.63872935E-02
      37      3.46633456E-02      3.47382869E-02
      38      3.31025686E-02      3.31736892E-02
      39      3.16208077E-02      3.16883398E-02
      40      3.02133152E-02      3.02774734E-02
      41      2.88756991E-02      2.89366819E-02
      42      2.76038886E-02      2.76618802E-02
      43      2.63941051E-02      2.64492765E-02
      44      2.52428356E-02      2.52953458E-02
      45      2.41468091E-02      2.41968063E-02
      46      2.31029761E-02      2.31505984E-02
      47      2.21084898E-02      2.21538663E-02
      48      2.11606894E-02      2.12039407E-02
      49      2.02570852E-02      2.02983243E-02
      50      1.93953450E-02      1.94346778E-02
      51      1.85732820E-02      1.86108077E-02
      52      1.77888437E-02      1.78246555E-02
      53      1.70401020E-02      1.70742873E-02
      54      1.63252436E-02      1.63578850E-02
      55      1.56425626E-02      1.56737375E-02
      56      1.49904522E-02      1.50202337E-02
      57      1.43673981E-02      1.43958549E-02
      58      1.37719721E-02      1.37991692E-02
      59      1.32028261E-02      1.32288249E-02
      60      1.26586874E-02      1.26835457E-02
      61      1.21383528E-02      1.21621254E-02
      62      1.16406852E-02      1.16634238E-02
      63      1.11646084E-02      1.11863620E-02
      64      1.07091040E-02      1.07299189E-02
      65      1.02732072E-02      1.02931275E-02
      66      9.85600417E-03      9.87507135E-03
      67      9.45662848E-03      9.47488202E-03
      68      9.07425824E-03      9.09173557E-03
      69      8.70811393E-03      8.72485058E-03
      70      8.35745538E-03      8.37348507E-03
      71      8.02157979E-03      8.03693454E-03
      72      7.69981964E-03      7.71452988E-03
      73      7.39154030E-03      7.40563494E-03
      74      7.09613876E-03      7.10964531E-03
      75      6.81304130E-03      6.82598592E-03
      76      6.54170227E-03      6.55410983E-03
      77      6.28160244E-03      6.29349661E-03
      78      6.03224735E-03      6.04365069E-03
      79      5.79316645E-03      5.80410043E-03
      80      5.56391130E-03      5.57439637E-03
      81      5.34405480E-03      5.35411044E-03
      82      5.13318988E-03      5.14283468E-03
      83      4.93092841E-03      4.94018006E-03
      84      4.73690051E-03      4.74577590E-03
      85      4.55075314E-03      4.55926838E-03
      86      4.37214974E-03      4.38032019E-03
      87      4.20076909E-03      4.20860942E-03
      88      4.03630451E-03      4.04382871E-03
      89      3.87846349E-03      3.88568491E-03
      90      3.72696644E-03      3.73389786E-03
      91      3.58154655E-03      3.58820015E-03
      92      3.44194900E-03      3.44833641E-03
      93      3.30793007E-03      3.31406242E-03
      94      3.17925722E-03      3.18514514E-03
      95      3.05570796E-03      3.06136160E-03  i
      96      2.93706964E-03      2.94249872E-03  i
      97      2.82313915E-03      2.82835295E-03  i
      98      2.71372196E-03      2.71872936E-03  i
      99      2.60863228E-03      2.61344177E-03  i
     100      2.50769231E-03      2.51231202E-03  i
     105      2.05953397E-03      2.06331487E-03  i
     110      1.69248371E-03      1.69558251E-03  i
     115      1.39145669E-03      1.39399969E-03  i
     120      1.14427882E-03      1.14636810E-03  i
     125      9.41098118E-04      9.42816375E-04  i
     130      7.73922388E-04      7.75336789E-04  i
     135      6.36254213E-04      6.37419424E-04  i
     140      5.22800986E-04      5.23761570E-04  i
     145      4.29243580E-04      4.30035934E-04  i
     150      3.52052390E-04      3.52706288E-04  i
     155      2.88338042E-04      2.88877861E-04  i
     160      2.35732903E-04      2.36178645E-04  i
     165      1.92293911E-04      1.92661985E-04  i
     170      1.56425460E-04      1.56729362E-04  i
     175      1.26815050E-04      1.27065878E-04  i
     180      1.02383200E-04      1.02590083E-04  i
     185      8.22406130E-05      8.24110848E-05  i
     190      6.56541831E-05      6.57944514E-05  i
     195      5.20196775E-05      5.21348546E-05  i
     200      4.08386206E-05      4.09329270E-05  i
     205      3.16994401E-05      3.17763640E-05  i
     210      2.42622314E-05      2.43246543E-05  i
     215      1.82461902E-05      1.82964928E-05  i
     220      1.34191771E-05      1.34593286E-05  i
     225      9.58908650E-06      9.62072138E-06  i
     230      6.59676716E-06      6.62124849E-06  i
     235      4.31002239E-06      4.32847845E-06  i
     240      2.61707616E-06      2.63042216E-06  i
     245      1.42124025E-06      1.43032999E-06  i
     250      6.44977867E-07      6.50590272E-07  i
     255      2.03863803E-07      2.06558372E-07  i
     260      3.72911637E-08      3.80001782E-08  i
     265      4.22608702E-09      2.99033452E-09  i


  *** SCATTERING AMPLITUDES AND DIFFERENTIAL CROSS SECTION ***

    ANGLE      DCS       ASYMMETRY    DIRECT AMPLITUDE       SPIN-FLIP AMPLITUDE     ERROR
    (deg)   (cm**2/sr)                      (cm)                    (cm)
  -------------------------------------------------------------------------------------------
  0.000E+00 6.38621E-16  0.000E+00 ( 2.522E-08, 1.614E-09) ( 0.000E+00, 0.000E+00)  1.00E-07
  1.000E-04 6.38621E-16  0.000E+00 ( 2.522E-08, 1.614E-09) ( 1.029E-15, 6.614E-17)  1.00E-07
  1.250E-04 6.38621E-16  0.000E+00 ( 2.522E-08, 1.614E-09) ( 1.286E-15, 8.268E-17)  1.00E-07
  1.500E-04 6.38621E-16  0.000E+00 ( 2.522E-08, 1.614E-09) ( 1.543E-15, 9.921E-17)  1.00E-07
  1.750E-04 6.38621E-16  0.000E+00 ( 2.522E-08, 1.614E-09) ( 1.800E-15, 1.157E-16)  1.00E-07
  2.000E-04 6.38621E-16  0.000E+00 ( 2.522E-08, 1.614E-09) ( 2.057E-15, 1.323E-16)  1.00E-07
  2.250E-04 6.38621E-16  0.000E+00 ( 2.522E-08, 1.614E-09) ( 2.314E-15, 1.488E-16)  1.00E-07
  2.500E-04 6.38621E-16  0.000E+00 ( 2.522E-08, 1.614E-09) ( 2.572E-15, 1.654E-16)  1.00E-07
  2.750E-04 6.38621E-16  0.000E+00 ( 2.522E-08, 1.614E-09) ( 2.829E-15, 1.819E-16)  1.00E-07
  3.000E-04 6.38621E-16  0.000E+00 ( 2.522E-08, 1.614E-09) ( 3.086E-15, 1.984E-16)  1.00E-07
  3.250E-04 6.38621E-16  0.000E+00 ( 2.522E-08, 1.614E-09) ( 3.343E-15, 2.150E-16)  1.00E-07
  3.500E-04 6.38621E-16  0.000E+00 ( 2.522E-08, 1.614E-09) ( 3.600E-15, 2.315E-16)  1.00E-07
  3.750E-04 6.38621E-16  0.000E+00 ( 2.522E-08, 1.614E-09) ( 3.857E-15, 2.480E-16)  1.00E-07
  4.000E-04 6.38621E-16  0.000E+00 ( 2.522E-08, 1.614E-09) ( 4.114E-15, 2.646E-16)  1.00E-07
  4.250E-04 6.38621E-16  0.000E+00 ( 2.522E-08, 1.614E-09) ( 4.372E-15, 2.811E-16)  1.00E-07
  4.500E-04 6.38621E-16  0.000E+00 ( 2.522E-08, 1.614E-09) ( 4.629E-15, 2.976E-16)  1.00E-07
  4.750E-04 6.38621E-16  0.000E+00 ( 2.522E-08, 1.614E-09) ( 4.886E-15, 3.142E-16)  1.00E-07
  5.000E-04 6.38621E-16  0.000E+00 ( 2.522E-08, 1.614E-09) ( 5.143E-15, 3.307E-16)  1.00E-07
  5.250E-04 6.38621E-16  0.000E+00 ( 2.522E-08, 1.614E-09) ( 5.400E-15, 3.472E-16)  1.00E-07
  5.500E-04 6.38621E-16  0.000E+00 ( 2.522E-08, 1.614E-09) ( 5.657E-15, 3.638E-16)  1.00E-07
  5.750E-04 6.38621E-16  0.000E+00 ( 2.522E-08, 1.614E-09) ( 5.915E-15, 3.803E-16)  1.00E-07
  6.000E-04 6.38621E-16  0.000E+00 ( 2.522E-08, 1.614E-09) ( 6.172E-15, 3.969E-16)  1.00E-07
  6.250E-04 6.38621E-16  0.000E+00 ( 2.522E-08, 1.614E-09) ( 6.429E-15, 4.134E-16)  1.00E-07
  6.500E-04 6.38621E-16  0.000E+00 ( 2.522E-08, 1.614E-09) ( 6.686E-15, 4.299E-16)  1.00E-07
  6.750E-04 6.38621E-16  0.000E+00 ( 2.522E-08, 1.614E-09) ( 6.943E-15, 4.465E-16)  1.00E-07
  7.000E-04 6.38621E-16  0.000E+00 ( 2.522E-08, 1.614E-09) ( 7.200E-15, 4.630E-16)  1.00E-07
  7.250E-04 6.38621E-16  0.000E+00 ( 2.522E-08, 1.614E-09) ( 7.457E-15, 4.795E-16)  1.00E-07
  7.500E-04 6.38621E-16  0.000E+00 ( 2.522E-08, 1.614E-09) ( 7.715E-15, 4.961E-16)  1.00E-07
  7.750E-04 6.38621E-16  0.000E+00 ( 2.522E-08, 1.614E-09) ( 7.972E-15, 5.126E-16)  1.00E-07
  8.000E-04 6.38621E-16  0.000E+00 ( 2.522E-08, 1.614E-09) ( 8.229E-15, 5.291E-16)  1.00E-07
  8.250E-04 6.38621E-16  0.000E+00 ( 2.522E-08, 1.614E-09) ( 8.486E-15, 5.457E-16)  1.00E-07
  8.500E-04 6.38621E-16  0.000E+00 ( 2.522E-08, 1.614E-09) ( 8.743E-15, 5.622E-16)  1.00E-07
  8.750E-04 6.38621E-16  0.000E+00 ( 2.522E-08, 1.614E-09) ( 9.000E-15, 5.787E-16)  1.00E-07
  9.000E-04 6.38621E-16  0.000E+00 ( 2.522E-08, 1.614E-09) ( 9.258E-15, 5.953E-16)  1.00E-07
  9.250E-04 6.38621E-16  0.000E+00 ( 2.522E-08, 1.614E-09) ( 9.515E-15, 6.118E-16)  1.00E-07
  9.500E-04 6.38621E-16  0.000E+00 ( 2.522E-08, 1.614E-09) ( 9.772E-15, 6.284E-16)  1.00E-07
  9.750E-04 6.38621E-16  0.000E+00 ( 2.522E-08, 1.614E-09) ( 1.003E-14, 6.449E-16)  1.00E-07
  1.000E-03 6.38621E-16  0.000E+00 ( 2.522E-08, 1.614E-09) ( 1.029E-14, 6.614E-16)  1.00E-07
  1.250E-03 6.38621E-16  0.000E+00 ( 2.522E-08, 1.614E-09) ( 1.286E-14, 8.268E-16)  1.00E-07
  1.500E-03 6.38621E-16  0.000E+00 ( 2.522E-08, 1.614E-09) ( 1.543E-14, 9.921E-16)  1.00E-07
  1.750E-03 6.38620E-16  0.000E+00 ( 2.522E-08, 1.614E-09) ( 1.800E-14, 1.157E-15)  1.00E-07
  2.000E-03 6.38620E-16  0.000E+00 ( 2.522E-08, 1.614E-09) ( 2.057E-14, 1.323E-15)  1.00E-07
  2.250E-03 6.38620E-16  0.000E+00 ( 2.522E-08, 1.614E-09) ( 2.314E-14, 1.488E-15)  1.00E-07
  2.500E-03 6.38619E-16  0.000E+00 ( 2.522E-08, 1.614E-09) ( 2.572E-14, 1.654E-15)  1.00E-07
  2.750E-03 6.38619E-16  0.000E+00 ( 2.522E-08, 1.614E-09) ( 2.829E-14, 1.819E-15)  1.00E-07
  3.000E-03 6.38619E-16  0.000E+00 ( 2.522E-08, 1.614E-09) ( 3.086E-14, 1.984E-15)  1.00E-07
  3.250E-03 6.38618E-16  0.000E+00 ( 2.522E-08, 1.614E-09) ( 3.343E-14, 2.150E-15)  1.00E-07
  3.500E-03 6.38618E-16  0.000E+00 ( 2.522E-08, 1.614E-09) ( 3.600E-14, 2.315E-15)  1.00E-07
  3.750E-03 6.38617E-16  0.000E+00 ( 2.522E-08, 1.614E-09) ( 3.857E-14, 2.480E-15)  1.00E-07
  4.000E-03 6.38616E-16  0.000E+00 ( 2.522E-08, 1.614E-09) ( 4.114E-14, 2.646E-15)  1.00E-07
  4.250E-03 6.38616E-16  0.000E+00 ( 2.522E-08, 1.614E-09) ( 4.372E-14, 2.811E-15)  1.00E-07
  4.500E-03 6.38615E-16  0.000E+00 ( 2.522E-08, 1.614E-09) ( 4.629E-14, 2.976E-15)  1.00E-07
  4.750E-03 6.38614E-16  0.000E+00 ( 2.522E-08, 1.614E-09) ( 4.886E-14, 3.142E-15)  1.00E-07
  5.000E-03 6.38614E-16  0.000E+00 ( 2.522E-08, 1.614E-09) ( 5.143E-14, 3.307E-15)  1.00E-07
  5.250E-03 6.38613E-16  0.000E+00 ( 2.522E-08, 1.614E-09) ( 5.400E-14, 3.472E-15)  1.00E-07
  5.500E-03 6.38612E-16  0.000E+00 ( 2.522E-08, 1.614E-09) ( 5.657E-14, 3.638E-15)  1.00E-07
  5.750E-03 6.38611E-16  0.000E+00 ( 2.522E-08, 1.614E-09) ( 5.914E-14, 3.803E-15)  1.00E-07
  6.000E-03 6.38610E-16  0.000E+00 ( 2.522E-08, 1.614E-09) ( 6.172E-14, 3.969E-15)  1.00E-07
  6.250E-03 6.38609E-16  0.000E+00 ( 2.522E-08, 1.614E-09) ( 6.429E-14, 4.134E-15)  1.00E-07
  6.500E-03 6.38608E-16  0.000E+00 ( 2.522E-08, 1.614E-09) ( 6.686E-14, 4.299E-15)  1.00E-07
  6.750E-03 6.38607E-16  0.000E+00 ( 2.522E-08, 1.614E-09) ( 6.943E-14, 4.465E-15)  1.00E-07
  7.000E-03 6.38606E-16  0.000E+00 ( 2.522E-08, 1.614E-09) ( 7.200E-14, 4.630E-15)  1.00E-07
  7.250E-03 6.38605E-16  0.000E+00 ( 2.522E-08, 1.614E-09) ( 7.457E-14, 4.795E-15)  1.00E-07
  7.500E-03 6.38604E-16  0.000E+00 ( 2.522E-08, 1.614E-09) ( 7.715E-14, 4.961E-15)  1.00E-07
  7.750E-03 6.38603E-16  0.000E+00 ( 2.522E-08, 1.614E-09) ( 7.972E-14, 5.126E-15)  1.00E-07
  8.000E-03 6.38602E-16  0.000E+00 ( 2.522E-08, 1.614E-09) ( 8.229E-14, 5.291E-15)  1.00E-07
  8.250E-03 6.38600E-16  0.000E+00 ( 2.522E-08, 1.614E-09) ( 8.486E-14, 5.457E-15)  1.00E-07
  8.500E-03 6.38599E-16  0.000E+00 ( 2.522E-08, 1.614E-09) ( 8.743E-14, 5.622E-15)  1.00E-07
  8.750E-03 6.38598E-16  0.000E+00 ( 2.522E-08, 1.614E-09) ( 9.000E-14, 5.787E-15)  1.00E-07
  9.000E-03 6.38596E-16  0.000E+00 ( 2.522E-08, 1.614E-09) ( 9.257E-14, 5.953E-15)  1.00E-07
  9.250E-03 6.38595E-16  0.000E+00 ( 2.522E-08, 1.614E-09) ( 9.514E-14, 6.118E-15)  1.00E-07
  9.500E-03 6.38593E-16  0.000E+00 ( 2.522E-08, 1.614E-09) ( 9.772E-14, 6.284E-15)  1.00E-07
  9.750E-03 6.38592E-16  0.000E+00 ( 2.522E-08, 1.614E-09) ( 1.003E-13, 6.449E-15)  1.00E-07
  1.000E-02 6.38590E-16  0.000E+00 ( 2.522E-08, 1.614E-09) ( 1.029E-13, 6.614E-15)  1.00E-07
  1.250E-02 6.38573E-16  0.000E+00 ( 2.522E-08, 1.614E-09) ( 1.286E-13, 8.268E-15)  1.00E-07
  1.500E-02 6.38552E-16  0.000E+00 ( 2.522E-08, 1.614E-09) ( 1.543E-13, 9.921E-15)  1.00E-07
  1.750E-02 6.38527E-16  0.000E+00 ( 2.522E-08, 1.614E-09) ( 1.800E-13, 1.157E-14)  1.00E-07
  2.000E-02 6.38498E-16  0.000E+00 ( 2.522E-08, 1.614E-09) ( 2.057E-13, 1.323E-14)  1.00E-07
  2.250E-02 6.38465E-16  0.000E+00 ( 2.522E-08, 1.614E-09) ( 2.314E-13, 1.488E-14)  1.00E-07
  2.500E-02 6.38428E-16  0.000E+00 ( 2.522E-08, 1.614E-09) ( 2.571E-13, 1.654E-14)  1.00E-07
  2.750E-02 6.38387E-16  0.000E+00 ( 2.521E-08, 1.614E-09) ( 2.828E-13, 1.819E-14)  1.00E-07
  3.000E-02 6.38343E-16  0.000E+00 ( 2.521E-08, 1.614E-09) ( 3.085E-13, 1.984E-14)  1.00E-07
  3.250E-02 6.38295E-16  0.000E+00 ( 2.521E-08, 1.614E-09) ( 3.342E-13, 2.150E-14)  1.00E-07
  3.500E-02 6.38243E-16  0.000E+00 ( 2.521E-08, 1.614E-09) ( 3.599E-13, 2.315E-14)  1.00E-07
  3.750E-02 6.38186E-16  0.000E+00 ( 2.521E-08, 1.614E-09) ( 3.856E-13, 2.480E-14)  1.00E-07
  4.000E-02 6.38127E-16  0.000E+00 ( 2.521E-08, 1.614E-09) ( 4.113E-13, 2.646E-14)  1.00E-07
  4.250E-02 6.38063E-16  0.000E+00 ( 2.521E-08, 1.614E-09) ( 4.370E-13, 2.811E-14)  1.00E-07
  4.500E-02 6.37995E-16  0.000E+00 ( 2.521E-08, 1.614E-09) ( 4.626E-13, 2.976E-14)  1.00E-07
  4.750E-02 6.37924E-16  0.000E+00 ( 2.521E-08, 1.614E-09) ( 4.883E-13, 3.141E-14)  1.00E-07
  5.000E-02 6.37849E-16  0.000E+00 ( 2.520E-08, 1.614E-09) ( 5.140E-13, 3.307E-14)  1.00E-07
  5.250E-02 6.37769E-16  0.000E+00 ( 2.520E-08, 1.614E-09) ( 5.397E-13, 3.472E-14)  1.00E-07
  5.500E-02 6.37686E-16  0.000E+00 ( 2.520E-08, 1.614E-09) ( 5.653E-13, 3.637E-14)  1.00E-07
  5.750E-02 6.37600E-16  0.000E+00 ( 2.520E-08, 1.614E-09) ( 5.910E-13, 3.803E-14)  1.00E-07
  6.000E-02 6.37509E-16  0.000E+00 ( 2.520E-08, 1.614E-09) ( 6.166E-13, 3.968E-14)  1.00E-07
  6.250E-02 6.37414E-16  0.000E+00 ( 2.520E-08, 1.614E-09) ( 6.423E-13, 4.133E-14)  1.00E-07
  6.500E-02 6.37316E-16  0.000E+00 ( 2.519E-08, 1.614E-09) ( 6.679E-13, 4.299E-14)  1.00E-07
  6.750E-02 6.37214E-16  0.000E+00 ( 2.519E-08, 1.614E-09) ( 6.935E-13, 4.464E-14)  1.00E-07
  7.000E-02 6.37108E-16  0.000E+00 ( 2.519E-08, 1.614E-09) ( 7.192E-13, 4.629E-14)  1.00E-07
  7.250E-02 6.36998E-16  0.000E+00 ( 2.519E-08, 1.614E-09) ( 7.448E-13, 4.794E-14)  1.00E-07
  7.500E-02 6.36884E-16  0.000E+00 ( 2.518E-08, 1.614E-09) ( 7.704E-13, 4.960E-14)  1.00E-07
  7.750E-02 6.36767E-16  0.000E+00 ( 2.518E-08, 1.614E-09) ( 7.960E-13, 5.125E-14)  1.00E-07
  8.000E-02 6.36646E-16  0.000E+00 ( 2.518E-08, 1.614E-09) ( 8.216E-13, 5.290E-14)  1.00E-07
  8.250E-02 6.36520E-16  0.000E+00 ( 2.518E-08, 1.614E-09) ( 8.472E-13, 5.455E-14)  1.00E-07
  8.500E-02 6.36391E-16  0.000E+00 ( 2.518E-08, 1.614E-09) ( 8.728E-13, 5.620E-14)  1.00E-07
  8.750E-02 6.36259E-16  0.000E+00 ( 2.517E-08, 1.614E-09) ( 8.984E-13, 5.786E-14)  1.00E-07
  9.000E-02 6.36122E-16  0.000E+00 ( 2.517E-08, 1.614E-09) ( 9.239E-13, 5.951E-14)  1.00E-07
  9.250E-02 6.35982E-16  0.000E+00 ( 2.517E-08, 1.614E-09) ( 9.495E-13, 6.116E-14)  1.00E-07
  9.500E-02 6.35838E-16  0.000E+00 ( 2.516E-08, 1.614E-09) ( 9.750E-13, 6.281E-14)  1.00E-07
  9.750E-02 6.35690E-16  0.000E+00 ( 2.516E-08, 1.614E-09) ( 1.001E-12, 6.446E-14)  1.00E-07
  1.000E-01 6.35538E-16  0.000E+00 ( 2.516E-08, 1.614E-09) ( 1.026E-12, 6.612E-14)  1.00E-07
  1.250E-01 6.33812E-16  0.000E+00 ( 2.512E-08, 1.613E-09) ( 1.281E-12, 8.263E-14)  1.00E-07
  1.500E-01 6.31712E-16  0.000E+00 ( 2.508E-08, 1.613E-09) ( 1.535E-12, 9.912E-14)  1.00E-07
  1.750E-01 6.29242E-16  0.000E+00 ( 2.503E-08, 1.612E-09) ( 1.787E-12, 1.156E-13)  1.00E-07
  2.000E-01 6.26409E-16  0.000E+00 ( 2.498E-08, 1.612E-09) ( 2.037E-12, 1.321E-13)  1.00E-07
  2.250E-01 6.23219E-16  0.000E+00 ( 2.491E-08, 1.611E-09) ( 2.286E-12, 1.485E-13)  1.00E-07
  2.500E-01 6.19681E-16  0.000E+00 ( 2.484E-08, 1.610E-09) ( 2.533E-12, 1.649E-13)  1.00E-07
  2.750E-01 6.15802E-16  0.000E+00 ( 2.476E-08, 1.609E-09) ( 2.778E-12, 1.813E-13)  1.00E-07
  3.000E-01 6.11592E-16  0.000E+00 ( 2.468E-08, 1.608E-09) ( 3.020E-12, 1.977E-13)  1.00E-07
  3.250E-01 6.07061E-16  0.000E+00 ( 2.459E-08, 1.607E-09) ( 3.259E-12, 2.140E-13)  1.00E-07
  3.500E-01 6.02219E-16  0.000E+00 ( 2.449E-08, 1.606E-09) ( 3.496E-12, 2.303E-13)  1.00E-07
  3.750E-01 5.97078E-16  0.000E+00 ( 2.438E-08, 1.605E-09) ( 3.730E-12, 2.466E-13)  1.00E-07
  4.000E-01 5.91650E-16  0.000E+00 ( 2.427E-08, 1.604E-09) ( 3.960E-12, 2.628E-13)  1.00E-07
  4.250E-01 5.85946E-16  0.000E+00 ( 2.415E-08, 1.603E-09) ( 4.187E-12, 2.790E-13)  1.00E-07
  4.500E-01 5.79980E-16  0.000E+00 ( 2.403E-08, 1.601E-09) ( 4.411E-12, 2.952E-13)  1.00E-07
  4.750E-01 5.73764E-16  0.000E+00 ( 2.390E-08, 1.600E-09) ( 4.631E-12, 3.113E-13)  1.00E-07
  5.000E-01 5.67312E-16  0.000E+00 ( 2.376E-08, 1.598E-09) ( 4.847E-12, 3.273E-13)  1.00E-07
  5.250E-01 5.60638E-16  0.000E+00 ( 2.362E-08, 1.596E-09) ( 5.059E-12, 3.434E-13)  1.00E-07
  5.500E-01 5.53755E-16  0.000E+00 ( 2.348E-08, 1.595E-09) ( 5.268E-12, 3.593E-13)  1.00E-07
  5.750E-01 5.46678E-16  0.000E+00 ( 2.333E-08, 1.593E-09) ( 5.472E-12, 3.752E-13)  1.00E-07
  6.000E-01 5.39421E-16  0.000E+00 ( 2.317E-08, 1.591E-09) ( 5.671E-12, 3.911E-13)  1.00E-07
  6.250E-01 5.31999E-16  0.000E+00 ( 2.301E-08, 1.589E-09) ( 5.867E-12, 4.069E-13)  1.00E-07
  6.500E-01 5.24425E-16  0.000E+00 ( 2.285E-08, 1.587E-09) ( 6.058E-12, 4.226E-13)  1.00E-07
  6.750E-01 5.16713E-16  0.000E+00 ( 2.268E-08, 1.585E-09) ( 6.244E-12, 4.383E-13)  1.00E-07
  7.000E-01 5.08879E-16  0.000E+00 ( 2.250E-08, 1.582E-09) ( 6.426E-12, 4.539E-13)  1.00E-07
  7.250E-01 5.00936E-16  0.000E+00 ( 2.233E-08, 1.580E-09) ( 6.604E-12, 4.694E-13)  1.00E-07
  7.500E-01 4.92897E-16  0.000E+00 ( 2.215E-08, 1.578E-09) ( 6.776E-12, 4.849E-13)  1.00E-07
  7.750E-01 4.84777E-16  0.000E+00 ( 2.196E-08, 1.575E-09) ( 6.944E-12, 5.003E-13)  1.00E-07
  8.000E-01 4.76589E-16  0.000E+00 ( 2.177E-08, 1.573E-09) ( 7.107E-12, 5.156E-13)  1.00E-07
  8.250E-01 4.68345E-16  0.000E+00 ( 2.158E-08, 1.570E-09) ( 7.265E-12, 5.309E-13)  1.00E-07
  8.500E-01 4.60060E-16  0.000E+00 ( 2.139E-08, 1.568E-09) ( 7.419E-12, 5.460E-13)  1.00E-07
  8.750E-01 4.51744E-16  0.000E+00 ( 2.120E-08, 1.565E-09) ( 7.568E-12, 5.612E-13)  1.00E-07
  9.000E-01 4.43409E-16  0.000E+00 ( 2.100E-08, 1.562E-09) ( 7.712E-12, 5.762E-13)  1.00E-07
  9.250E-01 4.35069E-16  0.000E+00 ( 2.080E-08, 1.560E-09) ( 7.851E-12, 5.911E-13)  1.00E-07
  9.500E-01 4.26732E-16  0.000E+00 ( 2.060E-08, 1.557E-09) ( 7.985E-12, 6.060E-13)  1.00E-07
  9.750E-01 4.18411E-16  0.000E+00 ( 2.040E-08, 1.554E-09) ( 8.115E-12, 6.208E-13)  1.00E-07
  1.000E+00 4.10115E-16  0.000E+00 ( 2.019E-08, 1.551E-09) ( 8.240E-12, 6.355E-13)  1.00E-07
  1.100E+00 3.77370E-16  0.000E+00 ( 1.937E-08, 1.538E-09) ( 8.693E-12, 6.933E-13)  1.00E-07
  1.200E+00 3.45710E-16  0.000E+00 ( 1.853E-08, 1.525E-09) ( 9.076E-12, 7.498E-13)  1.00E-07
  1.300E+00 3.15545E-16  0.000E+00 ( 1.770E-08, 1.510E-09) ( 9.392E-12, 8.046E-13)  1.00E-07
  1.400E+00 2.87158E-16  0.000E+00 ( 1.688E-08, 1.495E-09) ( 9.647E-12, 8.579E-13)  1.00E-07
  1.500E+00 2.60723E-16  0.000E+00 ( 1.608E-08, 1.479E-09) ( 9.847E-12, 9.094E-13)  1.00E-07
  1.600E+00 2.36317E-16  0.000E+00 ( 1.530E-08, 1.463E-09) ( 9.998E-12, 9.593E-13)  1.00E-07
  1.700E+00 2.13945E-16  0.000E+00 ( 1.456E-08, 1.446E-09) ( 1.011E-11, 1.007E-12)  1.00E-07
  1.800E+00 1.93553E-16  0.000E+00 ( 1.384E-08, 1.428E-09) ( 1.017E-11, 1.054E-12)  1.00E-07
  1.900E+00 1.75045E-16  0.000E+00 ( 1.316E-08, 1.410E-09) ( 1.021E-11, 1.098E-12)  1.00E-07
  2.000E+00 1.58305E-16  0.000E+00 ( 1.250E-08, 1.391E-09) ( 1.022E-11, 1.141E-12)  1.00E-07
  2.100E+00 1.43198E-16  0.000E+00 ( 1.189E-08, 1.373E-09) ( 1.020E-11, 1.182E-12)  1.00E-07
  2.200E+00 1.29588E-16  0.000E+00 ( 1.130E-08, 1.354E-09) ( 1.016E-11, 1.221E-12)  1.00E-07
  2.300E+00 1.17341E-16  0.000E+00 ( 1.075E-08, 1.334E-09) ( 1.011E-11, 1.259E-12)  1.00E-07
  2.400E+00 1.06327E-16  0.000E+00 ( 1.023E-08, 1.315E-09) ( 1.004E-11, 1.294E-12)  1.00E-07
  2.500E+00 9.64269E-17  0.000E+00 ( 9.734E-09, 1.296E-09) ( 9.951E-12, 1.329E-12)  1.00E-07
  2.600E+00 8.75292E-17  0.000E+00 ( 9.268E-09, 1.276E-09) ( 9.856E-12, 1.361E-12)  1.00E-07
  2.700E+00 7.95329E-17  0.000E+00 ( 8.829E-09, 1.256E-09) ( 9.752E-12, 1.392E-12)  1.00E-07
  2.800E+00 7.23461E-17  0.000E+00 ( 8.415E-09, 1.237E-09) ( 9.640E-12, 1.421E-12)  1.00E-07
  2.900E+00 6.58858E-17  0.000E+00 ( 8.025E-09, 1.217E-09) ( 9.524E-12, 1.449E-12)  1.00E-07
  3.000E+00 6.00766E-17  0.000E+00 ( 7.658E-09, 1.198E-09) ( 9.403E-12, 1.475E-12)  1.00E-07
  3.100E+00 5.48503E-17  0.000E+00 ( 7.312E-09, 1.179E-09) ( 9.279E-12, 1.500E-12)  1.00E-07
  3.200E+00 5.01454E-17  0.000E+00 ( 6.986E-09, 1.159E-09) ( 9.153E-12, 1.523E-12)  1.00E-07
  3.300E+00 4.59063E-17  0.000E+00 ( 6.679E-09, 1.140E-09) ( 9.026E-12, 1.545E-12)  1.00E-07
  3.400E+00 4.20832E-17  0.000E+00 ( 6.389E-09, 1.122E-09) ( 8.899E-12, 1.566E-12)  1.00E-07
  3.500E+00 3.86312E-17  0.000E+00 ( 6.117E-09, 1.103E-09) ( 8.772E-12, 1.585E-12)  1.00E-07
  3.600E+00 3.55103E-17  0.000E+00 ( 5.859E-09, 1.085E-09) ( 8.645E-12, 1.603E-12)  1.00E-07
  3.700E+00 3.26849E-17  0.000E+00 ( 5.617E-09, 1.067E-09) ( 8.519E-12, 1.621E-12)  1.00E-07
  3.800E+00 3.01237E-17  0.000E+00 ( 5.387E-09, 1.049E-09) ( 8.394E-12, 1.637E-12)  1.00E-07
  3.900E+00 2.77986E-17  0.000E+00 ( 5.171E-09, 1.031E-09) ( 8.270E-12, 1.652E-12)  1.00E-07
  4.000E+00 2.56851E-17  0.000E+00 ( 4.966E-09, 1.014E-09) ( 8.147E-12, 1.666E-12)  1.00E-07
  4.100E+00 2.37616E-17  0.000E+00 ( 4.772E-09, 9.966E-10) ( 8.027E-12, 1.679E-12)  1.00E-07
  4.200E+00 2.20088E-17  0.000E+00 ( 4.588E-09, 9.798E-10) ( 7.908E-12, 1.691E-12)  1.00E-07
  4.300E+00 2.04098E-17  0.000E+00 ( 4.414E-09, 9.633E-10) ( 7.790E-12, 1.702E-12)  1.00E-07
  4.400E+00 1.89494E-17  0.000E+00 ( 4.249E-09, 9.471E-10) ( 7.675E-12, 1.713E-12)  1.00E-07
  4.500E+00 1.76143E-17  0.000E+00 ( 4.092E-09, 9.312E-10) ( 7.562E-12, 1.722E-12)  1.00E-07
  4.600E+00 1.63921E-17  0.000E+00 ( 3.944E-09, 9.156E-10) ( 7.452E-12, 1.731E-12)  1.00E-07
  4.700E+00 1.52722E-17  0.000E+00 ( 3.803E-09, 9.002E-10) ( 7.343E-12, 1.739E-12)  1.00E-07
  4.800E+00 1.42447E-17  0.000E+00 ( 3.669E-09, 8.852E-10) ( 7.237E-12, 1.747E-12)  1.00E-07
  4.900E+00 1.33008E-17  0.000E+00 ( 3.542E-09, 8.704E-10) ( 7.133E-12, 1.754E-12)  1.00E-07
  5.000E+00 1.24327E-17  0.000E+00 ( 3.421E-09, 8.560E-10) ( 7.032E-12, 1.760E-12)  1.00E-07
  5.100E+00 1.16332E-17  0.000E+00 ( 3.305E-09, 8.418E-10) ( 6.932E-12, 1.766E-12)  1.00E-07
  5.200E+00 1.08960E-17  0.000E+00 ( 3.195E-09, 8.279E-10) ( 6.835E-12, 1.771E-12)  1.00E-07
  5.300E+00 1.02154E-17  0.000E+00 ( 3.091E-09, 8.143E-10) ( 6.740E-12, 1.775E-12)  1.00E-07
  5.400E+00 9.58639E-18  0.000E+00 ( 2.991E-09, 8.010E-10) ( 6.647E-12, 1.780E-12)  1.00E-07
  5.500E+00 9.00437E-18  0.000E+00 ( 2.895E-09, 7.879E-10) ( 6.556E-12, 1.783E-12)  1.00E-07
  5.600E+00 8.46531E-18  0.000E+00 ( 2.804E-09, 7.752E-10) ( 6.466E-12, 1.786E-12)  1.00E-07
  5.700E+00 7.96554E-18  0.000E+00 ( 2.717E-09, 7.627E-10) ( 6.379E-12, 1.789E-12)  1.00E-07
  5.800E+00 7.50177E-18  0.000E+00 ( 2.634E-09, 7.504E-10) ( 6.294E-12, 1.791E-12)  1.00E-07
  5.900E+00 7.07102E-18  0.000E+00 ( 2.555E-09, 7.384E-10) ( 6.210E-12, 1.793E-12)  1.00E-07
  6.000E+00 6.67059E-18  0.000E+00 ( 2.478E-09, 7.267E-10) ( 6.129E-12, 1.795E-12)  1.00E-07
  6.100E+00 6.29798E-18  0.000E+00 ( 2.405E-09, 7.152E-10) ( 6.049E-12, 1.796E-12)  1.00E-07
  6.200E+00 5.95095E-18  0.000E+00 ( 2.336E-09, 7.040E-10) ( 5.972E-12, 1.797E-12)  1.00E-07
  6.300E+00 5.62742E-18  0.000E+00 ( 2.269E-09, 6.930E-10) ( 5.895E-12, 1.798E-12)  1.00E-07
  6.400E+00 5.32552E-18  0.000E+00 ( 2.205E-09, 6.822E-10) ( 5.821E-12, 1.798E-12)  1.00E-07
  6.500E+00 5.04352E-18 -2.830E-06 ( 2.143E-09, 6.717E-10) ( 5.748E-12, 1.798E-12)  1.00E-07
  6.600E+00 4.77986E-18 -3.130E-06 ( 2.084E-09, 6.614E-10) ( 5.677E-12, 1.798E-12)  1.00E-07
  6.700E+00 4.53314E-18 -3.441E-06 ( 2.027E-09, 6.513E-10) ( 5.608E-12, 1.798E-12)  1.00E-07
  6.800E+00 4.30205E-18 -3.764E-06 ( 1.972E-09, 6.414E-10) ( 5.539E-12, 1.797E-12)  1.00E-07
  6.900E+00 4.08543E-18 -4.099E-06 ( 1.920E-09, 6.317E-10) ( 5.473E-12, 1.796E-12)  1.00E-07
  7.000E+00 3.88223E-18 -4.448E-06 ( 1.869E-09, 6.222E-10) ( 5.407E-12, 1.795E-12)  1.00E-07
  7.100E+00 3.69147E-18 -4.810E-06 ( 1.821E-09, 6.130E-10) ( 5.343E-12, 1.794E-12)  1.00E-07
  7.200E+00 3.51226E-18 -5.189E-06 ( 1.774E-09, 6.039E-10) ( 5.281E-12, 1.792E-12)  1.00E-07
  7.300E+00 3.34380E-18 -5.583E-06 ( 1.729E-09, 5.950E-10) ( 5.219E-12, 1.791E-12)  1.00E-07
  7.400E+00 3.18534E-18 -5.995E-06 ( 1.686E-09, 5.863E-10) ( 5.159E-12, 1.789E-12)  1.00E-07
  7.500E+00 3.03616E-18 -6.422E-06 ( 1.644E-09, 5.778E-10) ( 5.101E-12, 1.787E-12)  1.00E-07
  7.600E+00 2.89565E-18 -6.866E-06 ( 1.604E-09, 5.695E-10) ( 5.043E-12, 1.785E-12)  1.00E-07
  7.700E+00 2.76318E-18 -7.325E-06 ( 1.565E-09, 5.613E-10) ( 4.987E-12, 1.783E-12)  1.00E-07
  7.800E+00 2.63822E-18 -7.797E-06 ( 1.527E-09, 5.533E-10) ( 4.932E-12, 1.780E-12)  1.00E-07
  7.900E+00 2.52025E-18 -8.283E-06 ( 1.491E-09, 5.455E-10) ( 4.878E-12, 1.778E-12)  1.00E-07
  8.000E+00 2.40880E-18 -8.782E-06 ( 1.456E-09, 5.378E-10) ( 4.824E-12, 1.775E-12)  1.00E-07
  8.100E+00 2.30344E-18 -9.293E-06 ( 1.422E-09, 5.303E-10) ( 4.772E-12, 1.772E-12)  1.00E-07
  8.200E+00 2.20377E-18 -9.817E-06 ( 1.389E-09, 5.230E-10) ( 4.721E-12, 1.769E-12)  1.00E-07
  8.300E+00 2.10943E-18 -1.036E-05 ( 1.358E-09, 5.158E-10) ( 4.671E-12, 1.766E-12)  1.00E-07
  8.400E+00 2.02008E-18 -1.091E-05 ( 1.327E-09, 5.087E-10) ( 4.622E-12, 1.763E-12)  1.00E-07
  8.500E+00 1.93542E-18 -1.148E-05 ( 1.298E-09, 5.018E-10) ( 4.574E-12, 1.760E-12)  1.00E-07
  8.600E+00 1.85516E-18 -1.208E-05 ( 1.269E-09, 4.950E-10) ( 4.527E-12, 1.757E-12)  1.00E-07
  8.700E+00 1.77902E-18 -1.269E-05 ( 1.241E-09, 4.883E-10) ( 4.481E-12, 1.754E-12)  1.00E-07
  8.800E+00 1.70677E-18 -1.332E-05 ( 1.214E-09, 4.818E-10) ( 4.435E-12, 1.750E-12)  1.00E-07
  8.900E+00 1.63816E-18 -1.396E-05 ( 1.188E-09, 4.754E-10) ( 4.391E-12, 1.747E-12)  1.00E-07
  9.000E+00 1.57298E-18 -1.463E-05 ( 1.163E-09, 4.692E-10) ( 4.347E-12, 1.744E-12)  1.00E-07
  9.100E+00 1.51102E-18 -1.531E-05 ( 1.139E-09, 4.630E-10) ( 4.304E-12, 1.740E-12)  1.00E-07
  9.200E+00 1.45210E-18 -1.601E-05 ( 1.115E-09, 4.570E-10) ( 4.262E-12, 1.736E-12)  1.00E-07
  9.300E+00 1.39602E-18 -1.672E-05 ( 1.092E-09, 4.511E-10) ( 4.220E-12, 1.733E-12)  1.00E-07
  9.400E+00 1.34263E-18 -1.745E-05 ( 1.070E-09, 4.453E-10) ( 4.180E-12, 1.729E-12)  1.00E-07
  9.500E+00 1.29177E-18 -1.818E-05 ( 1.048E-09, 4.396E-10) ( 4.140E-12, 1.725E-12)  1.00E-07
  9.600E+00 1.24329E-18 -1.894E-05 ( 1.027E-09, 4.341E-10) ( 4.100E-12, 1.721E-12)  1.00E-07
  9.700E+00 1.19707E-18 -1.971E-05 ( 1.007E-09, 4.286E-10) ( 4.062E-12, 1.718E-12)  1.00E-07
  9.800E+00 1.15298E-18 -2.050E-05 ( 9.868E-10, 4.232E-10) ( 4.024E-12, 1.714E-12)  1.00E-07
  9.900E+00 1.11091E-18 -2.131E-05 ( 9.676E-10, 4.180E-10) ( 3.986E-12, 1.710E-12)  1.00E-07
  1.000E+01 1.07074E-18 -2.214E-05 ( 9.489E-10, 4.128E-10) ( 3.950E-12, 1.706E-12)  1.00E-07
  1.025E+01 9.78009E-19 -2.431E-05 ( 9.043E-10, 4.003E-10) ( 3.861E-12, 1.696E-12)  1.00E-07
  1.050E+01 8.95147E-19 -2.661E-05 ( 8.627E-10, 3.884E-10) ( 3.775E-12, 1.686E-12)  1.00E-07
  1.075E+01 8.20903E-19 -2.900E-05 ( 8.239E-10, 3.769E-10) ( 3.694E-12, 1.675E-12)  1.00E-07
  1.100E+01 7.54206E-19 -3.148E-05 ( 7.875E-10, 3.660E-10) ( 3.615E-12, 1.665E-12)  1.00E-07
  1.125E+01 6.94152E-19 -3.409E-05 ( 7.534E-10, 3.556E-10) ( 3.539E-12, 1.655E-12)  1.00E-07
  1.150E+01 6.39973E-19 -3.685E-05 ( 7.215E-10, 3.456E-10) ( 3.466E-12, 1.644E-12)  1.00E-07
  1.175E+01 5.90997E-19 -3.975E-05 ( 6.914E-10, 3.361E-10) ( 3.396E-12, 1.634E-12)  1.00E-07
  1.200E+01 5.46635E-19 -4.276E-05 ( 6.631E-10, 3.269E-10) ( 3.328E-12, 1.623E-12)  1.00E-07
  1.225E+01 5.06364E-19 -4.586E-05 ( 6.365E-10, 3.181E-10) ( 3.263E-12, 1.613E-12)  1.00E-07
  1.250E+01 4.69736E-19 -4.907E-05 ( 6.114E-10, 3.097E-10) ( 3.200E-12, 1.602E-12)  1.00E-07
  1.275E+01 4.36365E-19 -5.245E-05 ( 5.877E-10, 3.016E-10) ( 3.140E-12, 1.592E-12)  1.00E-07
  1.300E+01 4.05913E-19 -5.598E-05 ( 5.653E-10, 2.938E-10) ( 3.081E-12, 1.581E-12)  1.05E-07
  1.325E+01 3.78082E-19 -5.965E-05 ( 5.441E-10, 2.863E-10) ( 3.024E-12, 1.571E-12)  1.00E-07
  1.350E+01 3.52601E-19 -6.341E-05 ( 5.241E-10, 2.791E-10) ( 2.969E-12, 1.560E-12)  1.00E-07
  1.375E+01 3.29232E-19 -6.728E-05 ( 5.051E-10, 2.722E-10) ( 2.916E-12, 1.550E-12)  1.00E-07
  1.400E+01 3.07768E-19 -7.130E-05 ( 4.871E-10, 2.656E-10) ( 2.865E-12, 1.540E-12)  1.00E-07
  1.425E+01 2.88028E-19 -7.550E-05 ( 4.700E-10, 2.592E-10) ( 2.815E-12, 1.529E-12)  1.19E-07
  1.450E+01 2.69850E-19 -7.985E-05 ( 4.537E-10, 2.530E-10) ( 2.767E-12, 1.519E-12)  1.00E-07
  1.475E+01 2.53089E-19 -8.431E-05 ( 4.382E-10, 2.470E-10) ( 2.720E-12, 1.509E-12)  1.00E-07
  1.500E+01 2.37610E-19 -8.886E-05 ( 4.235E-10, 2.413E-10) ( 2.675E-12, 1.499E-12)  1.28E-07
  1.525E+01 2.23297E-19 -9.356E-05 ( 4.095E-10, 2.358E-10) ( 2.631E-12, 1.489E-12)  1.00E-07
  1.550E+01 2.10047E-19 -9.844E-05 ( 3.962E-10, 2.304E-10) ( 2.588E-12, 1.479E-12)  1.08E-07
  1.575E+01 1.97767E-19 -1.035E-04 ( 3.834E-10, 2.253E-10) ( 2.547E-12, 1.470E-12)  1.20E-07
  1.600E+01 1.86375E-19 -1.087E-04 ( 3.713E-10, 2.203E-10) ( 2.507E-12, 1.460E-12)  1.00E-07
  1.625E+01 1.75793E-19 -1.140E-04 ( 3.597E-10, 2.155E-10) ( 2.467E-12, 1.450E-12)  1.38E-07
  1.650E+01 1.65952E-19 -1.194E-04 ( 3.486E-10, 2.108E-10) ( 2.429E-12, 1.441E-12)  1.00E-07
  1.675E+01 1.56790E-19 -1.250E-04 ( 3.380E-10, 2.063E-10) ( 2.392E-12, 1.431E-12)  1.00E-07
  1.700E+01 1.48253E-19 -1.307E-04 ( 3.278E-10, 2.019E-10) ( 2.356E-12, 1.422E-12)  1.52E-07
  1.725E+01 1.40292E-19 -1.367E-04 ( 3.181E-10, 1.977E-10) ( 2.321E-12, 1.413E-12)  1.00E-07
  1.750E+01 1.32859E-19 -1.427E-04 ( 3.088E-10, 1.936E-10) ( 2.287E-12, 1.404E-12)  1.18E-07
  1.775E+01 1.25913E-19 -1.488E-04 ( 2.999E-10, 1.897E-10) ( 2.254E-12, 1.394E-12)  1.45E-07
  1.800E+01 1.19415E-19 -1.551E-04 ( 2.913E-10, 1.859E-10) ( 2.221E-12, 1.385E-12)  1.00E-07
  1.825E+01 1.13331E-19 -1.617E-04 ( 2.831E-10, 1.821E-10) ( 2.190E-12, 1.377E-12)  1.55E-07
  1.850E+01 1.07631E-19 -1.684E-04 ( 2.752E-10, 1.785E-10) ( 2.159E-12, 1.368E-12)  1.18E-07
  1.875E+01 1.02286E-19 -1.752E-04 ( 2.677E-10, 1.750E-10) ( 2.129E-12, 1.359E-12)  1.00E-07
  1.900E+01 9.72701E-20 -1.821E-04 ( 2.604E-10, 1.717E-10) ( 2.100E-12, 1.350E-12)  1.75E-07
  1.925E+01 9.25582E-20 -1.891E-04 ( 2.534E-10, 1.684E-10) ( 2.071E-12, 1.342E-12)  1.00E-07
  1.950E+01 8.81284E-20 -1.963E-04 ( 2.467E-10, 1.652E-10) ( 2.043E-12, 1.333E-12)  1.25E-07
  1.975E+01 8.39612E-20 -2.038E-04 ( 2.402E-10, 1.621E-10) ( 2.016E-12, 1.325E-12)  1.72E-07
  2.000E+01 8.00384E-20 -2.114E-04 ( 2.339E-10, 1.591E-10) ( 1.990E-12, 1.317E-12)  1.00E-07
  2.025E+01 7.63429E-20 -2.191E-04 ( 2.279E-10, 1.561E-10) ( 1.964E-12, 1.308E-12)  1.00E-07
  2.050E+01 7.28589E-20 -2.269E-04 ( 2.221E-10, 1.533E-10) ( 1.938E-12, 1.300E-12)  1.45E-07
  2.075E+01 6.95717E-20 -2.348E-04 ( 2.166E-10, 1.505E-10) ( 1.913E-12, 1.292E-12)  1.00E-07
  2.100E+01 6.64682E-20 -2.431E-04 ( 2.112E-10, 1.479E-10) ( 1.889E-12, 1.284E-12)  1.97E-07
  2.125E+01 6.35365E-20 -2.515E-04 ( 2.060E-10, 1.452E-10) ( 1.865E-12, 1.276E-12)  1.00E-07
  2.150E+01 6.07655E-20 -2.600E-04 ( 2.010E-10, 1.427E-10) ( 1.842E-12, 1.269E-12)  1.27E-07
  2.175E+01 5.81445E-20 -2.686E-04 ( 1.962E-10, 1.402E-10) ( 1.820E-12, 1.261E-12)  1.99E-07
  2.200E+01 5.56638E-20 -2.772E-04 ( 1.915E-10, 1.378E-10) ( 1.797E-12, 1.253E-12)  1.00E-07
  2.225E+01 5.33142E-20 -2.862E-04 ( 1.870E-10, 1.355E-10) ( 1.776E-12, 1.246E-12)  1.83E-07
  2.250E+01 5.10878E-20 -2.955E-04 ( 1.826E-10, 1.332E-10) ( 1.754E-12, 1.238E-12)  1.74E-07
  2.275E+01 4.89770E-20 -3.048E-04 ( 1.784E-10, 1.310E-10) ( 1.734E-12, 1.231E-12)  1.00E-07
  2.300E+01 4.69747E-20 -3.142E-04 ( 1.743E-10, 1.288E-10) ( 1.713E-12, 1.224E-12)  1.00E-07
  2.325E+01 4.50742E-20 -3.236E-04 ( 1.704E-10, 1.267E-10) ( 1.693E-12, 1.216E-12)  1.23E-07
  2.350E+01 4.32691E-20 -3.332E-04 ( 1.665E-10, 1.246E-10) ( 1.674E-12, 1.209E-12)  1.26E-07
  2.375E+01 4.15538E-20 -3.433E-04 ( 1.628E-10, 1.226E-10) ( 1.655E-12, 1.202E-12)  2.25E-07
  2.400E+01 3.99231E-20 -3.535E-04 ( 1.593E-10, 1.206E-10) ( 1.636E-12, 1.195E-12)  1.00E-07
  2.425E+01 3.83722E-20 -3.637E-04 ( 1.558E-10, 1.187E-10) ( 1.618E-12, 1.188E-12)  1.91E-07
  2.450E+01 3.68963E-20 -3.738E-04 ( 1.524E-10, 1.169E-10) ( 1.599E-12, 1.181E-12)  2.04E-07
  2.475E+01 3.54910E-20 -3.842E-04 ( 1.492E-10, 1.151E-10) ( 1.582E-12, 1.174E-12)  1.00E-07
  2.500E+01 3.41522E-20 -3.949E-04 ( 1.460E-10, 1.133E-10) ( 1.564E-12, 1.168E-12)  1.11E-07
  2.550E+01 3.16599E-20 -4.171E-04 ( 1.400E-10, 1.098E-10) ( 1.531E-12, 1.154E-12)  1.20E-07
  2.600E+01 2.93924E-20 -4.391E-04 ( 1.343E-10, 1.066E-10) ( 1.498E-12, 1.141E-12)  1.00E-07
  2.650E+01 2.73254E-20 -4.623E-04 ( 1.289E-10, 1.035E-10) ( 1.467E-12, 1.128E-12)  2.33E-07
  2.700E+01 2.54381E-20 -4.863E-04 ( 1.239E-10, 1.005E-10) ( 1.437E-12, 1.116E-12)  2.38E-07
  2.750E+01 2.37123E-20 -5.099E-04 ( 1.191E-10, 9.763E-11) ( 1.408E-12, 1.104E-12)  1.09E-07
  2.800E+01 2.21313E-20 -5.352E-04 ( 1.145E-10, 9.490E-11) ( 1.380E-12, 1.091E-12)  1.07E-07
  2.850E+01 2.06809E-20 -5.609E-04 ( 1.103E-10, 9.229E-11) ( 1.353E-12, 1.080E-12)  2.03E-07
  2.900E+01 1.93485E-20 -5.863E-04 ( 1.062E-10, 8.979E-11) ( 1.326E-12, 1.068E-12)  2.59E-07
  2.950E+01 1.81224E-20 -6.137E-04 ( 1.024E-10, 8.740E-11) ( 1.301E-12, 1.057E-12)  1.00E-07
  3.000E+01 1.69929E-20 -6.409E-04 ( 9.873E-11, 8.510E-11) ( 1.277E-12, 1.045E-12)  1.40E-07
  3.050E+01 1.59509E-20 -6.681E-04 ( 9.527E-11, 8.290E-11) ( 1.253E-12, 1.034E-12)  1.00E-07
  3.100E+01 1.49883E-20 -6.976E-04 ( 9.198E-11, 8.078E-11) ( 1.230E-12, 1.024E-12)  2.64E-07
  3.150E+01 1.40980E-20 -7.261E-04 ( 8.885E-11, 7.875E-11) ( 1.208E-12, 1.013E-12)  1.00E-07
  3.200E+01 1.32735E-20 -7.554E-04 ( 8.587E-11, 7.679E-11) ( 1.186E-12, 1.003E-12)  1.74E-07
  3.250E+01 1.25091E-20 -7.868E-04 ( 8.303E-11, 7.492E-11) ( 1.166E-12, 9.924E-13)  1.00E-07
  3.300E+01 1.17996E-20 -8.166E-04 ( 8.033E-11, 7.311E-11) ( 1.145E-12, 9.823E-13)  2.64E-07
  3.350E+01 1.11403E-20 -8.480E-04 ( 7.775E-11, 7.137E-11) ( 1.126E-12, 9.725E-13)  1.00E-07
  3.400E+01 1.05270E-20 -8.809E-04 ( 7.529E-11, 6.969E-11) ( 1.107E-12, 9.627E-13)  2.10E-07
  3.450E+01 9.95589E-21 -9.121E-04 ( 7.294E-11, 6.807E-11) ( 1.088E-12, 9.532E-13)  1.14E-07
  3.500E+01 9.42353E-21 -9.457E-04 ( 7.069E-11, 6.652E-11) ( 1.070E-12, 9.438E-13)  2.59E-07
  3.550E+01 8.92675E-21 -9.800E-04 ( 6.854E-11, 6.501E-11) ( 1.053E-12, 9.346E-13)  1.00E-07
  3.600E+01 8.46281E-21 -1.013E-03 ( 6.649E-11, 6.356E-11) ( 1.036E-12, 9.255E-13)  1.19E-07
  3.650E+01 8.02907E-21 -1.048E-03 ( 6.452E-11, 6.216E-11) ( 1.019E-12, 9.166E-13)  1.62E-07
  3.700E+01 7.62318E-21 -1.084E-03 ( 6.263E-11, 6.081E-11) ( 1.003E-12, 9.078E-13)  2.47E-07
  3.750E+01 7.24307E-21 -1.118E-03 ( 6.083E-11, 5.951E-11) ( 9.872E-13, 8.992E-13)  1.00E-07
  3.800E+01 6.88676E-21 -1.156E-03 ( 5.910E-11, 5.825E-11) ( 9.720E-13, 8.907E-13)  1.00E-07
  3.850E+01 6.55245E-21 -1.192E-03 ( 5.744E-11, 5.703E-11) ( 9.571E-13, 8.823E-13)  1.90E-07
  3.900E+01 6.23859E-21 -1.228E-03 ( 5.584E-11, 5.585E-11) ( 9.426E-13, 8.741E-13)  2.30E-07
  3.950E+01 5.94364E-21 -1.267E-03 ( 5.431E-11, 5.470E-11) ( 9.286E-13, 8.660E-13)  1.00E-07
  4.000E+01 5.66623E-21 -1.305E-03 ( 5.284E-11, 5.360E-11) ( 9.148E-13, 8.580E-13)  1.00E-07
  4.050E+01 5.40517E-21 -1.343E-03 ( 5.142E-11, 5.253E-11) ( 9.013E-13, 8.501E-13)  2.02E-07
  4.100E+01 5.15928E-21 -1.383E-03 ( 5.006E-11, 5.149E-11) ( 8.883E-13, 8.424E-13)  2.06E-07
  4.150E+01 4.92750E-21 -1.422E-03 ( 4.875E-11, 5.049E-11) ( 8.755E-13, 8.347E-13)  1.00E-07
  4.200E+01 4.70889E-21 -1.462E-03 ( 4.750E-11, 4.951E-11) ( 8.630E-13, 8.272E-13)  1.00E-07
  4.250E+01 4.50253E-21 -1.503E-03 ( 4.628E-11, 4.857E-11) ( 8.508E-13, 8.198E-13)  2.02E-07
  4.300E+01 4.30762E-21 -1.543E-03 ( 4.511E-11, 4.765E-11) ( 8.389E-13, 8.125E-13)  1.76E-07
  4.350E+01 4.12340E-21 -1.584E-03 ( 4.399E-11, 4.677E-11) ( 8.273E-13, 8.053E-13)  1.00E-07
  4.400E+01 3.94916E-21 -1.627E-03 ( 4.290E-11, 4.590E-11) ( 8.160E-13, 7.982E-13)  1.00E-07
  4.450E+01 3.78426E-21 -1.668E-03 ( 4.186E-11, 4.507E-11) ( 8.048E-13, 7.912E-13)  1.92E-07
  4.500E+01 3.62812E-21 -1.711E-03 ( 4.085E-11, 4.425E-11) ( 7.940E-13, 7.842E-13)  1.40E-07
  4.550E+01 3.48014E-21 -1.754E-03 ( 3.987E-11, 4.346E-11) ( 7.834E-13, 7.774E-13)  1.00E-07
  4.600E+01 3.33985E-21 -1.797E-03 ( 3.893E-11, 4.270E-11) ( 7.730E-13, 7.707E-13)  1.15E-07
  4.650E+01 3.20676E-21 -1.841E-03 ( 3.802E-11, 4.195E-11) ( 7.628E-13, 7.641E-13)  1.76E-07
  4.700E+01 3.08042E-21 -1.885E-03 ( 3.714E-11, 4.123E-11) ( 7.529E-13, 7.575E-13)  1.00E-07
  4.750E+01 2.96043E-21 -1.928E-03 ( 3.629E-11, 4.052E-11) ( 7.431E-13, 7.511E-13)  1.00E-07
  4.800E+01 2.84641E-21 -1.974E-03 ( 3.547E-11, 3.984E-11) ( 7.336E-13, 7.447E-13)  1.25E-07
  4.850E+01 2.73799E-21 -2.019E-03 ( 3.468E-11, 3.917E-11) ( 7.243E-13, 7.384E-13)  1.55E-07
  4.900E+01 2.63485E-21 -2.063E-03 ( 3.391E-11, 3.852E-11) ( 7.151E-13, 7.322E-13)  1.00E-07
  4.950E+01 2.53668E-21 -2.110E-03 ( 3.317E-11, 3.789E-11) ( 7.062E-13, 7.260E-13)  1.00E-07
  5.000E+01 2.44320E-21 -2.155E-03 ( 3.245E-11, 3.727E-11) ( 6.974E-13, 7.200E-13)  1.27E-07
  5.050E+01 2.35413E-21 -2.201E-03 ( 3.175E-11, 3.668E-11) ( 6.888E-13, 7.140E-13)  1.30E-07
  5.100E+01 2.26924E-21 -2.248E-03 ( 3.107E-11, 3.609E-11) ( 6.803E-13, 7.081E-13)  1.00E-07
  5.150E+01 2.18827E-21 -2.294E-03 ( 3.042E-11, 3.552E-11) ( 6.720E-13, 7.023E-13)  1.00E-07
  5.200E+01 2.11101E-21 -2.342E-03 ( 2.979E-11, 3.497E-11) ( 6.639E-13, 6.965E-13)  1.23E-07
  5.250E+01 2.03727E-21 -2.389E-03 ( 2.917E-11, 3.443E-11) ( 6.560E-13, 6.908E-13)  1.04E-07
  5.300E+01 1.96684E-21 -2.436E-03 ( 2.858E-11, 3.390E-11) ( 6.481E-13, 6.852E-13)  1.00E-07
  5.350E+01 1.89956E-21 -2.484E-03 ( 2.800E-11, 3.339E-11) ( 6.405E-13, 6.796E-13)  1.00E-07
  5.400E+01 1.83524E-21 -2.532E-03 ( 2.744E-11, 3.289E-11) ( 6.330E-13, 6.741E-13)  1.13E-07
  5.450E+01 1.77374E-21 -2.580E-03 ( 2.689E-11, 3.240E-11) ( 6.256E-13, 6.687E-13)  1.00E-07
  5.500E+01 1.71490E-21 -2.628E-03 ( 2.636E-11, 3.192E-11) ( 6.183E-13, 6.633E-13)  1.00E-07
  5.550E+01 1.65859E-21 -2.677E-03 ( 2.585E-11, 3.146E-11) ( 6.112E-13, 6.580E-13)  1.00E-07
  5.600E+01 1.60467E-21 -2.725E-03 ( 2.535E-11, 3.100E-11) ( 6.042E-13, 6.527E-13)  1.00E-07
  5.650E+01 1.55303E-21 -2.774E-03 ( 2.486E-11, 3.056E-11) ( 5.973E-13, 6.475E-13)  1.00E-07
  5.700E+01 1.50355E-21 -2.823E-03 ( 2.439E-11, 3.013E-11) ( 5.905E-13, 6.424E-13)  1.00E-07
  5.750E+01 1.45612E-21 -2.872E-03 ( 2.394E-11, 2.971E-11) ( 5.839E-13, 6.373E-13)  1.00E-07
  5.800E+01 1.41063E-21 -2.921E-03 ( 2.349E-11, 2.929E-11) ( 5.774E-13, 6.322E-13)  1.00E-07
  5.850E+01 1.36700E-21 -2.971E-03 ( 2.306E-11, 2.889E-11) ( 5.709E-13, 6.273E-13)  1.00E-07
  5.900E+01 1.32513E-21 -3.020E-03 ( 2.264E-11, 2.850E-11) ( 5.646E-13, 6.223E-13)  1.00E-07
  5.950E+01 1.28493E-21 -3.070E-03 ( 2.223E-11, 2.811E-11) ( 5.584E-13, 6.175E-13)  1.00E-07
  6.000E+01 1.24632E-21 -3.119E-03 ( 2.183E-11, 2.773E-11) ( 5.523E-13, 6.126E-13)  1.00E-07
  6.050E+01 1.20924E-21 -3.169E-03 ( 2.144E-11, 2.736E-11) ( 5.463E-13, 6.079E-13)  1.00E-07
  6.100E+01 1.17360E-21 -3.219E-03 ( 2.106E-11, 2.700E-11) ( 5.404E-13, 6.031E-13)  1.00E-07
  6.150E+01 1.13934E-21 -3.268E-03 ( 2.070E-11, 2.665E-11) ( 5.346E-13, 5.985E-13)  1.00E-07
  6.200E+01 1.10639E-21 -3.318E-03 ( 2.034E-11, 2.631E-11) ( 5.289E-13, 5.938E-13)  1.00E-07
  6.250E+01 1.07470E-21 -3.368E-03 ( 1.999E-11, 2.597E-11) ( 5.232E-13, 5.893E-13)  1.00E-07
  6.300E+01 1.04420E-21 -3.418E-03 ( 1.965E-11, 2.564E-11) ( 5.177E-13, 5.847E-13)  1.00E-07
  6.350E+01 1.01484E-21 -3.468E-03 ( 1.932E-11, 2.532E-11) ( 5.122E-13, 5.802E-13)  1.00E-07
  6.400E+01 9.86575E-22 -3.518E-03 ( 1.900E-11, 2.500E-11) ( 5.068E-13, 5.758E-13)  1.00E-07
  6.450E+01 9.59348E-22 -3.567E-03 ( 1.868E-11, 2.469E-11) ( 5.015E-13, 5.714E-13)  1.00E-07
  6.500E+01 9.33116E-22 -3.617E-03 ( 1.837E-11, 2.439E-11) ( 4.963E-13, 5.670E-13)  1.00E-07
  6.550E+01 9.07836E-22 -3.667E-03 ( 1.808E-11, 2.409E-11) ( 4.912E-13, 5.627E-13)  1.00E-07
  6.600E+01 8.83464E-22 -3.717E-03 ( 1.778E-11, 2.380E-11) ( 4.861E-13, 5.584E-13)  1.00E-07
  6.650E+01 8.59961E-22 -3.766E-03 ( 1.750E-11, 2.352E-11) ( 4.811E-13, 5.541E-13)  1.00E-07
  6.700E+01 8.37292E-22 -3.816E-03 ( 1.722E-11, 2.324E-11) ( 4.762E-13, 5.499E-13)  1.00E-07
  6.750E+01 8.15418E-22 -3.866E-03 ( 1.695E-11, 2.297E-11) ( 4.714E-13, 5.457E-13)  1.00E-07
  6.800E+01 7.94307E-22 -3.915E-03 ( 1.669E-11, 2.270E-11) ( 4.666E-13, 5.416E-13)  1.00E-07
  6.850E+01 7.73927E-22 -3.964E-03 ( 1.643E-11, 2.244E-11) ( 4.619E-13, 5.375E-13)  1.00E-07
  6.900E+01 7.54247E-22 -4.013E-03 ( 1.618E-11, 2.218E-11) ( 4.572E-13, 5.335E-13)  1.00E-07
  6.950E+01 7.35237E-22 -4.062E-03 ( 1.593E-11, 2.193E-11) ( 4.526E-13, 5.294E-13)  1.00E-07
  7.000E+01 7.16871E-22 -4.111E-03 ( 1.569E-11, 2.168E-11) ( 4.481E-13, 5.254E-13)  1.00E-07
  7.050E+01 6.99122E-22 -4.160E-03 ( 1.545E-11, 2.144E-11) ( 4.437E-13, 5.215E-13)  1.00E-07
  7.100E+01 6.81965E-22 -4.209E-03 ( 1.523E-11, 2.121E-11) ( 4.393E-13, 5.176E-13)  1.00E-07
  7.150E+01 6.65376E-22 -4.257E-03 ( 1.500E-11, 2.097E-11) ( 4.349E-13, 5.137E-13)  1.00E-07
  7.200E+01 6.49331E-22 -4.305E-03 ( 1.478E-11, 2.075E-11) ( 4.307E-13, 5.098E-13)  1.00E-07
  7.250E+01 6.33811E-22 -4.353E-03 ( 1.457E-11, 2.052E-11) ( 4.264E-13, 5.060E-13)  1.00E-07
  7.300E+01 6.18793E-22 -4.401E-03 ( 1.436E-11, 2.030E-11) ( 4.223E-13, 5.022E-13)  1.00E-07
  7.350E+01 6.04258E-22 -4.449E-03 ( 1.415E-11, 2.009E-11) ( 4.181E-13, 4.984E-13)  1.00E-07
  7.400E+01 5.90187E-22 -4.496E-03 ( 1.395E-11, 1.988E-11) ( 4.141E-13, 4.947E-13)  1.00E-07
  7.450E+01 5.76563E-22 -4.543E-03 ( 1.376E-11, 1.967E-11) ( 4.101E-13, 4.910E-13)  1.00E-07
  7.500E+01 5.63368E-22 -4.590E-03 ( 1.357E-11, 1.947E-11) ( 4.061E-13, 4.873E-13)  1.00E-07
  7.550E+01 5.50586E-22 -4.637E-03 ( 1.338E-11, 1.927E-11) ( 4.022E-13, 4.837E-13)  1.00E-07
  7.600E+01 5.38201E-22 -4.683E-03 ( 1.320E-11, 1.907E-11) ( 3.983E-13, 4.801E-13)  1.00E-07
  7.650E+01 5.26197E-22 -4.729E-03 ( 1.302E-11, 1.888E-11) ( 3.945E-13, 4.765E-13)  1.00E-07
  7.700E+01 5.14562E-22 -4.775E-03 ( 1.284E-11, 1.869E-11) ( 3.907E-13, 4.729E-13)  1.00E-07
  7.750E+01 5.03282E-22 -4.820E-03 ( 1.267E-11, 1.850E-11) ( 3.870E-13, 4.694E-13)  1.00E-07
  7.800E+01 4.92342E-22 -4.866E-03 ( 1.250E-11, 1.832E-11) ( 3.833E-13, 4.659E-13)  1.00E-07
  7.850E+01 4.81731E-22 -4.910E-03 ( 1.234E-11, 1.814E-11) ( 3.797E-13, 4.624E-13)  1.00E-07
  7.900E+01 4.71436E-22 -4.955E-03 ( 1.218E-11, 1.797E-11) ( 3.761E-13, 4.590E-13)  1.00E-07
  7.950E+01 4.61447E-22 -4.999E-03 ( 1.202E-11, 1.779E-11) ( 3.725E-13, 4.555E-13)  1.00E-07
  8.000E+01 4.51752E-22 -5.043E-03 ( 1.187E-11, 1.762E-11) ( 3.690E-13, 4.521E-13)  1.00E-07
  8.050E+01 4.42341E-22 -5.086E-03 ( 1.171E-11, 1.746E-11) ( 3.656E-13, 4.487E-13)  1.00E-07
  8.100E+01 4.33203E-22 -5.129E-03 ( 1.157E-11, 1.729E-11) ( 3.621E-13, 4.454E-13)  1.00E-07
  8.150E+01 4.24329E-22 -5.172E-03 ( 1.142E-11, 1.713E-11) ( 3.587E-13, 4.421E-13)  1.00E-07
  8.200E+01 4.15710E-22 -5.214E-03 ( 1.128E-11, 1.698E-11) ( 3.554E-13, 4.387E-13)  1.00E-07
  8.250E+01 4.07337E-22 -5.256E-03 ( 1.114E-11, 1.682E-11) ( 3.521E-13, 4.355E-13)  1.00E-07
  8.300E+01 3.99202E-22 -5.297E-03 ( 1.100E-11, 1.667E-11) ( 3.488E-13, 4.322E-13)  1.00E-07
  8.350E+01 3.91295E-22 -5.338E-03 ( 1.087E-11, 1.652E-11) ( 3.455E-13, 4.290E-13)  1.00E-07
  8.400E+01 3.83610E-22 -5.379E-03 ( 1.074E-11, 1.637E-11) ( 3.423E-13, 4.257E-13)  1.00E-07
  8.450E+01 3.76139E-22 -5.419E-03 ( 1.061E-11, 1.622E-11) ( 3.392E-13, 4.225E-13)  1.00E-07
  8.500E+01 3.68875E-22 -5.458E-03 ( 1.049E-11, 1.608E-11) ( 3.360E-13, 4.194E-13)  1.00E-07
  8.550E+01 3.61810E-22 -5.498E-03 ( 1.036E-11, 1.594E-11) ( 3.329E-13, 4.162E-13)  1.00E-07
  8.600E+01 3.54938E-22 -5.536E-03 ( 1.024E-11, 1.580E-11) ( 3.298E-13, 4.131E-13)  1.00E-07
  8.650E+01 3.48253E-22 -5.574E-03 ( 1.012E-11, 1.567E-11) ( 3.268E-13, 4.100E-13)  1.00E-07
  8.700E+01 3.41749E-22 -5.612E-03 ( 1.001E-11, 1.554E-11) ( 3.238E-13, 4.069E-13)  1.00E-07
  8.750E+01 3.35419E-22 -5.649E-03 ( 9.892E-12, 1.540E-11) ( 3.208E-13, 4.038E-13)  1.00E-07
  8.800E+01 3.29258E-22 -5.686E-03 ( 9.780E-12, 1.528E-11) ( 3.178E-13, 4.007E-13)  1.00E-07
  8.850E+01 3.23260E-22 -5.722E-03 ( 9.670E-12, 1.515E-11) ( 3.149E-13, 3.977E-13)  1.00E-07
  8.900E+01 3.17421E-22 -5.758E-03 ( 9.562E-12, 1.502E-11) ( 3.120E-13, 3.947E-13)  1.00E-07
  8.950E+01 3.11735E-22 -5.793E-03 ( 9.456E-12, 1.490E-11) ( 3.091E-13, 3.917E-13)  1.00E-07
  9.000E+01 3.06197E-22 -5.827E-03 ( 9.352E-12, 1.478E-11) ( 3.063E-13, 3.887E-13)  1.00E-07
  9.050E+01 3.00803E-22 -5.861E-03 ( 9.251E-12, 1.466E-11) ( 3.035E-13, 3.858E-13)  1.00E-07
  9.100E+01 2.95548E-22 -5.895E-03 ( 9.151E-12, 1.455E-11) ( 3.007E-13, 3.828E-13)  1.00E-07
  9.150E+01 2.90427E-22 -5.927E-03 ( 9.053E-12, 1.443E-11) ( 2.980E-13, 3.799E-13)  1.00E-07
  9.200E+01 2.85437E-22 -5.960E-03 ( 8.956E-12, 1.432E-11) ( 2.952E-13, 3.770E-13)  1.00E-07
  9.250E+01 2.80574E-22 -5.991E-03 ( 8.862E-12, 1.421E-11) ( 2.925E-13, 3.741E-13)  1.00E-07
  9.300E+01 2.75834E-22 -6.022E-03 ( 8.769E-12, 1.410E-11) ( 2.898E-13, 3.712E-13)  1.00E-07
  9.350E+01 2.71212E-22 -6.053E-03 ( 8.678E-12, 1.399E-11) ( 2.872E-13, 3.684E-13)  1.00E-07
  9.400E+01 2.66706E-22 -6.083E-03 ( 8.589E-12, 1.388E-11) ( 2.846E-13, 3.655E-13)  1.00E-07
  9.450E+01 2.62311E-22 -6.112E-03 ( 8.501E-12, 1.378E-11) ( 2.820E-13, 3.627E-13)  1.00E-07
  9.500E+01 2.58025E-22 -6.140E-03 ( 8.415E-12, 1.368E-11) ( 2.794E-13, 3.599E-13)  1.00E-07
  9.550E+01 2.53844E-22 -6.168E-03 ( 8.330E-12, 1.357E-11) ( 2.768E-13, 3.571E-13)  1.00E-07
  9.600E+01 2.49766E-22 -6.195E-03 ( 8.247E-12, 1.347E-11) ( 2.743E-13, 3.543E-13)  1.00E-07
  9.650E+01 2.45786E-22 -6.222E-03 ( 8.165E-12, 1.338E-11) ( 2.718E-13, 3.515E-13)  1.00E-07
  9.700E+01 2.41903E-22 -6.248E-03 ( 8.085E-12, 1.328E-11) ( 2.693E-13, 3.488E-13)  1.00E-07
  9.750E+01 2.38113E-22 -6.273E-03 ( 8.006E-12, 1.318E-11) ( 2.668E-13, 3.461E-13)  1.00E-07
  9.800E+01 2.34414E-22 -6.297E-03 ( 7.929E-12, 1.309E-11) ( 2.643E-13, 3.433E-13)  1.00E-07
  9.850E+01 2.30803E-22 -6.321E-03 ( 7.853E-12, 1.300E-11) ( 2.619E-13, 3.406E-13)  1.00E-07
  9.900E+01 2.27278E-22 -6.344E-03 ( 7.778E-12, 1.291E-11) ( 2.595E-13, 3.379E-13)  1.00E-07
  9.950E+01 2.23836E-22 -6.367E-03 ( 7.704E-12, 1.282E-11) ( 2.571E-13, 3.353E-13)  1.00E-07
  1.000E+02 2.20474E-22 -6.389E-03 ( 7.632E-12, 1.273E-11) ( 2.547E-13, 3.326E-13)  1.00E-07
  1.005E+02 2.17191E-22 -6.410E-03 ( 7.561E-12, 1.264E-11) ( 2.524E-13, 3.300E-13)  1.00E-07
  1.010E+02 2.13985E-22 -6.430E-03 ( 7.492E-12, 1.256E-11) ( 2.501E-13, 3.273E-13)  1.00E-07
  1.015E+02 2.10852E-22 -6.449E-03 ( 7.423E-12, 1.247E-11) ( 2.477E-13, 3.247E-13)  1.00E-07
  1.020E+02 2.07792E-22 -6.468E-03 ( 7.356E-12, 1.239E-11) ( 2.455E-13, 3.221E-13)  1.00E-07
  1.025E+02 2.04802E-22 -6.486E-03 ( 7.290E-12, 1.231E-11) ( 2.432E-13, 3.195E-13)  1.00E-07
  1.030E+02 2.01880E-22 -6.504E-03 ( 7.225E-12, 1.223E-11) ( 2.409E-13, 3.169E-13)  1.00E-07
  1.035E+02 1.99024E-22 -6.520E-03 ( 7.161E-12, 1.215E-11) ( 2.387E-13, 3.143E-13)  1.00E-07
  1.040E+02 1.96233E-22 -6.536E-03 ( 7.098E-12, 1.207E-11) ( 2.365E-13, 3.118E-13)  1.00E-07
  1.045E+02 1.93505E-22 -6.551E-03 ( 7.036E-12, 1.199E-11) ( 2.342E-13, 3.092E-13)  1.00E-07
  1.050E+02 1.90838E-22 -6.565E-03 ( 6.975E-12, 1.192E-11) ( 2.321E-13, 3.067E-13)  1.00E-07
  1.055E+02 1.88231E-22 -6.579E-03 ( 6.915E-12, 1.184E-11) ( 2.299E-13, 3.042E-13)  1.00E-07
  1.060E+02 1.85681E-22 -6.592E-03 ( 6.857E-12, 1.177E-11) ( 2.277E-13, 3.017E-13)  1.00E-07
  1.065E+02 1.83188E-22 -6.603E-03 ( 6.799E-12, 1.170E-11) ( 2.256E-13, 2.992E-13)  1.00E-07
  1.070E+02 1.80749E-22 -6.615E-03 ( 6.742E-12, 1.163E-11) ( 2.235E-13, 2.967E-13)  1.00E-07
  1.075E+02 1.78365E-22 -6.625E-03 ( 6.686E-12, 1.156E-11) ( 2.214E-13, 2.942E-13)  1.00E-07
  1.080E+02 1.76032E-22 -6.634E-03 ( 6.631E-12, 1.149E-11) ( 2.193E-13, 2.917E-13)  1.00E-07
  1.085E+02 1.73750E-22 -6.643E-03 ( 6.577E-12, 1.142E-11) ( 2.172E-13, 2.893E-13)  1.00E-07
  1.090E+02 1.71517E-22 -6.651E-03 ( 6.524E-12, 1.135E-11) ( 2.151E-13, 2.868E-13)  1.00E-07
  1.095E+02 1.69333E-22 -6.658E-03 ( 6.472E-12, 1.128E-11) ( 2.131E-13, 2.844E-13)  1.00E-07
  1.100E+02 1.67196E-22 -6.665E-03 ( 6.420E-12, 1.122E-11) ( 2.110E-13, 2.820E-13)  1.00E-07
  1.105E+02 1.65104E-22 -6.670E-03 ( 6.370E-12, 1.115E-11) ( 2.090E-13, 2.795E-13)  1.00E-07
  1.110E+02 1.63057E-22 -6.675E-03 ( 6.320E-12, 1.109E-11) ( 2.070E-13, 2.771E-13)  1.00E-07
  1.115E+02 1.61054E-22 -6.678E-03 ( 6.271E-12, 1.103E-11) ( 2.050E-13, 2.747E-13)  1.00E-07
  1.120E+02 1.59093E-22 -6.681E-03 ( 6.223E-12, 1.097E-11) ( 2.030E-13, 2.724E-13)  1.00E-07
  1.125E+02 1.57173E-22 -6.683E-03 ( 6.176E-12, 1.091E-11) ( 2.011E-13, 2.700E-13)  1.00E-07
  1.130E+02 1.55294E-22 -6.685E-03 ( 6.129E-12, 1.085E-11) ( 1.991E-13, 2.676E-13)  1.00E-07
  1.135E+02 1.53454E-22 -6.685E-03 ( 6.083E-12, 1.079E-11) ( 1.972E-13, 2.653E-13)  1.00E-07
  1.140E+02 1.51653E-22 -6.685E-03 ( 6.038E-12, 1.073E-11) ( 1.952E-13, 2.629E-13)  1.00E-07
  1.145E+02 1.49889E-22 -6.683E-03 ( 5.994E-12, 1.067E-11) ( 1.933E-13, 2.606E-13)  1.00E-07
  1.150E+02 1.48161E-22 -6.681E-03 ( 5.950E-12, 1.061E-11) ( 1.914E-13, 2.582E-13)  1.00E-07
  1.155E+02 1.46470E-22 -6.678E-03 ( 5.907E-12, 1.056E-11) ( 1.895E-13, 2.559E-13)  1.00E-07
  1.160E+02 1.44813E-22 -6.674E-03 ( 5.865E-12, 1.050E-11) ( 1.876E-13, 2.536E-13)  1.00E-07
  1.165E+02 1.43190E-22 -6.670E-03 ( 5.823E-12, 1.045E-11) ( 1.858E-13, 2.513E-13)  1.00E-07
  1.170E+02 1.41601E-22 -6.664E-03 ( 5.782E-12, 1.040E-11) ( 1.839E-13, 2.490E-13)  1.00E-07
  1.175E+02 1.40043E-22 -6.658E-03 ( 5.742E-12, 1.034E-11) ( 1.820E-13, 2.467E-13)  1.00E-07
  1.180E+02 1.38518E-22 -6.650E-03 ( 5.702E-12, 1.029E-11) ( 1.802E-13, 2.445E-13)  1.00E-07
  1.185E+02 1.37024E-22 -6.642E-03 ( 5.663E-12, 1.024E-11) ( 1.784E-13, 2.422E-13)  1.00E-07
  1.190E+02 1.35560E-22 -6.633E-03 ( 5.625E-12, 1.019E-11) ( 1.766E-13, 2.399E-13)  1.00E-07
  1.195E+02 1.34125E-22 -6.623E-03 ( 5.587E-12, 1.014E-11) ( 1.748E-13, 2.377E-13)  1.00E-07
  1.200E+02 1.32720E-22 -6.612E-03 ( 5.550E-12, 1.009E-11) ( 1.730E-13, 2.354E-13)  1.00E-07
  1.205E+02 1.31342E-22 -6.601E-03 ( 5.513E-12, 1.004E-11) ( 1.712E-13, 2.332E-13)  1.00E-07
  1.210E+02 1.29993E-22 -6.588E-03 ( 5.477E-12, 9.995E-12) ( 1.694E-13, 2.310E-13)  1.00E-07
  1.215E+02 1.28670E-22 -6.575E-03 ( 5.442E-12, 9.949E-12) ( 1.677E-13, 2.288E-13)  1.00E-07
  1.220E+02 1.27373E-22 -6.560E-03 ( 5.407E-12, 9.902E-12) ( 1.659E-13, 2.265E-13)  1.00E-07
  1.225E+02 1.26103E-22 -6.545E-03 ( 5.373E-12, 9.857E-12) ( 1.642E-13, 2.243E-13)  1.00E-07
  1.230E+02 1.24858E-22 -6.529E-03 ( 5.339E-12, 9.812E-12) ( 1.624E-13, 2.221E-13)  1.00E-07
  1.235E+02 1.23637E-22 -6.512E-03 ( 5.306E-12, 9.768E-12) ( 1.607E-13, 2.200E-13)  1.00E-07
  1.240E+02 1.22440E-22 -6.494E-03 ( 5.273E-12, 9.724E-12) ( 1.590E-13, 2.178E-13)  1.00E-07
  1.245E+02 1.21268E-22 -6.476E-03 ( 5.241E-12, 9.681E-12) ( 1.573E-13, 2.156E-13)  1.00E-07
  1.250E+02 1.20118E-22 -6.456E-03 ( 5.209E-12, 9.639E-12) ( 1.556E-13, 2.134E-13)  1.00E-07
  1.255E+02 1.18991E-22 -6.436E-03 ( 5.178E-12, 9.597E-12) ( 1.539E-13, 2.113E-13)  1.00E-07
  1.260E+02 1.17886E-22 -6.414E-03 ( 5.148E-12, 9.556E-12) ( 1.522E-13, 2.091E-13)  1.00E-07
  1.265E+02 1.16803E-22 -6.392E-03 ( 5.117E-12, 9.516E-12) ( 1.505E-13, 2.070E-13)  1.00E-07
  1.270E+02 1.15741E-22 -6.369E-03 ( 5.088E-12, 9.476E-12) ( 1.489E-13, 2.048E-13)  1.00E-07
  1.275E+02 1.14700E-22 -6.345E-03 ( 5.059E-12, 9.437E-12) ( 1.472E-13, 2.027E-13)  1.00E-07
  1.280E+02 1.13679E-22 -6.320E-03 ( 5.030E-12, 9.398E-12) ( 1.456E-13, 2.005E-13)  1.00E-07
  1.285E+02 1.12678E-22 -6.294E-03 ( 5.002E-12, 9.360E-12) ( 1.439E-13, 1.984E-13)  1.00E-07
  1.290E+02 1.11696E-22 -6.268E-03 ( 4.974E-12, 9.322E-12) ( 1.423E-13, 1.963E-13)  1.00E-07
  1.295E+02 1.10734E-22 -6.240E-03 ( 4.946E-12, 9.285E-12) ( 1.407E-13, 1.942E-13)  1.00E-07
  1.300E+02 1.09791E-22 -6.212E-03 ( 4.919E-12, 9.248E-12) ( 1.390E-13, 1.921E-13)  1.00E-07
  1.305E+02 1.08866E-22 -6.183E-03 ( 4.893E-12, 9.213E-12) ( 1.374E-13, 1.900E-13)  1.00E-07
  1.310E+02 1.07958E-22 -6.153E-03 ( 4.867E-12, 9.177E-12) ( 1.358E-13, 1.879E-13)  1.00E-07
  1.315E+02 1.07069E-22 -6.122E-03 ( 4.841E-12, 9.142E-12) ( 1.342E-13, 1.858E-13)  1.00E-07
  1.320E+02 1.06197E-22 -6.090E-03 ( 4.816E-12, 9.108E-12) ( 1.327E-13, 1.837E-13)  1.00E-07
  1.325E+02 1.05342E-22 -6.058E-03 ( 4.791E-12, 9.074E-12) ( 1.311E-13, 1.816E-13)  1.00E-07
  1.330E+02 1.04503E-22 -6.024E-03 ( 4.767E-12, 9.041E-12) ( 1.295E-13, 1.796E-13)  1.00E-07
  1.335E+02 1.03681E-22 -5.990E-03 ( 4.743E-12, 9.008E-12) ( 1.279E-13, 1.775E-13)  1.00E-07
  1.340E+02 1.02875E-22 -5.955E-03 ( 4.719E-12, 8.976E-12) ( 1.264E-13, 1.754E-13)  1.00E-07
  1.345E+02 1.02084E-22 -5.919E-03 ( 4.696E-12, 8.944E-12) ( 1.248E-13, 1.734E-13)  1.00E-07
  1.350E+02 1.01309E-22 -5.882E-03 ( 4.673E-12, 8.912E-12) ( 1.233E-13, 1.713E-13)  1.00E-07
  1.355E+02 1.00549E-22 -5.844E-03 ( 4.650E-12, 8.881E-12) ( 1.217E-13, 1.693E-13)  1.00E-07
  1.360E+02 9.98042E-23 -5.806E-03 ( 4.628E-12, 8.851E-12) ( 1.202E-13, 1.673E-13)  1.00E-07
  1.365E+02 9.90737E-23 -5.767E-03 ( 4.606E-12, 8.821E-12) ( 1.187E-13, 1.652E-13)  1.00E-07
  1.370E+02 9.83574E-23 -5.726E-03 ( 4.585E-12, 8.792E-12) ( 1.171E-13, 1.632E-13)  1.00E-07
  1.375E+02 9.76552E-23 -5.685E-03 ( 4.564E-12, 8.763E-12) ( 1.156E-13, 1.612E-13)  1.00E-07
  1.380E+02 9.69668E-23 -5.644E-03 ( 4.543E-12, 8.734E-12) ( 1.141E-13, 1.591E-13)  1.00E-07
  1.385E+02 9.62919E-23 -5.601E-03 ( 4.523E-12, 8.706E-12) ( 1.126E-13, 1.571E-13)  1.00E-07
  1.390E+02 9.56303E-23 -5.558E-03 ( 4.503E-12, 8.678E-12) ( 1.111E-13, 1.551E-13)  1.00E-07
  1.395E+02 9.49818E-23 -5.514E-03 ( 4.483E-12, 8.651E-12) ( 1.096E-13, 1.531E-13)  1.00E-07
  1.400E+02 9.43462E-23 -5.469E-03 ( 4.464E-12, 8.625E-12) ( 1.081E-13, 1.511E-13)  1.00E-07
  1.405E+02 9.37231E-23 -5.423E-03 ( 4.445E-12, 8.598E-12) ( 1.066E-13, 1.491E-13)  1.00E-07
  1.410E+02 9.31125E-23 -5.376E-03 ( 4.427E-12, 8.572E-12) ( 1.052E-13, 1.471E-13)  1.00E-07
  1.415E+02 9.25140E-23 -5.329E-03 ( 4.408E-12, 8.547E-12) ( 1.037E-13, 1.451E-13)  1.00E-07
  1.420E+02 9.19276E-23 -5.281E-03 ( 4.390E-12, 8.522E-12) ( 1.022E-13, 1.431E-13)  1.00E-07
  1.425E+02 9.13529E-23 -5.232E-03 ( 4.373E-12, 8.497E-12) ( 1.008E-13, 1.412E-13)  1.00E-07
  1.430E+02 9.07898E-23 -5.183E-03 ( 4.355E-12, 8.473E-12) ( 9.931E-14, 1.392E-13)  1.00E-07
  1.435E+02 9.02381E-23 -5.132E-03 ( 4.338E-12, 8.449E-12) ( 9.786E-14, 1.372E-13)  1.00E-07
  1.440E+02 8.96976E-23 -5.081E-03 ( 4.321E-12, 8.426E-12) ( 9.641E-14, 1.352E-13)  1.00E-07
  1.445E+02 8.91682E-23 -5.029E-03 ( 4.305E-12, 8.403E-12) ( 9.497E-14, 1.333E-13)  1.00E-07
  1.450E+02 8.86496E-23 -4.977E-03 ( 4.289E-12, 8.380E-12) ( 9.353E-14, 1.313E-13)  1.00E-07
  1.455E+02 8.81417E-23 -4.924E-03 ( 4.273E-12, 8.358E-12) ( 9.209E-14, 1.294E-13)  1.00E-07
  1.460E+02 8.76444E-23 -4.870E-03 ( 4.257E-12, 8.336E-12) ( 9.067E-14, 1.274E-13)  1.00E-07
  1.465E+02 8.71574E-23 -4.815E-03 ( 4.242E-12, 8.315E-12) ( 8.924E-14, 1.255E-13)  1.00E-07
  1.470E+02 8.66806E-23 -4.759E-03 ( 4.227E-12, 8.294E-12) ( 8.782E-14, 1.235E-13)  1.00E-07
  1.475E+02 8.62138E-23 -4.703E-03 ( 4.212E-12, 8.273E-12) ( 8.640E-14, 1.216E-13)  1.00E-07
  1.480E+02 8.57570E-23 -4.646E-03 ( 4.198E-12, 8.253E-12) ( 8.499E-14, 1.196E-13)  1.00E-07
  1.485E+02 8.53099E-23 -4.589E-03 ( 4.184E-12, 8.233E-12) ( 8.358E-14, 1.177E-13)  1.00E-07
  1.490E+02 8.48724E-23 -4.531E-03 ( 4.170E-12, 8.214E-12) ( 8.218E-14, 1.158E-13)  1.00E-07
  1.495E+02 8.44443E-23 -4.472E-03 ( 4.156E-12, 8.194E-12) ( 8.078E-14, 1.138E-13)  1.00E-07
  1.500E+02 8.40257E-23 -4.412E-03 ( 4.143E-12, 8.176E-12) ( 7.938E-14, 1.119E-13)  1.00E-07
  1.505E+02 8.36162E-23 -4.352E-03 ( 4.130E-12, 8.157E-12) ( 7.799E-14, 1.100E-13)  1.00E-07
  1.510E+02 8.32158E-23 -4.291E-03 ( 4.117E-12, 8.139E-12) ( 7.660E-14, 1.081E-13)  1.00E-07
  1.515E+02 8.28243E-23 -4.230E-03 ( 4.105E-12, 8.121E-12) ( 7.521E-14, 1.061E-13)  1.00E-07
  1.520E+02 8.24417E-23 -4.168E-03 ( 4.092E-12, 8.104E-12) ( 7.383E-14, 1.042E-13)  1.00E-07
  1.525E+02 8.20678E-23 -4.105E-03 ( 4.080E-12, 8.087E-12) ( 7.245E-14, 1.023E-13)  1.00E-07
  1.530E+02 8.17024E-23 -4.042E-03 ( 4.069E-12, 8.070E-12) ( 7.108E-14, 1.004E-13)  1.00E-07
  1.535E+02 8.13456E-23 -3.978E-03 ( 4.057E-12, 8.054E-12) ( 6.971E-14, 9.850E-14)  1.00E-07
  1.540E+02 8.09972E-23 -3.914E-03 ( 4.046E-12, 8.038E-12) ( 6.834E-14, 9.659E-14)  1.00E-07
  1.545E+02 8.06570E-23 -3.849E-03 ( 4.035E-12, 8.023E-12) ( 6.697E-14, 9.469E-14)  1.00E-07
  1.550E+02 8.03250E-23 -3.783E-03 ( 4.024E-12, 8.007E-12) ( 6.561E-14, 9.279E-14)  1.00E-07
  1.555E+02 8.00010E-23 -3.717E-03 ( 4.014E-12, 7.992E-12) ( 6.425E-14, 9.090E-14)  1.00E-07
  1.560E+02 7.96850E-23 -3.650E-03 ( 4.003E-12, 7.978E-12) ( 6.289E-14, 8.900E-14)  1.00E-07
  1.565E+02 7.93769E-23 -3.583E-03 ( 3.993E-12, 7.964E-12) ( 6.154E-14, 8.711E-14)  1.00E-07
  1.570E+02 7.90766E-23 -3.515E-03 ( 3.984E-12, 7.950E-12) ( 6.019E-14, 8.522E-14)  1.00E-07
  1.575E+02 7.87840E-23 -3.446E-03 ( 3.974E-12, 7.936E-12) ( 5.884E-14, 8.334E-14)  1.00E-07
  1.580E+02 7.84990E-23 -3.378E-03 ( 3.965E-12, 7.923E-12) ( 5.749E-14, 8.145E-14)  1.00E-07
  1.585E+02 7.82215E-23 -3.308E-03 ( 3.956E-12, 7.910E-12) ( 5.615E-14, 7.957E-14)  1.00E-07
  1.590E+02 7.79515E-23 -3.238E-03 ( 3.947E-12, 7.897E-12) ( 5.481E-14, 7.769E-14)  1.00E-07
  1.595E+02 7.76888E-23 -3.168E-03 ( 3.938E-12, 7.885E-12) ( 5.347E-14, 7.581E-14)  1.00E-07
  1.600E+02 7.74334E-23 -3.097E-03 ( 3.930E-12, 7.873E-12) ( 5.214E-14, 7.394E-14)  1.00E-07
  1.605E+02 7.71853E-23 -3.026E-03 ( 3.922E-12, 7.861E-12) ( 5.080E-14, 7.206E-14)  1.00E-07
  1.610E+02 7.69443E-23 -2.954E-03 ( 3.914E-12, 7.850E-12) ( 4.947E-14, 7.019E-14)  1.00E-07
  1.615E+02 7.67103E-23 -2.882E-03 ( 3.906E-12, 7.839E-12) ( 4.814E-14, 6.832E-14)  1.00E-07
  1.620E+02 7.64834E-23 -2.809E-03 ( 3.898E-12, 7.828E-12) ( 4.682E-14, 6.646E-14)  1.00E-07
  1.625E+02 7.62634E-23 -2.736E-03 ( 3.891E-12, 7.818E-12) ( 4.549E-14, 6.459E-14)  1.00E-07
  1.630E+02 7.60503E-23 -2.663E-03 ( 3.884E-12, 7.808E-12) ( 4.417E-14, 6.272E-14)  1.00E-07
  1.635E+02 7.58440E-23 -2.589E-03 ( 3.877E-12, 7.798E-12) ( 4.285E-14, 6.086E-14)  1.00E-07
  1.640E+02 7.56445E-23 -2.514E-03 ( 3.871E-12, 7.788E-12) ( 4.153E-14, 5.900E-14)  1.00E-07
  1.645E+02 7.54516E-23 -2.440E-03 ( 3.864E-12, 7.779E-12) ( 4.022E-14, 5.714E-14)  1.00E-07
  1.650E+02 7.52654E-23 -2.365E-03 ( 3.858E-12, 7.770E-12) ( 3.890E-14, 5.528E-14)  1.00E-07
  1.655E+02 7.50858E-23 -2.289E-03 ( 3.852E-12, 7.762E-12) ( 3.759E-14, 5.343E-14)  1.00E-07
  1.660E+02 7.49128E-23 -2.214E-03 ( 3.846E-12, 7.753E-12) ( 3.628E-14, 5.157E-14)  1.00E-07
  1.665E+02 7.47463E-23 -2.138E-03 ( 3.841E-12, 7.745E-12) ( 3.497E-14, 4.972E-14)  1.00E-07
  1.670E+02 7.45862E-23 -2.061E-03 ( 3.835E-12, 7.738E-12) ( 3.366E-14, 4.786E-14)  1.00E-07
  1.675E+02 7.44325E-23 -1.985E-03 ( 3.830E-12, 7.730E-12) ( 3.235E-14, 4.601E-14)  1.00E-07
  1.680E+02 7.42851E-23 -1.907E-03 ( 3.825E-12, 7.723E-12) ( 3.105E-14, 4.416E-14)  1.00E-07
  1.685E+02 7.41441E-23 -1.830E-03 ( 3.821E-12, 7.717E-12) ( 2.974E-14, 4.231E-14)  1.00E-07
  1.690E+02 7.40094E-23 -1.753E-03 ( 3.816E-12, 7.710E-12) ( 2.844E-14, 4.047E-14)  1.00E-07
  1.695E+02 7.38809E-23 -1.675E-03 ( 3.812E-12, 7.704E-12) ( 2.714E-14, 3.862E-14)  1.00E-07
  1.700E+02 7.37587E-23 -1.597E-03 ( 3.808E-12, 7.698E-12) ( 2.584E-14, 3.677E-14)  1.00E-07
  1.705E+02 7.36426E-23 -1.518E-03 ( 3.804E-12, 7.692E-12) ( 2.454E-14, 3.493E-14)  1.00E-07
  1.710E+02 7.35326E-23 -1.440E-03 ( 3.800E-12, 7.687E-12) ( 2.324E-14, 3.309E-14)  1.00E-07
  1.715E+02 7.34288E-23 -1.361E-03 ( 3.797E-12, 7.682E-12) ( 2.195E-14, 3.124E-14)  1.00E-07
  1.720E+02 7.33310E-23 -1.282E-03 ( 3.793E-12, 7.677E-12) ( 2.065E-14, 2.940E-14)  1.00E-07
  1.725E+02 7.32393E-23 -1.203E-03 ( 3.790E-12, 7.673E-12) ( 1.935E-14, 2.756E-14)  1.00E-07
  1.730E+02 7.31537E-23 -1.124E-03 ( 3.787E-12, 7.669E-12) ( 1.806E-14, 2.572E-14)  1.00E-07
  1.735E+02 7.30740E-23 -1.044E-03 ( 3.785E-12, 7.665E-12) ( 1.677E-14, 2.388E-14)  1.00E-07
  1.740E+02 7.30004E-23 -9.643E-04 ( 3.782E-12, 7.661E-12) ( 1.547E-14, 2.204E-14)  1.00E-07
  1.745E+02 7.29326E-23 -8.845E-04 ( 3.780E-12, 7.658E-12) ( 1.418E-14, 2.020E-14)  1.00E-07
  1.750E+02 7.28709E-23 -8.044E-04 ( 3.778E-12, 7.655E-12) ( 1.289E-14, 1.836E-14)  1.00E-07
  1.755E+02 7.28151E-23 -7.244E-04 ( 3.776E-12, 7.652E-12) ( 1.160E-14, 1.653E-14)  1.00E-07
  1.760E+02 7.27652E-23 -6.443E-04 ( 3.774E-12, 7.650E-12) ( 1.031E-14, 1.469E-14)  1.00E-07
  1.765E+02 7.27212E-23 -5.638E-04 ( 3.773E-12, 7.648E-12) ( 9.020E-15, 1.285E-14)  1.00E-07
  1.770E+02 7.26831E-23 -4.835E-04 ( 3.771E-12, 7.646E-12) ( 7.731E-15, 1.101E-14)  1.00E-07
  1.775E+02 7.26508E-23 -4.031E-04 ( 3.770E-12, 7.644E-12) ( 6.443E-15, 9.179E-15)  1.00E-07
  1.780E+02 7.26245E-23 -3.223E-04 ( 3.770E-12, 7.643E-12) ( 5.153E-15, 7.343E-15)  1.00E-07
  1.785E+02 7.26040E-23 -2.420E-04 ( 3.769E-12, 7.642E-12) ( 3.865E-15, 5.507E-15)  1.00E-07
  1.790E+02 7.25893E-23 -1.614E-04 ( 3.768E-12, 7.641E-12) ( 2.577E-15, 3.671E-15)  1.00E-07
  1.795E+02 7.25806E-23 -8.031E-05 ( 3.768E-12, 7.641E-12) ( 1.287E-15, 1.836E-15)  1.00E-07
  1.800E+02 7.25777E-23 -1.122E-18 ( 3.768E-12, 7.641E-12) ( 1.803E-29, 2.576E-29)  1.00E-07

  TOTAL ELASTIC CROSS SECTION = 2.474511E-18 cm**2
               FROM DCS TABLE = 2.473781E-18  (REL. DIF. = 2.95E-04)

  1ST TRANSPORT CROSS SECTION = 1.260553E-20 cm**2
               FROM DCS TABLE = 1.260515E-20  (REL. DIF. = 3.03E-05)

  2ND TRANSPORT CROSS SECTION = 3.211994E-20 cm**2

  **** DPWA0 ENDED ************************************************************

