 #  Scattering amplitudes (in cm)      MU=(1-cos(TH))/2
 #  Z =   6,   projectile: electron
 #  Kinetic energy = 2.50000E+04 eV
 #
 # TH (deg)      MU          Re(F)        Im(F)        Re(G)        Im(G)
 #--------------------------------------------------------------------------
  0.000E+00  0.00000E+00  2.52193E-08  1.61449E-09  0.00000E+00  0.00000E+00
  1.000E-04  7.61557E-13  2.52193E-08  1.61449E-09  1.02861E-15  6.61427E-17
  1.250E-04  1.18994E-12  2.52193E-08  1.61449E-09  1.28577E-15  8.26784E-17
  1.500E-04  1.71346E-12  2.52193E-08  1.61449E-09  1.54292E-15  9.92141E-17
  1.750E-04  2.33225E-12  2.52193E-08  1.61449E-09  1.80008E-15  1.15750E-16
  2.000E-04  3.04617E-12  2.52193E-08  1.61449E-09  2.05723E-15  1.32285E-16
  2.250E-04  3.85530E-12  2.52193E-08  1.61449E-09  2.31438E-15  1.48821E-16
  2.500E-04  4.75964E-12  2.52193E-08  1.61449E-09  2.57154E-15  1.65357E-16
  2.750E-04  5.75917E-12  2.52193E-08  1.61449E-09  2.82869E-15  1.81892E-16
  3.000E-04  6.85391E-12  2.52193E-08  1.61449E-09  3.08584E-15  1.98428E-16
  3.250E-04  8.04379E-12  2.52193E-08  1.61449E-09  3.34300E-15  2.14964E-16
  3.500E-04  9.32893E-12  2.52193E-08  1.61449E-09  3.60015E-15  2.31500E-16
  3.750E-04  1.07092E-11  2.52193E-08  1.61449E-09  3.85730E-15  2.48035E-16
  4.000E-04  1.21847E-11  2.52193E-08  1.61449E-09  4.11446E-15  2.64571E-16
  4.250E-04  1.37554E-11  2.52193E-08  1.61449E-09  4.37161E-15  2.81107E-16
  4.500E-04  1.54213E-11  2.52193E-08  1.61449E-09  4.62876E-15  2.97642E-16
  4.750E-04  1.71823E-11  2.52193E-08  1.61449E-09  4.88592E-15  3.14178E-16
  5.000E-04  1.90386E-11  2.52193E-08  1.61449E-09  5.14307E-15  3.30714E-16
  5.250E-04  2.09900E-11  2.52193E-08  1.61449E-09  5.40022E-15  3.47249E-16
  5.500E-04  2.30367E-11  2.52193E-08  1.61449E-09  5.65738E-15  3.63785E-16
  5.750E-04  2.51785E-11  2.52193E-08  1.61449E-09  5.91453E-15  3.80321E-16
  6.000E-04  2.74156E-11  2.52193E-08  1.61449E-09  6.17169E-15  3.96856E-16
  6.250E-04  2.97478E-11  2.52193E-08  1.61449E-09  6.42884E-15  4.13392E-16
  6.500E-04  3.21752E-11  2.52193E-08  1.61449E-09  6.68599E-15  4.29928E-16
  6.750E-04  3.46979E-11  2.52193E-08  1.61449E-09  6.94315E-15  4.46463E-16
  7.000E-04  3.73157E-11  2.52193E-08  1.61449E-09  7.20030E-15  4.62999E-16
  7.250E-04  4.00286E-11  2.52193E-08  1.61449E-09  7.45745E-15  4.79535E-16
  7.500E-04  4.28368E-11  2.52193E-08  1.61449E-09  7.71461E-15  4.96070E-16
  7.750E-04  4.57402E-11  2.52193E-08  1.61449E-09  7.97176E-15  5.12606E-16
  8.000E-04  4.87388E-11  2.52193E-08  1.61449E-09  8.22891E-15  5.29142E-16
  8.250E-04  5.18325E-11  2.52193E-08  1.61449E-09  8.48607E-15  5.45677E-16
  8.500E-04  5.50215E-11  2.52193E-08  1.61449E-09  8.74322E-15  5.62213E-16
  8.750E-04  5.83057E-11  2.52193E-08  1.61449E-09  9.00037E-15  5.78749E-16
  9.000E-04  6.16850E-11  2.52193E-08  1.61449E-09  9.25753E-15  5.95284E-16
  9.250E-04  6.51595E-11  2.52193E-08  1.61449E-09  9.51468E-15  6.11820E-16
  9.500E-04  6.87293E-11  2.52193E-08  1.61449E-09  9.77183E-15  6.28356E-16
  9.750E-04  7.23943E-11  2.52193E-08  1.61449E-09  1.00290E-14  6.44891E-16
  1.000E-03  7.61544E-11  2.52193E-08  1.61449E-09  1.02861E-14  6.61427E-16
  1.250E-03  1.18991E-10  2.52193E-08  1.61449E-09  1.28577E-14  8.26784E-16
  1.500E-03  1.71347E-10  2.52193E-08  1.61449E-09  1.54292E-14  9.92141E-16
  1.750E-03  2.33223E-10  2.52193E-08  1.61449E-09  1.80007E-14  1.15750E-15
  2.000E-03  3.04617E-10  2.52193E-08  1.61449E-09  2.05723E-14  1.32285E-15
  2.250E-03  3.85531E-10  2.52193E-08  1.61449E-09  2.31438E-14  1.48821E-15
  2.500E-03  4.75965E-10  2.52193E-08  1.61449E-09  2.57153E-14  1.65357E-15
  2.750E-03  5.75917E-10  2.52193E-08  1.61449E-09  2.82868E-14  1.81892E-15
  3.000E-03  6.85389E-10  2.52193E-08  1.61449E-09  3.08584E-14  1.98428E-15
  3.250E-03  8.04380E-10  2.52193E-08  1.61449E-09  3.34299E-14  2.14964E-15
  3.500E-03  9.32891E-10  2.52193E-08  1.61449E-09  3.60014E-14  2.31499E-15
  3.750E-03  1.07092E-09  2.52192E-08  1.61449E-09  3.85729E-14  2.48035E-15
  4.000E-03  1.21847E-09  2.52192E-08  1.61449E-09  4.11444E-14  2.64571E-15
  4.250E-03  1.37554E-09  2.52192E-08  1.61449E-09  4.37159E-14  2.81106E-15
  4.500E-03  1.54213E-09  2.52192E-08  1.61449E-09  4.62874E-14  2.97642E-15
  4.750E-03  1.71823E-09  2.52192E-08  1.61449E-09  4.88589E-14  3.14178E-15
  5.000E-03  1.90386E-09  2.52192E-08  1.61449E-09  5.14304E-14  3.30713E-15
  5.250E-03  2.09900E-09  2.52192E-08  1.61449E-09  5.40019E-14  3.47249E-15
  5.500E-03  2.30367E-09  2.52191E-08  1.61449E-09  5.65734E-14  3.63784E-15
  5.750E-03  2.51785E-09  2.52191E-08  1.61449E-09  5.91448E-14  3.80320E-15
  6.000E-03  2.74156E-09  2.52191E-08  1.61449E-09  6.17163E-14  3.96856E-15
  6.250E-03  2.97478E-09  2.52191E-08  1.61449E-09  6.42878E-14  4.13391E-15
  6.500E-03  3.21752E-09  2.52191E-08  1.61449E-09  6.68592E-14  4.29927E-15
  6.750E-03  3.46978E-09  2.52191E-08  1.61449E-09  6.94307E-14  4.46462E-15
  7.000E-03  3.73156E-09  2.52190E-08  1.61449E-09  7.20021E-14  4.62998E-15
  7.250E-03  4.00286E-09  2.52190E-08  1.61449E-09  7.45736E-14  4.79534E-15
  7.500E-03  4.28368E-09  2.52190E-08  1.61449E-09  7.71450E-14  4.96069E-15
  7.750E-03  4.57402E-09  2.52190E-08  1.61449E-09  7.97164E-14  5.12605E-15
  8.000E-03  4.87388E-09  2.52189E-08  1.61449E-09  8.22879E-14  5.29140E-15
  8.250E-03  5.18326E-09  2.52189E-08  1.61449E-09  8.48593E-14  5.45676E-15
  8.500E-03  5.50215E-09  2.52189E-08  1.61449E-09  8.74307E-14  5.62211E-15
  8.750E-03  5.83057E-09  2.52189E-08  1.61449E-09  9.00021E-14  5.78747E-15
  9.000E-03  6.16850E-09  2.52188E-08  1.61449E-09  9.25735E-14  5.95282E-15
  9.250E-03  6.51596E-09  2.52188E-08  1.61449E-09  9.51448E-14  6.11818E-15
  9.500E-03  6.87293E-09  2.52188E-08  1.61449E-09  9.77162E-14  6.28353E-15
  9.750E-03  7.23942E-09  2.52188E-08  1.61449E-09  1.00288E-13  6.44889E-15
  1.000E-02  7.61544E-09  2.52187E-08  1.61449E-09  1.02859E-13  6.61424E-15
  1.250E-02  1.18991E-08  2.52184E-08  1.61448E-09  1.28572E-13  8.26779E-15
  1.500E-02  1.71347E-08  2.52180E-08  1.61448E-09  1.54284E-13  9.92132E-15
  1.750E-02  2.33223E-08  2.52175E-08  1.61447E-09  1.79994E-13  1.15748E-14
  2.000E-02  3.04617E-08  2.52169E-08  1.61447E-09  2.05703E-13  1.32283E-14
  2.250E-02  3.85531E-08  2.52162E-08  1.61446E-09  2.31410E-13  1.48818E-14
  2.500E-02  4.75965E-08  2.52155E-08  1.61445E-09  2.57115E-13  1.65353E-14
  2.750E-02  5.75917E-08  2.52147E-08  1.61444E-09  2.82817E-13  1.81887E-14
  3.000E-02  6.85389E-08  2.52138E-08  1.61443E-09  3.08517E-13  1.98421E-14
  3.250E-02  8.04380E-08  2.52129E-08  1.61442E-09  3.34214E-13  2.14954E-14
  3.500E-02  9.32891E-08  2.52118E-08  1.61441E-09  3.59908E-13  2.31488E-14
  3.750E-02  1.07092E-07  2.52107E-08  1.61440E-09  3.85599E-13  2.48021E-14
  4.000E-02  1.21847E-07  2.52095E-08  1.61439E-09  4.11286E-13  2.64553E-14
  4.250E-02  1.37554E-07  2.52083E-08  1.61437E-09  4.36970E-13  2.81086E-14
  4.500E-02  1.54213E-07  2.52069E-08  1.61436E-09  4.62649E-13  2.97617E-14
  4.750E-02  1.71823E-07  2.52055E-08  1.61434E-09  4.88325E-13  3.14149E-14
  5.000E-02  1.90386E-07  2.52040E-08  1.61433E-09  5.13996E-13  3.30679E-14
  5.250E-02  2.09900E-07  2.52024E-08  1.61431E-09  5.39662E-13  3.47210E-14
  5.500E-02  2.30367E-07  2.52008E-08  1.61429E-09  5.65323E-13  3.63740E-14
  5.750E-02  2.51785E-07  2.51991E-08  1.61427E-09  5.90979E-13  3.80269E-14
  6.000E-02  2.74156E-07  2.51973E-08  1.61425E-09  6.16630E-13  3.96797E-14
  6.250E-02  2.97478E-07  2.51954E-08  1.61423E-09  6.42275E-13  4.13325E-14
  6.500E-02  3.21752E-07  2.51935E-08  1.61421E-09  6.67915E-13  4.29853E-14
  6.750E-02  3.46978E-07  2.51914E-08  1.61419E-09  6.93548E-13  4.46379E-14
  7.000E-02  3.73156E-07  2.51893E-08  1.61416E-09  7.19175E-13  4.62905E-14
  7.250E-02  4.00286E-07  2.51872E-08  1.61414E-09  7.44796E-13  4.79431E-14
  7.500E-02  4.28368E-07  2.51849E-08  1.61412E-09  7.70410E-13  4.95955E-14
  7.750E-02  4.57402E-07  2.51826E-08  1.61409E-09  7.96016E-13  5.12479E-14
  8.000E-02  4.87388E-07  2.51802E-08  1.61406E-09  8.21616E-13  5.29002E-14
  8.250E-02  5.18325E-07  2.51777E-08  1.61404E-09  8.47208E-13  5.45524E-14
  8.500E-02  5.50215E-07  2.51751E-08  1.61401E-09  8.72793E-13  5.62046E-14
  8.750E-02  5.83057E-07  2.51725E-08  1.61398E-09  8.98369E-13  5.78566E-14
  9.000E-02  6.16850E-07  2.51698E-08  1.61395E-09  9.23938E-13  5.95086E-14
  9.250E-02  6.51596E-07  2.51670E-08  1.61392E-09  9.49498E-13  6.11604E-14
  9.500E-02  6.87293E-07  2.51641E-08  1.61389E-09  9.75049E-13  6.28122E-14
  9.750E-02  7.23942E-07  2.51612E-08  1.61386E-09  1.00059E-12  6.44639E-14
  1.000E-01  7.61543E-07  2.51582E-08  1.61382E-09  1.02613E-12  6.61154E-14
  1.250E-01  1.18991E-06  2.51239E-08  1.61345E-09  1.28091E-12  8.26252E-14
  1.500E-01  1.71347E-06  2.50821E-08  1.61299E-09  1.53454E-12  9.91221E-14
  1.750E-01  2.33223E-06  2.50328E-08  1.61245E-09  1.78679E-12  1.15604E-13
  2.000E-01  3.04617E-06  2.49762E-08  1.61182E-09  2.03744E-12  1.32068E-13
  2.250E-01  3.85531E-06  2.49123E-08  1.61111E-09  2.28627E-12  1.48511E-13
  2.500E-01  4.75964E-06  2.48412E-08  1.61032E-09  2.53307E-12  1.64932E-13
  2.750E-01  5.75916E-06  2.47631E-08  1.60945E-09  2.77763E-12  1.81327E-13
  3.000E-01  6.85388E-06  2.46780E-08  1.60850E-09  3.01976E-12  1.97695E-13
  3.250E-01  8.04378E-06  2.45861E-08  1.60746E-09  3.25925E-12  2.14032E-13
  3.500E-01  9.32888E-06  2.44875E-08  1.60634E-09  3.49591E-12  2.30337E-13
  3.750E-01  1.07092E-05  2.43824E-08  1.60515E-09  3.72958E-12  2.46607E-13
  4.000E-01  1.21846E-05  2.42709E-08  1.60387E-09  3.96007E-12  2.62839E-13
  4.250E-01  1.37553E-05  2.41532E-08  1.60251E-09  4.18721E-12  2.79031E-13
  4.500E-01  1.54212E-05  2.40295E-08  1.60108E-09  4.41086E-12  2.95181E-13
  4.750E-01  1.71822E-05  2.38999E-08  1.59956E-09  4.63085E-12  3.11287E-13
  5.000E-01  1.90385E-05  2.37646E-08  1.59797E-09  4.84706E-12  3.27346E-13
  5.250E-01  2.09899E-05  2.36239E-08  1.59630E-09  5.05934E-12  3.43356E-13
  5.500E-01  2.30365E-05  2.34779E-08  1.59455E-09  5.26758E-12  3.59314E-13
  5.750E-01  2.51783E-05  2.33268E-08  1.59273E-09  5.47165E-12  3.75220E-13
  6.000E-01  2.74153E-05  2.31709E-08  1.59083E-09  5.67147E-12  3.91069E-13
  6.250E-01  2.97475E-05  2.30103E-08  1.58885E-09  5.86692E-12  4.06861E-13
  6.500E-01  3.21749E-05  2.28453E-08  1.58680E-09  6.05793E-12  4.22592E-13
  6.750E-01  3.46974E-05  2.26760E-08  1.58468E-09  6.24443E-12  4.38262E-13
  7.000E-01  3.73152E-05  2.25028E-08  1.58249E-09  6.42633E-12  4.53868E-13
  7.250E-01  4.00281E-05  2.23257E-08  1.58022E-09  6.60359E-12  4.69408E-13
  7.500E-01  4.28362E-05  2.21451E-08  1.57788E-09  6.77617E-12  4.84879E-13
  7.750E-01  4.57395E-05  2.19612E-08  1.57547E-09  6.94401E-12  5.00281E-13
  8.000E-01  4.87380E-05  2.17742E-08  1.57300E-09  7.10709E-12  5.15611E-13
  8.250E-01  5.18317E-05  2.15842E-08  1.57045E-09  7.26539E-12  5.30868E-13
  8.500E-01  5.50205E-05  2.13916E-08  1.56784E-09  7.41890E-12  5.46049E-13
  8.750E-01  5.83045E-05  2.11966E-08  1.56515E-09  7.56761E-12  5.61153E-13
  9.000E-01  6.16838E-05  2.09992E-08  1.56241E-09  7.71153E-12  5.76178E-13
  9.250E-01  6.51582E-05  2.07999E-08  1.55959E-09  7.85066E-12  5.91123E-13
  9.500E-01  6.87277E-05  2.05988E-08  1.55672E-09  7.98504E-12  6.05985E-13
  9.750E-01  7.23925E-05  2.03960E-08  1.55378E-09  8.11468E-12  6.20764E-13
  1.000E+00  7.61524E-05  2.01918E-08  1.55078E-09  8.23962E-12  6.35457E-13
  1.100E+00  9.21439E-05  1.93650E-08  1.53816E-09  8.69323E-12  6.93348E-13
  1.200E+00  1.09658E-04  1.85307E-08  1.52464E-09  9.07581E-12  7.49762E-13
  1.300E+00  1.28695E-04  1.76993E-08  1.51026E-09  9.39197E-12  8.04623E-13
  1.400E+00  1.49255E-04  1.68797E-08  1.49509E-09  9.64712E-12  8.57864E-13
  1.500E+00  1.71338E-04  1.60790E-08  1.47922E-09  9.84709E-12  9.09432E-13
  1.600E+00  1.94942E-04  1.53029E-08  1.46270E-09  9.99780E-12  9.59284E-13
  1.700E+00  2.20070E-04  1.45553E-08  1.44559E-09  1.01050E-11  1.00739E-12
  1.800E+00  2.46720E-04  1.38388E-08  1.42798E-09  1.01742E-11  1.05372E-12
  1.900E+00  2.74892E-04  1.31551E-08  1.40993E-09  1.02104E-11  1.09827E-12
  2.000E+00  3.04586E-04  1.25047E-08  1.39149E-09  1.02180E-11  1.14104E-12
  2.100E+00  3.35803E-04  1.18875E-08  1.37272E-09  1.02009E-11  1.18203E-12
  2.200E+00  3.68542E-04  1.13029E-08  1.35370E-09  1.01628E-11  1.22125E-12
  2.300E+00  4.02802E-04  1.07499E-08  1.33446E-09  1.01067E-11  1.25872E-12
  2.400E+00  4.38585E-04  1.02273E-08  1.31507E-09  1.00352E-11  1.29447E-12
  2.500E+00  4.75889E-04  9.73387E-09  1.29558E-09  9.95074E-12  1.32853E-12
  2.600E+00  5.14715E-04  9.26827E-09  1.27601E-09  9.85555E-12  1.36093E-12
  2.700E+00  5.55063E-04  8.82916E-09  1.25643E-09  9.75154E-12  1.39171E-12
  2.800E+00  5.96931E-04  8.41524E-09  1.23687E-09  9.64043E-12  1.42092E-12
  2.900E+00  6.40321E-04  8.02520E-09  1.21736E-09  9.52378E-12  1.44859E-12
  3.000E+00  6.85233E-04  7.65777E-09  1.19794E-09  9.40297E-12  1.47478E-12
  3.100E+00  7.31665E-04  7.31170E-09  1.17864E-09  9.27917E-12  1.49952E-12
  3.200E+00  7.79618E-04  6.98577E-09  1.15948E-09  9.15339E-12  1.52288E-12
  3.300E+00  8.29092E-04  6.67874E-09  1.14048E-09  9.02647E-12  1.54490E-12
  3.400E+00  8.80086E-04  6.38944E-09  1.12168E-09  8.89905E-12  1.56563E-12
  3.500E+00  9.32601E-04  6.11672E-09  1.10308E-09  8.77169E-12  1.58512E-12
  3.600E+00  9.86636E-04  5.85949E-09  1.08471E-09  8.64478E-12  1.60342E-12
  3.700E+00  1.04219E-03  5.61670E-09  1.06657E-09  8.51865E-12  1.62058E-12
  3.800E+00  1.09927E-03  5.38738E-09  1.04869E-09  8.39356E-12  1.63664E-12
  3.900E+00  1.15786E-03  5.17063E-09  1.03106E-09  8.26972E-12  1.65166E-12
  4.000E+00  1.21797E-03  4.96562E-09  1.01371E-09  8.14732E-12  1.66568E-12
  4.100E+00  1.27961E-03  4.77161E-09  9.96632E-10  8.02653E-12  1.67874E-12
  4.200E+00  1.34276E-03  4.58788E-09  9.79837E-10  7.90752E-12  1.69089E-12
  4.300E+00  1.40743E-03  4.41381E-09  9.63330E-10  7.79042E-12  1.70217E-12
  4.400E+00  1.47362E-03  4.24881E-09  9.47113E-10  7.67537E-12  1.71262E-12
  4.500E+00  1.54133E-03  4.09232E-09  9.31189E-10  7.56247E-12  1.72229E-12
  4.600E+00  1.61056E-03  3.94383E-09  9.15558E-10  7.45179E-12  1.73120E-12
  4.700E+00  1.68131E-03  3.80286E-09  9.00222E-10  7.34339E-12  1.73940E-12
  4.800E+00  1.75357E-03  3.66894E-09  8.85180E-10  7.23727E-12  1.74692E-12
  4.900E+00  1.82735E-03  3.54163E-09  8.70430E-10  7.13341E-12  1.75379E-12
  5.000E+00  1.90265E-03  3.42052E-09  8.55971E-10  7.03180E-12  1.76005E-12
  5.100E+00  1.97947E-03  3.30523E-09  8.41802E-10  6.93237E-12  1.76573E-12
  5.200E+00  2.05780E-03  3.19539E-09  8.27918E-10  6.83508E-12  1.77086E-12
  5.300E+00  2.13765E-03  3.09067E-09  8.14317E-10  6.73987E-12  1.77546E-12
  5.400E+00  2.21902E-03  2.99078E-09  8.00995E-10  6.64670E-12  1.77956E-12
  5.500E+00  2.30190E-03  2.89542E-09  7.87949E-10  6.55554E-12  1.78319E-12
  5.600E+00  2.38630E-03  2.80435E-09  7.75175E-10  6.46636E-12  1.78638E-12
  5.700E+00  2.47222E-03  2.71732E-09  7.62668E-10  6.37914E-12  1.78914E-12
  5.800E+00  2.55965E-03  2.63412E-09  7.50423E-10  6.29386E-12  1.79150E-12
  5.900E+00  2.64859E-03  2.55454E-09  7.38437E-10  6.21049E-12  1.79347E-12
  6.000E+00  2.73905E-03  2.47840E-09  7.26705E-10  6.12901E-12  1.79509E-12
  6.100E+00  2.83103E-03  2.40549E-09  7.15221E-10  6.04939E-12  1.79636E-12
  6.200E+00  2.92452E-03  2.33566E-09  7.03981E-10  5.97157E-12  1.79731E-12
  6.300E+00  3.01952E-03  2.26874E-09  6.92980E-10  5.89550E-12  1.79796E-12
  6.400E+00  3.11604E-03  2.20456E-09  6.82213E-10  5.82112E-12  1.79831E-12
  6.500E+00  3.21407E-03  2.14297E-09  6.71675E-10  5.74837E-12  1.79839E-12
  6.600E+00  3.31362E-03  2.08385E-09  6.61361E-10  5.67719E-12  1.79820E-12
  6.700E+00  3.41468E-03  2.02706E-09  6.51266E-10  5.60753E-12  1.79778E-12
  6.800E+00  3.51725E-03  1.97247E-09  6.41385E-10  5.53935E-12  1.79712E-12
  6.900E+00  3.62133E-03  1.91998E-09  6.31714E-10  5.47260E-12  1.79624E-12
  7.000E+00  3.72692E-03  1.86949E-09  6.22248E-10  5.40725E-12  1.79515E-12
  7.100E+00  3.83403E-03  1.82090E-09  6.12981E-10  5.34327E-12  1.79386E-12
  7.200E+00  3.94265E-03  1.77413E-09  6.03910E-10  5.28065E-12  1.79239E-12
  7.300E+00  4.05278E-03  1.72908E-09  5.95029E-10  5.21935E-12  1.79074E-12
  7.400E+00  4.16442E-03  1.68568E-09  5.86334E-10  5.15935E-12  1.78893E-12
  7.500E+00  4.27757E-03  1.64385E-09  5.77821E-10  5.10061E-12  1.78695E-12
  7.600E+00  4.39223E-03  1.60353E-09  5.69486E-10  5.04310E-12  1.78483E-12
  7.700E+00  4.50840E-03  1.56463E-09  5.61323E-10  4.98677E-12  1.78257E-12
  7.800E+00  4.62608E-03  1.52709E-09  5.53329E-10  4.93159E-12  1.78018E-12
  7.900E+00  4.74527E-03  1.49086E-09  5.45500E-10  4.87750E-12  1.77766E-12
  8.000E+00  4.86597E-03  1.45585E-09  5.37832E-10  4.82448E-12  1.77503E-12
  8.100E+00  4.98817E-03  1.42203E-09  5.30320E-10  4.77249E-12  1.77228E-12
  8.200E+00  5.11188E-03  1.38934E-09  5.22961E-10  4.72149E-12  1.76943E-12
  8.300E+00  5.23711E-03  1.35772E-09  5.15752E-10  4.67146E-12  1.76648E-12
  8.400E+00  5.36383E-03  1.32714E-09  5.08688E-10  4.62239E-12  1.76344E-12
  8.500E+00  5.49207E-03  1.29755E-09  5.01766E-10  4.57425E-12  1.76031E-12
  8.600E+00  5.62181E-03  1.26891E-09  4.94982E-10  4.52703E-12  1.75710E-12
  8.700E+00  5.75306E-03  1.24118E-09  4.88333E-10  4.48071E-12  1.75381E-12
  8.800E+00  5.88581E-03  1.21433E-09  4.81816E-10  4.43527E-12  1.75045E-12
  8.900E+00  6.02007E-03  1.18832E-09  4.75428E-10  4.39069E-12  1.74702E-12
  9.000E+00  6.15583E-03  1.16312E-09  4.69165E-10  4.34694E-12  1.74353E-12
  9.100E+00  6.29310E-03  1.13869E-09  4.63024E-10  4.30400E-12  1.73997E-12
  9.200E+00  6.43187E-03  1.11500E-09  4.57002E-10  4.26183E-12  1.73636E-12
  9.300E+00  6.57214E-03  1.09202E-09  4.51097E-10  4.22040E-12  1.73270E-12
  9.400E+00  6.71392E-03  1.06973E-09  4.45306E-10  4.17971E-12  1.72898E-12
  9.500E+00  6.85720E-03  1.04808E-09  4.39625E-10  4.13972E-12  1.72522E-12
  9.600E+00  7.00198E-03  1.02707E-09  4.34052E-10  4.10041E-12  1.72142E-12
  9.700E+00  7.14827E-03  1.00666E-09  4.28585E-10  4.06178E-12  1.71758E-12
  9.800E+00  7.29605E-03  9.86837E-10  4.23221E-10  4.02380E-12  1.71370E-12
  9.900E+00  7.44534E-03  9.67574E-10  4.17957E-10  3.98648E-12  1.70978E-12
  1.000E+01  7.59612E-03  9.48853E-10  4.12792E-10  3.94979E-12  1.70584E-12
  1.025E+01  7.97965E-03  9.04300E-10  4.00291E-10  3.86079E-12  1.69584E-12
  1.050E+01  8.37255E-03  8.62734E-10  3.88355E-10  3.77546E-12  1.68570E-12
  1.075E+01  8.77480E-03  8.23890E-10  3.76950E-10  3.69353E-12  1.67543E-12
  1.100E+01  9.18641E-03  7.87529E-10  3.66045E-10  3.61475E-12  1.66507E-12
  1.125E+01  9.60736E-03  7.53443E-10  3.55613E-10  3.53898E-12  1.65463E-12
  1.150E+01  1.00376E-02  7.21457E-10  3.45626E-10  3.46609E-12  1.64415E-12
  1.175E+01  1.04773E-02  6.91409E-10  3.36061E-10  3.39595E-12  1.63363E-12
  1.200E+01  1.09262E-02  6.63145E-10  3.26894E-10  3.32838E-12  1.62309E-12
  1.225E+01  1.13844E-02  6.36523E-10  3.18104E-10  3.26319E-12  1.61255E-12
  1.250E+01  1.18520E-02  6.11415E-10  3.09669E-10  3.20026E-12  1.60201E-12
  1.275E+01  1.23288E-02  5.87713E-10  3.01572E-10  3.13951E-12  1.59150E-12
  1.300E+01  1.28150E-02  5.65319E-10  2.93794E-10  3.08087E-12  1.58102E-12
  1.325E+01  1.33104E-02  5.44143E-10  2.86320E-10  3.02422E-12  1.57058E-12
  1.350E+01  1.38150E-02  5.24094E-10  2.79133E-10  2.96941E-12  1.56018E-12
  1.375E+01  1.43290E-02  5.05092E-10  2.72219E-10  2.91634E-12  1.54983E-12
  1.400E+01  1.48521E-02  4.87066E-10  2.65564E-10  2.86496E-12  1.53955E-12
  1.425E+01  1.53845E-02  4.69953E-10  2.59156E-10  2.81523E-12  1.52932E-12
  1.450E+01  1.59262E-02  4.53697E-10  2.52982E-10  2.76706E-12  1.51917E-12
  1.475E+01  1.64770E-02  4.38241E-10  2.47031E-10  2.72035E-12  1.50908E-12
  1.500E+01  1.70371E-02  4.23531E-10  2.41292E-10  2.67502E-12  1.49907E-12
  1.525E+01  1.76063E-02  4.09521E-10  2.35756E-10  2.63102E-12  1.48914E-12
  1.550E+01  1.81848E-02  3.96166E-10  2.30413E-10  2.58832E-12  1.47929E-12
  1.575E+01  1.87724E-02  3.83431E-10  2.25253E-10  2.54688E-12  1.46952E-12
  1.600E+01  1.93692E-02  3.71279E-10  2.20270E-10  2.50662E-12  1.45983E-12
  1.625E+01  1.99751E-02  3.59673E-10  2.15453E-10  2.46747E-12  1.45023E-12
  1.650E+01  2.05901E-02  3.48581E-10  2.10797E-10  2.42939E-12  1.44071E-12
  1.675E+01  2.12143E-02  3.37972E-10  2.06294E-10  2.39235E-12  1.43128E-12
  1.700E+01  2.18476E-02  3.27822E-10  2.01938E-10  2.35634E-12  1.42194E-12
  1.725E+01  2.24900E-02  3.18105E-10  1.97721E-10  2.32130E-12  1.41268E-12
  1.750E+01  2.31415E-02  3.08797E-10  1.93639E-10  2.28716E-12  1.40352E-12
  1.775E+01  2.38021E-02  2.99875E-10  1.89685E-10  2.25389E-12  1.39444E-12
  1.800E+01  2.44717E-02  2.91318E-10  1.85853E-10  2.22148E-12  1.38545E-12
  1.825E+01  2.51504E-02  2.83106E-10  1.82140E-10  2.18991E-12  1.37655E-12
  1.850E+01  2.58382E-02  2.75223E-10  1.78540E-10  2.15914E-12  1.36774E-12
  1.875E+01  2.65349E-02  2.67652E-10  1.75049E-10  2.12914E-12  1.35901E-12
  1.900E+01  2.72407E-02  2.60377E-10  1.71661E-10  2.09984E-12  1.35038E-12
  1.925E+01  2.79555E-02  2.53382E-10  1.68374E-10  2.07125E-12  1.34183E-12
  1.950E+01  2.86793E-02  2.46652E-10  1.65183E-10  2.04336E-12  1.33336E-12
  1.975E+01  2.94120E-02  2.40175E-10  1.62084E-10  2.01615E-12  1.32498E-12
  2.000E+01  3.01537E-02  2.33941E-10  1.59074E-10  1.98958E-12  1.31669E-12
  2.025E+01  3.09043E-02  2.27936E-10  1.56149E-10  1.96360E-12  1.30848E-12
  2.050E+01  3.16639E-02  2.22150E-10  1.53307E-10  1.93821E-12  1.30036E-12
  2.075E+01  3.24324E-02  2.16571E-10  1.50543E-10  1.91340E-12  1.29232E-12
  2.100E+01  3.32098E-02  2.11191E-10  1.47856E-10  1.88917E-12  1.28436E-12
  2.125E+01  3.39961E-02  2.06000E-10  1.45242E-10  1.86549E-12  1.27649E-12
  2.150E+01  3.47912E-02  2.00991E-10  1.42699E-10  1.84232E-12  1.26869E-12
  2.175E+01  3.55952E-02  1.96155E-10  1.40224E-10  1.81962E-12  1.26098E-12
  2.200E+01  3.64081E-02  1.91484E-10  1.37815E-10  1.79742E-12  1.25334E-12
  2.225E+01  3.72297E-02  1.86970E-10  1.35469E-10  1.77571E-12  1.24578E-12
  2.250E+01  3.80602E-02  1.82607E-10  1.33184E-10  1.75449E-12  1.23830E-12
  2.275E+01  3.88995E-02  1.78388E-10  1.30958E-10  1.73370E-12  1.23089E-12
  2.300E+01  3.97476E-02  1.74309E-10  1.28790E-10  1.71331E-12  1.22357E-12
  2.325E+01  4.06044E-02  1.70361E-10  1.26676E-10  1.69333E-12  1.21631E-12
  2.350E+01  4.14700E-02  1.66541E-10  1.24616E-10  1.67377E-12  1.20913E-12
  2.375E+01  4.23443E-02  1.62841E-10  1.22607E-10  1.65465E-12  1.20202E-12
  2.400E+01  4.32273E-02  1.59258E-10  1.20647E-10  1.63591E-12  1.19499E-12
  2.425E+01  4.41190E-02  1.55788E-10  1.18736E-10  1.61751E-12  1.18802E-12
  2.450E+01  4.50194E-02  1.52425E-10  1.16871E-10  1.59945E-12  1.18112E-12
  2.475E+01  4.59284E-02  1.49165E-10  1.15052E-10  1.58174E-12  1.17430E-12
  2.500E+01  4.68461E-02  1.46004E-10  1.13276E-10  1.56440E-12  1.16754E-12
  2.550E+01  4.87074E-02  1.39963E-10  1.09848E-10  1.53076E-12  1.15422E-12
  2.600E+01  5.06030E-02  1.34275E-10  1.06579E-10  1.49826E-12  1.14117E-12
  2.650E+01  5.25328E-02  1.28912E-10  1.03459E-10  1.46702E-12  1.12837E-12
  2.700E+01  5.44967E-02  1.23851E-10  1.00478E-10  1.43693E-12  1.11582E-12
  2.750E+01  5.64946E-02  1.19070E-10  9.76288E-11  1.40780E-12  1.10352E-12
  2.800E+01  5.85262E-02  1.14549E-10  9.49031E-11  1.37980E-12  1.09144E-12
  2.850E+01  6.05914E-02  1.10271E-10  9.22940E-11  1.35273E-12  1.07960E-12
  2.900E+01  6.26901E-02  1.06219E-10  8.97948E-11  1.32648E-12  1.06798E-12
  2.950E+01  6.48222E-02  1.02376E-10  8.73996E-11  1.30126E-12  1.05657E-12
  3.000E+01  6.69873E-02  9.87308E-11  8.51025E-11  1.27677E-12  1.04538E-12
  3.050E+01  6.91854E-02  9.52689E-11  8.28983E-11  1.25303E-12  1.03439E-12
  3.100E+01  7.14163E-02  9.19783E-11  8.07819E-11  1.23019E-12  1.02360E-12
  3.150E+01  7.36799E-02  8.88489E-11  7.87487E-11  1.20792E-12  1.01300E-12
  3.200E+01  7.59760E-02  8.58704E-11  7.67944E-11  1.18637E-12  1.00259E-12
  3.250E+01  7.83043E-02  8.30330E-11  7.49150E-11  1.16559E-12  9.92370E-13
  3.300E+01  8.06647E-02  8.03289E-11  7.31067E-11  1.14527E-12  9.82324E-13
  3.350E+01  8.30571E-02  7.77498E-11  7.13658E-11  1.12563E-12  9.72451E-13
  3.400E+01  8.54812E-02  7.52879E-11  6.96891E-11  1.10663E-12  9.62748E-13
  3.450E+01  8.79369E-02  7.29370E-11  6.80734E-11  1.08801E-12  9.53209E-13
  3.500E+01  9.04240E-02  7.06905E-11  6.65158E-11  1.07006E-12  9.43830E-13
  3.550E+01  9.29422E-02  6.85420E-11  6.50135E-11  1.05261E-12  9.34607E-13
  3.600E+01  9.54915E-02  6.64868E-11  6.35640E-11  1.03551E-12  9.25536E-13
  3.650E+01  9.80716E-02  6.45193E-11  6.21647E-11  1.01903E-12  9.16613E-13
  3.700E+01  1.00682E-01  6.26345E-11  6.08134E-11  1.00295E-12  9.07834E-13
  3.750E+01  1.03323E-01  6.08285E-11  5.95079E-11  9.87199E-13  8.99195E-13
  3.800E+01  1.05995E-01  5.90967E-11  5.82461E-11  9.72016E-13  8.90693E-13
  3.850E+01  1.08696E-01  5.74351E-11  5.70261E-11  9.57145E-13  8.82324E-13
  3.900E+01  1.11427E-01  5.58405E-11  5.58460E-11  9.42604E-13  8.74085E-13
  3.950E+01  1.14188E-01  5.43091E-11  5.47042E-11  9.28564E-13  8.65973E-13
  4.000E+01  1.16978E-01  5.28376E-11  5.35990E-11  9.14772E-13  8.57984E-13
  4.050E+01  1.19797E-01  5.14234E-11  5.25288E-11  9.01315E-13  8.50115E-13
  4.100E+01  1.22645E-01  5.00633E-11  5.14922E-11  8.88287E-13  8.42363E-13
  4.150E+01  1.25522E-01  4.87547E-11  5.04877E-11  8.75465E-13  8.34726E-13
  4.200E+01  1.28428E-01  4.74954E-11  4.95141E-11  8.62979E-13  8.27201E-13
  4.250E+01  1.31361E-01  4.62826E-11  4.85701E-11  8.50850E-13  8.19784E-13
  4.300E+01  1.34323E-01  4.51143E-11  4.76545E-11  8.38906E-13  8.12474E-13
  4.350E+01  1.37313E-01  4.39886E-11  4.67662E-11  8.27291E-13  8.05268E-13
  4.400E+01  1.40330E-01  4.29031E-11  4.59041E-11  8.15965E-13  7.98162E-13
  4.450E+01  1.43375E-01  4.18562E-11  4.50671E-11  8.04819E-13  7.91156E-13
  4.500E+01  1.46447E-01  4.08463E-11  4.42544E-11  7.93984E-13  7.84246E-13
  4.550E+01  1.49545E-01  3.98714E-11  4.34649E-11  7.83381E-13  7.77431E-13
  4.600E+01  1.52671E-01  3.89301E-11  4.26979E-11  7.72961E-13  7.70707E-13
  4.650E+01  1.55823E-01  3.80210E-11  4.19524E-11  7.62825E-13  7.64073E-13
  4.700E+01  1.59001E-01  3.71425E-11  4.12276E-11  7.52879E-13  7.57528E-13
  4.750E+01  1.62205E-01  3.62934E-11  4.05229E-11  7.43121E-13  7.51068E-13
  4.800E+01  1.65435E-01  3.54725E-11  3.98374E-11  7.33613E-13  7.44692E-13
  4.850E+01  1.68690E-01  3.46784E-11  3.91704E-11  7.24266E-13  7.38398E-13
  4.900E+01  1.71970E-01  3.39102E-11  3.85214E-11  7.15109E-13  7.32184E-13
  4.950E+01  1.75276E-01  3.31667E-11  3.78897E-11  7.06167E-13  7.26049E-13
  5.000E+01  1.78606E-01  3.24469E-11  3.72746E-11  6.97370E-13  7.19991E-13
  5.050E+01  1.81961E-01  3.17498E-11  3.66756E-11  6.88760E-13  7.14007E-13
  5.100E+01  1.85340E-01  3.10746E-11  3.60921E-11  6.80333E-13  7.08097E-13
  5.150E+01  1.88743E-01  3.04203E-11  3.55236E-11  6.72042E-13  7.02259E-13
  5.200E+01  1.92169E-01  2.97862E-11  3.49696E-11  6.63928E-13  6.96491E-13
  5.250E+01  1.95619E-01  2.91713E-11  3.44296E-11  6.55970E-13  6.90791E-13
  5.300E+01  1.99092E-01  2.85750E-11  3.39031E-11  6.48144E-13  6.85159E-13
  5.350E+01  2.02589E-01  2.79966E-11  3.33897E-11  6.40482E-13  6.79593E-13
  5.400E+01  2.06107E-01  2.74354E-11  3.28890E-11  6.32954E-13  6.74091E-13
  5.450E+01  2.09649E-01  2.68906E-11  3.24005E-11  6.25556E-13  6.68653E-13
  5.500E+01  2.13212E-01  2.63618E-11  3.19239E-11  6.18306E-13  6.63276E-13
  5.550E+01  2.16797E-01  2.58482E-11  3.14587E-11  6.11176E-13  6.57960E-13
  5.600E+01  2.20404E-01  2.53494E-11  3.10047E-11  6.04172E-13  6.52703E-13
  5.650E+01  2.24032E-01  2.48648E-11  3.05614E-11  5.97299E-13  6.47504E-13
  5.700E+01  2.27680E-01  2.43939E-11  3.01285E-11  5.90535E-13  6.42362E-13
  5.750E+01  2.31350E-01  2.39362E-11  2.97058E-11  5.83892E-13  6.37276E-13
  5.800E+01  2.35040E-01  2.34911E-11  2.92928E-11  5.77366E-13  6.32245E-13
  5.850E+01  2.38751E-01  2.30584E-11  2.88893E-11  5.70942E-13  6.27267E-13
  5.900E+01  2.42481E-01  2.26374E-11  2.84950E-11  5.64632E-13  6.22342E-13
  5.950E+01  2.46231E-01  2.22279E-11  2.81097E-11  5.58426E-13  6.17469E-13
  6.000E+01  2.50000E-01  2.18294E-11  2.77330E-11  5.52317E-13  6.12645E-13
  6.050E+01  2.53788E-01  2.14416E-11  2.73647E-11  5.46312E-13  6.07872E-13
  6.100E+01  2.57595E-01  2.10640E-11  2.70046E-11  5.40402E-13  6.03147E-13
  6.150E+01  2.61421E-01  2.06964E-11  2.66525E-11  5.34585E-13  5.98469E-13
  6.200E+01  2.65264E-01  2.03384E-11  2.63080E-11  5.28864E-13  5.93839E-13
  6.250E+01  2.69126E-01  1.99896E-11  2.59710E-11  5.23229E-13  5.89254E-13
  6.300E+01  2.73005E-01  1.96498E-11  2.56412E-11  5.17681E-13  5.84714E-13
  6.350E+01  2.76901E-01  1.93187E-11  2.53186E-11  5.12222E-13  5.80218E-13
  6.400E+01  2.80814E-01  1.89960E-11  2.50027E-11  5.06843E-13  5.75766E-13
  6.450E+01  2.84744E-01  1.86815E-11  2.46936E-11  5.01546E-13  5.71356E-13
  6.500E+01  2.88691E-01  1.83747E-11  2.43909E-11  4.96330E-13  5.66988E-13
  6.550E+01  2.92653E-01  1.80756E-11  2.40946E-11  4.91189E-13  5.62661E-13
  6.600E+01  2.96632E-01  1.77839E-11  2.38044E-11  4.86125E-13  5.58374E-13
  6.650E+01  3.00625E-01  1.74993E-11  2.35201E-11  4.81135E-13  5.54126E-13
  6.700E+01  3.04634E-01  1.72217E-11  2.32417E-11  4.76215E-13  5.49918E-13
  6.750E+01  3.08658E-01  1.69507E-11  2.29689E-11  4.71368E-13  5.45747E-13
  6.800E+01  3.12697E-01  1.66862E-11  2.27017E-11  4.66589E-13  5.41614E-13
  6.850E+01  3.16749E-01  1.64281E-11  2.24398E-11  4.61876E-13  5.37518E-13
  6.900E+01  3.20816E-01  1.61760E-11  2.21831E-11  4.57231E-13  5.33457E-13
  6.950E+01  3.24896E-01  1.59299E-11  2.19315E-11  4.52648E-13  5.29432E-13
  7.000E+01  3.28990E-01  1.56895E-11  2.16849E-11  4.48129E-13  5.25442E-13
  7.050E+01  3.33097E-01  1.54547E-11  2.14430E-11  4.43671E-13  5.21487E-13
  7.100E+01  3.37216E-01  1.52254E-11  2.12059E-11  4.39273E-13  5.17565E-13
  7.150E+01  3.41348E-01  1.50012E-11  2.09734E-11  4.34934E-13  5.13676E-13
  7.200E+01  3.45492E-01  1.47822E-11  2.07454E-11  4.30653E-13  5.09819E-13
  7.250E+01  3.49647E-01  1.45682E-11  2.05217E-11  4.26427E-13  5.05995E-13
  7.300E+01  3.53814E-01  1.43589E-11  2.03023E-11  4.22256E-13  5.02202E-13
  7.350E+01  3.57992E-01  1.41543E-11  2.00870E-11  4.18140E-13  4.98439E-13
  7.400E+01  3.62181E-01  1.39543E-11  1.98758E-11  4.14075E-13  4.94707E-13
  7.450E+01  3.66381E-01  1.37587E-11  1.96685E-11  4.10063E-13  4.91005E-13
  7.500E+01  3.70590E-01  1.35674E-11  1.94651E-11  4.06101E-13  4.87333E-13
  7.550E+01  3.74810E-01  1.33802E-11  1.92655E-11  4.02188E-13  4.83689E-13
  7.600E+01  3.79039E-01  1.31972E-11  1.90695E-11  3.98324E-13  4.80074E-13
  7.650E+01  3.83277E-01  1.30180E-11  1.88771E-11  3.94507E-13  4.76486E-13
  7.700E+01  3.87524E-01  1.28427E-11  1.86882E-11  3.90736E-13  4.72926E-13
  7.750E+01  3.91780E-01  1.26712E-11  1.85028E-11  3.87011E-13  4.69393E-13
  7.800E+01  3.96044E-01  1.25033E-11  1.83206E-11  3.83330E-13  4.65887E-13
  7.850E+01  4.00316E-01  1.23389E-11  1.81418E-11  3.79694E-13  4.62407E-13
  7.900E+01  4.04596E-01  1.21780E-11  1.79661E-11  3.76099E-13  4.58952E-13
  7.950E+01  4.08882E-01  1.20204E-11  1.77936E-11  3.72547E-13  4.55523E-13
  8.000E+01  4.13176E-01  1.18661E-11  1.76241E-11  3.69036E-13  4.52119E-13
  8.050E+01  4.17476E-01  1.17149E-11  1.74575E-11  3.65564E-13  4.48739E-13
  8.100E+01  4.21783E-01  1.15669E-11  1.72939E-11  3.62132E-13  4.45384E-13
  8.150E+01  4.26095E-01  1.14219E-11  1.71332E-11  3.58740E-13  4.42052E-13
  8.200E+01  4.30413E-01  1.12798E-11  1.69752E-11  3.55384E-13  4.38744E-13
  8.250E+01  4.34737E-01  1.11406E-11  1.68199E-11  3.52066E-13  4.35459E-13
  8.300E+01  4.39065E-01  1.10042E-11  1.66673E-11  3.48785E-13  4.32196E-13
  8.350E+01  4.43398E-01  1.08706E-11  1.65174E-11  3.45539E-13  4.28956E-13
  8.400E+01  4.47736E-01  1.07395E-11  1.63699E-11  3.42329E-13  4.25738E-13
  8.450E+01  4.52077E-01  1.06111E-11  1.62250E-11  3.39152E-13  4.22541E-13
  8.500E+01  4.56422E-01  1.04852E-11  1.60825E-11  3.36010E-13  4.19366E-13
  8.550E+01  4.60770E-01  1.03618E-11  1.59424E-11  3.32901E-13  4.16211E-13
  8.600E+01  4.65122E-01  1.02407E-11  1.58046E-11  3.29824E-13  4.13078E-13
  8.650E+01  4.69476E-01  1.01221E-11  1.56692E-11  3.26779E-13  4.09965E-13
  8.700E+01  4.73832E-01  1.00057E-11  1.55359E-11  3.23765E-13  4.06871E-13
  8.750E+01  4.78190E-01  9.89151E-12  1.54049E-11  3.20782E-13  4.03798E-13
  8.800E+01  4.82550E-01  9.77953E-12  1.52760E-11  3.17829E-13  4.00744E-13
  8.850E+01  4.86912E-01  9.66969E-12  1.51493E-11  3.14906E-13  3.97709E-13
  8.900E+01  4.91274E-01  9.56193E-12  1.50246E-11  3.12012E-13  3.94693E-13
  8.950E+01  4.95637E-01  9.45620E-12  1.49019E-11  3.09146E-13  3.91696E-13
  9.000E+01  5.00000E-01  9.35245E-12  1.47812E-11  3.06309E-13  3.88717E-13
  9.050E+01  5.04363E-01  9.25065E-12  1.46624E-11  3.03499E-13  3.85756E-13
  9.100E+01  5.08726E-01  9.15073E-12  1.45456E-11  3.00716E-13  3.82813E-13
  9.150E+01  5.13088E-01  9.05267E-12  1.44306E-11  2.97960E-13  3.79887E-13
  9.200E+01  5.17450E-01  8.95642E-12  1.43175E-11  2.95229E-13  3.76979E-13
  9.250E+01  5.21810E-01  8.86194E-12  1.42061E-11  2.92524E-13  3.74088E-13
  9.300E+01  5.26168E-01  8.76919E-12  1.40966E-11  2.89845E-13  3.71213E-13
  9.350E+01  5.30524E-01  8.67812E-12  1.39887E-11  2.87190E-13  3.68355E-13
  9.400E+01  5.34878E-01  8.58871E-12  1.38825E-11  2.84559E-13  3.65514E-13
  9.450E+01  5.39230E-01  8.50091E-12  1.37780E-11  2.81952E-13  3.62688E-13
  9.500E+01  5.43578E-01  8.41469E-12  1.36752E-11  2.79369E-13  3.59878E-13
  9.550E+01  5.47923E-01  8.33002E-12  1.35739E-11  2.76809E-13  3.57084E-13
  9.600E+01  5.52264E-01  8.24686E-12  1.34742E-11  2.74271E-13  3.54305E-13
  9.650E+01  5.56602E-01  8.16518E-12  1.33761E-11  2.71756E-13  3.51542E-13
  9.700E+01  5.60935E-01  8.08495E-12  1.32794E-11  2.69263E-13  3.48793E-13
  9.750E+01  5.65263E-01  8.00613E-12  1.31842E-11  2.66790E-13  3.46060E-13
  9.800E+01  5.69587E-01  7.92870E-12  1.30905E-11  2.64339E-13  3.43340E-13
  9.850E+01  5.73905E-01  7.85263E-12  1.29983E-11  2.61910E-13  3.40635E-13
  9.900E+01  5.78217E-01  7.77789E-12  1.29074E-11  2.59499E-13  3.37944E-13
  9.950E+01  5.82524E-01  7.70445E-12  1.28179E-11  2.57110E-13  3.35268E-13
  1.000E+02  5.86824E-01  7.63228E-12  1.27298E-11  2.54741E-13  3.32604E-13
  1.005E+02  5.91118E-01  7.56136E-12  1.26430E-11  2.52390E-13  3.29955E-13
  1.010E+02  5.95404E-01  7.49166E-12  1.25575E-11  2.50059E-13  3.27319E-13
  1.015E+02  5.99684E-01  7.42315E-12  1.24733E-11  2.47746E-13  3.24696E-13
  1.020E+02  6.03956E-01  7.35582E-12  1.23903E-11  2.45452E-13  3.22086E-13
  1.025E+02  6.08220E-01  7.28964E-12  1.23086E-11  2.43177E-13  3.19488E-13
  1.030E+02  6.12476E-01  7.22459E-12  1.22281E-11  2.40918E-13  3.16904E-13
  1.035E+02  6.16723E-01  7.16064E-12  1.21488E-11  2.38677E-13  3.14332E-13
  1.040E+02  6.20961E-01  7.09776E-12  1.20707E-11  2.36455E-13  3.11772E-13
  1.045E+02  6.25190E-01  7.03595E-12  1.19938E-11  2.34249E-13  3.09224E-13
  1.050E+02  6.29410E-01  6.97518E-12  1.19179E-11  2.32059E-13  3.06688E-13
  1.055E+02  6.33619E-01  6.91543E-12  1.18432E-11  2.29887E-13  3.04165E-13
  1.060E+02  6.37819E-01  6.85667E-12  1.17696E-11  2.27729E-13  3.01652E-13
  1.065E+02  6.42008E-01  6.79890E-12  1.16971E-11  2.25589E-13  2.99151E-13
  1.070E+02  6.46186E-01  6.74208E-12  1.16257E-11  2.23464E-13  2.96662E-13
  1.075E+02  6.50353E-01  6.68621E-12  1.15552E-11  2.21354E-13  2.94183E-13
  1.080E+02  6.54508E-01  6.63126E-12  1.14859E-11  2.19259E-13  2.91716E-13
  1.085E+02  6.58652E-01  6.57722E-12  1.14175E-11  2.17181E-13  2.89260E-13
  1.090E+02  6.62784E-01  6.52407E-12  1.13501E-11  2.15115E-13  2.86814E-13
  1.095E+02  6.66903E-01  6.47179E-12  1.12837E-11  2.13065E-13  2.84379E-13
  1.100E+02  6.71010E-01  6.42037E-12  1.12183E-11  2.11029E-13  2.81954E-13
  1.105E+02  6.75104E-01  6.36979E-12  1.11538E-11  2.09006E-13  2.79539E-13
  1.110E+02  6.79184E-01  6.32004E-12  1.10903E-11  2.06998E-13  2.77135E-13
  1.115E+02  6.83251E-01  6.27109E-12  1.10277E-11  2.05003E-13  2.74741E-13
  1.120E+02  6.87303E-01  6.22294E-12  1.09660E-11  2.03021E-13  2.72356E-13
  1.125E+02  6.91342E-01  6.17558E-12  1.09051E-11  2.01054E-13  2.69982E-13
  1.130E+02  6.95366E-01  6.12898E-12  1.08452E-11  1.99098E-13  2.67617E-13
  1.135E+02  6.99375E-01  6.08313E-12  1.07861E-11  1.97155E-13  2.65261E-13
  1.140E+02  7.03368E-01  6.03803E-12  1.07279E-11  1.95226E-13  2.62915E-13
  1.145E+02  7.07347E-01  5.99364E-12  1.06705E-11  1.93308E-13  2.60578E-13
  1.150E+02  7.11309E-01  5.94998E-12  1.06139E-11  1.91402E-13  2.58250E-13
  1.155E+02  7.15256E-01  5.90702E-12  1.05582E-11  1.89509E-13  2.55931E-13
  1.160E+02  7.19186E-01  5.86474E-12  1.05032E-11  1.87626E-13  2.53621E-13
  1.165E+02  7.23099E-01  5.82315E-12  1.04491E-11  1.85756E-13  2.51319E-13
  1.170E+02  7.26995E-01  5.78222E-12  1.03957E-11  1.83898E-13  2.49026E-13
  1.175E+02  7.30874E-01  5.74194E-12  1.03431E-11  1.82049E-13  2.46742E-13
  1.180E+02  7.34736E-01  5.70231E-12  1.02912E-11  1.80213E-13  2.44466E-13
  1.185E+02  7.38579E-01  5.66332E-12  1.02401E-11  1.78388E-13  2.42199E-13
  1.190E+02  7.42405E-01  5.62494E-12  1.01898E-11  1.76572E-13  2.39939E-13
  1.195E+02  7.46212E-01  5.58717E-12  1.01401E-11  1.74768E-13  2.37688E-13
  1.200E+02  7.50000E-01  5.55001E-12  1.00912E-11  1.72974E-13  2.35444E-13
  1.205E+02  7.53769E-01  5.51344E-12  1.00429E-11  1.71190E-13  2.33209E-13
  1.210E+02  7.57519E-01  5.47745E-12  9.99540E-12  1.69417E-13  2.30981E-13
  1.215E+02  7.61249E-01  5.44203E-12  9.94855E-12  1.67653E-13  2.28761E-13
  1.220E+02  7.64960E-01  5.40718E-12  9.90237E-12  1.65898E-13  2.26548E-13
  1.225E+02  7.68650E-01  5.37288E-12  9.85686E-12  1.64154E-13  2.24343E-13
  1.230E+02  7.72320E-01  5.33913E-12  9.81201E-12  1.62419E-13  2.22145E-13
  1.235E+02  7.75968E-01  5.30591E-12  9.76781E-12  1.60693E-13  2.19954E-13
  1.240E+02  7.79596E-01  5.27322E-12  9.72424E-12  1.58977E-13  2.17770E-13
  1.245E+02  7.83203E-01  5.24106E-12  9.68131E-12  1.57269E-13  2.15593E-13
  1.250E+02  7.86788E-01  5.20940E-12  9.63900E-12  1.55571E-13  2.13424E-13
  1.255E+02  7.90351E-01  5.17825E-12  9.59731E-12  1.53881E-13  2.11261E-13
  1.260E+02  7.93893E-01  5.14759E-12  9.55622E-12  1.52200E-13  2.09105E-13
  1.265E+02  7.97411E-01  5.11743E-12  9.51573E-12  1.50527E-13  2.06955E-13
  1.270E+02  8.00908E-01  5.08774E-12  9.47584E-12  1.48863E-13  2.04812E-13
  1.275E+02  8.04381E-01  5.05853E-12  9.43653E-12  1.47207E-13  2.02675E-13
  1.280E+02  8.07831E-01  5.02979E-12  9.39779E-12  1.45559E-13  2.00545E-13
  1.285E+02  8.11257E-01  5.00150E-12  9.35963E-12  1.43918E-13  1.98421E-13
  1.290E+02  8.14660E-01  4.97367E-12  9.32203E-12  1.42286E-13  1.96304E-13
  1.295E+02  8.18039E-01  4.94629E-12  9.28498E-12  1.40662E-13  1.94192E-13
  1.300E+02  8.21394E-01  4.91935E-12  9.24849E-12  1.39045E-13  1.92086E-13
  1.305E+02  8.24724E-01  4.89284E-12  9.21253E-12  1.37435E-13  1.89987E-13
  1.310E+02  8.28030E-01  4.86676E-12  9.17711E-12  1.35833E-13  1.87893E-13
  1.315E+02  8.31310E-01  4.84110E-12  9.14223E-12  1.34238E-13  1.85805E-13
  1.320E+02  8.34565E-01  4.81586E-12  9.10786E-12  1.32650E-13  1.83722E-13
  1.325E+02  8.37795E-01  4.79102E-12  9.07401E-12  1.31070E-13  1.81645E-13
  1.330E+02  8.40999E-01  4.76659E-12  9.04068E-12  1.29496E-13  1.79574E-13
  1.335E+02  8.44177E-01  4.74256E-12  9.00784E-12  1.27929E-13  1.77508E-13
  1.340E+02  8.47329E-01  4.71893E-12  8.97551E-12  1.26369E-13  1.75448E-13
  1.345E+02  8.50455E-01  4.69568E-12  8.94368E-12  1.24815E-13  1.73392E-13
  1.350E+02  8.53553E-01  4.67281E-12  8.91233E-12  1.23267E-13  1.71342E-13
  1.355E+02  8.56625E-01  4.65032E-12  8.88146E-12  1.21727E-13  1.69297E-13
  1.360E+02  8.59670E-01  4.62821E-12  8.85107E-12  1.20192E-13  1.67257E-13
  1.365E+02  8.62687E-01  4.60646E-12  8.82116E-12  1.18663E-13  1.65223E-13
  1.370E+02  8.65677E-01  4.58508E-12  8.79171E-12  1.17141E-13  1.63193E-13
  1.375E+02  8.68639E-01  4.56405E-12  8.76272E-12  1.15624E-13  1.61167E-13
  1.380E+02  8.71572E-01  4.54338E-12  8.73420E-12  1.14114E-13  1.59147E-13
  1.385E+02  8.74478E-01  4.52305E-12  8.70612E-12  1.12609E-13  1.57131E-13
  1.390E+02  8.77355E-01  4.50308E-12  8.67849E-12  1.11110E-13  1.55120E-13
  1.395E+02  8.80203E-01  4.48344E-12  8.65131E-12  1.09616E-13  1.53113E-13
  1.400E+02  8.83022E-01  4.46414E-12  8.62456E-12  1.08128E-13  1.51111E-13
  1.405E+02  8.85812E-01  4.44517E-12  8.59825E-12  1.06645E-13  1.49113E-13
  1.410E+02  8.88573E-01  4.42653E-12  8.57237E-12  1.05168E-13  1.47120E-13
  1.415E+02  8.91304E-01  4.40822E-12  8.54692E-12  1.03696E-13  1.45131E-13
  1.420E+02  8.94005E-01  4.39022E-12  8.52189E-12  1.02228E-13  1.43146E-13
  1.425E+02  8.96677E-01  4.37254E-12  8.49727E-12  1.00766E-13  1.41165E-13
  1.430E+02  8.99318E-01  4.35518E-12  8.47307E-12  9.93091E-14  1.39188E-13
  1.435E+02  9.01928E-01  4.33813E-12  8.44928E-12  9.78569E-14  1.37215E-13
  1.440E+02  9.04508E-01  4.32138E-12  8.42590E-12  9.64094E-14  1.35246E-13
  1.445E+02  9.07058E-01  4.30493E-12  8.40292E-12  9.49665E-14  1.33281E-13
  1.450E+02  9.09576E-01  4.28879E-12  8.38033E-12  9.35283E-14  1.31319E-13
  1.455E+02  9.12063E-01  4.27294E-12  8.35814E-12  9.20945E-14  1.29362E-13
  1.460E+02  9.14519E-01  4.25738E-12  8.33635E-12  9.06653E-14  1.27408E-13
  1.465E+02  9.16943E-01  4.24211E-12  8.31494E-12  8.92404E-14  1.25458E-13
  1.470E+02  9.19335E-01  4.22713E-12  8.29391E-12  8.78197E-14  1.23511E-13
  1.475E+02  9.21696E-01  4.21243E-12  8.27327E-12  8.64032E-14  1.21567E-13
  1.480E+02  9.24024E-01  4.19802E-12  8.25300E-12  8.49909E-14  1.19628E-13
  1.485E+02  9.26320E-01  4.18388E-12  8.23311E-12  8.35826E-14  1.17691E-13
  1.490E+02  9.28584E-01  4.17002E-12  8.21360E-12  8.21783E-14  1.15758E-13
  1.495E+02  9.30815E-01  4.15643E-12  8.19445E-12  8.07778E-14  1.13828E-13
  1.500E+02  9.33013E-01  4.14311E-12  8.17567E-12  7.93811E-14  1.11901E-13
  1.505E+02  9.35178E-01  4.13005E-12  8.15725E-12  7.79882E-14  1.09977E-13
  1.510E+02  9.37310E-01  4.11726E-12  8.13919E-12  7.65990E-14  1.08056E-13
  1.515E+02  9.39409E-01  4.10474E-12  8.12148E-12  7.52133E-14  1.06138E-13
  1.520E+02  9.41474E-01  4.09247E-12  8.10414E-12  7.38312E-14  1.04223E-13
  1.525E+02  9.43505E-01  4.08046E-12  8.08714E-12  7.24524E-14  1.02312E-13
  1.530E+02  9.45503E-01  4.06870E-12  8.07050E-12  7.10771E-14  1.00402E-13
  1.535E+02  9.47467E-01  4.05720E-12  8.05420E-12  6.97050E-14  9.84960E-14
  1.540E+02  9.49397E-01  4.04595E-12  8.03825E-12  6.83361E-14  9.65923E-14
  1.545E+02  9.51293E-01  4.03495E-12  8.02264E-12  6.69705E-14  9.46913E-14
  1.550E+02  9.53154E-01  4.02419E-12  8.00737E-12  6.56079E-14  9.27928E-14
  1.555E+02  9.54981E-01  4.01368E-12  7.99243E-12  6.42483E-14  9.08969E-14
  1.560E+02  9.56773E-01  4.00341E-12  7.97784E-12  6.28917E-14  8.90034E-14
  1.565E+02  9.58530E-01  3.99338E-12  7.96357E-12  6.15380E-14  8.71124E-14
  1.570E+02  9.60252E-01  3.98359E-12  7.94964E-12  6.01870E-14  8.52237E-14
  1.575E+02  9.61940E-01  3.97403E-12  7.93604E-12  5.88389E-14  8.33373E-14
  1.580E+02  9.63592E-01  3.96471E-12  7.92276E-12  5.74933E-14  8.14532E-14
  1.585E+02  9.65209E-01  3.95563E-12  7.90981E-12  5.61504E-14  7.95713E-14
  1.590E+02  9.66790E-01  3.94677E-12  7.89718E-12  5.48101E-14  7.76916E-14
  1.595E+02  9.68336E-01  3.93815E-12  7.88487E-12  5.34722E-14  7.58139E-14
  1.600E+02  9.69846E-01  3.92975E-12  7.87289E-12  5.21368E-14  7.39383E-14
  1.605E+02  9.71321E-01  3.92158E-12  7.86122E-12  5.08037E-14  7.20647E-14
  1.610E+02  9.72759E-01  3.91364E-12  7.84986E-12  4.94729E-14  7.01930E-14
  1.615E+02  9.74162E-01  3.90591E-12  7.83883E-12  4.81444E-14  6.83231E-14
  1.620E+02  9.75528E-01  3.89841E-12  7.82810E-12  4.68180E-14  6.64552E-14
  1.625E+02  9.76858E-01  3.89114E-12  7.81769E-12  4.54936E-14  6.45889E-14
  1.630E+02  9.78152E-01  3.88408E-12  7.80758E-12  4.41714E-14  6.27245E-14
  1.635E+02  9.79410E-01  3.87724E-12  7.79779E-12  4.28511E-14  6.08617E-14
  1.640E+02  9.80631E-01  3.87061E-12  7.78830E-12  4.15326E-14  5.90005E-14
  1.645E+02  9.81815E-01  3.86421E-12  7.77912E-12  4.02162E-14  5.71409E-14
  1.650E+02  9.82963E-01  3.85801E-12  7.77024E-12  3.89014E-14  5.52828E-14
  1.655E+02  9.84074E-01  3.85203E-12  7.76166E-12  3.75884E-14  5.34261E-14
  1.660E+02  9.85148E-01  3.84627E-12  7.75339E-12  3.62772E-14  5.15709E-14
  1.665E+02  9.86185E-01  3.84071E-12  7.74542E-12  3.49673E-14  4.97171E-14
  1.670E+02  9.87185E-01  3.83537E-12  7.73774E-12  3.36592E-14  4.78646E-14
  1.675E+02  9.88148E-01  3.83023E-12  7.73037E-12  3.23526E-14  4.60133E-14
  1.680E+02  9.89074E-01  3.82531E-12  7.72329E-12  3.10471E-14  4.41633E-14
  1.685E+02  9.89962E-01  3.82059E-12  7.71651E-12  2.97434E-14  4.23144E-14
  1.690E+02  9.90814E-01  3.81608E-12  7.71003E-12  2.84409E-14  4.04667E-14
  1.695E+02  9.91627E-01  3.81177E-12  7.70384E-12  2.71393E-14  3.86200E-14
  1.700E+02  9.92404E-01  3.80767E-12  7.69794E-12  2.58395E-14  3.67744E-14
  1.705E+02  9.93143E-01  3.80378E-12  7.69234E-12  2.45405E-14  3.49297E-14
  1.710E+02  9.93844E-01  3.80008E-12  7.68702E-12  2.32424E-14  3.30859E-14
  1.715E+02  9.94508E-01  3.79660E-12  7.68200E-12  2.19459E-14  3.12430E-14
  1.720E+02  9.95134E-01  3.79331E-12  7.67727E-12  2.06497E-14  2.94009E-14
  1.725E+02  9.95722E-01  3.79023E-12  7.67283E-12  1.93546E-14  2.75596E-14
  1.730E+02  9.96273E-01  3.78734E-12  7.66868E-12  1.80610E-14  2.57191E-14
  1.735E+02  9.96786E-01  3.78466E-12  7.66482E-12  1.67671E-14  2.38792E-14
  1.740E+02  9.97261E-01  3.78218E-12  7.66125E-12  1.54746E-14  2.20399E-14
  1.745E+02  9.97698E-01  3.77990E-12  7.65796E-12  1.41831E-14  2.02012E-14
  1.750E+02  9.98097E-01  3.77782E-12  7.65496E-12  1.28911E-14  1.83631E-14
  1.755E+02  9.98459E-01  3.77594E-12  7.65225E-12  1.16006E-14  1.65254E-14
  1.760E+02  9.98782E-01  3.77425E-12  7.64983E-12  1.03109E-14  1.46881E-14
  1.765E+02  9.99067E-01  3.77277E-12  7.64769E-12  9.02016E-15  1.28513E-14
  1.770E+02  9.99315E-01  3.77149E-12  7.64583E-12  7.73137E-15  1.10148E-14
  1.775E+02  9.99524E-01  3.77040E-12  7.64427E-12  6.44266E-15  9.17852E-15
  1.780E+02  9.99695E-01  3.76951E-12  7.64298E-12  5.15267E-15  7.34253E-15
  1.785E+02  9.99829E-01  3.76882E-12  7.64199E-12  3.86525E-15  5.50673E-15
  1.790E+02  9.99924E-01  3.76832E-12  7.64127E-12  2.57704E-15  3.67107E-15
  1.795E+02  9.99981E-01  3.76803E-12  7.64085E-12  1.28659E-15  1.83551E-15
  1.800E+02  1.00000E+00  3.76793E-12  7.64071E-12  1.80333E-29  2.57584E-29
