 #  Scattering field.
 #  All quantities in atomic units (a.u.), unless otherwise indicated.
 #  Z =   6, NELEC =   6,   projectile: electron
 #  Kinetic energy = 9.18733E+02 a.u. = 2.50000E+04 eV
 #
 #  Muffin-tin radius = RAD(591) = 6.08492E+00 a.u.
 #  Zero-energy shift = -1.91331E-04 a.u. = -5.20638E-03 eV
 #  Effective kinetic energy = 9.18733E+02 a.u. = 2.50000E+04 eV
 #
 #   i       r           r*V         r*Vst        r*Vex       r*Vpol       r*Wabs        rho_e
 #------------------------------------------------------------------------------------------------
     1  0.00000E+00 -0.00000E+00 -0.00000E+00  0.00000E+00  0.00000E+00  0.00000E+00  4.86968E+07
     2  1.15865E-07 -1.76703E-02 -1.75548E-02 -1.15515E-04  0.00000E+00  0.00000E+00  4.86968E+07
     3  2.34630E-07 -3.56647E-02 -3.55488E-02 -1.15895E-04  0.00000E+00  0.00000E+00  2.40474E+07
     4  3.56368E-07 -5.41087E-02 -5.39927E-02 -1.16024E-04  0.00000E+00  0.00000E+00  1.58326E+07
     5  4.81151E-07 -7.30135E-02 -7.28975E-02 -1.16090E-04  0.00000E+00  0.00000E+00  1.17265E+07
     6  6.09057E-07 -9.23904E-02 -9.22743E-02 -1.16130E-04  0.00000E+00  0.00000E+00  9.26387E+06
     7  7.40163E-07 -1.12251E-01 -1.12135E-01 -1.16158E-04  0.00000E+00  0.00000E+00  7.62294E+06
     8  8.74550E-07 -1.32607E-01 -1.32491E-01 -1.16180E-04  0.00000E+00  0.00000E+00  6.45156E+06
     9  1.01230E-06 -1.53470E-01 -1.53354E-01 -1.16198E-04  0.00000E+00  0.00000E+00  5.57366E+06
    10  1.15350E-06 -1.74853E-01 -1.74736E-01 -1.16213E-04  0.00000E+00  0.00000E+00  4.89140E+06
    11  1.29822E-06 -1.96768E-01 -1.96651E-01 -1.16227E-04  0.00000E+00  0.00000E+00  4.34609E+06
    12  1.44658E-06 -2.19228E-01 -2.19111E-01 -1.16240E-04  0.00000E+00  0.00000E+00  3.90038E+06
    13  1.59864E-06 -2.42246E-01 -2.42129E-01 -1.16253E-04  0.00000E+00  0.00000E+00  3.52937E+06
    14  1.75450E-06 -2.65835E-01 -2.65719E-01 -1.16265E-04  0.00000E+00  0.00000E+00  3.21583E+06
    15  1.91427E-06 -2.90009E-01 -2.89893E-01 -1.16278E-04  0.00000E+00  0.00000E+00  2.94743E+06
    16  2.07804E-06 -3.14782E-01 -3.14666E-01 -1.16292E-04  0.00000E+00  0.00000E+00  2.71514E+06
    17  2.24590E-06 -3.40168E-01 -3.40052E-01 -1.16306E-04  0.00000E+00  0.00000E+00  2.51221E+06
    18  2.41796E-06 -3.66181E-01 -3.66065E-01 -1.16321E-04  0.00000E+00  0.00000E+00  2.33343E+06
    19  2.59433E-06 -3.92837E-01 -3.92720E-01 -1.16337E-04  0.00000E+00  0.00000E+00  2.17480E+06
    20  2.77511E-06 -4.20149E-01 -4.20032E-01 -1.16354E-04  0.00000E+00  0.00000E+00  2.03312E+06
    21  2.96042E-06 -4.48133E-01 -4.48017E-01 -1.16372E-04  0.00000E+00  0.00000E+00  1.90586E+06
    22  3.15036E-06 -4.76805E-01 -4.76688E-01 -1.16391E-04  0.00000E+00  0.00000E+00  1.79095E+06
    23  3.34505E-06 -5.06180E-01 -5.06064E-01 -1.16412E-04  0.00000E+00  0.00000E+00  1.68671E+06
    24  3.54462E-06 -5.36274E-01 -5.36158E-01 -1.16434E-04  0.00000E+00  0.00000E+00  1.59174E+06
    25  3.74918E-06 -5.67104E-01 -5.66988E-01 -1.16458E-04  0.00000E+00  0.00000E+00  1.50489E+06
    26  3.95886E-06 -5.98686E-01 -5.98570E-01 -1.16484E-04  0.00000E+00  0.00000E+00  1.42518E+06
    27  4.17378E-06 -6.31036E-01 -6.30920E-01 -1.16512E-04  0.00000E+00  0.00000E+00  1.35179E+06
    28  4.39408E-06 -6.64172E-01 -6.64056E-01 -1.16541E-04  0.00000E+00  0.00000E+00  1.28402E+06
    29  4.61990E-06 -6.98111E-01 -6.97994E-01 -1.16573E-04  0.00000E+00  0.00000E+00  1.22125E+06
    30  4.85136E-06 -7.32870E-01 -7.32753E-01 -1.16608E-04  0.00000E+00  0.00000E+00  1.16298E+06
    31  5.08862E-06 -7.68466E-01 -7.68349E-01 -1.16644E-04  0.00000E+00  0.00000E+00  1.10876E+06
    32  5.33181E-06 -8.04917E-01 -8.04800E-01 -1.16684E-04  0.00000E+00  0.00000E+00  1.05818E+06
    33  5.58109E-06 -8.42241E-01 -8.42124E-01 -1.16726E-04  0.00000E+00  0.00000E+00  1.01092E+06
    34  5.83661E-06 -8.80456E-01 -8.80339E-01 -1.16771E-04  0.00000E+00  0.00000E+00  9.66661E+05
    35  6.09851E-06 -9.19580E-01 -9.19464E-01 -1.16820E-04  0.00000E+00  0.00000E+00  9.25145E+05
    36  6.36698E-06 -9.59632E-01 -9.59515E-01 -1.16871E-04  0.00000E+00  0.00000E+00  8.86135E+05
    37  6.64216E-06 -1.00063E+00 -1.00051E+00 -1.16927E-04  0.00000E+00  0.00000E+00  8.49421E+05
    38  6.92422E-06 -1.04259E+00 -1.04247E+00 -1.16986E-04  0.00000E+00  0.00000E+00  8.14818E+05
    39  7.21335E-06 -1.08553E+00 -1.08541E+00 -1.17049E-04  0.00000E+00  0.00000E+00  7.82157E+05
    40  7.50970E-06 -1.12947E+00 -1.12936E+00 -1.17116E-04  0.00000E+00  0.00000E+00  7.51289E+05
    41  7.81348E-06 -1.17443E+00 -1.17432E+00 -1.17188E-04  0.00000E+00  0.00000E+00  7.22079E+05
    42  8.12485E-06 -1.22043E+00 -1.22031E+00 -1.17265E-04  0.00000E+00  0.00000E+00  6.94404E+05
    43  8.44401E-06 -1.26748E+00 -1.26736E+00 -1.17346E-04  0.00000E+00  0.00000E+00  6.68156E+05
    44  8.77117E-06 -1.31560E+00 -1.31549E+00 -1.17433E-04  0.00000E+00  0.00000E+00  6.43233E+05
    45  9.10650E-06 -1.36481E+00 -1.36470E+00 -1.17526E-04  0.00000E+00  0.00000E+00  6.19545E+05
    46  9.45023E-06 -1.41513E+00 -1.41501E+00 -1.17625E-04  0.00000E+00  0.00000E+00  5.97010E+05
    47  9.80256E-06 -1.46657E+00 -1.46645E+00 -1.17730E-04  0.00000E+00  0.00000E+00  5.75550E+05
    48  1.01637E-05 -1.51914E+00 -1.51903E+00 -1.17841E-04  0.00000E+00  0.00000E+00  5.55098E+05
    49  1.05339E-05 -1.57287E+00 -1.57275E+00 -1.17960E-04  0.00000E+00  0.00000E+00  5.35589E+05
    50  1.09133E-05 -1.62777E+00 -1.62765E+00 -1.18087E-04  0.00000E+00  0.00000E+00  5.16966E+05
    51  1.13023E-05 -1.68385E+00 -1.68373E+00 -1.18221E-04  0.00000E+00  0.00000E+00  4.99175E+05
    52  1.17009E-05 -1.74112E+00 -1.74100E+00 -1.18364E-04  0.00000E+00  0.00000E+00  4.82166E+05
    53  1.21096E-05 -1.79960E+00 -1.79948E+00 -1.18516E-04  0.00000E+00  0.00000E+00  4.65893E+05
    54  1.25284E-05 -1.85929E+00 -1.85918E+00 -1.18677E-04  0.00000E+00  0.00000E+00  4.50316E+05
    55  1.29578E-05 -1.92022E+00 -1.92010E+00 -1.18849E-04  0.00000E+00  0.00000E+00  4.35393E+05
    56  1.33979E-05 -1.98237E+00 -1.98225E+00 -1.19031E-04  0.00000E+00  0.00000E+00  4.21090E+05
    57  1.38490E-05 -2.04577E+00 -2.04565E+00 -1.19224E-04  0.00000E+00  0.00000E+00  4.07373E+05
    58  1.43114E-05 -2.11041E+00 -2.11029E+00 -1.19429E-04  0.00000E+00  0.00000E+00  3.94209E+05
    59  1.47854E-05 -2.17630E+00 -2.17618E+00 -1.19647E-04  0.00000E+00  0.00000E+00  3.81571E+05
    60  1.52712E-05 -2.24344E+00 -2.24332E+00 -1.19878E-04  0.00000E+00  0.00000E+00  3.69431E+05
    61  1.57692E-05 -2.31182E+00 -2.31170E+00 -1.20124E-04  0.00000E+00  0.00000E+00  3.57763E+05
    62  1.62796E-05 -2.38145E+00 -2.38133E+00 -1.20384E-04  0.00000E+00  0.00000E+00  3.46545E+05
    63  1.68028E-05 -2.45231E+00 -2.45219E+00 -1.20661E-04  0.00000E+00  0.00000E+00  3.35753E+05
    64  1.73391E-05 -2.52439E+00 -2.52427E+00 -1.20954E-04  0.00000E+00  0.00000E+00  3.25367E+05
    65  1.78888E-05 -2.59769E+00 -2.59757E+00 -1.21265E-04  0.00000E+00  0.00000E+00  3.15367E+05
    66  1.84523E-05 -2.67218E+00 -2.67205E+00 -1.21596E-04  0.00000E+00  0.00000E+00  3.05735E+05
    67  1.90299E-05 -2.74783E+00 -2.74771E+00 -1.21946E-04  0.00000E+00  0.00000E+00  2.96455E+05
    68  1.96219E-05 -2.82464E+00 -2.82451E+00 -1.22318E-04  0.00000E+00  0.00000E+00  2.87509E+05
    69  2.02288E-05 -2.90255E+00 -2.90243E+00 -1.22713E-04  0.00000E+00  0.00000E+00  2.78883E+05
    70  2.08508E-05 -2.98155E+00 -2.98143E+00 -1.23132E-04  0.00000E+00  0.00000E+00  2.70562E+05
    71  2.14884E-05 -3.06158E+00 -3.06146E+00 -1.23576E-04  0.00000E+00  0.00000E+00  2.62533E+05
    72  2.21419E-05 -3.14261E+00 -3.14248E+00 -1.24048E-04  0.00000E+00  0.00000E+00  2.54783E+05
    73  2.28118E-05 -3.22457E+00 -3.22445E+00 -1.24549E-04  0.00000E+00  0.00000E+00  2.47300E+05
    74  2.34985E-05 -3.30741E+00 -3.30729E+00 -1.25080E-04  0.00000E+00  0.00000E+00  2.40072E+05
    75  2.42023E-05 -3.39107E+00 -3.39094E+00 -1.25644E-04  0.00000E+00  0.00000E+00  2.33089E+05
    76  2.49238E-05 -3.47546E+00 -3.47534E+00 -1.26243E-04  0.00000E+00  0.00000E+00  2.26341E+05
    77  2.56633E-05 -3.56051E+00 -3.56039E+00 -1.26878E-04  0.00000E+00  0.00000E+00  2.19818E+05
    78  2.64213E-05 -3.64613E+00 -3.64601E+00 -1.27553E-04  0.00000E+00  0.00000E+00  2.13510E+05
    79  2.71982E-05 -3.73222E+00 -3.73209E+00 -1.28270E-04  0.00000E+00  0.00000E+00  2.07410E+05
    80  2.79947E-05 -3.81867E+00 -3.81855E+00 -1.29031E-04  0.00000E+00  0.00000E+00  2.01508E+05
    81  2.88110E-05 -3.90537E+00 -3.90524E+00 -1.29839E-04  0.00000E+00  0.00000E+00  1.95797E+05
    82  2.96478E-05 -3.99219E+00 -3.99206E+00 -1.30698E-04  0.00000E+00  0.00000E+00  1.90270E+05
    83  3.05055E-05 -4.07900E+00 -4.07887E+00 -1.31610E-04  0.00000E+00  0.00000E+00  1.84919E+05
    84  3.13846E-05 -4.16565E+00 -4.16552E+00 -1.32578E-04  0.00000E+00  0.00000E+00  1.79738E+05
    85  3.22858E-05 -4.25199E+00 -4.25186E+00 -1.33607E-04  0.00000E+00  0.00000E+00  1.74720E+05
    86  3.32095E-05 -4.33786E+00 -4.33773E+00 -1.34701E-04  0.00000E+00  0.00000E+00  1.69859E+05
    87  3.41564E-05 -4.42309E+00 -4.42296E+00 -1.35862E-04  0.00000E+00  0.00000E+00  1.65149E+05
    88  3.51269E-05 -4.50750E+00 -4.50736E+00 -1.37096E-04  0.00000E+00  0.00000E+00  1.60585E+05
    89  3.61217E-05 -4.59089E+00 -4.59076E+00 -1.38407E-04  0.00000E+00  0.00000E+00  1.56162E+05
    90  3.71414E-05 -4.67309E+00 -4.67295E+00 -1.39800E-04  0.00000E+00  0.00000E+00  1.51873E+05
    91  3.81866E-05 -4.75390E+00 -4.75376E+00 -1.41279E-04  0.00000E+00  0.00000E+00  1.47715E+05
    92  3.92579E-05 -4.83311E+00 -4.83296E+00 -1.42849E-04  0.00000E+00  0.00000E+00  1.43683E+05
    93  4.03561E-05 -4.91052E+00 -4.91037E+00 -1.44516E-04  0.00000E+00  0.00000E+00  1.39772E+05
    94  4.14818E-05 -4.98594E+00 -4.98579E+00 -1.46285E-04  0.00000E+00  0.00000E+00  1.35978E+05
    95  4.26356E-05 -5.05917E+00 -5.05902E+00 -1.48161E-04  0.00000E+00  0.00000E+00  1.32297E+05
    96  4.38183E-05 -5.13002E+00 -5.12987E+00 -1.50151E-04  0.00000E+00  0.00000E+00  1.28725E+05
    97  4.50305E-05 -5.19831E+00 -5.19816E+00 -1.52259E-04  0.00000E+00  0.00000E+00  1.25259E+05
    98  4.62731E-05 -5.26388E+00 -5.26373E+00 -1.54492E-04  0.00000E+00  0.00000E+00  1.21894E+05
    99  4.75468E-05 -5.32658E+00 -5.32642E+00 -1.56855E-04  0.00000E+00  0.00000E+00  1.18628E+05
   100  4.88524E-05 -5.38628E+00 -5.38612E+00 -1.59353E-04  0.00000E+00  0.00000E+00  1.15456E+05
   101  5.01906E-05 -5.44286E+00 -5.44270E+00 -1.61992E-04  0.00000E+00  0.00000E+00  1.12377E+05
   102  5.15624E-05 -5.49624E+00 -5.49608E+00 -1.64776E-04  0.00000E+00  0.00000E+00  1.09386E+05
   103  5.29684E-05 -5.54637E+00 -5.54620E+00 -1.67712E-04  0.00000E+00  0.00000E+00  1.06482E+05
   104  5.44096E-05 -5.59321E+00 -5.59304E+00 -1.70802E-04  0.00000E+00  0.00000E+00  1.03660E+05
   105  5.58869E-05 -5.63676E+00 -5.63658E+00 -1.74052E-04  0.00000E+00  0.00000E+00  1.00919E+05
   106  5.74012E-05 -5.67704E+00 -5.67686E+00 -1.77465E-04  0.00000E+00  0.00000E+00  9.82556E+04
   107  5.89533E-05 -5.71410E+00 -5.71392E+00 -1.81045E-04  0.00000E+00  0.00000E+00  9.56676E+04
   108  6.05443E-05 -5.74802E+00 -5.74784E+00 -1.84794E-04  0.00000E+00  0.00000E+00  9.31526E+04
   109  6.21751E-05 -5.77891E+00 -5.77872E+00 -1.88716E-04  0.00000E+00  0.00000E+00  9.07083E+04
   110  6.38467E-05 -5.80688E+00 -5.80669E+00 -1.92811E-04  0.00000E+00  0.00000E+00  8.83324E+04
   111  6.55601E-05 -5.83208E+00 -5.83188E+00 -1.97083E-04  0.00000E+00  0.00000E+00  8.60228E+04
   112  6.73164E-05 -5.85465E+00 -5.85445E+00 -2.01532E-04  0.00000E+00  0.00000E+00  8.37774E+04
   113  6.91166E-05 -5.87476E+00 -5.87455E+00 -2.06159E-04  0.00000E+00  0.00000E+00  8.15943E+04
   114  7.09619E-05 -5.89258E+00 -5.89237E+00 -2.10966E-04  0.00000E+00  0.00000E+00  7.94715E+04
   115  7.28534E-05 -5.90828E+00 -5.90807E+00 -2.15952E-04  0.00000E+00  0.00000E+00  7.74072E+04
   116  7.47922E-05 -5.92205E+00 -5.92183E+00 -2.21120E-04  0.00000E+00  0.00000E+00  7.53996E+04
   117  7.67794E-05 -5.93405E+00 -5.93382E+00 -2.26468E-04  0.00000E+00  0.00000E+00  7.34470E+04
   118  7.88165E-05 -5.94445E+00 -5.94421E+00 -2.31997E-04  0.00000E+00  0.00000E+00  7.15478E+04
   119  8.09045E-05 -5.95341E+00 -5.95317E+00 -2.37708E-04  0.00000E+00  0.00000E+00  6.97002E+04
   120  8.30447E-05 -5.96109E+00 -5.96085E+00 -2.43601E-04  0.00000E+00  0.00000E+00  6.79029E+04
   121  8.52385E-05 -5.96764E+00 -5.96739E+00 -2.49676E-04  0.00000E+00  0.00000E+00  6.61543E+04
   122  8.74871E-05 -5.97319E+00 -5.97293E+00 -2.55934E-04  0.00000E+00  0.00000E+00  6.44529E+04
   123  8.97921E-05 -5.97786E+00 -5.97760E+00 -2.62376E-04  0.00000E+00  0.00000E+00  6.27974E+04
   124  9.21547E-05 -5.98177E+00 -5.98150E+00 -2.69003E-04  0.00000E+00  0.00000E+00  6.11864E+04
   125  9.45764E-05 -5.98502E+00 -5.98475E+00 -2.75816E-04  0.00000E+00  0.00000E+00  5.96187E+04
   126  9.70587E-05 -5.98771E+00 -5.98743E+00 -2.82817E-04  0.00000E+00  0.00000E+00  5.80929E+04
   127  9.96032E-05 -5.98992E+00 -5.98963E+00 -2.90006E-04  0.00000E+00  0.00000E+00  5.66078E+04
   128  1.02211E-04 -5.99172E+00 -5.99142E+00 -2.97387E-04  0.00000E+00  0.00000E+00  5.51624E+04
   129  1.04885E-04 -5.99318E+00 -5.99287E+00 -3.04960E-04  0.00000E+00  0.00000E+00  5.37554E+04
   130  1.07625E-04 -5.99435E+00 -5.99403E+00 -3.12729E-04  0.00000E+00  0.00000E+00  5.23857E+04
   131  1.10434E-04 -5.99528E+00 -5.99496E+00 -3.20697E-04  0.00000E+00  0.00000E+00  5.10523E+04
   132  1.13313E-04 -5.99601E+00 -5.99568E+00 -3.28865E-04  0.00000E+00  0.00000E+00  4.97541E+04
   133  1.16264E-04 -5.99658E+00 -5.99625E+00 -3.37238E-04  0.00000E+00  0.00000E+00  4.84902E+04
   134  1.19289E-04 -5.99702E+00 -5.99668E+00 -3.45819E-04  0.00000E+00  0.00000E+00  4.72596E+04
   135  1.22390E-04 -5.99736E+00 -5.99700E+00 -3.54611E-04  0.00000E+00  0.00000E+00  4.60613E+04
   136  1.25568E-04 -5.99761E+00 -5.99725E+00 -3.63619E-04  0.00000E+00  0.00000E+00  4.48944E+04
   137  1.28826E-04 -5.99779E+00 -5.99742E+00 -3.72846E-04  0.00000E+00  0.00000E+00  4.37581E+04
   138  1.32165E-04 -5.99792E+00 -5.99754E+00 -3.82297E-04  0.00000E+00  0.00000E+00  4.26515E+04
   139  1.35588E-04 -5.99801E+00 -5.99762E+00 -3.91977E-04  0.00000E+00  0.00000E+00  4.15738E+04
   140  1.39096E-04 -5.99806E+00 -5.99766E+00 -4.01890E-04  0.00000E+00  0.00000E+00  4.05242E+04
   141  1.42692E-04 -5.99809E+00 -5.99768E+00 -4.12040E-04  0.00000E+00  0.00000E+00  3.95019E+04
   142  1.46379E-04 -5.99810E+00 -5.99767E+00 -4.22434E-04  0.00000E+00  0.00000E+00  3.85061E+04
   143  1.50157E-04 -5.99809E+00 -5.99766E+00 -4.33077E-04  0.00000E+00  0.00000E+00  3.75362E+04
   144  1.54030E-04 -5.99807E+00 -5.99763E+00 -4.43973E-04  0.00000E+00  0.00000E+00  3.65913E+04
   145  1.58000E-04 -5.99804E+00 -5.99759E+00 -4.55128E-04  0.00000E+00  0.00000E+00  3.56710E+04
   146  1.62069E-04 -5.99801E+00 -5.99754E+00 -4.66549E-04  0.00000E+00  0.00000E+00  3.47743E+04
   147  1.66241E-04 -5.99797E+00 -5.99749E+00 -4.78240E-04  0.00000E+00  0.00000E+00  3.39008E+04
   148  1.70516E-04 -5.99792E+00 -5.99743E+00 -4.90208E-04  0.00000E+00  0.00000E+00  3.30498E+04
   149  1.74898E-04 -5.99787E+00 -5.99737E+00 -5.02459E-04  0.00000E+00  0.00000E+00  3.22207E+04
   150  1.79390E-04 -5.99782E+00 -5.99731E+00 -5.14999E-04  0.00000E+00  0.00000E+00  3.14129E+04
   151  1.83995E-04 -5.99777E+00 -5.99724E+00 -5.27834E-04  0.00000E+00  0.00000E+00  3.06258E+04
   152  1.88715E-04 -5.99771E+00 -5.99717E+00 -5.40971E-04  0.00000E+00  0.00000E+00  2.98589E+04
   153  1.93552E-04 -5.99765E+00 -5.99710E+00 -5.54417E-04  0.00000E+00  0.00000E+00  2.91116E+04
   154  1.98511E-04 -5.99759E+00 -5.99703E+00 -5.68178E-04  0.00000E+00  0.00000E+00  2.83834E+04
   155  2.03594E-04 -5.99753E+00 -5.99695E+00 -5.82261E-04  0.00000E+00  0.00000E+00  2.76738E+04
   156  2.08804E-04 -5.99747E+00 -5.99687E+00 -5.96673E-04  0.00000E+00  0.00000E+00  2.69823E+04
   157  2.14145E-04 -5.99740E+00 -5.99679E+00 -6.11421E-04  0.00000E+00  0.00000E+00  2.63084E+04
   158  2.19619E-04 -5.99734E+00 -5.99671E+00 -6.26512E-04  0.00000E+00  0.00000E+00  2.56517E+04
   159  2.25230E-04 -5.99727E+00 -5.99663E+00 -6.41954E-04  0.00000E+00  0.00000E+00  2.50116E+04
   160  2.30981E-04 -5.99720E+00 -5.99654E+00 -6.57755E-04  0.00000E+00  0.00000E+00  2.43879E+04
   161  2.36877E-04 -5.99713E+00 -5.99645E+00 -6.73921E-04  0.00000E+00  0.00000E+00  2.37799E+04
   162  2.42919E-04 -5.99705E+00 -5.99636E+00 -6.90461E-04  0.00000E+00  0.00000E+00  2.31874E+04
   163  2.49113E-04 -5.99698E+00 -5.99627E+00 -7.07382E-04  0.00000E+00  0.00000E+00  2.26099E+04
   164  2.55462E-04 -5.99690E+00 -5.99617E+00 -7.24692E-04  0.00000E+00  0.00000E+00  2.20470E+04
   165  2.61970E-04 -5.99682E+00 -5.99608E+00 -7.42400E-04  0.00000E+00  0.00000E+00  2.14983E+04
   166  2.68641E-04 -5.99674E+00 -5.99598E+00 -7.60514E-04  0.00000E+00  0.00000E+00  2.09635E+04
   167  2.75479E-04 -5.99665E+00 -5.99587E+00 -7.79042E-04  0.00000E+00  0.00000E+00  2.04422E+04
   168  2.82487E-04 -5.99657E+00 -5.99577E+00 -7.97993E-04  0.00000E+00  0.00000E+00  1.99340E+04
   169  2.89671E-04 -5.99648E+00 -5.99566E+00 -8.17375E-04  0.00000E+00  0.00000E+00  1.94387E+04
   170  2.97035E-04 -5.99639E+00 -5.99555E+00 -8.37197E-04  0.00000E+00  0.00000E+00  1.89558E+04
   171  3.04583E-04 -5.99630E+00 -5.99544E+00 -8.57468E-04  0.00000E+00  0.00000E+00  1.84851E+04
   172  3.12320E-04 -5.99620E+00 -5.99532E+00 -8.78197E-04  0.00000E+00  0.00000E+00  1.80262E+04
   173  3.20251E-04 -5.99610E+00 -5.99520E+00 -8.99393E-04  0.00000E+00  0.00000E+00  1.75788E+04
   174  3.28380E-04 -5.99600E+00 -5.99508E+00 -9.21065E-04  0.00000E+00  0.00000E+00  1.71427E+04
   175  3.36712E-04 -5.99590E+00 -5.99496E+00 -9.43223E-04  0.00000E+00  0.00000E+00  1.67175E+04
   176  3.45253E-04 -5.99580E+00 -5.99483E+00 -9.65877E-04  0.00000E+00  0.00000E+00  1.63030E+04
   177  3.54007E-04 -5.99569E+00 -5.99470E+00 -9.89035E-04  0.00000E+00  0.00000E+00  1.58988E+04
   178  3.62981E-04 -5.99558E+00 -5.99456E+00 -1.01271E-03  0.00000E+00  0.00000E+00  1.55048E+04
   179  3.72179E-04 -5.99546E+00 -5.99443E+00 -1.03691E-03  0.00000E+00  0.00000E+00  1.51206E+04
   180  3.81607E-04 -5.99535E+00 -5.99429E+00 -1.06164E-03  0.00000E+00  0.00000E+00  1.47461E+04
   181  3.91271E-04 -5.99523E+00 -5.99414E+00 -1.08691E-03  0.00000E+00  0.00000E+00  1.43809E+04
   182  4.01177E-04 -5.99511E+00 -5.99399E+00 -1.11275E-03  0.00000E+00  0.00000E+00  1.40248E+04
   183  4.11331E-04 -5.99498E+00 -5.99384E+00 -1.13914E-03  0.00000E+00  0.00000E+00  1.36777E+04
   184  4.21738E-04 -5.99485E+00 -5.99369E+00 -1.16611E-03  0.00000E+00  0.00000E+00  1.33391E+04
   185  4.32407E-04 -5.99472E+00 -5.99353E+00 -1.19367E-03  0.00000E+00  0.00000E+00  1.30091E+04
   186  4.43342E-04 -5.99458E+00 -5.99336E+00 -1.22183E-03  0.00000E+00  0.00000E+00  1.26872E+04
   187  4.54550E-04 -5.99445E+00 -5.99320E+00 -1.25059E-03  0.00000E+00  0.00000E+00  1.23734E+04
   188  4.66040E-04 -5.99430E+00 -5.99302E+00 -1.27997E-03  0.00000E+00  0.00000E+00  1.20674E+04
   189  4.77816E-04 -5.99416E+00 -5.99285E+00 -1.30998E-03  0.00000E+00  0.00000E+00  1.17690E+04
   190  4.89887E-04 -5.99401E+00 -5.99267E+00 -1.34063E-03  0.00000E+00  0.00000E+00  1.14780E+04
   191  5.02261E-04 -5.99385E+00 -5.99248E+00 -1.37193E-03  0.00000E+00  0.00000E+00  1.11943E+04
   192  5.14944E-04 -5.99370E+00 -5.99229E+00 -1.40389E-03  0.00000E+00  0.00000E+00  1.09176E+04
   193  5.27944E-04 -5.99353E+00 -5.99210E+00 -1.43652E-03  0.00000E+00  0.00000E+00  1.06478E+04
   194  5.41269E-04 -5.99337E+00 -5.99190E+00 -1.46984E-03  0.00000E+00  0.00000E+00  1.03847E+04
   195  5.54928E-04 -5.99320E+00 -5.99169E+00 -1.50385E-03  0.00000E+00  0.00000E+00  1.01281E+04
   196  5.68929E-04 -5.99302E+00 -5.99149E+00 -1.53857E-03  0.00000E+00  0.00000E+00  9.87794E+03
   197  5.83279E-04 -5.99284E+00 -5.99127E+00 -1.57401E-03  0.00000E+00  0.00000E+00  9.63394E+03
   198  5.97989E-04 -5.99266E+00 -5.99105E+00 -1.61018E-03  0.00000E+00  0.00000E+00  9.39598E+03
   199  6.13067E-04 -5.99247E+00 -5.99083E+00 -1.64708E-03  0.00000E+00  0.00000E+00  9.16393E+03
   200  6.28522E-04 -5.99228E+00 -5.99059E+00 -1.68474E-03  0.00000E+00  0.00000E+00  8.93763E+03
   201  6.44364E-04 -5.99208E+00 -5.99036E+00 -1.72316E-03  0.00000E+00  0.00000E+00  8.71693E+03
   202  6.60603E-04 -5.99188E+00 -5.99012E+00 -1.76236E-03  0.00000E+00  0.00000E+00  8.50169E+03
   203  6.77247E-04 -5.99167E+00 -5.98987E+00 -1.80234E-03  0.00000E+00  0.00000E+00  8.29178E+03
   204  6.94308E-04 -5.99145E+00 -5.98961E+00 -1.84312E-03  0.00000E+00  0.00000E+00  8.08707E+03
   205  7.11796E-04 -5.99124E+00 -5.98935E+00 -1.88471E-03  0.00000E+00  0.00000E+00  7.88741E+03
   206  7.29721E-04 -5.99101E+00 -5.98908E+00 -1.92711E-03  0.00000E+00  0.00000E+00  7.69270E+03
   207  7.48095E-04 -5.99078E+00 -5.98881E+00 -1.97035E-03  0.00000E+00  0.00000E+00  7.50280E+03
   208  7.66928E-04 -5.99054E+00 -5.98853E+00 -2.01442E-03  0.00000E+00  0.00000E+00  7.31759E+03
   209  7.86233E-04 -5.99030E+00 -5.98824E+00 -2.05935E-03  0.00000E+00  0.00000E+00  7.13695E+03
   210  8.06020E-04 -5.99005E+00 -5.98794E+00 -2.10514E-03  0.00000E+00  0.00000E+00  6.96078E+03
   211  8.26303E-04 -5.98979E+00 -5.98764E+00 -2.15180E-03  0.00000E+00  0.00000E+00  6.78895E+03
   212  8.47093E-04 -5.98953E+00 -5.98733E+00 -2.19935E-03  0.00000E+00  0.00000E+00  6.62137E+03
   213  8.68404E-04 -5.98926E+00 -5.98701E+00 -2.24779E-03  0.00000E+00  0.00000E+00  6.45792E+03
   214  8.90247E-04 -5.98898E+00 -5.98669E+00 -2.29713E-03  0.00000E+00  0.00000E+00  6.29851E+03
   215  9.12637E-04 -5.98870E+00 -5.98635E+00 -2.34739E-03  0.00000E+00  0.00000E+00  6.14302E+03
   216  9.35587E-04 -5.98841E+00 -5.98601E+00 -2.39857E-03  0.00000E+00  0.00000E+00  5.99137E+03
   217  9.59111E-04 -5.98811E+00 -5.98566E+00 -2.45068E-03  0.00000E+00  0.00000E+00  5.84346E+03
   218  9.83224E-04 -5.98780E+00 -5.98530E+00 -2.50373E-03  0.00000E+00  0.00000E+00  5.69919E+03
   219  1.00794E-03 -5.98749E+00 -5.98493E+00 -2.55774E-03  0.00000E+00  0.00000E+00  5.55848E+03
   220  1.03327E-03 -5.98717E+00 -5.98455E+00 -2.61270E-03  0.00000E+00  0.00000E+00  5.42123E+03
   221  1.05924E-03 -5.98683E+00 -5.98417E+00 -2.66863E-03  0.00000E+00  0.00000E+00  5.28737E+03
   222  1.08586E-03 -5.98649E+00 -5.98377E+00 -2.72554E-03  0.00000E+00  0.00000E+00  5.15680E+03
   223  1.11314E-03 -5.98614E+00 -5.98336E+00 -2.78343E-03  0.00000E+00  0.00000E+00  5.02944E+03
   224  1.14111E-03 -5.98579E+00 -5.98294E+00 -2.84231E-03  0.00000E+00  0.00000E+00  4.90522E+03
   225  1.16978E-03 -5.98542E+00 -5.98252E+00 -2.90218E-03  0.00000E+00  0.00000E+00  4.78406E+03
   226  1.19916E-03 -5.98504E+00 -5.98208E+00 -2.96307E-03  0.00000E+00  0.00000E+00  4.66588E+03
   227  1.22928E-03 -5.98466E+00 -5.98163E+00 -3.02496E-03  0.00000E+00  0.00000E+00  4.55060E+03
   228  1.26015E-03 -5.98426E+00 -5.98117E+00 -3.08786E-03  0.00000E+00  0.00000E+00  4.43816E+03
   229  1.29179E-03 -5.98385E+00 -5.98070E+00 -3.15179E-03  0.00000E+00  0.00000E+00  4.32848E+03
   230  1.32423E-03 -5.98343E+00 -5.98022E+00 -3.21675E-03  0.00000E+00  0.00000E+00  4.22151E+03
   231  1.35748E-03 -5.98300E+00 -5.97972E+00 -3.28273E-03  0.00000E+00  0.00000E+00  4.11716E+03
   232  1.39155E-03 -5.98256E+00 -5.97921E+00 -3.34974E-03  0.00000E+00  0.00000E+00  4.01537E+03
   233  1.42649E-03 -5.98211E+00 -5.97869E+00 -3.41779E-03  0.00000E+00  0.00000E+00  3.91609E+03
   234  1.46229E-03 -5.98165E+00 -5.97816E+00 -3.48688E-03  0.00000E+00  0.00000E+00  3.81925E+03
   235  1.49899E-03 -5.98117E+00 -5.97761E+00 -3.55701E-03  0.00000E+00  0.00000E+00  3.72478E+03
   236  1.53661E-03 -5.98068E+00 -5.97705E+00 -3.62818E-03  0.00000E+00  0.00000E+00  3.63264E+03
   237  1.57517E-03 -5.98018E+00 -5.97648E+00 -3.70039E-03  0.00000E+00  0.00000E+00  3.54275E+03
   238  1.61470E-03 -5.97967E+00 -5.97589E+00 -3.77364E-03  0.00000E+00  0.00000E+00  3.45508E+03
   239  1.65521E-03 -5.97914E+00 -5.97529E+00 -3.84794E-03  0.00000E+00  0.00000E+00  3.36956E+03
   240  1.69674E-03 -5.97860E+00 -5.97467E+00 -3.92327E-03  0.00000E+00  0.00000E+00  3.28614E+03
   241  1.73930E-03 -5.97804E+00 -5.97404E+00 -3.99964E-03  0.00000E+00  0.00000E+00  3.20476E+03
   242  1.78293E-03 -5.97747E+00 -5.97339E+00 -4.07704E-03  0.00000E+00  0.00000E+00  3.12539E+03
   243  1.82765E-03 -5.97688E+00 -5.97273E+00 -4.15547E-03  0.00000E+00  0.00000E+00  3.04796E+03
   244  1.87349E-03 -5.97628E+00 -5.97205E+00 -4.23492E-03  0.00000E+00  0.00000E+00  2.97243E+03
   245  1.92048E-03 -5.97566E+00 -5.97135E+00 -4.31540E-03  0.00000E+00  0.00000E+00  2.89875E+03
   246  1.96864E-03 -5.97503E+00 -5.97063E+00 -4.39688E-03  0.00000E+00  0.00000E+00  2.82688E+03
   247  2.01801E-03 -5.97438E+00 -5.96990E+00 -4.47937E-03  0.00000E+00  0.00000E+00  2.75678E+03
   248  2.06861E-03 -5.97371E+00 -5.96915E+00 -4.56286E-03  0.00000E+00  0.00000E+00  2.68839E+03
   249  2.12048E-03 -5.97303E+00 -5.96838E+00 -4.64733E-03  0.00000E+00  0.00000E+00  2.62168E+03
   250  2.17365E-03 -5.97232E+00 -5.96759E+00 -4.73278E-03  0.00000E+00  0.00000E+00  2.55661E+03
   251  2.22814E-03 -5.97160E+00 -5.96678E+00 -4.81919E-03  0.00000E+00  0.00000E+00  2.49313E+03
   252  2.28400E-03 -5.97086E+00 -5.96595E+00 -4.90656E-03  0.00000E+00  0.00000E+00  2.43121E+03
   253  2.34125E-03 -5.97010E+00 -5.96511E+00 -4.99487E-03  0.00000E+00  0.00000E+00  2.37080E+03
   254  2.39994E-03 -5.96932E+00 -5.96424E+00 -5.08410E-03  0.00000E+00  0.00000E+00  2.31188E+03
   255  2.46010E-03 -5.96852E+00 -5.96334E+00 -5.17425E-03  0.00000E+00  0.00000E+00  2.25440E+03
   256  2.52176E-03 -5.96770E+00 -5.96243E+00 -5.26529E-03  0.00000E+00  0.00000E+00  2.19833E+03
   257  2.58496E-03 -5.96685E+00 -5.96150E+00 -5.35721E-03  0.00000E+00  0.00000E+00  2.14364E+03
   258  2.64974E-03 -5.96599E+00 -5.96054E+00 -5.44998E-03  0.00000E+00  0.00000E+00  2.09028E+03
   259  2.71615E-03 -5.96510E+00 -5.95955E+00 -5.54360E-03  0.00000E+00  0.00000E+00  2.03824E+03
   260  2.78421E-03 -5.96419E+00 -5.95855E+00 -5.63804E-03  0.00000E+00  0.00000E+00  1.98746E+03
   261  2.85398E-03 -5.96325E+00 -5.95752E+00 -5.73327E-03  0.00000E+00  0.00000E+00  1.93793E+03
   262  2.92549E-03 -5.96229E+00 -5.95646E+00 -5.82928E-03  0.00000E+00  0.00000E+00  1.88962E+03
   263  2.99879E-03 -5.96130E+00 -5.95537E+00 -5.92604E-03  0.00000E+00  0.00000E+00  1.84249E+03
   264  3.07392E-03 -5.96029E+00 -5.95426E+00 -6.02353E-03  0.00000E+00  0.00000E+00  1.79651E+03
   265  3.15093E-03 -5.95925E+00 -5.95313E+00 -6.12173E-03  0.00000E+00  0.00000E+00  1.75166E+03
   266  3.22987E-03 -5.95818E+00 -5.95196E+00 -6.22059E-03  0.00000E+00  0.00000E+00  1.70791E+03
   267  3.31079E-03 -5.95709E+00 -5.95077E+00 -6.32011E-03  0.00000E+00  0.00000E+00  1.66523E+03
   268  3.39372E-03 -5.95596E+00 -5.94954E+00 -6.42024E-03  0.00000E+00  0.00000E+00  1.62359E+03
   269  3.47873E-03 -5.95481E+00 -5.94829E+00 -6.52096E-03  0.00000E+00  0.00000E+00  1.58298E+03
   270  3.56587E-03 -5.95363E+00 -5.94701E+00 -6.62223E-03  0.00000E+00  0.00000E+00  1.54336E+03
   271  3.65518E-03 -5.95241E+00 -5.94569E+00 -6.72404E-03  0.00000E+00  0.00000E+00  1.50471E+03
   272  3.74673E-03 -5.95117E+00 -5.94434E+00 -6.82633E-03  0.00000E+00  0.00000E+00  1.46700E+03
   273  3.84057E-03 -5.94989E+00 -5.94296E+00 -6.92908E-03  0.00000E+00  0.00000E+00  1.43022E+03
   274  3.93676E-03 -5.94858E+00 -5.94155E+00 -7.03226E-03  0.00000E+00  0.00000E+00  1.39434E+03
   275  4.03535E-03 -5.94723E+00 -5.94010E+00 -7.13582E-03  0.00000E+00  0.00000E+00  1.35934E+03
   276  4.13640E-03 -5.94585E+00 -5.93861E+00 -7.23974E-03  0.00000E+00  0.00000E+00  1.32520E+03
   277  4.23998E-03 -5.94443E+00 -5.93709E+00 -7.34396E-03  0.00000E+00  0.00000E+00  1.29189E+03
   278  4.34616E-03 -5.94298E+00 -5.93553E+00 -7.44846E-03  0.00000E+00  0.00000E+00  1.25940E+03
   279  4.45498E-03 -5.94148E+00 -5.93393E+00 -7.55320E-03  0.00000E+00  0.00000E+00  1.22770E+03
   280  4.56653E-03 -5.93995E+00 -5.93229E+00 -7.65812E-03  0.00000E+00  0.00000E+00  1.19678E+03
   281  4.68087E-03 -5.93838E+00 -5.93062E+00 -7.76321E-03  0.00000E+00  0.00000E+00  1.16662E+03
   282  4.79807E-03 -5.93677E+00 -5.92890E+00 -7.86840E-03  0.00000E+00  0.00000E+00  1.13719E+03
   283  4.91819E-03 -5.93511E+00 -5.92714E+00 -7.97366E-03  0.00000E+00  0.00000E+00  1.10849E+03
   284  5.04132E-03 -5.93342E+00 -5.92534E+00 -8.07895E-03  0.00000E+00  0.00000E+00  1.08049E+03
   285  5.16753E-03 -5.93168E+00 -5.92349E+00 -8.18421E-03  0.00000E+00  0.00000E+00  1.05317E+03
   286  5.29690E-03 -5.92989E+00 -5.92160E+00 -8.28942E-03  0.00000E+00  0.00000E+00  1.02653E+03
   287  5.42949E-03 -5.92806E+00 -5.91966E+00 -8.39451E-03  0.00000E+00  0.00000E+00  1.00053E+03
   288  5.56541E-03 -5.92618E+00 -5.91768E+00 -8.49945E-03  0.00000E+00  0.00000E+00  9.75173E+02
   289  5.70472E-03 -5.92425E+00 -5.91564E+00 -8.60419E-03  0.00000E+00  0.00000E+00  9.50436E+02
   290  5.84751E-03 -5.92227E+00 -5.91356E+00 -8.70869E-03  0.00000E+00  0.00000E+00  9.26305E+02
   291  5.99388E-03 -5.92024E+00 -5.91143E+00 -8.81288E-03  0.00000E+00  0.00000E+00  9.02766E+02
   292  6.14390E-03 -5.91816E+00 -5.90924E+00 -8.91674E-03  0.00000E+00  0.00000E+00  8.79802E+02
   293  6.29767E-03 -5.91603E+00 -5.90700E+00 -9.02021E-03  0.00000E+00  0.00000E+00  8.57402E+02
   294  6.45529E-03 -5.91384E+00 -5.90471E+00 -9.12323E-03  0.00000E+00  0.00000E+00  8.35550E+02
   295  6.61685E-03 -5.91159E+00 -5.90236E+00 -9.22577E-03  0.00000E+00  0.00000E+00  8.14233E+02
   296  6.78244E-03 -5.90929E+00 -5.89996E+00 -9.32778E-03  0.00000E+00  0.00000E+00  7.93438E+02
   297  6.95218E-03 -5.90693E+00 -5.89750E+00 -9.42920E-03  0.00000E+00  0.00000E+00  7.73153E+02
   298  7.12615E-03 -5.90450E+00 -5.89497E+00 -9.52999E-03  0.00000E+00  0.00000E+00  7.53365E+02
   299  7.30448E-03 -5.90202E+00 -5.89239E+00 -9.63010E-03  0.00000E+00  0.00000E+00  7.34062E+02
   300  7.48726E-03 -5.89947E+00 -5.88974E+00 -9.72947E-03  0.00000E+00  0.00000E+00  7.15233E+02
   301  7.67461E-03 -5.89686E+00 -5.88703E+00 -9.82807E-03  0.00000E+00  0.00000E+00  6.96864E+02
   302  7.86664E-03 -5.89419E+00 -5.88426E+00 -9.92583E-03  0.00000E+00  0.00000E+00  6.78946E+02
   303  8.06347E-03 -5.89144E+00 -5.88142E+00 -1.00227E-02  0.00000E+00  0.00000E+00  6.61467E+02
   304  8.26522E-03 -5.88863E+00 -5.87851E+00 -1.01187E-02  0.00000E+00  0.00000E+00  6.44417E+02
   305  8.47202E-03 -5.88574E+00 -5.87553E+00 -1.02137E-02  0.00000E+00  0.00000E+00  6.27785E+02
   306  8.68397E-03 -5.88278E+00 -5.87248E+00 -1.03076E-02  0.00000E+00  0.00000E+00  6.11561E+02
   307  8.90123E-03 -5.87975E+00 -5.86935E+00 -1.04005E-02  0.00000E+00  0.00000E+00  5.95734E+02
   308  9.12392E-03 -5.87665E+00 -5.86615E+00 -1.04923E-02  0.00000E+00  0.00000E+00  5.80296E+02
   309  9.35216E-03 -5.87346E+00 -5.86288E+00 -1.05829E-02  0.00000E+00  0.00000E+00  5.65237E+02
   310  9.58612E-03 -5.87020E+00 -5.85952E+00 -1.06723E-02  0.00000E+00  0.00000E+00  5.50548E+02
   311  9.82591E-03 -5.86685E+00 -5.85609E+00 -1.07604E-02  0.00000E+00  0.00000E+00  5.36219E+02
   312  1.00717E-02 -5.86342E+00 -5.85257E+00 -1.08472E-02  0.00000E+00  0.00000E+00  5.22241E+02
   313  1.03236E-02 -5.85991E+00 -5.84897E+00 -1.09326E-02  0.00000E+00  0.00000E+00  5.08607E+02
   314  1.05818E-02 -5.85630E+00 -5.84529E+00 -1.10167E-02  0.00000E+00  0.00000E+00  4.95308E+02
   315  1.08465E-02 -5.85261E+00 -5.84151E+00 -1.10993E-02  0.00000E+00  0.00000E+00  4.82336E+02
   316  1.11178E-02 -5.84883E+00 -5.83765E+00 -1.11804E-02  0.00000E+00  0.00000E+00  4.69682E+02
   317  1.13959E-02 -5.84496E+00 -5.83370E+00 -1.12600E-02  0.00000E+00  0.00000E+00  4.57340E+02
   318  1.16809E-02 -5.84099E+00 -5.82965E+00 -1.13380E-02  0.00000E+00  0.00000E+00  4.45301E+02
   319  1.19730E-02 -5.83692E+00 -5.82551E+00 -1.14144E-02  0.00000E+00  0.00000E+00  4.33558E+02
   320  1.22724E-02 -5.83276E+00 -5.82127E+00 -1.14892E-02  0.00000E+00  0.00000E+00  4.22104E+02
   321  1.25793E-02 -5.82849E+00 -5.81693E+00 -1.15622E-02  0.00000E+00  0.00000E+00  4.10932E+02
   322  1.28939E-02 -5.82412E+00 -5.81249E+00 -1.16335E-02  0.00000E+00  0.00000E+00  4.00034E+02
   323  1.32163E-02 -5.81964E+00 -5.80794E+00 -1.17030E-02  0.00000E+00  0.00000E+00  3.89406E+02
   324  1.35468E-02 -5.81506E+00 -5.80329E+00 -1.17707E-02  0.00000E+00  0.00000E+00  3.79039E+02
   325  1.38855E-02 -5.81036E+00 -5.79852E+00 -1.18365E-02  0.00000E+00  0.00000E+00  3.68927E+02
   326  1.42326E-02 -5.80555E+00 -5.79365E+00 -1.19004E-02  0.00000E+00  0.00000E+00  3.59065E+02
   327  1.45885E-02 -5.80063E+00 -5.78866E+00 -1.19624E-02  0.00000E+00  0.00000E+00  3.49446E+02
   328  1.49532E-02 -5.79558E+00 -5.78356E+00 -1.20224E-02  0.00000E+00  0.00000E+00  3.40065E+02
   329  1.53270E-02 -5.79042E+00 -5.77834E+00 -1.20804E-02  0.00000E+00  0.00000E+00  3.30915E+02
   330  1.57102E-02 -5.78513E+00 -5.77300E+00 -1.21363E-02  0.00000E+00  0.00000E+00  3.21991E+02
   331  1.61029E-02 -5.77972E+00 -5.76753E+00 -1.21902E-02  0.00000E+00  0.00000E+00  3.13288E+02
   332  1.65055E-02 -5.77418E+00 -5.76194E+00 -1.22420E-02  0.00000E+00  0.00000E+00  3.04800E+02
   333  1.69180E-02 -5.76851E+00 -5.75622E+00 -1.22916E-02  0.00000E+00  0.00000E+00  2.96522E+02
   334  1.73409E-02 -5.76270E+00 -5.75036E+00 -1.23391E-02  0.00000E+00  0.00000E+00  2.88448E+02
   335  1.77743E-02 -5.75676E+00 -5.74437E+00 -1.23843E-02  0.00000E+00  0.00000E+00  2.80575E+02
   336  1.82186E-02 -5.75068E+00 -5.73825E+00 -1.24273E-02  0.00000E+00  0.00000E+00  2.72897E+02
   337  1.86739E-02 -5.74445E+00 -5.73198E+00 -1.24681E-02  0.00000E+00  0.00000E+00  2.65410E+02
   338  1.91406E-02 -5.73808E+00 -5.72558E+00 -1.25065E-02  0.00000E+00  0.00000E+00  2.58108E+02
   339  1.96189E-02 -5.73157E+00 -5.71902E+00 -1.25427E-02  0.00000E+00  0.00000E+00  2.50987E+02
   340  2.01092E-02 -5.72490E+00 -5.71232E+00 -1.25764E-02  0.00000E+00  0.00000E+00  2.44044E+02
   341  2.06117E-02 -5.71807E+00 -5.70547E+00 -1.26079E-02  0.00000E+00  0.00000E+00  2.37274E+02
   342  2.11267E-02 -5.71109E+00 -5.69846E+00 -1.26369E-02  0.00000E+00  0.00000E+00  2.30672E+02
   343  2.16545E-02 -5.70395E+00 -5.69129E+00 -1.26635E-02  0.00000E+00  0.00000E+00  2.24234E+02
   344  2.21956E-02 -5.69665E+00 -5.68396E+00 -1.26876E-02  0.00000E+00  0.00000E+00  2.17957E+02
   345  2.27501E-02 -5.68918E+00 -5.67647E+00 -1.27093E-02  0.00000E+00  0.00000E+00  2.11837E+02
   346  2.33184E-02 -5.68154E+00 -5.66881E+00 -1.27285E-02  0.00000E+00  0.00000E+00  2.05870E+02
   347  2.39009E-02 -5.67372E+00 -5.66098E+00 -1.27451E-02  0.00000E+00  0.00000E+00  2.00052E+02
   348  2.44980E-02 -5.66573E+00 -5.65298E+00 -1.27593E-02  0.00000E+00  0.00000E+00  1.94380E+02
   349  2.51099E-02 -5.65756E+00 -5.64479E+00 -1.27709E-02  0.00000E+00  0.00000E+00  1.88850E+02
   350  2.57371E-02 -5.64921E+00 -5.63643E+00 -1.27799E-02  0.00000E+00  0.00000E+00  1.83459E+02
   351  2.63799E-02 -5.64067E+00 -5.62788E+00 -1.27863E-02  0.00000E+00  0.00000E+00  1.78204E+02
   352  2.70387E-02 -5.63194E+00 -5.61915E+00 -1.27901E-02  0.00000E+00  0.00000E+00  1.73081E+02
   353  2.77139E-02 -5.62301E+00 -5.61022E+00 -1.27913E-02  0.00000E+00  0.00000E+00  1.68087E+02
   354  2.84060E-02 -5.61389E+00 -5.60110E+00 -1.27899E-02  0.00000E+00  0.00000E+00  1.63219E+02
   355  2.91152E-02 -5.60457E+00 -5.59178E+00 -1.27858E-02  0.00000E+00  0.00000E+00  1.58474E+02
   356  2.98422E-02 -5.59504E+00 -5.58226E+00 -1.27791E-02  0.00000E+00  0.00000E+00  1.53849E+02
   357  3.05873E-02 -5.58531E+00 -5.57254E+00 -1.27696E-02  0.00000E+00  0.00000E+00  1.49342E+02
   358  3.13509E-02 -5.57536E+00 -5.56260E+00 -1.27575E-02  0.00000E+00  0.00000E+00  1.44949E+02
   359  3.21335E-02 -5.56520E+00 -5.55245E+00 -1.27427E-02  0.00000E+00  0.00000E+00  1.40667E+02
   360  3.29357E-02 -5.55481E+00 -5.54209E+00 -1.27252E-02  0.00000E+00  0.00000E+00  1.36495E+02
   361  3.37577E-02 -5.54421E+00 -5.53150E+00 -1.27050E-02  0.00000E+00  0.00000E+00  1.32430E+02
   362  3.46003E-02 -5.53338E+00 -5.52069E+00 -1.26820E-02  0.00000E+00  0.00000E+00  1.28469E+02
   363  3.54638E-02 -5.52231E+00 -5.50966E+00 -1.26563E-02  0.00000E+00  0.00000E+00  1.24609E+02
   364  3.63488E-02 -5.51102E+00 -5.49839E+00 -1.26279E-02  0.00000E+00  0.00000E+00  1.20848E+02
   365  3.72559E-02 -5.49948E+00 -5.48689E+00 -1.25967E-02  0.00000E+00  0.00000E+00  1.17184E+02
   366  3.81854E-02 -5.48770E+00 -5.47514E+00 -1.25628E-02  0.00000E+00  0.00000E+00  1.13615E+02
   367  3.91382E-02 -5.47568E+00 -5.46316E+00 -1.25261E-02  0.00000E+00  0.00000E+00  1.10138E+02
   368  4.01146E-02 -5.46341E+00 -5.45092E+00 -1.24867E-02  0.00000E+00  0.00000E+00  1.06752E+02
   369  4.11153E-02 -5.45088E+00 -5.43844E+00 -1.24446E-02  0.00000E+00  0.00000E+00  1.03453E+02
   370  4.21408E-02 -5.43810E+00 -5.42570E+00 -1.23997E-02  0.00000E+00  0.00000E+00  1.00241E+02
   371  4.31919E-02 -5.42505E+00 -5.41270E+00 -1.23520E-02  0.00000E+00  0.00000E+00  9.71122E+01
   372  4.42691E-02 -5.41174E+00 -5.39944E+00 -1.23016E-02  0.00000E+00  0.00000E+00  9.40657E+01
   373  4.53730E-02 -5.39816E+00 -5.38591E+00 -1.22485E-02  0.00000E+00  0.00000E+00  9.10993E+01
   374  4.65044E-02 -5.38431E+00 -5.37211E+00 -1.21926E-02  0.00000E+00  0.00000E+00  8.82112E+01
   375  4.76639E-02 -5.37017E+00 -5.35804E+00 -1.21340E-02  0.00000E+00  0.00000E+00  8.53996E+01
   376  4.88522E-02 -5.35576E+00 -5.34369E+00 -1.20728E-02  0.00000E+00  0.00000E+00  8.26626E+01
   377  5.00699E-02 -5.34107E+00 -5.32906E+00 -1.20087E-02  0.00000E+00  0.00000E+00  7.99986E+01
   378  5.13180E-02 -5.32608E+00 -5.31414E+00 -1.19421E-02  0.00000E+00  0.00000E+00  7.74058E+01
   379  5.25970E-02 -5.31080E+00 -5.29893E+00 -1.18727E-02  0.00000E+00  0.00000E+00  7.48826E+01
   380  5.39077E-02 -5.29523E+00 -5.28343E+00 -1.18007E-02  0.00000E+00  0.00000E+00  7.24274E+01
   381  5.52510E-02 -5.27936E+00 -5.26763E+00 -1.17260E-02  0.00000E+00  0.00000E+00  7.00386E+01
   382  5.66276E-02 -5.26318E+00 -5.25153E+00 -1.16487E-02  0.00000E+00  0.00000E+00  6.77147E+01
   383  5.80383E-02 -5.24670E+00 -5.23513E+00 -1.15688E-02  0.00000E+00  0.00000E+00  6.54542E+01
   384  5.94840E-02 -5.22990E+00 -5.21842E+00 -1.14863E-02  0.00000E+00  0.00000E+00  6.32556E+01
   385  6.09656E-02 -5.21279E+00 -5.20139E+00 -1.14012E-02  0.00000E+00  0.00000E+00  6.11175E+01
   386  6.24839E-02 -5.19537E+00 -5.18405E+00 -1.13136E-02  0.00000E+00  0.00000E+00  5.90385E+01
   387  6.40398E-02 -5.17762E+00 -5.16640E+00 -1.12236E-02  0.00000E+00  0.00000E+00  5.70173E+01
   388  6.56342E-02 -5.15955E+00 -5.14842E+00 -1.11310E-02  0.00000E+00  0.00000E+00  5.50525E+01
   389  6.72682E-02 -5.14115E+00 -5.13011E+00 -1.10360E-02  0.00000E+00  0.00000E+00  5.31428E+01
   390  6.89426E-02 -5.12241E+00 -5.11147E+00 -1.09386E-02  0.00000E+00  0.00000E+00  5.12870E+01
   391  7.06584E-02 -5.10335E+00 -5.09251E+00 -1.08388E-02  0.00000E+00  0.00000E+00  4.94838E+01
   392  7.24167E-02 -5.08394E+00 -5.07321E+00 -1.07367E-02  0.00000E+00  0.00000E+00  4.77321E+01
   393  7.42185E-02 -5.06420E+00 -5.05357E+00 -1.06323E-02  0.00000E+00  0.00000E+00  4.60306E+01
   394  7.60649E-02 -5.04411E+00 -5.03358E+00 -1.05257E-02  0.00000E+00  0.00000E+00  4.43782E+01
   395  7.79569E-02 -5.02368E+00 -5.01326E+00 -1.04168E-02  0.00000E+00  0.00000E+00  4.27738E+01
   396  7.98958E-02 -5.00289E+00 -4.99259E+00 -1.03058E-02  0.00000E+00  0.00000E+00  4.12162E+01
   397  8.18825E-02 -4.98176E+00 -4.97156E+00 -1.01927E-02  0.00000E+00  0.00000E+00  3.97044E+01
   398  8.39183E-02 -4.96027E+00 -4.95019E+00 -1.00776E-02  0.00000E+00  0.00000E+00  3.82374E+01
   399  8.60044E-02 -4.93842E+00 -4.92846E+00 -9.96047E-03  0.00000E+00  0.00000E+00  3.68140E+01
   400  8.81420E-02 -4.91622E+00 -4.90638E+00 -9.84140E-03  0.00000E+00  0.00000E+00  3.54334E+01
   401  9.03323E-02 -4.89365E+00 -4.88393E+00 -9.72047E-03  0.00000E+00  0.00000E+00  3.40945E+01
   402  9.25767E-02 -4.87072E+00 -4.86113E+00 -9.59773E-03  0.00000E+00  0.00000E+00  3.27963E+01
   403  9.48765E-02 -4.84743E+00 -4.83796E+00 -9.47325E-03  0.00000E+00  0.00000E+00  3.15380E+01
   404  9.72329E-02 -4.82377E+00 -4.81442E+00 -9.34710E-03  0.00000E+00  0.00000E+00  3.03185E+01
   405  9.96474E-02 -4.79974E+00 -4.79052E+00 -9.21934E-03  0.00000E+00  0.00000E+00  2.91370E+01
   406  1.02121E-01 -4.77534E+00 -4.76625E+00 -9.09006E-03  0.00000E+00  0.00000E+00  2.79926E+01
   407  1.04656E-01 -4.75058E+00 -4.74162E+00 -8.95933E-03  0.00000E+00  0.00000E+00  2.68845E+01
   408  1.07254E-01 -4.72543E+00 -4.71661E+00 -8.82723E-03  0.00000E+00  0.00000E+00  2.58117E+01
   409  1.09915E-01 -4.69992E+00 -4.69123E+00 -8.69384E-03  0.00000E+00  0.00000E+00  2.47734E+01
   410  1.12642E-01 -4.67403E+00 -4.66547E+00 -8.55924E-03  0.00000E+00  0.00000E+00  2.37689E+01
   411  1.15436E-01 -4.64777E+00 -4.63934E+00 -8.42353E-03  0.00000E+00  0.00000E+00  2.27973E+01
   412  1.18298E-01 -4.62113E+00 -4.61284E+00 -8.28678E-03  0.00000E+00  0.00000E+00  2.18578E+01
   413  1.21231E-01 -4.59411E+00 -4.58596E+00 -8.14910E-03  0.00000E+00  0.00000E+00  2.09496E+01
   414  1.24235E-01 -4.56672E+00 -4.55871E+00 -8.01056E-03  0.00000E+00  0.00000E+00  2.00721E+01
   415  1.27314E-01 -4.53895E+00 -4.53108E+00 -7.87128E-03  0.00000E+00  0.00000E+00  1.92244E+01
   416  1.30468E-01 -4.51081E+00 -4.50308E+00 -7.73135E-03  0.00000E+00  0.00000E+00  1.84058E+01
   417  1.33699E-01 -4.48229E+00 -4.47470E+00 -7.59085E-03  0.00000E+00  0.00000E+00  1.76156E+01
   418  1.37010E-01 -4.45339E+00 -4.44594E+00 -7.44991E-03  0.00000E+00  0.00000E+00  1.68531E+01
   419  1.40402E-01 -4.42412E+00 -4.41681E+00 -7.30861E-03  0.00000E+00  0.00000E+00  1.61176E+01
   420  1.43876E-01 -4.39448E+00 -4.38731E+00 -7.16706E-03  0.00000E+00  0.00000E+00  1.54084E+01
   421  1.47436E-01 -4.36446E+00 -4.35744E+00 -7.02537E-03  0.00000E+00  0.00000E+00  1.47248E+01
   422  1.51083E-01 -4.33407E+00 -4.32719E+00 -6.88365E-03  0.00000E+00  0.00000E+00  1.40663E+01
   423  1.54819E-01 -4.30331E+00 -4.29657E+00 -6.74199E-03  0.00000E+00  0.00000E+00  1.34320E+01
   424  1.58646E-01 -4.27218E+00 -4.26558E+00 -6.60052E-03  0.00000E+00  0.00000E+00  1.28214E+01
   425  1.62567E-01 -4.24068E+00 -4.23422E+00 -6.45932E-03  0.00000E+00  0.00000E+00  1.22339E+01
   426  1.66583E-01 -4.20881E+00 -4.20250E+00 -6.31853E-03  0.00000E+00  0.00000E+00  1.16688E+01
   427  1.70697E-01 -4.17658E+00 -4.17041E+00 -6.17823E-03  0.00000E+00  0.00000E+00  1.11255E+01
   428  1.74912E-01 -4.14399E+00 -4.13795E+00 -6.03855E-03  0.00000E+00  0.00000E+00  1.06035E+01
   429  1.79229E-01 -4.11104E+00 -4.10514E+00 -5.89959E-03  0.00000E+00  0.00000E+00  1.01020E+01
   430  1.83651E-01 -4.07773E+00 -4.07197E+00 -5.76146E-03  0.00000E+00  0.00000E+00  9.62061E+00
   431  1.88181E-01 -4.04406E+00 -4.03844E+00 -5.62426E-03  0.00000E+00  0.00000E+00  9.15865E+00
   432  1.92821E-01 -4.01004E+00 -4.00455E+00 -5.48809E-03  0.00000E+00  0.00000E+00  8.71559E+00
   433  1.97573E-01 -3.97567E+00 -3.97032E+00 -5.35307E-03  0.00000E+00  0.00000E+00  8.29087E+00
   434  2.02441E-01 -3.94095E+00 -3.93573E+00 -5.21930E-03  0.00000E+00  0.00000E+00  7.88392E+00
   435  2.07427E-01 -3.90589E+00 -3.90080E+00 -5.08687E-03  0.00000E+00  0.00000E+00  7.49421E+00
   436  2.12534E-01 -3.87048E+00 -3.86553E+00 -4.95588E-03  0.00000E+00  0.00000E+00  7.12120E+00
   437  2.17764E-01 -3.83474E+00 -3.82992E+00 -4.82642E-03  0.00000E+00  0.00000E+00  6.76437E+00
   438  2.23121E-01 -3.79866E+00 -3.79397E+00 -4.69860E-03  0.00000E+00  0.00000E+00  6.42320E+00
   439  2.28607E-01 -3.76225E+00 -3.75768E+00 -4.57249E-03  0.00000E+00  0.00000E+00  6.09718E+00
   440  2.34226E-01 -3.72552E+00 -3.72107E+00 -4.44818E-03  0.00000E+00  0.00000E+00  5.78580E+00
   441  2.39981E-01 -3.68845E+00 -3.68413E+00 -4.32575E-03  0.00000E+00  0.00000E+00  5.48856E+00
   442  2.45874E-01 -3.65107E+00 -3.64686E+00 -4.20529E-03  0.00000E+00  0.00000E+00  5.20500E+00
   443  2.51909E-01 -3.61337E+00 -3.60928E+00 -4.08686E-03  0.00000E+00  0.00000E+00  4.93462E+00
   444  2.58089E-01 -3.57536E+00 -3.57139E+00 -3.97053E-03  0.00000E+00  0.00000E+00  4.67695E+00
   445  2.64418E-01 -3.53704E+00 -3.53318E+00 -3.85637E-03  0.00000E+00  0.00000E+00  4.43154E+00
   446  2.70900E-01 -3.49841E+00 -3.49467E+00 -3.74443E-03  0.00000E+00  0.00000E+00  4.19793E+00
   447  2.77536E-01 -3.45948E+00 -3.45585E+00 -3.63477E-03  0.00000E+00  0.00000E+00  3.97567E+00
   448  2.84332E-01 -3.42026E+00 -3.41674E+00 -3.52743E-03  0.00000E+00  0.00000E+00  3.76433E+00
   449  2.91290E-01 -3.38075E+00 -3.37733E+00 -3.42247E-03  0.00000E+00  0.00000E+00  3.56349E+00
   450  2.98415E-01 -3.34095E+00 -3.33763E+00 -3.31990E-03  0.00000E+00  0.00000E+00  3.37272E+00
   451  3.05710E-01 -3.30088E+00 -3.29766E+00 -3.21978E-03  0.00000E+00  0.00000E+00  3.19161E+00
   452  3.13180E-01 -3.26052E+00 -3.25740E+00 -3.12212E-03  0.00000E+00  0.00000E+00  3.01977E+00
   453  3.20827E-01 -3.21990E+00 -3.21687E+00 -3.02693E-03  0.00000E+00  0.00000E+00  2.85680E+00
   454  3.28657E-01 -3.17901E+00 -3.17607E+00 -2.93425E-03  0.00000E+00  0.00000E+00  2.70231E+00
   455  3.36673E-01 -3.13786E+00 -3.13501E+00 -2.84406E-03  0.00000E+00  0.00000E+00  2.55595E+00
   456  3.44879E-01 -3.09645E+00 -3.09370E+00 -2.75637E-03  0.00000E+00  0.00000E+00  2.41733E+00
   457  3.53280E-01 -3.05480E+00 -3.05213E+00 -2.67118E-03  0.00000E+00  0.00000E+00  2.28612E+00
   458  3.61880E-01 -3.01291E+00 -3.01032E+00 -2.58848E-03  0.00000E+00  0.00000E+00  2.16197E+00
   459  3.70683E-01 -2.97079E+00 -2.96828E+00 -2.50825E-03  0.00000E+00  0.00000E+00  2.04453E+00
   460  3.79695E-01 -2.92844E+00 -2.92601E+00 -2.43047E-03  0.00000E+00  0.00000E+00  1.93350E+00
   461  3.88919E-01 -2.88587E+00 -2.88351E+00 -2.35511E-03  0.00000E+00  0.00000E+00  1.82855E+00
   462  3.98361E-01 -2.84308E+00 -2.84080E+00 -2.28214E-03  0.00000E+00  0.00000E+00  1.72938E+00
   463  4.08025E-01 -2.80010E+00 -2.79789E+00 -2.21151E-03  0.00000E+00  0.00000E+00  1.63570E+00
   464  4.17916E-01 -2.75692E+00 -2.75477E+00 -2.14320E-03  0.00000E+00  0.00000E+00  1.54722E+00
   465  4.28039E-01 -2.71355E+00 -2.71147E+00 -2.07715E-03  0.00000E+00  0.00000E+00  1.46368E+00
   466  4.38400E-01 -2.67000E+00 -2.66799E+00 -2.01331E-03  0.00000E+00  0.00000E+00  1.38480E+00
   467  4.49003E-01 -2.62629E+00 -2.62434E+00 -1.95162E-03  0.00000E+00  0.00000E+00  1.31034E+00
   468  4.59853E-01 -2.58242E+00 -2.58053E+00 -1.89204E-03  0.00000E+00  0.00000E+00  1.24006E+00
   469  4.70957E-01 -2.53840E+00 -2.53657E+00 -1.83449E-03  0.00000E+00  0.00000E+00  1.17371E+00
   470  4.82319E-01 -2.49425E+00 -2.49247E+00 -1.77891E-03  0.00000E+00  0.00000E+00  1.11109E+00
   471  4.93945E-01 -2.44998E+00 -2.44825E+00 -1.72524E-03  0.00000E+00  0.00000E+00  1.05197E+00
   472  5.05841E-01 -2.40559E+00 -2.40392E+00 -1.67341E-03  0.00000E+00  0.00000E+00  9.96157E-01
   473  5.18012E-01 -2.36111E+00 -2.35949E+00 -1.62334E-03  0.00000E+00  0.00000E+00  9.43455E-01
   474  5.30465E-01 -2.31655E+00 -2.31497E+00 -1.57498E-03  0.00000E+00  0.00000E+00  8.93680E-01
   475  5.43205E-01 -2.27191E+00 -2.27038E+00 -1.52824E-03  0.00000E+00  0.00000E+00  8.46660E-01
   476  5.56238E-01 -2.22722E+00 -2.22574E+00 -1.48306E-03  0.00000E+00  0.00000E+00  8.02228E-01
   477  5.69571E-01 -2.18249E+00 -2.18105E+00 -1.43937E-03  0.00000E+00  0.00000E+00  7.60229E-01
   478  5.83210E-01 -2.13774E+00 -2.13634E+00 -1.39709E-03  0.00000E+00  0.00000E+00  7.20516E-01
   479  5.97161E-01 -2.09298E+00 -2.09162E+00 -1.35615E-03  0.00000E+00  0.00000E+00  6.82948E-01
   480  6.11431E-01 -2.04823E+00 -2.04692E+00 -1.31648E-03  0.00000E+00  0.00000E+00  6.47397E-01
   481  6.26026E-01 -2.00352E+00 -2.00224E+00 -1.27803E-03  0.00000E+00  0.00000E+00  6.13738E-01
   482  6.40953E-01 -1.95885E+00 -1.95761E+00 -1.24071E-03  0.00000E+00  0.00000E+00  5.81856E-01
   483  6.56219E-01 -1.91425E+00 -1.91304E+00 -1.20448E-03  0.00000E+00  0.00000E+00  5.51643E-01
   484  6.71831E-01 -1.86973E+00 -1.86856E+00 -1.16926E-03  0.00000E+00  0.00000E+00  5.22998E-01
   485  6.87795E-01 -1.82533E+00 -1.82420E+00 -1.13501E-03  0.00000E+00  0.00000E+00  4.95826E-01
   486  7.04119E-01 -1.78106E+00 -1.77996E+00 -1.10165E-03  0.00000E+00  0.00000E+00  4.70039E-01
   487  7.20810E-01 -1.73694E+00 -1.73587E+00 -1.06916E-03  0.00000E+00  0.00000E+00  4.45555E-01
   488  7.37876E-01 -1.69299E+00 -1.69195E+00 -1.03746E-03  0.00000E+00  0.00000E+00  4.22298E-01
   489  7.55323E-01 -1.64924E+00 -1.64823E+00 -1.00653E-03  0.00000E+00  0.00000E+00  4.00197E-01
   490  7.73160E-01 -1.60571E+00 -1.60473E+00 -9.76304E-04  0.00000E+00  0.00000E+00  3.79184E-01
   491  7.91394E-01 -1.56242E+00 -1.56147E+00 -9.46759E-04  0.00000E+00  0.00000E+00  3.59200E-01
   492  8.10032E-01 -1.51940E+00 -1.51848E+00 -9.17853E-04  0.00000E+00  0.00000E+00  3.40187E-01
   493  8.29083E-01 -1.47668E+00 -1.47579E+00 -8.89554E-04  0.00000E+00  0.00000E+00  3.22092E-01
   494  8.48555E-01 -1.43427E+00 -1.43340E+00 -8.61832E-04  0.00000E+00  0.00000E+00  3.04866E-01
   495  8.68455E-01 -1.39220E+00 -1.39136E+00 -8.34662E-04  0.00000E+00  0.00000E+00  2.88465E-01
   496  8.88793E-01 -1.35049E+00 -1.34969E+00 -8.08021E-04  0.00000E+00  0.00000E+00  2.72845E-01
   497  9.09575E-01 -1.30918E+00 -1.30840E+00 -7.81887E-04  0.00000E+00  0.00000E+00  2.57968E-01
   498  9.30810E-01 -1.26828E+00 -1.26753E+00 -7.56244E-04  0.00000E+00  0.00000E+00  2.43798E-01
   499  9.52508E-01 -1.22782E+00 -1.22709E+00 -7.31078E-04  0.00000E+00  0.00000E+00  2.30300E-01
   500  9.74676E-01 -1.18783E+00 -1.18712E+00 -7.06375E-04  0.00000E+00  0.00000E+00  2.17443E-01
   501  9.97323E-01 -1.14832E+00 -1.14764E+00 -6.82127E-04  0.00000E+00  0.00000E+00  2.05198E-01
   502  1.02046E+00 -1.10933E+00 -1.10867E+00 -6.58326E-04  0.00000E+00  0.00000E+00  1.93537E-01
   503  1.04409E+00 -1.07087E+00 -1.07023E+00 -6.34966E-04  0.00000E+00  0.00000E+00  1.82435E-01
   504  1.06823E+00 -1.03296E+00 -1.03235E+00 -6.12044E-04  0.00000E+00  0.00000E+00  1.71867E-01
   505  1.09288E+00 -9.95640E-01 -9.95051E-01 -5.89556E-04  0.00000E+00  0.00000E+00  1.61810E-01
   506  1.11805E+00 -9.58919E-01 -9.58352E-01 -5.67503E-04  0.00000E+00  0.00000E+00  1.52244E-01
   507  1.14376E+00 -9.22821E-01 -9.22275E-01 -5.45885E-04  0.00000E+00  0.00000E+00  1.43147E-01
   508  1.17001E+00 -8.87364E-01 -8.86839E-01 -5.24703E-04  0.00000E+00  0.00000E+00  1.34501E-01
   509  1.19682E+00 -8.52569E-01 -8.52065E-01 -5.03959E-04  0.00000E+00  0.00000E+00  1.26286E-01
   510  1.22418E+00 -8.18454E-01 -8.17971E-01 -4.83657E-04  0.00000E+00  0.00000E+00  1.18486E-01
   511  1.25212E+00 -7.85037E-01 -7.84573E-01 -4.63800E-04  0.00000E+00  0.00000E+00  1.11084E-01
   512  1.28063E+00 -7.52332E-01 -7.51888E-01 -4.44391E-04  0.00000E+00  0.00000E+00  1.04064E-01
   513  1.30973E+00 -7.20356E-01 -7.19930E-01 -4.25434E-04  0.00000E+00  0.00000E+00  9.74091E-02
   514  1.33944E+00 -6.89121E-01 -6.88714E-01 -4.06934E-04  0.00000E+00  0.00000E+00  9.11059E-02
   515  1.36975E+00 -6.58642E-01 -6.58253E-01 -3.88894E-04  0.00000E+00  0.00000E+00  8.51396E-02
   516  1.40068E+00 -6.28929E-01 -6.28558E-01 -3.71318E-04  0.00000E+00  0.00000E+00  7.94963E-02
   517  1.43225E+00 -5.99992E-01 -5.99638E-01 -3.54211E-04  0.00000E+00  0.00000E+00  7.41626E-02
   518  1.46445E+00 -5.71840E-01 -5.71502E-01 -3.37573E-04  0.00000E+00  0.00000E+00  6.91254E-02
   519  1.49730E+00 -5.44480E-01 -5.44159E-01 -3.21410E-04  0.00000E+00  0.00000E+00  6.43722E-02
   520  1.53081E+00 -5.17919E-01 -5.17613E-01 -3.05722E-04  0.00000E+00  0.00000E+00  5.98908E-02
   521  1.56498E+00 -4.92160E-01 -4.91870E-01 -2.90511E-04  0.00000E+00  0.00000E+00  5.56693E-02
   522  1.59984E+00 -4.67207E-01 -4.66932E-01 -2.75778E-04  0.00000E+00  0.00000E+00  5.16960E-02
   523  1.63539E+00 -4.43062E-01 -4.42801E-01 -2.61524E-04  0.00000E+00  0.00000E+00  4.79600E-02
   524  1.67164E+00 -4.19724E-01 -4.19477E-01 -2.47748E-04  0.00000E+00  0.00000E+00  4.44502E-02
   525  1.70859E+00 -3.97193E-01 -3.96959E-01 -2.34449E-04  0.00000E+00  0.00000E+00  4.11561E-02
   526  1.74627E+00 -3.75466E-01 -3.75245E-01 -2.21625E-04  0.00000E+00  0.00000E+00  3.80675E-02
   527  1.78468E+00 -3.54539E-01 -3.54330E-01 -2.09273E-04  0.00000E+00  0.00000E+00  3.51745E-02
   528  1.82383E+00 -3.34406E-01 -3.34209E-01 -1.97391E-04  0.00000E+00  0.00000E+00  3.24674E-02
   529  1.86373E+00 -3.15061E-01 -3.14875E-01 -1.85973E-04  0.00000E+00  0.00000E+00  2.99369E-02
   530  1.90439E+00 -2.96496E-01 -2.96321E-01 -1.75016E-04  0.00000E+00  0.00000E+00  2.75741E-02
   531  1.94582E+00 -2.78701E-01 -2.78536E-01 -1.64513E-04  0.00000E+00  0.00000E+00  2.53700E-02
   532  1.98803E+00 -2.61666E-01 -2.61511E-01 -1.54459E-04  0.00000E+00  0.00000E+00  2.33164E-02
   533  2.03104E+00 -2.45379E-01 -2.45234E-01 -1.44847E-04  0.00000E+00  0.00000E+00  2.14051E-02
   534  2.07485E+00 -2.29828E-01 -2.29693E-01 -1.35668E-04  0.00000E+00  0.00000E+00  1.96282E-02
   535  2.11947E+00 -2.14999E-01 -2.14872E-01 -1.26915E-04  0.00000E+00  0.00000E+00  1.79782E-02
   536  2.16491E+00 -2.00876E-01 -2.00758E-01 -1.18580E-04  0.00000E+00  0.00000E+00  1.64478E-02
   537  2.21118E+00 -1.87445E-01 -1.87334E-01 -1.10652E-04  0.00000E+00  0.00000E+00  1.50299E-02
   538  2.25830E+00 -1.74689E-01 -1.74585E-01 -1.03122E-04  0.00000E+00  0.00000E+00  1.37180E-02
   539  2.30627E+00 -1.62589E-01 -1.62493E-01 -9.59805E-05  0.00000E+00  0.00000E+00  1.25055E-02
   540  2.35510E+00 -1.51130E-01 -1.51041E-01 -8.92161E-05  0.00000E+00  0.00000E+00  1.13863E-02
   541  2.40481E+00 -1.40291E-01 -1.40208E-01 -8.28181E-05  0.00000E+00  0.00000E+00  1.03545E-02
   542  2.45539E+00 -1.30054E-01 -1.29977E-01 -7.67752E-05  0.00000E+00  0.00000E+00  9.40451E-03
   543  2.50687E+00 -1.20399E-01 -1.20328E-01 -7.10759E-05  0.00000E+00  0.00000E+00  8.53093E-03
   544  2.55925E+00 -1.11306E-01 -1.11240E-01 -6.57083E-05  0.00000E+00  0.00000E+00  7.72865E-03
   545  2.61254E+00 -1.02755E-01 -1.02694E-01 -6.06606E-05  0.00000E+00  0.00000E+00  6.99283E-03
   546  2.66676E+00 -9.47255E-02 -9.46696E-02 -5.59208E-05  0.00000E+00  0.00000E+00  6.31887E-03
   547  2.72190E+00 -8.71970E-02 -8.71455E-02 -5.14765E-05  0.00000E+00  0.00000E+00  5.70238E-03
   548  2.77798E+00 -8.01487E-02 -8.01014E-02 -4.73158E-05  0.00000E+00  0.00000E+00  5.13924E-03
   549  2.83501E+00 -7.35601E-02 -7.35167E-02 -4.34263E-05  0.00000E+00  0.00000E+00  4.62553E-03
   550  2.89300E+00 -6.74105E-02 -6.73707E-02 -3.97960E-05  0.00000E+00  0.00000E+00  4.15756E-03
   551  2.95195E+00 -6.16795E-02 -6.16431E-02 -3.64127E-05  0.00000E+00  0.00000E+00  3.73187E-03
   552  3.01188E+00 -5.63469E-02 -5.63136E-02 -3.32647E-05  0.00000E+00  0.00000E+00  3.34519E-03
   553  3.07279E+00 -5.13927E-02 -5.13624E-02 -3.03401E-05  0.00000E+00  0.00000E+00  2.99443E-03
   554  3.13470E+00 -4.67975E-02 -4.67699E-02 -2.76273E-05  0.00000E+00  0.00000E+00  2.67673E-03
   555  3.19760E+00 -4.25418E-02 -4.25167E-02 -2.51150E-05  0.00000E+00  0.00000E+00  2.38939E-03
   556  3.26152E+00 -3.86070E-02 -3.85842E-02 -2.27920E-05  0.00000E+00  0.00000E+00  2.12989E-03
   557  3.32645E+00 -3.49746E-02 -3.49540E-02 -2.06476E-05  0.00000E+00  0.00000E+00  1.89588E-03
   558  3.39240E+00 -3.16269E-02 -3.16082E-02 -1.86713E-05  0.00000E+00  0.00000E+00  1.68518E-03
   559  3.45939E+00 -2.85465E-02 -2.85296E-02 -1.68528E-05  0.00000E+00  0.00000E+00  1.49576E-03
   560  3.52742E+00 -2.57167E-02 -2.57015E-02 -1.51822E-05  0.00000E+00  0.00000E+00  1.32572E-03
   561  3.59650E+00 -2.31214E-02 -2.31077E-02 -1.36500E-05  0.00000E+00  0.00000E+00  1.17332E-03
   562  3.66663E+00 -2.07450E-02 -2.07328E-02 -1.22471E-05  0.00000E+00  0.00000E+00  1.03694E-03
   563  3.73782E+00 -1.85728E-02 -1.85619E-02 -1.09647E-05  0.00000E+00  0.00000E+00  9.15091E-04
   564  3.81008E+00 -1.65905E-02 -1.65807E-02 -9.79443E-06  0.00000E+00  0.00000E+00  8.06398E-04
   565  3.88342E+00 -1.47844E-02 -1.47757E-02 -8.72820E-06  0.00000E+00  0.00000E+00  7.09596E-04
   566  3.95784E+00 -1.31417E-02 -1.31340E-02 -7.75841E-06  0.00000E+00  0.00000E+00  6.23525E-04
   567  4.03335E+00 -1.16501E-02 -1.16433E-02 -6.87784E-06  0.00000E+00  0.00000E+00  5.47121E-04
   568  4.10995E+00 -1.02981E-02 -1.02920E-02 -6.07963E-06  0.00000E+00  0.00000E+00  4.79413E-04
   569  4.18765E+00 -9.07455E-03 -9.06920E-03 -5.35731E-06  0.00000E+00  0.00000E+00  4.19513E-04
   570  4.26645E+00 -7.96928E-03 -7.96458E-03 -4.70480E-06  0.00000E+00  0.00000E+00  3.66613E-04
   571  4.34637E+00 -6.97258E-03 -6.96847E-03 -4.11638E-06  0.00000E+00  0.00000E+00  3.19979E-04
   572  4.42741E+00 -6.07541E-03 -6.07182E-03 -3.58672E-06  0.00000E+00  0.00000E+00  2.78944E-04
   573  4.50956E+00 -5.26930E-03 -5.26619E-03 -3.11082E-06  0.00000E+00  0.00000E+00  2.42905E-04
   574  4.59284E+00 -4.54642E-03 -4.54373E-03 -2.68405E-06  0.00000E+00  0.00000E+00  2.11320E-04
   575  4.67726E+00 -3.89949E-03 -3.89718E-03 -2.30213E-06  0.00000E+00  0.00000E+00  1.83696E-04
   576  4.76280E+00 -3.32180E-03 -3.31984E-03 -1.96108E-06  0.00000E+00  0.00000E+00  1.59594E-04
   577  4.84949E+00 -2.80719E-03 -2.80553E-03 -1.65727E-06  0.00000E+00  0.00000E+00  1.38620E-04
   578  4.93732E+00 -2.35003E-03 -2.34865E-03 -1.38738E-06  0.00000E+00  0.00000E+00  1.20422E-04
   579  5.02629E+00 -1.94523E-03 -1.94408E-03 -1.14840E-06  0.00000E+00  0.00000E+00  1.04687E-04
   580  5.11642E+00 -1.58817E-03 -1.58723E-03 -9.37603E-07  0.00000E+00  0.00000E+00  9.11380E-05
   581  5.20770E+00 -1.27477E-03 -1.27401E-03 -7.52581E-07  0.00000E+00  0.00000E+00  7.95315E-05
   582  5.30014E+00 -1.00143E-03 -1.00084E-03 -5.91211E-07  0.00000E+00  0.00000E+00  6.96548E-05
   583  5.39373E+00 -7.65063E-04 -7.64611E-04 -4.51668E-07  0.00000E+00  0.00000E+00  6.13240E-05
   584  5.48849E+00 -5.63087E-04 -5.62754E-04 -3.32428E-07  0.00000E+00  0.00000E+00  5.43820E-05
   585  5.58441E+00 -3.93445E-04 -3.93213E-04 -2.32277E-07  0.00000E+00  0.00000E+00  4.86973E-05
   586  5.68150E+00 -2.54640E-04 -2.54490E-04 -1.50331E-07  0.00000E+00  0.00000E+00  4.41632E-05
   587  5.77975E+00 -1.45767E-04 -1.45681E-04 -8.60560E-08  0.00000E+00  0.00000E+00  4.06967E-05
   588  5.87918E+00 -6.65769E-05 -6.65376E-05 -3.93048E-08  0.00000E+00  0.00000E+00  3.82389E-05
   589  5.97977E+00 -1.75534E-05 -1.75430E-05 -1.03629E-08  0.00000E+00  0.00000E+00  3.67552E-05
   590  6.08154E+00 -1.83692E-08 -1.83584E-08 -1.08507E-11  0.00000E+00  0.00000E+00  3.62365E-05
   591  6.08492E+00  1.05879E-22 -0.00000E+00  1.05879E-22  0.00000E+00  0.00000E+00  3.62360E-05
   592  6.08492E+00 -0.00000E+00 -0.00000E+00  0.00000E+00  0.00000E+00  0.00000E+00  0.00000E+00
   593  1.21698E+01 -0.00000E+00 -0.00000E+00  0.00000E+00  0.00000E+00  0.00000E+00  0.00000E+00
   594  2.43397E+01 -0.00000E+00 -0.00000E+00  0.00000E+00  0.00000E+00  0.00000E+00  0.00000E+00
   595  4.86793E+01 -0.00000E+00 -0.00000E+00  0.00000E+00  0.00000E+00  0.00000E+00  0.00000E+00
   596  9.73587E+01 -0.00000E+00 -0.00000E+00  0.00000E+00  0.00000E+00  0.00000E+00  0.00000E+00
   597  1.94717E+02 -0.00000E+00 -0.00000E+00  0.00000E+00  0.00000E+00  0.00000E+00  0.00000E+00
   598  3.89435E+02 -0.00000E+00 -0.00000E+00  0.00000E+00  0.00000E+00  0.00000E+00  0.00000E+00
   599  7.78870E+02 -0.00000E+00 -0.00000E+00  0.00000E+00  0.00000E+00  0.00000E+00  0.00000E+00
   600  1.55774E+03 -0.00000E+00 -0.00000E+00  0.00000E+00  0.00000E+00  0.00000E+00  0.00000E+00
   601  3.11548E+03 -0.00000E+00 -0.00000E+00  0.00000E+00  0.00000E+00  0.00000E+00  0.00000E+00
   602  6.23096E+03 -0.00000E+00 -0.00000E+00  0.00000E+00  0.00000E+00  0.00000E+00  0.00000E+00
   603  1.24619E+04 -0.00000E+00 -0.00000E+00  0.00000E+00  0.00000E+00  0.00000E+00  0.00000E+00
