1.83061e+4 4.84809e-4
2.23657e+4 4.33385e-5
2.73255e+4 -1.12094e-4
3.33846e+4 1.16267e-3
4.07871e+4 2.43742e-3
4.98302e+4 4.99935e-3
6.08797e+4 5.84506e-3
7.43742e+4 1.18824e-2
9.08567e+4 2.06806e-2
1.10979e+5 3.84877e-2
1.35565e+5 5.24196e-2
1.65592e+5 6.84254e-2
2.02267e+5 8.58613e-2
2.47049e+5 1.08446e-1
3.01720e+5 1.37180e-1
3.68476e+5 1.68775e-1
4.41882e+5 2.00565e-1
5.10961e+5 2.32448e-1
5.85456e+5 2.67850e-1
6.64743e+5 3.02216e-1
7.41163e+5 3.35063e-1
8.33869e+5 3.73234e-1
9.38191e+5 4.09682e-1
1.03651e+6 4.46508e-1
1.14509e+6 4.86900e-1
1.26508e+6 5.24670e-1
1.38497e+6 5.62801e-1
1.51622e+6 6.00932e-1
1.65994e+6 6.37490e-1
1.83390e+6 6.74683e-1
2.04468e+6 7.09365e-1
2.30049e+6 7.45401e-1
2.63586e+6 7.81702e-1
3.07560e+6 8.18533e-1
3.65475e+6 8.52907e-1
4.42285e+6 8.85783e-1
5.40168e+6 9.13660e-1
6.59764e+6 9.35672e-1
8.05915e+6 9.50534e-1
9.84466e+6 9.63393e-1
1.20261e+7 9.74107e-1
1.46919e+7 9.79529e-1
1.79489e+7 9.84093e-1
2.19279e+7 9.88372e-1
2.67893e+7 9.91792e-1
3.27288e+7 9.94783e-1
3.99867e+7 9.94484e-1
4.88539e+7 9.94615e-1
5.96877e+7 9.94459e-1
7.09599e+7 9.93482e-1
