2.77867e+2 -5.29817e-4
3.39433e+2 1.13346e-2
4.14637e+2 2.37573e-2
5.06488e+2 3.84772e-2
6.18655e+2 5.70572e-2
7.55640e+2 7.79256e-2
9.22907e+2 1.02942e-1
1.12714e+3 1.31819e-1
1.36403e+3 1.64352e-1
1.63578e+3 1.95463e-1
1.92615e+3 2.31478e-1
2.20695e+3 2.67779e-1
2.50576e+3 3.04496e-1
2.81936e+3 3.37722e-1
3.14345e+3 3.71356e-1
3.53667e+3 4.08778e-1
3.94301e+3 4.46336e-1
4.31686e+3 4.81321e-1
4.72620e+3 5.15676e-1
5.17414e+3 5.53178e-1
5.66458e+3 5.90051e-1
6.20164e+3 6.25350e-1
6.78912e+3 6.59795e-1
7.50151e+3 6.93909e-1
8.44011e+3 7.29383e-1
9.58283e+3 7.66100e-1
1.09800e+4 8.01137e-1
1.28119e+4 8.37159e-1
1.52244e+4 8.71988e-1
1.84243e+4 9.03948e-1
2.25021e+4 9.30680e-1
2.74844e+4 9.51978e-1
3.35724e+4 9.67698e-1
4.10112e+4 9.78984e-1
5.00986e+4 9.89841e-1
6.12021e+4 9.97551e-1
7.47709e+4 1.00083e+0
9.13487e+4 1.00339e+0
1.11604e+5 1.00481e+0
1.36350e+5 1.00608e+0
1.66586e+5 1.00621e+0
2.03530e+5 1.00549e+0
2.48669e+5 1.00376e+0
2.92949e+5 1.00364e+0
