8.14950e-2 1.99454e-1
1.88234e-1 2.01443e-1
2.94994e-1 2.04752e-1
4.01719e-1 2.05843e-1
5.08422e-1 2.05616e-1
6.15089e-1 2.03119e-1
7.21792e-1 2.02891e-1
8.28493e-1 2.02558e-1
9.35162e-1 2.00167e-1
1.04182e+0 1.97406e-1
1.14847e+0 1.93695e-1
1.25509e+0 1.88506e-1
1.36169e+0 1.81787e-1
1.46827e+0 1.73591e-1
1.56995e+0 1.62761e-1
1.67160e+0 1.50232e-1
1.77327e+0 1.38579e-1
1.86524e+0 1.26664e-1
1.95233e+0 1.13234e-1
2.03942e+0 9.99322e-2
2.10633e+0 8.49172e-2
2.20383e+0 6.92966e-2
2.30548e+0 5.65829e-2
2.40227e+0 4.27511e-2
2.50395e+0 3.18846e-2
2.61054e+0 2.45322e-2
2.71716e+0 1.93437e-2
2.82384e+0 1.75856e-2
2.93054e+0 1.74636e-2
3.03730e+0 2.04026e-2
3.14411e+0 2.69831e-2
3.25101e+0 3.85774e-2
3.35788e+0 4.92745e-2
3.45509e+0 6.17205e-2
3.54262e+0 7.54464e-2
3.63015e+0 8.91724e-2
3.72736e+0 1.01835e-1
3.83426e+0 1.14327e-1
3.94114e+0 1.24866e-1
4.04804e+0 1.36460e-1
4.15489e+0 1.45785e-1
4.26174e+0 1.54582e-1
4.36858e+0 1.62693e-1
4.47544e+0 1.72018e-1
4.58226e+0 1.79548e-1
4.68907e+0 1.85496e-1
4.79585e+0 1.90176e-1
4.90263e+0 1.94593e-1
5.00939e+0 1.98007e-1
5.11615e+0 2.01210e-1
5.22289e+0 2.03463e-1
5.32962e+0 2.05082e-1
5.43633e+0 2.05066e-1
5.54305e+0 2.05524e-1
5.64976e+0 2.06194e-1
5.75647e+0 2.06283e-1
5.86318e+0 2.06372e-1
5.96987e+0 2.05564e-1
6.07654e+0 2.02909e-1
6.18319e+0 1.99356e-1
6.27531e+0 1.97244e-1
