4.30948e+0 6.83237e-1
4.49291e+0 6.83957e-1
4.67641e+0 6.78647e-1
4.85995e+0 6.69828e-1
5.04357e+0 6.53628e-1
5.21890e+0 6.32821e-1
5.35255e+0 6.11405e-1
5.45284e+0 5.89956e-1
5.54483e+0 5.65702e-1
5.62849e+0 5.41547e-1
5.70383e+0 5.14719e-1
5.76243e+0 4.94095e-1
5.81552e+0 4.68191e-1
5.86305e+0 4.43277e-1
5.91335e+0 4.18693e-1
5.95697e+0 3.95825e-1
6.01159e+0 3.68842e-1
6.06670e+0 3.40557e-1
6.12898e+0 3.10151e-1
6.18410e+0 2.80877e-1
6.24636e+0 2.51461e-1
6.29912e+0 2.20866e-1
6.34106e+0 1.97932e-1
6.37462e+0 1.79618e-1
6.41655e+0 1.58004e-1
6.49024e+0 1.29922e-1
6.54103e+0 1.04664e-1
6.62590e+0 7.83950e-2
6.69282e+0 5.83483e-2
6.78481e+0 3.49429e-2
6.93508e+0 1.82550e-2
7.08505e+0 2.88617e-2
7.19042e+0 5.04287e-2
7.26128e+0 7.68606e-2
7.33434e+0 1.04546e-1
7.39242e+0 1.30492e-1
7.45046e+0 1.59654e-1
7.51446e+0 1.88952e-1
7.56654e+0 2.18062e-1
7.60798e+0 2.40748e-1
7.64942e+0 2.63270e-1
7.69085e+0 2.86781e-1
7.72396e+0 3.08560e-1
7.76775e+0 3.33627e-1
7.83174e+0 3.63552e-1
7.88150e+0 3.87674e-1
7.94124e+0 4.13842e-1
8.01017e+0 4.38740e-1
8.05581e+0 4.58539e-1
8.13058e+0 4.82743e-1
8.21371e+0 5.05315e-1
8.30518e+0 5.27754e-1
8.40499e+0 5.49863e-1
8.50478e+0 5.73292e-1
8.61292e+0 5.96815e-1
8.73772e+0 6.20645e-1
8.87922e+0 6.42589e-1
9.04575e+0 6.63618e-1
9.22901e+0 6.79907e-1
9.41236e+0 6.87737e-1
9.59576e+0 6.91427e-1
9.77920e+0 6.91247e-1
