1.05397e+1 1.12615e+0
1.16794e+1 1.25915e+0
1.29422e+1 1.40771e+0
1.42021e+1 1.55133e+0
1.52082e+1 1.74949e+0
1.61272e+1 1.95600e+0
1.71855e+1 2.19854e+0
1.83133e+1 2.46460e+0
1.94199e+1 2.77512e+0
2.05933e+1 3.13862e+0
2.18377e+1 3.54032e+0
2.32707e+1 3.98636e+0
2.48151e+1 4.48066e+0
2.57869e+1 5.06981e+0
2.68155e+1 5.79386e+0
2.78852e+1 6.68317e+0
2.88560e+1 7.78616e+0
2.97151e+1 9.05113e+0
3.05997e+1 1.05403e+1
3.15106e+1 1.22527e+1
3.26077e+1 1.42591e+1
3.40746e+1 1.63437e+1
3.57042e+1 1.86324e+1
3.73916e+1 2.11837e+1
3.88830e+1 2.38579e+1
4.04340e+1 2.69949e+1
4.19003e+1 3.02043e+1
4.39384e+1 3.45213e+1
4.72818e+1 3.85376e+1
5.89175e+1 4.66116e+1
8.33684e+1 4.55285e+1
1.20296e+2 4.12936e+1
1.33630e+2 4.10167e-1
1.33957e+2 3.95370e+1
1.38621e+2 4.54943e-1
1.49169e+2 3.77820e+1
1.50005e+2 6.20793e-1
1.54363e+2 6.88562e-1
1.60408e+2 9.38865e-1
1.63690e+2 1.03938e+0
1.65298e+2 3.59083e+1
1.70815e+2 1.43399e+0
1.75287e+2 1.59627e+0
1.87705e+2 2.19271e+0
1.93293e+2 2.42563e+0
2.20570e+2 3.05038e+1
2.23829e+2 3.28885e+0
2.40861e+2 3.68490e+0
2.45617e+2 2.87443e+1
2.69527e+2 5.00291e+0
2.73510e+2 2.69298e+1
2.88622e+2 5.57122e+0
3.04569e+2 2.51446e+1
3.39156e+2 2.34891e+1
3.56150e+2 7.43695e+0
3.77670e+2 2.18264e+1
3.92735e+2 7.50189e+0
4.20559e+2 2.02128e+1
4.68317e+2 1.87457e+1
5.21499e+2 1.74019e+1
5.21499e+2 8.87508e+0
5.77888e+2 9.08325e+0
5.80720e+2 1.61233e+1
6.46666e+2 1.48953e+1
7.20102e+2 1.37676e+1
7.71118e+2 9.26046e+0
8.01876e+2 1.27313e+1
8.50330e+2 9.16405e+0
8.92937e+2 1.17560e+1
9.94338e+2 1.08136e+1
1.10726e+3 9.92750e+0
1.13679e+3 8.63791e+0
1.25735e+3 8.89158e+0
1.27058e+3 8.44665e+0
1.40013e+3 8.28275e+0
1.55913e+3 7.61875e+0
1.73618e+3 7.05212e+0
1.93334e+3 6.47425e+0
2.15289e+3 5.88944e+0
2.41222e+3 5.56775e+0
2.63933e+3 1.13905e-2
2.66962e+3 5.62530e+0
2.66962e+3 4.97340e+0
2.68270e+3 1.27181e-2
2.74909e+3 1.54605e-2
2.83093e+3 5.48312e+0
2.83786e+3 1.91089e-2
2.91520e+3 2.17454e-2
2.97278e+3 4.55265e+0
3.00199e+3 2.63012e-2
3.13484e+3 3.24554e-2
3.21466e+3 3.67187e-2
3.33285e+3 4.24533e+0
3.40891e+3 4.43645e-2
3.68629e+3 4.60574e+0
3.68629e+3 3.80573e+0
3.81463e+3 5.48993e-2
3.96679e+3 6.20354e-2
4.04513e+3 4.34007e+0
4.10490e+3 3.49557e+0
4.18597e+3 7.53119e-2
4.52657e+3 9.23715e-2
4.57105e+3 3.21379e+0
4.84726e+3 1.05014e-1
5.09014e+3 2.95758e+0
5.34519e+3 3.58102e+0
5.47746e+3 1.24777e-1
5.66817e+3 2.69172e+0
5.89427e+3 3.34525e+0
6.31185e+3 2.46877e+0
6.56362e+3 1.30935e-1
7.02862e+3 2.25446e+0
7.30898e+3 1.37614e-1
7.78861e+3 1.40978e-1
7.82678e+3 2.72442e+0
7.82678e+3 2.06075e+0
8.67308e+3 2.54444e+0
8.71559e+3 1.88368e+0
8.88772e+3 1.45213e-1
9.70533e+3 1.71684e+0
1.07023e+4 1.44424e-1
1.08075e+4 1.56554e+0
1.15731e+4 2.03700e+0
1.19176e+4 1.42140e-1
1.20348e+4 1.42757e+0
1.26997e+4 1.40231e-1
1.27620e+4 1.90248e+0
1.34014e+4 1.30428e+0
1.44919e+4 1.34906e-1
1.49233e+4 1.18991e+0
1.66180e+4 1.08294e+0
1.69461e+4 1.51935e+0
1.72808e+4 1.25911e-1
1.85051e+4 9.87029e-1
1.87785e+4 1.40554e+0
1.92432e+4 1.19916e-1
2.05060e+4 1.16744e-1
2.06065e+4 9.00042e-1
2.29466e+4 8.21515e-1
2.35144e+4 1.08759e-1
2.50575e+4 1.12073e+0
2.55524e+4 7.50202e-1
2.76315e+4 1.03754e+0
2.81772e+4 9.87045e-2
2.84541e+4 6.80791e-1
3.13770e+4 9.27419e-2
3.16853e+4 6.18399e-1
3.34361e+4 8.95072e-2
3.52835e+4 5.64444e-1
3.70515e+4 8.16373e-1
3.83415e+4 8.17044e-2
3.92903e+4 5.14203e-1
4.08575e+4 7.56103e-1
4.37521e+4 4.67756e-1
4.59444e+4 7.27026e-2
4.87206e+4 4.25504e-1
5.11618e+4 6.76867e-2
5.42532e+4 5.96109e-1
5.42532e+4 3.86881e-1
5.45191e+4 6.49013e-2
6.01196e+4 5.50550e-1
6.04142e+4 3.51595e-1
6.25176e+4 5.88774e-2
6.72748e+4 3.20764e-1
7.49145e+4 2.93344e-1
7.49145e+4 5.17701e-2
8.02219e+4 4.35905e-1
8.34218e+4 2.68009e-1
8.34218e+4 4.80821e-2
8.84626e+4 4.02729e-1
8.88962e+4 4.60700e-2
9.28951e+4 2.42743e-1
1.01441e+5 4.14413e-2
1.03444e+5 2.20603e-1
1.15191e+5 2.01161e-1
1.17466e+5 3.15082e-1
1.22152e+5 3.61590e-2
1.28272e+5 1.83256e-1
1.30168e+5 2.90692e-1
1.36023e+5 3.35183e-2
1.42839e+5 1.66461e-1
1.44950e+5 3.21856e-2
1.59060e+5 1.51425e-1
1.65404e+5 2.86567e-2
1.73692e+5 2.26761e-1
1.77123e+5 1.37680e-1
1.91535e+5 2.09008e-1
1.97236e+5 1.25425e-1
1.99175e+5 2.48441e-2
2.19635e+5 1.14261e-1
2.21793e+5 2.28966e-2
2.36347e+5 2.19543e-2
2.44576e+5 1.03840e-1
2.54332e+5 1.63276e-1
2.69700e+5 1.95176e-2
2.72350e+5 9.41411e-2
2.81832e+5 1.50099e-1
3.03278e+5 8.54721e-2
3.24764e+5 1.68730e-2
3.37718e+5 7.77890e-2
3.61644e+5 1.54829e-2
3.76069e+5 1.16434e-1
3.76069e+5 7.09678e-2
3.85376e+5 1.48171e-2
4.16733e+5 1.07172e-1
4.18776e+5 6.50268e-2
4.39759e+5 1.31725e-2
4.66332e+5 5.90959e-2
5.19288e+5 5.37318e-2
5.29544e+5 1.13001e-2
5.56077e+5 8.26704e-2
5.78258e+5 4.90201e-2
5.89678e+5 1.03691e-2
6.13200e+5 7.61165e-2
6.25310e+5 1.00535e-2
6.43925e+5 4.48948e-2
7.17049e+5 4.06427e-2
7.98477e+5 3.71325e-2
8.14246e+5 5.92388e-2
8.89151e+5 3.42053e-2
9.02289e+5 5.46083e-2
9.66212e+5 3.19584e-2
