1.01662e+0 2.53336e-2
2.36792e+0 2.67516e-2
3.50785e+0 3.18497e-2
4.75346e+0 4.98928e-2
5.99907e+0 1.67971e-2
6.05003e+0 7.89768e-2
7.21233e+0 4.02283e-2
7.29564e+0 1.23359e-1
7.93543e+0 1.82087e-2
8.41878e+0 1.81316e-1
8.59645e+0 5.94521e-2
9.41743e+0 2.44184e-1
9.71703e+0 1.78004e-2
9.83582e+0 7.69064e-2
1.02155e+1 3.01480e-1
1.08305e+1 3.70497e-1
1.08758e+1 3.04570e-2
1.10696e+1 1.14155e-1
1.12808e+1 4.31623e-1
1.15760e+1 4.96241e-1
1.19683e+1 5.57150e-1
1.21139e+1 6.17941e-1
1.22002e+1 1.53575e-1
1.22271e+1 2.72315e-2
1.24083e+1 6.82868e-1
1.26278e+1 7.52329e-1
1.28543e+1 8.17669e-1
1.31169e+1 8.86386e-1
1.31802e+1 9.52409e-1
1.32934e+1 1.01363e+0
1.32996e+1 2.12524e-1
1.33595e+1 1.07223e+0
1.34727e+1 2.81124e-2
1.35105e+1 1.13140e+0
1.36237e+1 1.19305e+0
1.37370e+1 1.25470e+0
1.38502e+1 1.31635e+0
1.39257e+1 1.83338e+0
1.39634e+1 1.37885e+0
1.40389e+1 1.43957e+0
1.40389e+1 1.95072e+0
1.40955e+1 1.48131e+0
1.41522e+1 1.71346e+0
1.41522e+1 2.06807e+0
1.41578e+1 1.53297e+0
1.42121e+1 2.72967e-1
1.42654e+1 1.59696e+0
1.42824e+1 1.65516e+0
1.44056e+1 1.77383e+0
1.44919e+1 1.88910e+0
1.46051e+1 2.00364e+0
1.47184e+1 2.11716e+0
1.47184e+1 2.99209e-2
1.47750e+1 2.18540e+0
1.48078e+1 2.23213e+0
1.48089e+1 3.38884e-1
1.48316e+1 2.42739e+0
1.49618e+1 2.35849e+0
1.50581e+1 2.30019e+0
1.50581e+1 2.50403e+0
1.51147e+1 2.58541e+0
1.51983e+1 2.66877e+0
1.52279e+1 2.75276e+0
1.53115e+1 2.83495e+0
1.53223e+1 4.00602e-1
1.53412e+1 2.91858e+0
1.53412e+1 3.04256e+0
1.54041e+1 2.99621e+0
1.54544e+1 3.08287e+0
1.54544e+1 3.70075e+0
1.55280e+1 3.16425e+0
1.55676e+1 3.24511e+0
1.56299e+1 3.32535e+0
1.56809e+1 3.40583e+0
1.57375e+1 3.48823e+0
1.57516e+1 4.73230e-1
1.57941e+1 3.57063e+0
1.58948e+1 3.64730e+0
1.59073e+1 3.73390e+0
1.60149e+1 3.81375e+0
1.60424e+1 2.90505e-2
1.60772e+1 3.89531e+0
1.61126e+1 5.49591e-1
1.63641e+1 3.95379e+0
1.64698e+1 6.27611e-1
1.65868e+1 4.01778e+0
1.66695e+1 6.97818e-1
1.68281e+1 4.10378e+0
1.68612e+1 7.64533e-1
1.70615e+1 4.17560e+0
1.70904e+1 8.47576e-1
1.72096e+1 2.26377e-2
1.73467e+1 3.87376e+0
1.73961e+1 9.39745e-1
1.74273e+1 3.78585e+0
1.74463e+1 3.66914e+0
1.74883e+1 1.01570e+0
1.74927e+1 3.95664e+0
1.74927e+1 3.72772e+0
1.75115e+1 4.03119e+0
1.75493e+1 1.07949e+0
1.75596e+1 3.55642e+0
1.76059e+1 3.61546e+0
1.76625e+1 4.11906e+0
1.76625e+1 1.13770e+0
1.76728e+1 3.44324e+0
1.77191e+1 3.50270e+0
1.78135e+1 1.19906e+0
1.78324e+1 3.38891e+0
1.78324e+1 3.33279e+0
1.78890e+1 3.27578e+0
1.79343e+1 1.27146e+0
1.79611e+1 3.21455e+0
1.80022e+1 3.15518e+0
1.80022e+1 1.33784e+0
1.80683e+1 3.03183e+0
1.80743e+1 3.09395e+0
1.80912e+1 1.40226e+0
1.81721e+1 2.97460e+0
1.81721e+1 2.91847e+0
1.82287e+1 2.86202e+0
1.82905e+1 2.80079e+0
1.82948e+1 2.73823e+0
1.83193e+1 1.47996e+0
1.83220e+1 1.55649e+0
1.84080e+1 2.56028e+0
1.84552e+1 2.61710e+0
1.84552e+1 2.74613e-2
1.84892e+1 1.65437e+0
1.84987e+1 2.67783e+0
1.85212e+1 2.43230e+0
1.86194e+1 1.75998e+0
1.86250e+1 2.49795e+0
1.86345e+1 2.26009e+0
1.86817e+1 2.31699e+0
1.86817e+1 1.80258e+0
1.87086e+1 1.87280e+0
1.87288e+1 2.37616e+0
1.87477e+1 2.13997e+0
1.88025e+1 1.96449e+0
1.88297e+1 2.20566e+0
1.88657e+1 2.02835e+0
1.89081e+1 2.08277e+0
1.93611e+1 1.63418e+0
1.94366e+1 1.86888e+0
1.94640e+1 1.68984e+0
1.94743e+1 1.80085e+0
1.94743e+1 1.75408e+0
1.94743e+1 2.15461e+0
1.94743e+1 1.95052e+0
1.94846e+1 1.44562e+0
1.94905e+1 1.57769e+0
1.95309e+1 1.50356e+0
1.95309e+1 2.61764e+0
1.95309e+1 2.56215e+0
1.95309e+1 2.49816e+0
1.95309e+1 2.44289e+0
1.95309e+1 2.31023e+0
1.95309e+1 2.24135e+0
1.95309e+1 2.19798e+0
1.95423e+1 2.36788e+0
1.95979e+1 1.38857e+0
1.96114e+1 2.75829e+0
1.96329e+1 2.67453e+0
1.96442e+1 2.81280e+0
1.96770e+1 2.87067e+0
1.97008e+1 3.43721e-2
1.97763e+1 1.32718e+0
1.97952e+1 2.96912e+0
1.98140e+1 1.26448e+0
1.99046e+1 1.19400e+0
2.00091e+1 3.06521e+0
2.00179e+1 1.11560e+0
2.01276e+1 3.13187e+0
2.02009e+1 3.19757e+0
2.02931e+1 1.04738e+0
2.04586e+1 3.25274e+0
2.04935e+1 9.84526e-1
2.06067e+1 9.30252e-1
2.08332e+1 8.74814e-1
2.09464e+1 4.33703e-2
2.09813e+1 8.13439e-1
2.11832e+1 3.02217e+0
2.12106e+1 3.17585e+0
2.12295e+1 3.23878e+0
2.12437e+1 3.09910e+0
2.13088e+1 7.47843e-1
2.13427e+1 2.96733e+0
2.13994e+1 2.90921e+0
2.14088e+1 2.84568e+0
2.15787e+1 2.72195e+0
2.15950e+1 2.78397e+0
2.16171e+1 6.80756e-1
2.16825e+1 2.66425e+0
2.17391e+1 2.60677e+0
2.17494e+1 2.54462e+0
2.18674e+1 2.47324e+0
2.19184e+1 2.40092e+0
2.19939e+1 6.17666e-1
2.20721e+1 2.32619e+0
2.21354e+1 2.25656e+0
2.21508e+1 5.63294e-1
2.21920e+1 2.19811e+0
2.21920e+1 1.90131e-2
2.22486e+1 2.14022e+0
2.22581e+1 2.08095e+0
2.22617e+1 7.74473e-2
2.23295e+1 2.01200e+0
2.24562e+1 1.95296e+0
2.25034e+1 1.87362e+0
2.26331e+1 1.77048e+0
2.26363e+1 5.07828e-1
2.26624e+1 1.68273e+0
2.28148e+1 1.62181e+0
2.28243e+1 1.56326e+0
2.28817e+1 1.50325e+0
2.29564e+1 4.45428e-1
2.30413e+1 1.42217e+0
2.32112e+1 1.32011e+0
2.32772e+1 1.24414e+0
2.33244e+1 3.88712e-1
2.33347e+1 1.18526e+0
2.33395e+1 2.25563e-2
2.35376e+1 9.89387e-2
2.35832e+1 1.12143e+0
2.36264e+1 1.05300e+0
2.37876e+1 9.94607e-1
2.39812e+1 9.25472e-1
2.40038e+1 3.25591e-1
2.42445e+1 8.47928e-1
2.43435e+1 7.80986e-1
2.46185e+1 2.68213e-1
2.46323e+1 1.33275e-1
2.46833e+1 2.16611e-2
2.47436e+1 7.18120e-1
2.49475e+1 6.53058e-1
2.52777e+1 5.95645e-1
2.55891e+1 5.35976e-1
2.56401e+1 2.10551e-1
2.59289e+1 2.16143e-2
2.60334e+1 4.78461e-1
2.60583e+1 1.64473e-1
2.63656e+1 4.17207e-1
2.68222e+1 2.61813e-1
2.70461e+1 3.72099e-1
2.70914e+1 1.55323e-1
2.71745e+1 2.22632e-2
2.76180e+1 3.18334e-1
2.77892e+1 1.17577e-1
2.80124e+1 3.94003e-1
2.80804e+1 3.46804e-1
2.82098e+1 4.61297e-1
2.82536e+1 2.40475e-1
2.84578e+1 2.54523e-2
2.85682e+1 5.43714e-1
2.87772e+1 6.07092e-1
2.90267e+1 6.73679e-1
2.90924e+1 1.18264e-1
2.92316e+1 7.52109e-1
2.92650e+1 1.95359e-1
2.94392e+1 8.47152e-1
2.96972e+1 9.34214e-1
2.97714e+1 2.97975e-2
2.97876e+1 1.01700e+0
2.98922e+1 1.08920e+0
3.00998e+1 1.17727e+0
3.02238e+1 1.26313e+0
3.02715e+1 1.22865e-1
3.04317e+1 1.34339e+0
3.04584e+1 1.41553e+0
3.04584e+1 4.77704e-2
3.05635e+1 1.48215e+0
3.07131e+1 1.56248e+0
3.08068e+1 1.63925e+0
3.09113e+1 1.70332e+0
3.09340e+1 1.75995e-2
3.10681e+1 1.76836e+0
3.11227e+1 1.84123e+0
3.12793e+1 1.90990e+0
3.14775e+1 1.18349e-1
3.14908e+1 1.98458e+0
3.16379e+1 6.35786e-2
3.17824e+1 2.04857e+0
3.21047e+1 2.09880e+0
3.22631e+1 2.04196e-2
3.27469e+1 1.94895e+0
3.28202e+1 2.04477e+0
3.28363e+1 1.87000e+0
3.28363e+1 9.13951e-2
3.29118e+1 1.80970e+0
3.30890e+1 1.74395e+0
3.32457e+1 1.67566e+0
3.33572e+1 1.60372e+0
3.34287e+1 1.52866e+0
3.34691e+1 4.24904e-2
3.35515e+1 1.44379e+0
3.37622e+1 1.34776e+0
3.38555e+1 1.27323e+0
3.39838e+1 1.20266e+0
3.40725e+1 1.12914e+0
3.41952e+1 1.06727e+0
3.43084e+1 1.00905e+0
3.44217e+1 9.52461e-1
3.44914e+1 8.92213e-1
3.46212e+1 4.69205e-2
3.47614e+1 8.17578e-1
3.49808e+1 7.40058e-1
3.51011e+1 6.70651e-1
3.53363e+1 6.13322e-1
3.56673e+1 5.53652e-1
3.58075e+1 3.71573e-2
3.60070e+1 4.85883e-1
3.64033e+1 4.25576e-1
3.69483e+1 3.66720e-1
3.70261e+1 3.09380e-2
3.75923e+1 3.01642e-1
3.82070e+1 2.46200e-1
3.82717e+1 2.60208e-2
3.91577e+1 1.91293e-1
3.95174e+1 2.56261e-2
4.00684e+1 1.41412e-1
4.07630e+1 4.15491e-2
4.10524e+1 1.09259e-1
4.19847e+1 2.53076e-2
4.21218e+1 9.47569e-2
4.33513e+1 2.67907e-2
4.34146e+1 8.51609e-2
4.44243e+1 2.95931e-2
4.47011e+1 1.06742e-1
4.57454e+1 2.88709e-2
4.57987e+1 1.62981e-1
4.58587e+1 7.18881e-2
4.66867e+1 2.23331e-1
4.70180e+1 2.39803e-2
4.72660e+1 2.86313e-1
4.77271e+1 3.46066e-1
4.80479e+1 4.16890e-1
4.82366e+1 2.11239e-2
4.84196e+1 4.82722e-1
4.85938e+1 5.47671e-1
4.88352e+1 6.16263e-1
4.90859e+1 6.89781e-1
4.92691e+1 7.70322e-1
4.94351e+1 2.85970e-2
4.94634e+1 8.59488e-1
4.97024e+1 9.52879e-1
4.99650e+1 1.04761e+0
5.01466e+1 1.13351e+0
5.03882e+1 1.20987e+0
5.07279e+1 2.83358e-2
5.07878e+1 1.27299e+0
5.14073e+1 1.31803e+0
5.18036e+1 1.25476e+0
5.18705e+1 1.19625e+0
5.19735e+1 2.64336e-2
5.20490e+1 1.13739e+0
5.22323e+1 1.07042e+0
5.24642e+1 1.00387e+0
5.25397e+1 9.45287e-1
5.26632e+1 8.86838e-1
5.28794e+1 8.17036e-1
5.30971e+1 7.39622e-1
5.32104e+1 6.72700e-1
5.32191e+1 2.56910e-2
5.34342e+1 6.16782e-1
5.36154e+1 5.49138e-1
5.39784e+1 4.68961e-1
5.43302e+1 3.93811e-1
5.44647e+1 2.56442e-2
5.49101e+1 3.29043e-1
5.54838e+1 2.66774e-1
5.57103e+1 2.42059e-2
5.61981e+1 2.17503e-1
5.69559e+1 2.29994e-2
5.71586e+1 1.68675e-1
5.81816e+1 1.16095e-1
5.82986e+1 2.79237e-2
5.93472e+1 2.35252e-2
5.94471e+1 9.27143e-2
6.06550e+1 6.45291e-2
6.07381e+1 2.05613e-2
6.19384e+1 3.24370e-2
6.31840e+1 2.54325e-2
6.44026e+1 2.10188e-2
6.56752e+1 3.00933e-2
6.70179e+1 2.59014e-2
6.81664e+1 2.21143e-2
6.94120e+1 3.04167e-2
7.06577e+1 4.35894e-2
7.18844e+1 1.66688e-2
7.19913e+1 8.03966e-2
7.30774e+1 1.33033e-1
7.31489e+1 2.23909e-2
7.40748e+1 1.97184e-1
7.43945e+1 2.23441e-2
7.46738e+1 2.59079e-1
7.51175e+1 3.19819e-1
7.54419e+1 3.85364e-1
7.56401e+1 2.09058e-2
7.57958e+1 4.59174e-1
7.61130e+1 5.38060e-1
7.63290e+1 6.13711e-1
7.65460e+1 6.72340e-1
7.68102e+1 7.30195e-1
7.68857e+1 1.96993e-2
7.71273e+1 7.95747e-1
7.76708e+1 8.49641e-1
7.81313e+1 1.96525e-2
7.85277e+1 8.47908e-1
7.86661e+1 7.68250e-1
7.89617e+1 6.93548e-1
7.91586e+1 6.32070e-1
7.93769e+1 1.96057e-2
7.94728e+1 5.65546e-1
7.95751e+1 5.07079e-1
7.99165e+1 4.38273e-1
8.03281e+1 3.63974e-1
8.06226e+1 1.95589e-2
8.07601e+1 2.97264e-1
8.12292e+1 2.38205e-1
8.18682e+1 1.95121e-2
8.19663e+1 1.87884e-1
8.30275e+1 1.36700e-1
8.31138e+1 1.94653e-2
8.41678e+1 1.04987e-1
8.43594e+1 2.74506e-2
8.54918e+1 7.27180e-2
8.56522e+1 2.33029e-2
8.68506e+1 3.25444e-2
8.80962e+1 2.27569e-2
8.92634e+1 2.61026e-2
9.05874e+1 2.68379e-2
9.18331e+1 2.51676e-2
9.30787e+1 2.41931e-2
9.43243e+1 2.15951e-2
9.55699e+1 2.15483e-2
9.68155e+1 2.15015e-2
9.80611e+1 2.14547e-2
9.93067e+1 2.23356e-2
1.00552e+2 2.41442e-2
1.01825e+2 2.93311e-2
1.03044e+2 3.01965e-2
1.04289e+2 3.01497e-2
1.05535e+2 3.46253e-2
1.06780e+2 5.66111e-2
1.07638e+2 1.98193e-2
1.07982e+2 1.16991e-1
1.08819e+2 2.61527e-2
1.08944e+2 1.80917e-1
1.09574e+2 2.49944e-1
1.09995e+2 3.13995e-1
1.10064e+2 2.61059e-2
1.10319e+2 3.74752e-1
1.10691e+2 4.32106e-1
1.10970e+2 4.90611e-1
1.11310e+2 2.60591e-2
1.11338e+2 5.44577e-1
1.11869e+2 5.96813e-1
1.12556e+2 2.60123e-2
1.12839e+2 5.92355e-1
1.12947e+2 5.32105e-1
1.13376e+2 4.72006e-1
1.13556e+2 4.14386e-1
1.13801e+2 2.59655e-2
1.14068e+2 3.51955e-1
1.14348e+2 2.87224e-1
1.14850e+2 2.28997e-1
1.15047e+2 2.59187e-2
1.15570e+2 1.71314e-1
1.16302e+2 3.43922e-2
1.16559e+2 1.32919e-1
1.17528e+2 6.44013e-2
1.18034e+2 1.52094e-2
1.18784e+2 7.79607e-2
1.19342e+2 3.08595e-2
1.20482e+2 3.02369e-2
1.21728e+2 2.56676e-2
1.22973e+2 2.49250e-2
1.24219e+2 2.17473e-2
1.25465e+2 2.17005e-2
1.26710e+2 2.16537e-2
1.27956e+2 2.16068e-2
1.29201e+2 2.15600e-2
1.30447e+2 2.15132e-2
1.31693e+2 2.14664e-2
1.32938e+2 2.14196e-2
1.34184e+2 2.10249e-2
1.35429e+2 1.74993e-2
1.36675e+2 1.74525e-2
1.37921e+2 1.74057e-2
1.39166e+2 1.73588e-2
1.40412e+2 1.73120e-2
1.41658e+2 1.72652e-2
1.42903e+2 1.72184e-2
1.44149e+2 1.71716e-2
1.45394e+2 1.71248e-2
1.46640e+2 1.70780e-2
1.47886e+2 1.70312e-2
1.49131e+2 1.69844e-2
1.49867e+2 1.69567e-2
