5.59791e-2 1.01812e-1
7.66754e-2 1.67964e-1
1.20138e-1 3.26705e-1
1.36695e-1 4.09153e-1
1.49113e-1 4.90658e-1
1.69809e-1 5.75371e-1
1.86366e-1 6.57819e-1
2.04697e-1 7.37613e-1
2.19480e-1 8.27244e-1
2.36037e-1 9.08560e-1
2.56733e-1 9.90631e-1
2.77430e-1 1.07195e+0
2.98126e-1 1.15364e+0
3.18822e-1 1.23533e+0
3.43658e-1 1.31816e+0
3.64354e-1 1.39834e+0
3.89190e-1 1.47795e+0
4.14370e-1 1.55629e+0
4.72757e-1 1.62928e+0
5.39629e-1 1.68492e+0
5.97108e-1 1.71868e+0
6.73074e-1 1.75553e+0
8.40369e-1 1.79757e+0
9.23155e-1 1.80945e+0
1.00594e+0 1.81889e+0
1.09700e+0 1.82348e+0
1.17979e+0 1.82986e+0
1.26257e+0 1.83511e+0
1.34536e+0 1.84115e+0
1.43228e+0 1.84474e+0
1.60406e+0 1.84906e+0
1.68478e+0 1.84417e+0
1.76756e+0 1.84191e+0
1.85656e+0 1.83743e+0
1.93727e+0 1.83021e+0
2.00528e+0 1.79026e+0
2.09121e+0 1.74134e+0
2.14010e+0 1.67795e+0
2.20688e+0 1.62886e+0
2.43179e+0 1.54467e+0
2.67745e+0 1.44042e+0
2.75271e+0 1.41180e+0
2.89854e+0 1.32867e+0
3.12593e+0 1.19743e+0
3.18497e+0 1.15091e+0
3.25445e+0 1.10288e+0
3.32156e+0 1.05292e+0
3.39181e+0 1.00238e+0
3.45727e+0 9.48706e-1
3.52013e+0 8.91831e-1
3.58502e+0 8.38883e-1
3.64354e+0 7.76748e-1
3.69812e+0 7.11414e-1
3.75618e+0 6.50151e-1
3.86706e+0 5.22813e-1
3.92053e+0 4.56006e-1
3.97411e+0 3.93799e-1
4.02760e+0 3.24320e-1
4.07479e+0 2.56080e-1
4.12369e+0 1.88829e-1
4.22303e+0 5.20031e-2
1.00442e-1 2.49400e-1
7.60486e-1 1.78897e+0
1.51619e+0 1.84652e+0
4.18506e+0 1.29496e-1
3.81678e+0 5.94724e-1
2.28146e+0 1.59712e+0
2.35798e+0 1.57794e+0
2.50147e+0 1.51079e+0
2.58756e+0 1.48201e+0
2.82671e+0 1.37650e+0
2.97020e+0 1.29976e+0
3.04673e+0 1.25180e+0
