4.56309e-2 1.58736e-1
5.08050e-2 8.04281e-2
5.18398e-2 3.25120e-1
5.18398e-2 2.43974e-1
5.59791e-2 4.11040e-1
6.21781e-2 4.94005e-1
7.25361e-2 5.79559e-1
8.08147e-2 6.63404e-1
8.70236e-2 9.21348e-1
8.70236e-2 8.35336e-1
8.70236e-2 7.49093e-1
8.90932e-2 1.08740e+0
8.90932e-2 1.00432e+0
9.11628e-2 1.17270e+0
9.32324e-2 1.25716e+0
9.73717e-2 1.34142e+0
9.94413e-2 1.42381e+0
1.01511e-1 1.50911e+0
1.05650e-1 1.59233e+0
1.07720e-1 1.67724e+0
1.14870e-1 1.76040e+0
1.76018e-1 1.80962e+0
2.58803e-1 1.81460e+0
3.43658e-1 1.82065e+0
4.28513e-1 1.82291e+0
5.13368e-1 1.82228e+0
5.96153e-1 1.82228e+0
6.81008e-1 1.82228e+0
7.65863e-1 1.82304e+0
8.50718e-1 1.82872e+0
9.35573e-1 1.83335e+0
1.02131e+0 1.83325e+0
1.11770e+0 1.82965e+0
1.21008e+0 1.83213e+0
1.30574e+0 1.83213e+0
1.37270e+0 1.83213e+0
1.44926e+0 1.82480e+0
1.52749e+0 1.82895e+0
1.61938e+0 1.82519e+0
1.69720e+0 1.82150e+0
1.78619e+0 1.81931e+0
1.88967e+0 1.80776e+0
1.91451e+0 1.75131e+0
1.92693e+0 1.65958e+0
1.93727e+0 1.58116e+0
1.94969e+0 1.49622e+0
1.96004e+0 1.40991e+0
1.98315e+0 1.32852e+0
2.04490e+0 1.27571e+0
2.12975e+0 1.26630e+0
2.21667e+0 1.26567e+0
2.29946e+0 1.25820e+0
2.38431e+0 1.25779e+0
2.46710e+0 1.25479e+0
2.55195e+0 1.25177e+0
2.63888e+0 1.25198e+0
2.72373e+0 1.25364e+0
2.80652e+0 1.25364e+0
2.89137e+0 1.25343e+0
2.97623e+0 1.25647e+0
3.07930e+0 1.25756e+0
3.13116e+0 1.25690e+0
3.22252e+0 1.25113e+0
3.31358e+0 1.25696e+0
3.39843e+0 1.25779e+0
3.48122e+0 1.24603e+0
3.56400e+0 1.22043e+0
3.59091e+0 1.16772e+0
3.60540e+0 1.08666e+0
3.62402e+0 1.00272e+0
3.64265e+0 9.17616e-1
3.65702e+0 8.43388e-1
3.67783e+0 7.50984e-1
3.69646e+0 6.68007e-1
3.71302e+0 5.85936e-1
3.73371e+0 5.02545e-1
3.74820e+0 4.21832e-1
3.76683e+0 3.38969e-1
3.78546e+0 2.56011e-1
3.80201e+0 1.74864e-1
3.82271e+0 9.10199e-2
3.83927e+0 2.63206e-2
