6.21781e-2  9.11271e-2
1.00442e-1  1.58273e-1
1.29139e-1  2.35012e-1
1.67403e-1  3.11751e-1
1.96100e-1  3.88489e-1
2.20015e-1  4.70024e-1
2.43929e-1  5.51559e-1
2.67844e-1  6.33094e-1
2.96542e-1  7.19424e-1
3.25239e-1  8.00959e-1
3.53937e-1  8.77698e-1
3.82634e-1  9.54436e-1
4.11332e-1  1.03597e+0
4.44812e-1  1.11271e+0
4.73510e-1  1.19424e+0
5.06990e-1  1.27098e+0
5.40471e-1  1.34772e+0
5.78734e-1  1.41966e+0
6.26564e-1  1.49161e+0
6.74393e-1  1.55875e+0
7.31788e-1  1.62590e+0
7.98749e-1  1.67386e+0
8.75276e-1  1.70743e+0
9.56586e-1  1.73621e+0
1.03790e+0  1.76019e+0
1.11921e+0  1.77458e+0
1.20530e+0  1.78897e+0
1.28661e+0  1.80336e+0
1.37270e+0  1.80815e+0
1.45401e+0  1.81295e+0
1.54010e+0  1.81295e+0
1.62141e+0  1.81775e+0
1.70751e+0  1.81295e+0
1.79360e+0  1.80815e+0
1.87969e+0  1.80336e+0
1.96100e+0  1.79376e+0
2.04709e+0  1.78417e+0
2.12362e+0  1.76019e+0
2.20493e+0  1.73621e+0
2.28624e+0  1.70743e+0
2.35320e+0  1.65468e+0
2.41538e+0  1.60671e+0
2.49191e+0  1.55875e+0
2.56843e+0  1.52518e+0
2.64496e+0  1.49161e+0
2.72149e+0  1.45803e+0
2.80280e+0  1.42446e+0
2.87454e+0  1.38609e+0
2.94628e+0  1.34293e+0
3.01803e+0  1.29976e+0
3.09455e+0  1.26139e+0
3.16630e+0  1.21823e+0
3.23804e+0  1.17506e+0
3.30979e+0  1.12710e+0
3.38153e+0  1.08393e+0
3.45327e+0  1.03597e+0
3.52024e+0  9.92806e-1
3.59198e+0  9.35252e-1
3.65416e+0  8.87290e-1
3.72112e+0  8.39329e-1
3.78330e+0  7.76978e-1
3.85026e+0  7.19424e-1
3.91244e+0  6.66667e-1
3.97940e+0  6.09113e-1
4.03679e+0  5.51559e-1
4.09897e+0  4.89209e-1
4.15636e+0  4.31655e-1
4.21854e+0  3.74101e-1
4.27594e+0  3.11751e-1
4.33333e+0  2.49400e-1
4.39073e+0  1.87050e-1
4.44334e+0  1.19904e-1
4.50074e+0  6.23501e-2
4.56770e+0  4.79616e-3
