1.24567e-2 1.25538e-2
7.96928e-2 1.11178e-1
1.16470e-1 2.33116e-1
1.37106e-1 3.46542e-1
1.44284e-1 4.27709e-1
1.59038e-1 5.43421e-1
1.69630e-1 1.19298e+0
1.64023e-1 1.06467e+0
1.64145e-1 9.56334e-1
1.67060e-1 8.54076e-1
1.62864e-1 7.55870e-1
1.63443e-1 6.58986e-1
1.72995e-1 1.31456e+0
1.99912e-1 1.42782e+0
2.31955e-1 1.52798e+0
3.03093e-1 1.64040e+0
3.97301e-1 1.72077e+0
4.97432e-1 1.76379e+0
5.96663e-1 1.78388e+0
6.93386e-1 1.78953e+0
7.92080e-1 1.80085e+0
8.90775e-1 1.80494e+0
9.89470e-1 1.80657e+0
1.08816e+0 1.80984e+0
1.18686e+0 1.81311e+0
1.28555e+0 1.81229e+0
1.38425e+0 1.81352e+0
1.48294e+0 1.80820e+0
1.58292e+0 1.79321e+0
1.67769e+0 1.76915e+0
1.77903e+0 1.71954e+0
1.87772e+0 1.65703e+0
1.97642e+0 1.57899e+0
2.07511e+0 1.50218e+0
2.17381e+0 1.44416e+0
2.27250e+0 1.40248e+0
2.37120e+0 1.36489e+0
2.46989e+0 1.33017e+0
2.56859e+0 1.29462e+0
2.66728e+0 1.26152e+0
2.76598e+0 1.22761e+0
2.86467e+0 1.19043e+0
2.96337e+0 1.14957e+0
3.06497e+0 1.10816e+0
3.16076e+0 1.04865e+0
3.26045e+0 9.94323e-1
3.35889e+0 9.13396e-1
3.46058e+0 8.27691e-1
3.55105e+0 7.28040e-1
3.63870e+0 6.38303e-1
3.71972e+0 5.35865e-1
3.81573e+0 4.33740e-1
3.88751e+0 3.12210e-1
3.97067e+0 2.16832e-1
4.05199e+0 1.27723e-1
4.13856e+0 4.97070e-2
