7.28363e-2 8.91200e-2
1.07384e-1 1.18485e-1
1.29292e-1 1.60933e-1
1.57639e-1 1.86911e-1
1.71741e-1 2.34251e-1
1.98726e-1 2.81811e-1
2.04043e-1 3.24250e-1
2.23818e-1 3.57014e-1
2.36687e-1 4.10888e-1
2.58314e-1 4.81603e-1
2.80823e-1 5.80972e-1
2.75677e-1 5.37101e-1
2.95591e-1 7.15170e-1
3.09767e-1 7.90947e-1
3.17526e-1 8.47646e-1
3.23407e-1 8.95387e-1
3.30675e-1 9.37890e-1
3.37917e-1 9.83898e-1
3.48589e-1 1.04184e+0
3.55918e-1 1.08675e+0
3.67036e-1 1.12425e+0
3.77065e-1 1.16967e+0
3.87356e-1 1.20611e+0
4.01138e-1 1.24234e+0
4.13177e-1 1.28617e+0
4.31677e-1 1.32530e+0
4.52449e-1 1.36414e+0
4.72593e-1 1.39989e+0
4.91488e-1 1.44219e+0
5.18800e-1 1.47819e+0
5.49067e-1 1.51376e+0
5.81482e-1 1.55096e+0
6.17671e-1 1.58482e+0
6.55404e-1 1.61469e+0
6.95303e-1 1.64323e+0
7.30869e-1 1.66262e+0
7.71346e-1 1.69273e+0
8.06334e-1 1.70100e+0
8.45610e-1 1.71754e+0
8.81799e-1 1.73140e+0
9.19532e-1 1.73880e+0
9.57264e-1 1.75439e+0
9.94997e-1 1.75898e+0
1.02970e+0 1.77370e+0
1.07046e+0 1.77330e+0
1.10905e+0 1.78146e+0
1.14593e+0 1.78363e+0
1.18063e+0 1.78987e+0
1.22139e+0 1.79100e+0
1.25912e+0 1.79121e+0
1.29686e+0 1.79181e+0
1.33459e+0 1.79319e+0
1.39579e+0 1.79334e+0
1.45702e+0 1.79337e+0
1.53011e+0 1.77400e+0
1.56866e+0 1.77092e+0
1.60558e+0 1.76829e+0
1.64434e+0 1.75916e+0
1.67888e+0 1.76190e+0
1.71111e+0 1.74018e+0
1.74658e+0 1.73670e+0
1.78362e+0 1.72307e+0
1.82168e+0 1.71132e+0
1.86018e+0 1.70150e+0
1.89680e+0 1.68899e+0
1.93488e+0 1.67516e+0
1.97261e+0 1.66123e+0
2.01034e+0 1.64746e+0
2.04653e+0 1.63408e+0
2.08049e+0 1.61893e+0
2.11452e+0 1.60785e+0
2.14629e+0 1.58920e+0
2.17883e+0 1.58158e+0
2.20546e+0 1.56306e+0
2.23800e+0 1.55124e+0
2.26978e+0 1.53385e+0
2.30318e+0 1.52289e+0
2.33495e+0 1.50469e+0
2.36898e+0 1.49313e+0
2.40293e+0 1.47523e+0
2.43696e+0 1.46275e+0
2.46873e+0 1.44500e+0
2.50213e+0 1.43277e+0
2.53391e+0 1.41403e+0
2.56731e+0 1.40225e+0
2.59908e+0 1.38305e+0
2.63198e+0 1.37202e+0
2.66133e+0 1.35157e+0
2.69372e+0 1.34190e+0
2.72307e+0 1.32098e+0
2.75511e+0 1.31131e+0
2.78174e+0 1.29077e+0
2.81378e+0 1.28006e+0
2.84313e+0 1.25942e+0
2.87665e+0 1.24431e+0
2.91061e+0 1.22470e+0
2.94377e+0 1.20960e+0
2.97041e+0 1.18876e+0
3.00244e+0 1.17750e+0
3.03179e+0 1.15438e+0
3.06419e+0 1.14109e+0
3.09354e+0 1.11863e+0
3.12557e+0 1.10637e+0
3.15221e+0 1.08250e+0
3.18425e+0 1.06950e+0
3.21359e+0 1.04514e+0
3.24563e+0 1.03180e+0
3.27227e+0 1.00813e+0
3.30430e+0 9.93625e-1
3.33365e+0 9.68880e-1
3.36550e+0 9.55303e-1
3.38908e+0 9.30371e-1
3.42057e+0 9.17968e-1
3.44721e+0 8.91670e-1
3.47871e+0 8.79505e-1
3.49884e+0 8.53831e-1
3.53034e+0 8.41377e-1
3.55698e+0 8.14776e-1
3.58847e+0 8.00717e-1
3.61205e+0 7.74390e-1
3.64354e+0 7.59327e-1
3.67017e+0 7.31917e-1
3.70166e+0 7.17409e-1
3.72525e+0 6.90437e-1
3.75656e+0 6.77013e-1
3.77669e+0 6.49392e-1
3.80801e+0 6.38832e-1
3.82814e+0 6.10523e-1
3.85973e+0 5.99643e-1
3.87590e+0 5.72016e-1
3.90749e+0 5.61898e-1
3.92762e+0 5.33818e-1
3.95893e+0 5.19306e-1
3.98251e+0 4.91152e-1
4.01510e+0 4.81572e-1
4.03395e+0 4.49892e-1
4.06734e+0 4.41717e-1
4.11088e+0 4.07190e-1
4.14030e+0 3.82946e-1
4.17636e+0 3.41054e-1
4.22948e+0 2.99136e-1
4.28609e+0 2.56933e-1
4.33581e+0 2.21494e-1
4.38236e+0 1.95263e-1
4.41125e+0 1.71030e-1
4.46677e+0 1.33962e-1
4.52436e+0 9.05449e-2
4.58351e+0 4.36437e-2
4.62271e+0 1.01051e-2
2.90847e-1 6.48809e-1
