7.51127e-2 6.67439e-2
1.14891e-1 1.06031e-1
1.66015e-1 1.46879e-1
2.11172e-1 2.25788e-1
2.51787e-1 2.96685e-1
2.92123e-1 3.72569e-1
2.77213e-1 3.22332e-1
3.31587e-1 4.53130e-1
3.19959e-1 3.99674e-1
3.65635e-1 5.22228e-1
3.56273e-1 4.74868e-1
3.91516e-1 5.48988e-1
4.34878e-1 6.83759e-1
4.28876e-1 6.35998e-1
4.69357e-1 7.67877e-1
4.63027e-1 7.18711e-1
5.04469e-1 8.47257e-1
4.95047e-1 7.94980e-1
5.43905e-1 9.74013e-1
5.37692e-1 9.18154e-1
5.74936e-1 1.03266e+0
5.67598e-1 9.79742e-1
5.99935e-1 1.08375e+0
6.26804e-1 1.13456e+0
6.50476e-1 1.17563e+0
6.81872e-1 1.21972e+0
7.10449e-1 1.27612e+0
7.44752e-1 1.31423e+0
7.83260e-1 1.36731e+0
8.27415e-1 1.41286e+0
8.72278e-1 1.45710e+0
9.18381e-1 1.49536e+0
9.65512e-1 1.53032e+0
1.01265e+0 1.56245e+0
1.06023e+0 1.58914e+0
1.10614e+0 1.61362e+0
1.15488e+0 1.63412e+0
1.20056e+0 1.65720e+0
1.25213e+0 1.66999e+0
1.29162e+0 1.67757e+0
1.34513e+0 1.69400e+0
1.39000e+0 1.70649e+0
1.43572e+0 1.69967e+0
1.48737e+0 1.71416e+0
1.52891e+0 1.70805e+0
1.57881e+0 1.72016e+0
1.62601e+0 1.72074e+0
1.67658e+0 1.71390e+0
1.71644e+0 1.71449e+0
1.76959e+0 1.71149e+0
1.81120e+0 1.70651e+0
1.86311e+0 1.70529e+0
1.91055e+0 1.69374e+0
1.95460e+0 1.69634e+0
2.00778e+0 1.68012e+0
2.05103e+0 1.66020e+0
2.09826e+0 1.64789e+0
2.14275e+0 1.63055e+0
2.19346e+0 1.61835e+0
2.23891e+0 1.60367e+0
2.28754e+0 1.58482e+0
2.33420e+0 1.56668e+0
2.38234e+0 1.54968e+0
2.42710e+0 1.53027e+0
2.47746e+0 1.51193e+0
2.52348e+0 1.49149e+0
2.56993e+0 1.47092e+0
2.62041e+0 1.44782e+0
2.66478e+0 1.42565e+0
2.71090e+0 1.40606e+0
2.75977e+0 1.38111e+0
2.80703e+0 1.35947e+0
2.84999e+0 1.33625e+0
2.89558e+0 1.31382e+0
2.94259e+0 1.28868e+0
2.98648e+0 1.26535e+0
3.02830e+0 1.24567e+0
3.07039e+0 1.22150e+0
3.11435e+0 1.19967e+0
3.15755e+0 1.17310e+0
3.20065e+0 1.15281e+0
3.24243e+0 1.12715e+0
3.28633e+0 1.10435e+0
3.32888e+0 1.07739e+0
3.37149e+0 1.05697e+0
3.41130e+0 1.02870e+0
3.45250e+0 1.01042e+0
3.48928e+0 9.82248e-1
3.53049e+0 9.62555e-1
3.57030e+0 9.35417e-1
3.61151e+0 9.15051e-1
3.64829e+0 8.86645e-1
3.68886e+0 8.67667e-1
3.72564e+0 8.39022e-1
3.76577e+0 8.21771e-1
3.79915e+0 7.92705e-1
3.83991e+0 7.72930e-1
3.87973e+0 7.43418e-1
3.92094e+0 7.21934e-1
3.95772e+0 6.92453e-1
3.99830e+0 6.72401e-1
4.03508e+0 6.42921e-1
4.07660e+0 6.27404e-1
4.10859e+0 5.94420e-1
4.15102e+0 5.82817e-1
4.19547e+0 5.44476e-1
4.24109e+0 5.15995e-1
4.27536e+0 4.91071e-1
4.32240e+0 4.60734e-1
4.37936e+0 4.18125e-1
4.47086e+0 3.64794e-1
4.52548e+0 3.24986e-1
4.56623e+0 3.07971e-1
4.60607e+0 2.70883e-1
4.64727e+0 2.50599e-1
4.72428e+0 2.04016e-1
4.78856e+0 1.66788e-1
4.85423e+0 1.15280e-1
4.90451e+0 8.68342e-2
4.97752e+0 3.78480e-2
