0.000000 -0.001597 0.910000
-0.000000 0.910000 1.821597
0.000000 0.933884 0.000000
0.000000 0.000000 0.000000
0.000000 1.846398 1.547281
0.000000 2.192369 1.274804
0.000000 2.339832 0.000000
0.000000 2.801630 0.198261
0.000000 2.624352 0.819244
0.000000 -0.042280 0.000000
-0.000000 0.050190 1.769804
0.000000 1.754068 1.777061
-0.000000 1.867769 0.000000
-0.000000 1.934656 1.371892
0.000002 2.428984 1.156923
-0.000000 2.940351 0.000000
0.000000 2.739019 0.381475
0.000000 0.466942 0.000000
0.000000 2.103800 0.000000
-0.000000 -0.001613 0.455001
-0.000000 -0.001573 1.365001
-0.000000 0.454999 1.821573
0.000000 1.365001 1.821564
0.000000 1.400827 0.000000
0.000000 1.821799 1.680635
-0.000000 1.881775 1.422283
-0.000000 2.041914 1.323649
0.000001 2.335817 1.218215
0.000000 2.575863 0.000000
-0.000000 2.772940 0.279837
0.000000 2.845747 0.119729
0.000000 2.536755 1.029429
-0.000000 2.683279 0.593365
0.000000 0.231939 0.000000
0.000000 1.985785 0.000000
-0.000000 -0.002912 0.227631
-0.000000 0.000516 1.590354
-0.000000 0.229646 1.819484
-0.000000 1.590423 1.818954
0.000000 1.634298 0.000000
-0.000000 1.796321 1.734799
-0.000000 1.910979 1.387545
-0.000000 1.977822 1.350212
0.000002 2.389687 1.186420
0.000000 2.698922 0.000000
-0.000000 2.756572 0.327011
0.000000 2.873459 0.079418
0.000001 2.478182 1.109389
0.000000 2.711709 0.480213
0.000000 0.701965 0.000000
0.000000 2.222601 0.000000
-0.000000 -0.001597 0.684012
0.000000 -0.001597 1.135988
0.000000 0.684012 1.821597
0.000000 1.135988 1.821597
-0.000000 1.165804 0.000000
0.000000 1.836868 1.614579
0.000000 1.858690 1.481045
-0.000000 2.115959 1.298485
0.000001 2.267207 1.248827
-0.000000 2.457063 0.000000
0.000000 2.789485 0.234960
0.000000 2.821455 0.161738
0.000000 2.586553 0.928061
0.000000 2.654813 0.707393
