-0.000000 -0.005795 0.909999
-0.000000 0.910000 1.825761
0.000000 0.933882 0.000000
0.000000 0.000000 0.000000
-0.000000 1.865282 1.558406
0.000001 2.184188 1.263366
0.000000 2.339840 0.000000
0.000000 2.899978 0.253065
0.000001 2.583017 0.797744
0.000000 -0.123239 0.000000
-0.000000 0.117564 1.702432
-0.000000 1.679972 1.737065
0.000000 1.866757 0.000000
0.000002 1.987685 1.433989
-0.000007 2.368402 1.082898
0.000002 3.124565 0.000000
-0.000001 2.795173 0.423866
0.000000 0.467772 0.000000
0.000000 2.105938 0.000000
-0.000000 -0.008732 0.459387
-0.000000 -0.000228 1.356446
-0.000000 0.463554 1.820228
-0.000000 1.355951 1.820342
0.000000 1.396501 0.000000
0.000000 1.783922 1.651240
0.000000 1.936773 1.480595
-0.000001 2.071059 1.362247
0.000005 2.288776 1.165535
0.000000 2.583415 0.000000
0.000000 2.852765 0.326905
0.000000 2.953652 0.184158
0.000001 2.465583 0.967325
0.000000 2.696290 0.601171
0.000000 0.204617 0.000000
-0.000000 1.985845 0.000000
-0.000000 -0.029565 0.227600
-0.000000 0.032451 1.559660
-0.000000 0.260339 1.787548
-0.000000 1.554428 1.791778
-0.000000 1.633660 0.000000
0.000000 1.742281 1.690921
0.000002 1.962812 1.455924
-0.000002 2.022686 1.403843
0.000005 2.330869 1.122964
0.000000 2.771401 0.000000
0.000000 2.827751 0.368507
-0.000000 3.000550 0.127741
-0.000002 2.411588 1.033864
-0.000000 2.750115 0.503401
0.000000 0.714275 0.000000
-0.000000 2.228911 0.000000
-0.000000 -0.005997 0.696211
-0.000000 -0.005434 1.123579
-0.000000 0.696421 1.825432
-0.000000 1.123562 1.825416
-0.000000 1.153312 0.000000
0.000000 1.826207 1.604488
0.000000 1.901905 1.516770
-0.000000 2.129302 1.311823
0.000003 2.236789 1.215341
0.000000 2.451288 0.000000
0.000000 2.877483 0.288044
0.000000 2.925109 0.220275
0.000002 2.527095 0.883123
0.000000 2.637798 0.705712
