0.000000 0.000000 0.910000
0.000000 0.910000 1.820000
0.000000 0.933884 0.000000
0.000000 0.000000 0.000000
0.000000 1.843884 1.547000
0.000000 2.192769 1.274000
0.000000 2.339832 0.000000
0.000000 2.769877 0.182000
0.000000 2.622814 0.819000
0.000000 0.000000 0.000000
0.000000 0.000000 1.820000
0.000000 1.820000 1.820000
0.000000 1.867769 0.000000
0.000000 1.867769 1.274000
0.000000 2.517769 1.274000
0.000000 2.811895 0.000000
0.000000 2.727859 0.364000
0.000000 0.466942 0.000000
0.000000 2.103800 0.000000
0.000000 0.000000 0.455000
0.000000 0.000000 1.365000
0.000000 0.455000 1.820000
0.000000 1.365000 1.820000
0.000000 1.400827 0.000000
0.000000 1.831942 1.683500
0.000000 1.855827 1.410500
0.000000 2.030269 1.274000
0.000000 2.355269 1.274000
0.000000 2.575863 0.000000
0.000000 2.748868 0.273000
0.000000 2.790886 0.091000
0.000000 2.570291 1.046500
0.000000 2.675336 0.591500
0.000000 0.233471 0.000000
0.000000 1.985785 0.000000
0.000000 0.000000 0.227500
0.000000 0.000000 1.592500
0.000000 0.227500 1.820000
0.000000 1.592500 1.820000
0.000000 1.634298 0.000000
0.000000 1.825971 1.751750
0.000000 1.861798 1.342250
0.000000 1.949019 1.274000
0.000000 2.436519 1.274000
0.000000 2.693879 0.000000
0.000000 2.738363 0.318500
0.000000 2.801390 0.045500
0.000000 2.544030 1.160250
0.000000 2.701598 0.477750
0.000000 0.700413 0.000000
0.000000 2.221816 0.000000
0.000000 0.000000 0.682500
0.000000 0.000000 1.137500
0.000000 0.682500 1.820000
0.000000 1.137500 1.820000
0.000000 1.167356 0.000000
0.000000 1.837913 1.615250
0.000000 1.849856 1.478750
0.000000 2.111519 1.274000
0.000000 2.274019 1.274000
0.000000 2.457848 0.000000
0.000000 2.759372 0.227500
0.000000 2.780381 0.136500
0.000000 2.596553 0.932750
0.000000 2.649075 0.705250
