-0.000000 -0.004097 0.883661
-0.000001 0.913015 1.748466
-0.000003 0.900783 0.000000
0.000000 0.000000 0.000000
0.000005 1.803819 1.498735
0.000008 2.156157 1.231038
0.000022 2.394364 0.000000
0.000024 3.109239 0.419174
-0.000061 2.626766 0.825713
-0.000014 -0.431775 0.000000
0.000001 0.321560 1.497196
-0.000002 1.522063 1.646449
-0.000025 1.762218 0.000000
0.000009 1.967189 1.381692
-0.000056 2.365961 1.051862
0.000006 3.680701 0.000000
0.000390 2.902687 0.589379
-0.000007 0.373840 0.000000
0.000012 2.105473 0.000000
-0.000002 -0.129291 0.480526
0.000000 0.121585 1.221721
-0.000002 0.594022 1.674468
-0.000002 1.239643 1.729164
-0.000018 1.336933 0.000000
0.000001 1.699847 1.561292
0.000010 1.883763 1.444049
0.000002 2.064166 1.305381
0.000013 2.250393 1.150357
0.000040 2.821201 0.000000
0.000365 3.014055 0.496678
-0.000069 3.269736 0.293698
-0.000112 2.496147 0.939312
0.000005 2.763870 0.707333
-0.000011 0.003342 0.000000
0.000011 1.940145 0.000000
-0.000006 -0.245862 0.238538
0.000000 0.214798 1.375230
-0.000000 0.443468 1.594608
-0.000003 1.396341 1.690936
-0.000041 1.564802 0.000000
-0.000001 1.621006 1.602388
0.000009 1.925831 1.413089
0.000008 2.014206 1.345488
-0.000010 2.307101 1.102231
0.000021 3.191792 0.000000
0.000541 2.960602 0.540929
-0.000048 3.434750 0.170869
-0.000107 2.428307 0.998116
0.000168 2.837156 0.644753
-0.000004 0.677879 0.000000
0.000020 2.260927 0.000000
-0.000001 -0.054857 0.706299
0.000000 0.047340 1.045349
-0.000002 0.762829 1.726872
-0.000002 1.065244 1.749791
-0.000007 1.102341 0.000000
0.000003 1.761078 1.525607
0.000008 1.841142 1.473897
0.000002 2.112353 1.266229
0.000014 2.198365 1.194227
0.000035 2.560316 0.000000
0.000133 3.064765 0.455180
-0.000038 3.168002 0.372617
-0.000085 2.566364 0.878263
-0.000053 2.689016 0.771814
