-0.000000 -0.004272 0.910000
-0.000000 0.910000 1.824270
0.000000 0.933884 0.000000
0.000000 0.000000 0.000000
-0.000000 1.860017 1.553218
0.000001 2.187631 1.266856
0.000000 2.339832 0.000000
0.000000 2.867063 0.232287
0.000001 2.596945 0.806873
0.000000 -0.093475 0.000000
-0.000000 0.095024 1.724971
0.000000 1.703792 1.749742
0.000000 1.867665 0.000000
-0.000000 1.974249 1.422236
-0.000012 2.384061 1.100999
0.000000 3.058078 0.000000
-0.000000 2.776613 0.407650
-0.000000 0.467775 0.000000
0.000000 2.104636 0.000000
-0.000000 -0.005168 0.456713
-0.000000 -0.002595 1.362245
0.000000 0.457755 1.822595
-0.000000 1.362179 1.822494
-0.000000 1.399173 0.000000
0.000000 1.792779 1.661967
-0.000001 1.925896 1.464659
-0.000001 2.062873 1.356863
0.000006 2.302884 1.176095
-0.000000 2.577499 0.000000
-0.000000 2.825131 0.308517
0.000000 2.916880 0.161322
0.000006 2.483610 0.986617
0.000000 2.693383 0.597621
-0.000000 0.217969 0.000000
0.000000 1.985833 0.000000
-0.000000 -0.016540 0.227582
-0.000000 0.016846 1.574068
-0.000000 0.245930 1.803154
0.000000 1.571399 1.803969
0.000000 1.634178 0.000000
0.000000 1.758227 1.703663
-0.000001 1.950793 1.441034
-0.000001 2.010831 1.394814
-0.000003 2.346777 1.137049
-0.000000 2.737199 0.000000
-0.000000 2.803606 0.351291
0.000000 2.953454 0.114555
0.000004 2.428118 1.054106
-0.000000 2.738080 0.493189
0.000000 0.709458 0.000000
-0.000000 2.226391 0.000000
0.000000 -0.004303 0.691324
0.000000 -0.004218 1.128672
0.000000 0.691328 1.824218
0.000000 1.128672 1.824210
-0.000000 1.158304 0.000000
-0.000000 1.827750 1.608239
-0.000000 1.892693 1.503978
-0.000000 2.126062 1.311511
0.000003 2.246725 1.221993
-0.000000 2.453293 0.000000
0.000000 2.847096 0.268175
0.000000 2.890321 0.198500
0.000003 2.543937 0.899251
0.000000 2.645270 0.707384
