-0.000000 -0.003686 0.910000
-0.000000 0.910000 1.823686
0.000000 0.933884 0.000000
0.000000 0.000000 0.000000
-0.000000 1.856904 1.551150
0.000000 2.188834 1.268343
-0.000000 2.339832 0.000000
0.000000 2.853567 0.224362
0.000000 2.603472 0.810442
-0.000000 -0.082388 0.000000
-0.000000 0.086205 1.733791
0.000000 1.713693 1.755168
-0.000000 1.867745 0.000000
-0.000000 1.967346 1.414946
-0.000009 2.391631 1.109931
0.000000 3.032899 0.000000
-0.000000 2.768539 0.401584
0.000000 0.467566 0.000000
-0.000000 2.104297 0.000000
-0.000000 -0.004184 0.456021
0.000000 -0.002776 1.363519
0.000000 0.456481 1.822776
-0.000000 1.363503 1.822682
-0.000000 1.399845 0.000000
0.000000 1.797631 1.666429
-0.000001 1.919157 1.456549
-0.000001 2.058876 1.352738
0.000006 2.309104 1.181986
-0.000000 2.576486 0.000000
-0.000000 2.813614 0.301616
0.000000 2.902241 0.152329
0.000006 2.492802 0.995190
0.000000 2.691883 0.596547
-0.000000 0.222108 0.000000
0.000000 1.985809 0.000000
-0.000000 -0.012549 0.227614
-0.000000 0.011785 1.578697
0.000000 0.241302 1.808214
0.000000 1.576939 1.808270
0.000000 1.634249 0.000000
0.000000 1.765365 1.709452
-0.000001 1.944193 1.432655
-0.000000 2.004998 1.388701
-0.000002 2.354224 1.144389
-0.000000 2.726315 0.000000
-0.000000 2.793335 0.345002
0.000000 2.935947 0.108348
0.000006 2.436391 1.063678
-0.000000 2.732657 0.489664
0.000000 0.707634 0.000000
-0.000000 2.225466 0.000000
0.000000 -0.003699 0.689537
0.000000 -0.003665 1.130465
-0.000000 0.689535 1.823665
-0.000000 1.130465 1.823661
-0.000000 1.160135 0.000000
0.000000 1.828938 1.609772
-0.000000 1.886738 1.498141
-0.000000 2.124268 1.310376
0.000003 2.250907 1.225714
-0.000000 2.454198 0.000000
0.000000 2.834558 0.260604
0.000000 2.876148 0.190218
0.000002 2.552323 0.906038
0.000000 2.648438 0.707921
