-0.000000 -0.002356 0.910000
-0.000000 0.910000 1.822356
-0.000000 0.933884 0.000000
0.000000 0.000000 0.000000
-0.000000 1.849465 1.547952
0.000000 2.191333 1.272349
0.000000 2.339832 0.000000
0.000000 2.822343 0.207070
0.000000 2.618255 0.817118
0.000000 -0.057252 0.000000
0.000000 0.064755 1.755240
-0.000000 1.738132 1.768565
-0.000000 1.867769 0.000000
-0.000000 1.947501 1.389860
0.000003 2.412948 1.136196
-0.000000 2.975214 0.000000
0.000000 2.749198 0.388437
-0.000000 0.467077 0.000000
-0.000000 2.103868 0.000000
-0.000000 -0.002436 0.455142
-0.000000 -0.002222 1.364863
0.000000 0.455137 1.822222
-0.000000 1.364857 1.822190
0.000000 1.400692 0.000000
0.000000 1.812129 1.676220
-0.000000 1.897787 1.434869
-0.000000 2.048507 1.337645
0.000004 2.325191 1.201308
-0.000000 2.575795 0.000000
-0.000000 2.786663 0.286901
0.000000 2.868150 0.132303
0.000003 2.518664 1.016648
-0.000000 2.686964 0.594420
0.000000 0.229306 0.000000
0.000000 1.985785 0.000000
-0.000000 -0.005588 0.227660
-0.000000 0.003164 1.587072
-0.000000 0.232928 1.816835
-0.000000 1.586820 1.816162
0.000000 1.634298 0.000000
0.000000 1.783894 1.724626
-0.000000 1.924867 1.406820
-0.000000 1.988728 1.367477
0.000001 2.374741 1.167212
-0.000000 2.706668 0.000000
0.000000 2.769041 0.332127
0.000000 2.897040 0.091535
0.000005 2.460123 1.090248
0.000000 2.719129 0.482894
-0.000000 0.703826 0.000000
0.000000 2.223541 0.000000
-0.000000 -0.002357 0.685825
-0.000000 -0.002355 1.134175
-0.000000 0.685825 1.822355
-0.000000 1.134175 1.822354
0.000000 1.163943 0.000000
0.000000 1.833696 1.613194
-0.000000 1.869015 1.485677
-0.000000 2.119306 1.304866
0.000002 2.261164 1.238091
0.000000 2.456123 0.000000
0.000000 2.805279 0.244197
0.000000 2.842909 0.172265
0.000001 2.574074 0.921066
0.000000 2.654022 0.708103
