-0.000000 -0.009025 0.904627
-0.000000 0.909536 1.816534
0.000000 0.927906 0.000000
0.000000 0.000000 0.000000
0.000002 1.842701 1.540953
0.000001 2.162897 1.245239
0.000002 2.352027 0.000000
0.000004 3.020222 0.342986
-0.000017 2.587539 0.792925
-0.000007 -0.281776 0.000000
0.000000 0.226496 1.593532
-0.000001 1.589062 1.692355
-0.000004 1.826845 0.000000
0.000008 1.987926 1.417037
0.000031 2.349578 1.050670
0.000018 3.434764 0.000000
0.000065 2.855923 0.508263
-0.000000 0.438459 0.000000
-0.000002 2.109329 0.000000
0.000000 -0.056008 0.475724
0.000001 0.052564 1.292998
-0.000002 0.526259 1.766014
-0.000000 1.291870 1.784969
-0.000001 1.371811 0.000000
0.000000 1.747848 1.606732
0.000013 1.917371 1.480804
-0.000009 2.071846 1.336134
0.000042 2.253509 1.152047
0.000012 2.685027 0.000000
0.000102 2.944650 0.417486
-0.000014 3.118579 0.255709
-0.000038 2.462038 0.929511
-0.000024 2.724070 0.645959
-0.000002 0.110011 0.000000
-0.000002 1.972384 0.000000
-0.000000 -0.130270 0.233275
0.000002 0.127181 1.465261
-0.000003 0.354582 1.692397
-0.000001 1.462907 1.741186
-0.000003 1.611248 0.000000
-0.000001 1.679521 1.647154
0.000017 1.953200 1.449277
-0.000006 2.026618 1.380089
0.000061 2.301531 1.101664
0.000009 2.991090 0.000000
0.000154 2.904576 0.458544
-0.000003 3.234036 0.156225
-0.000019 2.401768 0.994699
-0.000000 2.795136 0.571063
0.000000 0.715182 0.000000
0.000002 2.240679 0.000000
-0.000000 -0.024203 0.711230
0.000000 0.009733 1.089450
-0.000001 0.728115 1.805664
-0.000000 1.090619 1.810922
-0.000000 1.131104 0.000000
0.000001 1.802352 1.570352
0.000006 1.878557 1.513000
-0.000005 2.120641 1.287817
0.000014 2.204894 1.202376
0.000007 2.482241 0.000000
0.000026 2.983935 0.378599
-0.000010 3.057848 0.310554
-0.000029 2.528280 0.857471
-0.000022 2.649832 0.725521
