-0.000000 -0.007739 0.909842
-0.000000 0.909984 1.827316
0.000000 0.933733 0.000000
0.000000 0.000000 0.000000
0.000000 1.865163 1.560836
0.000000 2.178384 1.258499
0.000000 2.340232 0.000000
0.000001 2.939163 0.280523
-0.000001 2.573841 0.789143
0.000001 -0.166327 0.000000
-0.000001 0.148403 1.671596
-0.000000 1.651234 1.722885
-0.000000 1.861965 0.000000
0.000007 1.996101 1.437576
0.000014 2.355218 1.066860
0.000007 3.216575 0.000000
-0.000002 2.815330 0.446567
0.000000 0.465012 0.000000
-0.000000 2.108110 0.000000
-0.000000 -0.016811 0.464451
-0.000000 0.008387 1.342791
-0.000000 0.477206 1.811608
-0.000000 1.341028 1.813325
-0.000000 1.390938 0.000000
-0.000000 1.775755 1.638765
0.000004 1.939455 1.491146
-0.000004 2.076488 1.360204
0.000012 2.273818 1.158087
0.000001 2.601187 0.000000
0.000005 2.884320 0.352312
-0.000000 3.001353 0.211078
-0.000010 2.453521 0.948166
-0.000002 2.700745 0.609043
0.000000 0.181414 0.000000
-0.000000 1.985094 0.000000
-0.000000 -0.052903 0.228253
0.000000 0.057293 1.535607
-0.000001 0.284394 1.762708
-0.000000 1.527954 1.775569
-0.000000 1.631286 0.000000
-0.000000 1.724222 1.677513
0.000010 1.968519 1.463696
-0.000003 2.030900 1.404339
0.000029 2.315928 1.111622
0.000001 2.828991 0.000000
0.000010 2.854435 0.393038
0.000001 3.067392 0.139808
-0.000007 2.399321 1.014836
-0.000003 2.763279 0.519519
0.000000 0.719458 0.000000
0.000000 2.232230 0.000000
-0.000000 -0.008998 0.702658
-0.000000 -0.005645 1.115509
-0.000000 0.704456 1.825590
-0.000000 1.115309 1.825693
0.000000 1.146618 0.000000
0.000000 1.823703 1.598331
0.000001 1.902839 1.525662
-0.000002 2.129875 1.307516
0.000002 2.225077 1.210144
0.000000 2.451780 0.000000
0.000001 2.913004 0.314699
-0.000000 2.967150 0.249074
-0.000004 2.516190 0.867195
-0.000001 2.633296 0.705705
