-0.000000 -0.000791 0.910000
-0.000000 0.910000 1.820791
0.000000 0.933884 0.000000
0.000000 0.000000 0.000000
0.000000 1.844711 1.547073
0.000000 2.192798 1.276434
0.000000 2.339832 0.000000
-0.000000 2.785116 0.189250
0.000000 2.626080 0.819760
-0.000000 -0.024585 0.000000
-0.000000 0.029983 1.790011
-0.000000 1.775224 1.788391
0.000000 1.867769 0.000000
0.000000 1.916909 1.343434
-0.000000 2.452496 1.187944
-0.000000 2.897643 0.000000
-0.000000 2.731322 0.373756
0.000000 0.466942 0.000000
0.000000 2.103800 0.000000
-0.000000 -0.000792 0.455000
-0.000000 -0.000790 1.365000
0.000000 0.455000 1.820790
-0.000000 1.365000 1.820789
0.000000 1.400827 0.000000
0.000000 1.830416 1.683218
-0.000000 1.863620 1.412632
-0.000000 2.034508 1.300688
-0.000000 2.348130 1.244947
0.000000 2.575863 0.000000
-0.000000 2.759491 0.275304
-0.000000 2.821131 0.106663
-0.000000 2.558419 1.041702
-0.000000 2.679198 0.592392
0.000000 0.233471 0.000000
0.000000 1.985785 0.000000
-0.000000 -0.001035 0.227556
0.000000 -0.000424 1.592408
-0.000000 0.227592 1.820424
-0.000000 1.592333 1.820275
0.000000 1.634298 0.000000
-0.000000 1.813414 1.747016
-0.000000 1.890208 1.362761
-0.000000 1.964648 1.322017
0.000000 2.410242 1.216875
0.000000 2.693879 0.000000
0.000000 2.746519 0.321366
0.000000 2.845940 0.065104
-0.000000 2.504699 1.134486
0.000000 2.705625 0.478684
-0.000000 0.700413 0.000000
0.000000 2.221816 0.000000
0.000000 -0.000791 0.682500
-0.000000 -0.000791 1.137500
0.000000 0.682500 1.820791
0.000000 1.137500 1.820791
-0.000000 1.167356 0.000000
0.000000 1.838451 1.615296
0.000000 1.851548 1.478943
0.000000 2.112483 1.286362
0.000000 2.272684 1.264585
0.000000 2.457848 0.000000
0.000000 2.772458 0.230557
0.000000 2.799902 0.150416
-0.000000 2.596511 0.932635
0.000000 2.652834 0.706120
