-0.000000 -0.008978 0.909081
-0.000000 0.909885 1.827007
0.000000 0.932960 0.000000
0.000000 0.000000 0.000000
0.000001 1.859849 1.557345
-0.000001 2.172670 1.253932
0.000000 2.342026 0.000000
0.000001 2.969193 0.303053
-0.000004 2.574257 0.786725
0.000001 -0.205670 0.000000
-0.000001 0.175562 1.644445
-0.000000 1.628424 1.712221
-0.000000 1.853043 0.000000
0.000009 1.996346 1.433381
0.000028 2.349824 1.058323
0.000013 3.295327 0.000000
0.000004 2.830200 0.467183
0.000000 0.458879 0.000000
-0.000001 2.109422 0.000000
-0.000000 -0.027450 0.469049
0.000000 0.020758 1.326974
-0.000001 0.492969 1.799176
-0.000000 1.324232 1.804579
-0.000000 1.384904 0.000000
-0.000000 1.767931 1.628305
0.000008 1.934476 1.492018
-0.000007 2.076794 1.353266
0.000024 2.264270 1.154915
0.000003 2.625610 0.000000
0.000023 2.907266 0.374728
-0.000002 3.042035 0.229461
-0.000020 2.452073 0.937534
-0.000008 2.706932 0.619471
0.000000 0.158038 0.000000
-0.000000 1.982666 0.000000
0.000000 -0.077399 0.229591
0.000001 0.080812 1.511975
-0.000002 0.308022 1.739180
-0.000000 1.504285 1.762990
-0.000000 1.626649 0.000000
-0.000001 1.709148 1.667280
0.000015 1.966203 1.462464
-0.000005 2.032089 1.398134
0.000049 2.307894 1.106174
0.000003 2.884852 0.000000
0.000038 2.873558 0.415201
0.000002 3.126282 0.146629
-0.000009 2.396218 1.004214
-0.000008 2.773979 0.535834
0.000000 0.721021 0.000000
0.000000 2.234884 0.000000
-0.000000 -0.012876 0.707139
-0.000000 -0.003144 1.107335
-0.000000 0.712357 1.822740
-0.000000 1.106936 1.823480
0.000000 1.141227 0.000000
0.000000 1.818726 1.590522
0.000003 1.896906 1.525663
-0.000004 2.127555 1.301226
0.000005 2.216509 1.207096
0.000001 2.457647 0.000000
0.000004 2.939569 0.337261
-0.000002 2.999970 0.272276
-0.000011 2.515883 0.859514
-0.000006 2.635501 0.709593
