-0.000000 -0.003050 0.910000
-0.000000 0.910000 1.823050
0.000000 0.933884 0.000000
0.000000 0.000000 0.000000
-0.000000 1.853230 1.549288
0.000000 2.190085 1.270145
0.000000 2.339832 0.000000
0.000000 2.838470 0.215912
0.000000 2.610780 0.813988
-0.000000 -0.070425 0.000000
-0.000000 0.076311 1.743684
0.000000 1.724988 1.761388
-0.000000 1.867769 0.000000
-0.000000 1.958735 1.404882
-0.000002 2.401005 1.121273
-0.000000 3.005547 0.000000
0.000000 2.759346 0.395168
0.000000 0.467312 0.000000
-0.000000 2.104036 0.000000
-0.000000 -0.003282 0.455486
-0.000000 -0.002643 1.364393
0.000000 0.455607 1.822643
0.000000 1.364390 1.822576
-0.000000 1.400361 0.000000
0.000000 1.803998 1.671272
-0.000000 1.910021 1.446608
-0.000000 2.054112 1.346666
0.000006 2.316430 1.189998
0.000000 2.575944 0.000000
-0.000000 2.800730 0.294315
0.000000 2.885944 0.142591
0.000005 2.504275 1.005157
-0.000000 2.689814 0.595485
0.000000 0.225940 0.000000
0.000000 1.985790 0.000000
0.000000 -0.008857 0.227645
0.000000 0.007098 1.583090
0.000000 0.236909 1.812902
-0.000000 1.582174 1.812441
0.000000 1.634286 0.000000
0.000000 1.773817 1.716343
-0.000001 1.935747 1.421601
-0.000000 1.997927 1.380017
-0.000001 2.363323 1.154029
-0.000000 2.716013 0.000000
-0.000000 2.781763 0.338502
0.000000 2.917206 0.100800
0.000006 2.446768 1.075448
0.000000 2.726313 0.486171
0.000000 0.705742 0.000000
-0.000000 2.224510 0.000000
0.000000 -0.003054 0.687693
-0.000000 -0.003044 1.132308
-0.000000 0.687692 1.823044
-0.000000 1.132308 1.823042
0.000000 1.162027 0.000000
0.000000 1.830873 1.611476
-0.000000 1.878812 1.491798
-0.000000 2.122040 1.308350
0.000003 2.255694 1.230827
-0.000000 2.455154 0.000000
0.000000 2.820540 0.252504
0.000000 2.860299 0.181357
0.000002 2.562391 0.913430
0.000000 2.651557 0.708223
