3.31326e-1 8.64393e-1
4.80871e-1 1.25213e+0
6.17960e-1 1.61610e+0
7.55054e-1 1.98516e+0
9.17083e-1 2.43314e+0
1.07909e+0 2.85120e+0
1.16405e+0 2.05897e-1
1.18928e+0 6.58044e-1
1.22867e+0 3.28139e+0
1.39484e+0 3.72291e+0
1.46259e+0 2.87029e-1
1.46301e+0 8.20138e-1
1.55272e+0 4.16442e+0
1.70228e+0 4.58046e+0
1.73675e+0 9.89951e-1
1.76112e+0 3.60100e-1
1.86429e+0 4.99488e+0
2.01048e+0 1.15050e+0
2.02631e+0 5.43801e+0
2.03476e+0 4.09500e-1
2.18420e+0 5.88802e+0
2.28420e+0 1.29716e+0
2.30841e+0 4.65075e-1
2.35036e+0 6.32104e+0
2.49993e+0 6.74557e+0
2.55794e+0 1.47778e+0
2.58205e+0 5.17563e-1
2.64949e+0 7.14746e+0
2.78657e+0 7.50180e+0
2.83168e+0 1.64450e+0
2.84326e+0 5.70051e-1
2.92369e+0 7.90030e+0
3.08571e+0 8.33292e+0
3.10539e+0 1.78961e+0
3.15423e+0 6.41063e-1
3.24772e+0 8.75502e+0
3.37912e+0 1.94708e+0
3.39730e+0 9.19087e+0
3.42788e+0 7.01269e-1
3.54685e+0 9.58427e+0
3.65285e+0 2.10608e+0
3.68393e+0 9.94031e+0
3.70153e+0 7.58388e-1
3.82105e+0 1.03456e+1
3.92660e+0 2.28979e+0
3.97518e+0 8.20138e-1
3.98306e+0 1.07637e+1
4.14508e+0 1.12003e+1
4.19285e+0 2.42780e+0
4.24884e+0 8.89607e-1
4.29466e+0 1.16305e+1
4.43174e+0 1.19781e+1
4.47405e+0 2.60317e+0
4.52248e+0 9.46726e-1
4.56884e+0 1.23550e+1
4.71842e+0 1.27909e+1
4.74778e+0 2.76372e+0
4.79614e+0 1.01002e+0
4.88043e+0 1.32138e+1
5.02150e+0 2.91655e+0
5.04245e+0 1.36513e+1
5.07806e+0 1.05307e+0
5.19203e+0 1.40815e+1
5.29523e+0 3.07093e+0
5.32910e+0 1.44200e+1
5.34342e+0 1.11036e+0
5.46621e+0 1.48060e+1
5.56898e+0 3.25463e+0
5.61706e+0 1.15976e+0
5.62823e+0 1.52491e+1
5.79024e+0 1.56777e+1
5.84270e+0 3.40747e+0
5.89071e+0 1.21843e+0
5.93982e+0 1.61051e+1
6.08938e+0 1.65098e+1
6.11643e+0 3.56184e+0
6.16437e+0 1.28481e+0
6.22646e+0 1.68653e+1
6.36357e+0 1.72457e+1
6.39015e+0 3.71467e+0
6.45737e+0 1.34930e+0
6.51313e+0 1.76589e+1
6.65022e+0 1.80234e+1
6.66389e+0 3.89066e+0
6.71167e+0 1.40522e+0
6.78732e+0 1.84032e+1
6.93762e+0 4.04658e+0
6.94519e+0 1.88334e+1
6.98283e+0 1.47006e+0
7.11135e+0 1.92636e+1
7.21134e+0 4.20095e+0
7.25897e+0 1.52872e+0
7.26092e+0 1.96768e+1
7.41050e+0 2.01098e+1
7.48508e+0 4.37077e+0
7.53262e+0 1.59201e+0
7.54759e+0 2.04687e+1
7.68468e+0 2.08429e+1
7.75881e+0 4.52977e+0
7.80627e+0 1.65376e+0
7.83673e+0 2.12464e+1
7.99614e+0 2.15249e+1
8.03254e+0 4.68878e+0
8.08738e+0 1.71119e+0
8.10767e+0 2.10325e+1
8.15704e+0 2.05570e+1
8.21063e+0 2.01778e+1
8.26836e+0 1.97886e+1
8.30626e+0 4.83852e+0
8.33024e+0 1.94108e+1
8.35356e+0 1.75874e+0
8.42016e+0 1.88853e+1
8.45940e+0 1.83983e+1
8.47427e+0 1.80664e+1
8.52785e+0 1.76702e+1
8.57727e+0 1.72541e+1
8.58001e+0 5.02532e+0
8.61974e+0 1.80798e+0
8.63078e+0 1.67815e+1
8.68020e+0 1.63739e+1
8.73790e+0 1.59423e+1
8.79561e+0 1.55249e+1
8.84498e+0 1.50607e+1
8.85373e+0 5.17043e+0
8.89848e+0 1.45584e+1
8.90085e+0 1.86217e+0
8.94789e+0 1.41381e+1
8.99729e+0 1.37051e+1
9.04670e+0 1.32720e+1
9.10843e+0 1.27095e+1
9.12746e+0 5.32944e+0
9.17033e+0 1.23550e+1
9.17450e+0 1.92392e+0
9.21555e+0 1.18739e+1
9.26904e+0 1.13701e+1
9.31841e+0 1.08862e+1
9.36776e+0 1.03937e+1
9.40118e+0 5.48536e+0
9.41716e+0 9.95645e+0
9.44816e+0 1.99185e+0
9.47066e+0 9.46257e+0
9.52828e+0 8.93332e+0
9.58595e+0 8.47200e+0
9.63535e+0 8.03615e+0
9.67492e+0 5.65671e+0
9.68473e+0 7.57199e+0
9.71905e+0 2.05308e+0
9.73817e+0 7.00171e+0
9.78752e+0 6.50500e+0
9.93972e+0 5.00782e+0
9.98799e+0 2.10855e+0
9.99731e+0 4.45027e+0
1.00467e+1 4.02574e+0
1.01084e+1 3.42290e+0
1.01578e+1 2.95167e+0
1.02103e+1 2.48918e+0
1.02693e+1 1.86688e+0
1.02721e+1 5.99479e+0
1.03058e+1 1.37242e+0
1.03551e+1 7.99298e-1
1.04293e+1 3.04718e-1
1.05459e+1 6.17541e+0
1.05925e+1 2.23730e+0
1.06156e+1 1.95000e-3
1.08196e+1 6.34368e+0
1.08662e+1 2.29905e+0
1.08892e+1 -7.31251e-3
1.10933e+1 6.48571e+0
1.11398e+1 2.36389e+0
1.11628e+1 -7.31251e-3
1.13671e+1 6.63854e+0
1.14135e+1 2.41638e+0
1.14364e+1 -7.31251e-3
1.16408e+1 6.81916e+0
1.16788e+1 2.46629e+0
1.17100e+1 -7.31251e-3
1.19145e+1 6.96427e+0
1.19607e+1 2.51981e+0
1.19836e+1 -7.31251e-3
1.21880e+1 6.85003e+0
1.22344e+1 2.58310e+0
1.22572e+1 -7.31251e-3
1.24615e+1 6.62928e+0
1.25081e+1 2.65103e+0
1.25308e+1 -7.31251e-3
1.27349e+1 6.41624e+0
1.27817e+1 2.71278e+0
1.28044e+1 -7.31251e-3
1.30083e+1 6.20320e+0
1.30554e+1 2.77453e+0
1.30780e+1 -7.31251e-3
1.32817e+1 5.96546e+0
1.33290e+1 2.83010e+0
1.33516e+1 -7.31251e-3
1.35552e+1 5.73081e+0
1.35902e+1 2.87950e+0
1.36252e+1 -7.31251e-3
1.38390e+1 5.52434e+0
1.38763e+1 2.94897e+0
1.38988e+1 -7.31251e-3
1.41020e+1 5.23218e+0
1.41499e+1 2.94743e+0
1.41724e+1 -7.31251e-3
1.43754e+1 4.98055e+0
1.44306e+1 2.90861e+0
1.44460e+1 -7.31251e-3
1.46488e+1 4.71657e+0
1.46971e+1 2.87950e+0
1.47196e+1 -7.31251e-3
1.49222e+1 4.45413e+0
1.49520e+1 2.86040e+0
1.49932e+1 -7.31251e-3
1.51955e+1 4.17008e+0
1.52442e+1 2.81158e+0
1.52668e+1 -7.31251e-3
1.54689e+1 3.89684e+0
1.55178e+1 2.78379e+0
1.55404e+1 -7.31251e-3
1.57423e+1 3.60661e+0
1.57914e+1 2.74365e+0
1.58141e+1 -7.31251e-3
1.60157e+1 3.31484e+0
1.60649e+1 2.70660e+0
1.60877e+1 -7.31251e-3
1.62346e+1 3.05736e+0
1.63314e+1 2.69714e+0
1.63613e+1 -7.31251e-3
1.66121e+1 2.62633e+0
1.66349e+1 -7.31251e-3
1.68855e+1 2.40660e+0
1.69085e+1 -7.31251e-3
1.71257e+1 2.05450e+0
1.71716e+1 2.50931e+0
1.71821e+1 -7.31251e-3
1.74073e+1 1.70162e+0
1.74557e+1 -7.31251e-3
1.74825e+1 2.44108e+0
1.76806e+1 1.36354e+0
1.77293e+1 -7.31251e-3
1.77561e+1 2.40557e+0
1.79539e+1 1.02391e+0
1.80029e+1 -7.31251e-3
1.80296e+1 2.37006e+0
1.82273e+1 6.82744e-1
1.82765e+1 -7.31251e-3
1.83032e+1 2.30214e+0
1.84385e+1 4.28540e-1
1.85501e+1 4.77480e-2
1.85767e+1 2.26200e+0
1.88223e+1 2.21936e+0
1.88237e+1 -1.13750e-3
1.90973e+1 -7.31251e-3
1.91239e+1 2.16320e+0
1.93709e+1 -7.31251e-3
1.93974e+1 2.09836e+0
1.96445e+1 -7.31251e-3
1.96793e+1 2.04553e+0
1.99181e+1 -7.31251e-3
1.99445e+1 1.98567e+0
2.01917e+1 -7.31251e-3
2.02181e+1 1.92546e+0
2.04653e+1 -7.31251e-3
2.04917e+1 1.86732e+0
2.07389e+1 -7.31251e-3
2.07652e+1 1.79579e+0
2.10125e+1 -7.31251e-3
2.10388e+1 1.73713e+0
2.12861e+1 -7.31251e-3
2.13173e+1 1.67723e+0
2.15597e+1 -7.31251e-3
2.15859e+1 1.61671e+0
2.18333e+1 -7.31251e-3
2.18594e+1 1.55188e+0
2.21069e+1 -7.31251e-3
2.21247e+1 1.48893e+0
2.23805e+1 -7.31251e-3
2.24065e+1 1.41140e+0
2.26541e+1 -7.31251e-3
2.26718e+1 1.33232e+0
2.29277e+1 -7.31251e-3
2.29536e+1 1.25393e+0
2.32013e+1 -7.31251e-3
2.32271e+1 1.19064e+0
2.34749e+1 -7.31251e-3
2.35007e+1 1.12271e+0
2.37485e+1 -7.31251e-3
2.37717e+1 1.05062e+0
2.40221e+1 -7.31251e-3
2.40478e+1 9.77601e-1
2.42957e+1 -7.31251e-3
2.43213e+1 9.11220e-1
2.45693e+1 -7.31251e-3
2.45949e+1 8.15507e-1
2.48429e+1 -7.31251e-3
2.48684e+1 7.27513e-1
2.51165e+1 -7.31251e-3
2.51494e+1 6.53259e-1
2.53901e+1 -7.31251e-3
2.54155e+1 5.79313e-1
2.56637e+1 -7.31251e-3
2.56890e+1 4.92863e-1
2.59373e+1 -7.31251e-3
2.59626e+1 4.20307e-1
2.61946e+1 3.29483e-1
2.62110e+1 3.43688e-2
2.73302e+1 -7.31251e-3
2.76038e+1 -7.31251e-3
2.78774e+1 -7.31251e-3
2.81510e+1 -7.31251e-3
2.84246e+1 -7.31251e-3
2.86982e+1 -7.31251e-3
2.89718e+1 -7.31251e-3
2.92454e+1 -7.31251e-3
2.95191e+1 -7.31251e-3
2.96932e+1 -7.31251e-3
