7.53806e+0 1.72345e-2
8.49871e+0 2.00068e-2
1.10773e+1 2.77311e-2
1.20380e+1 3.07794e-2
1.54767e+1 4.93236e-2
1.82580e+1 6.44772e-2
1.92189e+1 7.17579e-2
2.18999e+1 9.91915e-2
2.28106e+1 1.10812e-1
2.51387e+1 1.53316e-1
2.58474e+1 1.67827e-1
2.71645e+1 2.10455e-1
2.77215e+1 2.25094e-1
2.86847e+1 2.67254e-1
2.90901e+1 2.82462e-1
2.98387e+1 3.26734e-1
3.01555e+1 3.39692e-1
3.06709e+1 3.80645e-1
3.09680e+1 3.95772e-1
3.23776e+1 4.99932e-1
3.26944e+1 5.13397e-1
3.31267e+1 5.52772e-1
3.35068e+1 5.68262e-1
3.42680e+1 6.12485e-1
3.48249e+1 6.26372e-1
3.71011e+1 6.47084e-1
3.80108e+1 6.44341e-1
4.02329e+1 6.10594e-1
4.08385e+1 5.96328e-1
4.32574e+1 4.80415e-1
4.40055e+1 4.35523e-1
4.42647e+1 4.23468e-1
4.50202e+1 3.81577e-1
4.53731e+1 3.66927e-1
4.61792e+1 3.25320e-1
4.66837e+1 3.10213e-1
4.74099e+1 2.61175e-1
4.81102e+1 2.42046e-1
4.89528e+1 2.22932e-1
5.55360e+1 1.03081e-1
6.24390e+1 5.65247e-2
6.35509e+1 5.38742e-2
6.46631e+1 5.46095e-2
6.57749e+1 4.92258e-2
6.68867e+1 4.43327e-2
6.79988e+1 4.40523e-2
6.91107e+1 4.02388e-2
7.02225e+1 3.65725e-2
7.13346e+1 3.59240e-2
7.24466e+1 3.39507e-2
7.35585e+1 3.07260e-2
7.46706e+1 2.99304e-2
7.57826e+1 2.89875e-2
7.68946e+1 2.62781e-2
7.80067e+1 2.55560e-2
7.91187e+1 2.47604e-2
8.02308e+1 2.31550e-2
8.13428e+1 2.21386e-2
8.20505e+1 2.21475e-2
