1.01526e+1 1.81331e+3
1.05394e+1 1.59577e+3
1.09409e+1 1.40261e+3
1.13048e+1 1.25166e+3
1.16808e+1 1.11329e+3
1.21258e+1 9.82147e+2
1.25878e+1 8.62201e+2
1.30674e+1 7.55974e+2
1.35652e+1 6.66101e+2
1.40821e+1 5.89080e+2
1.46186e+1 5.18411e+2
1.51756e+1 4.56780e+2
1.57537e+1 4.03963e+2
1.63540e+1 3.56376e+2
1.69770e+1 3.14781e+2
1.76239e+1 2.79068e+2
1.82953e+1 2.47711e+2
1.89924e+1 2.19337e+2
1.97160e+1 1.94931e+2
2.04671e+1 1.74523e+2
2.12469e+1 1.56828e+2
2.20564e+1 1.40064e+2
2.28968e+1 1.26173e+2
2.37691e+1 1.13520e+2
2.47903e+1 1.01186e+2
2.59765e+1 8.93981e+1
2.72195e+1 7.92945e+1
2.85219e+1 6.99880e+1
2.98866e+1 6.22003e+1
3.13167e+1 5.51163e+1
3.28152e+1 4.89353e+1
3.43854e+1 4.34047e+1
3.60307e+1 3.82728e+1
3.77547e+1 3.37145e+1
3.97466e+1 2.97835e+1
4.13359e+1 2.61248e+1
4.27995e+1 2.31823e+1
4.43080e+1 2.11165e+1
4.61589e+1 1.86234e+1
4.81421e+1 1.65308e+1
5.04456e+1 1.47059e+1
5.33559e+1 1.31302e+1
5.74990e+1 1.17569e+1
6.31332e+1 1.06403e+1
6.98398e+1 9.80354e+0
7.74759e+1 9.25566e+0
8.57684e+1 8.92799e+0
9.45157e+1 8.78290e+0
1.03809e+2 8.74270e+0
1.16786e+2 8.83776e+0
1.29849e+2 9.01197e+0
1.42827e+2 9.25566e+0
1.59285e+2 9.57538e+0
1.76535e+2 9.96830e+0
1.95654e+2 1.04331e+1
2.16843e+2 1.09588e+1
2.40327e+2 1.15469e+1
2.66355e+2 1.22211e+1
2.95201e+2 1.29521e+1
3.27171e+2 1.37882e+1
3.62604e+2 1.46848e+1
4.01874e+2 1.57028e+1
4.45397e+2 1.68064e+1
4.93633e+2 1.80197e+1
5.47093e+2 1.93379e+1
6.06344e+2 2.08082e+1
6.55705e+2 2.21151e+1
7.17455e+2 2.34973e+1
7.95155e+2 2.53404e+1
8.81270e+2 2.73403e+1
9.76712e+2 2.95640e+1
1.08249e+3 3.20258e+1
1.19972e+3 3.48168e+1
1.32862e+3 3.76108e+1
1.40980e+3 3.97360e+1
1.51203e+3 4.18030e+1
1.67970e+3 4.50971e+1
1.85640e+3 4.88152e+1
2.01180e+3 5.28870e+1
2.16448e+3 5.59694e+1
2.37380e+3 5.95459e+1
2.63088e+3 6.47353e+1
2.91580e+3 7.03768e+1
3.23158e+3 7.66812e+1
3.56820e+3 8.33303e+1
3.91052e+3 9.02812e+1
4.30174e+3 9.71890e+1
4.71443e+3 1.05607e+2
5.19225e+3 1.14283e+2
5.59324e+3 1.22817e+2
6.16292e+3 1.33343e+2
6.80371e+3 1.46254e+2
7.49538e+3 1.57259e+2
8.07740e+3 1.69729e+2
8.86889e+3 1.79786e+2
9.69756e+3 1.96106e+2
