4.05990e+1 2.82815e+1
4.18923e+1 2.56283e+1
4.28944e+1 2.37685e+1
4.39755e+1 2.18940e+1
4.52119e+1 1.99867e+1
4.65446e+1 1.83058e+1
4.79166e+1 1.68530e+1
4.95085e+1 1.55156e+1
5.13393e+1 1.42843e+1
5.34315e+1 1.32189e+1
5.62182e+1 1.21856e+1
5.97980e+1 1.12923e+1
6.43025e+1 1.05023e+1
6.96504e+1 9.88940e+0
7.54430e+1 9.44145e+0
8.17173e+1 9.13315e+0
8.85135e+1 8.91553e+0
9.58749e+1 8.80453e+0
1.03849e+2 8.78800e+0
1.12485e+2 8.83768e+0
1.21840e+2 8.94349e+0
1.31973e+2 9.08465e+0
1.42949e+2 9.28311e+0
1.54838e+2 9.52462e+0
1.67715e+2 9.79692e+0
1.81664e+2 1.01213e+1
1.96772e+2 1.04892e+1
2.13137e+2 1.08841e+1
2.30863e+2 1.13293e+1
2.50063e+2 1.18038e+1
2.70860e+2 1.23484e+1
2.93387e+2 1.29464e+1
3.17787e+2 1.35606e+1
3.44216e+2 1.42352e+1
3.72843e+2 1.49620e+1
4.03852e+2 1.57605e+1
4.37439e+2 1.66328e+1
4.73819e+2 1.75534e+1
5.13225e+2 1.85249e+1
5.55909e+2 1.95993e+1
6.02142e+2 2.07360e+1
6.52220e+2 2.19317e+1
7.06463e+2 2.32400e+1
7.65218e+2 2.46418e+1
8.28858e+2 2.61118e+1
8.97792e+2 2.77562e+1
9.66424e+2 2.93043e+1
1.05333e+3 3.12741e+1
1.14094e+3 3.32749e+1
1.23583e+3 3.53926e+1
1.33861e+3 3.76569e+1
1.44993e+3 4.00661e+1
1.57052e+3 4.26829e+1
1.70114e+3 4.54136e+1
1.84261e+3 4.84402e+1
2.02506e+3 5.22381e+1
2.19348e+3 5.57021e+1
2.37590e+3 5.95635e+1
2.57350e+3 6.33941e+1
2.78753e+3 6.76402e+1
3.01936e+3 7.22613e+1
3.27047e+3 7.71497e+1
3.54246e+3 8.24720e+1
3.83708e+3 8.82444e+1
4.15620e+3 9.42435e+1
4.50186e+3 1.00745e+2
4.87626e+3 1.07662e+2
5.28181e+3 1.15161e+2
5.64677e+3 1.21763e+2
6.11640e+3 1.30449e+2
6.71226e+3 1.40986e+2
7.27050e+3 1.50948e+2
7.87516e+3 1.61615e+2
8.53011e+3 1.72926e+2
9.23954e+3 1.85436e+2
9.82789e+3 1.95210e+2
