1.02459e+1 3.51102e+1
1.05215e+1 3.41299e+1
1.07606e+1 3.32498e+1
1.10051e+1 3.24023e+1
1.12781e+1 3.15776e+1
1.15579e+1 3.07739e+1
1.18447e+1 2.99850e+1
1.21386e+1 2.92163e+1
1.24397e+1 2.84835e+1
1.27484e+1 2.77692e+1
1.30647e+1 2.70831e+1
1.33888e+1 2.64291e+1
1.37210e+1 2.57909e+1
1.40614e+1 2.51778e+1
1.44103e+1 2.45839e+1
1.47980e+1 2.39614e+1
1.52272e+1 2.33115e+1
1.56369e+1 2.27368e+1
1.60577e+1 2.21726e+1
1.65234e+1 2.15959e+1
1.70027e+1 2.10308e+1
1.74958e+1 2.04905e+1
1.80033e+1 1.99608e+1
1.85255e+1 1.94448e+1
1.90628e+1 1.89546e+1
1.96158e+1 1.84707e+1
2.01847e+1 1.80050e+1
2.07419e+1 1.75764e+1
2.13436e+1 1.71324e+1
2.19029e+1 1.67462e+1
2.26767e+1 1.62342e+1
2.47077e+1 1.50223e+1
2.54764e+1 1.46531e+1
2.62689e+1 1.42627e+1
2.70861e+1 1.39235e+1
2.78717e+1 1.35850e+1
2.87015e+1 1.32449e+1
2.95120e+1 1.28430e+1
3.03681e+1 1.25151e+1
3.12489e+1 1.21916e+1
3.21553e+1 1.18764e+1
3.30879e+1 1.15657e+1
3.40477e+1 1.12704e+1
3.50352e+1 1.09736e+1
3.59779e+1 1.06979e+1
3.69459e+1 1.04256e+1
3.80175e+1 1.01395e+1
3.90404e+1 9.88087e+0
4.00908e+1 9.63622e+0
4.12537e+1 9.38406e+0
4.24502e+1 9.13251e+0
4.35924e+1 8.90420e+0
4.47653e+1 8.67640e+0
4.60637e+1 8.44105e+0
4.73998e+1 8.21747e+0
4.87746e+1 8.00636e+0
5.01894e+1 7.80578e+0
5.16451e+1 7.61771e+0
5.32517e+1 7.43219e+0
5.50206e+1 7.24822e+0
5.69644e+1 7.07161e+0
5.92183e+1 6.89462e+0
6.18134e+1 6.72222e+0
6.46541e+1 6.56856e+0
6.76253e+1 6.43983e+0
7.07331e+1 6.33406e+0
7.39837e+1 6.25082e+0
7.73837e+1 6.18862e+0
8.09399e+1 6.14686e+0
8.46596e+1 6.12768e+0
8.85502e+1 6.12577e+0
9.26196e+1 6.14302e+0
9.68760e+1 6.18089e+0
1.01328e+2 6.23391e+0
1.05985e+2 6.30772e+0
1.10855e+2 6.38440e+0
1.15950e+2 6.46201e+0
1.21278e+2 6.55216e+0
1.26852e+2 6.66991e+0
1.32681e+2 6.79190e+0
1.38779e+2 6.91684e+0
1.45156e+2 7.06172e+0
1.51827e+2 7.21564e+0
1.58805e+2 7.37444e+0
1.66103e+2 7.54303e+0
1.73736e+2 7.72915e+0
1.81720e+2 7.91903e+0
1.89683e+2 8.12026e+0
1.97996e+2 8.31897e+0
2.06672e+2 8.53819e+0
2.15289e+2 8.75214e+0
2.24265e+2 8.97659e+0
2.33615e+2 9.20786e+0
2.43355e+2 9.45266e+0
2.53501e+2 9.69952e+0
2.63531e+2 9.94460e+0
2.73399e+2 1.01933e+1
2.83637e+2 1.04508e+1
2.93658e+2 1.07948e+1
2.93058e+2 1.06876e+1
3.05277e+2 1.09884e+1
3.11703e+2 1.13533e+1
3.18329e+2 1.13059e+1
3.28567e+2 1.15581e+1
3.40871e+2 1.18607e+1
3.53635e+2 1.23620e+1
3.48615e+2 1.20448e+1
3.66478e+2 1.27638e+1
3.66503e+2 1.24875e+1
3.81965e+2 1.30119e+1
3.76748e+2 1.27258e+1
3.98107e+2 1.32499e+1
4.11779e+2 1.36944e+1
4.06321e+2 1.34299e+1
4.27606e+2 1.39595e+1
4.42713e+2 1.43181e+1
4.57185e+2 1.47134e+1
4.73216e+2 1.50996e+1
4.89910e+2 1.54590e+1
4.95434e+2 1.58614e+1
5.14474e+2 1.62303e+1
5.07632e+2 1.58300e+1
5.35767e+2 1.66689e+1
5.25567e+2 1.62807e+1
5.58248e+2 1.71283e+1
5.82071e+2 1.76438e+1
5.96513e+2 1.81228e+1
6.20397e+2 1.86217e+1
6.44651e+2 1.91594e+1
6.66545e+2 1.96716e+1
6.90508e+2 2.01790e+1
7.14167e+2 2.07110e+1
7.37675e+2 2.12273e+1
7.61763e+2 2.17524e+1
7.85888e+2 2.22939e+1
8.11993e+2 2.28836e+1
8.39121e+2 2.34968e+1
8.63300e+2 2.40760e+1
8.91976e+2 2.47013e+1
9.21604e+2 2.53580e+1
9.54164e+2 2.60074e+1
2.34655e+1 1.57765e+1
2.41628e+1 1.53293e+1
