1.03326e+1 -2.33978e-4
1.11490e+1 5.80963e-3
1.20299e+1 1.06910e-2
1.29805e+1 1.74319e-2
1.40061e+1 2.44053e-2
1.51128e+1 3.27734e-2
1.63069e+1 4.13739e-2
1.75954e+1 5.29962e-2
1.89857e+1 6.62457e-2
2.04859e+1 8.25169e-2
2.21046e+1 1.02042e-1
2.38511e+1 1.28309e-1
2.57357e+1 1.59922e-1
2.77692e+1 2.02227e-1
2.98600e+1 2.54876e-1
3.17769e+1 3.11767e-1
3.34681e+1 3.70485e-1
3.48856e+1 4.27979e-1
3.59879e+1 4.79884e-1
3.69970e+1 5.32300e-1
3.80344e+1 5.91109e-1
3.89698e+1 6.54009e-1
4.00328e+1 7.14352e-1
4.06464e+1 7.74568e-1
4.13550e+1 8.35844e-1
4.29248e+1 9.49772e-1
4.38292e+1 1.04070e+0
4.46999e+1 1.13792e+0
4.58626e+1 1.21500e+0
4.65701e+1 1.30398e+0
4.75460e+1 1.39112e+0
4.86769e+1 1.47785e+0
4.95279e+1 1.56938e+0
5.04861e+1 1.64154e+0
5.16970e+1 1.73324e+0
5.24556e+1 1.79688e+0
5.34809e+1 1.86933e+0
5.44886e+1 1.93477e+0
5.54386e+1 2.00602e+0
5.66004e+1 2.07390e+0
5.77866e+1 2.14902e+0
5.92019e+1 2.22500e+0
6.03382e+1 2.29201e+0
6.14963e+1 2.35732e+0
6.27851e+1 2.42594e+0
6.41009e+1 2.48210e+0
6.52184e+1 2.54307e+0
6.64473e+1 2.60757e+0
6.86893e+1 2.68846e+0
7.01288e+1 2.75170e+0
7.15985e+1 2.80539e+0
7.33521e+1 2.86484e+0
7.54089e+1 2.93132e+0
7.75233e+1 2.99716e+0
7.96971e+1 3.05789e+0
8.19318e+1 3.11810e+0
8.42291e+1 3.17636e+0
8.65909e+1 3.23048e+0
8.97804e+1 3.29389e+0
9.32599e+1 3.34924e+0
9.80656e+1 3.40339e+0
1.04723e+2 3.45345e+0
1.12997e+2 3.48902e+0
1.21926e+2 3.50738e+0
1.31560e+2 3.50854e+0
1.41955e+2 3.48809e+0
1.53171e+2 3.45345e+0
1.65274e+2 3.40580e+0
1.77718e+2 3.35129e+0
1.89127e+2 3.29632e+0
1.99882e+2 3.24230e+0
2.11248e+2 3.18637e+0
2.22490e+2 3.13049e+0
2.32717e+2 3.07898e+0
2.46802e+2 3.01250e+0
2.59398e+2 2.95267e+0
2.70010e+2 2.90051e+0
2.87345e+2 2.82176e+0
3.08979e+2 2.73124e+0
3.22065e+2 2.67584e+0
3.35706e+2 2.62343e+0
3.51136e+2 2.56541e+0
3.68547e+2 2.50331e+0
3.85486e+2 2.44402e+0
4.03204e+2 2.38533e+0
4.26448e+2 2.31120e+0
4.48811e+2 2.24799e+0
4.75975e+2 2.17639e+0
5.16579e+2 2.07306e+0
5.41618e+2 2.01543e+0
5.71676e+2 1.95023e+0
5.98127e+2 1.89313e+0
6.29682e+2 1.83762e+0
6.71390e+2 1.77136e+0
7.07792e+2 1.71436e+0
7.37406e+2 1.67414e+0
7.80687e+2 1.61660e+0
8.32653e+2 1.55582e+0
8.99110e+2 1.48446e+0
9.83660e+2 1.40055e+0
1.05720e+3 1.33518e+0
1.12841e+3 1.28020e+0
1.19789e+3 1.23077e+0
1.27920e+3 1.17887e+0
1.37077e+3 1.13208e+0
1.47908e+3 1.07251e+0
1.59595e+3 1.01904e+0
1.72205e+3 9.68674e-1
1.85812e+3 9.18626e-1
1.99802e+3 8.73392e-1
2.14845e+3 8.30911e-1
2.31821e+3 7.87526e-1
2.50138e+3 7.45919e-1
2.69903e+3 7.04078e-1
2.91229e+3 6.69552e-1
3.14240e+3 6.32795e-1
3.39070e+3 5.99317e-1
3.65862e+3 5.65230e-1
3.94770e+3 5.33773e-1
4.25963e+3 5.01850e-1
4.59620e+3 4.76281e-1
4.95936e+3 4.48387e-1
5.35123e+3 4.19874e-1
5.77405e+3 3.98272e-1
6.23029e+3 3.74005e-1
6.72257e+3 3.49520e-1
7.25375e+3 3.31002e-1
7.82690e+3 3.12662e-1
8.44534e+3 2.95216e-1
9.11265e+3 2.81641e-1
9.76494e+3 2.61173e-1
