3.03992e+0 3.10710e-2
4.00152e+0 4.83253e-2
5.11455e+0 6.21036e-2
6.22758e+0 7.60291e-2
7.34062e+0 8.99546e-2
8.45368e+0 1.04322e-1
9.56678e+0 1.19204e-1
1.06799e+1 1.34455e-1
1.17930e+1 1.50147e-1
1.29062e+1 1.66207e-1
1.40194e+1 1.82708e-1
1.51326e+1 1.99431e-1
1.62459e+1 2.16154e-1
1.73591e+1 2.33465e-1
1.84724e+1 2.50850e-1
1.95856e+1 2.67720e-1
2.06989e+1 2.85326e-1
2.18121e+1 3.02637e-1
2.29253e+1 3.19359e-1
2.40386e+1 3.36303e-1
2.51518e+1 3.53025e-1
2.62650e+1 3.69159e-1
2.73781e+1 3.83968e-1
2.84911e+1 3.97967e-1
2.96041e+1 4.11009e-1
3.07169e+1 4.21672e-1
3.17791e+1 4.31064e-1
3.29420e+1 4.34973e-1
3.40543e+1 4.37563e-1
3.51664e+1 4.36989e-1
3.62783e+1 4.33396e-1
3.73900e+1 4.26712e-1
3.84762e+1 4.17862e-1
3.96127e+1 4.04069e-1
4.07238e+1 3.88331e-1
4.17842e+1 3.70606e-1
4.27435e+1 3.52985e-1
4.36523e+1 3.35004e-1
4.45105e+1 3.16899e-1
4.53181e+1 2.99400e-1
4.61258e+1 2.81699e-1
4.70852e+1 2.65681e-1
4.78593e+1 2.50396e-1
4.86498e+1 2.28596e-1
4.96596e+1 2.09096e-1
5.07200e+1 1.92077e-1
5.18310e+1 1.73984e-1
5.28998e+1 1.55847e-1
5.40531e+1 1.40816e-1
5.51643e+1 1.26771e-1
5.66797e+1 1.10081e-1
5.77407e+1 1.00865e-1
6.12269e+1 7.37038e-2
6.48654e+1 5.54217e-2
6.82010e+1 4.38340e-2
7.15368e+1 3.58530e-2
7.26488e+1 3.33644e-2
7.37607e+1 3.04342e-2
7.48728e+1 2.99329e-2
7.59848e+1 2.84012e-2
7.70968e+1 2.61334e-2
7.82089e+1 2.54114e-2
7.93209e+1 2.44685e-2
8.04329e+1 2.28632e-2
8.15450e+1 2.21411e-2
8.26571e+1 2.11982e-2
8.37691e+1 2.03290e-2
8.48812e+1 1.94597e-2
8.59933e+1 1.89585e-2
8.71054e+1 1.80156e-2
8.82174e+1 1.73671e-2
8.93295e+1 1.67187e-2
9.04416e+1 1.59230e-2
9.15537e+1 1.56426e-2
9.26657e+1 1.45525e-2
9.37778e+1 1.42721e-2
9.48899e+1 1.39917e-2
9.60020e+1 1.33432e-2
9.71141e+1 1.26948e-2
9.82262e+1 1.26352e-2
9.92372e+1 1.19282e-2
