40.37017258596554 27.50929368029739
45.77265042618828 23.79182156133828
54.87745210560131 19.33085501858733
67.6554878972787 14.869888475836433
88.19714875603577 11.152416356877268
105.74075920106172 10.40892193308548
134.05182387914726 10.40892193308548
169.94290206633514 11.152416356877268
237.55138987921683 12.639405204460957
309.67709969353484 14.869888475836433
387.1495759209475 17.100371747211852
490.8051271653856 20.074349442379145
580.2783448666186 23.048327137546437
745.9801523487934 27.50929368029739
906.9341548063785 31.970260223048285
1118.1108156416908 37.91821561338287
1321.9411484660286 43.866171003717426
1562.9295196512035 49.81412639405204
1900.1499684190594 57.249070631970255
2342.5936930163793 66.91449814126392
2693.413485920201 75.09293680297395
3140.289571566332 85.50185873605946
3414.5488738336007 92.19330855018586
4037.017258596554 105.57620817843866
4577.265042618826 117.4721189591078
5262.742502540515 133.08550185873605
5802.7834486661795 144.9814126394052
6488.154934780245 158.364312267658
7254.476206136807 173.2342007434944
8340.88476595222 192.56505576208178
9326.03346883219 208.92193308550185
9999.999999999989 218.58736059479554
