3.03430e+0 4.55197e-2
3.03430e+0 2.98356e-2
3.30776e+0 4.87522e-2
3.31052e+0 3.23594e-2
3.57376e+0 5.28685e-2
3.57190e+0 3.43078e-2
3.85468e+0 5.67333e-2
3.85468e+0 3.66578e-2
4.12814e+0 6.18479e-2
4.12814e+0 3.92630e-2
4.40159e+0 6.62306e-2
4.39165e+0 4.09954e-2
4.67257e+0 6.92802e-2
4.67505e+0 4.34800e-2
4.95348e+0 7.31434e-2
4.95845e+0 4.55777e-2
5.22197e+0 7.77928e-2
5.22197e+0 4.69781e-2
5.49543e+0 8.25415e-2
5.49543e+0 4.82109e-2
5.76889e+0 8.67673e-2
5.91805e+0 5.05499e-2
6.04856e+0 9.02581e-2
6.19150e+0 5.05410e-2
6.32409e+0 9.14952e-2
6.37795e+0 5.05350e-2
6.58926e+0 9.75356e-2
6.88758e+0 1.03824e-1
6.78814e+0 9.44579e-2
7.01188e+0 5.05145e-2
7.15339e+0 1.11115e-1
7.11132e+0 9.87541e-2
7.27291e+0 5.05061e-2
7.43450e+0 1.13842e-1
7.35577e+0 1.02452e-1
7.53394e+0 4.81973e-2
7.68310e+0 1.22482e-1
7.67067e+0 1.06276e-1
7.96650e+0 1.27199e-1
7.95655e+0 1.10188e-1
8.23001e+0 1.31614e-1
8.24422e+0 1.13487e-1
8.30459e+0 4.58198e-2
8.51342e+0 1.36440e-1
8.49850e+0 1.16946e-1
8.57095e+0 4.47954e-2
8.77693e+0 1.41320e-1
8.77693e+0 1.20147e-1
8.85151e+0 4.20902e-2
9.05039e+0 1.46069e-1
9.05039e+0 1.23340e-1
9.14430e+0 3.72826e-2
9.31556e+0 1.50760e-1
9.32385e+0 1.26507e-1
9.39843e+0 3.17211e-2
9.59731e+0 1.55671e-1
9.59233e+0 1.29332e-1
9.68145e+0 2.50214e-2
9.89010e+0 1.61092e-1
9.87076e+0 1.32606e-1
9.85833e+0 1.49113e-2
1.01542e+1 1.66004e-1
1.01525e+1 1.34886e-1
1.04227e+1 1.37299e-1
1.04425e+1 1.71484e-1
1.06939e+1 1.39597e-1
1.07061e+1 1.76223e-1
1.09563e+1 1.41441e-1
1.09895e+1 1.81870e-1
1.12381e+1 1.43750e-1
1.12679e+1 1.86958e-1
1.15190e+1 1.49455e-1
1.15438e+1 1.92585e-1
1.17850e+1 1.55495e-1
1.18098e+1 1.97894e-1
1.20584e+1 1.61394e-1
1.20833e+1 2.03479e-1
1.23319e+1 1.67032e-1
1.23429e+1 2.08809e-1
1.25929e+1 1.71101e-1
1.26576e+1 2.15553e-1
1.28788e+1 1.75865e-1
1.29479e+1 2.22016e-1
1.31523e+1 1.79709e-1
1.31949e+1 2.28179e-1
1.34282e+1 1.83841e-1
1.34754e+1 2.34802e-1
1.37130e+1 1.86592e-1
1.37489e+1 2.42478e-1
1.39975e+1 1.89458e-1
1.40099e+1 2.52832e-1
1.42710e+1 2.65517e-1
1.42710e+1 1.91750e-1
1.45444e+1 2.76853e-1
1.45724e+1 1.93968e-1
1.48179e+1 2.87352e-1
1.48179e+1 1.94032e-1
1.50913e+1 2.97590e-1
1.50913e+1 1.94023e-1
1.53648e+1 1.94015e-1
1.53897e+1 3.08612e-1
1.56631e+1 3.18850e-1
1.56631e+1 1.91705e-1
1.59366e+1 3.28617e-1
1.59490e+1 1.88475e-1
1.62349e+1 3.40214e-1
1.62349e+1 1.82432e-1
1.65083e+1 3.49667e-1
1.65083e+1 1.75157e-1
1.67818e+1 3.60428e-1
1.67597e+1 1.66046e-1
1.70113e+1 1.55174e-1
1.70553e+1 3.70353e-1
1.72044e+1 1.41458e-1
1.73312e+1 3.81312e-1
1.73983e+1 1.26089e-1
1.76022e+1 3.92031e-1
1.75400e+1 1.11995e-1
1.76643e+1 9.66078e-2
1.77596e+1 8.46718e-2
1.78632e+1 4.02400e-1
1.78881e+1 6.55463e-2
1.79875e+1 4.44088e-2
1.81118e+1 4.12686e-1
1.80621e+1 2.68665e-2
1.83977e+1 4.24524e-1
1.86629e+1 4.36144e-1
1.89198e+1 4.47667e-1
1.91849e+1 4.58875e-1
1.94418e+1 4.71228e-1
1.97028e+1 4.84002e-1
1.99749e+1 4.97124e-1
2.02249e+1 5.09116e-1
2.04611e+1 5.21773e-1
2.06724e+1 5.33572e-1
2.08837e+1 5.45657e-1
2.10950e+1 5.57352e-1
2.13187e+1 5.70643e-1
2.15300e+1 5.83528e-1
2.17431e+1 5.96857e-1
2.19402e+1 6.10304e-1
2.21391e+1 6.23452e-1
2.23256e+1 6.36437e-1
2.25102e+1 6.49822e-1
2.26985e+1 6.63454e-1
2.28725e+1 6.77250e-1
2.30415e+1 6.90061e-1
2.31832e+1 7.01941e-1
2.33407e+1 7.15738e-1
2.35139e+1 7.30301e-1
2.36556e+1 7.43332e-1
2.38047e+1 7.57800e-1
2.39414e+1 7.69853e-1
2.40782e+1 7.83382e-1
2.42273e+1 7.97706e-1
2.43591e+1 8.12050e-1
2.45008e+1 8.27458e-1
2.46210e+1 8.40681e-1
2.47743e+1 8.56586e-1
2.48986e+1 8.71726e-1
2.50104e+1 8.85639e-1
2.51099e+1 8.96735e-1
2.52217e+1 9.08808e-1
2.53212e+1 9.21169e-1
2.54206e+1 9.33962e-1
2.55200e+1 9.46323e-1
2.56443e+1 9.58827e-1
2.57438e+1 9.72050e-1
2.58432e+1 9.83549e-1
2.67672e+1 9.75372e-1
2.68169e+1 9.59460e-1
2.68749e+1 9.38371e-1
2.68749e+1 9.21982e-1
2.69246e+1 9.09616e-1
2.69412e+1 8.93321e-1
2.69246e+1 8.84887e-1
2.69868e+1 8.64757e-1
2.69826e+1 8.49039e-1
2.69992e+1 8.41754e-1
2.70365e+1 8.23350e-1
2.70365e+1 8.10698e-1
2.70365e+1 7.98047e-1
2.70365e+1 7.80794e-1
2.70862e+1 7.57789e-1
2.70862e+1 7.45138e-1
2.70862e+1 7.32486e-1
2.70862e+1 7.15233e-1
2.71359e+1 6.91078e-1
2.71359e+1 6.78427e-1
2.71359e+1 6.65775e-1
2.71359e+1 6.53123e-1
2.71359e+1 6.40471e-1
2.71359e+1 6.27820e-1
2.71359e+1 6.15168e-1
2.71359e+1 5.97340e-1
2.71898e+1 5.74910e-1
2.71857e+1 5.59958e-1
2.71857e+1 5.47307e-1
2.71857e+1 5.34655e-1
2.71857e+1 5.22003e-1
2.71815e+1 5.07435e-1
2.71981e+1 4.86060e-1
2.72395e+1 3.85132e-1
2.72354e+1 3.69605e-1
2.72312e+1 3.54845e-1
2.72354e+1 3.29206e-1
2.72478e+1 4.28838e-1
2.72478e+1 4.16186e-1
2.72478e+1 4.03535e-1
2.72478e+1 3.14972e-1
2.72478e+1 3.02321e-1
2.72478e+1 2.89669e-1
2.72478e+1 2.73279e-1
2.72975e+1 2.19507e-1
2.72975e+1 2.06856e-1
2.72975e+1 1.94204e-1
2.72975e+1 1.81552e-1
2.72975e+1 1.68900e-1
2.72975e+1 1.56248e-1
2.73100e+1 1.38996e-1
2.73100e+1 1.26344e-1
2.73100e+1 1.13692e-1
2.72975e+1 1.05641e-1
2.72975e+1 9.29897e-2
2.72975e+1 8.03379e-2
2.72975e+1 6.33730e-2
2.73597e+1 4.32432e-2
2.73473e+1 3.08794e-2
7.90356e+0 4.72718e-2
6.68763e+0 5.11909e-2
2.72327e+1 4.54018e-1
2.72327e+1 4.71477e-1
2.72327e+1 4.42379e-1
2.72746e+1 2.56151e-1
2.72746e+1 2.38692e-1
