-1.1368683772161603e-13 0.0036101083032491488
49.944506104328525 0.9530685920577615
99.88901220865739 1.5342960288808662
149.8335183129857 1.9855595667870036
199.7780244173142 2.220216606498195
249.72253052164262 2.2960288808664258
299.66703662597115 2.2454873646209386
349.61154273029956 2.1624548736462095
451.1653718091011 1.9494584837545126
499.44506104328525 1.8303249097472922
599.3340732519421 1.6606498194945847
799.1120976692562 1.4187725631768955
998.8901220865705 1.2635379061371843
1499.999999999999 0.9602888086642603
