-6.11063e-2 4.29293e+1
-6.11063e-2 2.86385e+1
-6.11063e-2 1.67168e+1
-5.72720e-2 1.11426e+1
-5.55466e-2 7.95272e+0
-5.34378e-2 5.57286e+0
-5.34378e-2 4.27028e+0
-4.50389e-2 3.09211e+0
-5.08816e-2 2.42495e+0
-3.89528e-2 1.99568e+0
-3.65031e-2 1.53552e+0
-3.01373e-2 1.21664e+0
-2.01093e-2 1.01897e+0
-1.53349e-2 4.18524e+1
-1.53349e-2 2.78732e+1
-1.80447e-2 1.70792e+1
-2.00250e-2 8.01351e-1
-1.48003e-2 1.13989e+1
-1.50952e-2 8.01022e+0
-7.87782e-3 5.46440e+0
-1.12610e-2 4.13008e+0
-1.01655e-2 6.65284e-1
-7.97448e-3 5.28435e-1
-9.38001e-4 3.38711e+0
1.83937e-3 2.71061e+0
2.41769e-4 2.17923e+0
9.38906e-4 5.28255e+1
5.67363e-3 1.79167e+0
5.60972e-3 1.44380e+0
7.36252e-3 4.42780e-1
6.43556e-3 3.42556e-1
3.52827e-3 2.09114e+1
6.20616e-3 1.40952e+1
2.29917e-2 1.13482e+0
2.32473e-2 4.12677e+1
2.32473e-2 2.90503e+1
5.99315e-3 2.48908e+1
2.53774e-2 1.66966e+1
2.48449e-2 8.94708e-1
2.49514e-2 2.68944e-1
2.70815e-2 1.10401e+1
2.70815e-2 8.58130e+0
2.70815e-2 7.32795e+0
3.09158e-2 5.67678e+0
3.09158e-2 4.43476e+0
3.35703e-2 7.17808e-1
3.63476e-2 5.72483e-1
3.80365e-2 2.12575e-1
4.12388e-2 3.60045e+0
4.40161e-2 2.84512e+0
4.24185e-2 2.28033e+0
4.11405e-2 1.81800e-1
4.62528e-2 1.83919e+0
4.62528e-2 1.50093e+0
4.62528e-2 4.43365e-1
5.00870e-2 3.61822e-1
6.31874e-2 1.24197e+0
5.94330e-2 1.56458e-1
6.15898e-2 4.29293e+1
6.15898e-2 2.86786e+1
6.15898e-2 1.67137e+1
6.70216e-2 1.00888e+0
6.80785e-2 3.02068e-1
6.54240e-2 1.11540e+1
6.56371e-2 7.89630e+0
6.92583e-2 5.57286e+0
7.57470e-2 8.30968e-1
7.85244e-2 6.66749e-1
7.69268e-2 5.36033e-1
8.02133e-2 2.47415e-1
7.77340e-2 1.30396e-1
7.30925e-2 4.22683e+0
7.88439e-2 3.36849e+0
8.07610e-2 2.67624e+0
7.88439e-2 2.23400e+0
8.77905e-2 1.90981e-1
8.45953e-2 1.78036e+0
8.71515e-2 1.42877e+0
9.04941e-2 4.30940e-1
9.60981e-2 3.53235e-1
9.56944e-2 1.01907e-1
9.80152e-2 1.10652e+0
1.14550e-1 8.40586e-2
1.08080e-1 8.65956e-1
1.13352e-1 6.64188e-1
1.15269e-1 5.38842e-1
1.20382e-1 2.57860e-1
1.20908e-1 1.40860e-1
1.28817e-1 1.88353e-1
1.34201e-1 6.70326e-2
1.26772e-1 4.38709e-1
1.32523e-1 3.57833e-1
1.40192e-1 3.01710e-1
1.44469e-1 1.06577e-1
1.48956e-1 5.50662e-2
1.63197e-1 8.55133e-2
1.57795e-1 2.43002e-1
1.64663e-1 1.40554e-1
1.68949e-1 1.82901e-1
1.81926e-1 7.04764e-2
1.78321e-1 4.74789e-2
1.88942e-1 1.09594e-1
2.02392e-1 3.75139e-2
2.01540e-1 1.37794e-1
2.14960e-1 8.64679e-2
2.14108e-1 5.79704e-2
2.24162e-1 1.03003e-1
2.35569e-1 7.10169e-2
2.33085e-1 4.62264e-2
2.32022e-1 2.98280e-2
2.52983e-1 3.82723e-2
2.52536e-1 7.80702e-2
2.63594e-1 5.68048e-2
2.66548e-1 2.49873e-2
2.90743e-1 4.30351e-2
2.88194e-1 3.33096e-2
2.95297e-1 2.00420e-2
2.87811e-1 5.49573e-2
3.14395e-1 2.87858e-2
3.22319e-1 4.07842e-2
3.33274e-1 3.45362e-2
3.37205e-1 2.33897e-2
3.32224e-1 1.77232e-2
3.40468e-1 1.47107e-2
3.61010e-1 2.85930e-2
3.74182e-1 1.29616e-2
3.78129e-1 2.12434e-2
3.83241e-1 1.68798e-2
3.97087e-1 2.41517e-2
4.14724e-1 1.34829e-2
4.20987e-1 1.02603e-2
4.21188e-1 1.87457e-2
4.55821e-1 8.64719e-3
4.57325e-1 1.49026e-2
4.61746e-1 1.11623e-2
4.94360e-1 7.94192e-3
4.98694e-1 1.34501e-2
5.04126e-1 1.08785e-2
5.11395e-1 6.48598e-3
5.40445e-1 8.25377e-3
5.44705e-1 1.10133e-2
5.47934e-1 5.91058e-3
5.71996e-1 5.10470e-3
5.80939e-1 8.48746e-3
5.95509e-1 6.26875e-3
6.13722e-1 4.80038e-3
6.21390e-1 8.23608e-3
6.36180e-1 6.71406e-3
6.43821e-1 3.92797e-3
6.55388e-1 5.22085e-3
6.75070e-1 6.83516e-3
6.82444e-1 3.73285e-3
6.97836e-1 5.53372e-3
7.12560e-1 3.09370e-3
7.27337e-1 4.21777e-3
7.36418e-1 5.63455e-3
7.51588e-1 2.99373e-3
7.69514e-1 4.46249e-3
7.75645e-1 2.51178e-3
7.96914e-1 3.34127e-3
8.09269e-1 4.46131e-3
8.14112e-1 2.48144e-3
8.39091e-1 3.64215e-3
8.46199e-1 2.06583e-3
8.58874e-1 2.80302e-3
8.78285e-1 3.71492e-3
8.85475e-1 2.06090e-3
9.01051e-1 3.04252e-3
9.15430e-1 1.72680e-3
9.30552e-1 2.37173e-3
9.39633e-1 3.20986e-3
9.56390e-1 1.68143e-3
9.72729e-1 2.60887e-3
9.77209e-1 1.92501e-3
9.95869e-1 1.43264e-3
1.01248e+0 2.66835e-3
1.01248e+0 2.17760e-3
1.01248e+0 1.77710e-3
1.03606e+0 1.42048e-3
1.05466e+0 2.39639e-3
1.05466e+0 1.95565e-3
1.05826e+0 1.19263e-3
1.08105e+0 1.62621e-3
1.09684e+0 2.19965e-3
1.09897e+0 1.17718e-3
1.12323e+0 1.81489e-3
1.14259e+0 1.40266e-3
1.13959e+0 1.03328e-3
1.16202e+0 1.90699e-3
1.16750e+0 1.53328e-3
1.18479e+0 1.29155e-3
1.18028e+0 9.40507e-4
1.20420e+0 1.76520e-3
1.22045e+0 8.65853e-4
1.22696e+0 1.45804e-3
1.22337e+0 1.12726e-3
1.26033e+0 9.01488e-4
1.26554e+0 1.54325e-3
1.26554e+0 1.25941e-3
1.28063e+0 7.39230e-4
1.30480e+0 1.05680e-3
1.30772e+0 1.43813e-3
1.32236e+0 7.47910e-4
1.34698e+0 1.22191e-3
1.34819e+0 9.03600e-4
1.36122e+0 7.10972e-4
1.38779e+0 6.25234e-4
1.38824e+0 1.24469e-3
1.38824e+0 1.01577e-3
1.40716e+0 8.54877e-4
1.42658e+0 6.41303e-4
1.43042e+0 1.15021e-3
1.44933e+0 9.41086e-4
1.45297e+0 5.42851e-4
1.47214e+0 7.65725e-4
1.48793e+0 1.04695e-3
1.49223e+0 5.68428e-4
1.51432e+0 8.85773e-4
1.52486e+0 4.96792e-4
1.53548e+0 6.95076e-4
1.55431e+0 9.31499e-4
1.56462e+0 5.20991e-4
1.57941e+0 6.77387e-4
1.59101e+0 4.29033e-4
1.59529e+0 8.52964e-4
1.62168e+0 6.72096e-4
1.61830e+0 5.20554e-4
1.62980e+0 4.19124e-4
1.64160e+0 8.42014e-4
1.66047e+0 5.95642e-4
1.67325e+0 4.30200e-4
1.68230e+0 3.55345e-4
1.68348e+0 7.40722e-4
1.70572e+0 6.20608e-4
1.71681e+0 4.94142e-4
1.72249e+0 3.68711e-4
1.73631e+0 7.04847e-4
1.75090e+0 5.89862e-4
1.76108e+0 3.38342e-4
1.76759e+0 4.76215e-4
1.78700e+0 6.55245e-4
1.80217e+0 3.55477e-4
1.80977e+0 5.42593e-4
1.79946e+0 4.30200e-4
1.82511e+0 2.92020e-4
1.84835e+0 5.69020e-4
1.84835e+0 4.64367e-4
1.84835e+0 3.78961e-4
1.86575e+0 2.92163e-4
1.89053e+0 5.35632e-4
1.89053e+0 4.37120e-4
1.90944e+0 3.65868e-4
1.90258e+0 2.75750e-4
1.92065e+0 2.43739e-4
1.93270e+0 4.92485e-4
1.95162e+0 4.05752e-4
1.94804e+0 3.15560e-4
1.96171e+0 2.46447e-4
1.98085e+0 2.27423e-4
1.99186e+0 4.49943e-4
1.99022e+0 3.61551e-4
2.00532e+0 2.81914e-4
2.02064e+0 2.25055e-4
2.03239e+0 4.65148e-4
2.03239e+0 3.79599e-4
2.04550e+0 3.14238e-4
2.05923e+0 2.44354e-4
2.07457e+0 4.40066e-4
2.07572e+0 3.57625e-4
2.08906e+0 2.06399e-4
2.10439e+0 2.95772e-4
2.11675e+0 4.03938e-4
2.13007e+0 2.29869e-4
2.13368e+0 1.81080e-4
2.14657e+0 3.39734e-4
2.17341e+0 2.62301e-4
2.17426e+0 1.98417e-4
2.17969e+0 1.67533e-4
2.18577e+0 3.59734e-4
2.21321e+0 2.78136e-4
2.22298e+0 2.03559e-4
2.22027e+0 1.59691e-4
2.22752e+0 3.49999e-4
2.25651e+0 2.63894e-4
2.26130e+0 1.79525e-4
2.26969e+0 3.45005e-4
2.27089e+0 1.47321e-4
2.29787e+0 2.62724e-4
2.30801e+0 1.83191e-4
2.31339e+0 3.18833e-4
2.31495e+0 1.46799e-4
2.34086e+0 2.26166e-4
2.35447e+0 3.00053e-4
2.35620e+0 1.62553e-4
2.35995e+0 1.30477e-4
2.38491e+0 2.46855e-4
2.39984e+0 2.76115e-4
2.40023e+0 1.93058e-4
2.39665e+0 1.50700e-4
2.39305e+0 1.20853e-4
2.43883e+0 2.45822e-4
2.43883e+0 1.88107e-4
2.43883e+0 1.53511e-4
2.43723e+0 1.25620e-4
2.46141e+0 1.15331e-4
2.48100e+0 2.38776e-4
2.48100e+0 1.94860e-4
2.48100e+0 1.59022e-4
2.48566e+0 1.00672e-4
2.50401e+0 1.28892e-4
2.52676e+0 2.10442e-4
2.52318e+0 1.66680e-4
2.52616e+0 9.34935e-5
2.54595e+0 1.34011e-4
2.54555e+0 1.05316e-4
2.56536e+0 2.19173e-4
2.56536e+0 1.78863e-4
2.57039e+0 8.90958e-5
2.58812e+0 1.47662e-4
2.58453e+0 1.13839e-4
2.60753e+0 1.99497e-4
2.61480e+0 9.44632e-5
2.62751e+0 1.51462e-4
2.63218e+0 1.20703e-4
2.65426e+0 1.88839e-4
2.65653e+0 9.90252e-5
2.64779e+0 7.93332e-5
2.67248e+0 1.41323e-4
2.69189e+0 1.94533e-4
2.69431e+0 1.08556e-4
2.71154e+0 8.64106e-5
2.71345e+0 1.49550e-4
2.71063e+0 7.36815e-5
2.73406e+0 1.94860e-4
2.74218e+0 1.16180e-4
2.75681e+0 1.54476e-4
2.75323e+0 7.96671e-5
2.77843e+0 1.75126e-4
2.78306e+0 1.02964e-4
2.78633e+0 6.92692e-5
2.79805e+0 1.32779e-4
2.81842e+0 1.61444e-4
2.82523e+0 9.23489e-5
2.82499e+0 6.98927e-5
2.83724e+0 6.10973e-5
2.84118e+0 1.31406e-4
2.86741e+0 1.05316e-4
2.86986e+0 7.98233e-5
2.87858e+0 6.54362e-5
2.87976e+0 1.41382e-4
2.90959e+0 1.15509e-4
2.91204e+0 8.66104e-5
2.91739e+0 6.75686e-5
2.93217e+0 5.65037e-5
2.94708e+0 1.34046e-4
2.95038e+0 1.03707e-4
2.96357e+0 8.67820e-5
2.96143e+0 6.84323e-5
2.97383e+0 5.57776e-5
2.98712e+0 1.44989e-4
2.99256e+0 1.18938e-4
3.00575e+0 9.63184e-5
3.00246e+0 7.58157e-5
3.01336e+0 5.90293e-5
3.03313e+0 1.26759e-4
3.03562e+0 4.86992e-5
3.03533e+0 4.07390e-5
3.04792e+0 1.03024e-4
3.04464e+0 8.12209e-5
3.05943e+0 6.72683e-5
3.07704e+0 4.97099e-5
3.08854e+0 1.14059e-4
3.08796e+0 8.65304e-5
3.10170e+0 6.45316e-5
3.11525e+0 4.52257e-5
3.12899e+0 1.24438e-4
3.12899e+0 1.01552e-4
3.12899e+0 8.28746e-5
3.14378e+0 6.82520e-5
3.14049e+0 5.38204e-5
3.15564e+0 4.27410e-5
3.17117e+0 1.11755e-4
3.17117e+0 9.12014e-5
3.18596e+0 7.59523e-5
3.18267e+0 5.95271e-5
3.19155e+0 3.64945e-5
3.20066e+0 4.74929e-5
3.21334e+0 9.73758e-5
3.22727e+0 7.27559e-5
3.22561e+0 5.58464e-5
3.23424e+0 3.72447e-5
3.25850e+0 8.29984e-5
3.26108e+0 4.90711e-5
3.27031e+0 6.97085e-5
3.27582e+0 3.73349e-5
3.28236e+0 2.81325e-5
3.30492e+0 5.67643e-5
3.30920e+0 7.89345e-5
3.30690e+0 6.52227e-5
3.32045e+0 4.49065e-5
3.31550e+0 3.38887e-5
3.34347e+0 3.08830e-5
3.35042e+0 7.74027e-5
3.35138e+0 6.29199e-5
3.35996e+0 4.66298e-5
3.36544e+0 3.45434e-5
3.38543e+0 2.96838e-5
3.39355e+0 7.31881e-5
3.39355e+0 5.97275e-5
3.40388e+0 4.87929e-5
3.40122e+0 3.89187e-5
3.42473e+0 3.11055e-5
3.43333e+0 7.66319e-5
3.43726e+0 6.04643e-5
3.44543e+0 4.60733e-5
3.45275e+0 2.63488e-5
3.47000e+0 3.47435e-5
3.47951e+0 7.10084e-5
3.47791e+0 5.75606e-5
3.48864e+0 4.56876e-5
3.49640e+0 2.61109e-5
3.51601e+0 3.35992e-5
3.51625e+0 2.05569e-5
3.52307e+0 7.55967e-5
3.52008e+0 5.79487e-5
3.53041e+0 4.82413e-5
3.53095e+0 3.89514e-5
3.53902e+0 2.37616e-5
3.55715e+0 3.14564e-5
3.56226e+0 6.80884e-5
3.56993e+0 5.53793e-5
3.56993e+0 4.51941e-5
3.57322e+0 3.76872e-5
3.57760e+0 2.28036e-5
3.60036e+0 3.10618e-5
3.60444e+0 6.57285e-5
3.61338e+0 5.35723e-5
3.61211e+0 4.31178e-5
3.61530e+0 3.56237e-5
3.62035e+0 2.14755e-5
3.64120e+0 2.97970e-5
3.64108e+0 1.58819e-5
3.65767e+0 4.95534e-5
3.65428e+0 3.86581e-5
3.66472e+0 2.19445e-5
3.68428e+0 2.98294e-5
3.68112e+0 1.55222e-5
3.68496e+0 4.87098e-5
3.69646e+0 4.02483e-5
3.70163e+0 1.19535e-5
3.70413e+0 2.16921e-5
3.72595e+0 3.34325e-5
3.72330e+0 2.65362e-5
3.72595e+0 1.81706e-5
3.73821e+0 3.89914e-5
3.74607e+0 1.48683e-5
3.73888e+0 1.10694e-5
3.75091e+0 2.26401e-5
3.76548e+0 9.70838e-6
3.76907e+0 2.89156e-5
3.78347e+0 3.69297e-5
3.78637e+0 1.73566e-5
3.78465e+0 1.30179e-5
3.79567e+0 2.16148e-5
3.80638e+0 1.04199e-5
3.80542e+0 8.14967e-6
3.80968e+0 2.87160e-5
3.82001e+0 3.79645e-5
3.80957e+0 6.97057e-6
3.82768e+0 1.47202e-5
3.83329e+0 2.15152e-5
3.83353e+0 1.73566e-5
3.84600e+0 1.02068e-5
3.85051e+0 2.82823e-5
3.86517e+0 3.50696e-5
3.87238e+0 1.32738e-5
3.87582e+0 1.99876e-5
3.86593e+0 1.60755e-5
3.89253e+0 1.01399e-5
3.89560e+0 2.59712e-5
3.89201e+0 8.82900e-6
3.90798e+0 3.27816e-5
3.91840e+0 1.88153e-5
3.91501e+0 1.45197e-5
3.93393e+0 1.19834e-5
3.94044e+0 2.61565e-5
3.95240e+0 9.94797e-6
3.96078e+0 2.01446e-5
3.95834e+0 1.55496e-5
3.96784e+0 3.27816e-5
3.97610e+0 1.27839e-5
3.99131e+0 9.89755e-6
3.99994e+0 2.51623e-5
3.99937e+0 1.89328e-5
4.00368e+0 1.57885e-5
4.00448e+0 8.85623e-6
4.00497e+0 3.75650e-5
4.00767e+0 3.14952e-5
4.02919e+0 1.41426e-5
4.03509e+0 1.00905e-5
4.04514e+0 2.42327e-5
4.04154e+0 1.89010e-5
4.05219e+0 3.62508e-5
4.04602e+0 2.86277e-5
4.05880e+0 4.88449e-5
4.06373e+0 8.98376e-6
4.07040e+0 1.44672e-5
4.08544e+0 2.18457e-5
4.09062e+0 1.63148e-5
4.08730e+0 1.14424e-5
4.09139e+0 3.73531e-5
4.09139e+0 2.96970e-5
4.10832e+0 9.08410e-6
4.12949e+0 2.49713e-5
4.12590e+0 1.93182e-5
4.12590e+0 1.57653e-5
4.12590e+0 1.28657e-5
4.12590e+0 1.04995e-5
4.12590e+0 3.72084e-5
4.13037e+0 2.96140e-5
4.15139e+0 8.28504e-6
4.16778e+0 2.38716e-5
4.16807e+0 1.88693e-5
4.16807e+0 1.53989e-5
4.16807e+0 1.25667e-5
4.16850e+0 1.02459e-5
4.15849e+0 2.92515e-5
4.18612e+0 7.54307e-6
4.21025e+0 2.13686e-5
4.21025e+0 1.71465e-5
4.21025e+0 1.39929e-5
4.21025e+0 1.14194e-5
4.21025e+0 9.32698e-6
4.21792e+0 7.38489e-6
4.23326e+0 2.17651e-5
4.23901e+0 1.66193e-5
4.25243e+0 1.35080e-5
4.25243e+0 1.02857e-5
4.28310e+0 1.26600e-5
4.28166e+0 1.00442e-5
