2.19826e-1 2.38484e+1
2.40544e-1 2.38628e+1
2.50602e-1 2.91606e+1
2.51593e-1 1.86683e+1
2.59481e-1 2.35482e+1
2.82451e-1 2.38484e+1
2.95622e-1 2.38020e+1
4.42159e-1 2.18461e+1
4.83831e-1 2.18908e+1
5.07239e-1 2.62917e+1
5.05021e-1 1.70021e+1
5.22582e-1 2.11892e+1
5.68123e-1 2.18461e+1
6.23920e-1 2.18982e+1
6.71457e-1 2.18461e+1
7.35189e-1 2.19635e+1
7.59278e-1 2.67369e+1
7.55355e-1 1.70021e+1
7.93586e-1 2.14384e+1
8.62745e-1 2.18461e+1
9.40903e-1 2.17423e+1
1.00429e+0 2.59561e+1
1.00633e+0 1.71098e+1
1.01967e+0 2.10111e+1
1.10853e+0 2.14245e+1
1.21300e+0 2.11225e+1
1.26744e+0 2.56815e+1
1.26872e+0 1.65057e+1
1.30850e+0 2.08051e+1
1.43184e+0 2.09869e+1
1.52306e+0 2.47633e+1
1.51261e+0 1.66217e+1
1.54845e+0 2.01515e+1
1.66369e+0 2.24026e+1
1.76457e+0 2.83490e+1
1.76602e+0 1.87505e+1
1.80250e+0 2.30563e+1
1.97120e+0 2.40776e+1
2.01663e+0 3.01314e+1
2.01650e+0 1.89891e+1
2.13711e+0 2.34922e+1
2.28109e+0 2.72144e+1
2.27577e+0 1.76504e+1
2.31894e+0 2.20684e+1
2.51784e+0 2.31727e+1
2.50830e+0 2.93872e+1
2.50830e+0 1.81682e+1
2.75043e+0 2.32622e+1
2.76863e+0 2.93872e+1
2.76863e+0 1.81682e+1
2.99011e+0 2.38468e+1
3.02646e+0 3.01793e+1
3.03121e+0 1.86683e+1
3.23865e+0 2.39482e+1
3.31886e+0 3.00922e+1
3.28082e+0 1.86580e+1
3.52643e+0 2.48713e+1
3.58903e+0 3.18028e+1
3.59813e+0 1.98748e+1
3.83973e+0 2.47069e+1
3.91170e+0 3.07643e+1
3.91326e+0 1.90656e+1
4.17676e+0 2.60013e+1
4.16626e+0 2.09593e+1
4.27851e+0 1.91410e+1
4.34854e+0 3.08118e+1
4.53622e+0 2.30397e+1
4.69395e+0 3.16974e+1
4.69792e+0 2.71335e+1
4.72750e+0 1.87770e+1
4.94587e+0 2.20398e+1
5.11077e+0 3.01098e+1
5.16803e+0 2.47855e+1
5.17867e+0 1.91325e+1
5.42617e+0 2.27488e+1
5.55777e+0 3.08577e+1
5.61840e+0 2.47265e+1
5.60638e+0 1.98100e+1
6.05184e+0 3.15188e+1
6.03119e+0 2.53500e+1
6.03119e+0 2.16624e+1
6.09644e+0 1.96491e+1
6.60364e+0 3.26827e+1
6.55678e+0 2.70865e+1
6.55678e+0 2.31463e+1
6.58366e+0 2.01726e+1
7.11659e+0 3.36775e+1
7.12818e+0 2.84203e+1
7.12818e+0 2.42861e+1
7.21900e+0 2.10493e+1
7.80451e+0 3.33015e+1
7.74938e+0 2.78357e+1
7.83322e+0 2.37453e+1
7.75631e+0 2.02288e+1
8.42471e+0 3.51234e+1
8.42471e+0 3.00142e+1
8.51586e+0 2.58404e+1
8.47361e+0 2.09436e+1
9.21872e+0 3.35403e+1
9.25798e+0 2.82547e+1
9.22873e+0 2.39415e+1
9.20684e+0 2.05312e+1
9.96714e+0 3.50596e+1
1.00648e+1 2.92475e+1
1.00330e+1 2.48285e+1
1.00195e+1 2.14548e+1
1.09018e+1 3.61105e+1
1.09419e+1 3.01673e+1
1.09073e+1 2.55484e+1
1.08345e+1 2.18829e+1
1.17800e+1 3.76564e+1
1.18954e+1 3.20945e+1
1.18578e+1 2.69811e+1
1.18679e+1 2.30031e+1
1.29829e+1 3.78002e+1
1.28912e+1 3.16974e+1
1.28912e+1 2.70865e+1
1.28153e+1 2.31313e+1
1.40146e+1 3.96341e+1
1.40146e+1 3.38687e+1
1.40146e+1 2.89420e+1
1.40146e+1 2.36018e+1
1.52635e+1 3.73603e+1
1.52360e+1 2.97811e+1
1.52360e+1 2.54490e+1
1.51878e+1 2.29120e+1
1.65637e+1 4.04141e+1
1.65637e+1 3.45352e+1
1.65637e+1 2.95115e+1
1.65637e+1 2.38872e+1
1.80072e+1 4.00482e+1
1.80072e+1 3.42226e+1
1.80072e+1 2.92443e+1
1.80072e+1 2.36786e+1
1.95764e+1 3.88188e+1
1.95764e+1 3.31720e+1
1.95764e+1 2.83466e+1
1.95764e+1 2.29741e+1
2.12825e+1 3.69009e+1
2.12825e+1 3.15331e+1
2.12825e+1 2.69461e+1
2.11403e+1 2.22820e+1
2.24247e+1 2.07628e+1
2.31371e+1 3.44904e+1
2.31371e+1 2.94732e+1
2.31371e+1 2.51858e+1
2.42160e+1 2.08903e+1
2.51535e+1 3.16151e+1
2.51535e+1 2.70162e+1
2.55157e+1 1.80586e+1
2.65034e+1 2.29859e+1
2.73455e+1 2.89420e+1
2.75540e+1 1.82486e+1
2.88131e+1 2.45436e+1
2.88252e+1 1.53859e+1
3.01567e+1 1.98081e+1
3.11148e+1 2.43177e+1
3.13372e+1 1.56982e+1
3.08940e+1 1.26863e+1
3.25327e+1 1.13322e+1
3.25847e+1 2.01948e+1
3.36853e+1 9.15290e+0
3.39422e+1 1.59299e+1
3.40196e+1 1.26920e+1
3.55696e+1 1.07922e+1
3.54037e+1 1.90728e+1
3.56865e+1 7.71507e+0
3.68387e+1 1.60142e+1
3.67742e+1 1.35175e+1
3.74118e+1 6.26565e+0
3.83814e+1 1.08825e+1
3.81977e+1 8.77021e+0
3.91052e+1 7.66180e+0
3.96764e+1 1.47000e+1
4.00093e+1 1.27465e+1
4.04063e+1 6.28610e+0
4.17311e+1 1.03253e+1
4.18432e+1 2.73822e+0
4.24192e+1 8.34992e+0
4.23548e+1 6.87012e+0
4.23650e+1 2.19626e+0
4.29705e+1 1.16214e+1
4.42503e+1 6.25216e+0
4.39481e+1 1.62198e+0
4.53000e+1 1.34576e+0
4.54896e+1 2.72403e+0
4.53664e+1 9.14589e+0
4.58365e+1 7.47499e+0
4.57371e+1 2.29899e+0
4.61051e+1 1.01994e+0
4.67835e+1 2.04428e+0
4.76680e+1 6.14662e+0
4.82046e+1 1.57008e+0
4.80781e+1 8.59358e-1
4.82419e+1 7.18742e-1
4.94003e+1 1.27925e+0
4.87823e+1 7.18532e+0
4.98310e+1 2.67841e+0
5.01728e+1 6.60129e-1
4.98310e+1 5.30170e-1
5.05170e+1 1.04936e+0
5.08606e+1 2.31721e+0
5.05938e+1 1.93311e+0
5.02109e+1 5.95100e+0
5.19372e+1 3.68371e-1
5.25257e+1 1.68807e+0
5.29057e+1 9.07989e-1
5.27745e+1 7.35747e-1
5.32077e+1 4.87209e-1
5.32989e+1 2.49961e-1
5.37053e+1 1.40808e+0
5.40471e+1 3.02013e-1
5.45590e+1 6.42446e-1
5.44762e+1 2.10504e-1
5.49432e+1 1.19103e+0
5.50029e+1 2.55220e+0
5.50029e+1 2.15882e+0
5.59459e+1 1.60731e-1
5.63461e+1 4.01069e-1
5.64490e+1 1.30361e-1
5.67715e+1 1.83017e+0
5.74312e+1 9.70103e-1
5.71320e+1 8.02196e-1
5.75052e+1 6.41001e-2
5.71320e+1 5.08346e-2
5.77867e+1 5.20883e-1
5.83657e+1 1.51740e+0
5.82052e+1 1.02083e-1
5.87894e+1 3.13772e-1
5.84489e+1 2.58393e-1
5.92873e+1 6.71347e-1
5.90669e+1 2.18392e-1
5.89841e+1 1.84420e-1
5.95869e+1 1.25324e+0
5.82274e+1 2.23199e+0
6.06827e+1 8.68987e-2
6.15239e+1 1.06218e+0
6.14686e+1 4.26735e-1
6.18419e+1 3.45289e-1
6.12852e+1 1.43233e-1
6.16994e+1 1.14423e-1
6.12852e+1 3.17082e-2
6.11744e+1 1.95513e-2
6.24065e+1 8.47597e-1
6.25166e+1 6.84742e-2
6.19146e+1 5.64288e-2
6.29933e+1 5.41607e-1
6.27829e+1 4.90664e-2
6.34987e+1 2.75147e-2
6.30298e+1 7.79676e-3
6.26241e+1 6.63172e-3
6.11744e+1 1.59015e+0
6.35081e+1 3.83166e-2
6.32216e+1 1.62032e-2
6.36576e+1 2.78857e-1
6.42707e+1 6.57990e-1
6.44576e+1 2.11006e-1
6.40270e+1 1.73181e-1
6.40270e+1 2.61166e-3
6.50072e+1 1.13854e-2
6.57271e+1 9.52955e-2
6.57799e+1 7.65676e-2
6.55028e+1 4.27878e-3
6.68254e+1 4.48646e-1
6.65056e+1 3.59412e-1
6.69809e+1 1.46281e-1
6.65056e+1 1.19591e-1
6.68996e+1 1.95558e-2
6.68996e+1 1.43256e-2
6.57521e+1 8.28140e-1
6.70127e+1 7.60845e-1
6.76663e+1 6.20894e-2
6.81907e+1 4.89531e-2
6.79026e+1 2.96288e-2
6.83716e+1 8.29372e-3
6.76377e+1 6.63304e-3
6.84960e+1 1.86092e-3
6.87746e+1 4.01215e-2
6.83839e+1 3.43760e-2
6.95313e+1 3.13911e-1
6.90800e+1 2.60077e-1
6.90800e+1 2.20540e-4
6.85573e+1 5.64756e-1
6.98337e+1 2.16343e-1
6.96068e+1 1.82182e-1
7.00377e+1 2.44467e-2
7.01020e+1 2.59677e-3
7.10671e+1 1.13441e-2
7.13315e+1 9.83235e-2
7.10491e+1 8.08534e-2
7.13556e+1 4.37386e-3
7.19840e+1 5.61629e-3
7.17542e+1 4.13365e-1
7.06723e+1 3.47174e-1
7.25488e+1 1.45369e-1
7.22327e+1 1.18585e-1
7.25488e+1 1.88076e-2
7.20728e+1 1.49225e-2
7.35476e+1 1.31059e-2
7.33709e+1 9.69301e-3
7.35755e+1 6.45253e-2
7.37574e+1 3.30565e-3
7.40976e+1 5.11173e-2
7.42493e+1 7.80101e-3
7.43904e+1 6.64754e-3
7.42806e+1 2.05551e-3
7.36659e+1 1.66703e-3
7.47208e+1 4.21592e-2
7.45318e+1 3.48994e-2
7.45318e+1 2.98227e-2
7.42749e+1 2.63392e-1
7.56344e+1 2.19558e-4
7.36874e+1 2.21552e-1
7.48154e+1 1.85842e-1
7.66070e+1 7.50601e-2
7.60248e+1 2.39367e-2
7.56727e+1 2.59306e-3
7.75409e+1 9.77419e-2
7.74170e+1 4.21198e-3
7.84695e+1 5.66366e-3
7.80073e+1 4.86870e-3
7.77116e+1 1.45110e-1
7.80073e+1 1.26447e-1
7.91638e+1 1.92617e-2
7.86021e+1 1.57585e-2
7.94525e+1 1.36312e-2
7.92014e+1 1.14625e-2
7.92014e+1 9.55630e-3
7.94726e+1 1.47402e-3
7.87016e+1 2.64131e-4
7.87016e+1 1.90366e-4
7.80073e+1 3.38261e-3
8.05448e+1 5.58375e-2
8.06177e+1 8.10541e-3
8.03528e+1 6.91152e-3
8.04138e+1 2.14164e-3
8.04138e+1 1.83302e-3
7.92014e+1 4.81977e-2
8.10270e+1 3.99793e-2
8.10270e+1 3.45298e-2
8.10270e+1 2.88509e-2
8.04138e+1 7.32641e-2
8.27011e+1 2.44736e-2
8.22673e+1 2.59475e-3
8.05667e+1 1.27136e-3
8.41636e+1 4.32629e-3
8.41636e+1 2.20540e-4
8.48053e+1 5.98647e-3
8.60101e+1 2.22094e-2
8.54519e+1 1.71966e-2
8.57988e+1 1.44554e-2
8.61538e+1 1.14941e-2
8.63655e+1 1.67215e-3
8.54519e+1 8.38943e-3
8.78495e+1 6.74150e-3
8.76432e+1 1.91697e-3
8.70000e+1 3.60027e-2
8.51280e+1 1.31606e-2
8.90976e+1 2.73490e-2
8.64312e+1 2.60234e-3
8.97770e+1 4.39474e-3
9.08057e+1 2.20747e-4
9.08057e+1 2.25343e-2
9.08057e+1 1.55854e-2
9.18463e+1 1.13945e-2
9.26638e+1 1.72409e-3
9.32523e+1 6.97602e-3
