2.18130e+0 4.22918e+0
2.24914e+0 3.40658e+0
2.31601e+0 5.14849e+0
2.44249e+0 3.20018e+0
2.51784e+0 5.37751e+0
2.65534e+0 3.26952e+0
2.73726e+0 5.10188e+0
2.86179e+0 3.57947e+0
2.87580e+0 4.37675e+0
4.39555e+0 4.06424e+0
4.52393e+0 3.28031e+0
4.65843e+0 4.94847e+0
4.91284e+0 3.06987e+0
5.06440e+0 5.17867e+0
5.35790e+0 3.15443e+0
5.50923e+0 4.81998e+0
5.74427e+0 3.44094e+0
5.78441e+0 4.12375e+0
6.59007e+0 3.92061e+0
6.76640e+0 3.14747e+0
6.96758e+0 4.75313e+0
7.34809e+0 2.95828e+0
7.57478e+0 4.98395e+0
8.01377e+0 3.03829e+0
8.24011e+0 4.65913e+0
8.61889e+0 3.30890e+0
8.73838e+0 4.07311e+0
9.02651e+0 5.12180e+0
9.41161e+0 3.40831e+0
9.80693e+0 5.58760e+0
1.02642e+1 3.33386e+0
1.06616e+1 5.43016e+0
1.10943e+1 3.93619e+0
1.13031e+1 3.22131e+0
1.15907e+1 4.89730e+0
1.17235e+1 4.11884e+0
1.22881e+1 2.99806e+0
1.26008e+1 4.98719e+0
1.32956e+1 2.83180e+0
1.33130e+1 3.60089e+0
1.36989e+1 4.69788e+0
1.43796e+1 2.60122e+0
1.44287e+1 3.26236e+0
1.45052e+1 4.00632e+0
1.55006e+1 3.39535e+0
1.57209e+1 2.64984e+0
1.57358e+1 4.21009e+0
1.70747e+1 3.97299e+0
1.70909e+1 2.79569e+0
1.83757e+1 3.70168e+0
1.84422e+1 2.57905e+0
1.85627e+1 2.98337e+0
1.86263e+1 4.32855e+0
2.00023e+1 3.88105e+0
2.01439e+1 2.80171e+0
2.01804e+1 4.70704e+0
2.05803e+1 3.44049e+0
2.20141e+1 2.90213e+0
2.20866e+1 4.61673e+0
2.21736e+1 3.33603e+0
2.23923e+1 3.79392e+0
2.38509e+1 4.83723e+0
2.39369e+1 2.86925e+0
2.42160e+1 3.48216e+0
2.43437e+1 4.25343e+0
2.60281e+1 2.90923e+0
2.63264e+1 4.55268e+0
2.64652e+1 3.48216e+0
2.82025e+1 3.00904e+0
2.86206e+1 4.81004e+0
2.88252e+1 3.63016e+0
3.07506e+1 3.05316e+0
3.11148e+1 5.25185e+0
3.11148e+1 4.48613e+0
3.11148e+1 3.83355e+0
3.32637e+1 3.26528e+0
3.38263e+1 5.00992e+0
3.38263e+1 4.28115e+0
3.45885e+1 2.87941e+0
3.64344e+1 3.53674e+0
3.65421e+1 4.17315e+0
3.69921e+1 4.87192e+0
3.75199e+1 2.93640e+0
3.99789e+1 3.98592e+0
3.99789e+1 3.40610e+0
4.00513e+1 5.00125e+0
4.05909e+1 3.02042e+0
4.34629e+1 5.48689e+0
4.34629e+1 4.68873e+0
4.34629e+1 4.00668e+0
4.36118e+1 3.26062e+0
4.72506e+1 5.26346e+0
4.72506e+1 4.49780e+0
4.72506e+1 3.84353e+0
4.72506e+1 3.12622e+0
5.13683e+1 5.16188e+0
5.13683e+1 4.41100e+0
5.13683e+1 3.76935e+0
5.13683e+1 3.06887e+0
5.55519e+1 2.92696e+0
5.58448e+1 3.97557e+0
5.58448e+1 3.39726e+0
5.60361e+1 4.94558e+0
6.02521e+1 2.88033e+0
6.07115e+1 4.16593e+0
6.07115e+1 3.55993e+0
6.07115e+1 3.23047e+0
6.08214e+1 5.22388e+0
6.58910e+1 3.31359e+0
6.60023e+1 5.58035e+0
6.60023e+1 4.76860e+0
6.60023e+1 4.07493e+0
6.65056e+1 3.04010e+0
7.13778e+1 3.14203e+0
7.17542e+1 4.24239e+0
7.17542e+1 3.62527e+0
7.19998e+1 5.26654e+0
7.79138e+1 3.30109e+0
7.80073e+1 5.56587e+0
7.80073e+1 4.75622e+0
7.80073e+1 4.06435e+0
8.12581e+1 3.06738e+0
8.48053e+1 5.65332e+0
8.48053e+1 4.83095e+0
8.48053e+1 4.12821e+0
8.53756e+1 3.36278e+0
9.19626e+1 3.26917e+0
9.21958e+1 5.49402e+0
9.21958e+1 4.69483e+0
9.21958e+1 4.01189e+0
9.65997e+1 3.16034e+0
1.00230e+2 4.47449e+0
1.00230e+2 3.82361e+0
1.00943e+2 5.33598e+0
1.04374e+2 3.25363e+0
1.08965e+2 4.39384e+0
1.09338e+2 5.45810e+0
1.09588e+2 3.80070e+0
1.13542e+2 3.15068e+0
1.18461e+2 4.55662e+0
1.18461e+2 3.89379e+0
1.18867e+2 5.66471e+0
1.19138e+2 3.37198e+0
1.25670e+2 3.12081e+0
1.28784e+2 6.15145e+0
1.28784e+2 5.25663e+0
1.28784e+2 4.49197e+0
1.28784e+2 3.83854e+0
1.36076e+2 3.36957e+0
1.40007e+2 5.93942e+0
1.40007e+2 5.07543e+0
1.40007e+2 4.33713e+0
1.47653e+2 3.46074e+0
1.52080e+2 4.04913e+0
1.52209e+2 4.67050e+0
1.53232e+2 5.64641e+0
1.61472e+2 3.40156e+0
1.65473e+2 5.87037e+0
1.65473e+2 5.01643e+0
1.65473e+2 4.28671e+0
1.74841e+2 3.42540e+0
1.78532e+2 2.97209e+0
1.79893e+2 5.90863e+0
1.79893e+2 5.04913e+0
1.79893e+2 4.31465e+0
1.90842e+2 3.55197e+0
1.92622e+2 2.97563e+0
1.95570e+2 4.72543e+0
1.95995e+2 4.15049e+0
1.96511e+2 5.83356e+0
2.07666e+2 2.81030e+0
2.10649e+2 3.27047e+0
2.12614e+2 4.91324e+0
2.12614e+2 4.19853e+0
2.12614e+2 3.76690e+0
2.13342e+2 6.10171e+0
2.27657e+2 3.12419e+0
2.30091e+2 3.45243e+0
2.31142e+2 5.17531e+0
2.31142e+2 4.42248e+0
2.31142e+2 3.77916e+0
2.32254e+2 6.36540e+0
2.50831e+2 3.37370e+0
2.51285e+2 6.60708e+0
2.51285e+2 5.64598e+0
2.51285e+2 4.82468e+0
2.51285e+2 4.12285e+0
2.70089e+2 3.38405e+0
2.73184e+2 5.21581e+0
2.73184e+2 4.45709e+0
2.73184e+2 3.81121e+0
2.74968e+2 6.17376e+0
2.88103e+2 3.49879e+0
2.96615e+2 3.73341e+0
2.96991e+2 5.09525e+0
2.96991e+2 4.35407e+0
2.98751e+2 6.21168e+0
3.21179e+2 3.73392e+0
3.22872e+2 5.14849e+0
3.22872e+2 4.39956e+0
3.23978e+2 6.40550e+0
3.37768e+2 3.54334e+0
3.51010e+2 5.54421e+0
3.51010e+2 4.73772e+0
3.51899e+2 4.09439e+0
3.52698e+2 6.83174e+0
3.66448e+2 3.70462e+0
3.81599e+2 6.10369e+0
3.81599e+2 5.21581e+0
3.81599e+2 4.45709e+0
3.84091e+2 7.22470e+0
4.00498e+2 4.00408e+0
4.14854e+2 5.96261e+0
4.14854e+2 5.09525e+0
4.16274e+2 7.42129e+0
4.17224e+2 4.42392e+0
4.33993e+2 4.06765e+0
4.51007e+2 7.88459e+0
4.51007e+2 6.57284e+0
4.51007e+2 5.61671e+0
4.52150e+2 4.88354e+0
4.70718e+2 4.18677e+0
4.90310e+2 6.21572e+0
4.90310e+2 5.31154e+0
4.91198e+2 7.79423e+0
4.95660e+2 4.58717e+0
5.12930e+2 4.25153e+0
5.33039e+2 6.36279e+0
5.33039e+2 5.43722e+0
5.34004e+2 7.97667e+0
5.38855e+2 4.69135e+0
5.57630e+2 4.35142e+0
5.79491e+2 6.71089e+0
5.79491e+2 5.73469e+0
5.81476e+2 8.34395e+0
5.82802e+2 4.97748e+0
6.02980e+2 4.52599e+0
6.29992e+2 7.20796e+0
6.29992e+2 6.15945e+0
6.29992e+2 5.26346e+0
6.32149e+2 8.96198e+0
6.59056e+2 4.81138e+0
6.84893e+2 7.70172e+0
6.84893e+2 6.58138e+0
6.84893e+2 5.62402e+0
6.89499e+2 9.31102e+0
7.16490e+2 4.95530e+0
7.44579e+2 7.57274e+0
7.44579e+2 6.47116e+0
7.45927e+2 9.50116e+0
7.52703e+2 5.62610e+0
7.78930e+2 5.18162e+0
8.09467e+2 1.06157e+1
8.09467e+2 9.07151e+0
8.09467e+2 7.75191e+0
8.09467e+2 6.62427e+0
8.37932e+2 5.40570e+0
8.80009e+2 8.48993e+0
8.80009e+2 7.25494e+0
8.80009e+2 6.20362e+0
8.85927e+2 1.02993e+1
9.39640e+2 5.72705e+0
9.56698e+2 8.54526e+0
9.56698e+2 7.30222e+0
9.59974e+2 1.06082e+1
9.61068e+2 6.43762e+0
1.02073e+3 5.78818e+0
1.04007e+3 1.13724e+1
1.04007e+3 9.71814e+0
1.04007e+3 8.30448e+0
1.04007e+3 7.09646e+0
1.10126e+3 5.85774e+0
1.12899e+3 7.07437e+0
1.13071e+3 1.13282e+1
1.13071e+3 9.68034e+0
1.13071e+3 8.27218e+0
1.16966e+3 5.18470e+0
1.22925e+3 1.05607e+1
1.22925e+3 9.02449e+0
1.22925e+3 7.71173e+0
1.22925e+3 6.58994e+0
1.24286e+3 4.30849e+0
1.27236e+3 3.57722e+0
1.27618e+3 5.61769e+0
1.32626e+3 2.97411e+0
1.33637e+3 9.51822e+0
1.33637e+3 8.13364e+0
1.33637e+3 6.95047e+0
1.35066e+3 2.48411e+0
1.35304e+3 4.56161e+0
1.38660e+3 3.66450e+0
1.38740e+3 5.91990e+0
1.42496e+3 2.02521e+0
1.44184e+3 8.59475e+0
1.44870e+3 2.99697e+0
1.44944e+3 1.67636e+0
1.45283e+3 7.40732e+0
1.46886e+3 4.78756e+0
1.47100e+3 2.49370e+0
1.49364e+3 1.39521e+0
1.50525e+3 6.28011e+0
1.50678e+3 3.87059e+0
1.51366e+3 1.13354e+0
1.56550e+3 7.01397e+0
1.56749e+3 1.76049e+0
1.57125e+3 2.18436e+0
1.57270e+3 9.63503e-1
1.57412e+3 2.99459e+0
1.57944e+3 7.91122e-1
1.59914e+3 5.44764e+0
1.60091e+3 4.35595e+0
1.62526e+3 1.48101e+0
1.62817e+3 6.78721e-1
1.63880e+3 3.74008e+0
1.63969e+3 5.61594e-1
1.64355e+3 4.31639e-1
1.65116e+3 1.19619e+0
1.67990e+3 2.50880e+0
1.68232e+3 2.86207e-1
1.69515e+3 1.77713e-1
1.69763e+3 5.37169e+0
1.70328e+3 3.52905e-1
1.70668e+3 2.24464e-1
1.71301e+3 1.97660e+0
1.71708e+3 8.36249e-1
1.71708e+3 4.59029e+0
1.71801e+3 3.22553e+0
1.72853e+3 1.01973e+0
1.73163e+3 1.49822e-1
1.76299e+3 1.55247e+0
1.76531e+3 7.00277e-1
1.76893e+3 1.26043e-1
1.77379e+3 1.00694e-1
1.77740e+3 3.78899e+0
1.78162e+3 8.10352e-2
1.78355e+3 4.57060e-1
1.79204e+3 5.55536e-1
1.79715e+3 5.53443e-2
1.79925e+3 1.23358e+0
1.80693e+3 2.62112e-1
1.82158e+3 2.57733e+0
1.82189e+3 3.73610e-2
1.83857e+3 6.89544e-2
1.83857e+3 3.26468e-1
1.85165e+3 3.95578e-1
1.85416e+3 4.65307e-2
1.86157e+3 3.05793e+0
1.86200e+3 2.02984e-1
1.86469e+3 2.09449e+0
1.86849e+3 1.74116e+0
1.86922e+3 2.33716e-2
1.87311e+3 9.66347e-1
1.87738e+3 3.01368e-2
1.88095e+3 1.42283e-2
1.88363e+3 1.86740e-2
1.88668e+3 1.61700e-1
1.91182e+3 6.76908e-3
1.91433e+3 7.32312e-1
1.91701e+3 1.29202e-1
1.92083e+3 3.70532e-3
1.93090e+3 8.54552e-3
1.93255e+3 1.15293e-2
1.93478e+3 1.03214e-1
1.93806e+3 1.52147e+0
1.94340e+3 4.74300e-1
1.94753e+3 2.68094e-1
1.94807e+3 1.23902e+0
1.94807e+3 8.56005e-2
1.95284e+3 5.77287e-1
1.96076e+3 2.79591e-4
1.96213e+3 2.42288e-3
1.96700e+3 5.50311e-2
1.96866e+3 1.00074e-2
1.96866e+3 2.51387e+0
1.96866e+3 2.14819e+0
1.97401e+3 5.93998e-3
1.98020e+3 1.07439e-3
1.98045e+3 2.99273e-3
1.98050e+3 7.31781e-4
1.98443e+3 4.03419e-2
1.98593e+3 1.60714e-3
1.98619e+3 1.27895e-3
1.99297e+3 7.21900e-2
1.99880e+3 3.34192e-1
2.00097e+3 1.82673e+0
2.00387e+3 6.30832e-2
2.01302e+3 4.04727e-1
2.01732e+3 2.25057e-4
2.02229e+3 5.07716e-3
2.02668e+3 2.08713e-1
2.02940e+3 2.55176e-2
2.02940e+3 2.18057e-2
2.03540e+3 9.97212e-1
2.03575e+3 3.12220e-2
2.03601e+3 5.89907e-4
2.04142e+3 8.05445e-1
2.04487e+3 1.54343e-2
2.04931e+3 1.66762e-1
2.05205e+3 1.83290e-2
2.05265e+3 1.52374e+0
2.05377e+3 2.08103e-3
2.05699e+3 1.31606e-2
2.07617e+3 3.35747e-4
2.07896e+3 9.37777e-4
2.08361e+3 1.32446e-1
2.08495e+3 4.20697e-3
2.09567e+3 1.07592e-1
2.09837e+3 7.89393e-3
2.09996e+3 1.26540e+0
2.10567e+3 9.59718e-3
2.10650e+3 3.40839e-3
2.10796e+3 5.56122e-1
2.11687e+3 4.76944e-1
2.11725e+3 2.72362e-1
2.11758e+3 8.77152e-2
2.11955e+3 6.87188e-1
2.12302e+3 1.14319e-2
2.12973e+3 5.43313e-2
2.13049e+3 4.43638e-2
2.14451e+3 2.67226e-3
2.15654e+3 1.49674e-3
2.15654e+3 1.28661e-3
2.15654e+3 8.30115e-1
2.16523e+3 7.02103e-2
2.16749e+3 9.82282e-1
2.16783e+3 6.45446e-3
2.16932e+3 1.86074e-3
2.17299e+3 1.09021e-3
2.17299e+3 3.39002e-1
2.18718e+3 3.86607e-2
2.18845e+3 4.10552e-1
2.18956e+3 2.09780e-4
2.19603e+3 2.09367e-1
2.19789e+3 8.88468e-4
2.20625e+3 2.52538e-2
2.20625e+3 2.15802e-2
2.20625e+3 5.57985e-4
2.21217e+3 3.09346e-2
2.22066e+3 5.39101e-3
2.22307e+3 1.53543e-2
2.22958e+3 1.82285e-2
2.22984e+3 6.78945e-1
2.23153e+3 5.71133e-1
2.23274e+3 1.65744e-1
2.24002e+3 4.93899e-1
2.24215e+3 1.31293e-2
2.25710e+3 3.52509e-4
2.26462e+3 1.34381e-1
2.26474e+3 4.28960e-3
2.27964e+3 1.10468e-1
2.27964e+3 3.47763e-3
2.28586e+3 9.88889e-3
2.28586e+3 4.02420e-1
2.28779e+3 8.15382e-3
2.28779e+3 2.91638e-3
2.29710e+3 2.29851e-3
2.29883e+3 2.71304e-1
2.30038e+3 3.31813e-1
2.30365e+3 8.97440e-2
2.30796e+3 1.15063e-2
2.31401e+3 5.81760e-2
2.31440e+3 4.73782e-2
2.32302e+3 9.55132e-4
2.33707e+3 1.34856e-3
2.34872e+3 1.70745e-3
2.35979e+3 7.43764e-2
2.37134e+3 1.18952e-3
2.37371e+3 3.76745e-2
2.38454e+3 2.20563e-1
2.38519e+3 6.50268e-3
2.38761e+3 1.84948e-1
2.38791e+3 2.14314e-4
2.39852e+3 2.57173e-2
2.39852e+3 2.19763e-2
2.39852e+3 5.68596e-4
2.41116e+3 3.09987e-2
2.41116e+3 5.50004e-3
2.41681e+3 1.55753e-2
2.42754e+3 1.56322e-1
2.42813e+3 1.84503e-2
2.42908e+3 1.32655e-2
2.45536e+3 3.29232e-4
2.47001e+3 4.54917e-3
2.47251e+3 3.09821e-3
2.47251e+3 2.64753e-3
2.47251e+3 2.26240e-3
2.47654e+3 3.72555e-3
2.47699e+3 1.23738e-1
2.48004e+3 8.60066e-3
2.48555e+3 1.10178e-2
2.49373e+3 1.94148e-3
2.50085e+3 1.97656e-1
2.50356e+3 9.55097e-2
2.50517e+3 9.63084e-4
2.51036e+3 4.58462e-2
2.51491e+3 5.75852e-2
2.53335e+3 7.00626e-2
2.54879e+3 1.30588e-3
2.56011e+3 2.34058e-4
2.56135e+3 1.59244e-3
2.56405e+3 8.14914e-2
2.57800e+3 2.82443e-4
2.58781e+3 6.25304e-4
2.59906e+3 1.14230e-3
2.60622e+3 4.11277e-2
2.60754e+3 2.46701e-2
2.60754e+3 2.10814e-2
2.61226e+3 3.09792e-2
2.61226e+3 6.48501e-3
2.61656e+3 7.71105e-4
2.62299e+3 5.15716e-3
2.62742e+3 1.49411e-2
2.62742e+3 1.28175e-2
2.62742e+3 6.10144e-2
2.63511e+3 1.77511e-2
2.65210e+3 9.40989e-3
2.65753e+3 1.28282e-1
2.66764e+3 2.46460e-3
2.67170e+3 7.57346e-3
2.67441e+3 1.06909e-3
2.67779e+3 1.10565e-1
2.67779e+3 2.90298e-3
2.68798e+3 3.34938e-3
2.68798e+3 2.12208e-3
2.68798e+3 1.17109e-2
2.68798e+3 8.15886e-2
2.68798e+3 1.19858e-3
2.68918e+3 4.24199e-3
2.70554e+3 1.47817e-3
2.70642e+3 1.82446e-3
2.70848e+3 9.28422e-2
2.72913e+3 2.27609e-2
2.73952e+3 4.20790e-2
2.73952e+3 3.55463e-2
2.73952e+3 2.67308e-2
2.74994e+3 3.00040e-2
2.75691e+3 5.10016e-3
2.76040e+3 1.41018e-2
2.76250e+3 6.14725e-3
2.77091e+3 1.61523e-2
