1.01285e-1 5.02822e+1
1.25305e-1 4.22033e+1
1.51112e-1 4.29115e+1
1.76133e-1 4.36264e+1
2.00122e-1 4.57904e+1
2.45481e-1 4.50960e+1
3.06293e-1 4.30169e+1
4.02195e-1 4.30576e+1
5.01828e-1 4.30907e+1
6.36893e-1 4.45278e+1
8.50667e-1 4.60211e+1
1.17555e+0 4.75701e+1
1.46676e+0 4.76066e+1
1.95908e+0 4.61546e+1
2.57248e+0 4.33359e+1
3.32091e+0 3.58014e+1
4.51174e+0 2.52106e+1
5.48746e+0 1.56151e+1
6.28813e+0 9.82567e+0
7.02393e+0 6.28181e+0
7.77934e+0 3.59073e+0
8.47054e+0 2.29545e+0
8.99061e+0 1.51496e+0
9.54261e+0 1.03234e+0
1.01285e+1 6.19002e-1
1.08423e+1 3.59488e-1
1.15080e+1 1.89669e-1
1.19065e+1 1.10138e-1
1.29645e+1 6.19533e-2
1.36438e+1 3.48451e-2
1.37604e+1 2.08897e-2
1.38781e+1 1.06728e-2
1.38781e+1 5.81286e-3
1.42370e+1 9.69729e-4
