2.50761e+0 4.19682e+0
5.03968e+0 4.00996e+0
7.51892e+0 3.88915e+0
9.95753e+0 4.35400e+0
1.25305e+1 3.89605e+0
1.49831e+1 3.43035e+0
1.79157e+1 3.37803e+0
2.08823e+1 3.78012e+0
2.56155e+1 3.84378e+0
3.03697e+1 3.97104e+0
3.92054e+1 4.10372e+0
5.23647e+1 4.10785e+0
7.11419e+1 4.24586e+0
8.87655e+1 4.24912e+0
1.16558e+2 4.39136e+0
1.47930e+2 4.39499e+0
1.87745e+2 4.54157e+0
2.50761e+2 4.69388e+0
3.29276e+2 5.17141e+0
4.10845e+2 5.69652e+0
5.12621e+2 6.27494e+0
6.39610e+2 6.91210e+0
7.84584e+2 7.61351e+0
1.01285e+3 8.12359e+0
1.26376e+3 7.15362e+0
1.42370e+3 4.87572e+0
1.55020e+3 3.21819e+0
1.68794e+3 1.99254e+0
1.80689e+3 1.23361e+0
1.86947e+3 7.39615e-1
1.93422e+3 4.72729e-1
2.00122e+3 2.57499e-1
2.10608e+3 1.59411e-1
2.14224e+3 9.86758e-2
2.16056e+3 5.91564e-2
2.21644e+3 3.12077e-2
2.25450e+3 1.81208e-2
2.29321e+3 9.25840e-3
2.29321e+3 5.20638e-3
2.33258e+3 3.02308e-3
2.33258e+3 1.64650e-3
2.33258e+3 8.96752e-4
2.33258e+3 5.55059e-4
2.33258e+3 2.57636e-4
