8.94524e-2 4.99240e+1
9.41717e-2 4.07162e+1
9.66278e-2 5.99663e+1
9.31756e-2 4.96871e+1
1.00851e-1 3.57278e+1
1.03735e-1 6.47544e+1
1.09290e-1 3.92753e+1
1.09930e-1 5.65380e+1
1.15203e-1 4.85301e+1
1.17228e-1 3.58665e+1
1.23121e-1 3.11021e+1
1.24213e-1 5.51506e+1
1.33473e-1 4.39430e+1
1.32441e-1 3.32316e+1
1.34622e-1 5.33674e+1
1.44176e-1 4.33252e+1
1.44757e-1 3.44456e+1
1.47742e-1 5.66838e+1
1.51065e-1 3.16463e+1
1.57791e-1 4.37503e+1
1.59276e-1 5.59267e+1
1.63961e-1 4.95311e+1
1.62511e-1 3.60246e+1
1.65337e-1 3.31038e+1
1.75296e-1 5.49473e+1
1.75140e-1 4.37946e+1
1.75196e-1 3.81178e+1
1.78430e-1 3.20869e+1
1.91637e-1 5.63124e+1
1.89994e-1 4.81837e+1
1.90617e-1 3.91493e+1
1.93196e-1 3.36713e+1
2.06865e-1 6.12468e+1
2.05612e-1 5.07331e+1
2.07915e-1 3.90473e+1
2.09147e-1 3.35137e+1
2.24893e-1 5.85194e+1
2.25663e-1 4.31053e+1
2.28987e-1 3.39472e+1
2.44491e-1 5.79944e+1
2.43719e-1 4.92160e+1
2.47136e-1 4.25859e+1
2.48524e-1 3.64372e+1
2.39892e-1 3.16768e+1
2.67076e-1 5.59606e+1
2.67981e-1 4.51718e+1
2.70380e-1 3.46822e+1
2.88961e-1 5.96759e+1
2.90533e-1 5.02931e+1
2.93916e-1 3.95119e+1
2.93385e-1 3.16357e+1
3.10112e-1 3.02608e+1
3.18606e-1 5.60473e+1
3.16538e-1 4.73142e+1
3.19963e-1 4.01003e+1
3.18952e-1 3.40452e+1
3.36960e-1 3.01479e+1
3.44123e-1 5.85242e+1
3.44123e-1 5.00434e+1
3.47847e-1 4.30192e+1
3.46747e-1 3.62829e+1
3.65684e-1 3.12273e+1
3.75912e-1 5.66175e+1
3.77185e-1 4.54541e+1
3.76965e-1 3.81191e+1
3.82155e-1 3.31117e+1
3.99907e-1 2.94455e+1
4.06715e-1 5.73947e+1
4.11977e-1 4.80224e+1
4.09816e-1 4.06775e+1
4.09816e-1 3.47603e+1
4.32813e-1 3.01448e+1
4.42159e-1 5.88291e+1
4.45530e-1 5.02715e+1
4.45530e-1 4.29587e+1
4.45530e-1 3.67097e+1
4.69486e-1 3.11335e+1
4.81561e-1 5.66224e+1
4.84152e-1 4.21236e+1
4.90527e-1 3.60675e+1
5.18381e-1 3.24645e+1
5.22582e-1 5.96759e+1
5.22582e-1 5.09951e+1
5.28236e-1 4.41612e+1
5.27710e-1 3.74877e+1
5.55534e-1 3.08724e+1
5.71834e-1 5.93445e+1
5.74269e-1 4.99838e+1
5.72455e-1 4.23491e+1
5.72455e-1 3.61888e+1
6.08012e-1 3.14213e+1
6.14624e-1 6.14403e+1
6.25335e-1 4.86882e+1
6.22342e-1 3.91734e+1
6.23694e-1 3.33015e+1
6.56994e-1 3.09755e+1
6.72673e-1 5.91429e+1
6.77802e-1 4.34532e+1
6.82383e-1 3.48847e+1
7.17754e-1 3.33809e+1
7.29972e-1 6.25860e+1
7.29972e-1 5.03368e+1
7.39941e-1 4.21140e+1
7.77111e-1 3.16984e+1
7.93586e-1 6.15659e+1
7.93586e-1 5.26101e+1
8.02172e-1 4.53335e+1
7.99637e-1 3.82183e+1
8.43307e-1 3.18315e+1
8.66893e-1 6.02828e+1
8.72079e-1 4.88074e+1
8.69323e-1 4.12629e+1
8.74843e-1 3.59389e+1
9.22230e-1 3.25048e+1
9.42440e-1 6.08752e+1
9.48077e-1 4.93921e+1
9.45081e-1 4.17482e+1
9.51083e-1 3.64562e+1
1.00260e+0 3.27249e+1
1.02146e+0 6.37001e+1
1.03250e+0 5.16895e+1
1.02744e+0 4.24042e+1
1.02967e+0 3.69558e+1
1.08997e+0 3.28942e+1
1.11087e+0 6.23034e+1
1.12218e+0 4.80194e+1
1.11698e+0 3.90718e+1
1.18496e+0 3.33544e+1
1.20513e+0 6.66434e+1
1.20513e+0 5.69491e+1
1.21817e+0 4.90404e+1
1.21432e+0 4.14241e+1
1.28064e+0 3.42337e+1
1.31253e+0 6.45696e+1
1.32253e+0 4.74079e+1
1.33832e+0 3.83078e+1
1.40049e+0 3.41177e+1
1.42433e+0 6.99252e+1
1.42433e+0 5.97534e+1
1.43974e+0 5.14944e+1
1.43519e+0 4.35204e+1
1.51445e+0 3.64228e+1
1.54845e+0 6.69907e+1
1.56521e+0 5.67091e+1
1.56026e+0 4.82871e+1
1.60677e+0 3.31275e+1
1.65727e+0 4.04388e+1
1.67542e+0 6.60080e+1
1.70764e+0 5.27873e+1
1.75388e+0 3.44471e+1
1.79946e+0 4.44602e+1
1.83218e+0 6.24074e+1
1.89751e+0 3.36317e+1
1.94148e+0 5.24850e+1
1.95092e+0 4.23079e+1
1.98958e+0 6.69037e+1
2.07394e+0 3.64909e+1
2.10090e+0 5.46104e+1
2.12094e+0 4.46902e+1
2.18064e+0 6.55213e+1
2.16297e+0 3.17146e+1
2.25750e+0 3.96504e+1
2.31394e+0 5.26986e+1
2.35146e+0 6.71650e+1
2.36220e+0 5.69935e+1
2.36265e+0 3.29171e+1
2.45424e+0 4.28765e+1
2.55638e+0 6.24520e+1
2.55638e+0 5.33674e+1
2.57691e+0 3.46038e+1
2.66882e+0 4.69712e+1
2.70368e+0 3.17902e+1
2.79563e+0 5.90290e+1
2.79286e+0 3.71627e+1
2.90560e+0 4.65448e+1
2.94921e+0 2.98198e+1
3.02136e+0 5.89056e+1
3.03862e+0 5.00434e+1
3.02825e+0 3.77507e+1
3.15026e+0 3.33909e+1
3.20253e+0 2.80535e+1
3.28466e+0 5.57051e+1
3.28466e+0 4.76019e+1
3.29507e+0 4.02438e+1
3.39458e+0 3.62613e+1
3.58722e+0 3.04778e+1
3.56049e+0 5.34848e+1
3.57090e+0 4.52501e+1
3.68418e+0 3.85243e+1
3.63936e+0 2.22399e+1
3.84854e+0 3.49025e+1
3.88209e+0 4.77258e+1
4.03033e+0 3.98907e+1
4.18052e+0 3.58321e+1
4.27501e+0 1.72666e+1
4.36164e+0 3.90013e+1
4.54854e+0 3.60982e+1
4.59038e+0 1.64372e+1
4.83444e+0 1.48901e+1
4.78394e+0 3.45745e+1
5.04858e+0 1.29725e+1
5.20605e+0 1.07658e+1
5.22980e+0 1.67157e+1
5.50083e+0 1.39979e+1
5.46652e+0 8.85769e+0
5.60825e+0 7.70065e+0
5.66235e+0 1.11786e+1
5.67560e+0 1.75283e+1
5.90597e+0 6.40049e+0
5.98271e+0 1.44469e+1
5.96538e+0 1.18826e+1
5.99465e+0 9.00263e+0
6.14215e+0 7.68573e+0
6.20546e+0 1.11204e+1
6.17020e+0 1.74601e+1
6.21170e+0 5.23327e+0
6.27332e+0 4.48905e+0
6.32843e+0 3.19146e+0
6.47758e+0 1.44547e+1
6.48524e+0 1.19773e+1
6.50717e+0 9.26417e+0
6.56177e+0 6.63849e+0
6.75265e+0 5.33662e+0
6.73577e+0 2.70288e+0
6.95583e+0 7.85101e+0
6.91486e+0 1.29670e+1
7.02071e+0 1.10952e+1
7.01479e+0 9.62044e+0
7.06792e+0 2.37540e+0
7.08705e+0 3.87217e+0
7.33570e+0 6.42231e+0
7.28633e+0 5.48372e+0
7.40060e+0 3.39464e+0
7.35607e+0 1.80556e+0
7.43973e+0 1.46842e+0
7.55682e+0 8.20795e+0
7.48896e+0 9.90723e+0
7.68240e+0 2.47365e+0
7.63254e+0 2.08983e+0
7.69074e+0 4.28671e+0
7.85474e+0 1.26668e+0
7.93848e+0 5.87568e+0
7.98845e+0 3.60179e+0
8.00291e+0 9.45338e-1
8.09706e+0 1.76622e+0
8.16017e+0 1.46467e+0
7.89794e+0 8.69081e+0
7.98845e+0 7.23799e+0
8.22101e+0 6.16610e-1
8.33759e+0 2.56197e+0
8.31571e+0 2.13769e+0
8.34283e+0 7.78544e-1
8.52977e+0 1.21306e+0
8.50793e+0 4.54757e-1
8.48250e+0 5.58833e+0
8.65827e+0 2.75605e-1
8.68461e+0 4.07493e+0
8.48895e+0 5.08533e+0
8.76667e+0 1.72172e+0
8.87130e+0 1.41934e+0
8.80269e+0 9.37331e-1
8.86232e+0 3.63101e-1
8.91521e+0 5.83508e-1
9.00638e+0 2.83365e+0
9.02080e+0 2.29773e+0
9.14499e+0 2.02883e+0
9.02080e+0 7.32462e-1
9.14344e+0 1.99437e-1
9.28341e+0 1.22974e+0
9.29468e+0 4.72609e-1
9.34381e+0 1.37978e-1
9.41506e+0 2.95855e-1
9.35577e+0 2.38179e-1
9.40208e+0 8.27826e-2
9.26384e+0 3.90857e+0
9.54601e+0 1.65148e+0
9.58112e+0 9.97687e-1
9.51344e+0 8.23313e-1
9.54158e+0 2.91855e-2
9.63952e+0 3.87373e-1
9.69173e+0 6.22265e-1
9.70232e+0 1.75674e-1
9.72286e+0 1.12883e-1
9.80196e+0 7.04883e-2
9.65907e+0 2.78998e+0
9.80693e+0 2.40462e+0
9.79948e+0 2.07576e+0
9.98546e+0 7.37355e-1
1.00959e+1 1.32102e+0
1.01047e+1 5.14002e-1
1.00651e+1 5.65722e-2
1.00431e+1 2.39055e-2
1.02020e+1 1.45750e-1
1.01904e+1 2.90311e-1
1.01866e+1 2.32583e-1
1.02020e+1 1.98647e-1
1.02322e+1 9.47045e-2
1.02977e+1 7.70031e-2
1.02642e+1 3.48014e-2
1.03671e+1 1.79324e+0
1.04082e+1 1.48434e+0
1.03464e+1 9.82360e-1
1.04313e+1 7.80733e-1
1.03922e+1 4.08451e-3
1.04958e+1 4.28001e-1
1.04055e+1 3.52842e-1
1.06683e+1 1.69710e-1
1.05755e+1 1.21849e-1
1.05658e+1 4.84512e-2
1.02642e+1 2.39464e+0
1.07276e+1 6.57109e-1
1.06724e+1 2.10354e-2
1.06981e+1 1.28958e-2
1.08725e+1 9.84884e-4
1.09317e+1 1.17040e+0
1.09905e+1 5.31204e-1
1.09423e+1 6.93889e-2
1.09384e+1 5.71120e-2
1.09807e+1 3.41298e-3
1.10348e+1 1.57615e-2
1.10943e+1 2.76025e-1
1.10743e+1 2.19661e-1
1.11693e+1 1.87677e-1
1.10827e+1 9.24120e-2
1.11399e+1 4.12520e-2
1.12040e+1 3.31134e-2
1.10323e+1 1.64638e+0
1.09073e+1 1.41829e+0
1.12740e+1 9.04941e-1
1.13403e+1 7.42643e-1
1.12258e+1 4.77960e-3
1.13986e+1 3.96409e-3
1.13554e+1 4.04438e-1
1.13619e+1 3.28862e-1
1.14407e+1 1.82100e-2
1.14433e+1 1.52739e-1
1.14159e+1 1.23218e-1
1.15155e+1 1.07187e-1
1.15704e+1 5.21388e-2
1.14718e+1 8.14878e-4
1.15308e+1 1.07591e-2
1.16727e+1 6.30578e-1
1.16495e+1 2.33871e-2
1.17502e+1 2.95600e-2
1.17483e+1 6.34599e-3
1.17190e+1 3.01539e-3
1.16446e+1 1.18307e-3
1.15030e+1 1.11533e+0
1.19362e+1 5.13378e-1
1.18793e+1 6.92473e-2
1.20516e+1 1.50217e-2
1.19887e+1 1.24689e-2
1.20531e+1 2.55273e-1
1.20394e+1 2.04779e-1
1.21427e+1 1.77250e-1
1.21066e+1 8.78825e-2
1.21773e+1 4.26406e-2
1.21496e+1 3.45969e-2
1.18578e+1 9.25744e-1
1.21773e+1 7.78226e-1
1.23110e+1 5.09636e-3
1.22237e+1 3.53722e-3
1.22650e+1 7.22242e-4
1.23637e+1 4.13349e-1
1.23169e+1 3.41212e-1
1.23794e+1 3.00942e-1
1.24041e+1 1.85010e-2
1.24817e+1 1.52552e-1
1.24108e+1 1.24830e-1
1.24108e+1 1.06671e-1
1.24864e+1 5.33956e-2
1.24791e+1 1.30174e-3
1.25197e+1 9.85863e-3
1.22702e+1 6.55936e-1
1.26199e+1 2.50014e-2
1.27548e+1 2.04768e-2
1.26407e+1 7.99750e-3
1.27244e+1 6.66623e-3
1.28586e+1 5.73561e-3
1.26968e+1 3.15713e-3
1.27382e+1 4.87554e-1
1.29239e+1 6.81874e-2
1.29403e+1 3.16505e-2
1.30207e+1 1.37923e-2
1.30744e+1 1.12080e-2
1.31122e+1 2.32368e-1
1.31084e+1 1.84948e-1
1.31439e+1 9.00294e-2
1.32218e+1 4.07313e-2
1.33305e+1 4.93912e-3
1.33205e+1 3.74522e-3
1.32001e+1 8.03991e-4
1.33902e+1 3.95648e-1
1.33902e+1 3.26044e-1
1.33521e+1 2.81974e-1
1.34412e+1 1.73952e-2
1.35952e+1 4.22049e-3
1.35723e+1 1.48601e-1
1.34923e+1 1.20840e-1
1.34923e+1 1.03716e-1
1.35286e+1 5.10116e-2
1.32706e+1 1.16784e-3
1.37648e+1 2.58763e-2
1.36885e+1 2.09504e-2
1.37237e+1 8.72504e-3
1.38471e+1 6.95528e-3
1.37138e+1 5.94180e-3
1.38033e+1 1.01737e-3
1.40708e+1 7.56011e-2
1.40146e+1 6.08560e-2
1.40917e+1 3.42580e-2
1.41471e+1 1.32505e-2
1.41430e+1 1.06264e-2
1.41606e+1 2.34403e-1
1.42743e+1 1.99192e-1
1.41675e+1 1.77114e-1
1.42157e+1 9.45959e-4
1.45888e+1 8.88326e-2
1.45888e+1 4.04780e-2
1.45049e+1 5.05116e-3
1.41215e+1 3.55448e-1
1.46002e+1 1.74731e-2
1.42969e+1 4.12961e-3
1.41752e+1 1.52591e-1
1.41752e+1 1.29863e-1
1.46348e+1 1.06685e-1
1.47202e+1 5.11499e-2
1.49127e+1 2.69032e-2
1.48927e+1 2.20621e-2
1.49873e+1 8.91207e-3
1.49683e+1 7.34234e-3
1.52442e+1 6.18596e-3
1.53092e+1 6.50426e-2
1.54260e+1 1.33785e-2
1.51371e+1 1.09815e-2
1.50715e+1 2.01013e-1
1.56154e+1 3.36152e-2
1.57311e+1 8.50772e-2
1.51207e+1 5.33626e-3
1.58511e+1 4.45725e-2
1.58955e+1 1.73690e-2
1.61752e+1 5.39924e-2
1.60071e+1 2.13701e-2
1.62008e+1 2.66901e-2
1.63797e+1 1.01055e-2
1.61292e+1 8.05592e-3
1.61905e+1 6.89717e-3
1.66305e+1 6.60868e-2
1.67423e+1 1.30785e-2
1.69971e+1 1.07904e-2
1.66583e+1 3.60598e-2
1.67960e+1 7.87251e-2
1.70100e+1 4.37631e-2
1.69134e+1 1.74627e-2
1.72049e+1 2.01734e-2
1.75347e+1 5.55892e-2
1.78032e+1 6.91414e-2
1.79389e+1 1.24331e-2
1.76684e+1 1.12194e-2
