2.49696e-1 2.45626e+1
5.01828e-1 2.20149e+1
7.48698e-1 2.24008e+1
1.00000e+0 2.20677e+1
1.25839e+0 2.13902e+1
1.50470e+0 2.10639e+1
1.75385e+0 2.43372e+1
1.99272e+0 2.43480e+1
2.26411e+0 2.39724e+1
2.75376e+0 2.39887e+1
3.20974e+0 2.43883e+1
3.74122e+0 2.47946e+1
4.36070e+0 2.56140e+1
5.25881e+0 2.56306e+1
6.23483e+0 2.69060e+1
7.39199e+0 2.69219e+1
8.99061e+0 2.78157e+1
1.15080e+1 3.01568e+1
1.41164e+1 3.11589e+1
1.79157e+1 3.11847e+1
2.35252e+1 2.61796e+1
3.03697e+1 1.90309e+1
3.50983e+1 1.36096e+1
3.92054e+1 9.27565e+0
4.26888e+1 6.22102e+0
4.80917e+1 3.49979e+0
4.89175e+1 2.23678e+0
5.23647e+1 1.36285e+0
5.51087e+1 8.71124e-1
5.84922e+1 5.84196e-1
6.10355e+1 3.18225e-1
6.36893e+1 2.10011e-1
6.64585e+1 1.34234e-1
6.81776e+1 8.57939e-2
6.99410e+1 5.31082e-2
7.29821e+1 3.28770e-2
7.48698e+1 2.16958e-2
7.61554e+1 1.18171e-2
7.74630e+1 7.55255e-3
7.81252e+1 4.82683e-3
7.81252e+1 2.89361e-3
7.94666e+1 1.47842e-3
7.87931e+1 2.31329e-4
