2.32394e+0 2.22168e+2
2.37701e+0 1.96569e+2
2.43389e+0 1.75361e+2
2.49281e+0 1.54765e+2
2.55107e+0 1.36903e+2
2.60975e+0 1.21408e+2
2.68010e+0 1.07292e+2
2.75789e+0 9.71255e+1
2.86034e+0 8.73862e+1
2.96483e+0 7.79837e+1
3.08092e+0 6.95249e+1
3.19640e+0 6.26587e+1
3.33150e+0 5.66866e+1
3.47391e+0 5.11030e+1
3.62918e+0 4.62341e+1
3.82269e+0 4.20970e+1
4.03913e+0 3.80349e+1
4.28263e+0 3.43537e+1
4.53596e+0 3.12152e+1
4.85563e+0 2.88957e+1
5.18575e+0 2.65231e+1
5.40742e+0 2.44615e+1
5.91485e+0 2.26079e+1
6.27933e+0 2.07975e+1
6.70624e+0 1.92142e+1
7.11644e+0 1.74705e+1
7.38295e+0 1.58684e+1
7.69500e+0 1.43586e+1
8.03032e+0 1.29349e+1
8.56945e+0 1.22355e+1
9.15206e+0 1.15412e+1
9.77429e+0 1.08253e+1
1.04388e+1 1.01274e+1
1.11485e+1 9.48685e+0
1.19065e+1 8.90991e+0
1.27160e+1 8.35359e+0
1.35805e+1 7.81169e+0
1.45038e+1 7.33345e+0
1.54899e+1 6.91734e+0
1.65430e+1 6.51355e+0
1.76677e+1 6.09629e+0
1.88689e+1 5.68851e+0
2.01517e+1 5.26226e+0
2.15218e+1 4.85533e+0
2.29850e+1 4.48181e+0
2.45477e+1 4.13166e+0
2.60975e+1 3.68344e+0
2.76898e+1 3.41179e+0
2.91138e+1 3.07567e+0
3.07714e+1 2.76871e+0
3.24794e+1 2.46535e+0
3.40631e+1 2.18702e+0
3.53527e+1 1.94739e+0
3.66441e+1 1.74684e+0
3.78693e+1 1.57993e+0
3.89021e+1 1.42617e+0
3.95517e+1 1.28977e+0
4.07271e+1 1.15510e+0
4.19631e+1 1.02454e+0
4.33828e+1 9.16215e-1
4.54095e+1 8.21248e-1
4.74262e+1 7.37023e-1
4.96708e+1 6.68611e-1
5.30901e+1 6.26033e-1
5.66995e+1 5.83399e-1
6.05544e+1 5.70666e-1
6.44568e+1 5.66729e-1
6.90681e+1 5.52443e-1
7.40290e+1 5.37308e-1
7.87789e+1 5.38984e-1
8.38837e+1 5.40643e-1
9.01240e+1 5.74196e-1
9.88765e+1 5.68202e-1
1.05599e+2 5.81383e-1
1.10773e+2 5.79274e-1
1.25594e+2 6.27389e-1
1.34133e+2 6.50612e-1
1.40706e+2 6.51852e-1
1.59532e+2 7.11269e-1
1.70378e+2 7.36960e-1
1.79977e+2 7.52263e-1
2.02639e+2 8.21153e-1
2.16416e+2 8.57836e-1
2.30144e+2 8.94995e-1
2.58939e+2 9.74633e-1
2.76543e+2 1.01071e+0
2.93291e+2 1.03812e+0
3.30880e+2 1.13892e+0
3.53376e+2 1.19186e+0
3.74255e+2 1.23940e+0
4.20288e+2 1.35121e+0
4.48863e+2 1.41463e+0
4.73681e+2 1.46361e+0
5.33856e+2 1.59960e+0
5.70152e+2 1.67831e+0
6.07097e+2 1.75936e+0
6.78111e+2 1.92006e+0
7.24214e+2 2.01453e+0
7.52917e+2 2.06350e+0
8.66512e+2 2.31571e+0
9.25424e+2 2.44124e+0
9.96253e+2 2.57878e+0
1.11390e+3 2.79774e+0
1.18963e+3 2.95195e+0
1.26293e+3 3.10726e+0
1.41489e+3 3.39328e+0
1.51108e+3 3.57877e+0
1.69289e+3 3.94216e+0
1.80367e+3 4.12451e+0
1.93091e+3 4.35542e+0
2.13326e+3 4.74251e+0
2.29653e+3 5.04378e+0
2.44535e+3 5.30800e+0
2.70970e+3 5.81963e+0
2.91709e+3 6.14928e+0
3.11541e+3 6.46302e+0
3.39759e+3 6.94583e+0
3.72755e+3 7.48412e+0
3.98097e+3 7.88300e+0
4.28566e+3 8.38255e+0
4.76318e+3 9.20779e+0
5.08701e+3 9.72374e+0
5.49001e+3 1.03478e+1
5.80223e+3 1.08487e+1
6.19671e+3 1.14864e+1
6.61801e+3 1.21248e+1
7.06795e+3 1.27986e+1
7.54848e+3 1.35334e+1
8.06168e+3 1.43227e+1
8.60977e+3 1.51318e+1
9.19513e+3 1.59658e+1
9.73259e+3 1.66457e+1
