1.04826e+2 3.41157e+0
1.12545e+2 3.62471e+0
1.20832e+2 3.80147e+0
1.29730e+2 4.04247e+0
1.39282e+2 4.32113e+0
1.49539e+2 4.55546e+0
1.60550e+2 4.86527e+0
1.72372e+2 5.26407e+0
1.85064e+2 5.59779e+0
1.93624e+2 5.74674e+0
2.09905e+2 6.01743e+0
2.27555e+2 7.32102e+0
2.44311e+2 7.43600e+0
2.62301e+2 8.04551e+0
2.81615e+2 8.48182e+0
2.98471e+2 8.75357e+0
3.35270e+2 1.10833e+1
3.59958e+2 1.17046e+1
3.86463e+2 1.27079e+1
4.14920e+2 1.37139e+1
4.44036e+2 1.39909e+1
4.70614e+2 1.74002e+1
5.26932e+2 1.85675e+1
5.65733e+2 1.99681e+1
6.07390e+2 2.16986e+1
6.52115e+2 2.39493e+1
6.88918e+2 2.41680e+1
7.32515e+2 2.97401e+1
8.22828e+2 3.25380e+1
8.83417e+2 3.55728e+1
9.48467e+2 3.95013e+1
1.01831e+3 4.23708e+1
1.09329e+3 4.43602e+1
1.15873e+3 5.52546e+1
1.28488e+3 6.01645e+1
1.37949e+3 6.64052e+1
1.48107e+3 7.32933e+1
1.59013e+3 8.15993e+1
1.70172e+3 8.48703e+1
1.81526e+3 1.05921e+2
2.03249e+3 1.18916e+2
2.18215e+3 1.30232e+2
2.34283e+3 1.45242e+2
2.51535e+3 1.61003e+2
2.70056e+3 1.71952e+2
2.85297e+3 2.12949e+2
3.15339e+3 2.35242e+2
3.38559e+3 2.62127e+2
3.63488e+3 2.91076e+2
3.90254e+3 3.31726e+2
4.18990e+3 3.56132e+2
4.41209e+3 4.27581e+2
4.64607e+3 4.60551e+2
4.98818e+3 4.86789e+2
5.35548e+3 5.49514e+2
5.74983e+3 6.19247e+2
6.17322e+3 7.02680e+2
6.60641e+3 7.45676e+2
6.91196e+3 9.29597e+2
7.68929e+3 1.04011e+3
8.25549e+3 1.17413e+3
8.86338e+3 1.33810e+3
9.51603e+3 1.50791e+3
1.01510e+4 1.57659e+3
1.07933e+4 1.98195e+3
1.20850e+4 2.25532e+3
1.29748e+4 2.55697e+3
1.39302e+4 2.88395e+3
1.49560e+4 3.28955e+3
1.59539e+4 3.44964e+3
1.67999e+4 4.30540e+3
1.88712e+4 4.89879e+3
2.02608e+4 5.57328e+3
2.17527e+4 6.25882e+3
2.33545e+4 7.02869e+3
2.49288e+4 7.55756e+3
2.62339e+4 9.36647e+3
2.94683e+4 1.09207e+4
3.16382e+4 1.22640e+4
3.39678e+4 1.39525e+4
3.64690e+4 1.58324e+4
3.85272e+4 1.65328e+4
4.07016e+4 2.07242e+4
4.36986e+4 2.23164e+4
4.69164e+4 2.48993e+4
5.03710e+4 2.78895e+4
5.40801e+4 3.21163e+4
5.78751e+4 3.66423e+4
6.23377e+4 4.43576e+4
6.52208e+4 4.62397e+4
7.23996e+4 5.42363e+4
7.76471e+4 6.29856e+4
8.33646e+4 7.19063e+4
8.95031e+4 8.09378e+4
9.60936e+4 9.74399e+4
1.01517e+5 1.02902e+5
1.12934e+5 1.24276e+5
1.21249e+5 1.40290e+5
1.30178e+5 1.61972e+5
1.39763e+5 1.84798e+5
1.50054e+5 2.16843e+5
1.58012e+5 2.32515e+5
1.74087e+5 2.80423e+5
1.86906e+5 3.15189e+5
2.00669e+5 3.65797e+5
2.15445e+5 4.12217e+5
2.31309e+5 4.68973e+5
2.47541e+5 5.38042e+5
2.64912e+5 6.32211e+5
2.84418e+5 6.81077e+5
3.05361e+5 7.84299e+5
3.27846e+5 9.00822e+5
3.51987e+5 1.01954e+6
3.77906e+5 1.17609e+6
4.05733e+5 1.37919e+6
4.35609e+5 1.50652e+6
4.67685e+5 1.72436e+6
5.02122e+5 1.97028e+6
5.39096e+5 2.21839e+6
5.78792e+5 2.55460e+6
6.21411e+5 2.98797e+6
6.67168e+5 3.31509e+6
7.16295e+5 3.81090e+6
7.69039e+5 4.38088e+6
8.25667e+5 4.95824e+6
8.86465e+5 5.68503e+6
9.51739e+5 6.52400e+6
9.98979e+5 7.07559e+6
