1.05003e+1 3.14974e-1
1.13090e+1 3.57000e-1
1.21537e+1 4.08603e-1
1.29276e+1 4.67588e-1
1.38497e+1 5.25746e-1
1.47816e+1 6.01630e-1
1.56772e+1 6.84419e-1
1.67081e+1 7.72730e-1
1.78068e+1 8.82448e-1
1.88857e+1 9.95313e-1
2.00927e+1 1.12897e+0
2.11426e+1 1.28724e+0
2.23614e+1 1.45357e+0
2.35696e+1 1.64661e+0
2.48276e+1 1.88164e+0
2.60796e+1 2.13931e+0
2.73776e+1 2.43846e+0
2.86347e+1 2.74204e+0
3.02686e+1 3.08856e+0
3.12609e+1 3.53256e+0
3.24886e+1 4.02965e+0
3.36551e+1 4.64817e+0
3.46478e+1 5.37611e+0
3.60525e+1 6.19639e+0
3.69388e+1 7.10169e+0
3.77357e+1 8.09304e+0
3.84647e+1 9.26689e+0
3.97307e+1 1.05316e+1
4.07074e+1 1.20043e+1
4.14725e+1 1.36371e+1
4.25609e+1 1.57643e+1
4.41145e+1 1.82179e+1
4.52251e+1 2.09054e+1
4.72669e+1 2.38378e+1
4.94373e+1 2.71609e+1
5.20662e+1 3.05948e+1
5.56399e+1 3.41370e+1
6.10193e+1 3.80441e+1
6.67025e+1 4.03540e+1
7.29149e+1 4.18151e+1
7.97060e+1 4.21993e+1
8.71296e+1 4.21993e+1
9.52446e+1 4.21993e+1
1.04115e+2 4.13923e+1
1.13812e+2 4.02107e+1
1.24413e+2 3.90628e+1
1.36000e+2 3.78513e+1
1.48667e+2 3.66216e+1
1.62513e+2 3.55942e+1
1.77649e+2 3.45430e+1
1.94195e+2 3.35398e+1
2.12281e+2 3.23185e+1
2.32053e+2 3.11100e+1
2.53665e+2 3.00840e+1
2.77291e+2 2.89297e+1
3.03117e+2 2.79330e+1
3.31349e+2 2.71908e+1
3.62210e+2 2.67251e+1
3.95945e+2 2.59621e+1
4.32822e+2 2.52338e+1
4.73134e+2 2.44016e+1
5.17200e+2 2.36689e+1
5.65370e+2 2.29815e+1
6.18027e+2 2.23368e+1
6.75589e+2 2.15563e+1
7.38511e+2 2.07081e+1
8.07294e+2 1.99135e+1
8.82483e+2 1.91884e+1
9.64675e+2 1.82470e+1
1.05452e+3 1.73518e+1
1.15274e+3 1.66015e+1
1.26010e+3 1.56910e+1
1.37746e+3 1.50049e+1
1.50575e+3 1.40743e+1
1.64600e+3 1.33974e+1
1.79930e+3 1.27272e+1
1.96688e+3 1.19987e+1
2.15007e+3 1.12832e+1
2.35032e+3 1.06590e+1
2.56922e+3 1.00489e+1
2.80851e+3 9.44969e+0
3.07009e+3 8.83218e+0
3.35603e+3 8.29707e+0
3.66860e+3 7.71166e+0
4.01028e+3 7.25549e+0
4.38379e+3 6.82977e+0
4.79208e+3 6.33822e+0
5.23840e+3 5.98758e+0
5.72629e+3 5.66497e+0
6.25962e+3 5.26527e+0
6.84263e+3 4.94376e+0
7.47993e+3 4.62304e+0
8.17659e+3 4.32314e+0
8.86606e+3 4.17726e+0
1.04228e+4 3.57525e+0
1.29362e+4 3.04180e+0
1.57692e+4 2.62032e+0
1.95719e+4 2.20181e+0
2.34326e+4 1.87329e+0
2.68785e+4 1.65724e+0
3.23796e+4 1.43158e+0
3.71570e+4 1.27771e+0
4.21247e+4 1.14394e+0
4.73715e+4 1.03967e+0
5.27141e+4 9.45426e-1
5.81863e+4 8.68422e-1
6.39153e+4 8.29096e-1
6.98681e+4 7.45184e-1
7.63755e+4 7.08625e-1
8.34888e+4 6.56955e-1
9.12648e+4 6.10292e-1
9.97649e+4 5.63498e-1
1.09057e+5 5.24804e-1
1.19214e+5 4.86538e-1
1.30317e+5 4.54975e-1
1.42455e+5 4.21801e-1
1.55722e+5 3.91841e-1
1.70226e+5 3.58684e-1
1.86080e+5 3.33376e-1
2.03411e+5 3.08911e-1
2.22356e+5 2.86678e-1
2.43066e+5 2.64831e-1
2.65704e+5 2.45271e-1
2.90451e+5 2.28430e-1
3.17503e+5 2.11989e-1
3.47074e+5 1.96932e-1
3.79400e+5 1.83223e-1
4.14736e+5 1.69863e-1
4.53363e+5 1.56679e-1
4.95588e+5 1.44519e-1
5.41746e+5 1.33981e-1
5.92203e+5 1.23960e-1
6.47359e+5 1.15742e-1
7.07652e+5 1.06704e-1
7.73560e+5 9.83724e-2
8.45608e+5 9.31668e-2
9.11977e+5 8.36778e-2
9.86213e+5 7.97507e-2
