1.48265e-1  6.57585e+1
2.49173e-1  6.57585e+1
3.50121e-1  6.13212e+1
4.66241e-1  5.71833e+1
5.99037e-1  5.20972e+1
7.42589e-1  4.53035e+1
9.54095e-1  3.42583e+1
1.12089e+0  2.65164e+1
1.36484e+0  1.86985e+1
1.60344e+0  1.28821e+1
1.88375e+0  8.27610e+0
2.25304e+0  4.95818e+0
2.59996e+0  2.90205e+0
2.94705e+0  1.82150e+0
3.22300e+0  1.01762e+0
3.52479e+0  6.38719e-1
3.85484e+0  3.73846e-1
4.29193e+0  2.23970e-1
4.61053e+0  1.34180e-1
4.95278e+0  8.03865e-2
5.22604e+0  4.92940e-2
5.51438e+0  3.24150e-2
5.71539e+0  1.98773e-2
