1.50943e-1  3.42583e+1
2.49173e-1  3.50655e+1
3.69438e-1  3.58917e+1
5.67715e-1  3.58917e+1
8.72407e-1  3.84889e+1
1.27053e+0  4.12740e+1
1.91778e+0  4.63709e+1
3.00028e+0  4.97264e+1
4.29193e+0  5.20972e+1
6.03072e+0  5.33246e+1
8.32360e+0  4.97264e+1
1.10842e+1  4.12740e+1
1.42412e+1  3.19466e+1
1.76539e+1  2.20092e+1
1.96557e+1  1.44729e+1
2.26822e+1  9.51718e+0
2.52541e+1  5.83605e+0
2.66475e+1  3.92812e+0
2.91426e+1  2.64393e+0
3.07505e+1  1.58397e+0
3.36299e+1  9.05767e-1
3.54853e+1  5.81908e-1
3.74431e+1  3.40595e-1
3.81195e+1  1.99352e-1
3.88080e+1  1.11372e-1
4.09492e+1  6.07880e-2
4.16888e+1  3.55796e-2
4.32084e+1  1.85360e-2
