4.02567e+1  2.78146e+1
5.28589e+1  2.01987e+1
6.94061e+1  1.39073e+1
8.10218e+1  1.15894e+1
9.93829e+1  1.02649e+1
1.24190e+2  9.93377e+0
1.57122e+2  1.05960e+1
1.91539e+2  1.12583e+1
2.27786e+2  1.22517e+1
2.84643e+2  1.39073e+1
3.42725e+2  1.55629e+1
4.33607e+2  1.82119e+1
5.55423e+2  2.18543e+1
6.77088e+2  2.48344e+1
8.15249e+2  2.88079e+1
9.93829e+2  3.34437e+1
1.18190e+3  3.94040e+1
1.43190e+3  4.60265e+1
1.65098e+3  5.13245e+1
2.03770e+3  5.99338e+1
2.39349e+3  6.78808e+1
2.82887e+3  7.78146e+1
3.22155e+3  8.67550e+1
3.83119e+3  1.00993e+2
4.28273e+3  1.11258e+2
4.93797e+3  1.26821e+2
6.13246e+3  1.51987e+2
7.15877e+3  1.72517e+2
7.85527e+3  1.85099e+2
8.40875e+3  1.95033e+2
9.28415e+3  2.08278e+2
1.00000e+4  2.18543e+2
