

  **** PARTIAL WAVE ANALYSIS (DPWA0) ******************************************


  KINETIC ENERGY = 2.50000E+04 eV

      L       PHASE(SPIN UP)     PHASE(SPIN DOWN)
  -----------------------------------------------
       0      1.18025212E+00      0.00000000E+00
       1      8.47583810E-01      8.63602435E-01
       2      6.81846784E-01      6.89414468E-01
       3      5.74725561E-01      5.79547958E-01
       4      4.97422802E-01      5.00883669E-01
       5      4.38133154E-01      4.40781462E-01
       6      3.90854247E-01      3.92964401E-01
       7      3.52111123E-01      3.53840344E-01
       8      3.19709822E-01      3.21156700E-01
       9      2.92176859E-01      2.93407298E-01
      10      2.68476044E-01      2.69536235E-01
      11      2.47852348E-01      2.48775868E-01
      12      2.29739973E-01      2.30551942E-01
      13      2.13705141E-01      2.14424797E-01
      14      1.99409021E-01      2.00051378E-01
      15      1.86582722E-01      1.87159692E-01
      16      1.75010000E-01      1.75531159E-01
      17      1.64514912E-01      1.64988052E-01
      18      1.54952851E-01      1.55384377E-01
      19      1.46203910E-01      1.46599136E-01
      20      1.38167842E-01      1.38531211E-01
      21      1.30760260E-01      1.31095514E-01
      22      1.23909620E-01      1.24219934E-01
      23      1.17554943E-01      1.17843026E-01
      24      1.11643916E-01      1.11912091E-01
      25      1.06131468E-01      1.06381740E-01
      26      1.00978542E-01      1.01212648E-01
      27      9.61511553E-02      9.63706093E-02
      28      9.16196053E-02      9.18257317E-02
      29      8.73578107E-02      8.75517729E-02
      30      8.33428016E-02      8.35256258E-02
      31      7.95542356E-02      7.97268304E-02
      32      7.59740710E-02      7.61372440E-02
      33      7.25862099E-02      7.27406817E-02
      34      6.93762705E-02      6.95226856E-02
      35      6.63313452E-02      6.64702829E-02
      36      6.34398104E-02      6.35717921E-02
      37      6.06911857E-02      6.08166828E-02
      38      5.80759619E-02      5.81954017E-02
      39      5.55855211E-02      5.56992918E-02
      40      5.32120030E-02      5.33204587E-02
      41      5.09482335E-02      5.10516975E-02
      42      4.87876514E-02      4.88864201E-02
      43      4.67242223E-02      4.68185677E-02
      44      4.47524104E-02      4.48425830E-02
      45      4.28671002E-02      4.29533313E-02
      46      4.10635696E-02      4.11460727E-02
      47      3.93374505E-02      3.94164237E-02
      48      3.76846804E-02      3.77603075E-02
      49      3.61014948E-02      3.61739467E-02
      50      3.45843808E-02      3.46538167E-02
      51      3.31300625E-02      3.31966310E-02
      52      3.17354848E-02      3.17993249E-02
      53      3.03977807E-02      3.04590224E-02
      54      2.91142704E-02      2.91730357E-02
      55      2.78824364E-02      2.79388398E-02
      56      2.66999116E-02      2.67540605E-02
      57      2.55644728E-02      2.56164687E-02
      58      2.44740215E-02      2.45239598E-02
      59      2.34265820E-02      2.34745527E-02
      60      2.24202877E-02      2.24663759E-02
      61      2.14533736E-02      2.14976596E-02
      62      2.05241738E-02      2.05667337E-02
      63      1.96311057E-02      1.96720116E-02
      64      1.87726734E-02      1.88119935E-02
      65      1.79474598E-02      1.79852589E-02
      66      1.71541120E-02      1.71904516E-02
      67      1.63913541E-02      1.64262925E-02
      68      1.56579712E-02      1.56915641E-02
      69      1.49527988E-02      1.49850991E-02
      70      1.42747424E-02      1.43058001E-02
      71      1.36227544E-02      1.36526177E-02
      72      1.29958256E-02      1.30245401E-02
      73      1.23930121E-02      1.24206212E-02
      74      1.18134079E-02      1.18399532E-02
      75      1.12561321E-02      1.12816535E-02
      76      1.07203658E-02      1.07449008E-02
      77      1.02053255E-02      1.02289104E-02
      78      9.71023777E-03      9.73290746E-03
      79      9.23438515E-03      9.25617219E-03
      80      8.77709237E-03      8.79802840E-03
      81      8.33767982E-03      8.35779569E-03
      82      7.91550863E-03      7.93483286E-03
      83      7.50999719E-03      7.52855713E-03
      84      7.12055614E-03      7.13837912E-03
      85      6.74660607E-03      6.76371759E-03
      86      6.38763607E-03      6.40405962E-03
      87      6.04314986E-03      6.05890925E-03
      88      5.71262486E-03      5.72774342E-03
      89      5.39558709E-03      5.41008554E-03
      90      5.09162267E-03      5.10552098E-03
      91      4.80028959E-03      4.81360875E-03
      92      4.52113186E-03      4.53389146E-03
      93      4.25376917E-03      4.26598608E-03
      94      3.99785778E-03      4.00954928E-03
      95      3.75300009E-03      3.76418477E-03  i
      96      3.51879924E-03      3.52949360E-03  i
      97      3.29494817E-03      3.30516594E-03  i
      98      3.08116357E-03      3.09091960E-03  i
      99      2.87709166E-03      2.88640257E-03  i
     100      2.68237534E-03      2.69125557E-03  i
     105      1.84000028E-03      1.84691275E-03  i
     110      1.19280555E-03      1.19803310E-03  i
     115      7.12832025E-04      7.16617975E-04  i
     120      3.75934004E-04      3.78492722E-04  i
     125      1.60260181E-04      1.61777941E-04  i
     130      4.33367338E-05      4.40200650E-05  i
     135      5.17926338E-06      5.30822373E-06  i
     140      2.53061450E-07      2.61801771E-07  i
     145      5.45950684E-09      5.70001490E-09  i


  *** SCATTERING AMPLITUDES AND DIFFERENTIAL CROSS SECTION ***

    ANGLE      DCS       ASYMMETRY    DIRECT AMPLITUDE       SPIN-FLIP AMPLITUDE     ERROR
    (deg)   (cm**2/sr)                      (cm)                    (cm)
  -------------------------------------------------------------------------------------------
  0.000E+00 1.64710E-15  0.000E+00 ( 4.027E-08, 5.077E-09) ( 0.000E+00, 0.000E+00)  1.00E-07
  1.000E-04 1.64710E-15  1.816E-10 ( 4.027E-08, 5.077E-09) ( 1.646E-15, 2.112E-16)  1.00E-07
  1.250E-04 1.64710E-15  2.270E-10 ( 4.027E-08, 5.077E-09) ( 2.057E-15, 2.641E-16)  1.00E-07
  1.500E-04 1.64710E-15  2.724E-10 ( 4.027E-08, 5.077E-09) ( 2.469E-15, 3.169E-16)  1.00E-07
  1.750E-04 1.64710E-15  3.179E-10 ( 4.027E-08, 5.077E-09) ( 2.880E-15, 3.697E-16)  1.00E-07
  2.000E-04 1.64710E-15  3.633E-10 ( 4.027E-08, 5.077E-09) ( 3.292E-15, 4.225E-16)  1.00E-07
  2.250E-04 1.64710E-15  4.087E-10 ( 4.027E-08, 5.077E-09) ( 3.703E-15, 4.753E-16)  1.00E-07
  2.500E-04 1.64710E-15  4.541E-10 ( 4.027E-08, 5.077E-09) ( 4.114E-15, 5.281E-16)  1.00E-07
  2.750E-04 1.64710E-15  4.995E-10 ( 4.027E-08, 5.077E-09) ( 4.526E-15, 5.809E-16)  1.00E-07
  3.000E-04 1.64710E-15  5.449E-10 ( 4.027E-08, 5.077E-09) ( 4.937E-15, 6.337E-16)  1.00E-07
  3.250E-04 1.64710E-15  5.903E-10 ( 4.027E-08, 5.077E-09) ( 5.349E-15, 6.865E-16)  1.00E-07
  3.500E-04 1.64710E-15  6.357E-10 ( 4.027E-08, 5.077E-09) ( 5.760E-15, 7.393E-16)  1.00E-07
  3.750E-04 1.64710E-15  6.811E-10 ( 4.027E-08, 5.077E-09) ( 6.172E-15, 7.922E-16)  1.00E-07
  4.000E-04 1.64710E-15  7.265E-10 ( 4.027E-08, 5.077E-09) ( 6.583E-15, 8.450E-16)  1.00E-07
  4.250E-04 1.64710E-15  7.719E-10 ( 4.027E-08, 5.077E-09) ( 6.994E-15, 8.978E-16)  1.00E-07
  4.500E-04 1.64710E-15  8.173E-10 ( 4.027E-08, 5.077E-09) ( 7.406E-15, 9.506E-16)  1.00E-07
  4.750E-04 1.64710E-15  8.627E-10 ( 4.027E-08, 5.077E-09) ( 7.817E-15, 1.003E-15)  1.00E-07
  5.000E-04 1.64710E-15  9.081E-10 ( 4.027E-08, 5.077E-09) ( 8.229E-15, 1.056E-15)  1.00E-07
  5.250E-04 1.64710E-15  9.536E-10 ( 4.027E-08, 5.077E-09) ( 8.640E-15, 1.109E-15)  1.00E-07
  5.500E-04 1.64710E-15  9.990E-10 ( 4.027E-08, 5.077E-09) ( 9.052E-15, 1.162E-15)  1.00E-07
  5.750E-04 1.64710E-15  1.044E-09 ( 4.027E-08, 5.077E-09) ( 9.463E-15, 1.215E-15)  1.00E-07
  6.000E-04 1.64710E-15  1.090E-09 ( 4.027E-08, 5.077E-09) ( 9.875E-15, 1.267E-15)  1.00E-07
  6.250E-04 1.64710E-15  1.135E-09 ( 4.027E-08, 5.077E-09) ( 1.029E-14, 1.320E-15)  1.00E-07
  6.500E-04 1.64710E-15  1.181E-09 ( 4.027E-08, 5.077E-09) ( 1.070E-14, 1.373E-15)  1.00E-07
  6.750E-04 1.64710E-15  1.226E-09 ( 4.027E-08, 5.077E-09) ( 1.111E-14, 1.426E-15)  1.00E-07
  7.000E-04 1.64710E-15  1.271E-09 ( 4.027E-08, 5.077E-09) ( 1.152E-14, 1.479E-15)  1.00E-07
  7.250E-04 1.64710E-15  1.317E-09 ( 4.027E-08, 5.077E-09) ( 1.193E-14, 1.531E-15)  1.00E-07
  7.500E-04 1.64710E-15  1.362E-09 ( 4.027E-08, 5.077E-09) ( 1.234E-14, 1.584E-15)  1.00E-07
  7.750E-04 1.64710E-15  1.408E-09 ( 4.027E-08, 5.077E-09) ( 1.275E-14, 1.637E-15)  1.00E-07
  8.000E-04 1.64710E-15  1.453E-09 ( 4.027E-08, 5.077E-09) ( 1.317E-14, 1.690E-15)  1.00E-07
  8.250E-04 1.64710E-15  1.498E-09 ( 4.027E-08, 5.077E-09) ( 1.358E-14, 1.743E-15)  1.00E-07
  8.500E-04 1.64710E-15  1.544E-09 ( 4.027E-08, 5.077E-09) ( 1.399E-14, 1.796E-15)  1.00E-07
  8.750E-04 1.64710E-15  1.589E-09 ( 4.027E-08, 5.077E-09) ( 1.440E-14, 1.848E-15)  1.00E-07
  9.000E-04 1.64710E-15  1.635E-09 ( 4.027E-08, 5.077E-09) ( 1.481E-14, 1.901E-15)  1.00E-07
  9.250E-04 1.64710E-15  1.680E-09 ( 4.027E-08, 5.077E-09) ( 1.522E-14, 1.954E-15)  1.00E-07
  9.500E-04 1.64710E-15  1.725E-09 ( 4.027E-08, 5.077E-09) ( 1.563E-14, 2.007E-15)  1.00E-07
  9.750E-04 1.64710E-15  1.771E-09 ( 4.027E-08, 5.077E-09) ( 1.605E-14, 2.060E-15)  1.00E-07
  1.000E-03 1.64710E-15  1.816E-09 ( 4.027E-08, 5.077E-09) ( 1.646E-14, 2.112E-15)  1.00E-07
  1.250E-03 1.64710E-15  2.270E-09 ( 4.027E-08, 5.077E-09) ( 2.057E-14, 2.641E-15)  1.00E-07
  1.500E-03 1.64710E-15  2.724E-09 ( 4.027E-08, 5.077E-09) ( 2.469E-14, 3.169E-15)  1.00E-07
  1.750E-03 1.64710E-15  3.179E-09 ( 4.027E-08, 5.077E-09) ( 2.880E-14, 3.697E-15)  1.00E-07
  2.000E-03 1.64710E-15  3.633E-09 ( 4.027E-08, 5.077E-09) ( 3.292E-14, 4.225E-15)  1.00E-07
  2.250E-03 1.64710E-15  4.087E-09 ( 4.027E-08, 5.077E-09) ( 3.703E-14, 4.753E-15)  1.00E-07
  2.500E-03 1.64710E-15  4.541E-09 ( 4.027E-08, 5.077E-09) ( 4.114E-14, 5.281E-15)  1.00E-07
  2.750E-03 1.64709E-15  4.995E-09 ( 4.027E-08, 5.077E-09) ( 4.526E-14, 5.809E-15)  1.00E-07
  3.000E-03 1.64709E-15  5.449E-09 ( 4.027E-08, 5.077E-09) ( 4.937E-14, 6.337E-15)  1.00E-07
  3.250E-03 1.64709E-15  5.903E-09 ( 4.027E-08, 5.077E-09) ( 5.349E-14, 6.865E-15)  1.00E-07
  3.500E-03 1.64709E-15  6.357E-09 ( 4.027E-08, 5.077E-09) ( 5.760E-14, 7.393E-15)  1.00E-07
  3.750E-03 1.64709E-15  6.811E-09 ( 4.027E-08, 5.077E-09) ( 6.172E-14, 7.922E-15)  1.00E-07
  4.000E-03 1.64709E-15  7.265E-09 ( 4.027E-08, 5.077E-09) ( 6.583E-14, 8.450E-15)  1.00E-07
  4.250E-03 1.64709E-15  7.719E-09 ( 4.027E-08, 5.077E-09) ( 6.994E-14, 8.978E-15)  1.00E-07
  4.500E-03 1.64709E-15  8.173E-09 ( 4.027E-08, 5.077E-09) ( 7.406E-14, 9.506E-15)  1.00E-07
  4.750E-03 1.64709E-15  8.627E-09 ( 4.027E-08, 5.077E-09) ( 7.817E-14, 1.003E-14)  1.00E-07
  5.000E-03 1.64709E-15  9.082E-09 ( 4.027E-08, 5.077E-09) ( 8.229E-14, 1.056E-14)  1.00E-07
  5.250E-03 1.64708E-15  9.536E-09 ( 4.027E-08, 5.077E-09) ( 8.640E-14, 1.109E-14)  1.00E-07
  5.500E-03 1.64708E-15  9.990E-09 ( 4.027E-08, 5.077E-09) ( 9.052E-14, 1.162E-14)  1.00E-07
  5.750E-03 1.64708E-15  1.044E-08 ( 4.027E-08, 5.077E-09) ( 9.463E-14, 1.215E-14)  1.00E-07
  6.000E-03 1.64708E-15  1.090E-08 ( 4.027E-08, 5.077E-09) ( 9.874E-14, 1.267E-14)  1.00E-07
  6.250E-03 1.64708E-15  1.135E-08 ( 4.027E-08, 5.077E-09) ( 1.029E-13, 1.320E-14)  1.00E-07
  6.500E-03 1.64708E-15  1.181E-08 ( 4.027E-08, 5.077E-09) ( 1.070E-13, 1.373E-14)  1.00E-07
  6.750E-03 1.64707E-15  1.226E-08 ( 4.027E-08, 5.077E-09) ( 1.111E-13, 1.426E-14)  1.00E-07
  7.000E-03 1.64707E-15  1.271E-08 ( 4.027E-08, 5.077E-09) ( 1.152E-13, 1.479E-14)  1.00E-07
  7.250E-03 1.64707E-15  1.317E-08 ( 4.027E-08, 5.077E-09) ( 1.193E-13, 1.531E-14)  1.00E-07
  7.500E-03 1.64707E-15  1.362E-08 ( 4.027E-08, 5.077E-09) ( 1.234E-13, 1.584E-14)  1.00E-07
  7.750E-03 1.64707E-15  1.408E-08 ( 4.027E-08, 5.077E-09) ( 1.275E-13, 1.637E-14)  1.00E-07
  8.000E-03 1.64706E-15  1.453E-08 ( 4.027E-08, 5.077E-09) ( 1.317E-13, 1.690E-14)  1.00E-07
  8.250E-03 1.64706E-15  1.498E-08 ( 4.027E-08, 5.077E-09) ( 1.358E-13, 1.743E-14)  1.00E-07
  8.500E-03 1.64706E-15  1.544E-08 ( 4.027E-08, 5.077E-09) ( 1.399E-13, 1.796E-14)  1.00E-07
  8.750E-03 1.64706E-15  1.589E-08 ( 4.027E-08, 5.077E-09) ( 1.440E-13, 1.848E-14)  1.00E-07
  9.000E-03 1.64706E-15  1.635E-08 ( 4.027E-08, 5.077E-09) ( 1.481E-13, 1.901E-14)  1.00E-07
  9.250E-03 1.64705E-15  1.680E-08 ( 4.027E-08, 5.077E-09) ( 1.522E-13, 1.954E-14)  1.00E-07
  9.500E-03 1.64705E-15  1.726E-08 ( 4.027E-08, 5.077E-09) ( 1.563E-13, 2.007E-14)  1.00E-07
  9.750E-03 1.64705E-15  1.771E-08 ( 4.026E-08, 5.077E-09) ( 1.605E-13, 2.060E-14)  1.00E-07
  1.000E-02 1.64705E-15  1.816E-08 ( 4.026E-08, 5.077E-09) ( 1.646E-13, 2.112E-14)  1.00E-07
  1.250E-02 1.64702E-15  2.270E-08 ( 4.026E-08, 5.077E-09) ( 2.057E-13, 2.640E-14)  1.00E-07
  1.500E-02 1.64698E-15  2.725E-08 ( 4.026E-08, 5.077E-09) ( 2.469E-13, 3.169E-14)  1.00E-07
  1.750E-02 1.64694E-15  3.179E-08 ( 4.026E-08, 5.077E-09) ( 2.880E-13, 3.697E-14)  1.00E-07
  2.000E-02 1.64689E-15  3.633E-08 ( 4.026E-08, 5.077E-09) ( 3.291E-13, 4.225E-14)  1.00E-07
  2.250E-02 1.64683E-15  4.087E-08 ( 4.026E-08, 5.077E-09) ( 3.703E-13, 4.753E-14)  1.00E-07
  2.500E-02 1.64677E-15  4.541E-08 ( 4.026E-08, 5.077E-09) ( 4.114E-13, 5.281E-14)  1.00E-07
  2.750E-02 1.64670E-15  4.995E-08 ( 4.026E-08, 5.077E-09) ( 4.525E-13, 5.809E-14)  1.00E-07
  3.000E-02 1.64662E-15  5.450E-08 ( 4.026E-08, 5.077E-09) ( 4.937E-13, 6.337E-14)  1.00E-07
  3.250E-02 1.64654E-15  5.904E-08 ( 4.026E-08, 5.077E-09) ( 5.348E-13, 6.865E-14)  1.00E-07
  3.500E-02 1.64645E-15  6.358E-08 ( 4.026E-08, 5.077E-09) ( 5.759E-13, 7.393E-14)  1.00E-07
  3.750E-02 1.64635E-15  6.812E-08 ( 4.026E-08, 5.077E-09) ( 6.170E-13, 7.921E-14)  1.00E-07
  4.000E-02 1.64625E-15  7.267E-08 ( 4.026E-08, 5.077E-09) ( 6.581E-13, 8.449E-14)  1.00E-07
  4.250E-02 1.64614E-15  7.721E-08 ( 4.025E-08, 5.077E-09) ( 6.992E-13, 8.977E-14)  1.00E-07
  4.500E-02 1.64603E-15  8.176E-08 ( 4.025E-08, 5.077E-09) ( 7.403E-13, 9.505E-14)  1.00E-07
  4.750E-02 1.64590E-15  8.630E-08 ( 4.025E-08, 5.077E-09) ( 7.814E-13, 1.003E-13)  1.00E-07
  5.000E-02 1.64578E-15  9.084E-08 ( 4.025E-08, 5.077E-09) ( 8.225E-13, 1.056E-13)  1.00E-07
  5.250E-02 1.64564E-15  9.539E-08 ( 4.025E-08, 5.077E-09) ( 8.636E-13, 1.109E-13)  1.00E-07
  5.500E-02 1.64550E-15  9.994E-08 ( 4.025E-08, 5.077E-09) ( 9.047E-13, 1.162E-13)  1.00E-07
  5.750E-02 1.64535E-15  1.045E-07 ( 4.024E-08, 5.077E-09) ( 9.458E-13, 1.214E-13)  1.00E-07
  6.000E-02 1.64519E-15  1.090E-07 ( 4.024E-08, 5.077E-09) ( 9.869E-13, 1.267E-13)  1.00E-07
  6.250E-02 1.64503E-15  1.136E-07 ( 4.024E-08, 5.077E-09) ( 1.028E-12, 1.320E-13)  1.00E-07
  6.500E-02 1.64486E-15  1.181E-07 ( 4.024E-08, 5.077E-09) ( 1.069E-12, 1.373E-13)  1.00E-07
  6.750E-02 1.64469E-15  1.227E-07 ( 4.024E-08, 5.077E-09) ( 1.110E-12, 1.426E-13)  1.00E-07
  7.000E-02 1.64451E-15  1.272E-07 ( 4.023E-08, 5.076E-09) ( 1.151E-12, 1.478E-13)  1.00E-07
  7.250E-02 1.64432E-15  1.318E-07 ( 4.023E-08, 5.076E-09) ( 1.192E-12, 1.531E-13)  1.00E-07
  7.500E-02 1.64412E-15  1.363E-07 ( 4.023E-08, 5.076E-09) ( 1.233E-12, 1.584E-13)  1.00E-07
  7.750E-02 1.64392E-15  1.409E-07 ( 4.023E-08, 5.076E-09) ( 1.274E-12, 1.637E-13)  1.00E-07
  8.000E-02 1.64372E-15  1.454E-07 ( 4.022E-08, 5.076E-09) ( 1.315E-12, 1.690E-13)  1.00E-07
  8.250E-02 1.64350E-15  1.500E-07 ( 4.022E-08, 5.076E-09) ( 1.356E-12, 1.742E-13)  1.00E-07
  8.500E-02 1.64328E-15  1.545E-07 ( 4.022E-08, 5.076E-09) ( 1.397E-12, 1.795E-13)  1.00E-07
  8.750E-02 1.64305E-15  1.591E-07 ( 4.022E-08, 5.076E-09) ( 1.438E-12, 1.848E-13)  1.00E-07
  9.000E-02 1.64282E-15  1.636E-07 ( 4.021E-08, 5.076E-09) ( 1.479E-12, 1.901E-13)  1.00E-07
  9.250E-02 1.64258E-15  1.682E-07 ( 4.021E-08, 5.076E-09) ( 1.520E-12, 1.953E-13)  1.00E-07
  9.500E-02 1.64233E-15  1.728E-07 ( 4.021E-08, 5.076E-09) ( 1.561E-12, 2.006E-13)  1.00E-07
  9.750E-02 1.64208E-15  1.773E-07 ( 4.020E-08, 5.076E-09) ( 1.602E-12, 2.059E-13)  1.00E-07
  1.000E-01 1.64182E-15  1.819E-07 ( 4.020E-08, 5.075E-09) ( 1.643E-12, 2.112E-13)  1.00E-07
  1.250E-01 1.63885E-15  2.275E-07 ( 4.016E-08, 5.074E-09) ( 2.052E-12, 2.639E-13)  1.00E-07
  1.500E-01 1.63524E-15  2.733E-07 ( 4.012E-08, 5.073E-09) ( 2.460E-12, 3.166E-13)  1.00E-07
  1.750E-01 1.63098E-15  3.191E-07 ( 4.007E-08, 5.071E-09) ( 2.866E-12, 3.692E-13)  1.00E-07
  2.000E-01 1.62608E-15  3.652E-07 ( 4.000E-08, 5.070E-09) ( 3.270E-12, 4.219E-13)  1.00E-07
  2.250E-01 1.62055E-15  4.114E-07 ( 3.994E-08, 5.068E-09) ( 3.673E-12, 4.744E-13)  1.00E-07
  2.500E-01 1.61439E-15  4.578E-07 ( 3.986E-08, 5.065E-09) ( 4.073E-12, 5.269E-13)  1.00E-07
  2.750E-01 1.60761E-15  5.045E-07 ( 3.977E-08, 5.063E-09) ( 4.471E-12, 5.793E-13)  1.00E-07
  3.000E-01 1.60023E-15  5.514E-07 ( 3.968E-08, 5.060E-09) ( 4.866E-12, 6.316E-13)  1.00E-07
  3.250E-01 1.59224E-15  5.986E-07 ( 3.958E-08, 5.057E-09) ( 5.258E-12, 6.838E-13)  1.00E-07
  3.500E-01 1.58367E-15  6.461E-07 ( 3.947E-08, 5.054E-09) ( 5.647E-12, 7.360E-13)  1.00E-07
  3.750E-01 1.57452E-15  6.939E-07 ( 3.936E-08, 5.050E-09) ( 6.033E-12, 7.880E-13)  1.00E-07
  4.000E-01 1.56480E-15  7.420E-07 ( 3.923E-08, 5.047E-09) ( 6.415E-12, 8.400E-13)  1.00E-07
  4.250E-01 1.55453E-15  7.905E-07 ( 3.910E-08, 5.043E-09) ( 6.793E-12, 8.918E-13)  1.00E-07
  4.500E-01 1.54372E-15  8.394E-07 ( 3.897E-08, 5.039E-09) ( 7.168E-12, 9.435E-13)  1.00E-07
  4.750E-01 1.53238E-15  8.887E-07 ( 3.882E-08, 5.034E-09) ( 7.538E-12, 9.950E-13)  1.00E-07
  5.000E-01 1.52053E-15  9.385E-07 ( 3.867E-08, 5.030E-09) ( 7.903E-12, 1.046E-12)  1.00E-07
  5.250E-01 1.50819E-15  9.887E-07 ( 3.851E-08, 5.025E-09) ( 8.265E-12, 1.098E-12)  1.00E-07
  5.500E-01 1.49536E-15  1.039E-06 ( 3.834E-08, 5.020E-09) ( 8.621E-12, 1.149E-12)  1.00E-07
  5.750E-01 1.48207E-15  1.091E-06 ( 3.817E-08, 5.014E-09) ( 8.972E-12, 1.200E-12)  1.00E-07
  6.000E-01 1.46833E-15  1.142E-06 ( 3.799E-08, 5.009E-09) ( 9.318E-12, 1.251E-12)  1.00E-07
  6.250E-01 1.45416E-15  1.195E-06 ( 3.780E-08, 5.003E-09) ( 9.659E-12, 1.301E-12)  1.00E-07
  6.500E-01 1.43957E-15  1.248E-06 ( 3.761E-08, 4.997E-09) ( 9.994E-12, 1.352E-12)  1.00E-07
  6.750E-01 1.42458E-15  1.301E-06 ( 3.741E-08, 4.991E-09) ( 1.032E-11, 1.402E-12)  1.00E-07
  7.000E-01 1.40922E-15  1.355E-06 ( 3.721E-08, 4.985E-09) ( 1.065E-11, 1.452E-12)  1.00E-07
  7.250E-01 1.39349E-15  1.410E-06 ( 3.700E-08, 4.978E-09) ( 1.097E-11, 1.502E-12)  1.00E-07
  7.500E-01 1.37742E-15  1.466E-06 ( 3.678E-08, 4.971E-09) ( 1.128E-11, 1.552E-12)  1.00E-07
  7.750E-01 1.36103E-15  1.522E-06 ( 3.656E-08, 4.964E-09) ( 1.158E-11, 1.601E-12)  1.00E-07
  8.000E-01 1.34433E-15  1.579E-06 ( 3.633E-08, 4.957E-09) ( 1.188E-11, 1.651E-12)  1.00E-07
  8.250E-01 1.32734E-15  1.636E-06 ( 3.609E-08, 4.950E-09) ( 1.218E-11, 1.700E-12)  1.00E-07
  8.500E-01 1.31009E-15  1.695E-06 ( 3.586E-08, 4.942E-09) ( 1.246E-11, 1.749E-12)  1.00E-07
  8.750E-01 1.29258E-15  1.754E-06 ( 3.561E-08, 4.934E-09) ( 1.274E-11, 1.797E-12)  1.00E-07
  9.000E-01 1.27485E-15  1.814E-06 ( 3.536E-08, 4.926E-09) ( 1.301E-11, 1.846E-12)  1.00E-07
  9.250E-01 1.25690E-15  1.875E-06 ( 3.511E-08, 4.918E-09) ( 1.328E-11, 1.894E-12)  1.00E-07
  9.500E-01 1.23876E-15  1.937E-06 ( 3.485E-08, 4.910E-09) ( 1.354E-11, 1.942E-12)  1.00E-07
  9.750E-01 1.22045E-15  2.000E-06 ( 3.459E-08, 4.901E-09) ( 1.379E-11, 1.989E-12)  1.00E-07
  1.000E+00 1.20199E-15  2.064E-06 ( 3.432E-08, 4.892E-09) ( 1.404E-11, 2.037E-12)  1.00E-07
  1.100E+00 1.12695E-15  2.329E-06 ( 3.322E-08, 4.855E-09) ( 1.494E-11, 2.224E-12)  1.00E-07
  1.200E+00 1.05089E-15  2.612E-06 ( 3.206E-08, 4.815E-09) ( 1.574E-11, 2.407E-12)  1.00E-07
  1.300E+00 9.74879E-16  2.914E-06 ( 3.086E-08, 4.773E-09) ( 1.641E-11, 2.585E-12)  1.00E-07
  1.400E+00 8.99908E-16  3.236E-06 ( 2.962E-08, 4.728E-09) ( 1.697E-11, 2.758E-12)  1.00E-07
  1.500E+00 8.26838E-16  3.581E-06 ( 2.837E-08, 4.681E-09) ( 1.742E-11, 2.926E-12)  1.00E-07
  1.600E+00 7.56406E-16  3.950E-06 ( 2.711E-08, 4.632E-09) ( 1.776E-11, 3.089E-12)  1.00E-07
  1.700E+00 6.89213E-16  4.345E-06 ( 2.585E-08, 4.580E-09) ( 1.799E-11, 3.246E-12)  1.00E-07
  1.800E+00 6.25724E-16  4.766E-06 ( 2.460E-08, 4.528E-09) ( 1.814E-11, 3.398E-12)  1.00E-07
  1.900E+00 5.66272E-16  5.214E-06 ( 2.337E-08, 4.473E-09) ( 1.819E-11, 3.545E-12)  1.00E-07
  2.000E+00 5.11065E-16  5.690E-06 ( 2.217E-08, 4.418E-09) ( 1.817E-11, 3.686E-12)  1.00E-07
  2.100E+00 4.60201E-16  6.193E-06 ( 2.100E-08, 4.361E-09) ( 1.808E-11, 3.822E-12)  1.00E-07
  2.200E+00 4.13676E-16  6.725E-06 ( 1.988E-08, 4.303E-09) ( 1.793E-11, 3.952E-12)  1.00E-07
  2.300E+00 3.71403E-16  7.283E-06 ( 1.880E-08, 4.245E-09) ( 1.774E-11, 4.077E-12)  1.00E-07
  2.400E+00 3.33228E-16  7.866E-06 ( 1.777E-08, 4.186E-09) ( 1.750E-11, 4.196E-12)  1.00E-07
  2.500E+00 2.98942E-16  8.473E-06 ( 1.679E-08, 4.126E-09) ( 1.723E-11, 4.310E-12)  1.00E-07
  2.600E+00 2.68301E-16  9.101E-06 ( 1.587E-08, 4.067E-09) ( 1.694E-11, 4.419E-12)  1.00E-07
  2.700E+00 2.41032E-16  9.747E-06 ( 1.500E-08, 4.007E-09) ( 1.664E-11, 4.523E-12)  1.00E-07
  2.800E+00 2.16852E-16  1.041E-05 ( 1.419E-08, 3.947E-09) ( 1.633E-11, 4.622E-12)  1.00E-07
  2.900E+00 1.95474E-16  1.109E-05 ( 1.343E-08, 3.887E-09) ( 1.602E-11, 4.717E-12)  1.00E-07
  3.000E+00 1.76614E-16  1.177E-05 ( 1.273E-08, 3.828E-09) ( 1.571E-11, 4.807E-12)  1.00E-07
  3.100E+00 1.59999E-16  1.247E-05 ( 1.207E-08, 3.769E-09) ( 1.541E-11, 4.892E-12)  1.00E-07
  3.200E+00 1.45374E-16  1.317E-05 ( 1.147E-08, 3.711E-09) ( 1.512E-11, 4.974E-12)  1.00E-07
  3.300E+00 1.32497E-16  1.387E-05 ( 1.092E-08, 3.653E-09) ( 1.484E-11, 5.051E-12)  1.00E-07
  3.400E+00 1.21151E-16  1.458E-05 ( 1.040E-08, 3.595E-09) ( 1.458E-11, 5.124E-12)  1.00E-07
  3.500E+00 1.11138E-16  1.530E-05 ( 9.930E-09, 3.539E-09) ( 1.434E-11, 5.194E-12)  1.00E-07
  3.600E+00 1.02278E-16  1.601E-05 ( 9.495E-09, 3.483E-09) ( 1.410E-11, 5.260E-12)  1.00E-07
  3.700E+00 9.44153E-17  1.674E-05 ( 9.092E-09, 3.428E-09) ( 1.389E-11, 5.323E-12)  1.00E-07
  3.800E+00 8.74107E-17  1.746E-05 ( 8.719E-09, 3.374E-09) ( 1.369E-11, 5.383E-12)  1.00E-07
  3.900E+00 8.11438E-17  1.820E-05 ( 8.374E-09, 3.321E-09) ( 1.349E-11, 5.440E-12)  1.00E-07
  4.000E+00 7.55101E-17  1.894E-05 ( 8.052E-09, 3.268E-09) ( 1.331E-11, 5.493E-12)  1.00E-07
  4.100E+00 7.04205E-17  1.969E-05 ( 7.751E-09, 3.217E-09) ( 1.314E-11, 5.544E-12)  1.00E-07
  4.200E+00 6.57987E-17  2.044E-05 ( 7.468E-09, 3.166E-09) ( 1.298E-11, 5.593E-12)  1.00E-07
  4.300E+00 6.15807E-17  2.121E-05 ( 7.202E-09, 3.117E-09) ( 1.282E-11, 5.639E-12)  1.00E-07
  4.400E+00 5.77128E-17  2.197E-05 ( 6.950E-09, 3.068E-09) ( 1.266E-11, 5.683E-12)  1.00E-07
  4.500E+00 5.41505E-17  2.275E-05 ( 6.710E-09, 3.021E-09) ( 1.251E-11, 5.724E-12)  1.00E-07
  4.600E+00 5.08568E-17  2.352E-05 ( 6.481E-09, 2.974E-09) ( 1.236E-11, 5.764E-12)  1.00E-07
  4.700E+00 4.78016E-17  2.429E-05 ( 6.263E-09, 2.929E-09) ( 1.221E-11, 5.801E-12)  1.00E-07
  4.800E+00 4.49603E-17  2.507E-05 ( 6.053E-09, 2.884E-09) ( 1.206E-11, 5.837E-12)  1.00E-07
  4.900E+00 4.23127E-17  2.584E-05 ( 5.852E-09, 2.840E-09) ( 1.190E-11, 5.870E-12)  1.00E-07
  5.000E+00 3.98423E-17  2.660E-05 ( 5.658E-09, 2.797E-09) ( 1.175E-11, 5.902E-12)  1.00E-07
  5.100E+00 3.75356E-17  2.735E-05 ( 5.472E-09, 2.755E-09) ( 1.160E-11, 5.933E-12)  1.00E-07
  5.200E+00 3.53812E-17  2.809E-05 ( 5.293E-09, 2.714E-09) ( 1.144E-11, 5.961E-12)  1.00E-07
  5.300E+00 3.33691E-17  2.882E-05 ( 5.120E-09, 2.674E-09) ( 1.129E-11, 5.989E-12)  1.00E-07
  5.400E+00 3.14908E-17  2.953E-05 ( 4.955E-09, 2.635E-09) ( 1.113E-11, 6.014E-12)  1.00E-07
  5.500E+00 2.97385E-17  3.023E-05 ( 4.796E-09, 2.596E-09) ( 1.098E-11, 6.039E-12)  1.00E-07
  5.600E+00 2.81049E-17  3.091E-05 ( 4.643E-09, 2.558E-09) ( 1.083E-11, 6.062E-12)  1.00E-07
  5.700E+00 2.65829E-17  3.158E-05 ( 4.497E-09, 2.522E-09) ( 1.068E-11, 6.083E-12)  1.00E-07
  5.800E+00 2.51658E-17  3.223E-05 ( 4.358E-09, 2.485E-09) ( 1.054E-11, 6.104E-12)  1.00E-07
  5.900E+00 2.38469E-17  3.286E-05 ( 4.224E-09, 2.450E-09) ( 1.040E-11, 6.123E-12)  1.00E-07
  6.000E+00 2.26198E-17  3.349E-05 ( 4.097E-09, 2.415E-09) ( 1.026E-11, 6.142E-12)  1.00E-07
  6.100E+00 2.14778E-17  3.410E-05 ( 3.976E-09, 2.381E-09) ( 1.013E-11, 6.159E-12)  1.00E-07
  6.200E+00 2.04148E-17  3.471E-05 ( 3.860E-09, 2.348E-09) ( 1.000E-11, 6.175E-12)  1.00E-07
  6.300E+00 1.94245E-17  3.531E-05 ( 3.750E-09, 2.315E-09) ( 9.878E-12, 6.190E-12)  1.00E-07
  6.400E+00 1.85010E-17  3.590E-05 ( 3.645E-09, 2.283E-09) ( 9.759E-12, 6.204E-12)  1.00E-07
  6.500E+00 1.76386E-17  3.649E-05 ( 3.545E-09, 2.252E-09) ( 9.644E-12, 6.217E-12)  1.00E-07
  6.600E+00 1.68318E-17  3.708E-05 ( 3.449E-09, 2.221E-09) ( 9.533E-12, 6.230E-12)  1.00E-07
  6.700E+00 1.60757E-17  3.766E-05 ( 3.358E-09, 2.191E-09) ( 9.425E-12, 6.241E-12)  1.00E-07
  6.800E+00 1.53657E-17  3.824E-05 ( 3.270E-09, 2.162E-09) ( 9.321E-12, 6.252E-12)  1.00E-07
  6.900E+00 1.46973E-17  3.881E-05 ( 3.186E-09, 2.133E-09) ( 9.219E-12, 6.262E-12)  1.00E-07
  7.000E+00 1.40669E-17  3.938E-05 ( 3.104E-09, 2.104E-09) ( 9.119E-12, 6.271E-12)  1.00E-07
  7.100E+00 1.34709E-17  3.993E-05 ( 3.026E-09, 2.077E-09) ( 9.020E-12, 6.279E-12)  1.00E-07
  7.200E+00 1.29063E-17  4.046E-05 ( 2.951E-09, 2.049E-09) ( 8.923E-12, 6.287E-12)  1.00E-07
  7.300E+00 1.23706E-17  4.098E-05 ( 2.877E-09, 2.023E-09) ( 8.827E-12, 6.293E-12)  1.00E-07
  7.400E+00 1.18614E-17  4.147E-05 ( 2.806E-09, 1.997E-09) ( 8.732E-12, 6.300E-12)  1.00E-07
  7.500E+00 1.13767E-17  4.194E-05 ( 2.737E-09, 1.971E-09) ( 8.637E-12, 6.305E-12)  1.00E-07
  7.600E+00 1.09151E-17  4.238E-05 ( 2.670E-09, 1.946E-09) ( 8.542E-12, 6.310E-12)  1.00E-07
  7.700E+00 1.04750E-17  4.279E-05 ( 2.605E-09, 1.921E-09) ( 8.447E-12, 6.315E-12)  1.00E-07
  7.800E+00 1.00553E-17  4.316E-05 ( 2.541E-09, 1.897E-09) ( 8.353E-12, 6.319E-12)  1.00E-07
  7.900E+00 9.65501E-18  4.350E-05 ( 2.480E-09, 1.873E-09) ( 8.258E-12, 6.322E-12)  1.00E-07
  8.000E+00 9.27323E-18  4.380E-05 ( 2.419E-09, 1.849E-09) ( 8.165E-12, 6.325E-12)  1.00E-07
  8.100E+00 8.90921E-18  4.406E-05 ( 2.361E-09, 1.826E-09) ( 8.072E-12, 6.327E-12)  1.00E-07
  8.200E+00 8.56225E-18  4.428E-05 ( 2.304E-09, 1.804E-09) ( 7.979E-12, 6.329E-12)  1.00E-07
  8.300E+00 8.23170E-18  4.447E-05 ( 2.249E-09, 1.782E-09) ( 7.888E-12, 6.330E-12)  1.00E-07
  8.400E+00 7.91693E-18  4.463E-05 ( 2.195E-09, 1.760E-09) ( 7.797E-12, 6.331E-12)  1.00E-07
  8.500E+00 7.61729E-18  4.476E-05 ( 2.144E-09, 1.738E-09) ( 7.708E-12, 6.331E-12)  1.00E-07
  8.600E+00 7.33217E-18  4.486E-05 ( 2.093E-09, 1.717E-09) ( 7.621E-12, 6.331E-12)  1.00E-07
  8.700E+00 7.06090E-18  4.494E-05 ( 2.045E-09, 1.697E-09) ( 7.535E-12, 6.330E-12)  1.00E-07
  8.800E+00 6.80283E-18  4.499E-05 ( 1.998E-09, 1.677E-09) ( 7.451E-12, 6.329E-12)  1.00E-07
  8.900E+00 6.55728E-18  4.502E-05 ( 1.953E-09, 1.657E-09) ( 7.369E-12, 6.328E-12)  1.00E-07
  9.000E+00 6.32357E-18  4.504E-05 ( 1.909E-09, 1.637E-09) ( 7.289E-12, 6.326E-12)  1.00E-07
  9.100E+00 6.10101E-18  4.504E-05 ( 1.866E-09, 1.618E-09) ( 7.211E-12, 6.324E-12)  1.00E-07
  9.200E+00 5.88893E-18  4.502E-05 ( 1.825E-09, 1.599E-09) ( 7.134E-12, 6.321E-12)  1.00E-07
  9.300E+00 5.68665E-18  4.498E-05 ( 1.786E-09, 1.580E-09) ( 7.059E-12, 6.318E-12)  1.00E-07
  9.400E+00 5.49354E-18  4.493E-05 ( 1.747E-09, 1.562E-09) ( 6.986E-12, 6.315E-12)  1.00E-07
  9.500E+00 5.30897E-18  4.485E-05 ( 1.710E-09, 1.544E-09) ( 6.914E-12, 6.312E-12)  1.00E-07
  9.600E+00 5.13237E-18  4.475E-05 ( 1.674E-09, 1.526E-09) ( 6.843E-12, 6.308E-12)  1.00E-07
  9.700E+00 4.96319E-18  4.462E-05 ( 1.639E-09, 1.509E-09) ( 6.773E-12, 6.303E-12)  1.00E-07
  9.800E+00 4.80094E-18  4.445E-05 ( 1.605E-09, 1.492E-09) ( 6.704E-12, 6.299E-12)  1.00E-07
  9.900E+00 4.64517E-18  4.425E-05 ( 1.571E-09, 1.475E-09) ( 6.636E-12, 6.294E-12)  1.00E-07
  1.000E+01 4.49547E-18  4.401E-05 ( 1.539E-09, 1.458E-09) ( 6.568E-12, 6.289E-12)  1.00E-07
  1.025E+01 4.14558E-18  4.318E-05 ( 1.461E-09, 1.418E-09) ( 6.400E-12, 6.275E-12)  1.00E-07
  1.050E+01 3.82714E-18  4.200E-05 ( 1.387E-09, 1.380E-09) ( 6.235E-12, 6.260E-12)  1.00E-07
  1.075E+01 3.53705E-18  4.048E-05 ( 1.317E-09, 1.342E-09) ( 6.072E-12, 6.243E-12)  1.00E-07
  1.100E+01 3.27302E-18  3.861E-05 ( 1.251E-09, 1.307E-09) ( 5.911E-12, 6.225E-12)  1.00E-07
  1.125E+01 3.03310E-18  3.647E-05 ( 1.189E-09, 1.272E-09) ( 5.756E-12, 6.205E-12)  1.00E-07
  1.150E+01 2.81535E-18  3.410E-05 ( 1.131E-09, 1.239E-09) ( 5.606E-12, 6.185E-12)  1.00E-07
  1.175E+01 2.61769E-18  3.155E-05 ( 1.077E-09, 1.207E-09) ( 5.463E-12, 6.163E-12)  1.00E-07
  1.200E+01 2.43793E-18  2.882E-05 ( 1.026E-09, 1.177E-09) ( 5.326E-12, 6.141E-12)  1.00E-07
  1.225E+01 2.27387E-18  2.587E-05 ( 9.788E-10, 1.147E-09) ( 5.194E-12, 6.117E-12)  1.00E-07
  1.250E+01 2.12349E-18  2.263E-05 ( 9.340E-10, 1.118E-09) ( 5.067E-12, 6.093E-12)  1.00E-07
  1.275E+01 1.98509E-18  1.900E-05 ( 8.916E-10, 1.091E-09) ( 4.942E-12, 6.068E-12)  1.00E-07
  1.300E+01 1.85730E-18  1.492E-05 ( 8.512E-10, 1.064E-09) ( 4.819E-12, 6.042E-12)  1.00E-07
  1.325E+01 1.73913E-18  1.035E-05 ( 8.127E-10, 1.039E-09) ( 4.699E-12, 6.016E-12)  1.00E-07
  1.350E+01 1.62984E-18  0.000E+00 ( 7.760E-10, 1.014E-09) ( 4.580E-12, 5.989E-12)  1.00E-07
  1.375E+01 1.52884E-18  0.000E+00 ( 7.411E-10, 9.897E-10) ( 4.464E-12, 5.962E-12)  1.00E-07
  1.400E+01 1.43559E-18  0.000E+00 ( 7.081E-10, 9.665E-10) ( 4.351E-12, 5.934E-12)  1.00E-07
  1.425E+01 1.34953E-18 -1.180E-05 ( 6.769E-10, 9.441E-10) ( 4.243E-12, 5.906E-12)  1.00E-07
  1.450E+01 1.27008E-18 -1.798E-05 ( 6.475E-10, 9.224E-10) ( 4.138E-12, 5.877E-12)  1.00E-07
  1.475E+01 1.19658E-18 -2.440E-05 ( 6.197E-10, 9.014E-10) ( 4.037E-12, 5.848E-12)  1.00E-07
  1.500E+01 1.12842E-18 -3.114E-05 ( 5.934E-10, 8.810E-10) ( 3.940E-12, 5.819E-12)  1.00E-07
  1.525E+01 1.06503E-18 -3.830E-05 ( 5.684E-10, 8.613E-10) ( 3.845E-12, 5.790E-12)  1.00E-07
  1.550E+01 1.00592E-18 -4.598E-05 ( 5.445E-10, 8.422E-10) ( 3.752E-12, 5.760E-12)  1.00E-07
  1.575E+01 9.50689E-19 -5.426E-05 ( 5.216E-10, 8.237E-10) ( 3.660E-12, 5.730E-12)  1.00E-07
  1.600E+01 8.99059E-19 -6.313E-05 ( 4.997E-10, 8.058E-10) ( 3.570E-12, 5.700E-12)  1.00E-07
  1.625E+01 8.50796E-19 -7.254E-05 ( 4.787E-10, 7.884E-10) ( 3.482E-12, 5.670E-12)  1.00E-07
  1.650E+01 8.05708E-19 -8.237E-05 ( 4.587E-10, 7.716E-10) ( 3.396E-12, 5.640E-12)  1.00E-07
  1.675E+01 7.63608E-19 -9.251E-05 ( 4.396E-10, 7.552E-10) ( 3.312E-12, 5.610E-12)  1.00E-07
  1.700E+01 7.24298E-19 -1.029E-04 ( 4.215E-10, 7.393E-10) ( 3.231E-12, 5.579E-12)  1.00E-07
  1.725E+01 6.87565E-19 -1.135E-04 ( 4.043E-10, 7.239E-10) ( 3.153E-12, 5.549E-12)  1.00E-07
  1.750E+01 6.53188E-19 -1.243E-04 ( 3.880E-10, 7.089E-10) ( 3.077E-12, 5.518E-12)  1.00E-07
  1.775E+01 6.20952E-19 -1.356E-04 ( 3.724E-10, 6.944E-10) ( 3.004E-12, 5.488E-12)  1.00E-07
  1.800E+01 5.90659E-19 -1.474E-04 ( 3.575E-10, 6.803E-10) ( 2.932E-12, 5.457E-12)  1.00E-07
  1.825E+01 5.62146E-19 -1.598E-04 ( 3.432E-10, 6.666E-10) ( 2.861E-12, 5.427E-12)  1.00E-07
  1.850E+01 5.35280E-19 -1.729E-04 ( 3.294E-10, 6.533E-10) ( 2.792E-12, 5.397E-12)  1.00E-07
  1.875E+01 5.09957E-19 -1.868E-04 ( 3.161E-10, 6.403E-10) ( 2.724E-12, 5.366E-12)  1.00E-07
  1.900E+01 4.86093E-19 -2.012E-04 ( 3.034E-10, 6.277E-10) ( 2.657E-12, 5.336E-12)  1.00E-07
  1.925E+01 4.63613E-19 -2.161E-04 ( 2.912E-10, 6.155E-10) ( 2.592E-12, 5.306E-12)  1.00E-07
  1.950E+01 4.42441E-19 -2.312E-04 ( 2.796E-10, 6.035E-10) ( 2.528E-12, 5.276E-12)  1.00E-07
  1.975E+01 4.22496E-19 -2.466E-04 ( 2.685E-10, 5.919E-10) ( 2.467E-12, 5.246E-12)  1.00E-07
  2.000E+01 4.03692E-19 -2.622E-04 ( 2.579E-10, 5.807E-10) ( 2.408E-12, 5.216E-12)  1.00E-07
  2.025E+01 3.85940E-19 -2.780E-04 ( 2.478E-10, 5.697E-10) ( 2.350E-12, 5.186E-12)  1.00E-07
  2.050E+01 3.69157E-19 -2.943E-04 ( 2.381E-10, 5.590E-10) ( 2.293E-12, 5.156E-12)  1.00E-07
  2.075E+01 3.53266E-19 -3.111E-04 ( 2.287E-10, 5.486E-10) ( 2.238E-12, 5.127E-12)  1.00E-07
  2.100E+01 3.38202E-19 -3.287E-04 ( 2.197E-10, 5.384E-10) ( 2.184E-12, 5.097E-12)  1.00E-07
  2.125E+01 3.23915E-19 -3.471E-04 ( 2.111E-10, 5.285E-10) ( 2.130E-12, 5.068E-12)  1.00E-07
  2.150E+01 3.10361E-19 -3.663E-04 ( 2.027E-10, 5.189E-10) ( 2.078E-12, 5.039E-12)  1.00E-07
  2.175E+01 2.97506E-19 -3.862E-04 ( 1.946E-10, 5.095E-10) ( 2.026E-12, 5.010E-12)  1.00E-07
  2.200E+01 2.85315E-19 -4.065E-04 ( 1.869E-10, 5.004E-10) ( 1.976E-12, 4.981E-12)  1.00E-07
  2.225E+01 2.73755E-19 -4.271E-04 ( 1.795E-10, 4.914E-10) ( 1.928E-12, 4.952E-12)  1.00E-07
  2.250E+01 2.62789E-19 -4.480E-04 ( 1.724E-10, 4.827E-10) ( 1.880E-12, 4.924E-12)  1.00E-07
  2.275E+01 2.52378E-19 -4.690E-04 ( 1.656E-10, 4.743E-10) ( 1.834E-12, 4.895E-12)  1.00E-07
  2.300E+01 2.42485E-19 -4.902E-04 ( 1.591E-10, 4.660E-10) ( 1.790E-12, 4.867E-12)  1.00E-07
  2.325E+01 2.33072E-19 -5.118E-04 ( 1.529E-10, 4.579E-10) ( 1.746E-12, 4.839E-12)  1.00E-07
  2.350E+01 2.24108E-19 -5.341E-04 ( 1.468E-10, 4.500E-10) ( 1.703E-12, 4.811E-12)  1.00E-07
  2.375E+01 2.15563E-19 -5.570E-04 ( 1.410E-10, 4.423E-10) ( 1.660E-12, 4.784E-12)  1.00E-07
  2.400E+01 2.07415E-19 -5.809E-04 ( 1.353E-10, 4.348E-10) ( 1.618E-12, 4.756E-12)  1.00E-07
  2.425E+01 1.99646E-19 -6.055E-04 ( 1.298E-10, 4.275E-10) ( 1.577E-12, 4.729E-12)  1.00E-07
  2.450E+01 1.92238E-19 -6.309E-04 ( 1.246E-10, 4.204E-10) ( 1.537E-12, 4.702E-12)  1.00E-07
  2.475E+01 1.85174E-19 -6.569E-04 ( 1.195E-10, 4.134E-10) ( 1.498E-12, 4.675E-12)  1.00E-07
  2.500E+01 1.78438E-19 -6.833E-04 ( 1.146E-10, 4.065E-10) ( 1.460E-12, 4.648E-12)  1.00E-07
  2.550E+01 1.65880E-19 -7.367E-04 ( 1.055E-10, 3.934E-10) ( 1.387E-12, 4.595E-12)  1.00E-07
  2.600E+01 1.54418E-19 -7.909E-04 ( 9.700E-11, 3.808E-10) ( 1.318E-12, 4.543E-12)  1.00E-07
  2.650E+01 1.43925E-19 -8.472E-04 ( 8.907E-11, 3.687E-10) ( 1.250E-12, 4.491E-12)  1.00E-07
  2.700E+01 1.34302E-19 -9.066E-04 ( 8.162E-11, 3.572E-10) ( 1.185E-12, 4.440E-12)  1.00E-07
  2.750E+01 1.25475E-19 -9.692E-04 ( 7.467E-11, 3.462E-10) ( 1.122E-12, 4.390E-12)  1.00E-07
  2.800E+01 1.17374E-19 -1.034E-03 ( 6.824E-11, 3.357E-10) ( 1.063E-12, 4.341E-12)  1.00E-07
  2.850E+01 1.09927E-19 -1.099E-03 ( 6.229E-11, 3.256E-10) ( 1.007E-12, 4.293E-12)  1.00E-07
  2.900E+01 1.03064E-19 -1.166E-03 ( 5.672E-11, 3.160E-10) ( 9.522E-13, 4.245E-12)  1.00E-07
  2.950E+01 9.67272E-20 -1.235E-03 ( 5.147E-11, 3.067E-10) ( 8.992E-13, 4.198E-12)  1.00E-07
  3.000E+01 9.08719E-20 -1.307E-03 ( 4.654E-11, 2.978E-10) ( 8.481E-13, 4.151E-12)  1.00E-07
  3.050E+01 8.54589E-20 -1.382E-03 ( 4.195E-11, 2.893E-10) ( 7.995E-13, 4.106E-12)  1.00E-07
  3.100E+01 8.04500E-20 -1.459E-03 ( 3.769E-11, 2.811E-10) ( 7.532E-13, 4.061E-12)  1.00E-07
  3.150E+01 7.58070E-20 -1.537E-03 ( 3.372E-11, 2.732E-10) ( 7.089E-13, 4.017E-12)  1.00E-07
  3.200E+01 7.14962E-20 -1.616E-03 ( 2.998E-11, 2.657E-10) ( 6.658E-13, 3.973E-12)  1.00E-07
  3.250E+01 6.74892E-20 -1.696E-03 ( 2.645E-11, 2.584E-10) ( 6.238E-13, 3.930E-12)  1.00E-07
  3.300E+01 6.37622E-20 -1.780E-03 ( 2.314E-11, 2.514E-10) ( 5.835E-13, 3.888E-12)  1.00E-07
  3.350E+01 6.02931E-20 -1.867E-03 ( 2.005E-11, 2.447E-10) ( 5.453E-13, 3.846E-12)  1.00E-07
  3.400E+01 5.70603E-20 -1.956E-03 ( 1.718E-11, 2.382E-10) ( 5.087E-13, 3.805E-12)  1.00E-07
  3.450E+01 5.40440E-20 -2.047E-03 ( 1.448E-11, 2.320E-10) ( 4.735E-13, 3.765E-12)  1.00E-07
  3.500E+01 5.12265E-20 -2.138E-03 ( 1.194E-11, 2.260E-10) ( 4.391E-13, 3.725E-12)  1.00E-07
  3.550E+01 4.85926E-20 -2.230E-03 ( 9.535E-12, 2.202E-10) ( 4.057E-13, 3.686E-12)  1.00E-07
  3.600E+01 4.61285E-20 -2.325E-03 ( 7.285E-12, 2.146E-10) ( 3.737E-13, 3.648E-12)  1.00E-07
  3.650E+01 4.38212E-20 -2.424E-03 ( 5.186E-12, 2.092E-10) ( 3.433E-13, 3.610E-12)  1.00E-07
  3.700E+01 4.16586E-20 -2.525E-03 ( 3.221E-12, 2.040E-10) ( 3.141E-13, 3.573E-12)  1.00E-07
  3.750E+01 3.96299E-20 -2.627E-03 ( 1.369E-12, 1.990E-10) ( 2.858E-13, 3.536E-12)  1.00E-07
  3.800E+01 3.77253E-20 -2.729E-03 (-3.789E-13, 1.942E-10) ( 2.582E-13, 3.500E-12)  1.00E-07
  3.850E+01 3.59357E-20 -2.832E-03 (-2.023E-12, 1.895E-10) ( 2.315E-13, 3.464E-12)  1.00E-07
  3.900E+01 3.42529E-20 -2.938E-03 (-3.562E-12, 1.850E-10) ( 2.060E-13, 3.429E-12)  1.00E-07
  3.950E+01 3.26693E-20 -3.048E-03 (-5.003E-12, 1.806E-10) ( 1.816E-13, 3.394E-12)  1.00E-07
  4.000E+01 3.11779E-20 -3.160E-03 (-6.357E-12, 1.764E-10) ( 1.582E-13, 3.360E-12)  1.00E-07
  4.050E+01 2.97724E-20 -3.273E-03 (-7.635E-12, 1.723E-10) ( 1.354E-13, 3.327E-12)  1.00E-07
  4.100E+01 2.84468E-20 -3.386E-03 (-8.836E-12, 1.684E-10) ( 1.131E-13, 3.293E-12)  1.00E-07
  4.150E+01 2.71958E-20 -3.499E-03 (-9.964E-12, 1.646E-10) ( 9.169E-14, 3.261E-12)  1.00E-07
  4.200E+01 2.60142E-20 -3.616E-03 (-1.102E-11, 1.609E-10) ( 7.116E-14, 3.229E-12)  1.00E-07
  4.250E+01 2.48975E-20 -3.736E-03 (-1.201E-11, 1.573E-10) ( 5.151E-14, 3.197E-12)  1.00E-07
  4.300E+01 2.38416E-20 -3.858E-03 (-1.295E-11, 1.538E-10) ( 3.254E-14, 3.166E-12)  1.00E-07
  4.350E+01 2.28424E-20 -3.981E-03 (-1.383E-11, 1.505E-10) ( 1.409E-14, 3.135E-12)  1.00E-07
  4.400E+01 2.18962E-20 -4.103E-03 (-1.465E-11, 1.472E-10) (-3.832E-15, 3.105E-12)  1.00E-07
  4.450E+01 2.09997E-20 -4.226E-03 (-1.542E-11, 1.441E-10) (-2.111E-14, 3.075E-12)  1.00E-07
  4.500E+01 2.01498E-20 -4.352E-03 (-1.614E-11, 1.410E-10) (-3.768E-14, 3.045E-12)  1.00E-07
  4.550E+01 1.93437E-20 -4.482E-03 (-1.682E-11, 1.380E-10) (-5.359E-14, 3.016E-12)  1.00E-07
  4.600E+01 1.85787E-20 -4.613E-03 (-1.746E-11, 1.351E-10) (-6.898E-14, 2.988E-12)  1.00E-07
  4.650E+01 1.78521E-20 -4.744E-03 (-1.806E-11, 1.324E-10) (-8.393E-14, 2.959E-12)  1.00E-07
  4.700E+01 1.71617E-20 -4.874E-03 (-1.862E-11, 1.296E-10) (-9.841E-14, 2.931E-12)  1.00E-07
  4.750E+01 1.65052E-20 -5.006E-03 (-1.914E-11, 1.270E-10) (-1.124E-13, 2.904E-12)  1.00E-07
  4.800E+01 1.58809E-20 -5.141E-03 (-1.963E-11, 1.244E-10) (-1.258E-13, 2.877E-12)  1.00E-07
  4.850E+01 1.52868E-20 -5.279E-03 (-2.009E-11, 1.220E-10) (-1.387E-13, 2.850E-12)  1.00E-07
  4.900E+01 1.47212E-20 -5.418E-03 (-2.052E-11, 1.195E-10) (-1.512E-13, 2.824E-12)  1.00E-07
  4.950E+01 1.41822E-20 -5.556E-03 (-2.092E-11, 1.172E-10) (-1.633E-13, 2.798E-12)  1.00E-07
  5.000E+01 1.36684E-20 -5.695E-03 (-2.129E-11, 1.149E-10) (-1.750E-13, 2.772E-12)  1.00E-07
  5.050E+01 1.31785E-20 -5.835E-03 (-2.164E-11, 1.127E-10) (-1.862E-13, 2.746E-12)  1.00E-07
  5.100E+01 1.27112E-20 -5.977E-03 (-2.197E-11, 1.105E-10) (-1.971E-13, 2.721E-12)  1.00E-07
  5.150E+01 1.22653E-20 -6.122E-03 (-2.227E-11, 1.085E-10) (-2.075E-13, 2.697E-12)  1.00E-07
  5.200E+01 1.18394E-20 -6.267E-03 (-2.255E-11, 1.064E-10) (-2.176E-13, 2.672E-12)  1.00E-07
  5.250E+01 1.14325E-20 -6.412E-03 (-2.281E-11, 1.044E-10) (-2.274E-13, 2.648E-12)  1.00E-07
  5.300E+01 1.10435E-20 -6.557E-03 (-2.305E-11, 1.025E-10) (-2.369E-13, 2.624E-12)  1.00E-07
  5.350E+01 1.06716E-20 -6.704E-03 (-2.327E-11, 1.006E-10) (-2.459E-13, 2.601E-12)  1.00E-07
  5.400E+01 1.03160E-20 -6.853E-03 (-2.347E-11, 9.878E-11) (-2.547E-13, 2.577E-12)  1.00E-07
  5.450E+01 9.97577E-21 -7.003E-03 (-2.367E-11, 9.700E-11) (-2.631E-13, 2.555E-12)  1.00E-07
  5.500E+01 9.64996E-21 -7.153E-03 (-2.384E-11, 9.526E-11) (-2.713E-13, 2.532E-12)  1.00E-07
  5.550E+01 9.33782E-21 -7.303E-03 (-2.400E-11, 9.357E-11) (-2.792E-13, 2.510E-12)  1.00E-07
  5.600E+01 9.03875E-21 -7.454E-03 (-2.414E-11, 9.192E-11) (-2.868E-13, 2.487E-12)  1.00E-07
  5.650E+01 8.75217E-21 -7.606E-03 (-2.427E-11, 9.032E-11) (-2.941E-13, 2.466E-12)  1.00E-07
  5.700E+01 8.47747E-21 -7.760E-03 (-2.439E-11, 8.875E-11) (-3.011E-13, 2.444E-12)  1.00E-07
  5.750E+01 8.21397E-21 -7.915E-03 (-2.450E-11, 8.722E-11) (-3.079E-13, 2.423E-12)  1.00E-07
  5.800E+01 7.96105E-21 -8.069E-03 (-2.460E-11, 8.573E-11) (-3.144E-13, 2.402E-12)  1.00E-07
  5.850E+01 7.71822E-21 -8.223E-03 (-2.468E-11, 8.428E-11) (-3.207E-13, 2.381E-12)  1.00E-07
  5.900E+01 7.48506E-21 -8.378E-03 (-2.476E-11, 8.286E-11) (-3.268E-13, 2.360E-12)  1.00E-07
  5.950E+01 7.26118E-21 -8.534E-03 (-2.482E-11, 8.148E-11) (-3.326E-13, 2.340E-12)  1.00E-07
  6.000E+01 7.04609E-21 -8.692E-03 (-2.488E-11, 8.013E-11) (-3.382E-13, 2.320E-12)  1.00E-07
  6.050E+01 6.83930E-21 -8.849E-03 (-2.493E-11, 7.882E-11) (-3.436E-13, 2.300E-12)  1.00E-07
  6.100E+01 6.64039E-21 -9.006E-03 (-2.497E-11, 7.753E-11) (-3.487E-13, 2.280E-12)  1.00E-07
  6.150E+01 6.44904E-21 -9.163E-03 (-2.501E-11, 7.628E-11) (-3.537E-13, 2.261E-12)  1.00E-07
  6.200E+01 6.26498E-21 -9.321E-03 (-2.503E-11, 7.505E-11) (-3.585E-13, 2.241E-12)  1.00E-07
  6.250E+01 6.08789E-21 -9.480E-03 (-2.505E-11, 7.386E-11) (-3.631E-13, 2.222E-12)  1.00E-07
  6.300E+01 5.91740E-21 -9.640E-03 (-2.507E-11, 7.269E-11) (-3.675E-13, 2.203E-12)  1.00E-07
  6.350E+01 5.75315E-21 -9.799E-03 (-2.508E-11, 7.155E-11) (-3.717E-13, 2.185E-12)  1.00E-07
  6.400E+01 5.59486E-21 -9.958E-03 (-2.508E-11, 7.044E-11) (-3.758E-13, 2.166E-12)  1.00E-07
  6.450E+01 5.44232E-21 -1.012E-02 (-2.507E-11, 6.935E-11) (-3.797E-13, 2.148E-12)  1.00E-07
  6.500E+01 5.29534E-21 -1.028E-02 (-2.506E-11, 6.828E-11) (-3.834E-13, 2.130E-12)  1.00E-07
  6.550E+01 5.15367E-21 -1.044E-02 (-2.505E-11, 6.724E-11) (-3.869E-13, 2.112E-12)  1.00E-07
  6.600E+01 5.01702E-21 -1.060E-02 (-2.503E-11, 6.623E-11) (-3.903E-13, 2.095E-12)  1.00E-07
  6.650E+01 4.88514E-21 -1.076E-02 (-2.501E-11, 6.523E-11) (-3.936E-13, 2.077E-12)  1.00E-07
  6.700E+01 4.75781E-21 -1.091E-02 (-2.498E-11, 6.426E-11) (-3.967E-13, 2.060E-12)  1.00E-07
  6.750E+01 4.63491E-21 -1.107E-02 (-2.495E-11, 6.331E-11) (-3.996E-13, 2.043E-12)  1.00E-07
  6.800E+01 4.51630E-21 -1.123E-02 (-2.491E-11, 6.238E-11) (-4.025E-13, 2.026E-12)  1.00E-07
  6.850E+01 4.40179E-21 -1.139E-02 (-2.488E-11, 6.147E-11) (-4.051E-13, 2.009E-12)  1.00E-07
  6.900E+01 4.29115E-21 -1.155E-02 (-2.484E-11, 6.058E-11) (-4.077E-13, 1.992E-12)  1.00E-07
  6.950E+01 4.18419E-21 -1.171E-02 (-2.479E-11, 5.971E-11) (-4.101E-13, 1.976E-12)  1.00E-07
  7.000E+01 4.08077E-21 -1.187E-02 (-2.474E-11, 5.886E-11) (-4.124E-13, 1.960E-12)  1.00E-07
  7.050E+01 3.98079E-21 -1.203E-02 (-2.469E-11, 5.803E-11) (-4.146E-13, 1.944E-12)  1.00E-07
  7.100E+01 3.88414E-21 -1.219E-02 (-2.464E-11, 5.721E-11) (-4.166E-13, 1.928E-12)  1.00E-07
  7.150E+01 3.79070E-21 -1.234E-02 (-2.459E-11, 5.641E-11) (-4.185E-13, 1.912E-12)  1.00E-07
  7.200E+01 3.70029E-21 -1.250E-02 (-2.453E-11, 5.563E-11) (-4.204E-13, 1.896E-12)  1.00E-07
  7.250E+01 3.61275E-21 -1.266E-02 (-2.447E-11, 5.487E-11) (-4.221E-13, 1.881E-12)  1.00E-07
  7.300E+01 3.52798E-21 -1.281E-02 (-2.441E-11, 5.412E-11) (-4.237E-13, 1.865E-12)  1.00E-07
  7.350E+01 3.44592E-21 -1.297E-02 (-2.435E-11, 5.338E-11) (-4.252E-13, 1.850E-12)  1.00E-07
  7.400E+01 3.36648E-21 -1.312E-02 (-2.428E-11, 5.266E-11) (-4.266E-13, 1.835E-12)  1.00E-07
  7.450E+01 3.28956E-21 -1.328E-02 (-2.422E-11, 5.196E-11) (-4.279E-13, 1.820E-12)  1.00E-07
  7.500E+01 3.21504E-21 -1.343E-02 (-2.415E-11, 5.127E-11) (-4.291E-13, 1.805E-12)  1.00E-07
  7.550E+01 3.14280E-21 -1.359E-02 (-2.408E-11, 5.059E-11) (-4.302E-13, 1.791E-12)  1.00E-07
  7.600E+01 3.07274E-21 -1.374E-02 (-2.401E-11, 4.993E-11) (-4.312E-13, 1.776E-12)  1.00E-07
  7.650E+01 3.00483E-21 -1.389E-02 (-2.394E-11, 4.928E-11) (-4.322E-13, 1.762E-12)  1.00E-07
  7.700E+01 2.93900E-21 -1.404E-02 (-2.386E-11, 4.864E-11) (-4.330E-13, 1.747E-12)  1.00E-07
  7.750E+01 2.87518E-21 -1.419E-02 (-2.379E-11, 4.802E-11) (-4.338E-13, 1.733E-12)  1.00E-07
  7.800E+01 2.81328E-21 -1.434E-02 (-2.372E-11, 4.741E-11) (-4.345E-13, 1.719E-12)  1.00E-07
  7.850E+01 2.75319E-21 -1.449E-02 (-2.364E-11, 4.681E-11) (-4.351E-13, 1.705E-12)  1.00E-07
  7.900E+01 2.69485E-21 -1.464E-02 (-2.356E-11, 4.622E-11) (-4.356E-13, 1.691E-12)  1.00E-07
  7.950E+01 2.63822E-21 -1.478E-02 (-2.349E-11, 4.565E-11) (-4.360E-13, 1.678E-12)  1.00E-07
  8.000E+01 2.58326E-21 -1.493E-02 (-2.341E-11, 4.508E-11) (-4.364E-13, 1.664E-12)  1.00E-07
  8.050E+01 2.52992E-21 -1.508E-02 (-2.333E-11, 4.453E-11) (-4.367E-13, 1.651E-12)  1.00E-07
  8.100E+01 2.47812E-21 -1.522E-02 (-2.325E-11, 4.398E-11) (-4.369E-13, 1.637E-12)  1.00E-07
  8.150E+01 2.42779E-21 -1.536E-02 (-2.317E-11, 4.345E-11) (-4.371E-13, 1.624E-12)  1.00E-07
  8.200E+01 2.37886E-21 -1.550E-02 (-2.309E-11, 4.293E-11) (-4.371E-13, 1.611E-12)  1.00E-07
  8.250E+01 2.33131E-21 -1.564E-02 (-2.301E-11, 4.241E-11) (-4.372E-13, 1.598E-12)  1.00E-07
  8.300E+01 2.28511E-21 -1.578E-02 (-2.293E-11, 4.191E-11) (-4.371E-13, 1.585E-12)  1.00E-07
  8.350E+01 2.24021E-21 -1.592E-02 (-2.285E-11, 4.142E-11) (-4.370E-13, 1.572E-12)  1.00E-07
  8.400E+01 2.19657E-21 -1.606E-02 (-2.277E-11, 4.093E-11) (-4.368E-13, 1.560E-12)  1.00E-07
  8.450E+01 2.15413E-21 -1.619E-02 (-2.269E-11, 4.046E-11) (-4.366E-13, 1.547E-12)  1.00E-07
  8.500E+01 2.11283E-21 -1.632E-02 (-2.261E-11, 3.999E-11) (-4.363E-13, 1.535E-12)  1.00E-07
  8.550E+01 2.07265E-21 -1.646E-02 (-2.253E-11, 3.953E-11) (-4.360E-13, 1.522E-12)  1.00E-07
  8.600E+01 2.03357E-21 -1.659E-02 (-2.244E-11, 3.908E-11) (-4.356E-13, 1.510E-12)  1.00E-07
  8.650E+01 1.99555E-21 -1.672E-02 (-2.236E-11, 3.864E-11) (-4.351E-13, 1.498E-12)  1.00E-07
  8.700E+01 1.95854E-21 -1.685E-02 (-2.228E-11, 3.821E-11) (-4.346E-13, 1.486E-12)  1.00E-07
  8.750E+01 1.92252E-21 -1.697E-02 (-2.220E-11, 3.778E-11) (-4.340E-13, 1.473E-12)  1.00E-07
  8.800E+01 1.88745E-21 -1.710E-02 (-2.212E-11, 3.736E-11) (-4.334E-13, 1.462E-12)  1.00E-07
  8.850E+01 1.85330E-21 -1.722E-02 (-2.204E-11, 3.695E-11) (-4.328E-13, 1.450E-12)  1.00E-07
  8.900E+01 1.82006E-21 -1.734E-02 (-2.196E-11, 3.655E-11) (-4.321E-13, 1.438E-12)  1.00E-07
  8.950E+01 1.78767E-21 -1.746E-02 (-2.188E-11, 3.615E-11) (-4.313E-13, 1.426E-12)  1.00E-07
  9.000E+01 1.75612E-21 -1.758E-02 (-2.179E-11, 3.576E-11) (-4.305E-13, 1.415E-12)  1.00E-07
  9.050E+01 1.72537E-21 -1.770E-02 (-2.171E-11, 3.538E-11) (-4.296E-13, 1.403E-12)  1.00E-07
  9.100E+01 1.69540E-21 -1.781E-02 (-2.163E-11, 3.500E-11) (-4.287E-13, 1.392E-12)  1.00E-07
  9.150E+01 1.66622E-21 -1.792E-02 (-2.155E-11, 3.464E-11) (-4.278E-13, 1.380E-12)  1.00E-07
  9.200E+01 1.63778E-21 -1.804E-02 (-2.147E-11, 3.427E-11) (-4.268E-13, 1.369E-12)  1.00E-07
  9.250E+01 1.61005E-21 -1.815E-02 (-2.139E-11, 3.392E-11) (-4.258E-13, 1.358E-12)  1.00E-07
  9.300E+01 1.58301E-21 -1.825E-02 (-2.131E-11, 3.357E-11) (-4.248E-13, 1.347E-12)  1.00E-07
  9.350E+01 1.55663E-21 -1.836E-02 (-2.123E-11, 3.322E-11) (-4.237E-13, 1.336E-12)  1.00E-07
  9.400E+01 1.53090E-21 -1.846E-02 (-2.116E-11, 3.288E-11) (-4.225E-13, 1.325E-12)  1.00E-07
  9.450E+01 1.50581E-21 -1.856E-02 (-2.108E-11, 3.255E-11) (-4.213E-13, 1.314E-12)  1.00E-07
  9.500E+01 1.48135E-21 -1.866E-02 (-2.100E-11, 3.223E-11) (-4.201E-13, 1.303E-12)  1.00E-07
  9.550E+01 1.45750E-21 -1.876E-02 (-2.092E-11, 3.191E-11) (-4.189E-13, 1.292E-12)  1.00E-07
  9.600E+01 1.43421E-21 -1.886E-02 (-2.084E-11, 3.159E-11) (-4.176E-13, 1.282E-12)  1.00E-07
  9.650E+01 1.41147E-21 -1.895E-02 (-2.077E-11, 3.128E-11) (-4.163E-13, 1.271E-12)  1.00E-07
  9.700E+01 1.38928E-21 -1.904E-02 (-2.069E-11, 3.097E-11) (-4.149E-13, 1.261E-12)  1.00E-07
  9.750E+01 1.36762E-21 -1.913E-02 (-2.061E-11, 3.068E-11) (-4.135E-13, 1.250E-12)  1.00E-07
  9.800E+01 1.34648E-21 -1.922E-02 (-2.054E-11, 3.038E-11) (-4.121E-13, 1.240E-12)  1.00E-07
  9.850E+01 1.32584E-21 -1.931E-02 (-2.046E-11, 3.009E-11) (-4.107E-13, 1.229E-12)  1.00E-07
  9.900E+01 1.30569E-21 -1.939E-02 (-2.039E-11, 2.981E-11) (-4.092E-13, 1.219E-12)  1.00E-07
  9.950E+01 1.28601E-21 -1.947E-02 (-2.031E-11, 2.953E-11) (-4.077E-13, 1.209E-12)  1.00E-07
  1.000E+02 1.26679E-21 -1.955E-02 (-2.024E-11, 2.925E-11) (-4.061E-13, 1.199E-12)  1.00E-07
  1.005E+02 1.24801E-21 -1.963E-02 (-2.017E-11, 2.898E-11) (-4.046E-13, 1.189E-12)  1.00E-07
  1.010E+02 1.22967E-21 -1.970E-02 (-2.009E-11, 2.871E-11) (-4.030E-13, 1.179E-12)  1.00E-07
  1.015E+02 1.21174E-21 -1.977E-02 (-2.002E-11, 2.845E-11) (-4.013E-13, 1.169E-12)  1.00E-07
  1.020E+02 1.19422E-21 -1.984E-02 (-1.995E-11, 2.819E-11) (-3.997E-13, 1.159E-12)  1.00E-07
  1.025E+02 1.17711E-21 -1.991E-02 (-1.988E-11, 2.794E-11) (-3.980E-13, 1.149E-12)  1.00E-07
  1.030E+02 1.16039E-21 -1.997E-02 (-1.981E-11, 2.769E-11) (-3.963E-13, 1.139E-12)  1.00E-07
  1.035E+02 1.14405E-21 -2.004E-02 (-1.973E-11, 2.744E-11) (-3.945E-13, 1.129E-12)  1.00E-07
  1.040E+02 1.12807E-21 -2.010E-02 (-1.966E-11, 2.720E-11) (-3.928E-13, 1.120E-12)  1.00E-07
  1.045E+02 1.11245E-21 -2.016E-02 (-1.960E-11, 2.696E-11) (-3.910E-13, 1.110E-12)  1.00E-07
  1.050E+02 1.09717E-21 -2.021E-02 (-1.953E-11, 2.673E-11) (-3.892E-13, 1.101E-12)  1.00E-07
  1.055E+02 1.08222E-21 -2.026E-02 (-1.946E-11, 2.650E-11) (-3.874E-13, 1.091E-12)  1.00E-07
  1.060E+02 1.06762E-21 -2.031E-02 (-1.939E-11, 2.627E-11) (-3.855E-13, 1.082E-12)  1.00E-07
  1.065E+02 1.05333E-21 -2.036E-02 (-1.932E-11, 2.605E-11) (-3.836E-13, 1.072E-12)  1.00E-07
  1.070E+02 1.03937E-21 -2.041E-02 (-1.925E-11, 2.583E-11) (-3.818E-13, 1.063E-12)  1.00E-07
  1.075E+02 1.02570E-21 -2.045E-02 (-1.919E-11, 2.562E-11) (-3.798E-13, 1.054E-12)  1.00E-07
  1.080E+02 1.01233E-21 -2.049E-02 (-1.912E-11, 2.541E-11) (-3.779E-13, 1.044E-12)  1.00E-07
  1.085E+02 9.99249E-22 -2.053E-02 (-1.906E-11, 2.520E-11) (-3.759E-13, 1.035E-12)  1.00E-07
  1.090E+02 9.86448E-22 -2.056E-02 (-1.899E-11, 2.499E-11) (-3.740E-13, 1.026E-12)  1.00E-07
  1.095E+02 9.73922E-22 -2.059E-02 (-1.893E-11, 2.479E-11) (-3.720E-13, 1.017E-12)  1.00E-07
  1.100E+02 9.61664E-22 -2.062E-02 (-1.886E-11, 2.459E-11) (-3.699E-13, 1.008E-12)  1.00E-07
  1.105E+02 9.49668E-22 -2.065E-02 (-1.880E-11, 2.439E-11) (-3.679E-13, 9.989E-13)  1.00E-07
  1.110E+02 9.37928E-22 -2.067E-02 (-1.874E-11, 2.420E-11) (-3.658E-13, 9.899E-13)  1.00E-07
  1.115E+02 9.26437E-22 -2.070E-02 (-1.868E-11, 2.401E-11) (-3.638E-13, 9.810E-13)  1.00E-07
  1.120E+02 9.15187E-22 -2.071E-02 (-1.861E-11, 2.383E-11) (-3.617E-13, 9.722E-13)  1.00E-07
  1.125E+02 9.04172E-22 -2.073E-02 (-1.855E-11, 2.364E-11) (-3.596E-13, 9.633E-13)  1.00E-07
  1.130E+02 8.93387E-22 -2.074E-02 (-1.849E-11, 2.346E-11) (-3.574E-13, 9.546E-13)  1.00E-07
  1.135E+02 8.82827E-22 -2.075E-02 (-1.843E-11, 2.328E-11) (-3.553E-13, 9.458E-13)  1.00E-07
  1.140E+02 8.72490E-22 -2.076E-02 (-1.837E-11, 2.311E-11) (-3.531E-13, 9.371E-13)  1.00E-07
  1.145E+02 8.62367E-22 -2.077E-02 (-1.831E-11, 2.293E-11) (-3.510E-13, 9.285E-13)  1.00E-07
  1.150E+02 8.52450E-22 -2.077E-02 (-1.826E-11, 2.276E-11) (-3.488E-13, 9.199E-13)  1.00E-07
  1.155E+02 8.42734E-22 -2.077E-02 (-1.820E-11, 2.260E-11) (-3.466E-13, 9.113E-13)  1.00E-07
  1.160E+02 8.33218E-22 -2.077E-02 (-1.814E-11, 2.243E-11) (-3.444E-13, 9.028E-13)  1.00E-07
  1.165E+02 8.23900E-22 -2.076E-02 (-1.808E-11, 2.227E-11) (-3.421E-13, 8.943E-13)  1.00E-07
  1.170E+02 8.14775E-22 -2.075E-02 (-1.803E-11, 2.211E-11) (-3.399E-13, 8.858E-13)  1.00E-07
  1.175E+02 8.05836E-22 -2.074E-02 (-1.797E-11, 2.195E-11) (-3.376E-13, 8.774E-13)  1.00E-07
  1.180E+02 7.97076E-22 -2.073E-02 (-1.792E-11, 2.180E-11) (-3.353E-13, 8.690E-13)  1.00E-07
  1.185E+02 7.88489E-22 -2.071E-02 (-1.786E-11, 2.165E-11) (-3.330E-13, 8.607E-13)  1.00E-07
  1.190E+02 7.80075E-22 -2.069E-02 (-1.781E-11, 2.150E-11) (-3.307E-13, 8.524E-13)  1.00E-07
  1.195E+02 7.71832E-22 -2.067E-02 (-1.775E-11, 2.135E-11) (-3.284E-13, 8.441E-13)  1.00E-07
  1.200E+02 7.63756E-22 -2.064E-02 (-1.770E-11, 2.120E-11) (-3.261E-13, 8.359E-13)  1.00E-07
  1.205E+02 7.55843E-22 -2.061E-02 (-1.765E-11, 2.106E-11) (-3.237E-13, 8.277E-13)  1.00E-07
  1.210E+02 7.48086E-22 -2.058E-02 (-1.760E-11, 2.092E-11) (-3.214E-13, 8.196E-13)  1.00E-07
  1.215E+02 7.40483E-22 -2.055E-02 (-1.754E-11, 2.078E-11) (-3.190E-13, 8.115E-13)  1.00E-07
  1.220E+02 7.33031E-22 -2.051E-02 (-1.749E-11, 2.065E-11) (-3.166E-13, 8.034E-13)  1.00E-07
  1.225E+02 7.25729E-22 -2.047E-02 (-1.744E-11, 2.051E-11) (-3.142E-13, 7.953E-13)  1.00E-07
  1.230E+02 7.18572E-22 -2.043E-02 (-1.739E-11, 2.038E-11) (-3.118E-13, 7.873E-13)  1.00E-07
  1.235E+02 7.11554E-22 -2.038E-02 (-1.734E-11, 2.025E-11) (-3.094E-13, 7.793E-13)  1.00E-07
  1.240E+02 7.04673E-22 -2.033E-02 (-1.730E-11, 2.012E-11) (-3.070E-13, 7.713E-13)  1.00E-07
  1.245E+02 6.97927E-22 -2.028E-02 (-1.725E-11, 1.999E-11) (-3.046E-13, 7.634E-13)  1.00E-07
  1.250E+02 6.91316E-22 -2.023E-02 (-1.720E-11, 1.987E-11) (-3.021E-13, 7.555E-13)  1.00E-07
  1.255E+02 6.84837E-22 -2.017E-02 (-1.715E-11, 1.975E-11) (-2.997E-13, 7.477E-13)  1.00E-07
  1.260E+02 6.78484E-22 -2.011E-02 (-1.711E-11, 1.963E-11) (-2.972E-13, 7.398E-13)  1.00E-07
  1.265E+02 6.72253E-22 -2.005E-02 (-1.706E-11, 1.951E-11) (-2.947E-13, 7.320E-13)  1.00E-07
  1.270E+02 6.66142E-22 -1.998E-02 (-1.701E-11, 1.939E-11) (-2.922E-13, 7.242E-13)  1.00E-07
  1.275E+02 6.60150E-22 -1.991E-02 (-1.697E-11, 1.928E-11) (-2.897E-13, 7.165E-13)  1.00E-07
  1.280E+02 6.54279E-22 -1.984E-02 (-1.692E-11, 1.916E-11) (-2.872E-13, 7.088E-13)  1.00E-07
  1.285E+02 6.48524E-22 -1.976E-02 (-1.688E-11, 1.905E-11) (-2.847E-13, 7.011E-13)  1.00E-07
  1.290E+02 6.42880E-22 -1.969E-02 (-1.684E-11, 1.894E-11) (-2.822E-13, 6.934E-13)  1.00E-07
  1.295E+02 6.37342E-22 -1.961E-02 (-1.679E-11, 1.884E-11) (-2.797E-13, 6.858E-13)  1.00E-07
  1.300E+02 6.31910E-22 -1.952E-02 (-1.675E-11, 1.873E-11) (-2.771E-13, 6.782E-13)  1.00E-07
  1.305E+02 6.26584E-22 -1.944E-02 (-1.671E-11, 1.863E-11) (-2.746E-13, 6.706E-13)  1.00E-07
  1.310E+02 6.21365E-22 -1.935E-02 (-1.667E-11, 1.852E-11) (-2.720E-13, 6.631E-13)  1.00E-07
  1.315E+02 6.16248E-22 -1.926E-02 (-1.662E-11, 1.842E-11) (-2.694E-13, 6.555E-13)  1.00E-07
  1.320E+02 6.11231E-22 -1.916E-02 (-1.658E-11, 1.832E-11) (-2.669E-13, 6.480E-13)  1.00E-07
  1.325E+02 6.06308E-22 -1.907E-02 (-1.654E-11, 1.822E-11) (-2.643E-13, 6.405E-13)  1.00E-07
  1.330E+02 6.01480E-22 -1.897E-02 (-1.650E-11, 1.813E-11) (-2.617E-13, 6.331E-13)  1.00E-07
  1.335E+02 5.96746E-22 -1.886E-02 (-1.646E-11, 1.803E-11) (-2.591E-13, 6.257E-13)  1.00E-07
  1.340E+02 5.92105E-22 -1.876E-02 (-1.643E-11, 1.794E-11) (-2.565E-13, 6.183E-13)  1.00E-07
  1.345E+02 5.87556E-22 -1.865E-02 (-1.639E-11, 1.785E-11) (-2.539E-13, 6.109E-13)  1.00E-07
  1.350E+02 5.83094E-22 -1.854E-02 (-1.635E-11, 1.776E-11) (-2.513E-13, 6.035E-13)  1.00E-07
  1.355E+02 5.78717E-22 -1.843E-02 (-1.631E-11, 1.767E-11) (-2.487E-13, 5.962E-13)  1.00E-07
  1.360E+02 5.74425E-22 -1.831E-02 (-1.628E-11, 1.758E-11) (-2.460E-13, 5.889E-13)  1.00E-07
  1.365E+02 5.70219E-22 -1.819E-02 (-1.624E-11, 1.750E-11) (-2.434E-13, 5.816E-13)  1.00E-07
  1.370E+02 5.66096E-22 -1.807E-02 (-1.620E-11, 1.741E-11) (-2.408E-13, 5.743E-13)  1.00E-07
  1.375E+02 5.62054E-22 -1.794E-02 (-1.617E-11, 1.733E-11) (-2.381E-13, 5.671E-13)  1.00E-07
  1.380E+02 5.58089E-22 -1.782E-02 (-1.613E-11, 1.725E-11) (-2.355E-13, 5.599E-13)  1.00E-07
  1.385E+02 5.54200E-22 -1.768E-02 (-1.610E-11, 1.717E-11) (-2.328E-13, 5.526E-13)  1.00E-07
  1.390E+02 5.50388E-22 -1.755E-02 (-1.606E-11, 1.709E-11) (-2.301E-13, 5.455E-13)  1.00E-07
  1.395E+02 5.46654E-22 -1.742E-02 (-1.603E-11, 1.701E-11) (-2.275E-13, 5.383E-13)  1.00E-07
  1.400E+02 5.42996E-22 -1.728E-02 (-1.600E-11, 1.693E-11) (-2.248E-13, 5.312E-13)  1.00E-07
  1.405E+02 5.39409E-22 -1.714E-02 (-1.597E-11, 1.686E-11) (-2.221E-13, 5.240E-13)  1.00E-07
  1.410E+02 5.35891E-22 -1.699E-02 (-1.593E-11, 1.678E-11) (-2.194E-13, 5.169E-13)  1.00E-07
  1.415E+02 5.32440E-22 -1.685E-02 (-1.590E-11, 1.671E-11) (-2.167E-13, 5.098E-13)  1.00E-07
  1.420E+02 5.29058E-22 -1.670E-02 (-1.587E-11, 1.664E-11) (-2.140E-13, 5.028E-13)  1.00E-07
  1.425E+02 5.25748E-22 -1.655E-02 (-1.584E-11, 1.657E-11) (-2.113E-13, 4.957E-13)  1.00E-07
  1.430E+02 5.22507E-22 -1.640E-02 (-1.581E-11, 1.650E-11) (-2.086E-13, 4.887E-13)  1.00E-07
  1.435E+02 5.19331E-22 -1.624E-02 (-1.578E-11, 1.643E-11) (-2.059E-13, 4.817E-13)  1.00E-07
  1.440E+02 5.16217E-22 -1.608E-02 (-1.575E-11, 1.637E-11) (-2.032E-13, 4.747E-13)  1.00E-07
  1.445E+02 5.13164E-22 -1.592E-02 (-1.572E-11, 1.630E-11) (-2.004E-13, 4.677E-13)  1.00E-07
  1.450E+02 5.10173E-22 -1.576E-02 (-1.569E-11, 1.624E-11) (-1.977E-13, 4.608E-13)  1.00E-07
  1.455E+02 5.07245E-22 -1.559E-02 (-1.566E-11, 1.618E-11) (-1.950E-13, 4.538E-13)  1.00E-07
  1.460E+02 5.04382E-22 -1.542E-02 (-1.564E-11, 1.611E-11) (-1.922E-13, 4.469E-13)  1.00E-07
  1.465E+02 5.01579E-22 -1.525E-02 (-1.561E-11, 1.605E-11) (-1.895E-13, 4.400E-13)  1.00E-07
  1.470E+02 4.98833E-22 -1.508E-02 (-1.558E-11, 1.599E-11) (-1.868E-13, 4.331E-13)  1.00E-07
  1.475E+02 4.96142E-22 -1.491E-02 (-1.556E-11, 1.594E-11) (-1.840E-13, 4.262E-13)  1.00E-07
  1.480E+02 4.93506E-22 -1.473E-02 (-1.553E-11, 1.588E-11) (-1.812E-13, 4.193E-13)  1.00E-07
  1.485E+02 4.90927E-22 -1.455E-02 (-1.550E-11, 1.582E-11) (-1.785E-13, 4.125E-13)  1.00E-07
  1.490E+02 4.88407E-22 -1.437E-02 (-1.548E-11, 1.577E-11) (-1.757E-13, 4.056E-13)  1.00E-07
  1.495E+02 4.85943E-22 -1.418E-02 (-1.545E-11, 1.571E-11) (-1.730E-13, 3.988E-13)  1.00E-07
  1.500E+02 4.83531E-22 -1.400E-02 (-1.543E-11, 1.566E-11) (-1.702E-13, 3.920E-13)  1.00E-07
  1.505E+02 4.81170E-22 -1.381E-02 (-1.541E-11, 1.561E-11) (-1.674E-13, 3.852E-13)  1.00E-07
  1.510E+02 4.78860E-22 -1.362E-02 (-1.538E-11, 1.556E-11) (-1.646E-13, 3.784E-13)  1.00E-07
  1.515E+02 4.76601E-22 -1.342E-02 (-1.536E-11, 1.551E-11) (-1.619E-13, 3.717E-13)  1.00E-07
  1.520E+02 4.74396E-22 -1.323E-02 (-1.534E-11, 1.546E-11) (-1.591E-13, 3.649E-13)  1.00E-07
  1.525E+02 4.72242E-22 -1.303E-02 (-1.532E-11, 1.541E-11) (-1.563E-13, 3.582E-13)  1.00E-07
  1.530E+02 4.70137E-22 -1.283E-02 (-1.529E-11, 1.536E-11) (-1.535E-13, 3.514E-13)  1.00E-07
  1.535E+02 4.68080E-22 -1.263E-02 (-1.527E-11, 1.532E-11) (-1.507E-13, 3.447E-13)  1.00E-07
  1.540E+02 4.66070E-22 -1.243E-02 (-1.525E-11, 1.527E-11) (-1.479E-13, 3.380E-13)  1.00E-07
  1.545E+02 4.64108E-22 -1.222E-02 (-1.523E-11, 1.523E-11) (-1.451E-13, 3.313E-13)  1.00E-07
  1.550E+02 4.62195E-22 -1.202E-02 (-1.521E-11, 1.519E-11) (-1.423E-13, 3.246E-13)  1.00E-07
  1.555E+02 4.60328E-22 -1.181E-02 (-1.519E-11, 1.515E-11) (-1.395E-13, 3.180E-13)  1.00E-07
  1.560E+02 4.58506E-22 -1.160E-02 (-1.517E-11, 1.510E-11) (-1.367E-13, 3.113E-13)  1.00E-07
  1.565E+02 4.56729E-22 -1.139E-02 (-1.516E-11, 1.506E-11) (-1.339E-13, 3.047E-13)  1.00E-07
  1.570E+02 4.54997E-22 -1.117E-02 (-1.514E-11, 1.503E-11) (-1.311E-13, 2.980E-13)  1.00E-07
  1.575E+02 4.53311E-22 -1.096E-02 (-1.512E-11, 1.499E-11) (-1.283E-13, 2.914E-13)  1.00E-07
  1.580E+02 4.51669E-22 -1.074E-02 (-1.510E-11, 1.495E-11) (-1.255E-13, 2.848E-13)  1.00E-07
  1.585E+02 4.50070E-22 -1.052E-02 (-1.508E-11, 1.491E-11) (-1.226E-13, 2.782E-13)  1.00E-07
  1.590E+02 4.48512E-22 -1.030E-02 (-1.507E-11, 1.488E-11) (-1.198E-13, 2.716E-13)  1.00E-07
  1.595E+02 4.46996E-22 -1.007E-02 (-1.505E-11, 1.484E-11) (-1.170E-13, 2.650E-13)  1.00E-07
  1.600E+02 4.45522E-22 -9.850E-03 (-1.504E-11, 1.481E-11) (-1.142E-13, 2.584E-13)  1.00E-07
  1.605E+02 4.44092E-22 -9.625E-03 (-1.502E-11, 1.478E-11) (-1.113E-13, 2.518E-13)  1.00E-07
  1.610E+02 4.42705E-22 -9.397E-03 (-1.501E-11, 1.475E-11) (-1.085E-13, 2.453E-13)  1.00E-07
  1.615E+02 4.41357E-22 -9.169E-03 (-1.499E-11, 1.472E-11) (-1.057E-13, 2.387E-13)  1.00E-07
  1.620E+02 4.40047E-22 -8.938E-03 (-1.498E-11, 1.469E-11) (-1.028E-13, 2.322E-13)  1.00E-07
  1.625E+02 4.38776E-22 -8.707E-03 (-1.496E-11, 1.466E-11) (-1.000E-13, 2.256E-13)  1.00E-07
  1.630E+02 4.37546E-22 -8.474E-03 (-1.495E-11, 1.463E-11) (-9.717E-14, 2.191E-13)  1.00E-07
  1.635E+02 4.36357E-22 -8.239E-03 (-1.494E-11, 1.460E-11) (-9.433E-14, 2.126E-13)  1.00E-07
  1.640E+02 4.35208E-22 -8.003E-03 (-1.492E-11, 1.458E-11) (-9.149E-14, 2.061E-13)  1.00E-07
  1.645E+02 4.34098E-22 -7.766E-03 (-1.491E-11, 1.455E-11) (-8.865E-14, 1.996E-13)  1.00E-07
  1.650E+02 4.33023E-22 -7.528E-03 (-1.490E-11, 1.453E-11) (-8.581E-14, 1.930E-13)  1.00E-07
  1.655E+02 4.31985E-22 -7.289E-03 (-1.489E-11, 1.450E-11) (-8.296E-14, 1.866E-13)  1.00E-07
  1.660E+02 4.30986E-22 -7.048E-03 (-1.488E-11, 1.448E-11) (-8.011E-14, 1.801E-13)  1.00E-07
  1.665E+02 4.30026E-22 -6.807E-03 (-1.487E-11, 1.446E-11) (-7.726E-14, 1.736E-13)  1.00E-07
  1.670E+02 4.29104E-22 -6.564E-03 (-1.486E-11, 1.444E-11) (-7.441E-14, 1.671E-13)  1.00E-07
  1.675E+02 4.28218E-22 -6.320E-03 (-1.485E-11, 1.441E-11) (-7.156E-14, 1.606E-13)  1.00E-07
  1.680E+02 4.27368E-22 -6.075E-03 (-1.484E-11, 1.439E-11) (-6.871E-14, 1.542E-13)  1.00E-07
  1.685E+02 4.26554E-22 -5.829E-03 (-1.483E-11, 1.438E-11) (-6.585E-14, 1.477E-13)  1.00E-07
  1.690E+02 4.25777E-22 -5.583E-03 (-1.482E-11, 1.436E-11) (-6.300E-14, 1.412E-13)  1.00E-07
  1.695E+02 4.25037E-22 -5.335E-03 (-1.481E-11, 1.434E-11) (-6.014E-14, 1.348E-13)  1.00E-07
  1.700E+02 4.24332E-22 -5.087E-03 (-1.480E-11, 1.432E-11) (-5.729E-14, 1.283E-13)  1.00E-07
  1.705E+02 4.23662E-22 -4.837E-03 (-1.480E-11, 1.431E-11) (-5.443E-14, 1.219E-13)  1.00E-07
  1.710E+02 4.23026E-22 -4.587E-03 (-1.479E-11, 1.429E-11) (-5.157E-14, 1.155E-13)  1.00E-07
  1.715E+02 4.22427E-22 -4.337E-03 (-1.478E-11, 1.428E-11) (-4.871E-14, 1.090E-13)  1.00E-07
  1.720E+02 4.21865E-22 -4.085E-03 (-1.477E-11, 1.427E-11) (-4.585E-14, 1.026E-13)  1.00E-07
  1.725E+02 4.21339E-22 -3.833E-03 (-1.477E-11, 1.426E-11) (-4.299E-14, 9.616E-14)  1.00E-07
  1.730E+02 4.20845E-22 -3.580E-03 (-1.476E-11, 1.424E-11) (-4.013E-14, 8.974E-14)  1.00E-07
  1.735E+02 4.20383E-22 -3.327E-03 (-1.476E-11, 1.423E-11) (-3.726E-14, 8.332E-14)  1.00E-07
  1.740E+02 4.19955E-22 -3.073E-03 (-1.475E-11, 1.422E-11) (-3.440E-14, 7.690E-14)  1.00E-07
  1.745E+02 4.19564E-22 -2.819E-03 (-1.475E-11, 1.421E-11) (-3.153E-14, 7.048E-14)  1.00E-07
  1.750E+02 4.19211E-22 -2.564E-03 (-1.474E-11, 1.421E-11) (-2.867E-14, 6.406E-14)  1.00E-07
  1.755E+02 4.18892E-22 -2.309E-03 (-1.474E-11, 1.420E-11) (-2.580E-14, 5.765E-14)  1.00E-07
  1.760E+02 4.18605E-22 -2.053E-03 (-1.474E-11, 1.419E-11) (-2.294E-14, 5.124E-14)  1.11E-07
  1.765E+02 4.18349E-22 -1.797E-03 (-1.474E-11, 1.419E-11) (-2.007E-14, 4.483E-14)  1.00E-07
  1.770E+02 4.18126E-22 -1.541E-03 (-1.473E-11, 1.418E-11) (-1.720E-14, 3.843E-14)  1.00E-07
  1.775E+02 4.17939E-22 -1.285E-03 (-1.473E-11, 1.418E-11) (-1.433E-14, 3.202E-14)  1.16E-07
  1.780E+02 4.17788E-22 -1.028E-03 (-1.473E-11, 1.417E-11) (-1.147E-14, 2.561E-14)  1.00E-07
  1.785E+02 4.17672E-22 -7.709E-04 (-1.473E-11, 1.417E-11) (-8.605E-15, 1.921E-14)  1.81E-07
  1.790E+02 4.17591E-22 -5.137E-04 (-1.473E-11, 1.417E-11) (-5.740E-15, 1.281E-14)  1.00E-07
  1.795E+02 4.17542E-22 -2.568E-04 (-1.473E-11, 1.417E-11) (-2.872E-15, 6.403E-15)  2.80E-07
  1.800E+02 4.17526E-22 -3.603E-18 (-1.473E-11, 1.417E-11) (-4.031E-29, 8.986E-29)  4.50E-07

  TOTAL ELASTIC CROSS SECTION = 7.782051E-18 cm**2
               FROM DCS TABLE = 7.779523E-18  (REL. DIF. = 3.25E-04)

  1ST TRANSPORT CROSS SECTION = 6.007165E-20 cm**2
               FROM DCS TABLE = 6.007026E-20  (REL. DIF. = 2.31E-05)

  2ND TRANSPORT CROSS SECTION = 1.480236E-19 cm**2

  **** DPWA0 ENDED ************************************************************

