 #  Scattering field.
 #  All quantities in atomic units (a.u.), unless otherwise indicated.
 #  Z =  14, NELEC =  14,   projectile: electron
 #  Kinetic energy = 9.18733E+02 a.u. = 2.50000E+04 eV
 #
 #  Muffin-tin radius = RAD(556) = 3.17474E+00 a.u.
 #  Zero-energy shift = -1.03047E-01 a.u. = -2.80405E+00 eV
 #  Effective kinetic energy = 9.18836E+02 a.u. = 2.50028E+04 eV
 #
 #   i       r           r*V         r*Vst        r*Vex       r*Vpol       r*Wabs        rho_e
 #------------------------------------------------------------------------------------------------
     1  0.00000E+00 -0.00000E+00 -0.00000E+00  0.00000E+00  0.00000E+00  0.00000E+00  1.35879E+08
     2  1.50199E-07 -4.40756E-02 -4.38578E-02 -2.17795E-04  0.00000E+00  0.00000E+00  1.35879E+08
     3  3.04072E-07 -8.90060E-02 -8.87877E-02 -2.18339E-04  0.00000E+00  0.00000E+00  6.71186E+07
     4  4.61705E-07 -1.35033E-01 -1.34814E-01 -2.18523E-04  0.00000E+00  0.00000E+00  4.42033E+07
     5  6.23190E-07 -1.82183E-01 -1.81964E-01 -2.18618E-04  0.00000E+00  0.00000E+00  3.27490E+07
     6  7.88622E-07 -2.30483E-01 -2.30264E-01 -2.18676E-04  0.00000E+00  0.00000E+00  2.58791E+07
     7  9.58096E-07 -2.79960E-01 -2.79741E-01 -2.18718E-04  0.00000E+00  0.00000E+00  2.13014E+07
     8  1.13171E-06 -3.30642E-01 -3.30423E-01 -2.18750E-04  0.00000E+00  0.00000E+00  1.80336E+07
     9  1.30957E-06 -3.82558E-01 -3.82339E-01 -2.18777E-04  0.00000E+00  0.00000E+00  1.55843E+07
    10  1.49178E-06 -4.35736E-01 -4.35517E-01 -2.18801E-04  0.00000E+00  0.00000E+00  1.36808E+07
    11  1.67844E-06 -4.90207E-01 -4.89988E-01 -2.18823E-04  0.00000E+00  0.00000E+00  1.21594E+07
    12  1.86965E-06 -5.46000E-01 -5.45781E-01 -2.18845E-04  0.00000E+00  0.00000E+00  1.09158E+07
    13  2.06555E-06 -6.03147E-01 -6.02928E-01 -2.18867E-04  0.00000E+00  0.00000E+00  9.88052E+06
    14  2.26623E-06 -6.61678E-01 -6.61460E-01 -2.18889E-04  0.00000E+00  0.00000E+00  9.00557E+06
    15  2.47181E-06 -7.21627E-01 -7.21408E-01 -2.18911E-04  0.00000E+00  0.00000E+00  8.25655E+06
    16  2.68242E-06 -7.83026E-01 -7.82807E-01 -2.18935E-04  0.00000E+00  0.00000E+00  7.60829E+06
    17  2.89818E-06 -8.45907E-01 -8.45688E-01 -2.18961E-04  0.00000E+00  0.00000E+00  7.04188E+06
    18  3.11920E-06 -9.10306E-01 -9.10087E-01 -2.18988E-04  0.00000E+00  0.00000E+00  6.54288E+06
    19  3.34563E-06 -9.76255E-01 -9.76036E-01 -2.19017E-04  0.00000E+00  0.00000E+00  6.10006E+06
    20  3.57759E-06 -1.04379E+00 -1.04357E+00 -2.19048E-04  0.00000E+00  0.00000E+00  5.70454E+06
    21  3.81523E-06 -1.11295E+00 -1.11273E+00 -2.19081E-04  0.00000E+00  0.00000E+00  5.34922E+06
    22  4.05867E-06 -1.18377E+00 -1.18355E+00 -2.19117E-04  0.00000E+00  0.00000E+00  5.02837E+06
    23  4.30805E-06 -1.25628E+00 -1.25606E+00 -2.19156E-04  0.00000E+00  0.00000E+00  4.73728E+06
    24  4.56354E-06 -1.33053E+00 -1.33031E+00 -2.19198E-04  0.00000E+00  0.00000E+00  4.47206E+06
    25  4.82526E-06 -1.40654E+00 -1.40632E+00 -2.19243E-04  0.00000E+00  0.00000E+00  4.22949E+06
    26  5.09338E-06 -1.48437E+00 -1.48415E+00 -2.19291E-04  0.00000E+00  0.00000E+00  4.00683E+06
    27  5.36806E-06 -1.56404E+00 -1.56382E+00 -2.19343E-04  0.00000E+00  0.00000E+00  3.80181E+06
    28  5.64944E-06 -1.64561E+00 -1.64539E+00 -2.19399E-04  0.00000E+00  0.00000E+00  3.61244E+06
    29  5.93771E-06 -1.72910E+00 -1.72888E+00 -2.19459E-04  0.00000E+00  0.00000E+00  3.43706E+06
    30  6.23301E-06 -1.81455E+00 -1.81433E+00 -2.19523E-04  0.00000E+00  0.00000E+00  3.27421E+06
    31  6.53554E-06 -1.90202E+00 -1.90180E+00 -2.19592E-04  0.00000E+00  0.00000E+00  3.12265E+06
    32  6.84546E-06 -1.99154E+00 -1.99132E+00 -2.19666E-04  0.00000E+00  0.00000E+00  2.98127E+06
    33  7.16295E-06 -2.08315E+00 -2.08293E+00 -2.19746E-04  0.00000E+00  0.00000E+00  2.84912E+06
    34  7.48820E-06 -2.17689E+00 -2.17667E+00 -2.19830E-04  0.00000E+00  0.00000E+00  2.72536E+06
    35  7.82140E-06 -2.27281E+00 -2.27259E+00 -2.19921E-04  0.00000E+00  0.00000E+00  2.60926E+06
    36  8.16274E-06 -2.37094E+00 -2.37072E+00 -2.20018E-04  0.00000E+00  0.00000E+00  2.50014E+06
    37  8.51242E-06 -2.47134E+00 -2.47112E+00 -2.20122E-04  0.00000E+00  0.00000E+00  2.39743E+06
    38  8.87065E-06 -2.57403E+00 -2.57381E+00 -2.20233E-04  0.00000E+00  0.00000E+00  2.30061E+06
    39  9.23763E-06 -2.67907E+00 -2.67885E+00 -2.20351E-04  0.00000E+00  0.00000E+00  2.20921E+06
    40  9.61359E-06 -2.78650E+00 -2.78628E+00 -2.20477E-04  0.00000E+00  0.00000E+00  2.12281E+06
    41  9.99872E-06 -2.89635E+00 -2.89613E+00 -2.20612E-04  0.00000E+00  0.00000E+00  2.04104E+06
    42  1.03933E-05 -3.00867E+00 -3.00845E+00 -2.20756E-04  0.00000E+00  0.00000E+00  1.96355E+06
    43  1.07975E-05 -3.12350E+00 -3.12328E+00 -2.20908E-04  0.00000E+00  0.00000E+00  1.89004E+06
    44  1.12115E-05 -3.24088E+00 -3.24066E+00 -2.21071E-04  0.00000E+00  0.00000E+00  1.82024E+06
    45  1.16357E-05 -3.36084E+00 -3.36062E+00 -2.21245E-04  0.00000E+00  0.00000E+00  1.75387E+06
    46  1.20703E-05 -3.48344E+00 -3.48322E+00 -2.21429E-04  0.00000E+00  0.00000E+00  1.69073E+06
    47  1.25155E-05 -3.60870E+00 -3.60847E+00 -2.21625E-04  0.00000E+00  0.00000E+00  1.63058E+06
    48  1.29715E-05 -3.73665E+00 -3.73643E+00 -2.21834E-04  0.00000E+00  0.00000E+00  1.57325E+06
    49  1.34387E-05 -3.86735E+00 -3.86712E+00 -2.22056E-04  0.00000E+00  0.00000E+00  1.51855E+06
    50  1.39173E-05 -4.00081E+00 -4.00058E+00 -2.22292E-04  0.00000E+00  0.00000E+00  1.46632E+06
    51  1.44076E-05 -4.13706E+00 -4.13684E+00 -2.22542E-04  0.00000E+00  0.00000E+00  1.41642E+06
    52  1.49099E-05 -4.27615E+00 -4.27593E+00 -2.22809E-04  0.00000E+00  0.00000E+00  1.36870E+06
    53  1.54245E-05 -4.41809E+00 -4.41786E+00 -2.23092E-04  0.00000E+00  0.00000E+00  1.32303E+06
    54  1.59517E-05 -4.56290E+00 -4.56268E+00 -2.23392E-04  0.00000E+00  0.00000E+00  1.27931E+06
    55  1.64917E-05 -4.71061E+00 -4.71039E+00 -2.23711E-04  0.00000E+00  0.00000E+00  1.23741E+06
    56  1.70449E-05 -4.86123E+00 -4.86101E+00 -2.24049E-04  0.00000E+00  0.00000E+00  1.19725E+06
    57  1.76117E-05 -5.01478E+00 -5.01455E+00 -2.24409E-04  0.00000E+00  0.00000E+00  1.15872E+06
    58  1.81923E-05 -5.17126E+00 -5.17104E+00 -2.24790E-04  0.00000E+00  0.00000E+00  1.12173E+06
    59  1.87870E-05 -5.33068E+00 -5.33045E+00 -2.25195E-04  0.00000E+00  0.00000E+00  1.08621E+06
    60  1.93964E-05 -5.49303E+00 -5.49281E+00 -2.25625E-04  0.00000E+00  0.00000E+00  1.05209E+06
    61  2.00206E-05 -5.65832E+00 -5.65809E+00 -2.26081E-04  0.00000E+00  0.00000E+00  1.01928E+06
    62  2.06600E-05 -5.82651E+00 -5.82629E+00 -2.26565E-04  0.00000E+00  0.00000E+00  9.87730E+05
    63  2.13151E-05 -5.99760E+00 -5.99738E+00 -2.27078E-04  0.00000E+00  0.00000E+00  9.57370E+05
    64  2.19862E-05 -6.17156E+00 -6.17133E+00 -2.27623E-04  0.00000E+00  0.00000E+00  9.28144E+05
    65  2.26737E-05 -6.34835E+00 -6.34812E+00 -2.28201E-04  0.00000E+00  0.00000E+00  8.99998E+05
    66  2.33780E-05 -6.52791E+00 -6.52768E+00 -2.28814E-04  0.00000E+00  0.00000E+00  8.72881E+05
    67  2.40995E-05 -6.71021E+00 -6.70998E+00 -2.29464E-04  0.00000E+00  0.00000E+00  8.46744E+05
    68  2.48387E-05 -6.89517E+00 -6.89493E+00 -2.30155E-04  0.00000E+00  0.00000E+00  8.21543E+05
    69  2.55959E-05 -7.08271E+00 -7.08247E+00 -2.30888E-04  0.00000E+00  0.00000E+00  7.97236E+05
    70  2.63716E-05 -7.27274E+00 -7.27251E+00 -2.31666E-04  0.00000E+00  0.00000E+00  7.73782E+05
    71  2.71663E-05 -7.46516E+00 -7.46493E+00 -2.32491E-04  0.00000E+00  0.00000E+00  7.51144E+05
    72  2.79804E-05 -7.65986E+00 -7.65963E+00 -2.33368E-04  0.00000E+00  0.00000E+00  7.29286E+05
    73  2.88144E-05 -7.85670E+00 -7.85646E+00 -2.34298E-04  0.00000E+00  0.00000E+00  7.08175E+05
    74  2.96687E-05 -8.05552E+00 -8.05528E+00 -2.35286E-04  0.00000E+00  0.00000E+00  6.87778E+05
    75  3.05440E-05 -8.25616E+00 -8.25592E+00 -2.36336E-04  0.00000E+00  0.00000E+00  6.68066E+05
    76  3.14406E-05 -8.45844E+00 -8.45820E+00 -2.37451E-04  0.00000E+00  0.00000E+00  6.49011E+05
    77  3.23591E-05 -8.66213E+00 -8.66190E+00 -2.38636E-04  0.00000E+00  0.00000E+00  6.30585E+05
    78  3.33001E-05 -8.86703E+00 -8.86679E+00 -2.39895E-04  0.00000E+00  0.00000E+00  6.12762E+05
    79  3.42641E-05 -9.07287E+00 -9.07263E+00 -2.41233E-04  0.00000E+00  0.00000E+00  5.95520E+05
    80  3.52517E-05 -9.27938E+00 -9.27914E+00 -2.42656E-04  0.00000E+00  0.00000E+00  5.78833E+05
    81  3.62634E-05 -9.48626E+00 -9.48602E+00 -2.44169E-04  0.00000E+00  0.00000E+00  5.62682E+05
    82  3.72998E-05 -9.69319E+00 -9.69294E+00 -2.45779E-04  0.00000E+00  0.00000E+00  5.47044E+05
    83  3.83615E-05 -9.89981E+00 -9.89956E+00 -2.47491E-04  0.00000E+00  0.00000E+00  5.31900E+05
    84  3.94492E-05 -1.01057E+01 -1.01055E+01 -2.49314E-04  0.00000E+00  0.00000E+00  5.17232E+05
    85  4.05634E-05 -1.03106E+01 -1.03103E+01 -2.51254E-04  0.00000E+00  0.00000E+00  5.03020E+05
    86  4.17049E-05 -1.05139E+01 -1.05136E+01 -2.53320E-04  0.00000E+00  0.00000E+00  4.89249E+05
    87  4.28743E-05 -1.07152E+01 -1.07150E+01 -2.55519E-04  0.00000E+00  0.00000E+00  4.75902E+05
    88  4.40723E-05 -1.09141E+01 -1.09138E+01 -2.57862E-04  0.00000E+00  0.00000E+00  4.62963E+05
    89  4.52995E-05 -1.11100E+01 -1.11097E+01 -2.60357E-04  0.00000E+00  0.00000E+00  4.50417E+05
    90  4.65567E-05 -1.13024E+01 -1.13022E+01 -2.63016E-04  0.00000E+00  0.00000E+00  4.38251E+05
    91  4.78447E-05 -1.14908E+01 -1.14905E+01 -2.65848E-04  0.00000E+00  0.00000E+00  4.26451E+05
    92  4.91641E-05 -1.16746E+01 -1.16743E+01 -2.68865E-04  0.00000E+00  0.00000E+00  4.15003E+05
    93  5.05158E-05 -1.18532E+01 -1.18530E+01 -2.72078E-04  0.00000E+00  0.00000E+00  4.03895E+05
    94  5.19005E-05 -1.20262E+01 -1.20259E+01 -2.75499E-04  0.00000E+00  0.00000E+00  3.93116E+05
    95  5.33190E-05 -1.21929E+01 -1.21926E+01 -2.79142E-04  0.00000E+00  0.00000E+00  3.82654E+05
    96  5.47722E-05 -1.23529E+01 -1.23526E+01 -2.83018E-04  0.00000E+00  0.00000E+00  3.72499E+05
    97  5.62609E-05 -1.25057E+01 -1.25054E+01 -2.87139E-04  0.00000E+00  0.00000E+00  3.62639E+05
    98  5.77860E-05 -1.26507E+01 -1.26505E+01 -2.91519E-04  0.00000E+00  0.00000E+00  3.53065E+05
    99  5.93484E-05 -1.27878E+01 -1.27875E+01 -2.96170E-04  0.00000E+00  0.00000E+00  3.43767E+05
   100  6.09490E-05 -1.29165E+01 -1.29162E+01 -3.01102E-04  0.00000E+00  0.00000E+00  3.34737E+05
   101  6.25886E-05 -1.30366E+01 -1.30362E+01 -3.06327E-04  0.00000E+00  0.00000E+00  3.25965E+05
   102  6.42684E-05 -1.31479E+01 -1.31476E+01 -3.11856E-04  0.00000E+00  0.00000E+00  3.17442E+05
   103  6.59892E-05 -1.32505E+01 -1.32502E+01 -3.17696E-04  0.00000E+00  0.00000E+00  3.09161E+05
   104  6.77520E-05 -1.33444E+01 -1.33440E+01 -3.23856E-04  0.00000E+00  0.00000E+00  3.01114E+05
   105  6.95579E-05 -1.34296E+01 -1.34293E+01 -3.30342E-04  0.00000E+00  0.00000E+00  2.93293E+05
   106  7.14080E-05 -1.35066E+01 -1.35062E+01 -3.37159E-04  0.00000E+00  0.00000E+00  2.85692E+05
   107  7.33032E-05 -1.35755E+01 -1.35752E+01 -3.44310E-04  0.00000E+00  0.00000E+00  2.78302E+05
   108  7.52448E-05 -1.36368E+01 -1.36365E+01 -3.51798E-04  0.00000E+00  0.00000E+00  2.71118E+05
   109  7.72338E-05 -1.36909E+01 -1.36906E+01 -3.59624E-04  0.00000E+00  0.00000E+00  2.64133E+05
   110  7.92715E-05 -1.37384E+01 -1.37381E+01 -3.67788E-04  0.00000E+00  0.00000E+00  2.57340E+05
   111  8.13589E-05 -1.37797E+01 -1.37794E+01 -3.76289E-04  0.00000E+00  0.00000E+00  2.50735E+05
   112  8.34973E-05 -1.38155E+01 -1.38151E+01 -3.85126E-04  0.00000E+00  0.00000E+00  2.44310E+05
   113  8.56880E-05 -1.38462E+01 -1.38458E+01 -3.94296E-04  0.00000E+00  0.00000E+00  2.38061E+05
   114  8.79323E-05 -1.38723E+01 -1.38719E+01 -4.03798E-04  0.00000E+00  0.00000E+00  2.31982E+05
   115  9.02313E-05 -1.38945E+01 -1.38941E+01 -4.13629E-04  0.00000E+00  0.00000E+00  2.26069E+05
   116  9.25866E-05 -1.39131E+01 -1.39127E+01 -4.23788E-04  0.00000E+00  0.00000E+00  2.20315E+05
   117  9.49994E-05 -1.39287E+01 -1.39283E+01 -4.34272E-04  0.00000E+00  0.00000E+00  2.14716E+05
   118  9.74712E-05 -1.39416E+01 -1.39412E+01 -4.45081E-04  0.00000E+00  0.00000E+00  2.09268E+05
   119  1.00003E-04 -1.39523E+01 -1.39518E+01 -4.56213E-04  0.00000E+00  0.00000E+00  2.03967E+05
   120  1.02597E-04 -1.39610E+01 -1.39605E+01 -4.67669E-04  0.00000E+00  0.00000E+00  1.98807E+05
   121  1.05255E-04 -1.39681E+01 -1.39676E+01 -4.79449E-04  0.00000E+00  0.00000E+00  1.93784E+05
   122  1.07977E-04 -1.39738E+01 -1.39733E+01 -4.91554E-04  0.00000E+00  0.00000E+00  1.88895E+05
   123  1.10766E-04 -1.39783E+01 -1.39778E+01 -5.03985E-04  0.00000E+00  0.00000E+00  1.84136E+05
   124  1.13623E-04 -1.39819E+01 -1.39814E+01 -5.16745E-04  0.00000E+00  0.00000E+00  1.79503E+05
   125  1.16550E-04 -1.39848E+01 -1.39842E+01 -5.29837E-04  0.00000E+00  0.00000E+00  1.74993E+05
   126  1.19549E-04 -1.39870E+01 -1.39864E+01 -5.43265E-04  0.00000E+00  0.00000E+00  1.70601E+05
   127  1.22620E-04 -1.39886E+01 -1.39881E+01 -5.57034E-04  0.00000E+00  0.00000E+00  1.66324E+05
   128  1.25767E-04 -1.39899E+01 -1.39893E+01 -5.71147E-04  0.00000E+00  0.00000E+00  1.62160E+05
   129  1.28991E-04 -1.39909E+01 -1.39903E+01 -5.85611E-04  0.00000E+00  0.00000E+00  1.58104E+05
   130  1.32293E-04 -1.39915E+01 -1.39909E+01 -6.00431E-04  0.00000E+00  0.00000E+00  1.54155E+05
   131  1.35676E-04 -1.39920E+01 -1.39914E+01 -6.15614E-04  0.00000E+00  0.00000E+00  1.50308E+05
   132  1.39142E-04 -1.39923E+01 -1.39917E+01 -6.31168E-04  0.00000E+00  0.00000E+00  1.46561E+05
   133  1.42693E-04 -1.39925E+01 -1.39919E+01 -6.47098E-04  0.00000E+00  0.00000E+00  1.42911E+05
   134  1.46330E-04 -1.39926E+01 -1.39920E+01 -6.63414E-04  0.00000E+00  0.00000E+00  1.39356E+05
   135  1.50056E-04 -1.39927E+01 -1.39920E+01 -6.80123E-04  0.00000E+00  0.00000E+00  1.35893E+05
   136  1.53874E-04 -1.39926E+01 -1.39919E+01 -6.97234E-04  0.00000E+00  0.00000E+00  1.32519E+05
   137  1.57784E-04 -1.39925E+01 -1.39918E+01 -7.14755E-04  0.00000E+00  0.00000E+00  1.29231E+05
   138  1.61790E-04 -1.39924E+01 -1.39917E+01 -7.32696E-04  0.00000E+00  0.00000E+00  1.26029E+05
   139  1.65894E-04 -1.39923E+01 -1.39915E+01 -7.51066E-04  0.00000E+00  0.00000E+00  1.22908E+05
   140  1.70098E-04 -1.39921E+01 -1.39914E+01 -7.69875E-04  0.00000E+00  0.00000E+00  1.19867E+05
   141  1.74405E-04 -1.39920E+01 -1.39912E+01 -7.89133E-04  0.00000E+00  0.00000E+00  1.16904E+05
   142  1.78818E-04 -1.39918E+01 -1.39910E+01 -8.08851E-04  0.00000E+00  0.00000E+00  1.14017E+05
   143  1.83338E-04 -1.39916E+01 -1.39908E+01 -8.29037E-04  0.00000E+00  0.00000E+00  1.11203E+05
   144  1.87968E-04 -1.39914E+01 -1.39905E+01 -8.49705E-04  0.00000E+00  0.00000E+00  1.08461E+05
   145  1.92712E-04 -1.39912E+01 -1.39903E+01 -8.70864E-04  0.00000E+00  0.00000E+00  1.05788E+05
   146  1.97572E-04 -1.39910E+01 -1.39901E+01 -8.92525E-04  0.00000E+00  0.00000E+00  1.03183E+05
   147  2.02550E-04 -1.39907E+01 -1.39898E+01 -9.14702E-04  0.00000E+00  0.00000E+00  1.00644E+05
   148  2.07650E-04 -1.39905E+01 -1.39896E+01 -9.37404E-04  0.00000E+00  0.00000E+00  9.81694E+04
   149  2.12875E-04 -1.39903E+01 -1.39893E+01 -9.60644E-04  0.00000E+00  0.00000E+00  9.57571E+04
   150  2.18227E-04 -1.39900E+01 -1.39890E+01 -9.84436E-04  0.00000E+00  0.00000E+00  9.34057E+04
   151  2.23710E-04 -1.39898E+01 -1.39888E+01 -1.00879E-03  0.00000E+00  0.00000E+00  9.11135E+04
   152  2.29327E-04 -1.39895E+01 -1.39885E+01 -1.03372E-03  0.00000E+00  0.00000E+00  8.88789E+04
   153  2.35082E-04 -1.39892E+01 -1.39882E+01 -1.05924E-03  0.00000E+00  0.00000E+00  8.67005E+04
   154  2.40977E-04 -1.39890E+01 -1.39879E+01 -1.08536E-03  0.00000E+00  0.00000E+00  8.45767E+04
   155  2.47016E-04 -1.39887E+01 -1.39876E+01 -1.11210E-03  0.00000E+00  0.00000E+00  8.25061E+04
   156  2.53203E-04 -1.39884E+01 -1.39873E+01 -1.13947E-03  0.00000E+00  0.00000E+00  8.04874E+04
   157  2.59540E-04 -1.39881E+01 -1.39870E+01 -1.16749E-03  0.00000E+00  0.00000E+00  7.85191E+04
   158  2.66033E-04 -1.39878E+01 -1.39866E+01 -1.19616E-03  0.00000E+00  0.00000E+00  7.65999E+04
   159  2.72685E-04 -1.39875E+01 -1.39863E+01 -1.22551E-03  0.00000E+00  0.00000E+00  7.47287E+04
   160  2.79498E-04 -1.39872E+01 -1.39860E+01 -1.25554E-03  0.00000E+00  0.00000E+00  7.29040E+04
   161  2.86479E-04 -1.39869E+01 -1.39856E+01 -1.28628E-03  0.00000E+00  0.00000E+00  7.11248E+04
   162  2.93630E-04 -1.39866E+01 -1.39852E+01 -1.31775E-03  0.00000E+00  0.00000E+00  6.93898E+04
   163  3.00956E-04 -1.39862E+01 -1.39849E+01 -1.34995E-03  0.00000E+00  0.00000E+00  6.76979E+04
   164  3.08461E-04 -1.39859E+01 -1.39845E+01 -1.38290E-03  0.00000E+00  0.00000E+00  6.60481E+04
   165  3.16149E-04 -1.39855E+01 -1.39841E+01 -1.41662E-03  0.00000E+00  0.00000E+00  6.44391E+04
   166  3.24025E-04 -1.39852E+01 -1.39837E+01 -1.45113E-03  0.00000E+00  0.00000E+00  6.28699E+04
   167  3.32093E-04 -1.39848E+01 -1.39833E+01 -1.48645E-03  0.00000E+00  0.00000E+00  6.13396E+04
   168  3.40359E-04 -1.39844E+01 -1.39829E+01 -1.52258E-03  0.00000E+00  0.00000E+00  5.98472E+04
   169  3.48827E-04 -1.39840E+01 -1.39825E+01 -1.55956E-03  0.00000E+00  0.00000E+00  5.83916E+04
   170  3.57501E-04 -1.39836E+01 -1.39820E+01 -1.59740E-03  0.00000E+00  0.00000E+00  5.69719E+04
   171  3.66388E-04 -1.39832E+01 -1.39816E+01 -1.63612E-03  0.00000E+00  0.00000E+00  5.55873E+04
   172  3.75492E-04 -1.39828E+01 -1.39811E+01 -1.67573E-03  0.00000E+00  0.00000E+00  5.42368E+04
   173  3.84818E-04 -1.39824E+01 -1.39807E+01 -1.71626E-03  0.00000E+00  0.00000E+00  5.29195E+04
   174  3.94372E-04 -1.39819E+01 -1.39802E+01 -1.75773E-03  0.00000E+00  0.00000E+00  5.16347E+04
   175  4.04159E-04 -1.39815E+01 -1.39797E+01 -1.80015E-03  0.00000E+00  0.00000E+00  5.03815E+04
   176  4.14186E-04 -1.39810E+01 -1.39792E+01 -1.84355E-03  0.00000E+00  0.00000E+00  4.91590E+04
   177  4.24458E-04 -1.39806E+01 -1.39787E+01 -1.88795E-03  0.00000E+00  0.00000E+00  4.79666E+04
   178  4.34981E-04 -1.39801E+01 -1.39781E+01 -1.93338E-03  0.00000E+00  0.00000E+00  4.68034E+04
   179  4.45761E-04 -1.39796E+01 -1.39776E+01 -1.97984E-03  0.00000E+00  0.00000E+00  4.56688E+04
   180  4.56804E-04 -1.39791E+01 -1.39770E+01 -2.02737E-03  0.00000E+00  0.00000E+00  4.45619E+04
   181  4.68117E-04 -1.39786E+01 -1.39765E+01 -2.07599E-03  0.00000E+00  0.00000E+00  4.34822E+04
   182  4.79707E-04 -1.39780E+01 -1.39759E+01 -2.12571E-03  0.00000E+00  0.00000E+00  4.24289E+04
   183  4.91580E-04 -1.39775E+01 -1.39753E+01 -2.17657E-03  0.00000E+00  0.00000E+00  4.14013E+04
   184  5.03743E-04 -1.39769E+01 -1.39747E+01 -2.22859E-03  0.00000E+00  0.00000E+00  4.03989E+04
   185  5.16203E-04 -1.39763E+01 -1.39741E+01 -2.28180E-03  0.00000E+00  0.00000E+00  3.94209E+04
   186  5.28968E-04 -1.39758E+01 -1.39734E+01 -2.33620E-03  0.00000E+00  0.00000E+00  3.84669E+04
   187  5.42044E-04 -1.39752E+01 -1.39728E+01 -2.39184E-03  0.00000E+00  0.00000E+00  3.75361E+04
   188  5.55440E-04 -1.39745E+01 -1.39721E+01 -2.44874E-03  0.00000E+00  0.00000E+00  3.66280E+04
   189  5.69164E-04 -1.39739E+01 -1.39714E+01 -2.50692E-03  0.00000E+00  0.00000E+00  3.57420E+04
   190  5.83223E-04 -1.39733E+01 -1.39707E+01 -2.56642E-03  0.00000E+00  0.00000E+00  3.48777E+04
   191  5.97625E-04 -1.39726E+01 -1.39700E+01 -2.62724E-03  0.00000E+00  0.00000E+00  3.40344E+04
   192  6.12379E-04 -1.39719E+01 -1.39692E+01 -2.68944E-03  0.00000E+00  0.00000E+00  3.32116E+04
   193  6.27494E-04 -1.39712E+01 -1.39685E+01 -2.75302E-03  0.00000E+00  0.00000E+00  3.24088E+04
   194  6.42978E-04 -1.39705E+01 -1.39677E+01 -2.81802E-03  0.00000E+00  0.00000E+00  3.16256E+04
   195  6.58841E-04 -1.39698E+01 -1.39669E+01 -2.88447E-03  0.00000E+00  0.00000E+00  3.08613E+04
   196  6.75091E-04 -1.39691E+01 -1.39661E+01 -2.95240E-03  0.00000E+00  0.00000E+00  3.01157E+04
   197  6.91738E-04 -1.39683E+01 -1.39653E+01 -3.02184E-03  0.00000E+00  0.00000E+00  2.93882E+04
   198  7.08792E-04 -1.39675E+01 -1.39644E+01 -3.09281E-03  0.00000E+00  0.00000E+00  2.86783E+04
   199  7.26263E-04 -1.39667E+01 -1.39635E+01 -3.16534E-03  0.00000E+00  0.00000E+00  2.79856E+04
   200  7.44161E-04 -1.39659E+01 -1.39626E+01 -3.23947E-03  0.00000E+00  0.00000E+00  2.73098E+04
   201  7.62496E-04 -1.39650E+01 -1.39617E+01 -3.31523E-03  0.00000E+00  0.00000E+00  2.66503E+04
   202  7.81279E-04 -1.39642E+01 -1.39608E+01 -3.39265E-03  0.00000E+00  0.00000E+00  2.60068E+04
   203  8.00521E-04 -1.39633E+01 -1.39598E+01 -3.47176E-03  0.00000E+00  0.00000E+00  2.53789E+04
   204  8.20233E-04 -1.39624E+01 -1.39588E+01 -3.55259E-03  0.00000E+00  0.00000E+00  2.47663E+04
   205  8.40427E-04 -1.39614E+01 -1.39578E+01 -3.63517E-03  0.00000E+00  0.00000E+00  2.41684E+04
   206  8.61114E-04 -1.39605E+01 -1.39568E+01 -3.71955E-03  0.00000E+00  0.00000E+00  2.35850E+04
   207  8.82307E-04 -1.39595E+01 -1.39557E+01 -3.80574E-03  0.00000E+00  0.00000E+00  2.30157E+04
   208  9.04017E-04 -1.39585E+01 -1.39546E+01 -3.89379E-03  0.00000E+00  0.00000E+00  2.24602E+04
   209  9.26258E-04 -1.39575E+01 -1.39535E+01 -3.98373E-03  0.00000E+00  0.00000E+00  2.19181E+04
   210  9.49043E-04 -1.39565E+01 -1.39524E+01 -4.07559E-03  0.00000E+00  0.00000E+00  2.13892E+04
   211  9.72384E-04 -1.39554E+01 -1.39512E+01 -4.16940E-03  0.00000E+00  0.00000E+00  2.08730E+04
   212  9.96296E-04 -1.39543E+01 -1.39500E+01 -4.26521E-03  0.00000E+00  0.00000E+00  2.03693E+04
   213  1.02079E-03 -1.39531E+01 -1.39488E+01 -4.36305E-03  0.00000E+00  0.00000E+00  1.98777E+04
   214  1.04589E-03 -1.39520E+01 -1.39475E+01 -4.46294E-03  0.00000E+00  0.00000E+00  1.93980E+04
   215  1.07159E-03 -1.39508E+01 -1.39462E+01 -4.56494E-03  0.00000E+00  0.00000E+00  1.89299E+04
   216  1.09793E-03 -1.39496E+01 -1.39449E+01 -4.66907E-03  0.00000E+00  0.00000E+00  1.84730E+04
   217  1.12491E-03 -1.39483E+01 -1.39436E+01 -4.77537E-03  0.00000E+00  0.00000E+00  1.80272E+04
   218  1.15255E-03 -1.39471E+01 -1.39422E+01 -4.88388E-03  0.00000E+00  0.00000E+00  1.75922E+04
   219  1.18086E-03 -1.39458E+01 -1.39408E+01 -4.99463E-03  0.00000E+00  0.00000E+00  1.71676E+04
   220  1.20987E-03 -1.39444E+01 -1.39393E+01 -5.10767E-03  0.00000E+00  0.00000E+00  1.67533E+04
   221  1.23958E-03 -1.39431E+01 -1.39378E+01 -5.22301E-03  0.00000E+00  0.00000E+00  1.63489E+04
   222  1.27002E-03 -1.39417E+01 -1.39363E+01 -5.34072E-03  0.00000E+00  0.00000E+00  1.59543E+04
   223  1.30120E-03 -1.39402E+01 -1.39348E+01 -5.46082E-03  0.00000E+00  0.00000E+00  1.55692E+04
   224  1.33315E-03 -1.39387E+01 -1.39332E+01 -5.58334E-03  0.00000E+00  0.00000E+00  1.51934E+04
   225  1.36588E-03 -1.39372E+01 -1.39315E+01 -5.70833E-03  0.00000E+00  0.00000E+00  1.48266E+04
   226  1.39940E-03 -1.39357E+01 -1.39299E+01 -5.83583E-03  0.00000E+00  0.00000E+00  1.44686E+04
   227  1.43375E-03 -1.39341E+01 -1.39281E+01 -5.96586E-03  0.00000E+00  0.00000E+00  1.41193E+04
   228  1.46893E-03 -1.39325E+01 -1.39264E+01 -6.09848E-03  0.00000E+00  0.00000E+00  1.37783E+04
   229  1.50498E-03 -1.39308E+01 -1.39246E+01 -6.23371E-03  0.00000E+00  0.00000E+00  1.34456E+04
   230  1.54190E-03 -1.39291E+01 -1.39227E+01 -6.37159E-03  0.00000E+00  0.00000E+00  1.31208E+04
   231  1.57973E-03 -1.39274E+01 -1.39209E+01 -6.51216E-03  0.00000E+00  0.00000E+00  1.28039E+04
   232  1.61848E-03 -1.39256E+01 -1.39189E+01 -6.65546E-03  0.00000E+00  0.00000E+00  1.24946E+04
   233  1.65818E-03 -1.39237E+01 -1.39169E+01 -6.80153E-03  0.00000E+00  0.00000E+00  1.21927E+04
   234  1.69884E-03 -1.39219E+01 -1.39149E+01 -6.95039E-03  0.00000E+00  0.00000E+00  1.18981E+04
   235  1.74050E-03 -1.39199E+01 -1.39128E+01 -7.10209E-03  0.00000E+00  0.00000E+00  1.16106E+04
   236  1.78318E-03 -1.39180E+01 -1.39107E+01 -7.25666E-03  0.00000E+00  0.00000E+00  1.13299E+04
   237  1.82691E-03 -1.39159E+01 -1.39085E+01 -7.41414E-03  0.00000E+00  0.00000E+00  1.10560E+04
   238  1.87170E-03 -1.39139E+01 -1.39063E+01 -7.57455E-03  0.00000E+00  0.00000E+00  1.07887E+04
   239  1.91758E-03 -1.39117E+01 -1.39040E+01 -7.73795E-03  0.00000E+00  0.00000E+00  1.05278E+04
   240  1.96459E-03 -1.39096E+01 -1.39017E+01 -7.90435E-03  0.00000E+00  0.00000E+00  1.02732E+04
   241  2.01274E-03 -1.39073E+01 -1.38993E+01 -8.07380E-03  0.00000E+00  0.00000E+00  1.00247E+04
   242  2.06207E-03 -1.39051E+01 -1.38968E+01 -8.24632E-03  0.00000E+00  0.00000E+00  9.78210E+03
   243  2.11260E-03 -1.39027E+01 -1.38943E+01 -8.42195E-03  0.00000E+00  0.00000E+00  9.54537E+03
   244  2.16437E-03 -1.39003E+01 -1.38917E+01 -8.60072E-03  0.00000E+00  0.00000E+00  9.31431E+03
   245  2.21741E-03 -1.38979E+01 -1.38891E+01 -8.78266E-03  0.00000E+00  0.00000E+00  9.08880E+03
   246  2.27174E-03 -1.38953E+01 -1.38864E+01 -8.96779E-03  0.00000E+00  0.00000E+00  8.86870E+03
   247  2.32740E-03 -1.38928E+01 -1.38836E+01 -9.15615E-03  0.00000E+00  0.00000E+00  8.65388E+03
   248  2.38441E-03 -1.38901E+01 -1.38808E+01 -9.34777E-03  0.00000E+00  0.00000E+00  8.44421E+03
   249  2.44282E-03 -1.38874E+01 -1.38779E+01 -9.54267E-03  0.00000E+00  0.00000E+00  8.23957E+03
   250  2.50266E-03 -1.38846E+01 -1.38749E+01 -9.74087E-03  0.00000E+00  0.00000E+00  8.03984E+03
   251  2.56396E-03 -1.38818E+01 -1.38719E+01 -9.94240E-03  0.00000E+00  0.00000E+00  7.84489E+03
   252  2.62675E-03 -1.38789E+01 -1.38687E+01 -1.01473E-02  0.00000E+00  0.00000E+00  7.65462E+03
   253  2.69108E-03 -1.38759E+01 -1.38656E+01 -1.03555E-02  0.00000E+00  0.00000E+00  7.46891E+03
   254  2.75699E-03 -1.38728E+01 -1.38623E+01 -1.05672E-02  0.00000E+00  0.00000E+00  7.28765E+03
   255  2.82450E-03 -1.38697E+01 -1.38589E+01 -1.07822E-02  0.00000E+00  0.00000E+00  7.11073E+03
   256  2.89366E-03 -1.38665E+01 -1.38555E+01 -1.10007E-02  0.00000E+00  0.00000E+00  6.93806E+03
   257  2.96451E-03 -1.38632E+01 -1.38520E+01 -1.12226E-02  0.00000E+00  0.00000E+00  6.76952E+03
   258  3.03709E-03 -1.38598E+01 -1.38484E+01 -1.14480E-02  0.00000E+00  0.00000E+00  6.60502E+03
   259  3.11144E-03 -1.38564E+01 -1.38447E+01 -1.16769E-02  0.00000E+00  0.00000E+00  6.44446E+03
   260  3.18761E-03 -1.38529E+01 -1.38409E+01 -1.19092E-02  0.00000E+00  0.00000E+00  6.28775E+03
   261  3.26564E-03 -1.38492E+01 -1.38371E+01 -1.21450E-02  0.00000E+00  0.00000E+00  6.13479E+03
   262  3.34558E-03 -1.38455E+01 -1.38331E+01 -1.23843E-02  0.00000E+00  0.00000E+00  5.98549E+03
   263  3.42747E-03 -1.38417E+01 -1.38291E+01 -1.26271E-02  0.00000E+00  0.00000E+00  5.83977E+03
   264  3.51135E-03 -1.38378E+01 -1.38249E+01 -1.28734E-02  0.00000E+00  0.00000E+00  5.69754E+03
   265  3.59729E-03 -1.38338E+01 -1.38207E+01 -1.31231E-02  0.00000E+00  0.00000E+00  5.55872E+03
   266  3.68533E-03 -1.38297E+01 -1.38163E+01 -1.33764E-02  0.00000E+00  0.00000E+00  5.42322E+03
   267  3.77552E-03 -1.38255E+01 -1.38119E+01 -1.36331E-02  0.00000E+00  0.00000E+00  5.29096E+03
   268  3.86791E-03 -1.38212E+01 -1.38073E+01 -1.38933E-02  0.00000E+00  0.00000E+00  5.16187E+03
   269  3.96255E-03 -1.38168E+01 -1.38027E+01 -1.41570E-02  0.00000E+00  0.00000E+00  5.03587E+03
   270  4.05951E-03 -1.38123E+01 -1.37979E+01 -1.44241E-02  0.00000E+00  0.00000E+00  4.91289E+03
   271  4.15884E-03 -1.38077E+01 -1.37930E+01 -1.46946E-02  0.00000E+00  0.00000E+00  4.79285E+03
   272  4.26059E-03 -1.38030E+01 -1.37880E+01 -1.49685E-02  0.00000E+00  0.00000E+00  4.67569E+03
   273  4.36483E-03 -1.37981E+01 -1.37829E+01 -1.52459E-02  0.00000E+00  0.00000E+00  4.56133E+03
   274  4.47161E-03 -1.37931E+01 -1.37776E+01 -1.55265E-02  0.00000E+00  0.00000E+00  4.44971E+03
   275  4.58100E-03 -1.37880E+01 -1.37722E+01 -1.58105E-02  0.00000E+00  0.00000E+00  4.34076E+03
   276  4.69306E-03 -1.37828E+01 -1.37667E+01 -1.60978E-02  0.00000E+00  0.00000E+00  4.23441E+03
   277  4.80786E-03 -1.37775E+01 -1.37611E+01 -1.63884E-02  0.00000E+00  0.00000E+00  4.13061E+03
   278  4.92546E-03 -1.37720E+01 -1.37553E+01 -1.66821E-02  0.00000E+00  0.00000E+00  4.02930E+03
   279  5.04593E-03 -1.37664E+01 -1.37494E+01 -1.69790E-02  0.00000E+00  0.00000E+00  3.93041E+03
   280  5.16935E-03 -1.37606E+01 -1.37434E+01 -1.72791E-02  0.00000E+00  0.00000E+00  3.83389E+03
   281  5.29578E-03 -1.37547E+01 -1.37372E+01 -1.75822E-02  0.00000E+00  0.00000E+00  3.73968E+03
   282  5.42529E-03 -1.37487E+01 -1.37308E+01 -1.78884E-02  0.00000E+00  0.00000E+00  3.64772E+03
   283  5.55797E-03 -1.37425E+01 -1.37243E+01 -1.81975E-02  0.00000E+00  0.00000E+00  3.55796E+03
   284  5.69389E-03 -1.37362E+01 -1.37177E+01 -1.85095E-02  0.00000E+00  0.00000E+00  3.47035E+03
   285  5.83313E-03 -1.37297E+01 -1.37109E+01 -1.88243E-02  0.00000E+00  0.00000E+00  3.38484E+03
   286  5.97577E-03 -1.37231E+01 -1.37039E+01 -1.91419E-02  0.00000E+00  0.00000E+00  3.30137E+03
   287  6.12189E-03 -1.37163E+01 -1.36968E+01 -1.94622E-02  0.00000E+00  0.00000E+00  3.21990E+03
   288  6.27157E-03 -1.37093E+01 -1.36895E+01 -1.97851E-02  0.00000E+00  0.00000E+00  3.14038E+03
   289  6.42492E-03 -1.37021E+01 -1.36820E+01 -2.01106E-02  0.00000E+00  0.00000E+00  3.06277E+03
   290  6.58200E-03 -1.36948E+01 -1.36744E+01 -2.04385E-02  0.00000E+00  0.00000E+00  2.98701E+03
   291  6.74292E-03 -1.36873E+01 -1.36666E+01 -2.07687E-02  0.00000E+00  0.00000E+00  2.91306E+03
   292  6.90777E-03 -1.36797E+01 -1.36586E+01 -2.11012E-02  0.00000E+00  0.00000E+00  2.84088E+03
   293  7.07665E-03 -1.36718E+01 -1.36504E+01 -2.14359E-02  0.00000E+00  0.00000E+00  2.77043E+03
   294  7.24964E-03 -1.36637E+01 -1.36420E+01 -2.17726E-02  0.00000E+00  0.00000E+00  2.70167E+03
   295  7.42686E-03 -1.36555E+01 -1.36334E+01 -2.21113E-02  0.00000E+00  0.00000E+00  2.63455E+03
   296  7.60841E-03 -1.36470E+01 -1.36246E+01 -2.24518E-02  0.00000E+00  0.00000E+00  2.56904E+03
   297  7.79438E-03 -1.36384E+01 -1.36156E+01 -2.27941E-02  0.00000E+00  0.00000E+00  2.50510E+03
   298  7.98490E-03 -1.36295E+01 -1.36064E+01 -2.31380E-02  0.00000E+00  0.00000E+00  2.44269E+03
   299  8.18007E-03 -1.36204E+01 -1.35970E+01 -2.34833E-02  0.00000E+00  0.00000E+00  2.38177E+03
   300  8.38000E-03 -1.36111E+01 -1.35873E+01 -2.38301E-02  0.00000E+00  0.00000E+00  2.32231E+03
   301  8.58481E-03 -1.36016E+01 -1.35774E+01 -2.41780E-02  0.00000E+00  0.00000E+00  2.26427E+03
   302  8.79462E-03 -1.35919E+01 -1.35673E+01 -2.45271E-02  0.00000E+00  0.00000E+00  2.20763E+03
   303  9.00955E-03 -1.35819E+01 -1.35570E+01 -2.48771E-02  0.00000E+00  0.00000E+00  2.15234E+03
   304  9.22972E-03 -1.35717E+01 -1.35464E+01 -2.52280E-02  0.00000E+00  0.00000E+00  2.09837E+03
   305  9.45527E-03 -1.35612E+01 -1.35356E+01 -2.55795E-02  0.00000E+00  0.00000E+00  2.04570E+03
   306  9.68632E-03 -1.35505E+01 -1.35246E+01 -2.59315E-02  0.00000E+00  0.00000E+00  1.99429E+03
   307  9.92301E-03 -1.35395E+01 -1.35132E+01 -2.62839E-02  0.00000E+00  0.00000E+00  1.94411E+03
   308  1.01655E-02 -1.35283E+01 -1.35016E+01 -2.66365E-02  0.00000E+00  0.00000E+00  1.89513E+03
   309  1.04139E-02 -1.35168E+01 -1.34898E+01 -2.69892E-02  0.00000E+00  0.00000E+00  1.84732E+03
   310  1.06683E-02 -1.35050E+01 -1.34776E+01 -2.73417E-02  0.00000E+00  0.00000E+00  1.80066E+03
   311  1.09290E-02 -1.34929E+01 -1.34652E+01 -2.76940E-02  0.00000E+00  0.00000E+00  1.75512E+03
   312  1.11960E-02 -1.34806E+01 -1.34525E+01 -2.80458E-02  0.00000E+00  0.00000E+00  1.71067E+03
   313  1.14695E-02 -1.34679E+01 -1.34395E+01 -2.83970E-02  0.00000E+00  0.00000E+00  1.66729E+03
   314  1.17497E-02 -1.34550E+01 -1.34263E+01 -2.87474E-02  0.00000E+00  0.00000E+00  1.62494E+03
   315  1.20367E-02 -1.34418E+01 -1.34127E+01 -2.90968E-02  0.00000E+00  0.00000E+00  1.58362E+03
   316  1.23308E-02 -1.34282E+01 -1.33988E+01 -2.94450E-02  0.00000E+00  0.00000E+00  1.54328E+03
   317  1.26320E-02 -1.34143E+01 -1.33845E+01 -2.97919E-02  0.00000E+00  0.00000E+00  1.50391E+03
   318  1.29405E-02 -1.34001E+01 -1.33700E+01 -3.01373E-02  0.00000E+00  0.00000E+00  1.46548E+03
   319  1.32566E-02 -1.33856E+01 -1.33551E+01 -3.04809E-02  0.00000E+00  0.00000E+00  1.42798E+03
   320  1.35804E-02 -1.33707E+01 -1.33399E+01 -3.08227E-02  0.00000E+00  0.00000E+00  1.39138E+03
   321  1.39121E-02 -1.33555E+01 -1.33243E+01 -3.11623E-02  0.00000E+00  0.00000E+00  1.35566E+03
   322  1.42518E-02 -1.33399E+01 -1.33084E+01 -3.14996E-02  0.00000E+00  0.00000E+00  1.32079E+03
   323  1.45999E-02 -1.33240E+01 -1.32922E+01 -3.18344E-02  0.00000E+00  0.00000E+00  1.28676E+03
   324  1.49565E-02 -1.33077E+01 -1.32755E+01 -3.21666E-02  0.00000E+00  0.00000E+00  1.25355E+03
   325  1.53217E-02 -1.32910E+01 -1.32585E+01 -3.24958E-02  0.00000E+00  0.00000E+00  1.22114E+03
   326  1.56958E-02 -1.32739E+01 -1.32411E+01 -3.28219E-02  0.00000E+00  0.00000E+00  1.18950E+03
   327  1.60791E-02 -1.32565E+01 -1.32233E+01 -3.31447E-02  0.00000E+00  0.00000E+00  1.15863E+03
   328  1.64717E-02 -1.32386E+01 -1.32051E+01 -3.34640E-02  0.00000E+00  0.00000E+00  1.12850E+03
   329  1.68739E-02 -1.32203E+01 -1.31865E+01 -3.37796E-02  0.00000E+00  0.00000E+00  1.09910E+03
   330  1.72859E-02 -1.32016E+01 -1.31675E+01 -3.40913E-02  0.00000E+00  0.00000E+00  1.07040E+03
   331  1.77079E-02 -1.31825E+01 -1.31481E+01 -3.43989E-02  0.00000E+00  0.00000E+00  1.04240E+03
   332  1.81402E-02 -1.31630E+01 -1.31283E+01 -3.47022E-02  0.00000E+00  0.00000E+00  1.01506E+03
   333  1.85831E-02 -1.31430E+01 -1.31080E+01 -3.50009E-02  0.00000E+00  0.00000E+00  9.88392E+02
   334  1.90367E-02 -1.31225E+01 -1.30872E+01 -3.52949E-02  0.00000E+00  0.00000E+00  9.62363E+02
   335  1.95014E-02 -1.31016E+01 -1.30660E+01 -3.55840E-02  0.00000E+00  0.00000E+00  9.36962E+02
   336  1.99775E-02 -1.30802E+01 -1.30443E+01 -3.58679E-02  0.00000E+00  0.00000E+00  9.12173E+02
   337  2.04651E-02 -1.30584E+01 -1.30222E+01 -3.61465E-02  0.00000E+00  0.00000E+00  8.87984E+02
   338  2.09646E-02 -1.30360E+01 -1.29996E+01 -3.64195E-02  0.00000E+00  0.00000E+00  8.64379E+02
   339  2.14762E-02 -1.30132E+01 -1.29765E+01 -3.66868E-02  0.00000E+00  0.00000E+00  8.41344E+02
   340  2.20004E-02 -1.29898E+01 -1.29529E+01 -3.69482E-02  0.00000E+00  0.00000E+00  8.18867E+02
   341  2.25373E-02 -1.29659E+01 -1.29287E+01 -3.72034E-02  0.00000E+00  0.00000E+00  7.96933E+02
   342  2.30872E-02 -1.29415E+01 -1.29041E+01 -3.74523E-02  0.00000E+00  0.00000E+00  7.75531E+02
   343  2.36506E-02 -1.29166E+01 -1.28789E+01 -3.76946E-02  0.00000E+00  0.00000E+00  7.54647E+02
   344  2.42277E-02 -1.28911E+01 -1.28532E+01 -3.79302E-02  0.00000E+00  0.00000E+00  7.34270E+02
   345  2.48188E-02 -1.28651E+01 -1.28269E+01 -3.81589E-02  0.00000E+00  0.00000E+00  7.14387E+02
   346  2.54244E-02 -1.28385E+01 -1.28001E+01 -3.83805E-02  0.00000E+00  0.00000E+00  6.94987E+02
   347  2.60446E-02 -1.28113E+01 -1.27727E+01 -3.85948E-02  0.00000E+00  0.00000E+00  6.76059E+02
   348  2.66800E-02 -1.27835E+01 -1.27447E+01 -3.88016E-02  0.00000E+00  0.00000E+00  6.57590E+02
   349  2.73309E-02 -1.27552E+01 -1.27162E+01 -3.90007E-02  0.00000E+00  0.00000E+00  6.39572E+02
   350  2.79975E-02 -1.27262E+01 -1.26870E+01 -3.91920E-02  0.00000E+00  0.00000E+00  6.21993E+02
   351  2.86804E-02 -1.26966E+01 -1.26572E+01 -3.93753E-02  0.00000E+00  0.00000E+00  6.04842E+02
   352  2.93799E-02 -1.26664E+01 -1.26269E+01 -3.95504E-02  0.00000E+00  0.00000E+00  5.88110E+02
   353  3.00965E-02 -1.26356E+01 -1.25958E+01 -3.97172E-02  0.00000E+00  0.00000E+00  5.71787E+02
   354  3.08305E-02 -1.26041E+01 -1.25642E+01 -3.98754E-02  0.00000E+00  0.00000E+00  5.55863E+02
   355  3.15823E-02 -1.25719E+01 -1.25319E+01 -4.00249E-02  0.00000E+00  0.00000E+00  5.40329E+02
   356  3.23524E-02 -1.25391E+01 -1.24989E+01 -4.01656E-02  0.00000E+00  0.00000E+00  5.25176E+02
   357  3.31412E-02 -1.25056E+01 -1.24653E+01 -4.02973E-02  0.00000E+00  0.00000E+00  5.10395E+02
   358  3.39493E-02 -1.24714E+01 -1.24310E+01 -4.04199E-02  0.00000E+00  0.00000E+00  4.95977E+02
   359  3.47769E-02 -1.24365E+01 -1.23960E+01 -4.05331E-02  0.00000E+00  0.00000E+00  4.81914E+02
   360  3.56247E-02 -1.24009E+01 -1.23602E+01 -4.06369E-02  0.00000E+00  0.00000E+00  4.68198E+02
   361  3.64931E-02 -1.23646E+01 -1.23238E+01 -4.07311E-02  0.00000E+00  0.00000E+00  4.54820E+02
   362  3.73826E-02 -1.23275E+01 -1.22867E+01 -4.08156E-02  0.00000E+00  0.00000E+00  4.41772E+02
   363  3.82937E-02 -1.22897E+01 -1.22488E+01 -4.08902E-02  0.00000E+00  0.00000E+00  4.29048E+02
   364  3.92270E-02 -1.22511E+01 -1.22102E+01 -4.09549E-02  0.00000E+00  0.00000E+00  4.16639E+02
   365  4.01829E-02 -1.22118E+01 -1.21708E+01 -4.10095E-02  0.00000E+00  0.00000E+00  4.04538E+02
   366  4.11621E-02 -1.21717E+01 -1.21307E+01 -4.10539E-02  0.00000E+00  0.00000E+00  3.92738E+02
   367  4.21650E-02 -1.21309E+01 -1.20898E+01 -4.10879E-02  0.00000E+00  0.00000E+00  3.81233E+02
   368  4.31923E-02 -1.20892E+01 -1.20481E+01 -4.11115E-02  0.00000E+00  0.00000E+00  3.70014E+02
   369  4.42445E-02 -1.20467E+01 -1.20056E+01 -4.11246E-02  0.00000E+00  0.00000E+00  3.59076E+02
   370  4.53223E-02 -1.20034E+01 -1.19623E+01 -4.11271E-02  0.00000E+00  0.00000E+00  3.48413E+02
   371  4.64262E-02 -1.19593E+01 -1.19182E+01 -4.11188E-02  0.00000E+00  0.00000E+00  3.38017E+02
   372  4.75570E-02 -1.19144E+01 -1.18733E+01 -4.10998E-02  0.00000E+00  0.00000E+00  3.27883E+02
   373  4.87151E-02 -1.18686E+01 -1.18276E+01 -4.10699E-02  0.00000E+00  0.00000E+00  3.18005E+02
   374  4.99014E-02 -1.18220E+01 -1.17810E+01 -4.10290E-02  0.00000E+00  0.00000E+00  3.08376E+02
   375  5.11164E-02 -1.17745E+01 -1.17335E+01 -4.09771E-02  0.00000E+00  0.00000E+00  2.98992E+02
   376  5.23609E-02 -1.17262E+01 -1.16853E+01 -4.09141E-02  0.00000E+00  0.00000E+00  2.89846E+02
   377  5.36356E-02 -1.16769E+01 -1.16361E+01 -4.08400E-02  0.00000E+00  0.00000E+00  2.80933E+02
   378  5.49412E-02 -1.16268E+01 -1.15861E+01 -4.07548E-02  0.00000E+00  0.00000E+00  2.72248E+02
   379  5.62784E-02 -1.15758E+01 -1.15352E+01 -4.06583E-02  0.00000E+00  0.00000E+00  2.63785E+02
   380  5.76480E-02 -1.15239E+01 -1.14834E+01 -4.05505E-02  0.00000E+00  0.00000E+00  2.55540E+02
   381  5.90508E-02 -1.14711E+01 -1.14307E+01 -4.04315E-02  0.00000E+00  0.00000E+00  2.47508E+02
   382  6.04876E-02 -1.14174E+01 -1.13771E+01 -4.03011E-02  0.00000E+00  0.00000E+00  2.39683E+02
   383  6.19592E-02 -1.13627E+01 -1.13226E+01 -4.01595E-02  0.00000E+00  0.00000E+00  2.32062E+02
   384  6.34664E-02 -1.13072E+01 -1.12672E+01 -4.00065E-02  0.00000E+00  0.00000E+00  2.24638E+02
   385  6.50101E-02 -1.12507E+01 -1.12108E+01 -3.98422E-02  0.00000E+00  0.00000E+00  2.17409E+02
   386  6.65911E-02 -1.11932E+01 -1.11536E+01 -3.96666E-02  0.00000E+00  0.00000E+00  2.10370E+02
   387  6.82105E-02 -1.11349E+01 -1.10954E+01 -3.94797E-02  0.00000E+00  0.00000E+00  2.03515E+02
   388  6.98689E-02 -1.10755E+01 -1.10363E+01 -3.92815E-02  0.00000E+00  0.00000E+00  1.96842E+02
   389  7.15675E-02 -1.10153E+01 -1.09762E+01 -3.90721E-02  0.00000E+00  0.00000E+00  1.90346E+02
   390  7.33072E-02 -1.09541E+01 -1.09152E+01 -3.88514E-02  0.00000E+00  0.00000E+00  1.84023E+02
   391  7.50889E-02 -1.08919E+01 -1.08533E+01 -3.86196E-02  0.00000E+00  0.00000E+00  1.77869E+02
   392  7.69137E-02 -1.08288E+01 -1.07904E+01 -3.83768E-02  0.00000E+00  0.00000E+00  1.71880E+02
   393  7.87825E-02 -1.07647E+01 -1.07266E+01 -3.81229E-02  0.00000E+00  0.00000E+00  1.66054E+02
   394  8.06965E-02 -1.06996E+01 -1.06618E+01 -3.78580E-02  0.00000E+00  0.00000E+00  1.60385E+02
   395  8.26567E-02 -1.06336E+01 -1.05960E+01 -3.75823E-02  0.00000E+00  0.00000E+00  1.54871E+02
   396  8.46642E-02 -1.05667E+01 -1.05294E+01 -3.72958E-02  0.00000E+00  0.00000E+00  1.49508E+02
   397  8.67201E-02 -1.04988E+01 -1.04618E+01 -3.69987E-02  0.00000E+00  0.00000E+00  1.44293E+02
   398  8.88257E-02 -1.04299E+01 -1.03932E+01 -3.66909E-02  0.00000E+00  0.00000E+00  1.39222E+02
   399  9.09820E-02 -1.03601E+01 -1.03237E+01 -3.63728E-02  0.00000E+00  0.00000E+00  1.34293E+02
   400  9.31903E-02 -1.02893E+01 -1.02533E+01 -3.60443E-02  0.00000E+00  0.00000E+00  1.29501E+02
   401  9.54518E-02 -1.02176E+01 -1.01819E+01 -3.57057E-02  0.00000E+00  0.00000E+00  1.24845E+02
   402  9.77678E-02 -1.01450E+01 -1.01096E+01 -3.53571E-02  0.00000E+00  0.00000E+00  1.20320E+02
   403  1.00140E-01 -1.00714E+01 -1.00364E+01 -3.49986E-02  0.00000E+00  0.00000E+00  1.15925E+02
   404  1.02568E-01 -9.99693E+00 -9.96230E+00 -3.46305E-02  0.00000E+00  0.00000E+00  1.11656E+02
   405  1.05056E-01 -9.92153E+00 -9.88728E+00 -3.42529E-02  0.00000E+00  0.00000E+00  1.07510E+02
   406  1.07603E-01 -9.84522E+00 -9.81136E+00 -3.38660E-02  0.00000E+00  0.00000E+00  1.03485E+02
   407  1.10211E-01 -9.76802E+00 -9.73455E+00 -3.34700E-02  0.00000E+00  0.00000E+00  9.95776E+01
   408  1.12883E-01 -9.68994E+00 -9.65688E+00 -3.30651E-02  0.00000E+00  0.00000E+00  9.57858E+01
   409  1.15618E-01 -9.61099E+00 -9.57834E+00 -3.26516E-02  0.00000E+00  0.00000E+00  9.21067E+01
   410  1.18419E-01 -9.53118E+00 -9.49895E+00 -3.22297E-02  0.00000E+00  0.00000E+00  8.85378E+01
   411  1.21287E-01 -9.45053E+00 -9.41873E+00 -3.17996E-02  0.00000E+00  0.00000E+00  8.50767E+01
   412  1.24224E-01 -9.36905E+00 -9.33768E+00 -3.13616E-02  0.00000E+00  0.00000E+00  8.17209E+01
   413  1.27232E-01 -9.28675E+00 -9.25584E+00 -3.09160E-02  0.00000E+00  0.00000E+00  7.84681E+01
   414  1.30311E-01 -9.20367E+00 -9.17320E+00 -3.04631E-02  0.00000E+00  0.00000E+00  7.53160E+01
   415  1.33465E-01 -9.11980E+00 -9.08980E+00 -3.00031E-02  0.00000E+00  0.00000E+00  7.22622E+01
   416  1.36694E-01 -9.03519E+00 -9.00565E+00 -2.95363E-02  0.00000E+00  0.00000E+00  6.93046E+01
   417  1.40000E-01 -8.94983E+00 -8.92077E+00 -2.90631E-02  0.00000E+00  0.00000E+00  6.64409E+01
   418  1.43386E-01 -8.86376E+00 -8.83518E+00 -2.85838E-02  0.00000E+00  0.00000E+00  6.36690E+01
   419  1.46852E-01 -8.77701E+00 -8.74891E+00 -2.80988E-02  0.00000E+00  0.00000E+00  6.09869E+01
   420  1.50401E-01 -8.68958E+00 -8.66197E+00 -2.76083E-02  0.00000E+00  0.00000E+00  5.83924E+01
   421  1.54036E-01 -8.60152E+00 -8.57440E+00 -2.71127E-02  0.00000E+00  0.00000E+00  5.58835E+01
   422  1.57757E-01 -8.51283E+00 -8.48622E+00 -2.66124E-02  0.00000E+00  0.00000E+00  5.34583E+01
   423  1.61566E-01 -8.42356E+00 -8.39745E+00 -2.61077E-02  0.00000E+00  0.00000E+00  5.11147E+01
   424  1.65467E-01 -8.33373E+00 -8.30813E+00 -2.55991E-02  0.00000E+00  0.00000E+00  4.88508E+01
   425  1.69461E-01 -8.24336E+00 -8.21827E+00 -2.50870E-02  0.00000E+00  0.00000E+00  4.66648E+01
   426  1.73549E-01 -8.15249E+00 -8.12792E+00 -2.45717E-02  0.00000E+00  0.00000E+00  4.45548E+01
   427  1.77735E-01 -8.06115E+00 -8.03710E+00 -2.40536E-02  0.00000E+00  0.00000E+00  4.25190E+01
   428  1.82021E-01 -7.96937E+00 -7.94584E+00 -2.35331E-02  0.00000E+00  0.00000E+00  4.05555E+01
   429  1.86409E-01 -7.87718E+00 -7.85417E+00 -2.30108E-02  0.00000E+00  0.00000E+00  3.86627E+01
   430  1.90901E-01 -7.78462E+00 -7.76213E+00 -2.24869E-02  0.00000E+00  0.00000E+00  3.68386E+01
   431  1.95500E-01 -7.69172E+00 -7.66976E+00 -2.19620E-02  0.00000E+00  0.00000E+00  3.50818E+01
   432  2.00207E-01 -7.59851E+00 -7.57707E+00 -2.14364E-02  0.00000E+00  0.00000E+00  3.33904E+01
   433  2.05027E-01 -7.50503E+00 -7.48412E+00 -2.09107E-02  0.00000E+00  0.00000E+00  3.17627E+01
   434  2.09961E-01 -7.41132E+00 -7.39093E+00 -2.03852E-02  0.00000E+00  0.00000E+00  3.01973E+01
   435  2.15011E-01 -7.31741E+00 -7.29755E+00 -1.98605E-02  0.00000E+00  0.00000E+00  2.86923E+01
   436  2.20181E-01 -7.22333E+00 -7.20400E+00 -1.93368E-02  0.00000E+00  0.00000E+00  2.72463E+01
   437  2.25474E-01 -7.12914E+00 -7.11032E+00 -1.88148E-02  0.00000E+00  0.00000E+00  2.58577E+01
   438  2.30891E-01 -7.03485E+00 -7.01656E+00 -1.82949E-02  0.00000E+00  0.00000E+00  2.45249E+01
   439  2.36437E-01 -6.94052E+00 -6.92275E+00 -1.77774E-02  0.00000E+00  0.00000E+00  2.32464E+01
   440  2.42113E-01 -6.84618E+00 -6.82892E+00 -1.72629E-02  0.00000E+00  0.00000E+00  2.20207E+01
   441  2.47923E-01 -6.75186E+00 -6.73511E+00 -1.67518E-02  0.00000E+00  0.00000E+00  2.08463E+01
   442  2.53870E-01 -6.65761E+00 -6.64136E+00 -1.62445E-02  0.00000E+00  0.00000E+00  1.97217E+01
   443  2.59957E-01 -6.56346E+00 -6.54772E+00 -1.57415E-02  0.00000E+00  0.00000E+00  1.86456E+01
   444  2.66187E-01 -6.46945E+00 -6.45420E+00 -1.52432E-02  0.00000E+00  0.00000E+00  1.76163E+01
   445  2.72563E-01 -6.37561E+00 -6.36086E+00 -1.47501E-02  0.00000E+00  0.00000E+00  1.66327E+01
   446  2.79089E-01 -6.28199E+00 -6.26773E+00 -1.42624E-02  0.00000E+00  0.00000E+00  1.56932E+01
   447  2.85768E-01 -6.18861E+00 -6.17483E+00 -1.37807E-02  0.00000E+00  0.00000E+00  1.47966E+01
   448  2.92603E-01 -6.09552E+00 -6.08222E+00 -1.33054E-02  0.00000E+00  0.00000E+00  1.39414E+01
   449  2.99598E-01 -6.00275E+00 -5.98991E+00 -1.28368E-02  0.00000E+00  0.00000E+00  1.31263E+01
   450  3.06757E-01 -5.91033E+00 -5.89796E+00 -1.23752E-02  0.00000E+00  0.00000E+00  1.23500E+01
   451  3.14083E-01 -5.81830E+00 -5.80637E+00 -1.19212E-02  0.00000E+00  0.00000E+00  1.16113E+01
   452  3.21580E-01 -5.72668E+00 -5.71520E+00 -1.14749E-02  0.00000E+00  0.00000E+00  1.09088E+01
   453  3.29251E-01 -5.63551E+00 -5.62447E+00 -1.10368E-02  0.00000E+00  0.00000E+00  1.02413E+01
   454  3.37101E-01 -5.54482E+00 -5.53421E+00 -1.06070E-02  0.00000E+00  0.00000E+00  9.60758E+00
   455  3.45134E-01 -5.45463E+00 -5.44444E+00 -1.01860E-02  0.00000E+00  0.00000E+00  9.00640E+00
   456  3.53353E-01 -5.36497E+00 -5.35520E+00 -9.77406E-03  0.00000E+00  0.00000E+00  8.43656E+00
   457  3.61762E-01 -5.27588E+00 -5.26650E+00 -9.37133E-03  0.00000E+00  0.00000E+00  7.89690E+00
   458  3.70367E-01 -5.18736E+00 -5.17838E+00 -8.97810E-03  0.00000E+00  0.00000E+00  7.38626E+00
   459  3.79170E-01 -5.09945E+00 -5.09085E+00 -8.59458E-03  0.00000E+00  0.00000E+00  6.90350E+00
   460  3.88177E-01 -5.01216E+00 -5.00394E+00 -8.22095E-03  0.00000E+00  0.00000E+00  6.44752E+00
   461  3.97392E-01 -4.92552E+00 -4.91766E+00 -7.85740E-03  0.00000E+00  0.00000E+00  6.01722E+00
   462  4.06819E-01 -4.83953E+00 -4.83203E+00 -7.50407E-03  0.00000E+00  0.00000E+00  5.61154E+00
   463  4.16463E-01 -4.75423E+00 -4.74707E+00 -7.16108E-03  0.00000E+00  0.00000E+00  5.22941E+00
   464  4.26328E-01 -4.66961E+00 -4.66278E+00 -6.82854E-03  0.00000E+00  0.00000E+00  4.86983E+00
   465  4.36420E-01 -4.58570E+00 -4.57919E+00 -6.50652E-03  0.00000E+00  0.00000E+00  4.53178E+00
   466  4.46743E-01 -4.50249E+00 -4.49630E+00 -6.19509E-03  0.00000E+00  0.00000E+00  4.21429E+00
   467  4.57303E-01 -4.42001E+00 -4.41412E+00 -5.89425E-03  0.00000E+00  0.00000E+00  3.91640E+00
   468  4.68103E-01 -4.33826E+00 -4.33265E+00 -5.60404E-03  0.00000E+00  0.00000E+00  3.63719E+00
   469  4.79150E-01 -4.25724E+00 -4.25191E+00 -5.32442E-03  0.00000E+00  0.00000E+00  3.37574E+00
   470  4.90448E-01 -4.17695E+00 -4.17189E+00 -5.05536E-03  0.00000E+00  0.00000E+00  3.13117E+00
   471  5.02004E-01 -4.09740E+00 -4.09260E+00 -4.79679E-03  0.00000E+00  0.00000E+00  2.90262E+00
   472  5.13821E-01 -4.01859E+00 -4.01404E+00 -4.54863E-03  0.00000E+00  0.00000E+00  2.68927E+00
   473  5.25906E-01 -3.94051E+00 -3.93620E+00 -4.31076E-03  0.00000E+00  0.00000E+00  2.49030E+00
   474  5.38265E-01 -3.86316E+00 -3.85908E+00 -4.08307E-03  0.00000E+00  0.00000E+00  2.30494E+00
   475  5.50902E-01 -3.78655E+00 -3.78268E+00 -3.86540E-03  0.00000E+00  0.00000E+00  2.13243E+00
   476  5.63825E-01 -3.71065E+00 -3.70699E+00 -3.65758E-03  0.00000E+00  0.00000E+00  1.97204E+00
   477  5.77038E-01 -3.63547E+00 -3.63201E+00 -3.45942E-03  0.00000E+00  0.00000E+00  1.82307E+00
   478  5.90547E-01 -3.56100E+00 -3.55773E+00 -3.27073E-03  0.00000E+00  0.00000E+00  1.68484E+00
   479  6.04360E-01 -3.48723E+00 -3.48414E+00 -3.09127E-03  0.00000E+00  0.00000E+00  1.55670E+00
   480  6.18481E-01 -3.41416E+00 -3.41124E+00 -2.92082E-03  0.00000E+00  0.00000E+00  1.43803E+00
   481  6.32917E-01 -3.34176E+00 -3.33900E+00 -2.75912E-03  0.00000E+00  0.00000E+00  1.32823E+00
   482  6.47675E-01 -3.27003E+00 -3.26742E+00 -2.60592E-03  0.00000E+00  0.00000E+00  1.22673E+00
   483  6.62761E-01 -3.19896E+00 -3.19650E+00 -2.46094E-03  0.00000E+00  0.00000E+00  1.13298E+00
   484  6.78182E-01 -3.12854E+00 -3.12622E+00 -2.32390E-03  0.00000E+00  0.00000E+00  1.04646E+00
   485  6.93943E-01 -3.05876E+00 -3.05657E+00 -2.19451E-03  0.00000E+00  0.00000E+00  9.66672E-01
   486  7.10053E-01 -2.98961E+00 -2.98754E+00 -2.07247E-03  0.00000E+00  0.00000E+00  8.93149E-01
   487  7.26517E-01 -2.92107E+00 -2.91912E+00 -1.95749E-03  0.00000E+00  0.00000E+00  8.25443E-01
   488  7.43344E-01 -2.85314E+00 -2.85130E+00 -1.84926E-03  0.00000E+00  0.00000E+00  7.63130E-01
   489  7.60539E-01 -2.78581E+00 -2.78406E+00 -1.74747E-03  0.00000E+00  0.00000E+00  7.05812E-01
   490  7.78110E-01 -2.71907E+00 -2.71742E+00 -1.65181E-03  0.00000E+00  0.00000E+00  6.53111E-01
   491  7.96065E-01 -2.65290E+00 -2.65134E+00 -1.56199E-03  0.00000E+00  0.00000E+00  6.04674E-01
   492  8.14410E-01 -2.58731E+00 -2.58583E+00 -1.47769E-03  0.00000E+00  0.00000E+00  5.60167E-01
   493  8.33153E-01 -2.52228E+00 -2.52089E+00 -1.39862E-03  0.00000E+00  0.00000E+00  5.19279E-01
   494  8.52303E-01 -2.45782E+00 -2.45650E+00 -1.32447E-03  0.00000E+00  0.00000E+00  4.81718E-01
   495  8.71865E-01 -2.39391E+00 -2.39266E+00 -1.25496E-03  0.00000E+00  0.00000E+00  4.47213E-01
   496  8.91849E-01 -2.33056E+00 -2.32937E+00 -1.18981E-03  0.00000E+00  0.00000E+00  4.15509E-01
   497  9.12261E-01 -2.26776E+00 -2.26663E+00 -1.12873E-03  0.00000E+00  0.00000E+00  3.86372E-01
   498  9.33111E-01 -2.20551E+00 -2.20444E+00 -1.07147E-03  0.00000E+00  0.00000E+00  3.59583E-01
   499  9.54406E-01 -2.14381E+00 -2.14280E+00 -1.01775E-03  0.00000E+00  0.00000E+00  3.34940E-01
   500  9.76153E-01 -2.08267E+00 -2.08171E+00 -9.67346E-04  0.00000E+00  0.00000E+00  3.12258E-01
   501  9.98362E-01 -2.02210E+00 -2.02118E+00 -9.20007E-04  0.00000E+00  0.00000E+00  2.91365E-01
   502  1.02104E+00 -1.96208E+00 -1.96121E+00 -8.75509E-04  0.00000E+00  0.00000E+00  2.72103E-01
   503  1.04420E+00 -1.90264E+00 -1.90181E+00 -8.33637E-04  0.00000E+00  0.00000E+00  2.54327E-01
   504  1.06784E+00 -1.84378E+00 -1.84299E+00 -7.94189E-04  0.00000E+00  0.00000E+00  2.37906E-01
   505  1.09198E+00 -1.78552E+00 -1.78476E+00 -7.56971E-04  0.00000E+00  0.00000E+00  2.22718E-01
   506  1.11662E+00 -1.72785E+00 -1.72713E+00 -7.21805E-04  0.00000E+00  0.00000E+00  2.08654E-01
   507  1.14178E+00 -1.67079E+00 -1.67010E+00 -6.88523E-04  0.00000E+00  0.00000E+00  1.95614E-01
   508  1.16746E+00 -1.61436E+00 -1.61371E+00 -6.56968E-04  0.00000E+00  0.00000E+00  1.83507E-01
   509  1.19366E+00 -1.55858E+00 -1.55795E+00 -6.26996E-04  0.00000E+00  0.00000E+00  1.72251E-01
   510  1.22041E+00 -1.50344E+00 -1.50285E+00 -5.98472E-04  0.00000E+00  0.00000E+00  1.61772E-01
   511  1.24771E+00 -1.44898E+00 -1.44841E+00 -5.71276E-04  0.00000E+00  0.00000E+00  1.52002E-01
   512  1.27556E+00 -1.39521E+00 -1.39466E+00 -5.45294E-04  0.00000E+00  0.00000E+00  1.42882E-01
   513  1.30398E+00 -1.34214E+00 -1.34162E+00 -5.20424E-04  0.00000E+00  0.00000E+00  1.34356E-01
   514  1.33298E+00 -1.28979E+00 -1.28930E+00 -4.96574E-04  0.00000E+00  0.00000E+00  1.26377E-01
   515  1.36256E+00 -1.23819E+00 -1.23771E+00 -4.73662E-04  0.00000E+00  0.00000E+00  1.18900E-01
   516  1.39273E+00 -1.18734E+00 -1.18689E+00 -4.51612E-04  0.00000E+00  0.00000E+00  1.11886E-01
   517  1.42352E+00 -1.13728E+00 -1.13684E+00 -4.30358E-04  0.00000E+00  0.00000E+00  1.05300E-01
   518  1.45491E+00 -1.08801E+00 -1.08760E+00 -4.09840E-04  0.00000E+00  0.00000E+00  9.91089E-02
   519  1.48693E+00 -1.03955E+00 -1.03916E+00 -3.90008E-04  0.00000E+00  0.00000E+00  9.32855E-02
   520  1.51958E+00 -9.91932E-01 -9.91561E-01 -3.70815E-04  0.00000E+00  0.00000E+00  8.78040E-02
   521  1.55288E+00 -9.45165E-01 -9.44813E-01 -3.52221E-04  0.00000E+00  0.00000E+00  8.26412E-02
   522  1.58683E+00 -8.99270E-01 -8.98936E-01 -3.34193E-04  0.00000E+00  0.00000E+00  7.77765E-02
   523  1.62144E+00 -8.54265E-01 -8.53948E-01 -3.16700E-04  0.00000E+00  0.00000E+00  7.31911E-02
   524  1.65672E+00 -8.10166E-01 -8.09866E-01 -2.99718E-04  0.00000E+00  0.00000E+00  6.88682E-02
   525  1.69268E+00 -7.66992E-01 -7.66708E-01 -2.83225E-04  0.00000E+00  0.00000E+00  6.47925E-02
   526  1.72934E+00 -7.24758E-01 -7.24491E-01 -2.67204E-04  0.00000E+00  0.00000E+00  6.09498E-02
   527  1.76670E+00 -6.83481E-01 -6.83229E-01 -2.51640E-04  0.00000E+00  0.00000E+00  5.73276E-02
   528  1.80477E+00 -6.43177E-01 -6.42940E-01 -2.36521E-04  0.00000E+00  0.00000E+00  5.39141E-02
   529  1.84356E+00 -6.03861E-01 -6.03639E-01 -2.21837E-04  0.00000E+00  0.00000E+00  5.06986E-02
   530  1.88309E+00 -5.65549E-01 -5.65341E-01 -2.07582E-04  0.00000E+00  0.00000E+00  4.76712E-02
   531  1.92335E+00 -5.28254E-01 -5.28060E-01 -1.93749E-04  0.00000E+00  0.00000E+00  4.48226E-02
   532  1.96437E+00 -4.91992E-01 -4.91812E-01 -1.80335E-04  0.00000E+00  0.00000E+00  4.21445E-02
   533  2.00614E+00 -4.56777E-01 -4.56610E-01 -1.67338E-04  0.00000E+00  0.00000E+00  3.96289E-02
   534  2.04869E+00 -4.22625E-01 -4.22470E-01 -1.54756E-04  0.00000E+00  0.00000E+00  3.72682E-02
   535  2.09202E+00 -3.89548E-01 -3.89406E-01 -1.42590E-04  0.00000E+00  0.00000E+00  3.50557E-02
   536  2.13615E+00 -3.57565E-01 -3.57434E-01 -1.30841E-04  0.00000E+00  0.00000E+00  3.29848E-02
   537  2.18107E+00 -3.26690E-01 -3.26570E-01 -1.19511E-04  0.00000E+00  0.00000E+00  3.10494E-02
   538  2.22680E+00 -2.96942E-01 -2.96833E-01 -1.08604E-04  0.00000E+00  0.00000E+00  2.92439E-02
   539  2.27336E+00 -2.68339E-01 -2.68241E-01 -9.81252E-05  0.00000E+00  0.00000E+00  2.75628E-02
   540  2.32074E+00 -2.40905E-01 -2.40817E-01 -8.80793E-05  0.00000E+00  0.00000E+00  2.60011E-02
   541  2.36896E+00 -2.14661E-01 -2.14583E-01 -7.84743E-05  0.00000E+00  0.00000E+00  2.45542E-02
   542  2.41804E+00 -1.89637E-01 -1.89567E-01 -6.93187E-05  0.00000E+00  0.00000E+00  2.32179E-02
   543  2.46797E+00 -1.65863E-01 -1.65802E-01 -6.06233E-05  0.00000E+00  0.00000E+00  2.19880E-02
   544  2.51877E+00 -1.43375E-01 -1.43323E-01 -5.24005E-05  0.00000E+00  0.00000E+00  2.08611E-02
   545  2.57045E+00 -1.22218E-01 -1.22173E-01 -4.46653E-05  0.00000E+00  0.00000E+00  1.98339E-02
   546  2.62302E+00 -1.02439E-01 -1.02401E-01 -3.74352E-05  0.00000E+00  0.00000E+00  1.89034E-02
   547  2.67648E+00 -8.40972E-02 -8.40665E-02 -3.07313E-05  0.00000E+00  0.00000E+00  1.80673E-02
   548  2.73086E+00 -6.72612E-02 -6.72366E-02 -2.45783E-05  0.00000E+00  0.00000E+00  1.73235E-02
   549  2.78614E+00 -5.20112E-02 -5.19922E-02 -1.90052E-05  0.00000E+00  0.00000E+00  1.66706E-02
   550  2.84235E+00 -3.84422E-02 -3.84282E-02 -1.40468E-05  0.00000E+00  0.00000E+00  1.61074E-02
   551  2.89950E+00 -2.66661E-02 -2.66564E-02 -9.74366E-06  0.00000E+00  0.00000E+00  1.56334E-02
   552  2.95758E+00 -1.68150E-02 -1.68088E-02 -6.14402E-06  0.00000E+00  0.00000E+00  1.52489E-02
   553  3.01662E+00 -9.04463E-03 -9.04133E-03 -3.30479E-06  0.00000E+00  0.00000E+00  1.49547E-02
   554  3.07661E+00 -3.53930E-03 -3.53801E-03 -1.29320E-06  0.00000E+00  0.00000E+00  1.47523E-02
   555  3.13758E+00 -5.16661E-04 -5.16472E-04 -1.88773E-07  0.00000E+00  0.00000E+00  1.46444E-02
   556  3.17474E+00  0.00000E+00 -0.00000E+00  0.00000E+00  0.00000E+00  0.00000E+00  1.46264E-02
   557  3.17474E+00 -0.00000E+00 -0.00000E+00  0.00000E+00  0.00000E+00  0.00000E+00  0.00000E+00
   558  6.34948E+00 -0.00000E+00 -0.00000E+00  0.00000E+00  0.00000E+00  0.00000E+00  0.00000E+00
   559  1.26990E+01 -0.00000E+00 -0.00000E+00  0.00000E+00  0.00000E+00  0.00000E+00  0.00000E+00
   560  2.53979E+01 -0.00000E+00 -0.00000E+00  0.00000E+00  0.00000E+00  0.00000E+00  0.00000E+00
   561  5.07958E+01 -0.00000E+00 -0.00000E+00  0.00000E+00  0.00000E+00  0.00000E+00  0.00000E+00
   562  1.01592E+02 -0.00000E+00 -0.00000E+00  0.00000E+00  0.00000E+00  0.00000E+00  0.00000E+00
   563  2.03183E+02 -0.00000E+00 -0.00000E+00  0.00000E+00  0.00000E+00  0.00000E+00  0.00000E+00
   564  4.06367E+02 -0.00000E+00 -0.00000E+00  0.00000E+00  0.00000E+00  0.00000E+00  0.00000E+00
   565  8.12733E+02 -0.00000E+00 -0.00000E+00  0.00000E+00  0.00000E+00  0.00000E+00  0.00000E+00
   566  1.62547E+03 -0.00000E+00 -0.00000E+00  0.00000E+00  0.00000E+00  0.00000E+00  0.00000E+00
   567  3.25093E+03 -0.00000E+00 -0.00000E+00  0.00000E+00  0.00000E+00  0.00000E+00  0.00000E+00
   568  6.50187E+03 -0.00000E+00 -0.00000E+00  0.00000E+00  0.00000E+00  0.00000E+00  0.00000E+00
   569  1.30037E+04 -0.00000E+00 -0.00000E+00  0.00000E+00  0.00000E+00  0.00000E+00  0.00000E+00
