6.42480e+0 2.00185e-2
7.53693e+0 2.34184e-2
8.64905e+0 2.67446e-2
9.76117e+0 2.99973e-2
1.08733e+1 3.31028e-2
1.19854e+1 3.61346e-2
1.30975e+1 3.89456e-2
1.42097e+1 4.17567e-2
1.53218e+1 4.44941e-2
1.64339e+1 4.69371e-2
1.75460e+1 4.96009e-2
1.86581e+1 5.19703e-2
1.97703e+1 5.43397e-2
2.08824e+1 5.64146e-2
2.19945e+1 5.87104e-2
2.31066e+1 6.08590e-2
2.42187e+1 6.27131e-2
2.53309e+1 6.45673e-2
2.64430e+1 6.64214e-2
2.75551e+1 6.82020e-2
2.86672e+1 6.98353e-2
2.97794e+1 7.14687e-2
3.08915e+1 7.31020e-2
3.20036e+1 7.45145e-2
3.31157e+1 7.59270e-2
3.42278e+1 7.71923e-2
3.53400e+1 7.84576e-2
3.64521e+1 7.97965e-2
3.75642e+1 8.09146e-2
3.86763e+1 8.18119e-2
3.97885e+1 8.31508e-2
4.09006e+1 8.41217e-2
4.20127e+1 8.48717e-2
4.31248e+1 8.61370e-2
4.42369e+1 8.65927e-2
4.53491e+1 8.78580e-2
4.64612e+1 8.80928e-2
4.75733e+1 8.91373e-2
4.86854e+1 8.97401e-2
4.97975e+1 9.04166e-2
5.09097e+1 9.13875e-2
5.20218e+1 9.14015e-2
5.31339e+1 9.19307e-2
5.42460e+1 9.28280e-2
5.53582e+1 9.30628e-2
5.64703e+1 9.30768e-2
5.75824e+1 9.32380e-2
5.86945e+1 9.39145e-2
5.98066e+1 9.41493e-2
6.09188e+1 9.47522e-2
6.20309e+1 9.47662e-2
6.31430e+1 9.47802e-2
6.42551e+1 9.47942e-2
6.53672e+1 9.48082e-2
6.64794e+1 9.40125e-2
6.75915e+1 9.40265e-2
6.87036e+1 9.32309e-2
6.98157e+1 9.32449e-2
7.09279e+1 9.32589e-2
7.20400e+1 8.94340e-2
7.31521e+1 9.25508e-2
7.42642e+1 9.16816e-2
7.53763e+1 9.14011e-2
7.64885e+1 9.03847e-2
7.76006e+1 9.01042e-2
7.87127e+1 8.90878e-2
7.98248e+1 8.85129e-2
8.09370e+1 8.75700e-2
8.20491e+1 8.69216e-2
8.31612e+1 8.56107e-2
8.42733e+1 8.50359e-2
8.53854e+1 8.37250e-2
8.64976e+1 8.26349e-2
8.76097e+1 8.16920e-2
8.87218e+1 8.04547e-2
8.98339e+1 7.90702e-2
9.09460e+1 7.78329e-2
9.20582e+1 7.65220e-2
9.31703e+1 7.51375e-2
9.42824e+1 7.36794e-2
9.53945e+1 7.21477e-2
9.65067e+1 7.05423e-2
9.76188e+1 7.18392e-2
9.85792e+1 6.81026e-2
