4.01908e+1 3.08464e+1
4.36981e+1 2.58494e+1
4.72504e+1 2.22830e+1
5.04456e+1 1.96580e+1
5.42359e+1 1.72785e+1
5.89136e+1 1.51311e+1
6.43246e+1 1.34474e+1
7.18485e+1 1.20593e+1
8.02524e+1 1.12114e+1
9.05416e+1 1.07262e+1
1.00885e+2 1.06213e+1
1.12710e+2 1.06213e+1
1.25893e+2 1.06911e+1
1.40619e+2 1.09034e+1
1.58295e+2 1.12205e+1
1.77196e+2 1.16267e+1
1.97491e+2 1.21287e+1
2.22594e+2 1.28277e+1
2.44863e+2 1.34210e+1
2.74785e+2 1.42295e+1
3.06926e+2 1.51187e+1
3.42826e+2 1.60504e+1
3.82925e+2 1.71797e+1
4.27715e+2 1.84186e+1
4.85137e+2 2.00097e+1
5.40557e+2 2.14954e+1
6.00702e+2 2.31292e+1
6.70300e+2 2.49208e+1
7.33733e+2 2.65508e+1
7.74199e+2 2.76969e+1
8.64947e+2 3.00860e+1
9.66118e+2 3.26276e+1
1.07912e+3 3.55002e+1
1.21477e+3 3.87841e+1
1.35686e+3 4.23025e+1
1.51759e+3 4.60150e+1
1.66014e+3 4.91945e+1
1.80534e+3 5.26396e+1
1.92053e+3 5.56608e+1
2.14517e+3 6.07599e+1
2.39609e+3 6.65984e+1
2.64518e+3 7.20168e+1
2.97083e+3 7.89791e+1
3.35174e+3 8.71413e+1
3.72299e+3 9.56454e+1
4.12711e+3 1.03993e+2
4.60984e+3 1.14173e+2
5.19578e+3 1.26111e+2
5.94259e+3 1.41159e+2
6.63768e+3 1.54976e+2
7.27366e+3 1.67039e+2
8.41131e+3 1.90199e+2
9.39516e+3 2.09160e+2
