8.40100e-1  1.53139e-2
1.56996e+0  2.72376e-2
2.34065e+0  3.85486e-2
2.98176e+0  4.73912e-2
3.50658e+0  6.23534e-2
3.95860e+0  5.85837e-2
4.21620e+0  7.54302e-2
4.75481e+0  7.01659e-2
4.93017e+0  8.96008e-2
5.57867e+0  1.07520e-1
5.59083e+0  8.29482e-2
6.24771e+0  1.23447e-1
6.34724e+0  9.45864e-2
6.94440e+0  1.38043e-1
7.07710e+0  1.06288e-1
7.64108e+0  1.52431e-1
7.80696e+0  1.17738e-1
8.33777e+0  1.67270e-1
8.53682e+0  1.30129e-1
9.03445e+0  1.81553e-1
9.26668e+0  1.41892e-1
9.69796e+0  1.96837e-1
9.99654e+0  1.55097e-1
1.03283e+1  2.10867e-1
1.07264e+1  1.68238e-1
1.09586e+1  2.25754e-1
1.14563e+1  1.82144e-1
1.15890e+1  2.40319e-1
1.21861e+1  1.96754e-1
1.22525e+1  2.55835e-1
1.28496e+1  2.09491e-1
1.29823e+1  2.73235e-1
1.34468e+1  2.24051e-1
1.36790e+1  2.90336e-1
1.40440e+1  2.38252e-1
1.43094e+1  3.06417e-1
1.46079e+1  2.52122e-1
1.49397e+1  3.22215e-1
1.51387e+1  2.67572e-1
1.55700e+1  3.38702e-1
1.56364e+1  2.82789e-1
1.61340e+1  2.99549e-1
1.61672e+1  3.54232e-1
1.66980e+1  3.17099e-1
1.67312e+1  3.68950e-1
1.72620e+1  3.82720e-1
1.72620e+1  3.33204e-1
1.78260e+1  3.97534e-1
1.78260e+1  3.49080e-1
1.83899e+1  4.12845e-1
1.83899e+1  3.64104e-1
1.89539e+1  4.28213e-1
1.89539e+1  3.79682e-1
1.95179e+1  4.43313e-1
1.95179e+1  3.94831e-1
2.00819e+1  4.58586e-1
2.00819e+1  4.10515e-1
2.06459e+1  4.73179e-1
2.06459e+1  4.26160e-1
2.12099e+1  4.88040e-1
2.12099e+1  4.42265e-1
2.17739e+1  5.02270e-1
2.17739e+1  4.58215e-1
2.23047e+1  4.74115e-1
2.23710e+1  5.17624e-1
2.28023e+1  4.88881e-1
2.30013e+1  5.33330e-1
2.32999e+1  5.04659e-1
2.36317e+1  5.48746e-1
2.37976e+1  5.20084e-1
2.42620e+1  5.35843e-1
2.43450e+1  5.59036e-1
2.48260e+1  5.54202e-1
2.49877e+1  5.71956e-1
2.55851e+1  5.81982e-1
2.61862e+1  6.02100e-1
2.67568e+1  6.16031e-1
2.71866e+1  6.29178e-1
2.74800e+1  6.52258e-1
2.78781e+1  6.69361e-1
2.79113e+1  6.29821e-1
2.82763e+1  6.86119e-1
2.86412e+1  6.37263e-1
2.86412e+1  7.00857e-1
2.90061e+1  7.18373e-1
2.93710e+1  6.43390e-1
2.93710e+1  7.34741e-1
2.97360e+1  7.50972e-1
3.01009e+1  6.46699e-1
3.01341e+1  7.71059e-1
3.04990e+1  7.89012e-1
3.07976e+1  8.03372e-1
3.08308e+1  6.47002e-1
3.10630e+1  8.16802e-1
3.13284e+1  8.31954e-1
3.15606e+1  6.44298e-1
3.16270e+1  8.47830e-1
3.19256e+1  8.63292e-1
3.21910e+1  8.78272e-1
3.22905e+1  6.38714e-1
3.25485e+1  8.94342e-1
3.28287e+1  9.11178e-1
3.30204e+1  6.29622e-1
3.31730e+1  9.29594e-1
3.34848e+1  9.49584e-1
3.37170e+1  6.17563e-1
3.38232e+1  9.67671e-1
3.40820e+1  9.84683e-1
3.43400e+1  1.00087e+0
3.43805e+1  6.03155e-1
3.46865e+1  1.01686e+0
3.49445e+1  1.03281e+0
3.50109e+1  5.86742e-1
3.50109e+1  1.06121e+0
3.53095e+1  1.07853e+0
3.55085e+1  1.03932e+0
3.55749e+1  5.70793e-1
3.55749e+1  1.09609e+0
3.58403e+1  1.11263e+0
3.59730e+1  1.05562e+0
3.61057e+1  5.53734e-1
3.61389e+1  1.13146e+0
3.64374e+1  1.14637e+0
3.66033e+1  1.07092e+0
3.66033e+1  5.37390e-1
3.67692e+1  1.16411e+0
3.70678e+1  5.20160e-1
3.71684e+1  1.18120e+0
3.73332e+1  1.07479e+0
3.75701e+1  5.04407e-1
3.78972e+1  1.06466e+0
3.80630e+1  1.19772e+0
3.82289e+1  1.05007e+0
3.82953e+1  4.71722e-1
3.84943e+1  1.03336e+0
3.87265e+1  4.54788e-1
3.87265e+1  1.01711e+0
3.88592e+1  1.17418e+0
3.90378e+1  9.91641e-1
3.90915e+1  1.15650e+0
3.91578e+1  4.37034e-1
3.92577e+1  9.64235e-1
3.94232e+1  9.36555e-1
3.95559e+1  4.19460e-1
3.95559e+1  1.09897e+0
3.95559e+1  9.17780e-1
3.95670e+1  1.12870e+0
3.96365e+1  1.12067e+0
3.96997e+1  1.08117e+0
3.97085e+1  8.95602e-1
3.98545e+1  1.05780e+0
3.98545e+1  8.74152e-1
3.99209e+1  4.05424e-1
3.99725e+1  1.03273e+0
3.99872e+1  8.57263e-1
4.01375e+1  1.00304e+0
4.01375e+1  8.22643e-1
4.02474e+1  9.71072e-1
4.02858e+1  3.90056e-1
4.03024e+1  7.95238e-1
4.03574e+1  9.52802e-1
4.04185e+1  9.32579e-1
4.04674e+1  7.67833e-1
4.05512e+1  9.11910e-1
4.05512e+1  8.90725e-1
4.05773e+1  7.42713e-1
4.06728e+1  7.12351e-1
4.06839e+1  3.72368e-1
4.06839e+1  8.70573e-1
4.07171e+1  8.50593e-1
4.08166e+1  8.34747e-1
4.08498e+1  8.19590e-1
4.09072e+1  6.62784e-1
4.09072e+1  7.90663e-1
4.11152e+1  3.55549e-1
4.11271e+1  6.17110e-1
4.11271e+1  7.42705e-1
4.12371e+1  5.82856e-1
4.12371e+1  7.01600e-1
4.13471e+1  6.51360e-1
4.14021e+1  5.37183e-1
4.14570e+1  6.17106e-1
4.15465e+1  3.38254e-1
4.16220e+1  4.98359e-1
4.17503e+1  4.65275e-1
4.18561e+1  4.31943e-1
4.18782e+1  4.48247e-1
4.19645e+1  4.05946e-1
4.20972e+1  3.73841e-1
4.21247e+1  3.25616e-1
4.22100e+1  3.49382e-1
4.23095e+1  3.07701e-1
4.25086e+1  2.54376e-1
4.25512e+1  2.90486e-1
4.26280e+1  2.36738e-1
4.26965e+1  2.74398e-1
4.27629e+1  2.18594e-1
4.27740e+1  1.97984e-1
4.27872e+1  1.59990e-1
4.28071e+1  1.27886e-1
4.28071e+1  1.06702e-1
4.29398e+1  8.65487e-2
4.29398e+1  6.69144e-2
4.30299e+1  1.78371e-1
4.30615e+1  5.02638e-2
4.31721e+1  3.53356e-2
4.32716e+1  2.74734e-1
4.34043e+1  1.55779e-1
4.35702e+1  1.88724e-2
4.36033e+1  1.35280e-1
4.37360e+1  2.58767e-1
4.38687e+1  1.14092e-1
4.41673e+1  6.32409e-3
4.41673e+1  9.49360e-2
4.43000e+1  2.40312e-1
4.45323e+1  8.02108e-2
4.48640e+1  2.24478e-1
4.48972e+1  4.43480e-3
4.50299e+1  6.42437e-2
4.54280e+1  2.07993e-1
4.56270e+1  3.83984e-3
4.56934e+1  4.99966e-2
4.60583e+1  1.92116e-1
4.63569e+1  2.28457e-3
4.64233e+1  3.97150e-2
4.67550e+1  1.75428e-1
4.70868e+1  1.81488e-3
4.71531e+1  3.23143e-2
4.74849e+1  1.59635e-1
4.78166e+1  2.49338e-3
4.78830e+1  2.72309e-2
4.82147e+1  1.46034e-1
4.84138e+1  3.80007e-3
4.86128e+1  2.30244e-2
4.89446e+1  1.33247e-1
4.93427e+1  1.95694e-2
4.96745e+1  1.22214e-1
5.00726e+1  1.69285e-2
5.04043e+1  1.11807e-1
5.05370e+1  1.75482e-2
5.11342e+1  1.02903e-1
5.18640e+1  9.45631e-2
5.25939e+1  8.73503e-2
5.33238e+1  8.13275e-2
5.40536e+1  7.49916e-2
5.47835e+1  6.90940e-2
5.55134e+1  6.48874e-2
5.62432e+1  6.01172e-2
5.69731e+1  5.65995e-2
5.77029e+1  5.30819e-2
5.84328e+1  4.96269e-2
5.91627e+1  4.59840e-2
5.98925e+1  4.32179e-2
6.06423e+1  4.08273e-2
6.13522e+1  3.86251e-2
6.20821e+1  3.68611e-2
6.28120e+1  3.45960e-2
6.35418e+1  3.28320e-2
6.35418e+1  4.14782e-3
6.42717e+1  3.12558e-2
6.42717e+1  2.00801e-3
6.50016e+1  2.91160e-2
6.50016e+1  1.49656e-3
6.57314e+1  2.87925e-2
6.57314e+1  1.48615e-3
6.64613e+1  1.47573e-3
6.65940e+1  2.59618e-2
6.71911e+1  1.46531e-3
6.73238e+1  2.55756e-2
6.79210e+1  1.45490e-3
6.84518e+1  2.26160e-2
6.86509e+1  1.44448e-3
6.91817e+1  2.21045e-2
6.93807e+1  1.43406e-3
6.99115e+1  2.16557e-2
7.01106e+1  1.42365e-3
7.06414e+1  1.94533e-2
7.08404e+1  1.41323e-3
