10 0.07506702412868638
11.73830983035772 0.09651474530831106
13.559715577053362 0.12868632707774807
15.916814265498019 0.1608579088471851
18.985510256791667 0.1930294906166221
22.285780168165495 0.24664879356568425
27.0118621281706 0.3002680965147455
31.707360675537235 0.3860589812332442
36.04495997107416 0.4718498659517434
40.32444933856686 0.5683646112600536
44.394767567242745 0.675603217158177
47.33408800746612 0.7828418230563008
49.66559977037984 0.8793565683646118
52.95389522907133 0.9973190348525471
55.562219056905704 1.1367292225201076
60.19804213212049 1.3512064343163543
64.18367704804531 1.544235924932976
68.43319572364742 1.7908847184986598
72.96406956312978 2.080428954423593
79.0518126929697 2.348525469168901
88.43735209076817 2.7560321715817695
92.79346700414825 2.927613941018767
98.93720306203761 3.0991957104557644
103.81050394178709 3.2171581769437
112.47191339935635 3.3565683646112605
121.85598589142683 3.4638069705093835
134.1560333510403 3.5281501340482575
152.50871561022493 3.53887399463807
170.61553074964178 3.474530831099196
193.9559094572988 3.3565683646112605
227.67145586385797 3.1742627345844507
275.95309340344505 2.927613941018767
329.15570903915227 2.680965147453083
392.6155690332066 2.445040214477212
475.8764351111892 2.1662198391420913
586.113113856781 1.9088471849865956
687.9977326086625 1.7265415549597858
807.5930547944085 1.5656836461126007
963.2936572206231 1.3941018766756037
1167.5766009284218 1.2546916890080433
1415.181246982245 1.1152815013404829
1743.0076930509958 0.9651474530831101
2146.7750682206974 0.8257372654155497
2730.2027237654042 0.6970509383378016
3528.2861922138836 0.5898123324396787
4487.166221932253 0.4932975871313676
5615.907599698969 0.41823056300268124
7142.139133291214 0.3538873994638072
10000 0.25737265415549615
