

  **** PARTIAL WAVE ANALYSIS (DPWA0) ******************************************


  KINETIC ENERGY = 2.50000E+04 eV

      L       PHASE(SPIN UP)     PHASE(SPIN DOWN)
  -----------------------------------------------
       0      7.04297658E-01      0.00000000E+00
       1      5.13065274E-01      5.21108018E-01
       2      4.18453262E-01      4.22493296E-01
       3      3.57025014E-01      3.59678268E-01
       4      3.12421376E-01      3.14363984E-01
       5      2.77946458E-01      2.79457893E-01
       6      2.50185223E-01      2.51409111E-01
       7      2.27158432E-01      2.28178466E-01
       8      2.07620859E-01      2.08489910E-01
       9      1.90743537E-01      1.91496919E-01
      10      1.75951357E-01      1.76613649E-01
      11      1.62832413E-01      1.63421272E-01
      12      1.51083943E-01      1.51612392E-01
      13      1.40478439E-01      1.40956297E-01
      14      1.30841552E-01      1.31276373E-01
      15      1.22037251E-01      1.22434951E-01
      16      1.13957603E-01      1.14322895E-01
      17      1.06515597E-01      1.06852296E-01
      18      9.96400199E-02      9.99512627E-02
      19      9.32717482E-02      9.35601478E-02
      20      8.73610276E-02      8.76287917E-02
      21      8.18654575E-02      8.21144742E-02
      22      7.67484814E-02      7.69803837E-02
      23      7.19782446E-02      7.21944596E-02
      24      6.75267224E-02      6.77285085E-02
      25      6.33690474E-02      6.35575239E-02
      26      5.94829864E-02      5.96591557E-02
      27      5.58485293E-02      5.60132949E-02
      28      5.24475625E-02      5.26017434E-02
      29      4.92636074E-02      4.94079493E-02
      30      4.62816087E-02      4.64167934E-02
      31      4.34877604E-02      4.36144136E-02
      32      4.08693633E-02      4.09880607E-02
      33      3.84147046E-02      3.85259773E-02
      34      3.61129567E-02      3.62172960E-02
      35      3.39540916E-02      3.40519524E-02
      36      3.19288061E-02      3.20206105E-02
      37      3.00284579E-02      3.01145980E-02
      38      2.82450087E-02      2.83258492E-02
      39      2.65709749E-02      2.66468553E-02
      40      2.49993828E-02      2.50706195E-02
      41      2.35237297E-02      2.35906177E-02
      42      2.21379475E-02      2.22007621E-02
      43      2.08363713E-02      2.08953694E-02
      44      1.96137095E-02      1.96691310E-02
      45      1.84650174E-02      1.85170865E-02
      46      1.73856725E-02      1.74345989E-02
      47      1.63713527E-02      1.64173323E-02
      48      1.54180149E-02      1.54612309E-02
      49      1.45218764E-02      1.45625004E-02
      50      1.36793973E-02      1.37175897E-02
      51      1.28872640E-02      1.29231749E-02
      52      1.21423742E-02      1.21761443E-02
      53      1.14418231E-02      1.14735840E-02
      54      1.07828900E-02      1.08127649E-02
      55      1.01630263E-02      1.01911308E-02
      56      9.57984460E-03      9.60628684E-03
      57      9.03110763E-03      9.05598896E-03
      58      8.51471888E-03      8.53813429E-03
      59      8.02871330E-03      8.05075180E-03
      60      7.57124887E-03      7.59199391E-03
      61      7.14059862E-03      7.16012845E-03
      62      6.73514327E-03      6.75353124E-03
      63      6.35336430E-03      6.37067921E-03
      64      5.99383746E-03      6.01014382E-03
      65      5.65522682E-03      5.67058515E-03
      66      5.33627905E-03      5.35074614E-03
      67      5.03581823E-03      5.04944734E-03
      68      4.75274089E-03      4.76558202E-03
      69      4.48601143E-03      4.49811149E-03
      70      4.23465782E-03      4.24606084E-03
      71      3.99776758E-03      4.00851491E-03
      72      3.77448402E-03      3.78461447E-03
      73      3.56400275E-03      3.57355277E-03
      74      3.36556838E-03      3.37457219E-03
      75      3.17847141E-03      3.18696116E-03
      76      3.00204543E-03      3.01005131E-03
      77      2.83566436E-03      2.84321475E-03
      78      2.67873998E-03      2.68586153E-03
      79      2.53071955E-03      2.53743731E-03
      80      2.39108360E-03      2.39742110E-03
      81      2.25934388E-03      2.26532326E-03
      82      2.13504144E-03      2.14068350E-03
      83      2.01774477E-03      2.02306906E-03
      84      1.90704817E-03      1.91207308E-03
      85      1.80257012E-03      1.80731294E-03
      86      1.70395180E-03      1.70842880E-03
      87      1.61085570E-03      1.61508219E-03
      88      1.52296435E-03      1.52695471E-03
      89      1.43997903E-03      1.44374679E-03
      90      1.36161867E-03      1.36517659E-03
      91      1.28761879E-03      1.29097886E-03
      92      1.21773043E-03      1.22090394E-03
      93      1.15171930E-03      1.15471686E-03
      94      1.08936479E-03      1.09219642E-03
      95      1.03045924E-03      1.03313435E-03  i
      96      9.74807096E-04      9.77334549E-04  i
      97      9.22224199E-04      9.24612351E-04  i
      98      8.72537108E-04      8.74793825E-04  i
      99      8.25582459E-04      8.27715151E-04  i
     100      7.81206350E-04      7.83221997E-04  i
     105      5.93211939E-04      5.94733755E-04  i
     110      4.51143683E-04      4.52294829E-04  i
     115      3.43585458E-04      3.44457760E-04  i
     120      2.62014893E-04      2.62676989E-04  i
     125      2.00054051E-04      2.00557371E-04  i
     130      1.52918550E-04      1.53301720E-04  i
     135      1.17011390E-04      1.17303481E-04  i
     140      8.96225431E-05      8.98454813E-05  i
     145      6.87061881E-05      6.88765414E-05  i
     150      5.27150189E-05      5.28453295E-05  i
     155      4.04767239E-05      4.05765026E-05  i
     160      3.11016437E-05      3.11781140E-05  i
     165      2.39135857E-05      2.39722422E-05  i
     170      1.83978722E-05      1.84428997E-05  i
     175      1.41622359E-05      1.41968261E-05  i
     180      1.09073364E-05      1.09339266E-05  i
     185      8.40448396E-06      8.42493679E-06  i
     190      6.47877635E-06      6.49451741E-06  i
     195      4.99631575E-06      5.00843686E-06  i
     200      3.85450168E-06      3.86383983E-06  i
     205      2.97464875E-06      2.98184612E-06  i
     210      2.29636454E-06      2.30191419E-06  i
     215      1.77326303E-06      1.77754383E-06  i
     220      1.36969224E-06      1.37299546E-06  i
     225      1.05823366E-06      1.06078335E-06  i
     230      8.17787626E-07      8.19756285E-07  i
     235      6.32109741E-07      6.33630204E-07  i
     240      4.88686609E-07      4.89861207E-07  i
     245      3.77874946E-07      3.78782570E-07  i
     250      2.92239984E-07      2.92941468E-07  i
     255      2.26047367E-07      2.26589654E-07  i
     260      1.74873060E-07      1.75292344E-07  i
     265      1.35302255E-07      1.35626512E-07  i
     270      1.04698852E-07      1.04949638E-07  i
     275      8.10269321E-08      8.12209344E-08  i
     280      6.27139306E-08      6.28640293E-08  i
     285      4.85447494E-08      4.86608871E-08  i
     290      3.75803749E-08      3.76702587E-08  i
     295      2.90949126E-08      2.91644732E-08  i
     300      2.25272978E-08      2.25811334E-08  i
     310      1.35078059E-08      1.35400680E-08  i
     320      8.10180820E-09      8.12115861E-09  i
     330      4.86028384E-09      4.87187318E-09  i
     340      2.91621522E-09      2.92318468E-09  i
     350      1.74992222E-09      1.75409859E-09  i
     360      1.05017359E-09      1.05266436E-09  i


  *** SCATTERING AMPLITUDES AND DIFFERENTIAL CROSS SECTION ***

    ANGLE      DCS       ASYMMETRY    DIRECT AMPLITUDE       SPIN-FLIP AMPLITUDE     ERROR
    (deg)   (cm**2/sr)                      (cm)                    (cm)
  -------------------------------------------------------------------------------------------
  0.000E+00 4.29450E-16  0.000E+00 ( 2.063E-08, 1.948E-09) ( 0.000E+00, 0.000E+00)  1.00E-07
  1.000E-04 4.29450E-16  5.971E-11 ( 2.063E-08, 1.948E-09) ( 8.429E-16, 8.020E-17)  1.00E-07
  1.250E-04 4.29450E-16  7.464E-11 ( 2.063E-08, 1.948E-09) ( 1.054E-15, 1.003E-16)  1.00E-07
  1.500E-04 4.29450E-16  8.957E-11 ( 2.063E-08, 1.948E-09) ( 1.264E-15, 1.203E-16)  1.00E-07
  1.750E-04 4.29450E-16  1.045E-10 ( 2.063E-08, 1.948E-09) ( 1.475E-15, 1.404E-16)  1.00E-07
  2.000E-04 4.29450E-16  1.194E-10 ( 2.063E-08, 1.948E-09) ( 1.686E-15, 1.604E-16)  1.00E-07
  2.250E-04 4.29450E-16  1.344E-10 ( 2.063E-08, 1.948E-09) ( 1.897E-15, 1.805E-16)  1.00E-07
  2.500E-04 4.29450E-16  1.493E-10 ( 2.063E-08, 1.948E-09) ( 2.107E-15, 2.005E-16)  1.00E-07
  2.750E-04 4.29450E-16  1.642E-10 ( 2.063E-08, 1.948E-09) ( 2.318E-15, 2.206E-16)  1.00E-07
  3.000E-04 4.29450E-16  1.791E-10 ( 2.063E-08, 1.948E-09) ( 2.529E-15, 2.406E-16)  1.00E-07
  3.250E-04 4.29450E-16  1.941E-10 ( 2.063E-08, 1.948E-09) ( 2.740E-15, 2.607E-16)  1.00E-07
  3.500E-04 4.29450E-16  2.090E-10 ( 2.063E-08, 1.948E-09) ( 2.950E-15, 2.807E-16)  1.00E-07
  3.750E-04 4.29450E-16  2.239E-10 ( 2.063E-08, 1.948E-09) ( 3.161E-15, 3.008E-16)  1.00E-07
  4.000E-04 4.29450E-16  2.389E-10 ( 2.063E-08, 1.948E-09) ( 3.372E-15, 3.208E-16)  1.00E-07
  4.250E-04 4.29450E-16  2.538E-10 ( 2.063E-08, 1.948E-09) ( 3.582E-15, 3.409E-16)  1.00E-07
  4.500E-04 4.29450E-16  2.687E-10 ( 2.063E-08, 1.948E-09) ( 3.793E-15, 3.609E-16)  1.00E-07
  4.750E-04 4.29450E-16  2.836E-10 ( 2.063E-08, 1.948E-09) ( 4.004E-15, 3.810E-16)  1.00E-07
  5.000E-04 4.29450E-16  2.986E-10 ( 2.063E-08, 1.948E-09) ( 4.215E-15, 4.010E-16)  1.00E-07
  5.250E-04 4.29450E-16  3.135E-10 ( 2.063E-08, 1.948E-09) ( 4.425E-15, 4.211E-16)  1.00E-07
  5.500E-04 4.29450E-16  3.284E-10 ( 2.063E-08, 1.948E-09) ( 4.636E-15, 4.411E-16)  1.00E-07
  5.750E-04 4.29450E-16  3.433E-10 ( 2.063E-08, 1.948E-09) ( 4.847E-15, 4.612E-16)  1.00E-07
  6.000E-04 4.29450E-16  3.583E-10 ( 2.063E-08, 1.948E-09) ( 5.058E-15, 4.812E-16)  1.00E-07
  6.250E-04 4.29450E-16  3.732E-10 ( 2.063E-08, 1.948E-09) ( 5.268E-15, 5.013E-16)  1.00E-07
  6.500E-04 4.29450E-16  3.881E-10 ( 2.063E-08, 1.948E-09) ( 5.479E-15, 5.213E-16)  1.00E-07
  6.750E-04 4.29450E-16  4.031E-10 ( 2.063E-08, 1.948E-09) ( 5.690E-15, 5.414E-16)  1.00E-07
  7.000E-04 4.29450E-16  4.180E-10 ( 2.063E-08, 1.948E-09) ( 5.901E-15, 5.614E-16)  1.00E-07
  7.250E-04 4.29450E-16  4.329E-10 ( 2.063E-08, 1.948E-09) ( 6.111E-15, 5.815E-16)  1.00E-07
  7.500E-04 4.29450E-16  4.478E-10 ( 2.063E-08, 1.948E-09) ( 6.322E-15, 6.015E-16)  1.00E-07
  7.750E-04 4.29450E-16  4.628E-10 ( 2.063E-08, 1.948E-09) ( 6.533E-15, 6.216E-16)  1.00E-07
  8.000E-04 4.29450E-16  4.777E-10 ( 2.063E-08, 1.948E-09) ( 6.744E-15, 6.416E-16)  1.00E-07
  8.250E-04 4.29450E-16  4.926E-10 ( 2.063E-08, 1.948E-09) ( 6.954E-15, 6.617E-16)  1.00E-07
  8.500E-04 4.29450E-16  5.076E-10 ( 2.063E-08, 1.948E-09) ( 7.165E-15, 6.817E-16)  1.00E-07
  8.750E-04 4.29450E-16  5.225E-10 ( 2.063E-08, 1.948E-09) ( 7.376E-15, 7.018E-16)  1.00E-07
  9.000E-04 4.29450E-16  5.374E-10 ( 2.063E-08, 1.948E-09) ( 7.586E-15, 7.218E-16)  1.00E-07
  9.250E-04 4.29450E-16  5.523E-10 ( 2.063E-08, 1.948E-09) ( 7.797E-15, 7.419E-16)  1.00E-07
  9.500E-04 4.29450E-16  5.673E-10 ( 2.063E-08, 1.948E-09) ( 8.008E-15, 7.619E-16)  1.00E-07
  9.750E-04 4.29450E-16  5.822E-10 ( 2.063E-08, 1.948E-09) ( 8.219E-15, 7.820E-16)  1.00E-07
  1.000E-03 4.29450E-16  5.971E-10 ( 2.063E-08, 1.948E-09) ( 8.429E-15, 8.020E-16)  1.00E-07
  1.250E-03 4.29450E-16  7.464E-10 ( 2.063E-08, 1.948E-09) ( 1.054E-14, 1.003E-15)  1.00E-07
  1.500E-03 4.29449E-16  8.957E-10 ( 2.063E-08, 1.948E-09) ( 1.264E-14, 1.203E-15)  1.00E-07
  1.750E-03 4.29449E-16  1.045E-09 ( 2.063E-08, 1.948E-09) ( 1.475E-14, 1.404E-15)  1.00E-07
  2.000E-03 4.29449E-16  1.194E-09 ( 2.063E-08, 1.948E-09) ( 1.686E-14, 1.604E-15)  1.00E-07
  2.250E-03 4.29449E-16  1.344E-09 ( 2.063E-08, 1.948E-09) ( 1.897E-14, 1.805E-15)  1.00E-07
  2.500E-03 4.29449E-16  1.493E-09 ( 2.063E-08, 1.948E-09) ( 2.107E-14, 2.005E-15)  1.00E-07
  2.750E-03 4.29449E-16  1.642E-09 ( 2.063E-08, 1.948E-09) ( 2.318E-14, 2.206E-15)  1.00E-07
  3.000E-03 4.29449E-16  1.791E-09 ( 2.063E-08, 1.948E-09) ( 2.529E-14, 2.406E-15)  1.00E-07
  3.250E-03 4.29449E-16  1.941E-09 ( 2.063E-08, 1.948E-09) ( 2.740E-14, 2.607E-15)  1.00E-07
  3.500E-03 4.29448E-16  2.090E-09 ( 2.063E-08, 1.948E-09) ( 2.950E-14, 2.807E-15)  1.00E-07
  3.750E-03 4.29448E-16  2.239E-09 ( 2.063E-08, 1.948E-09) ( 3.161E-14, 3.008E-15)  1.00E-07
  4.000E-03 4.29448E-16  2.389E-09 ( 2.063E-08, 1.948E-09) ( 3.372E-14, 3.208E-15)  1.00E-07
  4.250E-03 4.29448E-16  2.538E-09 ( 2.063E-08, 1.948E-09) ( 3.582E-14, 3.409E-15)  1.00E-07
  4.500E-03 4.29447E-16  2.687E-09 ( 2.063E-08, 1.948E-09) ( 3.793E-14, 3.609E-15)  1.00E-07
  4.750E-03 4.29447E-16  2.836E-09 ( 2.063E-08, 1.948E-09) ( 4.004E-14, 3.810E-15)  1.00E-07
  5.000E-03 4.29447E-16  2.986E-09 ( 2.063E-08, 1.948E-09) ( 4.215E-14, 4.010E-15)  1.00E-07
  5.250E-03 4.29447E-16  3.135E-09 ( 2.063E-08, 1.948E-09) ( 4.425E-14, 4.211E-15)  1.00E-07
  5.500E-03 4.29446E-16  3.284E-09 ( 2.063E-08, 1.948E-09) ( 4.636E-14, 4.411E-15)  1.00E-07
  5.750E-03 4.29446E-16  3.433E-09 ( 2.063E-08, 1.948E-09) ( 4.847E-14, 4.612E-15)  1.00E-07
  6.000E-03 4.29446E-16  3.583E-09 ( 2.063E-08, 1.948E-09) ( 5.058E-14, 4.812E-15)  1.00E-07
  6.250E-03 4.29445E-16  3.732E-09 ( 2.063E-08, 1.948E-09) ( 5.268E-14, 5.013E-15)  1.00E-07
  6.500E-03 4.29445E-16  3.881E-09 ( 2.063E-08, 1.948E-09) ( 5.479E-14, 5.213E-15)  1.00E-07
  6.750E-03 4.29445E-16  4.031E-09 ( 2.063E-08, 1.948E-09) ( 5.690E-14, 5.414E-15)  1.00E-07
  7.000E-03 4.29444E-16  4.180E-09 ( 2.063E-08, 1.948E-09) ( 5.901E-14, 5.614E-15)  1.00E-07
  7.250E-03 4.29444E-16  4.329E-09 ( 2.063E-08, 1.948E-09) ( 6.111E-14, 5.815E-15)  1.00E-07
  7.500E-03 4.29444E-16  4.478E-09 ( 2.063E-08, 1.948E-09) ( 6.322E-14, 6.015E-15)  1.00E-07
  7.750E-03 4.29443E-16  4.628E-09 ( 2.063E-08, 1.948E-09) ( 6.533E-14, 6.216E-15)  1.00E-07
  8.000E-03 4.29443E-16  4.777E-09 ( 2.063E-08, 1.948E-09) ( 6.743E-14, 6.416E-15)  1.00E-07
  8.250E-03 4.29442E-16  4.926E-09 ( 2.063E-08, 1.948E-09) ( 6.954E-14, 6.617E-15)  1.00E-07
  8.500E-03 4.29442E-16  5.076E-09 ( 2.063E-08, 1.948E-09) ( 7.165E-14, 6.817E-15)  1.00E-07
  8.750E-03 4.29441E-16  5.225E-09 ( 2.063E-08, 1.948E-09) ( 7.376E-14, 7.018E-15)  1.00E-07
  9.000E-03 4.29441E-16  5.374E-09 ( 2.063E-08, 1.948E-09) ( 7.586E-14, 7.218E-15)  1.00E-07
  9.250E-03 4.29440E-16  5.523E-09 ( 2.063E-08, 1.948E-09) ( 7.797E-14, 7.419E-15)  1.00E-07
  9.500E-03 4.29440E-16  5.673E-09 ( 2.063E-08, 1.948E-09) ( 8.008E-14, 7.619E-15)  1.00E-07
  9.750E-03 4.29439E-16  5.822E-09 ( 2.063E-08, 1.948E-09) ( 8.219E-14, 7.820E-15)  1.00E-07
  1.000E-02 4.29439E-16  5.971E-09 ( 2.063E-08, 1.948E-09) ( 8.429E-14, 8.020E-15)  1.00E-07
  1.250E-02 4.29433E-16  7.464E-09 ( 2.063E-08, 1.948E-09) ( 1.054E-13, 1.003E-14)  1.00E-07
  1.500E-02 4.29425E-16  8.957E-09 ( 2.063E-08, 1.948E-09) ( 1.264E-13, 1.203E-14)  1.00E-07
  1.750E-02 4.29416E-16  1.045E-08 ( 2.063E-08, 1.948E-09) ( 1.475E-13, 1.404E-14)  1.00E-07
  2.000E-02 4.29406E-16  1.194E-08 ( 2.063E-08, 1.948E-09) ( 1.686E-13, 1.604E-14)  1.00E-07
  2.250E-02 4.29395E-16  1.344E-08 ( 2.063E-08, 1.948E-09) ( 1.896E-13, 1.805E-14)  1.00E-07
  2.500E-02 4.29382E-16  1.493E-08 ( 2.063E-08, 1.948E-09) ( 2.107E-13, 2.005E-14)  1.00E-07
  2.750E-02 4.29367E-16  1.642E-08 ( 2.063E-08, 1.948E-09) ( 2.318E-13, 2.206E-14)  1.00E-07
  3.000E-02 4.29352E-16  1.792E-08 ( 2.063E-08, 1.948E-09) ( 2.529E-13, 2.406E-14)  1.00E-07
  3.250E-02 4.29335E-16  1.941E-08 ( 2.063E-08, 1.948E-09) ( 2.739E-13, 2.607E-14)  1.00E-07
  3.500E-02 4.29316E-16  2.090E-08 ( 2.063E-08, 1.948E-09) ( 2.950E-13, 2.807E-14)  1.00E-07
  3.750E-02 4.29297E-16  2.239E-08 ( 2.063E-08, 1.948E-09) ( 3.160E-13, 3.008E-14)  1.00E-07
  4.000E-02 4.29276E-16  2.389E-08 ( 2.063E-08, 1.948E-09) ( 3.371E-13, 3.208E-14)  1.00E-07
  4.250E-02 4.29253E-16  2.538E-08 ( 2.063E-08, 1.948E-09) ( 3.582E-13, 3.408E-14)  1.00E-07
  4.500E-02 4.29229E-16  2.688E-08 ( 2.063E-08, 1.948E-09) ( 3.792E-13, 3.609E-14)  1.00E-07
  4.750E-02 4.29204E-16  2.837E-08 ( 2.063E-08, 1.948E-09) ( 4.003E-13, 3.809E-14)  1.00E-07
  5.000E-02 4.29178E-16  2.986E-08 ( 2.062E-08, 1.948E-09) ( 4.213E-13, 4.010E-14)  1.00E-07
  5.250E-02 4.29150E-16  3.136E-08 ( 2.062E-08, 1.948E-09) ( 4.424E-13, 4.210E-14)  1.00E-07
  5.500E-02 4.29121E-16  3.285E-08 ( 2.062E-08, 1.948E-09) ( 4.634E-13, 4.411E-14)  1.00E-07
  5.750E-02 4.29090E-16  3.434E-08 ( 2.062E-08, 1.948E-09) ( 4.845E-13, 4.611E-14)  1.00E-07
  6.000E-02 4.29058E-16  3.584E-08 ( 2.062E-08, 1.948E-09) ( 5.055E-13, 4.812E-14)  1.00E-07
  6.250E-02 4.29025E-16  3.733E-08 ( 2.062E-08, 1.948E-09) ( 5.266E-13, 5.012E-14)  1.00E-07
  6.500E-02 4.28990E-16  3.883E-08 ( 2.062E-08, 1.948E-09) ( 5.476E-13, 5.213E-14)  1.00E-07
  6.750E-02 4.28954E-16  4.032E-08 ( 2.062E-08, 1.948E-09) ( 5.687E-13, 5.413E-14)  1.00E-07
  7.000E-02 4.28917E-16  4.182E-08 ( 2.062E-08, 1.948E-09) ( 5.897E-13, 5.614E-14)  1.00E-07
  7.250E-02 4.28878E-16  4.331E-08 ( 2.062E-08, 1.948E-09) ( 6.107E-13, 5.814E-14)  1.00E-07
  7.500E-02 4.28838E-16  4.480E-08 ( 2.062E-08, 1.948E-09) ( 6.318E-13, 6.014E-14)  1.00E-07
  7.750E-02 4.28797E-16  4.630E-08 ( 2.062E-08, 1.948E-09) ( 6.528E-13, 6.215E-14)  1.00E-07
  8.000E-02 4.28754E-16  4.779E-08 ( 2.061E-08, 1.948E-09) ( 6.738E-13, 6.415E-14)  1.00E-07
  8.250E-02 4.28710E-16  4.929E-08 ( 2.061E-08, 1.947E-09) ( 6.948E-13, 6.616E-14)  1.00E-07
  8.500E-02 4.28665E-16  5.079E-08 ( 2.061E-08, 1.947E-09) ( 7.158E-13, 6.816E-14)  1.00E-07
  8.750E-02 4.28618E-16  5.228E-08 ( 2.061E-08, 1.947E-09) ( 7.369E-13, 7.016E-14)  1.00E-07
  9.000E-02 4.28570E-16  5.378E-08 ( 2.061E-08, 1.947E-09) ( 7.579E-13, 7.217E-14)  1.00E-07
  9.250E-02 4.28520E-16  5.527E-08 ( 2.061E-08, 1.947E-09) ( 7.789E-13, 7.417E-14)  1.00E-07
  9.500E-02 4.28469E-16  5.677E-08 ( 2.061E-08, 1.947E-09) ( 7.999E-13, 7.618E-14)  1.00E-07
  9.750E-02 4.28417E-16  5.826E-08 ( 2.061E-08, 1.947E-09) ( 8.209E-13, 7.818E-14)  1.00E-07
  1.000E-01 4.28364E-16  5.976E-08 ( 2.061E-08, 1.947E-09) ( 8.419E-13, 8.018E-14)  1.00E-07
  1.250E-01 4.27755E-16  7.473E-08 ( 2.059E-08, 1.947E-09) ( 1.052E-12, 1.002E-13)  1.00E-07
  1.500E-01 4.27012E-16  8.973E-08 ( 2.057E-08, 1.947E-09) ( 1.261E-12, 1.202E-13)  1.00E-07
  1.750E-01 4.26137E-16  1.048E-07 ( 2.055E-08, 1.946E-09) ( 1.469E-12, 1.403E-13)  1.00E-07
  2.000E-01 4.25130E-16  1.198E-07 ( 2.053E-08, 1.946E-09) ( 1.677E-12, 1.603E-13)  1.00E-07
  2.250E-01 4.23993E-16  1.349E-07 ( 2.050E-08, 1.945E-09) ( 1.884E-12, 1.802E-13)  1.00E-07
  2.500E-01 4.22728E-16  1.500E-07 ( 2.047E-08, 1.945E-09) ( 2.091E-12, 2.002E-13)  1.00E-07
  2.750E-01 4.21336E-16  1.652E-07 ( 2.043E-08, 1.944E-09) ( 2.296E-12, 2.202E-13)  1.00E-07
  3.000E-01 4.19819E-16  1.804E-07 ( 2.040E-08, 1.944E-09) ( 2.500E-12, 2.401E-13)  1.00E-07
  3.250E-01 4.18179E-16  1.957E-07 ( 2.036E-08, 1.943E-09) ( 2.703E-12, 2.600E-13)  1.00E-07
  3.500E-01 4.16419E-16  2.110E-07 ( 2.031E-08, 1.942E-09) ( 2.905E-12, 2.799E-13)  1.00E-07
  3.750E-01 4.14540E-16  2.264E-07 ( 2.027E-08, 1.941E-09) ( 3.105E-12, 2.998E-13)  1.00E-07
  4.000E-01 4.12545E-16  2.419E-07 ( 2.022E-08, 1.940E-09) ( 3.304E-12, 3.196E-13)  1.00E-07
  4.250E-01 4.10436E-16  2.574E-07 ( 2.017E-08, 1.939E-09) ( 3.502E-12, 3.394E-13)  1.00E-07
  4.500E-01 4.08217E-16  2.730E-07 ( 2.011E-08, 1.938E-09) ( 3.698E-12, 3.592E-13)  1.00E-07
  4.750E-01 4.05890E-16  2.887E-07 ( 2.005E-08, 1.937E-09) ( 3.892E-12, 3.789E-13)  1.00E-07
  5.000E-01 4.03459E-16  3.045E-07 ( 1.999E-08, 1.936E-09) ( 4.085E-12, 3.986E-13)  1.00E-07
  5.250E-01 4.00925E-16  3.203E-07 ( 1.993E-08, 1.935E-09) ( 4.275E-12, 4.183E-13)  1.00E-07
  5.500E-01 3.98293E-16  3.363E-07 ( 1.986E-08, 1.934E-09) ( 4.464E-12, 4.380E-13)  1.00E-07
  5.750E-01 3.95564E-16  3.523E-07 ( 1.979E-08, 1.932E-09) ( 4.651E-12, 4.576E-13)  1.00E-07
  6.000E-01 3.92744E-16  3.684E-07 ( 1.972E-08, 1.931E-09) ( 4.836E-12, 4.771E-13)  1.00E-07
  6.250E-01 3.89835E-16  3.847E-07 ( 1.965E-08, 1.930E-09) ( 5.018E-12, 4.966E-13)  1.00E-07
  6.500E-01 3.86840E-16  4.010E-07 ( 1.957E-08, 1.928E-09) ( 5.199E-12, 5.161E-13)  1.00E-07
  6.750E-01 3.83763E-16  4.174E-07 ( 1.949E-08, 1.927E-09) ( 5.377E-12, 5.355E-13)  1.00E-07
  7.000E-01 3.80607E-16  4.340E-07 ( 1.941E-08, 1.925E-09) ( 5.553E-12, 5.549E-13)  1.00E-07
  7.250E-01 3.77377E-16  4.507E-07 ( 1.933E-08, 1.923E-09) ( 5.727E-12, 5.743E-13)  1.00E-07
  7.500E-01 3.74074E-16  4.675E-07 ( 1.925E-08, 1.922E-09) ( 5.899E-12, 5.936E-13)  1.00E-07
  7.750E-01 3.70704E-16  4.844E-07 ( 1.916E-08, 1.920E-09) ( 6.068E-12, 6.128E-13)  1.00E-07
  8.000E-01 3.67270E-16  5.014E-07 ( 1.907E-08, 1.918E-09) ( 6.234E-12, 6.320E-13)  1.00E-07
  8.250E-01 3.63775E-16  5.186E-07 ( 1.898E-08, 1.916E-09) ( 6.398E-12, 6.511E-13)  1.00E-07
  8.500E-01 3.60222E-16  5.359E-07 ( 1.888E-08, 1.914E-09) ( 6.560E-12, 6.702E-13)  1.00E-07
  8.750E-01 3.56616E-16  5.534E-07 ( 1.879E-08, 1.913E-09) ( 6.718E-12, 6.892E-13)  1.00E-07
  9.000E-01 3.52960E-16  5.710E-07 ( 1.869E-08, 1.911E-09) ( 6.875E-12, 7.081E-13)  1.00E-07
  9.250E-01 3.49257E-16  5.887E-07 ( 1.859E-08, 1.908E-09) ( 7.028E-12, 7.270E-13)  1.00E-07
  9.500E-01 3.45512E-16  6.065E-07 ( 1.849E-08, 1.906E-09) ( 7.179E-12, 7.459E-13)  1.00E-07
  9.750E-01 3.41727E-16  6.246E-07 ( 1.839E-08, 1.904E-09) ( 7.327E-12, 7.646E-13)  1.00E-07
  1.000E+00 3.37906E-16  6.427E-07 ( 1.828E-08, 1.902E-09) ( 7.473E-12, 7.833E-13)  1.00E-07
  1.100E+00 3.22327E-16  7.169E-07 ( 1.785E-08, 1.893E-09) ( 8.028E-12, 8.575E-13)  1.00E-07
  1.200E+00 3.06433E-16  7.937E-07 ( 1.740E-08, 1.883E-09) ( 8.537E-12, 9.305E-13)  1.00E-07
  1.300E+00 2.90413E-16  8.731E-07 ( 1.694E-08, 1.872E-09) ( 9.003E-12, 1.002E-12)  1.00E-07
  1.400E+00 2.74438E-16  9.554E-07 ( 1.646E-08, 1.860E-09) ( 9.423E-12, 1.073E-12)  1.00E-07
  1.500E+00 2.58659E-16  1.040E-06 ( 1.598E-08, 1.848E-09) ( 9.800E-12, 1.142E-12)  1.00E-07
  1.600E+00 2.43201E-16  1.128E-06 ( 1.549E-08, 1.835E-09) ( 1.013E-11, 1.210E-12)  1.00E-07
  1.700E+00 2.28170E-16  1.219E-06 ( 1.500E-08, 1.821E-09) ( 1.043E-11, 1.276E-12)  1.00E-07
  1.800E+00 2.13650E-16  1.313E-06 ( 1.450E-08, 1.807E-09) ( 1.068E-11, 1.340E-12)  1.00E-07
  1.900E+00 1.99706E-16  1.409E-06 ( 1.402E-08, 1.793E-09) ( 1.090E-11, 1.403E-12)  1.00E-07
  2.000E+00 1.86384E-16  1.509E-06 ( 1.354E-08, 1.777E-09) ( 1.108E-11, 1.465E-12)  1.00E-07
  2.100E+00 1.73716E-16  1.610E-06 ( 1.306E-08, 1.762E-09) ( 1.123E-11, 1.525E-12)  1.00E-07
  2.200E+00 1.61719E-16  1.714E-06 ( 1.260E-08, 1.745E-09) ( 1.134E-11, 1.583E-12)  1.00E-07
  2.300E+00 1.50399E-16  1.821E-06 ( 1.214E-08, 1.729E-09) ( 1.143E-11, 1.639E-12)  1.00E-07
  2.400E+00 1.39753E-16  1.929E-06 ( 1.170E-08, 1.712E-09) ( 1.149E-11, 1.694E-12)  1.00E-07
  2.500E+00 1.29769E-16  2.039E-06 ( 1.126E-08, 1.695E-09) ( 1.153E-11, 1.747E-12)  1.00E-07
  2.600E+00 1.20431E-16  2.151E-06 ( 1.085E-08, 1.677E-09) ( 1.155E-11, 1.798E-12)  1.00E-07
  2.700E+00 1.11715E-16  2.263E-06 ( 1.044E-08, 1.659E-09) ( 1.155E-11, 1.847E-12)  1.00E-07
  2.800E+00 1.03596E-16  2.377E-06 ( 1.005E-08, 1.641E-09) ( 1.153E-11, 1.895E-12)  1.00E-07
  2.900E+00 9.60467E-17  2.490E-06 ( 9.665E-09, 1.623E-09) ( 1.149E-11, 1.941E-12)  1.00E-07
  3.000E+00 8.90366E-17  2.604E-06 ( 9.299E-09, 1.604E-09) ( 1.144E-11, 1.985E-12)  1.00E-07
  3.100E+00 8.25358E-17  2.717E-06 ( 8.946E-09, 1.585E-09) ( 1.137E-11, 2.028E-12)  1.00E-07
  3.200E+00 7.65138E-17  2.829E-06 ( 8.606E-09, 1.566E-09) ( 1.129E-11, 2.068E-12)  1.00E-07
  3.300E+00 7.09403E-17  2.940E-06 ( 8.279E-09, 1.548E-09) ( 1.121E-11, 2.107E-12)  1.00E-07
  3.400E+00 6.57858E-17  3.048E-06 ( 7.966E-09, 1.528E-09) ( 1.111E-11, 2.145E-12)  1.00E-07
  3.500E+00 6.10218E-17  3.154E-06 ( 7.664E-09, 1.509E-09) ( 1.101E-11, 2.181E-12)  1.00E-07
  3.600E+00 5.66208E-17  3.257E-06 ( 7.376E-09, 1.490E-09) ( 1.090E-11, 2.215E-12)  1.00E-07
  3.700E+00 5.25567E-17  3.356E-06 ( 7.099E-09, 1.471E-09) ( 1.078E-11, 2.247E-12)  1.00E-07
  3.800E+00 4.88047E-17  3.451E-06 ( 6.833E-09, 1.452E-09) ( 1.067E-11, 2.279E-12)  1.00E-07
  3.900E+00 4.53413E-17  3.540E-06 ( 6.579E-09, 1.433E-09) ( 1.054E-11, 2.308E-12)  1.00E-07
  4.000E+00 4.21447E-17  3.625E-06 ( 6.336E-09, 1.414E-09) ( 1.041E-11, 2.336E-12)  1.00E-07
  4.100E+00 3.91943E-17  3.703E-06 ( 6.103E-09, 1.395E-09) ( 1.029E-11, 2.363E-12)  1.00E-07
  4.200E+00 3.64709E-17  3.774E-06 ( 5.880E-09, 1.376E-09) ( 1.015E-11, 2.388E-12)  1.00E-07
  4.300E+00 3.39568E-17  3.838E-06 ( 5.667E-09, 1.357E-09) ( 1.002E-11, 2.412E-12)  1.00E-07
  4.400E+00 3.16354E-17  3.894E-06 ( 5.463E-09, 1.339E-09) ( 9.888E-12, 2.435E-12)  1.00E-07
  4.500E+00 2.94914E-17  3.941E-06 ( 5.268E-09, 1.320E-09) ( 9.755E-12, 2.456E-12)  1.00E-07
  4.600E+00 2.75106E-17  3.978E-06 ( 5.081E-09, 1.302E-09) ( 9.621E-12, 2.476E-12)  1.00E-07
  4.700E+00 2.56800E-17  4.006E-06 ( 4.902E-09, 1.284E-09) ( 9.487E-12, 2.495E-12)  1.00E-07
  4.800E+00 2.39876E-17  4.022E-06 ( 4.731E-09, 1.266E-09) ( 9.354E-12, 2.513E-12)  1.00E-07
  4.900E+00 2.24222E-17  4.028E-06 ( 4.568E-09, 1.248E-09) ( 9.222E-12, 2.530E-12)  1.00E-07
  5.000E+00 2.09738E-17  4.022E-06 ( 4.411E-09, 1.230E-09) ( 9.091E-12, 2.545E-12)  1.00E-07
  5.100E+00 1.96328E-17  4.003E-06 ( 4.262E-09, 1.213E-09) ( 8.961E-12, 2.560E-12)  1.00E-07
  5.200E+00 1.83908E-17  3.971E-06 ( 4.118E-09, 1.196E-09) ( 8.832E-12, 2.573E-12)  1.00E-07
  5.300E+00 1.72398E-17  3.925E-06 ( 3.981E-09, 1.179E-09) ( 8.705E-12, 2.586E-12)  1.00E-07
  5.400E+00 1.61725E-17  3.866E-06 ( 3.850E-09, 1.162E-09) ( 8.580E-12, 2.597E-12)  1.00E-07
  5.500E+00 1.51823E-17  3.791E-06 ( 3.724E-09, 1.145E-09) ( 8.456E-12, 2.608E-12)  1.00E-07
  5.600E+00 1.42631E-17  3.701E-06 ( 3.604E-09, 1.129E-09) ( 8.334E-12, 2.618E-12)  1.00E-07
  5.700E+00 1.34092E-17  3.596E-06 ( 3.489E-09, 1.113E-09) ( 8.215E-12, 2.627E-12)  1.00E-07
  5.800E+00 1.26157E-17  3.474E-06 ( 3.378E-09, 1.097E-09) ( 8.097E-12, 2.635E-12)  1.00E-07
  5.900E+00 1.18776E-17  3.336E-06 ( 3.272E-09, 1.081E-09) ( 7.981E-12, 2.643E-12)  1.00E-07
  6.000E+00 1.11908E-17  3.180E-06 ( 3.171E-09, 1.066E-09) ( 7.868E-12, 2.649E-12)  1.00E-07
  6.100E+00 1.05512E-17  3.007E-06 ( 3.074E-09, 1.050E-09) ( 7.756E-12, 2.655E-12)  1.00E-07
  6.200E+00 9.95528E-18  2.816E-06 ( 2.981E-09, 1.035E-09) ( 7.647E-12, 2.661E-12)  1.00E-07
  6.300E+00 9.39962E-18  0.000E+00 ( 2.891E-09, 1.020E-09) ( 7.540E-12, 2.666E-12)  1.00E-07
  6.400E+00 8.88117E-18  0.000E+00 ( 2.805E-09, 1.006E-09) ( 7.435E-12, 2.670E-12)  1.00E-07
  6.500E+00 8.39714E-18  0.000E+00 ( 2.723E-09, 9.916E-10) ( 7.332E-12, 2.673E-12)  1.00E-07
  6.600E+00 7.94493E-18  0.000E+00 ( 2.644E-09, 9.776E-10) ( 7.231E-12, 2.677E-12)  1.00E-07
  6.700E+00 7.52217E-18  0.000E+00 ( 2.568E-09, 9.637E-10) ( 7.132E-12, 2.679E-12)  1.00E-07
  6.800E+00 7.12669E-18  0.000E+00 ( 2.495E-09, 9.501E-10) ( 7.035E-12, 2.681E-12)  1.00E-07
  6.900E+00 6.75648E-18  0.000E+00 ( 2.425E-09, 9.367E-10) ( 6.941E-12, 2.683E-12)  1.00E-07
  7.000E+00 6.40970E-18  0.000E+00 ( 2.357E-09, 9.236E-10) ( 6.848E-12, 2.684E-12)  1.00E-07
  7.100E+00 6.08465E-18  0.000E+00 ( 2.292E-09, 9.107E-10) ( 6.757E-12, 2.685E-12)  1.00E-07
  7.200E+00 5.77977E-18  0.000E+00 ( 2.230E-09, 8.980E-10) ( 6.669E-12, 2.685E-12)  1.00E-07
  7.300E+00 5.49362E-18  0.000E+00 ( 2.170E-09, 8.855E-10) ( 6.582E-12, 2.685E-12)  1.00E-07
  7.400E+00 5.22487E-18  0.000E+00 ( 2.112E-09, 8.732E-10) ( 6.497E-12, 2.685E-12)  1.00E-07
  7.500E+00 4.97231E-18  0.000E+00 ( 2.057E-09, 8.612E-10) ( 6.414E-12, 2.684E-12)  1.00E-07
  7.600E+00 4.73480E-18  0.000E+00 ( 2.003E-09, 8.494E-10) ( 6.333E-12, 2.683E-12)  1.00E-07
  7.700E+00 4.51132E-18  0.000E+00 ( 1.952E-09, 8.377E-10) ( 6.254E-12, 2.681E-12)  1.00E-07
  7.800E+00 4.30089E-18  0.000E+00 ( 1.902E-09, 8.263E-10) ( 6.176E-12, 2.680E-12)  1.00E-07
  7.900E+00 4.10263E-18 -3.486E-06 ( 1.854E-09, 8.151E-10) ( 6.100E-12, 2.678E-12)  1.00E-07
  8.000E+00 3.91572E-18 -4.050E-06 ( 1.808E-09, 8.041E-10) ( 6.026E-12, 2.675E-12)  1.00E-07
  8.100E+00 3.73940E-18 -4.636E-06 ( 1.764E-09, 7.933E-10) ( 5.953E-12, 2.673E-12)  1.00E-07
  8.200E+00 3.57297E-18 -5.244E-06 ( 1.721E-09, 7.827E-10) ( 5.882E-12, 2.670E-12)  1.00E-07
  8.300E+00 3.41579E-18 -5.875E-06 ( 1.679E-09, 7.723E-10) ( 5.812E-12, 2.667E-12)  1.00E-07
  8.400E+00 3.26724E-18 -6.529E-06 ( 1.639E-09, 7.621E-10) ( 5.744E-12, 2.664E-12)  1.00E-07
  8.500E+00 3.12677E-18 -7.206E-06 ( 1.600E-09, 7.521E-10) ( 5.677E-12, 2.661E-12)  1.00E-07
  8.600E+00 2.99387E-18 -7.906E-06 ( 1.563E-09, 7.422E-10) ( 5.612E-12, 2.657E-12)  1.00E-07
  8.700E+00 2.86806E-18 -8.629E-06 ( 1.527E-09, 7.325E-10) ( 5.549E-12, 2.654E-12)  1.00E-07
  8.800E+00 2.74888E-18 -9.374E-06 ( 1.492E-09, 7.230E-10) ( 5.486E-12, 2.650E-12)  1.00E-07
  8.900E+00 2.63593E-18 -1.014E-05 ( 1.458E-09, 7.137E-10) ( 5.425E-12, 2.646E-12)  1.00E-07
  9.000E+00 2.52882E-18 -1.094E-05 ( 1.426E-09, 7.046E-10) ( 5.365E-12, 2.642E-12)  1.00E-07
  9.100E+00 2.42719E-18 -1.175E-05 ( 1.394E-09, 6.956E-10) ( 5.307E-12, 2.638E-12)  1.00E-07
  9.200E+00 2.33071E-18 -1.259E-05 ( 1.363E-09, 6.868E-10) ( 5.249E-12, 2.633E-12)  1.00E-07
  9.300E+00 2.23907E-18 -1.345E-05 ( 1.334E-09, 6.781E-10) ( 5.193E-12, 2.629E-12)  1.00E-07
  9.400E+00 2.15199E-18 -1.434E-05 ( 1.305E-09, 6.696E-10) ( 5.138E-12, 2.624E-12)  1.00E-07
  9.500E+00 2.06918E-18 -1.525E-05 ( 1.277E-09, 6.612E-10) ( 5.084E-12, 2.619E-12)  1.00E-07
  9.600E+00 1.99041E-18 -1.618E-05 ( 1.251E-09, 6.531E-10) ( 5.032E-12, 2.615E-12)  1.00E-07
  9.700E+00 1.91543E-18 -1.714E-05 ( 1.224E-09, 6.450E-10) ( 4.980E-12, 2.610E-12)  1.00E-07
  9.800E+00 1.84403E-18 -1.812E-05 ( 1.199E-09, 6.371E-10) ( 4.929E-12, 2.605E-12)  1.00E-07
  9.900E+00 1.77601E-18 -1.913E-05 ( 1.175E-09, 6.293E-10) ( 4.880E-12, 2.600E-12)  1.00E-07
  1.000E+01 1.71117E-18 -2.016E-05 ( 1.151E-09, 6.217E-10) ( 4.831E-12, 2.595E-12)  1.00E-07
  1.025E+01 1.56185E-18 -2.283E-05 ( 1.094E-09, 6.033E-10) ( 4.713E-12, 2.582E-12)  1.00E-07
  1.050E+01 1.42886E-18 -2.566E-05 ( 1.042E-09, 5.856E-10) ( 4.601E-12, 2.568E-12)  1.00E-07
  1.075E+01 1.31007E-18 -2.864E-05 ( 9.933E-10, 5.688E-10) ( 4.495E-12, 2.555E-12)  1.00E-07
  1.100E+01 1.20368E-18 -3.178E-05 ( 9.478E-10, 5.526E-10) ( 4.393E-12, 2.541E-12)  1.00E-07
  1.125E+01 1.10815E-18 -3.507E-05 ( 9.053E-10, 5.372E-10) ( 4.295E-12, 2.527E-12)  1.00E-07
  1.150E+01 1.02215E-18 -3.852E-05 ( 8.656E-10, 5.224E-10) ( 4.202E-12, 2.513E-12)  1.00E-07
  1.175E+01 9.44553E-19 -4.213E-05 ( 8.284E-10, 5.082E-10) ( 4.113E-12, 2.499E-12)  1.00E-07
  1.200E+01 8.74372E-19 -4.589E-05 ( 7.936E-10, 4.946E-10) ( 4.027E-12, 2.485E-12)  1.00E-07
  1.225E+01 8.10758E-19 -4.982E-05 ( 7.608E-10, 4.816E-10) ( 3.945E-12, 2.470E-12)  1.00E-07
  1.250E+01 7.52972E-19 -5.391E-05 ( 7.300E-10, 4.690E-10) ( 3.866E-12, 2.456E-12)  1.00E-07
  1.275E+01 7.00374E-19 -5.817E-05 ( 7.010E-10, 4.570E-10) ( 3.790E-12, 2.442E-12)  1.00E-07
  1.300E+01 6.52404E-19 -6.259E-05 ( 6.737E-10, 4.455E-10) ( 3.717E-12, 2.428E-12)  1.00E-07
  1.325E+01 6.08570E-19 -6.718E-05 ( 6.479E-10, 4.344E-10) ( 3.647E-12, 2.414E-12)  1.00E-07
  1.350E+01 5.68445E-19 -7.194E-05 ( 6.236E-10, 4.238E-10) ( 3.579E-12, 2.400E-12)  1.00E-07
  1.375E+01 5.31649E-19 -7.688E-05 ( 6.005E-10, 4.135E-10) ( 3.514E-12, 2.386E-12)  1.00E-07
  1.400E+01 4.97849E-19 -8.198E-05 ( 5.787E-10, 4.037E-10) ( 3.451E-12, 2.372E-12)  1.00E-07
  1.425E+01 4.66752E-19 -8.727E-05 ( 5.580E-10, 3.942E-10) ( 3.390E-12, 2.358E-12)  1.00E-07
  1.450E+01 4.38096E-19 -9.273E-05 ( 5.384E-10, 3.850E-10) ( 3.331E-12, 2.344E-12)  1.00E-07
  1.475E+01 4.11651E-19 -9.837E-05 ( 5.197E-10, 3.762E-10) ( 3.274E-12, 2.331E-12)  1.00E-07
  1.500E+01 3.87210E-19 -1.042E-04 ( 5.020E-10, 3.677E-10) ( 3.219E-12, 2.317E-12)  1.00E-07
  1.525E+01 3.64590E-19 -1.102E-04 ( 4.851E-10, 3.595E-10) ( 3.165E-12, 2.304E-12)  1.00E-07
  1.550E+01 3.43628E-19 -1.164E-04 ( 4.691E-10, 3.516E-10) ( 3.113E-12, 2.291E-12)  1.00E-07
  1.575E+01 3.24176E-19 -1.228E-04 ( 4.538E-10, 3.439E-10) ( 3.063E-12, 2.278E-12)  1.00E-07
  1.600E+01 3.06105E-19 -1.294E-04 ( 4.391E-10, 3.365E-10) ( 3.014E-12, 2.265E-12)  1.00E-07
  1.625E+01 2.89294E-19 -1.361E-04 ( 4.252E-10, 3.294E-10) ( 2.967E-12, 2.252E-12)  1.00E-07
  1.650E+01 2.73639E-19 -1.431E-04 ( 4.119E-10, 3.225E-10) ( 2.920E-12, 2.239E-12)  1.00E-07
  1.675E+01 2.59044E-19 -1.502E-04 ( 3.992E-10, 3.158E-10) ( 2.875E-12, 2.226E-12)  1.00E-07
  1.700E+01 2.45421E-19 -1.576E-04 ( 3.870E-10, 3.093E-10) ( 2.832E-12, 2.213E-12)  1.00E-07
  1.725E+01 2.32694E-19 -1.651E-04 ( 3.753E-10, 3.030E-10) ( 2.789E-12, 2.201E-12)  1.00E-07
  1.750E+01 2.20791E-19 -1.729E-04 ( 3.641E-10, 2.970E-10) ( 2.748E-12, 2.188E-12)  1.00E-07
  1.775E+01 2.09648E-19 -1.808E-04 ( 3.534E-10, 2.911E-10) ( 2.707E-12, 2.176E-12)  1.00E-07
  1.800E+01 1.99206E-19 -1.890E-04 ( 3.432E-10, 2.854E-10) ( 2.668E-12, 2.164E-12)  1.00E-07
  1.825E+01 1.89413E-19 -1.973E-04 ( 3.333E-10, 2.798E-10) ( 2.629E-12, 2.152E-12)  1.00E-07
  1.850E+01 1.80220E-19 -2.059E-04 ( 3.238E-10, 2.745E-10) ( 2.592E-12, 2.140E-12)  1.00E-07
  1.875E+01 1.71583E-19 -2.147E-04 ( 3.147E-10, 2.693E-10) ( 2.555E-12, 2.128E-12)  1.00E-07
  1.900E+01 1.63461E-19 -2.237E-04 ( 3.060E-10, 2.642E-10) ( 2.520E-12, 2.116E-12)  1.00E-07
  1.925E+01 1.55818E-19 -2.329E-04 ( 2.976E-10, 2.593E-10) ( 2.485E-12, 2.104E-12)  1.00E-07
  1.950E+01 1.48619E-19 -2.423E-04 ( 2.895E-10, 2.546E-10) ( 2.451E-12, 2.093E-12)  1.00E-07
  1.975E+01 1.41834E-19 -2.519E-04 ( 2.817E-10, 2.499E-10) ( 2.418E-12, 2.081E-12)  1.00E-07
  2.000E+01 1.35435E-19 -2.617E-04 ( 2.742E-10, 2.454E-10) ( 2.385E-12, 2.070E-12)  1.00E-07
  2.025E+01 1.29394E-19 -2.718E-04 ( 2.670E-10, 2.410E-10) ( 2.353E-12, 2.058E-12)  1.00E-07
  2.050E+01 1.23688E-19 -2.820E-04 ( 2.600E-10, 2.368E-10) ( 2.322E-12, 2.047E-12)  1.00E-07
  2.075E+01 1.18295E-19 -2.925E-04 ( 2.533E-10, 2.326E-10) ( 2.292E-12, 2.036E-12)  1.00E-07
  2.100E+01 1.13194E-19 -3.032E-04 ( 2.468E-10, 2.286E-10) ( 2.262E-12, 2.025E-12)  1.00E-07
  2.125E+01 1.08366E-19 -3.141E-04 ( 2.406E-10, 2.247E-10) ( 2.233E-12, 2.014E-12)  1.00E-07
  2.150E+01 1.03793E-19 -3.253E-04 ( 2.345E-10, 2.208E-10) ( 2.204E-12, 2.003E-12)  1.00E-07
  2.175E+01 9.94606E-20 -3.366E-04 ( 2.287E-10, 2.171E-10) ( 2.176E-12, 1.992E-12)  1.00E-07
  2.200E+01 9.53524E-20 -3.482E-04 ( 2.231E-10, 2.135E-10) ( 2.149E-12, 1.982E-12)  1.00E-07
  2.225E+01 9.14548E-20 -3.600E-04 ( 2.176E-10, 2.100E-10) ( 2.122E-12, 1.971E-12)  1.00E-07
  2.250E+01 8.77550E-20 -3.721E-04 ( 2.124E-10, 2.065E-10) ( 2.095E-12, 1.961E-12)  1.00E-07
  2.275E+01 8.42409E-20 -3.843E-04 ( 2.073E-10, 2.031E-10) ( 2.069E-12, 1.950E-12)  1.00E-07
  2.300E+01 8.09014E-20 -3.968E-04 ( 2.023E-10, 1.999E-10) ( 2.044E-12, 1.940E-12)  1.00E-07
  2.325E+01 7.77262E-20 -4.095E-04 ( 1.976E-10, 1.967E-10) ( 2.019E-12, 1.930E-12)  1.00E-07
  2.350E+01 7.47056E-20 -4.224E-04 ( 1.930E-10, 1.936E-10) ( 1.995E-12, 1.919E-12)  1.00E-07
  2.375E+01 7.18307E-20 -4.356E-04 ( 1.885E-10, 1.905E-10) ( 1.971E-12, 1.909E-12)  1.00E-07
  2.400E+01 6.90930E-20 -4.490E-04 ( 1.842E-10, 1.875E-10) ( 1.948E-12, 1.899E-12)  1.00E-07
  2.425E+01 6.64849E-20 -4.626E-04 ( 1.800E-10, 1.846E-10) ( 1.925E-12, 1.889E-12)  1.00E-07
  2.450E+01 6.39989E-20 -4.764E-04 ( 1.759E-10, 1.818E-10) ( 1.902E-12, 1.879E-12)  1.00E-07
  2.475E+01 6.16282E-20 -4.905E-04 ( 1.719E-10, 1.790E-10) ( 1.880E-12, 1.870E-12)  1.00E-07
  2.500E+01 5.93666E-20 -5.048E-04 ( 1.681E-10, 1.763E-10) ( 1.858E-12, 1.860E-12)  1.00E-07
  2.550E+01 5.51467E-20 -5.340E-04 ( 1.608E-10, 1.711E-10) ( 1.816E-12, 1.841E-12)  1.00E-07
  2.600E+01 5.12960E-20 -5.642E-04 ( 1.539E-10, 1.661E-10) ( 1.775E-12, 1.822E-12)  1.00E-07
  2.650E+01 4.77763E-20 -5.953E-04 ( 1.474E-10, 1.614E-10) ( 1.736E-12, 1.803E-12)  1.00E-07
  2.700E+01 4.45541E-20 -6.273E-04 ( 1.413E-10, 1.568E-10) ( 1.698E-12, 1.785E-12)  1.00E-07
  2.750E+01 4.15996E-20 -6.602E-04 ( 1.355E-10, 1.524E-10) ( 1.661E-12, 1.767E-12)  1.00E-07
  2.800E+01 3.88867E-20 -6.940E-04 ( 1.300E-10, 1.482E-10) ( 1.625E-12, 1.749E-12)  1.00E-07
  2.850E+01 3.63920E-20 -7.287E-04 ( 1.249E-10, 1.442E-10) ( 1.591E-12, 1.732E-12)  1.00E-07
  2.900E+01 3.40949E-20 -7.644E-04 ( 1.199E-10, 1.404E-10) ( 1.558E-12, 1.714E-12)  1.00E-07
  2.950E+01 3.19768E-20 -8.009E-04 ( 1.153E-10, 1.367E-10) ( 1.526E-12, 1.697E-12)  1.00E-07
  3.000E+01 3.00213E-20 -8.383E-04 ( 1.109E-10, 1.331E-10) ( 1.495E-12, 1.681E-12)  1.00E-07
  3.050E+01 2.82137E-20 -8.766E-04 ( 1.067E-10, 1.297E-10) ( 1.464E-12, 1.664E-12)  1.00E-07
  3.100E+01 2.65408E-20 -9.158E-04 ( 1.027E-10, 1.264E-10) ( 1.435E-12, 1.648E-12)  1.00E-07
  3.150E+01 2.49906E-20 -9.559E-04 ( 9.894E-11, 1.233E-10) ( 1.407E-12, 1.632E-12)  1.00E-07
  3.200E+01 2.35527E-20 -9.969E-04 ( 9.535E-11, 1.202E-10) ( 1.379E-12, 1.616E-12)  1.00E-07
  3.250E+01 2.22173E-20 -1.039E-03 ( 9.192E-11, 1.173E-10) ( 1.353E-12, 1.601E-12)  1.00E-07
  3.300E+01 2.09759E-20 -1.081E-03 ( 8.866E-11, 1.145E-10) ( 1.327E-12, 1.586E-12)  1.00E-07
  3.350E+01 1.98206E-20 -1.125E-03 ( 8.556E-11, 1.118E-10) ( 1.302E-12, 1.571E-12)  1.00E-07
  3.400E+01 1.87444E-20 -1.169E-03 ( 8.259E-11, 1.092E-10) ( 1.277E-12, 1.556E-12)  1.00E-07
  3.450E+01 1.77409E-20 -1.215E-03 ( 7.977E-11, 1.066E-10) ( 1.254E-12, 1.541E-12)  1.00E-07
  3.500E+01 1.68042E-20 -1.261E-03 ( 7.707E-11, 1.042E-10) ( 1.231E-12, 1.527E-12)  1.00E-07
  3.550E+01 1.59291E-20 -1.308E-03 ( 7.449E-11, 1.019E-10) ( 1.208E-12, 1.513E-12)  1.00E-07
  3.600E+01 1.51108E-20 -1.355E-03 ( 7.203E-11, 9.959E-11) ( 1.187E-12, 1.499E-12)  1.00E-07
  3.650E+01 1.43449E-20 -1.404E-03 ( 6.967E-11, 9.740E-11) ( 1.165E-12, 1.485E-12)  1.00E-07
  3.700E+01 1.36275E-20 -1.453E-03 ( 6.742E-11, 9.528E-11) ( 1.145E-12, 1.471E-12)  1.00E-07
  3.750E+01 1.29549E-20 -1.503E-03 ( 6.526E-11, 9.323E-11) ( 1.125E-12, 1.458E-12)  1.00E-07
  3.800E+01 1.23239E-20 -1.554E-03 ( 6.320E-11, 9.125E-11) ( 1.105E-12, 1.444E-12)  1.00E-07
  3.850E+01 1.17313E-20 -1.606E-03 ( 6.122E-11, 8.933E-11) ( 1.086E-12, 1.431E-12)  1.00E-07
  3.900E+01 1.11744E-20 -1.658E-03 ( 5.932E-11, 8.748E-11) ( 1.068E-12, 1.419E-12)  1.00E-07
  3.950E+01 1.06506E-20 -1.711E-03 ( 5.750E-11, 8.568E-11) ( 1.050E-12, 1.406E-12)  1.00E-07
  4.000E+01 1.01576E-20 -1.765E-03 ( 5.576E-11, 8.394E-11) ( 1.032E-12, 1.393E-12)  1.00E-07
  4.050E+01 9.69329E-21 -1.820E-03 ( 5.408E-11, 8.225E-11) ( 1.015E-12, 1.381E-12)  1.00E-07
  4.100E+01 9.25564E-21 -1.875E-03 ( 5.248E-11, 8.062E-11) ( 9.986E-13, 1.369E-12)  1.00E-07
  4.150E+01 8.84284E-21 -1.931E-03 ( 5.093E-11, 7.903E-11) ( 9.824E-13, 1.357E-12)  1.00E-07
  4.200E+01 8.45321E-21 -1.988E-03 ( 4.945E-11, 7.750E-11) ( 9.665E-13, 1.345E-12)  1.00E-07
  4.250E+01 8.08522E-21 -2.045E-03 ( 4.802E-11, 7.600E-11) ( 9.511E-13, 1.333E-12)  1.00E-07
  4.300E+01 7.73742E-21 -2.103E-03 ( 4.665E-11, 7.456E-11) ( 9.360E-13, 1.322E-12)  1.00E-07
  4.350E+01 7.40851E-21 -2.162E-03 ( 4.533E-11, 7.315E-11) ( 9.213E-13, 1.310E-12)  1.00E-07
  4.400E+01 7.09726E-21 -2.221E-03 ( 4.405E-11, 7.179E-11) ( 9.069E-13, 1.299E-12)  1.00E-07
  4.450E+01 6.80254E-21 -2.281E-03 ( 4.283E-11, 7.047E-11) ( 8.929E-13, 1.288E-12)  1.00E-07
  4.500E+01 6.52331E-21 -2.341E-03 ( 4.165E-11, 6.918E-11) ( 8.792E-13, 1.277E-12)  1.00E-07
  4.550E+01 6.25859E-21 -2.403E-03 ( 4.052E-11, 6.793E-11) ( 8.658E-13, 1.266E-12)  1.00E-07
  4.600E+01 6.00750E-21 -2.464E-03 ( 3.942E-11, 6.672E-11) ( 8.527E-13, 1.255E-12)  1.00E-07
  4.650E+01 5.76918E-21 -2.527E-03 ( 3.837E-11, 6.554E-11) ( 8.399E-13, 1.245E-12)  1.00E-07
  4.700E+01 5.54288E-21 -2.589E-03 ( 3.735E-11, 6.439E-11) ( 8.274E-13, 1.234E-12)  1.00E-07
  4.750E+01 5.32786E-21 -2.653E-03 ( 3.637E-11, 6.327E-11) ( 8.152E-13, 1.224E-12)  1.00E-07
  4.800E+01 5.12345E-21 -2.717E-03 ( 3.542E-11, 6.218E-11) ( 8.033E-13, 1.214E-12)  1.00E-07
  4.850E+01 4.92903E-21 -2.781E-03 ( 3.450E-11, 6.113E-11) ( 7.916E-13, 1.204E-12)  1.00E-07
  4.900E+01 4.74402E-21 -2.846E-03 ( 3.362E-11, 6.010E-11) ( 7.801E-13, 1.194E-12)  1.00E-07
  4.950E+01 4.56787E-21 -2.911E-03 ( 3.277E-11, 5.910E-11) ( 7.690E-13, 1.184E-12)  1.00E-07
  5.000E+01 4.40007E-21 -2.977E-03 ( 3.194E-11, 5.812E-11) ( 7.580E-13, 1.174E-12)  1.00E-07
  5.050E+01 4.24016E-21 -3.043E-03 ( 3.114E-11, 5.717E-11) ( 7.473E-13, 1.165E-12)  1.00E-07
  5.100E+01 4.08768E-21 -3.110E-03 ( 3.037E-11, 5.624E-11) ( 7.368E-13, 1.155E-12)  1.00E-07
  5.150E+01 3.94223E-21 -3.177E-03 ( 2.963E-11, 5.534E-11) ( 7.265E-13, 1.146E-12)  1.00E-07
  5.200E+01 3.80342E-21 -3.245E-03 ( 2.890E-11, 5.446E-11) ( 7.165E-13, 1.136E-12)  1.00E-07
  5.250E+01 3.67088E-21 -3.313E-03 ( 2.821E-11, 5.361E-11) ( 7.066E-13, 1.127E-12)  1.00E-07
  5.300E+01 3.54428E-21 -3.381E-03 ( 2.753E-11, 5.277E-11) ( 6.970E-13, 1.118E-12)  1.00E-07
  5.350E+01 3.42329E-21 -3.450E-03 ( 2.688E-11, 5.195E-11) ( 6.875E-13, 1.109E-12)  1.00E-07
  5.400E+01 3.30762E-21 -3.519E-03 ( 2.624E-11, 5.116E-11) ( 6.782E-13, 1.100E-12)  1.00E-07
  5.450E+01 3.19699E-21 -3.588E-03 ( 2.563E-11, 5.038E-11) ( 6.691E-13, 1.092E-12)  1.00E-07
  5.500E+01 3.09114E-21 -3.658E-03 ( 2.503E-11, 4.963E-11) ( 6.602E-13, 1.083E-12)  1.00E-07
  5.550E+01 2.98981E-21 -3.728E-03 ( 2.446E-11, 4.889E-11) ( 6.515E-13, 1.074E-12)  1.00E-07
  5.600E+01 2.89278E-21 -3.798E-03 ( 2.390E-11, 4.817E-11) ( 6.429E-13, 1.066E-12)  1.00E-07
  5.650E+01 2.79983E-21 -3.868E-03 ( 2.336E-11, 4.746E-11) ( 6.345E-13, 1.057E-12)  1.00E-07
  5.700E+01 2.71074E-21 -3.939E-03 ( 2.283E-11, 4.678E-11) ( 6.263E-13, 1.049E-12)  1.00E-07
  5.750E+01 2.62534E-21 -4.010E-03 ( 2.232E-11, 4.610E-11) ( 6.182E-13, 1.041E-12)  1.00E-07
  5.800E+01 2.54343E-21 -4.081E-03 ( 2.183E-11, 4.545E-11) ( 6.102E-13, 1.033E-12)  1.00E-07
  5.850E+01 2.46485E-21 -4.153E-03 ( 2.135E-11, 4.481E-11) ( 6.025E-13, 1.025E-12)  1.00E-07
  5.900E+01 2.38942E-21 -4.224E-03 ( 2.088E-11, 4.418E-11) ( 5.948E-13, 1.017E-12)  1.00E-07
  5.950E+01 2.31701E-21 -4.296E-03 ( 2.043E-11, 4.357E-11) ( 5.873E-13, 1.009E-12)  1.00E-07
  6.000E+01 2.24746E-21 -4.368E-03 ( 1.999E-11, 4.297E-11) ( 5.799E-13, 1.001E-12)  1.00E-07
  6.050E+01 2.18063E-21 -4.440E-03 ( 1.956E-11, 4.239E-11) ( 5.727E-13, 9.933E-13)  1.00E-07
  6.100E+01 2.11641E-21 -4.512E-03 ( 1.915E-11, 4.181E-11) ( 5.656E-13, 9.857E-13)  1.00E-07
  6.150E+01 2.05467E-21 -4.584E-03 ( 1.875E-11, 4.126E-11) ( 5.586E-13, 9.781E-13)  1.00E-07
  6.200E+01 1.99528E-21 -4.657E-03 ( 1.835E-11, 4.071E-11) ( 5.517E-13, 9.706E-13)  1.00E-07
  6.250E+01 1.93816E-21 -4.729E-03 ( 1.797E-11, 4.017E-11) ( 5.450E-13, 9.631E-13)  1.00E-07
  6.300E+01 1.88318E-21 -4.801E-03 ( 1.760E-11, 3.965E-11) ( 5.383E-13, 9.557E-13)  1.00E-07
  6.350E+01 1.83025E-21 -4.874E-03 ( 1.724E-11, 3.914E-11) ( 5.318E-13, 9.484E-13)  1.00E-07
  6.400E+01 1.77929E-21 -4.946E-03 ( 1.689E-11, 3.864E-11) ( 5.254E-13, 9.412E-13)  1.00E-07
  6.450E+01 1.73020E-21 -5.019E-03 ( 1.655E-11, 3.815E-11) ( 5.191E-13, 9.340E-13)  1.00E-07
  6.500E+01 1.68290E-21 -5.091E-03 ( 1.622E-11, 3.767E-11) ( 5.129E-13, 9.269E-13)  1.00E-07
  6.550E+01 1.63731E-21 -5.164E-03 ( 1.590E-11, 3.719E-11) ( 5.069E-13, 9.199E-13)  1.00E-07
  6.600E+01 1.59336E-21 -5.236E-03 ( 1.558E-11, 3.673E-11) ( 5.009E-13, 9.129E-13)  1.00E-07
  6.650E+01 1.55097E-21 -5.308E-03 ( 1.528E-11, 3.628E-11) ( 4.950E-13, 9.060E-13)  1.00E-07
  6.700E+01 1.51009E-21 -5.381E-03 ( 1.498E-11, 3.584E-11) ( 4.892E-13, 8.992E-13)  1.00E-07
  6.750E+01 1.47064E-21 -5.453E-03 ( 1.469E-11, 3.541E-11) ( 4.835E-13, 8.924E-13)  1.00E-07
  6.800E+01 1.43256E-21 -5.525E-03 ( 1.441E-11, 3.499E-11) ( 4.779E-13, 8.857E-13)  1.00E-07
  6.850E+01 1.39579E-21 -5.597E-03 ( 1.413E-11, 3.457E-11) ( 4.723E-13, 8.790E-13)  1.00E-07
  6.900E+01 1.36029E-21 -5.668E-03 ( 1.386E-11, 3.416E-11) ( 4.669E-13, 8.724E-13)  1.00E-07
  6.950E+01 1.32600E-21 -5.740E-03 ( 1.360E-11, 3.376E-11) ( 4.616E-13, 8.658E-13)  1.00E-07
  7.000E+01 1.29287E-21 -5.811E-03 ( 1.335E-11, 3.337E-11) ( 4.563E-13, 8.593E-13)  1.00E-07
  7.050E+01 1.26085E-21 -5.883E-03 ( 1.310E-11, 3.299E-11) ( 4.511E-13, 8.529E-13)  1.00E-07
  7.100E+01 1.22989E-21 -5.954E-03 ( 1.286E-11, 3.261E-11) ( 4.460E-13, 8.465E-13)  1.00E-07
  7.150E+01 1.19996E-21 -6.024E-03 ( 1.262E-11, 3.225E-11) ( 4.410E-13, 8.402E-13)  1.00E-07
  7.200E+01 1.17102E-21 -6.095E-03 ( 1.239E-11, 3.188E-11) ( 4.360E-13, 8.339E-13)  1.00E-07
  7.250E+01 1.14301E-21 -6.165E-03 ( 1.217E-11, 3.153E-11) ( 4.311E-13, 8.276E-13)  1.00E-07
  7.300E+01 1.11591E-21 -6.235E-03 ( 1.195E-11, 3.118E-11) ( 4.263E-13, 8.215E-13)  1.00E-07
  7.350E+01 1.08969E-21 -6.305E-03 ( 1.173E-11, 3.084E-11) ( 4.216E-13, 8.153E-13)  1.00E-07
  7.400E+01 1.06430E-21 -6.374E-03 ( 1.153E-11, 3.051E-11) ( 4.169E-13, 8.092E-13)  1.00E-07
  7.450E+01 1.03971E-21 -6.443E-03 ( 1.132E-11, 3.018E-11) ( 4.123E-13, 8.032E-13)  1.00E-07
  7.500E+01 1.01590E-21 -6.512E-03 ( 1.112E-11, 2.986E-11) ( 4.078E-13, 7.972E-13)  1.00E-07
  7.550E+01 9.92838E-22 -6.580E-03 ( 1.093E-11, 2.954E-11) ( 4.033E-13, 7.913E-13)  1.00E-07
  7.600E+01 9.70488E-22 -6.648E-03 ( 1.074E-11, 2.923E-11) ( 3.989E-13, 7.854E-13)  1.00E-07
  7.650E+01 9.48828E-22 -6.715E-03 ( 1.055E-11, 2.893E-11) ( 3.946E-13, 7.795E-13)  1.00E-07
  7.700E+01 9.27832E-22 -6.783E-03 ( 1.037E-11, 2.863E-11) ( 3.903E-13, 7.737E-13)  1.00E-07
  7.750E+01 9.07474E-22 -6.849E-03 ( 1.020E-11, 2.833E-11) ( 3.861E-13, 7.680E-13)  1.00E-07
  7.800E+01 8.87732E-22 -6.916E-03 ( 1.002E-11, 2.805E-11) ( 3.819E-13, 7.622E-13)  1.00E-07
  7.850E+01 8.68583E-22 -6.981E-03 ( 9.855E-12, 2.776E-11) ( 3.778E-13, 7.565E-13)  1.00E-07
  7.900E+01 8.50005E-22 -7.047E-03 ( 9.690E-12, 2.748E-11) ( 3.737E-13, 7.509E-13)  1.00E-07
  7.950E+01 8.31977E-22 -7.112E-03 ( 9.529E-12, 2.721E-11) ( 3.697E-13, 7.453E-13)  1.00E-07
  8.000E+01 8.14481E-22 -7.176E-03 ( 9.372E-12, 2.694E-11) ( 3.658E-13, 7.398E-13)  1.00E-07
  8.050E+01 7.97496E-22 -7.240E-03 ( 9.218E-12, 2.668E-11) ( 3.619E-13, 7.342E-13)  1.00E-07
  8.100E+01 7.81006E-22 -7.303E-03 ( 9.068E-12, 2.642E-11) ( 3.580E-13, 7.288E-13)  1.00E-07
  8.150E+01 7.64991E-22 -7.366E-03 ( 8.921E-12, 2.617E-11) ( 3.543E-13, 7.233E-13)  1.00E-07
  8.200E+01 7.49437E-22 -7.428E-03 ( 8.777E-12, 2.592E-11) ( 3.505E-13, 7.179E-13)  1.00E-07
  8.250E+01 7.34326E-22 -7.489E-03 ( 8.637E-12, 2.567E-11) ( 3.468E-13, 7.125E-13)  1.00E-07
  8.300E+01 7.19643E-22 -7.550E-03 ( 8.499E-12, 2.543E-11) ( 3.432E-13, 7.072E-13)  1.00E-07
  8.350E+01 7.05375E-22 -7.611E-03 ( 8.364E-12, 2.520E-11) ( 3.396E-13, 7.019E-13)  1.00E-07
  8.400E+01 6.91505E-22 -7.671E-03 ( 8.233E-12, 2.496E-11) ( 3.360E-13, 6.967E-13)  1.00E-07
  8.450E+01 6.78022E-22 -7.730E-03 ( 8.104E-12, 2.473E-11) ( 3.325E-13, 6.914E-13)  1.00E-07
  8.500E+01 6.64912E-22 -7.788E-03 ( 7.978E-12, 2.451E-11) ( 3.290E-13, 6.863E-13)  1.00E-07
  8.550E+01 6.52162E-22 -7.846E-03 ( 7.855E-12, 2.429E-11) ( 3.256E-13, 6.811E-13)  1.00E-07
  8.600E+01 6.39760E-22 -7.903E-03 ( 7.734E-12, 2.407E-11) ( 3.222E-13, 6.760E-13)  1.00E-07
  8.650E+01 6.27696E-22 -7.960E-03 ( 7.616E-12, 2.386E-11) ( 3.189E-13, 6.709E-13)  1.00E-07
  8.700E+01 6.15957E-22 -8.015E-03 ( 7.500E-12, 2.365E-11) ( 3.156E-13, 6.658E-13)  1.00E-07
  8.750E+01 6.04534E-22 -8.070E-03 ( 7.387E-12, 2.344E-11) ( 3.123E-13, 6.608E-13)  1.00E-07
  8.800E+01 5.93415E-22 -8.125E-03 ( 7.276E-12, 2.324E-11) ( 3.091E-13, 6.558E-13)  1.00E-07
  8.850E+01 5.82592E-22 -8.178E-03 ( 7.168E-12, 2.304E-11) ( 3.059E-13, 6.509E-13)  1.00E-07
  8.900E+01 5.72054E-22 -8.231E-03 ( 7.061E-12, 2.284E-11) ( 3.028E-13, 6.459E-13)  1.00E-07
  8.950E+01 5.61792E-22 -8.283E-03 ( 6.957E-12, 2.265E-11) ( 2.997E-13, 6.410E-13)  1.00E-07
  9.000E+01 5.51798E-22 -8.334E-03 ( 6.855E-12, 2.246E-11) ( 2.966E-13, 6.362E-13)  1.00E-07
  9.050E+01 5.42064E-22 -8.384E-03 ( 6.755E-12, 2.227E-11) ( 2.936E-13, 6.313E-13)  1.00E-07
  9.100E+01 5.32580E-22 -8.434E-03 ( 6.658E-12, 2.209E-11) ( 2.906E-13, 6.265E-13)  1.00E-07
  9.150E+01 5.23340E-22 -8.483E-03 ( 6.562E-12, 2.190E-11) ( 2.876E-13, 6.217E-13)  1.00E-07
  9.200E+01 5.14336E-22 -8.530E-03 ( 6.468E-12, 2.173E-11) ( 2.846E-13, 6.170E-13)  1.00E-07
  9.250E+01 5.05559E-22 -8.577E-03 ( 6.376E-12, 2.155E-11) ( 2.817E-13, 6.123E-13)  1.00E-07
  9.300E+01 4.97005E-22 -8.624E-03 ( 6.286E-12, 2.138E-11) ( 2.789E-13, 6.076E-13)  1.00E-07
  9.350E+01 4.88665E-22 -8.669E-03 ( 6.197E-12, 2.121E-11) ( 2.760E-13, 6.029E-13)  1.00E-07
  9.400E+01 4.80533E-22 -8.713E-03 ( 6.111E-12, 2.104E-11) ( 2.732E-13, 5.982E-13)  1.00E-07
  9.450E+01 4.72603E-22 -8.757E-03 ( 6.026E-12, 2.088E-11) ( 2.704E-13, 5.936E-13)  1.00E-07
  9.500E+01 4.64869E-22 -8.799E-03 ( 5.942E-12, 2.072E-11) ( 2.677E-13, 5.890E-13)  1.00E-07
  9.550E+01 4.57325E-22 -8.841E-03 ( 5.861E-12, 2.056E-11) ( 2.650E-13, 5.845E-13)  1.00E-07
  9.600E+01 4.49965E-22 -8.882E-03 ( 5.781E-12, 2.040E-11) ( 2.623E-13, 5.799E-13)  1.00E-07
  9.650E+01 4.42785E-22 -8.921E-03 ( 5.702E-12, 2.025E-11) ( 2.596E-13, 5.754E-13)  1.00E-07
  9.700E+01 4.35778E-22 -8.960E-03 ( 5.625E-12, 2.009E-11) ( 2.570E-13, 5.709E-13)  1.00E-07
  9.750E+01 4.28939E-22 -8.998E-03 ( 5.550E-12, 1.994E-11) ( 2.544E-13, 5.664E-13)  1.00E-07
  9.800E+01 4.22265E-22 -9.035E-03 ( 5.476E-12, 1.980E-11) ( 2.518E-13, 5.620E-13)  1.00E-07
  9.850E+01 4.15749E-22 -9.070E-03 ( 5.403E-12, 1.965E-11) ( 2.493E-13, 5.576E-13)  1.00E-07
  9.900E+01 4.09388E-22 -9.105E-03 ( 5.332E-12, 1.951E-11) ( 2.467E-13, 5.532E-13)  1.00E-07
  9.950E+01 4.03177E-22 -9.139E-03 ( 5.262E-12, 1.937E-11) ( 2.442E-13, 5.488E-13)  1.00E-07
  1.000E+02 3.97112E-22 -9.172E-03 ( 5.194E-12, 1.923E-11) ( 2.417E-13, 5.444E-13)  1.00E-07
  1.005E+02 3.91189E-22 -9.203E-03 ( 5.126E-12, 1.909E-11) ( 2.393E-13, 5.401E-13)  1.00E-07
  1.010E+02 3.85403E-22 -9.234E-03 ( 5.061E-12, 1.896E-11) ( 2.369E-13, 5.358E-13)  1.00E-07
  1.015E+02 3.79751E-22 -9.264E-03 ( 4.996E-12, 1.883E-11) ( 2.345E-13, 5.315E-13)  1.00E-07
  1.020E+02 3.74230E-22 -9.292E-03 ( 4.932E-12, 1.870E-11) ( 2.321E-13, 5.272E-13)  1.00E-07
  1.025E+02 3.68835E-22 -9.320E-03 ( 4.870E-12, 1.857E-11) ( 2.297E-13, 5.230E-13)  1.00E-07
  1.030E+02 3.63563E-22 -9.346E-03 ( 4.809E-12, 1.844E-11) ( 2.274E-13, 5.187E-13)  1.00E-07
  1.035E+02 3.58411E-22 -9.371E-03 ( 4.749E-12, 1.832E-11) ( 2.251E-13, 5.145E-13)  1.00E-07
  1.040E+02 3.53376E-22 -9.396E-03 ( 4.690E-12, 1.820E-11) ( 2.228E-13, 5.104E-13)  1.00E-07
  1.045E+02 3.48454E-22 -9.419E-03 ( 4.632E-12, 1.807E-11) ( 2.205E-13, 5.062E-13)  1.00E-07
  1.050E+02 3.43642E-22 -9.441E-03 ( 4.575E-12, 1.796E-11) ( 2.183E-13, 5.020E-13)  1.00E-07
  1.055E+02 3.38938E-22 -9.461E-03 ( 4.520E-12, 1.784E-11) ( 2.160E-13, 4.979E-13)  1.00E-07
  1.060E+02 3.34338E-22 -9.481E-03 ( 4.465E-12, 1.772E-11) ( 2.138E-13, 4.938E-13)  1.00E-07
  1.065E+02 3.29840E-22 -9.500E-03 ( 4.411E-12, 1.761E-11) ( 2.116E-13, 4.897E-13)  1.00E-07
  1.070E+02 3.25441E-22 -9.517E-03 ( 4.358E-12, 1.750E-11) ( 2.095E-13, 4.856E-13)  1.00E-07
  1.075E+02 3.21139E-22 -9.533E-03 ( 4.307E-12, 1.739E-11) ( 2.073E-13, 4.816E-13)  1.00E-07
  1.080E+02 3.16931E-22 -9.548E-03 ( 4.256E-12, 1.728E-11) ( 2.052E-13, 4.775E-13)  1.00E-07
  1.085E+02 3.12814E-22 -9.562E-03 ( 4.206E-12, 1.717E-11) ( 2.031E-13, 4.735E-13)  1.00E-07
  1.090E+02 3.08787E-22 -9.575E-03 ( 4.157E-12, 1.707E-11) ( 2.010E-13, 4.695E-13)  1.00E-07
  1.095E+02 3.04846E-22 -9.586E-03 ( 4.109E-12, 1.696E-11) ( 1.989E-13, 4.655E-13)  1.00E-07
  1.100E+02 3.00991E-22 -9.597E-03 ( 4.061E-12, 1.686E-11) ( 1.969E-13, 4.616E-13)  1.00E-07
  1.105E+02 2.97218E-22 -9.606E-03 ( 4.015E-12, 1.676E-11) ( 1.948E-13, 4.576E-13)  1.00E-07
  1.110E+02 2.93525E-22 -9.614E-03 ( 3.969E-12, 1.666E-11) ( 1.928E-13, 4.537E-13)  1.00E-07
  1.115E+02 2.89911E-22 -9.620E-03 ( 3.924E-12, 1.656E-11) ( 1.908E-13, 4.498E-13)  1.00E-07
  1.120E+02 2.86374E-22 -9.626E-03 ( 3.880E-12, 1.646E-11) ( 1.888E-13, 4.459E-13)  1.00E-07
  1.125E+02 2.82911E-22 -9.630E-03 ( 3.837E-12, 1.637E-11) ( 1.868E-13, 4.420E-13)  1.00E-07
  1.130E+02 2.79522E-22 -9.633E-03 ( 3.795E-12, 1.628E-11) ( 1.849E-13, 4.381E-13)  1.00E-07
  1.135E+02 2.76203E-22 -9.635E-03 ( 3.753E-12, 1.618E-11) ( 1.829E-13, 4.343E-13)  1.00E-07
  1.140E+02 2.72954E-22 -9.636E-03 ( 3.712E-12, 1.609E-11) ( 1.810E-13, 4.304E-13)  1.00E-07
  1.145E+02 2.69772E-22 -9.635E-03 ( 3.672E-12, 1.600E-11) ( 1.791E-13, 4.266E-13)  1.00E-07
  1.150E+02 2.66656E-22 -9.633E-03 ( 3.632E-12, 1.591E-11) ( 1.772E-13, 4.228E-13)  1.00E-07
  1.155E+02 2.63605E-22 -9.630E-03 ( 3.593E-12, 1.583E-11) ( 1.753E-13, 4.190E-13)  1.00E-07
  1.160E+02 2.60617E-22 -9.625E-03 ( 3.555E-12, 1.574E-11) ( 1.735E-13, 4.152E-13)  1.00E-07
  1.165E+02 2.57690E-22 -9.620E-03 ( 3.518E-12, 1.566E-11) ( 1.716E-13, 4.114E-13)  1.00E-07
  1.170E+02 2.54823E-22 -9.613E-03 ( 3.481E-12, 1.557E-11) ( 1.698E-13, 4.077E-13)  1.00E-07
  1.175E+02 2.52015E-22 -9.604E-03 ( 3.444E-12, 1.549E-11) ( 1.680E-13, 4.040E-13)  1.00E-07
  1.180E+02 2.49264E-22 -9.595E-03 ( 3.409E-12, 1.541E-11) ( 1.661E-13, 4.002E-13)  1.00E-07
  1.185E+02 2.46569E-22 -9.584E-03 ( 3.374E-12, 1.533E-11) ( 1.643E-13, 3.965E-13)  1.00E-07
  1.190E+02 2.43928E-22 -9.572E-03 ( 3.339E-12, 1.525E-11) ( 1.626E-13, 3.928E-13)  1.00E-07
  1.195E+02 2.41341E-22 -9.559E-03 ( 3.306E-12, 1.517E-11) ( 1.608E-13, 3.891E-13)  1.00E-07
  1.200E+02 2.38806E-22 -9.544E-03 ( 3.272E-12, 1.510E-11) ( 1.590E-13, 3.855E-13)  1.00E-07
  1.205E+02 2.36322E-22 -9.528E-03 ( 3.240E-12, 1.502E-11) ( 1.573E-13, 3.818E-13)  1.00E-07
  1.210E+02 2.33888E-22 -9.511E-03 ( 3.208E-12, 1.495E-11) ( 1.556E-13, 3.782E-13)  1.00E-07
  1.215E+02 2.31502E-22 -9.493E-03 ( 3.176E-12, 1.487E-11) ( 1.538E-13, 3.745E-13)  1.00E-07
  1.220E+02 2.29164E-22 -9.473E-03 ( 3.145E-12, 1.480E-11) ( 1.521E-13, 3.709E-13)  1.00E-07
  1.225E+02 2.26873E-22 -9.452E-03 ( 3.115E-12, 1.473E-11) ( 1.504E-13, 3.673E-13)  1.00E-07
  1.230E+02 2.24627E-22 -9.430E-03 ( 3.085E-12, 1.466E-11) ( 1.488E-13, 3.637E-13)  1.00E-07
  1.235E+02 2.22426E-22 -9.406E-03 ( 3.055E-12, 1.459E-11) ( 1.471E-13, 3.601E-13)  1.00E-07
  1.240E+02 2.20268E-22 -9.382E-03 ( 3.027E-12, 1.452E-11) ( 1.454E-13, 3.565E-13)  1.00E-07
  1.245E+02 2.18154E-22 -9.355E-03 ( 2.998E-12, 1.446E-11) ( 1.438E-13, 3.530E-13)  1.00E-07
  1.250E+02 2.16080E-22 -9.328E-03 ( 2.970E-12, 1.439E-11) ( 1.421E-13, 3.494E-13)  1.00E-07
  1.255E+02 2.14048E-22 -9.299E-03 ( 2.943E-12, 1.433E-11) ( 1.405E-13, 3.459E-13)  1.00E-07
  1.260E+02 2.12055E-22 -9.269E-03 ( 2.916E-12, 1.426E-11) ( 1.389E-13, 3.424E-13)  1.00E-07
  1.265E+02 2.10102E-22 -9.238E-03 ( 2.889E-12, 1.420E-11) ( 1.373E-13, 3.388E-13)  1.00E-07
  1.270E+02 2.08187E-22 -9.206E-03 ( 2.863E-12, 1.414E-11) ( 1.357E-13, 3.353E-13)  1.00E-07
  1.275E+02 2.06310E-22 -9.172E-03 ( 2.838E-12, 1.408E-11) ( 1.341E-13, 3.318E-13)  1.00E-07
  1.280E+02 2.04469E-22 -9.137E-03 ( 2.813E-12, 1.402E-11) ( 1.325E-13, 3.284E-13)  1.00E-07
  1.285E+02 2.02664E-22 -9.100E-03 ( 2.788E-12, 1.396E-11) ( 1.310E-13, 3.249E-13)  1.00E-07
  1.290E+02 2.00894E-22 -9.063E-03 ( 2.763E-12, 1.390E-11) ( 1.294E-13, 3.214E-13)  1.00E-07
  1.295E+02 1.99159E-22 -9.024E-03 ( 2.740E-12, 1.384E-11) ( 1.279E-13, 3.180E-13)  1.00E-07
  1.300E+02 1.97458E-22 -8.984E-03 ( 2.716E-12, 1.378E-11) ( 1.263E-13, 3.145E-13)  1.00E-07
  1.305E+02 1.95790E-22 -8.942E-03 ( 2.693E-12, 1.373E-11) ( 1.248E-13, 3.111E-13)  1.00E-07
  1.310E+02 1.94155E-22 -8.899E-03 ( 2.670E-12, 1.367E-11) ( 1.233E-13, 3.076E-13)  1.00E-07
  1.315E+02 1.92551E-22 -8.856E-03 ( 2.648E-12, 1.362E-11) ( 1.218E-13, 3.042E-13)  1.00E-07
  1.320E+02 1.90978E-22 -8.810E-03 ( 2.626E-12, 1.356E-11) ( 1.203E-13, 3.008E-13)  1.00E-07
  1.325E+02 1.89437E-22 -8.764E-03 ( 2.605E-12, 1.351E-11) ( 1.188E-13, 2.974E-13)  1.00E-07
  1.330E+02 1.87925E-22 -8.716E-03 ( 2.584E-12, 1.346E-11) ( 1.173E-13, 2.940E-13)  1.00E-07
  1.335E+02 1.86442E-22 -8.667E-03 ( 2.563E-12, 1.341E-11) ( 1.158E-13, 2.906E-13)  1.00E-07
  1.340E+02 1.84989E-22 -8.617E-03 ( 2.542E-12, 1.336E-11) ( 1.143E-13, 2.873E-13)  1.00E-07
  1.345E+02 1.83564E-22 -8.566E-03 ( 2.522E-12, 1.331E-11) ( 1.129E-13, 2.839E-13)  1.00E-07
  1.350E+02 1.82166E-22 -8.513E-03 ( 2.503E-12, 1.326E-11) ( 1.114E-13, 2.805E-13)  1.00E-07
  1.355E+02 1.80796E-22 -8.459E-03 ( 2.483E-12, 1.321E-11) ( 1.100E-13, 2.772E-13)  1.00E-07
  1.360E+02 1.79453E-22 -8.404E-03 ( 2.464E-12, 1.316E-11) ( 1.085E-13, 2.739E-13)  1.00E-07
  1.365E+02 1.78136E-22 -8.348E-03 ( 2.446E-12, 1.312E-11) ( 1.071E-13, 2.705E-13)  1.00E-07
  1.370E+02 1.76844E-22 -8.290E-03 ( 2.427E-12, 1.307E-11) ( 1.057E-13, 2.672E-13)  1.00E-07
  1.375E+02 1.75578E-22 -8.232E-03 ( 2.409E-12, 1.303E-11) ( 1.043E-13, 2.639E-13)  1.00E-07
  1.380E+02 1.74337E-22 -8.172E-03 ( 2.391E-12, 1.298E-11) ( 1.029E-13, 2.606E-13)  1.00E-07
  1.385E+02 1.73121E-22 -8.111E-03 ( 2.374E-12, 1.294E-11) ( 1.015E-13, 2.573E-13)  1.00E-07
  1.390E+02 1.71928E-22 -8.048E-03 ( 2.357E-12, 1.290E-11) ( 1.001E-13, 2.540E-13)  1.00E-07
  1.395E+02 1.70759E-22 -7.985E-03 ( 2.340E-12, 1.285E-11) ( 9.869E-14, 2.507E-13)  1.00E-07
  1.400E+02 1.69613E-22 -7.920E-03 ( 2.324E-12, 1.281E-11) ( 9.731E-14, 2.474E-13)  1.00E-07
  1.405E+02 1.68490E-22 -7.855E-03 ( 2.308E-12, 1.277E-11) ( 9.593E-14, 2.442E-13)  1.00E-07
  1.410E+02 1.67389E-22 -7.788E-03 ( 2.292E-12, 1.273E-11) ( 9.456E-14, 2.409E-13)  1.00E-07
  1.415E+02 1.66310E-22 -7.720E-03 ( 2.276E-12, 1.269E-11) ( 9.320E-14, 2.376E-13)  1.00E-07
  1.420E+02 1.65253E-22 -7.650E-03 ( 2.261E-12, 1.265E-11) ( 9.185E-14, 2.344E-13)  1.00E-07
  1.425E+02 1.64217E-22 -7.580E-03 ( 2.246E-12, 1.261E-11) ( 9.050E-14, 2.311E-13)  1.00E-07
  1.430E+02 1.63202E-22 -7.509E-03 ( 2.231E-12, 1.258E-11) ( 8.915E-14, 2.279E-13)  1.00E-07
  1.435E+02 1.62207E-22 -7.436E-03 ( 2.217E-12, 1.254E-11) ( 8.782E-14, 2.247E-13)  1.00E-07
  1.440E+02 1.61233E-22 -7.363E-03 ( 2.202E-12, 1.250E-11) ( 8.648E-14, 2.215E-13)  1.00E-07
  1.445E+02 1.60279E-22 -7.288E-03 ( 2.189E-12, 1.247E-11) ( 8.516E-14, 2.182E-13)  1.00E-07
  1.450E+02 1.59344E-22 -7.212E-03 ( 2.175E-12, 1.243E-11) ( 8.384E-14, 2.150E-13)  1.00E-07
  1.455E+02 1.58428E-22 -7.135E-03 ( 2.162E-12, 1.240E-11) ( 8.252E-14, 2.118E-13)  1.00E-07
  1.460E+02 1.57532E-22 -7.058E-03 ( 2.148E-12, 1.236E-11) ( 8.121E-14, 2.086E-13)  1.00E-07
  1.465E+02 1.56654E-22 -6.979E-03 ( 2.136E-12, 1.233E-11) ( 7.991E-14, 2.054E-13)  1.00E-07
  1.470E+02 1.55794E-22 -6.899E-03 ( 2.123E-12, 1.230E-11) ( 7.861E-14, 2.022E-13)  1.00E-07
  1.475E+02 1.54953E-22 -6.818E-03 ( 2.111E-12, 1.227E-11) ( 7.731E-14, 1.991E-13)  1.00E-07
  1.480E+02 1.54130E-22 -6.736E-03 ( 2.098E-12, 1.223E-11) ( 7.602E-14, 1.959E-13)  1.00E-07
  1.485E+02 1.53324E-22 -6.653E-03 ( 2.087E-12, 1.220E-11) ( 7.474E-14, 1.927E-13)  1.00E-07
  1.490E+02 1.52535E-22 -6.569E-03 ( 2.075E-12, 1.217E-11) ( 7.346E-14, 1.895E-13)  1.00E-07
  1.495E+02 1.51764E-22 -6.484E-03 ( 2.063E-12, 1.214E-11) ( 7.219E-14, 1.864E-13)  1.00E-07
  1.500E+02 1.51009E-22 -6.398E-03 ( 2.052E-12, 1.211E-11) ( 7.092E-14, 1.832E-13)  1.00E-07
  1.505E+02 1.50271E-22 -6.311E-03 ( 2.041E-12, 1.209E-11) ( 6.965E-14, 1.801E-13)  1.00E-07
  1.510E+02 1.49549E-22 -6.223E-03 ( 2.031E-12, 1.206E-11) ( 6.839E-14, 1.769E-13)  1.00E-07
  1.515E+02 1.48843E-22 -6.134E-03 ( 2.020E-12, 1.203E-11) ( 6.713E-14, 1.738E-13)  1.00E-07
  1.520E+02 1.48154E-22 -6.044E-03 ( 2.010E-12, 1.200E-11) ( 6.588E-14, 1.707E-13)  1.00E-07
  1.525E+02 1.47480E-22 -5.954E-03 ( 2.000E-12, 1.198E-11) ( 6.463E-14, 1.675E-13)  1.00E-07
  1.530E+02 1.46821E-22 -5.862E-03 ( 1.990E-12, 1.195E-11) ( 6.338E-14, 1.644E-13)  1.00E-07
  1.535E+02 1.46178E-22 -5.770E-03 ( 1.980E-12, 1.193E-11) ( 6.214E-14, 1.613E-13)  1.00E-07
  1.540E+02 1.45550E-22 -5.676E-03 ( 1.971E-12, 1.190E-11) ( 6.091E-14, 1.582E-13)  1.00E-07
  1.545E+02 1.44937E-22 -5.582E-03 ( 1.962E-12, 1.188E-11) ( 5.967E-14, 1.551E-13)  1.00E-07
  1.550E+02 1.44339E-22 -5.487E-03 ( 1.953E-12, 1.185E-11) ( 5.844E-14, 1.519E-13)  1.00E-07
  1.555E+02 1.43755E-22 -5.391E-03 ( 1.944E-12, 1.183E-11) ( 5.722E-14, 1.488E-13)  1.00E-07
  1.560E+02 1.43185E-22 -5.295E-03 ( 1.936E-12, 1.181E-11) ( 5.600E-14, 1.457E-13)  1.00E-07
  1.565E+02 1.42630E-22 -5.197E-03 ( 1.927E-12, 1.179E-11) ( 5.478E-14, 1.426E-13)  1.00E-07
  1.570E+02 1.42089E-22 -5.099E-03 ( 1.919E-12, 1.176E-11) ( 5.356E-14, 1.396E-13)  1.00E-07
  1.575E+02 1.41561E-22 -5.000E-03 ( 1.911E-12, 1.174E-11) ( 5.235E-14, 1.365E-13)  1.00E-07
  1.580E+02 1.41048E-22 -4.900E-03 ( 1.903E-12, 1.172E-11) ( 5.114E-14, 1.334E-13)  1.00E-07
  1.585E+02 1.40548E-22 -4.800E-03 ( 1.896E-12, 1.170E-11) ( 4.994E-14, 1.303E-13)  1.00E-07
  1.590E+02 1.40061E-22 -4.699E-03 ( 1.889E-12, 1.168E-11) ( 4.873E-14, 1.272E-13)  1.00E-07
  1.595E+02 1.39587E-22 -4.597E-03 ( 1.881E-12, 1.166E-11) ( 4.753E-14, 1.241E-13)  1.00E-07
  1.600E+02 1.39127E-22 -4.494E-03 ( 1.875E-12, 1.164E-11) ( 4.634E-14, 1.211E-13)  1.00E-07
  1.605E+02 1.38680E-22 -4.391E-03 ( 1.868E-12, 1.163E-11) ( 4.514E-14, 1.180E-13)  1.00E-07
  1.610E+02 1.38246E-22 -4.287E-03 ( 1.861E-12, 1.161E-11) ( 4.395E-14, 1.149E-13)  1.00E-07
  1.615E+02 1.37824E-22 -4.182E-03 ( 1.855E-12, 1.159E-11) ( 4.276E-14, 1.119E-13)  1.00E-07
  1.620E+02 1.37415E-22 -4.077E-03 ( 1.849E-12, 1.158E-11) ( 4.158E-14, 1.088E-13)  1.00E-07
  1.625E+02 1.37018E-22 -3.971E-03 ( 1.843E-12, 1.156E-11) ( 4.039E-14, 1.058E-13)  1.00E-07
  1.630E+02 1.36634E-22 -3.864E-03 ( 1.837E-12, 1.154E-11) ( 3.921E-14, 1.027E-13)  1.00E-07
  1.635E+02 1.36263E-22 -3.757E-03 ( 1.831E-12, 1.153E-11) ( 3.803E-14, 9.966E-14)  1.00E-07
  1.640E+02 1.35903E-22 -3.649E-03 ( 1.826E-12, 1.151E-11) ( 3.686E-14, 9.662E-14)  1.00E-07
  1.645E+02 1.35555E-22 -3.541E-03 ( 1.820E-12, 1.150E-11) ( 3.568E-14, 9.357E-14)  1.00E-07
  1.650E+02 1.35220E-22 -3.432E-03 ( 1.815E-12, 1.149E-11) ( 3.451E-14, 9.053E-14)  1.00E-07
  1.655E+02 1.34896E-22 -3.323E-03 ( 1.810E-12, 1.147E-11) ( 3.334E-14, 8.749E-14)  1.00E-07
  1.660E+02 1.34584E-22 -3.213E-03 ( 1.806E-12, 1.146E-11) ( 3.217E-14, 8.445E-14)  1.00E-07
  1.665E+02 1.34284E-22 -3.103E-03 ( 1.801E-12, 1.145E-11) ( 3.101E-14, 8.141E-14)  1.00E-07
  1.670E+02 1.33996E-22 -2.992E-03 ( 1.797E-12, 1.144E-11) ( 2.984E-14, 7.838E-14)  1.00E-07
  1.675E+02 1.33719E-22 -2.881E-03 ( 1.792E-12, 1.142E-11) ( 2.868E-14, 7.535E-14)  1.00E-07
  1.680E+02 1.33453E-22 -2.769E-03 ( 1.788E-12, 1.141E-11) ( 2.752E-14, 7.232E-14)  1.00E-07
  1.685E+02 1.33199E-22 -2.657E-03 ( 1.784E-12, 1.140E-11) ( 2.636E-14, 6.929E-14)  1.00E-07
  1.690E+02 1.32956E-22 -2.544E-03 ( 1.781E-12, 1.139E-11) ( 2.520E-14, 6.627E-14)  1.00E-07
  1.695E+02 1.32725E-22 -2.431E-03 ( 1.777E-12, 1.138E-11) ( 2.405E-14, 6.324E-14)  1.00E-07
  1.700E+02 1.32504E-22 -2.318E-03 ( 1.774E-12, 1.137E-11) ( 2.289E-14, 6.022E-14)  1.00E-07
  1.705E+02 1.32295E-22 -2.204E-03 ( 1.771E-12, 1.136E-11) ( 2.174E-14, 5.720E-14)  1.00E-07
  1.710E+02 1.32097E-22 -2.090E-03 ( 1.768E-12, 1.136E-11) ( 2.059E-14, 5.418E-14)  1.00E-07
  1.715E+02 1.31910E-22 -1.976E-03 ( 1.765E-12, 1.135E-11) ( 1.944E-14, 5.116E-14)  1.00E-07
  1.720E+02 1.31734E-22 -1.861E-03 ( 1.762E-12, 1.134E-11) ( 1.829E-14, 4.815E-14)  1.00E-07
  1.725E+02 1.31569E-22 -1.746E-03 ( 1.759E-12, 1.133E-11) ( 1.714E-14, 4.513E-14)  1.00E-07
  1.730E+02 1.31414E-22 -1.631E-03 ( 1.757E-12, 1.133E-11) ( 1.599E-14, 4.212E-14)  1.00E-07
  1.735E+02 1.31271E-22 -1.516E-03 ( 1.755E-12, 1.132E-11) ( 1.485E-14, 3.910E-14)  1.00E-07
  1.740E+02 1.31138E-22 -1.400E-03 ( 1.753E-12, 1.132E-11) ( 1.370E-14, 3.609E-14)  1.00E-07
  1.745E+02 1.31016E-22 -1.284E-03 ( 1.751E-12, 1.131E-11) ( 1.256E-14, 3.308E-14)  1.00E-07
  1.750E+02 1.30905E-22 -1.168E-03 ( 1.749E-12, 1.131E-11) ( 1.141E-14, 3.007E-14)  1.00E-07
  1.755E+02 1.30804E-22 -1.052E-03 ( 1.748E-12, 1.130E-11) ( 1.027E-14, 2.706E-14)  1.00E-07
  1.760E+02 1.30714E-22 -9.353E-04 ( 1.746E-12, 1.130E-11) ( 9.128E-15, 2.405E-14)  1.00E-07
  1.765E+02 1.30635E-22 -8.187E-04 ( 1.745E-12, 1.130E-11) ( 7.985E-15, 2.104E-14)  1.00E-07
  1.770E+02 1.30566E-22 -7.019E-04 ( 1.744E-12, 1.129E-11) ( 6.844E-15, 1.804E-14)  1.00E-07
  1.775E+02 1.30508E-22 -5.851E-04 ( 1.743E-12, 1.129E-11) ( 5.703E-15, 1.503E-14)  1.00E-07
  1.780E+02 1.30461E-22 -4.682E-04 ( 1.742E-12, 1.129E-11) ( 4.562E-15, 1.202E-14)  1.00E-07
  1.785E+02 1.30424E-22 -3.512E-04 ( 1.742E-12, 1.129E-11) ( 3.421E-15, 9.018E-15)  1.00E-07
  1.790E+02 1.30397E-22 -2.342E-04 ( 1.741E-12, 1.129E-11) ( 2.281E-15, 6.012E-15)  1.00E-07
  1.795E+02 1.30381E-22 -1.171E-04 ( 1.741E-12, 1.128E-11) ( 1.140E-15, 3.006E-15)  1.00E-07
  1.800E+02 1.30376E-22 -1.643E-18 ( 1.741E-12, 1.128E-11) ( 1.600E-29, 4.218E-29)  1.00E-07

  TOTAL ELASTIC CROSS SECTION = 2.985369E-18 cm**2
               FROM DCS TABLE = 2.984684E-18  (REL. DIF. = 2.30E-04)

  1ST TRANSPORT CROSS SECTION = 2.128398E-20 cm**2
               FROM DCS TABLE = 2.128344E-20  (REL. DIF. = 2.56E-05)

  2ND TRANSPORT CROSS SECTION = 5.363722E-20 cm**2

  **** DPWA0 ENDED ************************************************************

