 #  Scattering amplitudes (in cm)      MU=(1-cos(TH))/2
 #  Z =   8,   projectile: electron
 #  Kinetic energy = 2.50000E+04 eV
 #
 # TH (deg)      MU          Re(F)        Im(F)        Re(G)        Im(G)
 #--------------------------------------------------------------------------
  0.000E+00  0.00000E+00  2.06314E-08  1.94780E-09  0.00000E+00  0.00000E+00
  1.000E-04  7.61557E-13  2.06314E-08  1.94780E-09  8.42940E-16  8.02030E-17
  1.250E-04  1.18994E-12  2.06314E-08  1.94780E-09  1.05368E-15  1.00254E-16
  1.500E-04  1.71346E-12  2.06314E-08  1.94780E-09  1.26441E-15  1.20305E-16
  1.750E-04  2.33225E-12  2.06314E-08  1.94780E-09  1.47515E-15  1.40355E-16
  2.000E-04  3.04617E-12  2.06314E-08  1.94780E-09  1.68588E-15  1.60406E-16
  2.250E-04  3.85530E-12  2.06314E-08  1.94780E-09  1.89662E-15  1.80457E-16
  2.500E-04  4.75964E-12  2.06314E-08  1.94780E-09  2.10735E-15  2.00508E-16
  2.750E-04  5.75917E-12  2.06314E-08  1.94780E-09  2.31809E-15  2.20558E-16
  3.000E-04  6.85391E-12  2.06314E-08  1.94780E-09  2.52882E-15  2.40609E-16
  3.250E-04  8.04379E-12  2.06314E-08  1.94780E-09  2.73956E-15  2.60660E-16
  3.500E-04  9.32893E-12  2.06314E-08  1.94780E-09  2.95029E-15  2.80711E-16
  3.750E-04  1.07092E-11  2.06314E-08  1.94780E-09  3.16103E-15  3.00761E-16
  4.000E-04  1.21847E-11  2.06314E-08  1.94780E-09  3.37176E-15  3.20812E-16
  4.250E-04  1.37554E-11  2.06314E-08  1.94780E-09  3.58250E-15  3.40863E-16
  4.500E-04  1.54213E-11  2.06314E-08  1.94780E-09  3.79323E-15  3.60914E-16
  4.750E-04  1.71823E-11  2.06314E-08  1.94780E-09  4.00397E-15  3.80964E-16
  5.000E-04  1.90386E-11  2.06314E-08  1.94780E-09  4.21470E-15  4.01015E-16
  5.250E-04  2.09900E-11  2.06314E-08  1.94780E-09  4.42544E-15  4.21066E-16
  5.500E-04  2.30367E-11  2.06314E-08  1.94780E-09  4.63617E-15  4.41117E-16
  5.750E-04  2.51785E-11  2.06314E-08  1.94780E-09  4.84691E-15  4.61167E-16
  6.000E-04  2.74156E-11  2.06314E-08  1.94780E-09  5.05764E-15  4.81218E-16
  6.250E-04  2.97478E-11  2.06314E-08  1.94780E-09  5.26838E-15  5.01269E-16
  6.500E-04  3.21752E-11  2.06314E-08  1.94780E-09  5.47911E-15  5.21320E-16
  6.750E-04  3.46979E-11  2.06314E-08  1.94780E-09  5.68985E-15  5.41370E-16
  7.000E-04  3.73157E-11  2.06314E-08  1.94780E-09  5.90058E-15  5.61421E-16
  7.250E-04  4.00286E-11  2.06314E-08  1.94780E-09  6.11132E-15  5.81472E-16
  7.500E-04  4.28368E-11  2.06314E-08  1.94780E-09  6.32205E-15  6.01523E-16
  7.750E-04  4.57402E-11  2.06314E-08  1.94780E-09  6.53279E-15  6.21573E-16
  8.000E-04  4.87388E-11  2.06314E-08  1.94780E-09  6.74352E-15  6.41624E-16
  8.250E-04  5.18325E-11  2.06314E-08  1.94780E-09  6.95426E-15  6.61675E-16
  8.500E-04  5.50215E-11  2.06314E-08  1.94780E-09  7.16499E-15  6.81726E-16
  8.750E-04  5.83057E-11  2.06314E-08  1.94780E-09  7.37573E-15  7.01776E-16
  9.000E-04  6.16850E-11  2.06314E-08  1.94780E-09  7.58646E-15  7.21827E-16
  9.250E-04  6.51595E-11  2.06314E-08  1.94780E-09  7.79720E-15  7.41878E-16
  9.500E-04  6.87293E-11  2.06314E-08  1.94780E-09  8.00793E-15  7.61929E-16
  9.750E-04  7.23943E-11  2.06314E-08  1.94780E-09  8.21867E-15  7.81979E-16
  1.000E-03  7.61544E-11  2.06314E-08  1.94780E-09  8.42940E-15  8.02030E-16
  1.250E-03  1.18991E-10  2.06314E-08  1.94780E-09  1.05368E-14  1.00254E-15
  1.500E-03  1.71347E-10  2.06314E-08  1.94780E-09  1.26441E-14  1.20305E-15
  1.750E-03  2.33223E-10  2.06314E-08  1.94780E-09  1.47515E-14  1.40355E-15
  2.000E-03  3.04617E-10  2.06314E-08  1.94780E-09  1.68588E-14  1.60406E-15
  2.250E-03  3.85531E-10  2.06314E-08  1.94780E-09  1.89661E-14  1.80457E-15
  2.500E-03  4.75965E-10  2.06314E-08  1.94780E-09  2.10735E-14  2.00507E-15
  2.750E-03  5.75917E-10  2.06314E-08  1.94780E-09  2.31808E-14  2.20558E-15
  3.000E-03  6.85389E-10  2.06314E-08  1.94780E-09  2.52882E-14  2.40609E-15
  3.250E-03  8.04380E-10  2.06314E-08  1.94780E-09  2.73955E-14  2.60660E-15
  3.500E-03  9.32891E-10  2.06314E-08  1.94780E-09  2.95029E-14  2.80710E-15
  3.750E-03  1.07092E-09  2.06314E-08  1.94780E-09  3.16102E-14  3.00761E-15
  4.000E-03  1.21847E-09  2.06314E-08  1.94780E-09  3.37176E-14  3.20812E-15
  4.250E-03  1.37554E-09  2.06314E-08  1.94780E-09  3.58249E-14  3.40863E-15
  4.500E-03  1.54213E-09  2.06314E-08  1.94780E-09  3.79322E-14  3.60913E-15
  4.750E-03  1.71823E-09  2.06314E-08  1.94780E-09  4.00396E-14  3.80964E-15
  5.000E-03  1.90386E-09  2.06314E-08  1.94780E-09  4.21469E-14  4.01015E-15
  5.250E-03  2.09900E-09  2.06314E-08  1.94780E-09  4.42542E-14  4.21066E-15
  5.500E-03  2.30367E-09  2.06313E-08  1.94780E-09  4.63615E-14  4.41116E-15
  5.750E-03  2.51785E-09  2.06313E-08  1.94780E-09  4.84689E-14  4.61167E-15
  6.000E-03  2.74156E-09  2.06313E-08  1.94780E-09  5.05762E-14  4.81218E-15
  6.250E-03  2.97478E-09  2.06313E-08  1.94780E-09  5.26835E-14  5.01268E-15
  6.500E-03  3.21752E-09  2.06313E-08  1.94780E-09  5.47908E-14  5.21319E-15
  6.750E-03  3.46978E-09  2.06313E-08  1.94780E-09  5.68982E-14  5.41370E-15
  7.000E-03  3.73156E-09  2.06313E-08  1.94780E-09  5.90055E-14  5.61420E-15
  7.250E-03  4.00286E-09  2.06313E-08  1.94780E-09  6.11128E-14  5.81471E-15
  7.500E-03  4.28368E-09  2.06313E-08  1.94780E-09  6.32201E-14  6.01522E-15
  7.750E-03  4.57402E-09  2.06313E-08  1.94780E-09  6.53274E-14  6.21572E-15
  8.000E-03  4.87388E-09  2.06313E-08  1.94780E-09  6.74347E-14  6.41623E-15
  8.250E-03  5.18326E-09  2.06312E-08  1.94780E-09  6.95420E-14  6.61674E-15
  8.500E-03  5.50215E-09  2.06312E-08  1.94780E-09  7.16493E-14  6.81724E-15
  8.750E-03  5.83057E-09  2.06312E-08  1.94780E-09  7.37566E-14  7.01775E-15
  9.000E-03  6.16850E-09  2.06312E-08  1.94780E-09  7.58639E-14  7.21826E-15
  9.250E-03  6.51596E-09  2.06312E-08  1.94780E-09  7.79711E-14  7.41876E-15
  9.500E-03  6.87293E-09  2.06312E-08  1.94780E-09  8.00784E-14  7.61927E-15
  9.750E-03  7.23942E-09  2.06312E-08  1.94780E-09  8.21857E-14  7.81978E-15
  1.000E-02  7.61544E-09  2.06312E-08  1.94780E-09  8.42930E-14  8.02028E-15
  1.250E-02  1.18991E-08  2.06310E-08  1.94779E-09  1.05365E-13  1.00253E-14
  1.500E-02  1.71347E-08  2.06308E-08  1.94779E-09  1.26437E-13  1.20304E-14
  1.750E-02  2.33223E-08  2.06306E-08  1.94779E-09  1.47509E-13  1.40354E-14
  2.000E-02  3.04617E-08  2.06304E-08  1.94778E-09  1.68580E-13  1.60404E-14
  2.250E-02  3.85531E-08  2.06301E-08  1.94778E-09  1.89649E-13  1.80455E-14
  2.500E-02  4.75965E-08  2.06298E-08  1.94777E-09  2.10718E-13  2.00505E-14
  2.750E-02  5.75917E-08  2.06294E-08  1.94777E-09  2.31786E-13  2.20554E-14
  3.000E-02  6.85389E-08  2.06291E-08  1.94776E-09  2.52853E-13  2.40604E-14
  3.250E-02  8.04380E-08  2.06286E-08  1.94775E-09  2.73919E-13  2.60653E-14
  3.500E-02  9.32891E-08  2.06282E-08  1.94774E-09  2.94983E-13  2.80702E-14
  3.750E-02  1.07092E-07  2.06277E-08  1.94774E-09  3.16046E-13  3.00751E-14
  4.000E-02  1.21847E-07  2.06272E-08  1.94773E-09  3.37108E-13  3.20800E-14
  4.250E-02  1.37554E-07  2.06267E-08  1.94772E-09  3.58167E-13  3.40848E-14
  4.500E-02  1.54213E-07  2.06261E-08  1.94771E-09  3.79226E-13  3.60896E-14
  4.750E-02  1.71823E-07  2.06255E-08  1.94770E-09  4.00282E-13  3.80944E-14
  5.000E-02  1.90386E-07  2.06248E-08  1.94768E-09  4.21336E-13  4.00991E-14
  5.250E-02  2.09900E-07  2.06242E-08  1.94767E-09  4.42389E-13  4.21038E-14
  5.500E-02  2.30367E-07  2.06235E-08  1.94766E-09  4.63439E-13  4.41085E-14
  5.750E-02  2.51785E-07  2.06227E-08  1.94765E-09  4.84487E-13  4.61131E-14
  6.000E-02  2.74156E-07  2.06220E-08  1.94763E-09  5.05533E-13  4.81177E-14
  6.250E-02  2.97478E-07  2.06211E-08  1.94762E-09  5.26576E-13  5.01222E-14
  6.500E-02  3.21752E-07  2.06203E-08  1.94760E-09  5.47617E-13  5.21267E-14
  6.750E-02  3.46978E-07  2.06194E-08  1.94759E-09  5.68655E-13  5.41311E-14
  7.000E-02  3.73156E-07  2.06185E-08  1.94757E-09  5.89691E-13  5.61355E-14
  7.250E-02  4.00286E-07  2.06176E-08  1.94755E-09  6.10724E-13  5.81399E-14
  7.500E-02  4.28368E-07  2.06166E-08  1.94754E-09  6.31753E-13  6.01442E-14
  7.750E-02  4.57402E-07  2.06156E-08  1.94752E-09  6.52780E-13  6.21484E-14
  8.000E-02  4.87388E-07  2.06146E-08  1.94750E-09  6.73804E-13  6.41526E-14
  8.250E-02  5.18325E-07  2.06135E-08  1.94748E-09  6.94824E-13  6.61567E-14
  8.500E-02  5.50215E-07  2.06124E-08  1.94746E-09  7.15842E-13  6.81608E-14
  8.750E-02  5.83057E-07  2.06113E-08  1.94744E-09  7.36855E-13  7.01648E-14
  9.000E-02  6.16850E-07  2.06101E-08  1.94742E-09  7.57866E-13  7.21687E-14
  9.250E-02  6.51596E-07  2.06089E-08  1.94740E-09  7.78872E-13  7.41726E-14
  9.500E-02  6.87293E-07  2.06077E-08  1.94738E-09  7.99875E-13  7.61764E-14
  9.750E-02  7.23942E-07  2.06064E-08  1.94736E-09  8.20874E-13  7.81802E-14
  1.000E-01  7.61543E-07  2.06051E-08  1.94733E-09  8.41870E-13  8.01839E-14
  1.250E-01  1.18991E-06  2.05904E-08  1.94707E-09  1.05159E-12  1.00216E-13
  1.500E-01  1.71347E-06  2.05724E-08  1.94675E-09  1.26080E-12  1.20240E-13
  1.750E-01  2.33223E-06  2.05511E-08  1.94636E-09  1.46942E-12  1.40253E-13
  2.000E-01  3.04617E-06  2.05267E-08  1.94592E-09  1.67735E-12  1.60253E-13
  2.250E-01  3.85531E-06  2.04990E-08  1.94543E-09  1.88448E-12  1.80239E-13
  2.500E-01  4.75964E-06  2.04682E-08  1.94487E-09  2.09073E-12  2.00209E-13
  2.750E-01  5.75916E-06  2.04342E-08  1.94426E-09  2.29599E-12  2.20160E-13
  3.000E-01  6.85388E-06  2.03971E-08  1.94358E-09  2.50019E-12  2.40093E-13
  3.250E-01  8.04378E-06  2.03569E-08  1.94285E-09  2.70322E-12  2.60004E-13
  3.500E-01  9.32888E-06  2.03137E-08  1.94207E-09  2.90500E-12  2.79891E-13
  3.750E-01  1.07092E-05  2.02675E-08  1.94122E-09  3.10544E-12  2.99754E-13
  4.000E-01  1.21846E-05  2.02183E-08  1.94032E-09  3.30445E-12  3.19591E-13
  4.250E-01  1.37553E-05  2.01662E-08  1.93936E-09  3.50196E-12  3.39398E-13
  4.500E-01  1.54212E-05  2.01112E-08  1.93834E-09  3.69787E-12  3.59176E-13
  4.750E-01  1.71822E-05  2.00534E-08  1.93727E-09  3.89212E-12  3.78922E-13
  5.000E-01  1.90385E-05  1.99927E-08  1.93614E-09  4.08462E-12  3.98635E-13
  5.250E-01  2.09899E-05  1.99294E-08  1.93495E-09  4.27531E-12  4.18312E-13
  5.500E-01  2.30365E-05  1.98634E-08  1.93370E-09  4.46410E-12  4.37952E-13
  5.750E-01  2.51783E-05  1.97947E-08  1.93240E-09  4.65093E-12  4.57554E-13
  6.000E-01  2.74153E-05  1.97235E-08  1.93105E-09  4.83573E-12  4.77116E-13
  6.250E-01  2.97475E-05  1.96497E-08  1.92964E-09  5.01845E-12  4.96636E-13
  6.500E-01  3.21749E-05  1.95735E-08  1.92817E-09  5.19901E-12  5.16113E-13
  6.750E-01  3.46974E-05  1.94949E-08  1.92665E-09  5.37735E-12  5.35544E-13
  7.000E-01  3.73152E-05  1.94139E-08  1.92507E-09  5.55343E-12  5.54929E-13
  7.250E-01  4.00281E-05  1.93307E-08  1.92344E-09  5.72719E-12  5.74265E-13
  7.500E-01  4.28362E-05  1.92453E-08  1.92176E-09  5.89858E-12  5.93552E-13
  7.750E-01  4.57395E-05  1.91577E-08  1.92002E-09  6.06755E-12  6.12787E-13
  8.000E-01  4.87380E-05  1.90680E-08  1.91823E-09  6.23405E-12  6.31969E-13
  8.250E-01  5.18317E-05  1.89764E-08  1.91638E-09  6.39805E-12  6.51097E-13
  8.500E-01  5.50205E-05  1.88827E-08  1.91449E-09  6.55951E-12  6.70169E-13
  8.750E-01  5.83045E-05  1.87872E-08  1.91253E-09  6.71839E-12  6.89184E-13
  9.000E-01  6.16838E-05  1.86898E-08  1.91053E-09  6.87465E-12  7.08139E-13
  9.250E-01  6.51582E-05  1.85907E-08  1.90848E-09  7.02827E-12  7.27034E-13
  9.500E-01  6.87277E-05  1.84899E-08  1.90637E-09  7.17921E-12  7.45867E-13
  9.750E-01  7.23925E-05  1.83875E-08  1.90422E-09  7.32746E-12  7.64637E-13
  1.000E+00  7.61524E-05  1.82835E-08  1.90201E-09  7.47299E-12  7.83342E-13
  1.100E+00  9.21439E-05  1.78534E-08  1.89268E-09  8.02755E-12  8.57489E-13
  1.200E+00  1.09658E-04  1.74037E-08  1.88257E-09  8.53747E-12  9.30493E-13
  1.300E+00  1.28695E-04  1.69384E-08  1.87172E-09  9.00250E-12  1.00227E-12
  1.400E+00  1.49255E-04  1.64614E-08  1.86014E-09  9.42295E-12  1.07276E-12
  1.500E+00  1.71338E-04  1.59764E-08  1.84788E-09  9.79959E-12  1.14187E-12
  1.600E+00  1.94942E-04  1.54866E-08  1.83495E-09  1.01336E-11  1.20956E-12
  1.700E+00  2.20070E-04  1.49951E-08  1.82141E-09  1.04266E-11  1.27576E-12
  1.800E+00  2.46720E-04  1.45046E-08  1.80727E-09  1.06802E-11  1.34041E-12
  1.900E+00  2.74892E-04  1.40176E-08  1.79257E-09  1.08965E-11  1.40348E-12
  2.000E+00  3.04586E-04  1.35361E-08  1.77735E-09  1.10776E-11  1.46493E-12
  2.100E+00  3.35803E-04  1.30619E-08  1.76165E-09  1.12257E-11  1.52471E-12
  2.200E+00  3.68542E-04  1.25965E-08  1.74549E-09  1.13430E-11  1.58281E-12
  2.300E+00  4.02802E-04  1.21412E-08  1.72892E-09  1.14319E-11  1.63919E-12
  2.400E+00  4.38585E-04  1.16971E-08  1.71196E-09  1.14946E-11  1.69384E-12
  2.500E+00  4.75889E-04  1.12649E-08  1.69465E-09  1.15331E-11  1.74675E-12
  2.600E+00  5.14715E-04  1.08452E-08  1.67703E-09  1.15497E-11  1.79792E-12
  2.700E+00  5.55063E-04  1.04385E-08  1.65913E-09  1.15464E-11  1.84733E-12
  2.800E+00  5.96931E-04  1.00451E-08  1.64097E-09  1.15250E-11  1.89499E-12
  2.900E+00  6.40321E-04  9.66508E-09  1.62260E-09  1.14874E-11  1.94091E-12
  3.000E+00  6.85233E-04  9.29858E-09  1.60404E-09  1.14353E-11  1.98510E-12
  3.100E+00  7.31665E-04  8.94553E-09  1.58531E-09  1.13703E-11  2.02757E-12
  3.200E+00  7.79618E-04  8.60580E-09  1.56646E-09  1.12939E-11  2.06834E-12
  3.300E+00  8.29092E-04  8.27921E-09  1.54751E-09  1.12074E-11  2.10742E-12
  3.400E+00  8.80086E-04  7.96551E-09  1.52848E-09  1.11121E-11  2.14486E-12
  3.500E+00  9.32601E-04  7.66442E-09  1.50940E-09  1.10092E-11  2.18066E-12
  3.600E+00  9.86636E-04  7.37562E-09  1.49028E-09  1.08998E-11  2.21486E-12
  3.700E+00  1.04219E-03  7.09875E-09  1.47117E-09  1.07847E-11  2.24749E-12
  3.800E+00  1.09927E-03  6.83345E-09  1.45207E-09  1.06650E-11  2.27858E-12
  3.900E+00  1.15786E-03  6.57934E-09  1.43301E-09  1.05414E-11  2.30816E-12
  4.000E+00  1.21797E-03  6.33603E-09  1.41400E-09  1.04147E-11  2.33628E-12
  4.100E+00  1.27961E-03  6.10311E-09  1.39507E-09  1.02854E-11  2.36296E-12
  4.200E+00  1.34276E-03  5.88021E-09  1.37622E-09  1.01543E-11  2.38825E-12
  4.300E+00  1.40743E-03  5.66692E-09  1.35749E-09  1.00218E-11  2.41219E-12
  4.400E+00  1.47362E-03  5.46285E-09  1.33887E-09  9.88847E-12  2.43481E-12
  4.500E+00  1.54133E-03  5.26762E-09  1.32039E-09  9.75465E-12  2.45614E-12
  4.600E+00  1.61056E-03  5.08086E-09  1.30205E-09  9.62076E-12  2.47625E-12
  4.700E+00  1.68131E-03  4.90220E-09  1.28388E-09  9.48712E-12  2.49515E-12
  4.800E+00  1.75357E-03  4.73128E-09  1.26587E-09  9.35404E-12  2.51289E-12
  4.900E+00  1.82735E-03  4.56777E-09  1.24803E-09  9.22178E-12  2.52952E-12
  5.000E+00  1.90265E-03  4.41133E-09  1.23039E-09  9.09055E-12  2.54506E-12
  5.100E+00  1.97947E-03  4.26163E-09  1.21294E-09  8.96057E-12  2.55956E-12
  5.200E+00  2.05780E-03  4.11838E-09  1.19569E-09  8.83200E-12  2.57306E-12
  5.300E+00  2.13765E-03  3.98126E-09  1.17865E-09  8.70499E-12  2.58560E-12
  5.400E+00  2.21902E-03  3.85001E-09  1.16182E-09  8.57966E-12  2.59720E-12
  5.500E+00  2.30190E-03  3.72434E-09  1.14520E-09  8.45612E-12  2.60792E-12
  5.600E+00  2.38630E-03  3.60399E-09  1.12881E-09  8.33446E-12  2.61778E-12
  5.700E+00  2.47222E-03  3.48872E-09  1.11265E-09  8.21474E-12  2.62682E-12
  5.800E+00  2.55965E-03  3.37829E-09  1.09671E-09  8.09703E-12  2.63507E-12
  5.900E+00  2.64859E-03  3.27246E-09  1.08100E-09  7.98138E-12  2.64257E-12
  6.000E+00  2.73905E-03  3.17102E-09  1.06552E-09  7.86780E-12  2.64934E-12
  6.100E+00  2.83103E-03  3.07377E-09  1.05028E-09  7.75633E-12  2.65543E-12
  6.200E+00  2.92452E-03  2.98051E-09  1.03527E-09  7.64699E-12  2.66086E-12
  6.300E+00  3.01952E-03  2.89105E-09  1.02050E-09  7.53977E-12  2.66567E-12
  6.400E+00  3.11604E-03  2.80520E-09  1.00596E-09  7.43468E-12  2.66987E-12
  6.500E+00  3.21407E-03  2.72281E-09  9.91649E-10  7.33171E-12  2.67350E-12
  6.600E+00  3.31362E-03  2.64371E-09  9.77576E-10  7.23085E-12  2.67658E-12
  6.700E+00  3.41468E-03  2.56775E-09  9.63736E-10  7.13208E-12  2.67915E-12
  6.800E+00  3.51725E-03  2.49477E-09  9.50126E-10  7.03538E-12  2.68122E-12
  6.900E+00  3.62133E-03  2.42465E-09  9.36747E-10  6.94073E-12  2.68282E-12
  7.000E+00  3.72692E-03  2.35725E-09  9.23595E-10  6.84810E-12  2.68397E-12
  7.100E+00  3.83403E-03  2.29244E-09  9.10670E-10  6.75746E-12  2.68470E-12
  7.200E+00  3.94265E-03  2.23010E-09  8.97969E-10  6.66878E-12  2.68503E-12
  7.300E+00  4.05278E-03  2.17013E-09  8.85490E-10  6.58202E-12  2.68497E-12
  7.400E+00  4.16442E-03  2.11241E-09  8.73230E-10  6.49715E-12  2.68456E-12
  7.500E+00  4.27757E-03  2.05685E-09  8.61187E-10  6.41413E-12  2.68379E-12
  7.600E+00  4.39223E-03  2.00333E-09  8.49359E-10  6.33293E-12  2.68271E-12
  7.700E+00  4.50840E-03  1.95178E-09  8.37741E-10  6.25350E-12  2.68131E-12
  7.800E+00  4.62608E-03  1.90211E-09  8.26332E-10  6.17582E-12  2.67963E-12
  7.900E+00  4.74527E-03  1.85422E-09  8.15129E-10  6.09983E-12  2.67767E-12
  8.000E+00  4.86597E-03  1.80805E-09  8.04128E-10  6.02551E-12  2.67545E-12
  8.100E+00  4.98817E-03  1.76352E-09  7.93326E-10  5.95280E-12  2.67298E-12
  8.200E+00  5.11188E-03  1.72055E-09  7.82721E-10  5.88169E-12  2.67029E-12
  8.300E+00  5.23711E-03  1.67907E-09  7.72309E-10  5.81211E-12  2.66737E-12
  8.400E+00  5.36383E-03  1.63903E-09  7.62086E-10  5.74405E-12  2.66425E-12
  8.500E+00  5.49207E-03  1.60036E-09  7.52051E-10  5.67745E-12  2.66094E-12
  8.600E+00  5.62181E-03  1.56300E-09  7.42198E-10  5.61228E-12  2.65745E-12
  8.700E+00  5.75306E-03  1.52690E-09  7.32526E-10  5.54851E-12  2.65378E-12
  8.800E+00  5.88581E-03  1.49200E-09  7.23031E-10  5.48610E-12  2.64995E-12
  8.900E+00  6.02007E-03  1.45826E-09  7.13709E-10  5.42501E-12  2.64598E-12
  9.000E+00  6.15583E-03  1.42562E-09  7.04558E-10  5.36522E-12  2.64186E-12
  9.100E+00  6.29310E-03  1.39403E-09  6.95574E-10  5.30667E-12  2.63761E-12
  9.200E+00  6.43187E-03  1.36347E-09  6.86755E-10  5.24935E-12  2.63324E-12
  9.300E+00  6.57214E-03  1.33388E-09  6.78096E-10  5.19321E-12  2.62875E-12
  9.400E+00  6.71392E-03  1.30522E-09  6.69594E-10  5.13823E-12  2.62416E-12
  9.500E+00  6.85720E-03  1.27746E-09  6.61248E-10  5.08438E-12  2.61946E-12
  9.600E+00  7.00198E-03  1.25056E-09  6.53053E-10  5.03162E-12  2.61468E-12
  9.700E+00  7.14827E-03  1.22449E-09  6.45006E-10  4.97992E-12  2.60980E-12
  9.800E+00  7.29605E-03  1.19921E-09  6.37105E-10  4.92926E-12  2.60484E-12
  9.900E+00  7.44534E-03  1.17469E-09  6.29347E-10  4.87961E-12  2.59981E-12
  1.000E+01  7.59612E-03  1.15091E-09  6.21728E-10  4.83093E-12  2.59472E-12
  1.025E+01  7.97965E-03  1.09448E-09  6.03274E-10  4.71336E-12  2.58170E-12
  1.050E+01  8.37255E-03  1.04205E-09  5.85630E-10  4.60135E-12  2.56836E-12
  1.075E+01  8.77480E-03  9.93256E-10  5.68756E-10  4.49453E-12  2.55476E-12
  1.100E+01  9.18641E-03  9.47773E-10  5.52611E-10  4.39256E-12  2.54095E-12
  1.125E+01  9.60736E-03  9.05309E-10  5.37157E-10  4.29511E-12  2.52700E-12
  1.150E+01  1.00376E-02  8.65603E-10  5.22358E-10  4.20188E-12  2.51293E-12
  1.175E+01  1.04773E-02  8.28423E-10  5.08179E-10  4.11262E-12  2.49879E-12
  1.200E+01  1.09262E-02  7.93557E-10  4.94588E-10  4.02705E-12  2.48460E-12
  1.225E+01  1.13844E-02  7.60816E-10  4.81554E-10  3.94495E-12  2.47039E-12
  1.250E+01  1.18520E-02  7.30031E-10  4.69048E-10  3.86610E-12  2.45619E-12
  1.275E+01  1.23288E-02  7.01046E-10  4.57043E-10  3.79030E-12  2.44201E-12
  1.300E+01  1.28150E-02  6.73723E-10  4.45512E-10  3.71736E-12  2.42787E-12
  1.325E+01  1.33104E-02  6.47936E-10  4.34431E-10  3.64712E-12  2.41379E-12
  1.350E+01  1.38150E-02  6.23570E-10  4.23777E-10  3.57941E-12  2.39977E-12
  1.375E+01  1.43290E-02  6.00521E-10  4.13528E-10  3.51408E-12  2.38582E-12
  1.400E+01  1.48521E-02  5.78694E-10  4.03664E-10  3.45100E-12  2.37195E-12
  1.425E+01  1.53845E-02  5.58004E-10  3.94165E-10  3.39005E-12  2.35818E-12
  1.450E+01  1.59262E-02  5.38372E-10  3.85014E-10  3.33111E-12  2.34450E-12
  1.475E+01  1.64770E-02  5.19725E-10  3.76193E-10  3.27407E-12  2.33091E-12
  1.500E+01  1.70371E-02  5.01997E-10  3.67686E-10  3.21882E-12  2.31742E-12
  1.525E+01  1.76063E-02  4.85129E-10  3.59478E-10  3.16528E-12  2.30404E-12
  1.550E+01  1.81848E-02  4.69065E-10  3.51555E-10  3.11336E-12  2.29077E-12
  1.575E+01  1.87724E-02  4.53754E-10  3.43903E-10  3.06298E-12  2.27760E-12
  1.600E+01  1.93692E-02  4.39148E-10  3.36510E-10  3.01407E-12  2.26453E-12
  1.625E+01  1.99751E-02  4.25205E-10  3.29364E-10  2.96654E-12  2.25158E-12
  1.650E+01  2.05901E-02  4.11885E-10  3.22453E-10  2.92035E-12  2.23873E-12
  1.675E+01  2.12143E-02  3.99151E-10  3.15767E-10  2.87542E-12  2.22598E-12
  1.700E+01  2.18476E-02  3.86968E-10  3.09296E-10  2.83170E-12  2.21335E-12
  1.725E+01  2.24900E-02  3.75305E-10  3.03031E-10  2.78913E-12  2.20082E-12
  1.750E+01  2.31415E-02  3.64133E-10  2.96961E-10  2.74768E-12  2.18840E-12
  1.775E+01  2.38021E-02  3.53424E-10  2.91080E-10  2.70728E-12  2.17608E-12
  1.800E+01  2.44717E-02  3.43153E-10  2.85378E-10  2.66790E-12  2.16387E-12
  1.825E+01  2.51504E-02  3.33296E-10  2.79849E-10  2.62950E-12  2.15176E-12
  1.850E+01  2.58382E-02  3.23831E-10  2.74485E-10  2.59203E-12  2.13975E-12
  1.875E+01  2.65349E-02  3.14738E-10  2.69279E-10  2.55546E-12  2.12784E-12
  1.900E+01  2.72407E-02  3.05998E-10  2.64226E-10  2.51975E-12  2.11604E-12
  1.925E+01  2.79555E-02  2.97592E-10  2.59318E-10  2.48488E-12  2.10433E-12
  1.950E+01  2.86793E-02  2.89505E-10  2.54550E-10  2.45081E-12  2.09272E-12
  1.975E+01  2.94120E-02  2.81719E-10  2.49917E-10  2.41751E-12  2.08120E-12
  2.000E+01  3.01537E-02  2.74220E-10  2.45413E-10  2.38496E-12  2.06979E-12
  2.025E+01  3.09043E-02  2.66996E-10  2.41034E-10  2.35313E-12  2.05846E-12
  2.050E+01  3.16639E-02  2.60031E-10  2.36774E-10  2.32199E-12  2.04723E-12
  2.075E+01  3.24324E-02  2.53315E-10  2.32630E-10  2.29152E-12  2.03610E-12
  2.100E+01  3.32098E-02  2.46836E-10  2.28596E-10  2.26170E-12  2.02505E-12
  2.125E+01  3.39961E-02  2.40583E-10  2.24669E-10  2.23251E-12  2.01409E-12
  2.150E+01  3.47912E-02  2.34546E-10  2.20846E-10  2.20393E-12  2.00323E-12
  2.175E+01  3.55952E-02  2.28714E-10  2.17121E-10  2.17594E-12  1.99245E-12
  2.200E+01  3.64081E-02  2.23080E-10  2.13493E-10  2.14851E-12  1.98176E-12
  2.225E+01  3.72297E-02  2.17634E-10  2.09957E-10  2.12164E-12  1.97115E-12
  2.250E+01  3.80602E-02  2.12369E-10  2.06510E-10  2.09531E-12  1.96063E-12
  2.275E+01  3.88995E-02  2.07276E-10  2.03149E-10  2.06950E-12  1.95020E-12
  2.300E+01  3.97476E-02  2.02349E-10  1.99871E-10  2.04419E-12  1.93985E-12
  2.325E+01  4.06044E-02  1.97580E-10  1.96674E-10  2.01938E-12  1.92958E-12
  2.350E+01  4.14700E-02  1.92962E-10  1.93555E-10  1.99504E-12  1.91939E-12
  2.375E+01  4.23443E-02  1.88491E-10  1.90510E-10  1.97116E-12  1.90929E-12
  2.400E+01  4.32273E-02  1.84160E-10  1.87539E-10  1.94774E-12  1.89926E-12
  2.425E+01  4.41190E-02  1.79962E-10  1.84638E-10  1.92475E-12  1.88931E-12
  2.450E+01  4.50194E-02  1.75894E-10  1.81805E-10  1.90219E-12  1.87945E-12
  2.475E+01  4.59284E-02  1.71950E-10  1.79038E-10  1.88005E-12  1.86966E-12
  2.500E+01  4.68461E-02  1.68124E-10  1.76335E-10  1.85831E-12  1.85994E-12
  2.550E+01  4.87074E-02  1.60813E-10  1.71112E-10  1.81600E-12  1.84075E-12
  2.600E+01  5.06030E-02  1.53925E-10  1.66122E-10  1.77519E-12  1.82185E-12
  2.650E+01  5.25328E-02  1.47431E-10  1.61351E-10  1.73580E-12  1.80324E-12
  2.700E+01  5.44967E-02  1.41301E-10  1.56786E-10  1.69776E-12  1.78492E-12
  2.750E+01  5.64946E-02  1.35511E-10  1.52416E-10  1.66101E-12  1.76689E-12
  2.800E+01  5.85262E-02  1.30036E-10  1.48228E-10  1.62549E-12  1.74913E-12
  2.850E+01  6.05914E-02  1.24855E-10  1.44214E-10  1.59114E-12  1.73164E-12
  2.900E+01  6.26901E-02  1.19949E-10  1.40363E-10  1.55791E-12  1.71442E-12
  2.950E+01  6.48222E-02  1.15298E-10  1.36667E-10  1.52574E-12  1.69745E-12
  3.000E+01  6.69873E-02  1.10887E-10  1.33118E-10  1.49460E-12  1.68075E-12
  3.050E+01  6.91854E-02  1.06700E-10  1.29707E-10  1.46443E-12  1.66429E-12
  3.100E+01  7.14163E-02  1.02723E-10  1.26428E-10  1.43519E-12  1.64808E-12
  3.150E+01  7.36799E-02  9.89420E-11  1.23274E-10  1.40686E-12  1.63211E-12
  3.200E+01  7.59760E-02  9.53459E-11  1.20239E-10  1.37938E-12  1.61638E-12
  3.250E+01  7.83043E-02  9.19230E-11  1.17316E-10  1.35272E-12  1.60088E-12
  3.300E+01  8.06647E-02  8.86630E-11  1.14501E-10  1.32685E-12  1.58561E-12
  3.350E+01  8.30571E-02  8.55563E-11  1.11788E-10  1.30174E-12  1.57056E-12
  3.400E+01  8.54812E-02  8.25938E-11  1.09172E-10  1.27736E-12  1.55573E-12
  3.450E+01  8.79369E-02  7.97673E-11  1.06649E-10  1.25368E-12  1.54111E-12
  3.500E+01  9.04240E-02  7.70689E-11  1.04215E-10  1.23067E-12  1.52670E-12
  3.550E+01  9.29422E-02  7.44915E-11  1.01864E-10  1.20830E-12  1.51250E-12
  3.600E+01  9.54915E-02  7.20283E-11  9.95944E-11  1.18656E-12  1.49851E-12
  3.650E+01  9.80716E-02  6.96730E-11  9.74014E-11  1.16541E-12  1.48471E-12
  3.700E+01  1.00682E-01  6.74197E-11  9.52818E-11  1.14484E-12  1.47110E-12
  3.750E+01  1.03323E-01  6.52630E-11  9.32325E-11  1.12482E-12  1.45768E-12
  3.800E+01  1.05995E-01  6.31977E-11  9.12503E-11  1.10534E-12  1.44445E-12
  3.850E+01  1.08696E-01  6.12189E-11  8.93324E-11  1.08637E-12  1.43141E-12
  3.900E+01  1.11427E-01  5.93223E-11  8.74762E-11  1.06789E-12  1.41854E-12
  3.950E+01  1.14188E-01  5.75034E-11  8.56788E-11  1.04990E-12  1.40585E-12
  4.000E+01  1.16978E-01  5.57585E-11  8.39380E-11  1.03236E-12  1.39333E-12
  4.050E+01  1.19797E-01  5.40837E-11  8.22515E-11  1.01527E-12  1.38098E-12
  4.100E+01  1.22645E-01  5.24756E-11  8.06169E-11  9.98616E-13  1.36879E-12
  4.150E+01  1.25522E-01  5.09308E-11  7.90322E-11  9.82372E-13  1.35677E-12
  4.200E+01  1.28428E-01  4.94462E-11  7.74954E-11  9.66528E-13  1.34490E-12
  4.250E+01  1.31361E-01  4.80191E-11  7.60046E-11  9.51072E-13  1.33319E-12
  4.300E+01  1.34323E-01  4.66464E-11  7.45581E-11  9.35990E-13  1.32163E-12
  4.350E+01  1.37313E-01  4.53258E-11  7.31540E-11  9.21270E-13  1.31022E-12
  4.400E+01  1.40330E-01  4.40548E-11  7.17908E-11  9.06900E-13  1.29896E-12
  4.450E+01  1.43375E-01  4.28309E-11  7.04670E-11  8.92869E-13  1.28784E-12
  4.500E+01  1.46447E-01  4.16522E-11  6.91809E-11  8.79164E-13  1.27687E-12
  4.550E+01  1.49545E-01  4.05164E-11  6.79313E-11  8.65777E-13  1.26603E-12
  4.600E+01  1.52671E-01  3.94217E-11  6.67167E-11  8.52696E-13  1.25532E-12
  4.650E+01  1.55823E-01  3.83662E-11  6.55360E-11  8.39913E-13  1.24475E-12
  4.700E+01  1.59001E-01  3.73482E-11  6.43878E-11  8.27417E-13  1.23431E-12
  4.750E+01  1.62205E-01  3.63660E-11  6.32709E-11  8.15200E-13  1.22399E-12
  4.800E+01  1.65435E-01  3.54180E-11  6.21844E-11  8.03253E-13  1.21380E-12
  4.850E+01  1.68690E-01  3.45028E-11  6.11270E-11  7.91568E-13  1.20373E-12
  4.900E+01  1.71970E-01  3.36190E-11  6.00978E-11  7.80136E-13  1.19378E-12
  4.950E+01  1.75276E-01  3.27652E-11  5.90958E-11  7.68951E-13  1.18395E-12
  5.000E+01  1.78606E-01  3.19402E-11  5.81201E-11  7.58005E-13  1.17424E-12
  5.050E+01  1.81961E-01  3.11427E-11  5.71697E-11  7.47290E-13  1.16464E-12
  5.100E+01  1.85340E-01  3.03717E-11  5.62438E-11  7.36800E-13  1.15515E-12
  5.150E+01  1.88743E-01  2.96260E-11  5.53416E-11  7.26528E-13  1.14576E-12
  5.200E+01  1.92169E-01  2.89046E-11  5.44623E-11  7.16468E-13  1.13649E-12
  5.250E+01  1.95619E-01  2.82065E-11  5.36051E-11  7.06614E-13  1.12732E-12
  5.300E+01  1.99092E-01  2.75308E-11  5.27693E-11  6.96960E-13  1.11825E-12
  5.350E+01  2.02589E-01  2.68765E-11  5.19542E-11  6.87500E-13  1.10928E-12
  5.400E+01  2.06107E-01  2.62430E-11  5.11591E-11  6.78228E-13  1.10041E-12
  5.450E+01  2.09649E-01  2.56292E-11  5.03835E-11  6.69140E-13  1.09164E-12
  5.500E+01  2.13212E-01  2.50346E-11  4.96266E-11  6.60230E-13  1.08297E-12
  5.550E+01  2.16797E-01  2.44582E-11  4.88879E-11  6.51494E-13  1.07438E-12
  5.600E+01  2.20404E-01  2.38995E-11  4.81668E-11  6.42926E-13  1.06589E-12
  5.650E+01  2.24032E-01  2.33578E-11  4.74628E-11  6.34521E-13  1.05749E-12
  5.700E+01  2.27680E-01  2.28324E-11  4.67754E-11  6.26277E-13  1.04918E-12
  5.750E+01  2.31350E-01  2.23227E-11  4.61039E-11  6.18187E-13  1.04095E-12
  5.800E+01  2.35040E-01  2.18281E-11  4.54480E-11  6.10249E-13  1.03281E-12
  5.850E+01  2.38751E-01  2.13481E-11  4.48073E-11  6.02457E-13  1.02475E-12
  5.900E+01  2.42481E-01  2.08822E-11  4.41811E-11  5.94809E-13  1.01678E-12
  5.950E+01  2.46231E-01  2.04297E-11  4.35691E-11  5.87300E-13  1.00888E-12
  6.000E+01  2.50000E-01  1.99904E-11  4.29710E-11  5.79926E-13  1.00106E-12
  6.050E+01  2.53788E-01  1.95636E-11  4.23862E-11  5.72685E-13  9.93325E-13
  6.100E+01  2.57595E-01  1.91489E-11  4.18143E-11  5.65573E-13  9.85662E-13
  6.150E+01  2.61421E-01  1.87460E-11  4.12551E-11  5.58587E-13  9.78074E-13
  6.200E+01  2.65264E-01  1.83543E-11  4.07082E-11  5.51722E-13  9.70560E-13
  6.250E+01  2.69126E-01  1.79736E-11  4.01731E-11  5.44977E-13  9.63117E-13
  6.300E+01  2.73005E-01  1.76034E-11  3.96497E-11  5.38349E-13  9.55746E-13
  6.350E+01  2.76901E-01  1.72434E-11  3.91374E-11  5.31833E-13  9.48444E-13
  6.400E+01  2.80814E-01  1.68931E-11  3.86361E-11  5.25429E-13  9.41211E-13
  6.450E+01  2.84744E-01  1.65524E-11  3.81454E-11  5.19132E-13  9.34045E-13
  6.500E+01  2.88691E-01  1.62209E-11  3.76651E-11  5.12940E-13  9.26945E-13
  6.550E+01  2.92653E-01  1.58982E-11  3.71948E-11  5.06852E-13  9.19910E-13
  6.600E+01  2.96632E-01  1.55841E-11  3.67343E-11  5.00863E-13  9.12938E-13
  6.650E+01  3.00625E-01  1.52783E-11  3.62834E-11  4.94972E-13  9.06030E-13
  6.700E+01  3.04634E-01  1.49805E-11  3.58416E-11  4.89177E-13  8.99183E-13
  6.750E+01  3.08658E-01  1.46905E-11  3.54089E-11  4.83475E-13  8.92397E-13
  6.800E+01  3.12697E-01  1.44080E-11  3.49850E-11  4.77864E-13  8.85670E-13
  6.850E+01  3.16749E-01  1.41328E-11  3.45697E-11  4.72341E-13  8.79002E-13
  6.900E+01  3.20816E-01  1.38646E-11  3.41627E-11  4.66906E-13  8.72391E-13
  6.950E+01  3.24896E-01  1.36033E-11  3.37637E-11  4.61556E-13  8.65837E-13
  7.000E+01  3.28990E-01  1.33485E-11  3.33727E-11  4.56288E-13  8.59338E-13
  7.050E+01  3.33097E-01  1.31001E-11  3.29894E-11  4.51101E-13  8.52894E-13
  7.100E+01  3.37216E-01  1.28580E-11  3.26136E-11  4.45994E-13  8.46505E-13
  7.150E+01  3.41348E-01  1.26218E-11  3.22452E-11  4.40964E-13  8.40167E-13
  7.200E+01  3.45492E-01  1.23915E-11  3.18838E-11  4.36009E-13  8.33882E-13
  7.250E+01  3.49647E-01  1.21669E-11  3.15295E-11  4.31129E-13  8.27649E-13
  7.300E+01  3.53814E-01  1.19477E-11  3.11819E-11  4.26321E-13  8.21465E-13
  7.350E+01  3.57992E-01  1.17338E-11  3.08409E-11  4.21583E-13  8.15331E-13
  7.400E+01  3.62181E-01  1.15251E-11  3.05064E-11  4.16915E-13  8.09246E-13
  7.450E+01  3.66381E-01  1.13214E-11  3.01782E-11  4.12314E-13  8.03209E-13
  7.500E+01  3.70590E-01  1.11225E-11  2.98562E-11  4.07779E-13  7.97219E-13
  7.550E+01  3.74810E-01  1.09284E-11  2.95401E-11  4.03310E-13  7.91275E-13
  7.600E+01  3.79039E-01  1.07388E-11  2.92299E-11  3.98903E-13  7.85377E-13
  7.650E+01  3.83277E-01  1.05537E-11  2.89255E-11  3.94559E-13  7.79524E-13
  7.700E+01  3.87524E-01  1.03729E-11  2.86266E-11  3.90275E-13  7.73715E-13
  7.750E+01  3.91780E-01  1.01963E-11  2.83332E-11  3.86050E-13  7.67950E-13
  7.800E+01  3.96044E-01  1.00238E-11  2.80451E-11  3.81884E-13  7.62228E-13
  7.850E+01  4.00316E-01  9.85521E-12  2.77622E-11  3.77775E-13  7.56548E-13
  7.900E+01  4.04596E-01  9.69048E-12  2.74845E-11  3.73721E-13  7.50909E-13
  7.950E+01  4.08882E-01  9.52950E-12  2.72116E-11  3.69722E-13  7.45311E-13
  8.000E+01  4.13176E-01  9.37215E-12  2.69437E-11  3.65777E-13  7.39754E-13
  8.050E+01  4.17476E-01  9.21833E-12  2.66805E-11  3.61884E-13  7.34236E-13
  8.100E+01  4.21783E-01  9.06795E-12  2.64219E-11  3.58042E-13  7.28757E-13
  8.150E+01  4.26095E-01  8.92092E-12  2.61679E-11  3.54251E-13  7.23316E-13
  8.200E+01  4.30413E-01  8.77714E-12  2.59183E-11  3.50508E-13  7.17914E-13
  8.250E+01  4.34737E-01  8.63653E-12  2.56731E-11  3.46814E-13  7.12548E-13
  8.300E+01  4.39065E-01  8.49900E-12  2.54321E-11  3.43168E-13  7.07219E-13
  8.350E+01  4.43398E-01  8.36446E-12  2.51953E-11  3.39567E-13  7.01927E-13
  8.400E+01  4.47736E-01  8.23285E-12  2.49625E-11  3.36012E-13  6.96670E-13
  8.450E+01  4.52077E-01  8.10408E-12  2.47337E-11  3.32502E-13  6.91448E-13
  8.500E+01  4.56422E-01  7.97807E-12  2.45088E-11  3.29035E-13  6.86260E-13
  8.550E+01  4.60770E-01  7.85476E-12  2.42877E-11  3.25612E-13  6.81107E-13
  8.600E+01  4.65122E-01  7.73407E-12  2.40704E-11  3.22230E-13  6.75987E-13
  8.650E+01  4.69476E-01  7.61594E-12  2.38567E-11  3.18889E-13  6.70900E-13
  8.700E+01  4.73832E-01  7.50030E-12  2.36466E-11  3.15589E-13  6.65845E-13
  8.750E+01  4.78190E-01  7.38709E-12  2.34399E-11  3.12328E-13  6.60823E-13
  8.800E+01  4.82550E-01  7.27625E-12  2.32367E-11  3.09106E-13  6.55832E-13
  8.850E+01  4.86912E-01  7.16771E-12  2.30369E-11  3.05922E-13  6.50872E-13
  8.900E+01  4.91274E-01  7.06142E-12  2.28403E-11  3.02776E-13  6.45943E-13
  8.950E+01  4.95637E-01  6.95732E-12  2.26470E-11  2.99666E-13  6.41044E-13
  9.000E+01  5.00000E-01  6.85536E-12  2.24568E-11  2.96593E-13  6.36175E-13
  9.050E+01  5.04363E-01  6.75548E-12  2.22698E-11  2.93554E-13  6.31335E-13
  9.100E+01  5.08726E-01  6.65764E-12  2.20857E-11  2.90551E-13  6.26525E-13
  9.150E+01  5.13088E-01  6.56177E-12  2.19047E-11  2.87581E-13  6.21742E-13
  9.200E+01  5.17450E-01  6.46785E-12  2.17265E-11  2.84645E-13  6.16988E-13
  9.250E+01  5.21810E-01  6.37581E-12  2.15512E-11  2.81741E-13  6.12261E-13
  9.300E+01  5.26168E-01  6.28561E-12  2.13787E-11  2.78870E-13  6.07562E-13
  9.350E+01  5.30524E-01  6.19721E-12  2.12090E-11  2.76030E-13  6.02889E-13
  9.400E+01  5.34878E-01  6.11057E-12  2.10419E-11  2.73222E-13  5.98243E-13
  9.450E+01  5.39230E-01  6.02564E-12  2.08775E-11  2.70444E-13  5.93623E-13
  9.500E+01  5.43578E-01  5.94238E-12  2.07157E-11  2.67695E-13  5.89029E-13
  9.550E+01  5.47923E-01  5.86076E-12  2.05564E-11  2.64976E-13  5.84461E-13
  9.600E+01  5.52264E-01  5.78073E-12  2.03996E-11  2.62286E-13  5.79917E-13
  9.650E+01  5.56602E-01  5.70226E-12  2.02453E-11  2.59625E-13  5.75398E-13
  9.700E+01  5.60935E-01  5.62531E-12  2.00933E-11  2.56991E-13  5.70903E-13
  9.750E+01  5.65263E-01  5.54985E-12  1.99437E-11  2.54384E-13  5.66433E-13
  9.800E+01  5.69587E-01  5.47584E-12  1.97965E-11  2.51804E-13  5.61986E-13
  9.850E+01  5.73905E-01  5.40325E-12  1.96515E-11  2.49251E-13  5.57562E-13
  9.900E+01  5.78217E-01  5.33205E-12  1.95087E-11  2.46724E-13  5.53161E-13
  9.950E+01  5.82524E-01  5.26221E-12  1.93682E-11  2.44222E-13  5.48784E-13
  1.000E+02  5.86824E-01  5.19369E-12  1.92297E-11  2.41745E-13  5.44428E-13
  1.005E+02  5.91118E-01  5.12646E-12  1.90934E-11  2.39293E-13  5.40094E-13
  1.010E+02  5.95404E-01  5.06051E-12  1.89592E-11  2.36864E-13  5.35783E-13
  1.015E+02  5.99684E-01  4.99579E-12  1.88270E-11  2.34460E-13  5.31492E-13
  1.020E+02  6.03956E-01  4.93229E-12  1.86968E-11  2.32079E-13  5.27223E-13
  1.025E+02  6.08220E-01  4.86997E-12  1.85686E-11  2.29721E-13  5.22975E-13
  1.030E+02  6.12476E-01  4.80881E-12  1.84423E-11  2.27385E-13  5.18748E-13
  1.035E+02  6.16723E-01  4.74878E-12  1.83179E-11  2.25072E-13  5.14540E-13
  1.040E+02  6.20961E-01  4.68987E-12  1.81954E-11  2.22780E-13  5.10353E-13
  1.045E+02  6.25190E-01  4.63204E-12  1.80747E-11  2.20510E-13  5.06185E-13
  1.050E+02  6.29410E-01  4.57527E-12  1.79558E-11  2.18261E-13  5.02037E-13
  1.055E+02  6.33619E-01  4.51955E-12  1.78386E-11  2.16033E-13  4.97908E-13
  1.060E+02  6.37819E-01  4.46484E-12  1.77233E-11  2.13825E-13  4.93799E-13
  1.065E+02  6.42008E-01  4.41113E-12  1.76096E-11  2.11637E-13  4.89707E-13
  1.070E+02  6.46186E-01  4.35839E-12  1.74976E-11  2.09469E-13  4.85635E-13
  1.075E+02  6.50353E-01  4.30661E-12  1.73873E-11  2.07320E-13  4.81580E-13
  1.080E+02  6.54508E-01  4.25577E-12  1.72786E-11  2.05190E-13  4.77544E-13
  1.085E+02  6.58652E-01  4.20584E-12  1.71715E-11  2.03078E-13  4.73525E-13
  1.090E+02  6.62784E-01  4.15681E-12  1.70660E-11  2.00986E-13  4.69523E-13
  1.095E+02  6.66903E-01  4.10866E-12  1.69620E-11  1.98911E-13  4.65539E-13
  1.100E+02  6.71010E-01  4.06137E-12  1.68595E-11  1.96854E-13  4.61572E-13
  1.105E+02  6.75104E-01  4.01492E-12  1.67586E-11  1.94815E-13  4.57622E-13
  1.110E+02  6.79184E-01  3.96930E-12  1.66591E-11  1.92792E-13  4.53688E-13
  1.115E+02  6.83251E-01  3.92449E-12  1.65611E-11  1.90787E-13  4.49770E-13
  1.120E+02  6.87303E-01  3.88048E-12  1.64646E-11  1.88799E-13  4.45869E-13
  1.125E+02  6.91342E-01  3.83724E-12  1.63694E-11  1.86827E-13  4.41983E-13
  1.130E+02  6.95366E-01  3.79476E-12  1.62756E-11  1.84871E-13  4.38114E-13
  1.135E+02  6.99375E-01  3.75304E-12  1.61832E-11  1.82930E-13  4.34259E-13
  1.140E+02  7.03368E-01  3.71205E-12  1.60921E-11  1.81006E-13  4.30420E-13
  1.145E+02  7.07347E-01  3.67177E-12  1.60024E-11  1.79097E-13  4.26596E-13
  1.150E+02  7.11309E-01  3.63221E-12  1.59139E-11  1.77203E-13  4.22787E-13
  1.155E+02  7.15256E-01  3.59333E-12  1.58268E-11  1.75323E-13  4.18992E-13
  1.160E+02  7.19186E-01  3.55513E-12  1.57409E-11  1.73459E-13  4.15212E-13
  1.165E+02  7.23099E-01  3.51760E-12  1.56562E-11  1.71608E-13  4.11446E-13
  1.170E+02  7.26995E-01  3.48072E-12  1.55728E-11  1.69772E-13  4.07694E-13
  1.175E+02  7.30874E-01  3.44448E-12  1.54906E-11  1.67950E-13  4.03956E-13
  1.180E+02  7.34736E-01  3.40887E-12  1.54096E-11  1.66142E-13  4.00232E-13
  1.185E+02  7.38579E-01  3.37388E-12  1.53298E-11  1.64347E-13  3.96521E-13
  1.190E+02  7.42405E-01  3.33949E-12  1.52511E-11  1.62565E-13  3.92823E-13
  1.195E+02  7.46212E-01  3.30570E-12  1.51735E-11  1.60797E-13  3.89139E-13
  1.200E+02  7.50000E-01  3.27249E-12  1.50971E-11  1.59041E-13  3.85468E-13
  1.205E+02  7.53769E-01  3.23985E-12  1.50218E-11  1.57298E-13  3.81809E-13
  1.210E+02  7.57519E-01  3.20778E-12  1.49476E-11  1.55567E-13  3.78163E-13
  1.215E+02  7.61249E-01  3.17625E-12  1.48745E-11  1.53849E-13  3.74529E-13
  1.220E+02  7.64960E-01  3.14528E-12  1.48024E-11  1.52142E-13  3.70908E-13
  1.225E+02  7.68650E-01  3.11483E-12  1.47314E-11  1.50448E-13  3.67299E-13
  1.230E+02  7.72320E-01  3.08490E-12  1.46614E-11  1.48765E-13  3.63702E-13
  1.235E+02  7.75968E-01  3.05549E-12  1.45924E-11  1.47093E-13  3.60116E-13
  1.240E+02  7.79596E-01  3.02659E-12  1.45245E-11  1.45433E-13  3.56542E-13
  1.245E+02  7.83203E-01  2.99818E-12  1.44575E-11  1.43784E-13  3.52980E-13
  1.250E+02  7.86788E-01  2.97026E-12  1.43915E-11  1.42146E-13  3.49429E-13
  1.255E+02  7.90351E-01  2.94282E-12  1.43265E-11  1.40519E-13  3.45888E-13
  1.260E+02  7.93893E-01  2.91585E-12  1.42624E-11  1.38902E-13  3.42359E-13
  1.265E+02  7.97411E-01  2.88934E-12  1.41993E-11  1.37296E-13  3.38841E-13
  1.270E+02  8.00908E-01  2.86328E-12  1.41371E-11  1.35700E-13  3.35334E-13
  1.275E+02  8.04381E-01  2.83768E-12  1.40758E-11  1.34114E-13  3.31837E-13
  1.280E+02  8.07831E-01  2.81251E-12  1.40155E-11  1.32537E-13  3.28350E-13
  1.285E+02  8.11257E-01  2.78778E-12  1.39560E-11  1.30971E-13  3.24874E-13
  1.290E+02  8.14660E-01  2.76347E-12  1.38974E-11  1.29414E-13  3.21407E-13
  1.295E+02  8.18039E-01  2.73958E-12  1.38397E-11  1.27867E-13  3.17951E-13
  1.300E+02  8.21394E-01  2.71610E-12  1.37828E-11  1.26329E-13  3.14504E-13
  1.305E+02  8.24724E-01  2.69303E-12  1.37268E-11  1.24800E-13  3.11068E-13
  1.310E+02  8.28030E-01  2.67036E-12  1.36716E-11  1.23281E-13  3.07640E-13
  1.315E+02  8.31310E-01  2.64808E-12  1.36173E-11  1.21770E-13  3.04222E-13
  1.320E+02  8.34565E-01  2.62618E-12  1.35638E-11  1.20267E-13  3.00814E-13
  1.325E+02  8.37795E-01  2.60466E-12  1.35111E-11  1.18774E-13  2.97414E-13
  1.330E+02  8.40999E-01  2.58352E-12  1.34592E-11  1.17288E-13  2.94024E-13
  1.335E+02  8.44177E-01  2.56275E-12  1.34081E-11  1.15811E-13  2.90642E-13
  1.340E+02  8.47329E-01  2.54233E-12  1.33578E-11  1.14343E-13  2.87269E-13
  1.345E+02  8.50455E-01  2.52228E-12  1.33082E-11  1.12882E-13  2.83905E-13
  1.350E+02  8.53553E-01  2.50258E-12  1.32594E-11  1.11429E-13  2.80549E-13
  1.355E+02  8.56625E-01  2.48322E-12  1.32114E-11  1.09984E-13  2.77201E-13
  1.360E+02  8.59670E-01  2.46420E-12  1.31641E-11  1.08546E-13  2.73862E-13
  1.365E+02  8.62687E-01  2.44552E-12  1.31176E-11  1.07116E-13  2.70531E-13
  1.370E+02  8.65677E-01  2.42717E-12  1.30717E-11  1.05693E-13  2.67208E-13
  1.375E+02  8.68639E-01  2.40914E-12  1.30267E-11  1.04278E-13  2.63892E-13
  1.380E+02  8.71572E-01  2.39144E-12  1.29823E-11  1.02870E-13  2.60585E-13
  1.385E+02  8.74478E-01  2.37405E-12  1.29386E-11  1.01468E-13  2.57285E-13
  1.390E+02  8.77355E-01  2.35698E-12  1.28957E-11  1.00074E-13  2.53993E-13
  1.395E+02  8.80203E-01  2.34021E-12  1.28534E-11  9.86863E-14  2.50708E-13
  1.400E+02  8.83022E-01  2.32375E-12  1.28118E-11  9.73053E-14  2.47430E-13
  1.405E+02  8.85812E-01  2.30758E-12  1.27709E-11  9.59309E-14  2.44159E-13
  1.410E+02  8.88573E-01  2.29171E-12  1.27307E-11  9.45628E-14  2.40896E-13
  1.415E+02  8.91304E-01  2.27613E-12  1.26911E-11  9.32011E-14  2.37639E-13
  1.420E+02  8.94005E-01  2.26084E-12  1.26522E-11  9.18456E-14  2.34389E-13
  1.425E+02  8.96677E-01  2.24583E-12  1.26139E-11  9.04962E-14  2.31146E-13
  1.430E+02  8.99318E-01  2.23110E-12  1.25763E-11  8.91528E-14  2.27910E-13
  1.435E+02  9.01928E-01  2.21665E-12  1.25394E-11  8.78152E-14  2.24680E-13
  1.440E+02  9.04508E-01  2.20247E-12  1.25030E-11  8.64834E-14  2.21457E-13
  1.445E+02  9.07058E-01  2.18855E-12  1.24673E-11  8.51573E-14  2.18239E-13
  1.450E+02  9.09576E-01  2.17490E-12  1.24322E-11  8.38367E-14  2.15028E-13
  1.455E+02  9.12063E-01  2.16152E-12  1.23978E-11  8.25216E-14  2.11823E-13
  1.460E+02  9.14519E-01  2.14839E-12  1.23639E-11  8.12119E-14  2.08624E-13
  1.465E+02  9.16943E-01  2.13551E-12  1.23306E-11  7.99074E-14  2.05431E-13
  1.470E+02  9.19335E-01  2.12289E-12  1.22980E-11  7.86081E-14  2.02244E-13
  1.475E+02  9.21696E-01  2.11052E-12  1.22659E-11  7.73139E-14  1.99062E-13
  1.480E+02  9.24024E-01  2.09839E-12  1.22345E-11  7.60246E-14  1.95886E-13
  1.485E+02  9.26320E-01  2.08651E-12  1.22036E-11  7.47402E-14  1.92715E-13
  1.490E+02  9.28584E-01  2.07487E-12  1.21733E-11  7.34606E-14  1.89550E-13
  1.495E+02  9.30815E-01  2.06346E-12  1.21435E-11  7.21856E-14  1.86390E-13
  1.500E+02  9.33013E-01  2.05229E-12  1.21144E-11  7.09153E-14  1.83235E-13
  1.505E+02  9.35178E-01  2.04135E-12  1.20858E-11  6.96494E-14  1.80085E-13
  1.510E+02  9.37310E-01  2.03064E-12  1.20578E-11  6.83880E-14  1.76940E-13
  1.515E+02  9.39409E-01  2.02016E-12  1.20303E-11  6.71308E-14  1.73800E-13
  1.520E+02  9.41474E-01  2.00990E-12  1.20034E-11  6.58779E-14  1.70665E-13
  1.525E+02  9.43505E-01  1.99986E-12  1.19770E-11  6.46292E-14  1.67535E-13
  1.530E+02  9.45503E-01  1.99005E-12  1.19512E-11  6.33845E-14  1.64409E-13
  1.535E+02  9.47467E-01  1.98045E-12  1.19259E-11  6.21437E-14  1.61287E-13
  1.540E+02  9.49397E-01  1.97106E-12  1.19011E-11  6.09069E-14  1.58170E-13
  1.545E+02  9.51293E-01  1.96189E-12  1.18769E-11  5.96738E-14  1.55057E-13
  1.550E+02  9.53154E-01  1.95293E-12  1.18532E-11  5.84444E-14  1.51949E-13
  1.555E+02  9.54981E-01  1.94418E-12  1.18300E-11  5.72187E-14  1.48845E-13
  1.560E+02  9.56773E-01  1.93564E-12  1.18074E-11  5.59965E-14  1.45744E-13
  1.565E+02  9.58530E-01  1.92730E-12  1.17853E-11  5.47778E-14  1.42648E-13
  1.570E+02  9.60252E-01  1.91916E-12  1.17636E-11  5.35624E-14  1.39555E-13
  1.575E+02  9.61940E-01  1.91123E-12  1.17425E-11  5.23504E-14  1.36467E-13
  1.580E+02  9.63592E-01  1.90349E-12  1.17219E-11  5.11415E-14  1.33382E-13
  1.585E+02  9.65209E-01  1.89596E-12  1.17019E-11  4.99358E-14  1.30300E-13
  1.590E+02  9.66790E-01  1.88861E-12  1.16823E-11  4.87332E-14  1.27222E-13
  1.595E+02  9.68336E-01  1.88147E-12  1.16632E-11  4.75335E-14  1.24148E-13
  1.600E+02  9.69846E-01  1.87451E-12  1.16446E-11  4.63368E-14  1.21076E-13
  1.605E+02  9.71321E-01  1.86775E-12  1.16265E-11  4.51428E-14  1.18008E-13
  1.610E+02  9.72759E-01  1.86117E-12  1.16089E-11  4.39516E-14  1.14944E-13
  1.615E+02  9.74162E-01  1.85479E-12  1.15918E-11  4.27631E-14  1.11882E-13
  1.620E+02  9.75528E-01  1.84859E-12  1.15752E-11  4.15772E-14  1.08823E-13
  1.625E+02  9.76858E-01  1.84257E-12  1.15590E-11  4.03937E-14  1.05767E-13
  1.630E+02  9.78152E-01  1.83674E-12  1.15433E-11  3.92128E-14  1.02714E-13
  1.635E+02  9.79410E-01  1.83110E-12  1.15282E-11  3.80342E-14  9.96638E-14
  1.640E+02  9.80631E-01  1.82563E-12  1.15134E-11  3.68578E-14  9.66162E-14
  1.645E+02  9.81815E-01  1.82034E-12  1.14992E-11  3.56838E-14  9.35710E-14
  1.650E+02  9.82963E-01  1.81524E-12  1.14854E-11  3.45118E-14  9.05284E-14
  1.655E+02  9.84074E-01  1.81031E-12  1.14722E-11  3.33419E-14  8.74882E-14
  1.660E+02  9.85148E-01  1.80556E-12  1.14593E-11  3.21741E-14  8.44503E-14
  1.665E+02  9.86185E-01  1.80098E-12  1.14470E-11  3.10081E-14  8.14146E-14
  1.670E+02  9.87185E-01  1.79658E-12  1.14351E-11  2.98440E-14  7.83811E-14
  1.675E+02  9.88148E-01  1.79235E-12  1.14236E-11  2.86817E-14  7.53496E-14
  1.680E+02  9.89074E-01  1.78830E-12  1.14127E-11  2.75211E-14  7.23201E-14
  1.685E+02  9.89962E-01  1.78442E-12  1.14022E-11  2.63622E-14  6.92925E-14
  1.690E+02  9.90814E-01  1.78071E-12  1.13921E-11  2.52048E-14  6.62668E-14
  1.695E+02  9.91627E-01  1.77717E-12  1.13825E-11  2.40489E-14  6.32428E-14
  1.700E+02  9.92404E-01  1.77380E-12  1.13734E-11  2.28945E-14  6.02204E-14
  1.705E+02  9.93143E-01  1.77060E-12  1.13647E-11  2.17414E-14  5.71997E-14
  1.710E+02  9.93844E-01  1.76756E-12  1.13565E-11  2.05896E-14  5.41804E-14
  1.715E+02  9.94508E-01  1.76470E-12  1.13487E-11  1.94390E-14  5.11626E-14
  1.720E+02  9.95134E-01  1.76200E-12  1.13414E-11  1.82896E-14  4.81461E-14
  1.725E+02  9.95722E-01  1.75947E-12  1.13345E-11  1.71412E-14  4.51309E-14
  1.730E+02  9.96273E-01  1.75710E-12  1.13281E-11  1.59939E-14  4.21168E-14
  1.735E+02  9.96786E-01  1.75490E-12  1.13221E-11  1.48476E-14  3.91039E-14
  1.740E+02  9.97261E-01  1.75286E-12  1.13165E-11  1.37021E-14  3.60920E-14
  1.745E+02  9.97698E-01  1.75099E-12  1.13114E-11  1.25574E-14  3.30810E-14
  1.750E+02  9.98097E-01  1.74929E-12  1.13068E-11  1.14134E-14  3.00709E-14
  1.755E+02  9.98459E-01  1.74774E-12  1.13026E-11  1.02702E-14  2.70615E-14
  1.760E+02  9.98782E-01  1.74636E-12  1.12988E-11  9.12752E-15  2.40529E-14
  1.765E+02  9.99067E-01  1.74514E-12  1.12955E-11  7.98540E-15  2.10449E-14
  1.770E+02  9.99315E-01  1.74409E-12  1.12926E-11  6.84376E-15  1.80375E-14
  1.775E+02  9.99524E-01  1.74320E-12  1.12902E-11  5.70251E-15  1.50305E-14
  1.780E+02  9.99695E-01  1.74247E-12  1.12882E-11  4.56161E-15  1.20239E-14
  1.785E+02  9.99829E-01  1.74190E-12  1.12867E-11  3.42097E-15  9.01769E-15
  1.790E+02  9.99924E-01  1.74150E-12  1.12856E-11  2.28054E-15  6.01166E-15
  1.795E+02  9.99981E-01  1.74125E-12  1.12849E-11  1.14023E-15  3.00579E-15
  1.800E+02  1.00000E+00  1.74117E-12  1.12847E-11  1.60012E-29  4.21813E-29
