 #  Scattering field.
 #  All quantities in atomic units (a.u.), unless otherwise indicated.
 #  Z =   8, NELEC =   8,   projectile: electron
 #  Kinetic energy = 9.18733E+02 a.u. = 2.50000E+04 eV
 #
 #   i       r           r*V         r*Vst        r*Vex       r*Vpol       r*Wabs        rho_e
 #------------------------------------------------------------------------------------------------
     1  0.00000E+00 -0.00000E+00 -0.00000E+00  0.00000E+00  0.00000E+00  0.00000E+00  3.21555E+02
     2  1.26482E-07 -2.40457E-02 -2.40457E-02 -6.68773E-10  0.00000E+00  0.00000E+00  3.21555E+02
     3  2.56105E-07 -4.86885E-02 -4.86885E-02 -1.35407E-09  0.00000E+00  0.00000E+00  3.21532E+02
     4  3.88947E-07 -7.39424E-02 -7.39424E-02 -2.05628E-09  0.00000E+00  0.00000E+00  3.21507E+02
     5  5.25086E-07 -9.98224E-02 -9.98224E-02 -2.77585E-09  0.00000E+00  0.00000E+00  3.21483E+02
     6  6.64605E-07 -1.26343E-01 -1.26343E-01 -3.51321E-09  0.00000E+00  0.00000E+00  3.21458E+02
     7  8.07588E-07 -1.53521E-01 -1.53521E-01 -4.26881E-09  0.00000E+00  0.00000E+00  3.21433E+02
     8  9.54120E-07 -1.81371E-01 -1.81371E-01 -5.04310E-09  0.00000E+00  0.00000E+00  3.21408E+02
     9  1.10429E-06 -2.09910E-01 -2.09910E-01 -5.83657E-09  0.00000E+00  0.00000E+00  3.21382E+02
    10  1.25819E-06 -2.39154E-01 -2.39154E-01 -6.64971E-09  0.00000E+00  0.00000E+00  3.21356E+02
    11  1.41590E-06 -2.69121E-01 -2.69120E-01 -7.48301E-09  0.00000E+00  0.00000E+00  3.21329E+02
    12  1.57754E-06 -2.99826E-01 -2.99826E-01 -8.33699E-09  0.00000E+00  0.00000E+00  3.21303E+02
    13  1.74318E-06 -3.31288E-01 -3.31288E-01 -9.21219E-09  0.00000E+00  0.00000E+00  3.21276E+02
    14  1.91294E-06 -3.63525E-01 -3.63525E-01 -1.01092E-08  0.00000E+00  0.00000E+00  3.21249E+02
    15  2.08691E-06 -3.96554E-01 -3.96554E-01 -1.10284E-08  0.00000E+00  0.00000E+00  3.21221E+02
    16  2.26520E-06 -4.30395E-01 -4.30395E-01 -1.19706E-08  0.00000E+00  0.00000E+00  3.21193E+02
    17  2.44792E-06 -4.65067E-01 -4.65067E-01 -1.29363E-08  0.00000E+00  0.00000E+00  3.21165E+02
    18  2.63517E-06 -5.00589E-01 -5.00589E-01 -1.39262E-08  0.00000E+00  0.00000E+00  3.21137E+02
    19  2.82707E-06 -5.36980E-01 -5.36980E-01 -1.49407E-08  0.00000E+00  0.00000E+00  3.21109E+02
    20  3.02374E-06 -5.74261E-01 -5.74261E-01 -1.59807E-08  0.00000E+00  0.00000E+00  3.21080E+02
    21  3.22529E-06 -6.12451E-01 -6.12451E-01 -1.70468E-08  0.00000E+00  0.00000E+00  3.21051E+02
    22  3.43184E-06 -6.51573E-01 -6.51573E-01 -1.81396E-08  0.00000E+00  0.00000E+00  3.21022E+02
    23  3.64352E-06 -6.91646E-01 -6.91646E-01 -1.92599E-08  0.00000E+00  0.00000E+00  3.20993E+02
    24  3.86045E-06 -7.32692E-01 -7.32692E-01 -2.04085E-08  0.00000E+00  0.00000E+00  3.20963E+02
    25  4.08277E-06 -7.74733E-01 -7.74733E-01 -2.15861E-08  0.00000E+00  0.00000E+00  3.20934E+02
    26  4.31060E-06 -8.17791E-01 -8.17791E-01 -2.27935E-08  0.00000E+00  0.00000E+00  3.20904E+02
    27  4.54410E-06 -8.61888E-01 -8.61888E-01 -2.40315E-08  0.00000E+00  0.00000E+00  3.20875E+02
    28  4.78339E-06 -9.07047E-01 -9.07047E-01 -2.53009E-08  0.00000E+00  0.00000E+00  3.20845E+02
    29  5.02862E-06 -9.53291E-01 -9.53291E-01 -2.66027E-08  0.00000E+00  0.00000E+00  3.20815E+02
    30  5.27993E-06 -1.00064E+00 -1.00064E+00 -2.79377E-08  0.00000E+00  0.00000E+00  3.20786E+02
    31  5.53749E-06 -1.04913E+00 -1.04913E+00 -2.93070E-08  0.00000E+00  0.00000E+00  3.20756E+02
    32  5.80144E-06 -1.09876E+00 -1.09876E+00 -3.07113E-08  0.00000E+00  0.00000E+00  3.20726E+02
    33  6.07194E-06 -1.14958E+00 -1.14958E+00 -3.21519E-08  0.00000E+00  0.00000E+00  3.20696E+02
    34  6.34916E-06 -1.20160E+00 -1.20160E+00 -3.36297E-08  0.00000E+00  0.00000E+00  3.20667E+02
    35  6.63326E-06 -1.25485E+00 -1.25485E+00 -3.51457E-08  0.00000E+00  0.00000E+00  3.20637E+02
    36  6.92442E-06 -1.30934E+00 -1.30934E+00 -3.67012E-08  0.00000E+00  0.00000E+00  3.20608E+02
    37  7.22280E-06 -1.36512E+00 -1.36512E+00 -3.82974E-08  0.00000E+00  0.00000E+00  3.20579E+02
    38  7.52858E-06 -1.42219E+00 -1.42219E+00 -3.99353E-08  0.00000E+00  0.00000E+00  3.20550E+02
    39  7.84196E-06 -1.48058E+00 -1.48058E+00 -4.16164E-08  0.00000E+00  0.00000E+00  3.20522E+02
    40  8.16312E-06 -1.54033E+00 -1.54033E+00 -4.33418E-08  0.00000E+00  0.00000E+00  3.20494E+02
    41  8.49225E-06 -1.60144E+00 -1.60144E+00 -4.51131E-08  0.00000E+00  0.00000E+00  3.20466E+02
    42  8.82955E-06 -1.66396E+00 -1.66396E+00 -4.69317E-08  0.00000E+00  0.00000E+00  3.20438E+02
    43  9.17523E-06 -1.72789E+00 -1.72789E+00 -4.87989E-08  0.00000E+00  0.00000E+00  3.20411E+02
    44  9.52948E-06 -1.79326E+00 -1.79326E+00 -5.07165E-08  0.00000E+00  0.00000E+00  3.20385E+02
    45  9.89253E-06 -1.86010E+00 -1.86010E+00 -5.26861E-08  0.00000E+00  0.00000E+00  3.20358E+02
    46  1.02646E-05 -1.92843E+00 -1.92843E+00 -5.47093E-08  0.00000E+00  0.00000E+00  3.20333E+02
    47  1.06459E-05 -1.99827E+00 -1.99827E+00 -5.67880E-08  0.00000E+00  0.00000E+00  3.20308E+02
    48  1.10367E-05 -2.06963E+00 -2.06963E+00 -5.89240E-08  0.00000E+00  0.00000E+00  3.20284E+02
    49  1.14371E-05 -2.14255E+00 -2.14255E+00 -6.11193E-08  0.00000E+00  0.00000E+00  3.20260E+02
    50  1.18475E-05 -2.21704E+00 -2.21704E+00 -6.33761E-08  0.00000E+00  0.00000E+00  3.20237E+02
    51  1.22681E-05 -2.29311E+00 -2.29311E+00 -6.56963E-08  0.00000E+00  0.00000E+00  3.20215E+02
    52  1.26992E-05 -2.37079E+00 -2.37079E+00 -6.80824E-08  0.00000E+00  0.00000E+00  3.20193E+02
    53  1.31409E-05 -2.45009E+00 -2.45009E+00 -7.05367E-08  0.00000E+00  0.00000E+00  3.20172E+02
    54  1.35936E-05 -2.53102E+00 -2.53102E+00 -7.30618E-08  0.00000E+00  0.00000E+00  3.20153E+02
    55  1.40575E-05 -2.61360E+00 -2.61360E+00 -7.56603E-08  0.00000E+00  0.00000E+00  3.20134E+02
    56  1.45330E-05 -2.69783E+00 -2.69783E+00 -7.83351E-08  0.00000E+00  0.00000E+00  3.20116E+02
    57  1.50203E-05 -2.78373E+00 -2.78373E+00 -8.10890E-08  0.00000E+00  0.00000E+00  3.20099E+02
    58  1.55196E-05 -2.87129E+00 -2.87129E+00 -8.39252E-08  0.00000E+00  0.00000E+00  3.20082E+02
    59  1.60314E-05 -2.96053E+00 -2.96053E+00 -8.68471E-08  0.00000E+00  0.00000E+00  3.20067E+02
    60  1.65558E-05 -3.05144E+00 -3.05143E+00 -8.98581E-08  0.00000E+00  0.00000E+00  3.20053E+02
    61  1.70933E-05 -3.14401E+00 -3.14401E+00 -9.29620E-08  0.00000E+00  0.00000E+00  3.20040E+02
    62  1.76441E-05 -3.23824E+00 -3.23824E+00 -9.61626E-08  0.00000E+00  0.00000E+00  3.20028E+02
    63  1.82086E-05 -3.33413E+00 -3.33413E+00 -9.94642E-08  0.00000E+00  0.00000E+00  3.20016E+02
    64  1.87871E-05 -3.43165E+00 -3.43165E+00 -1.02871E-07  0.00000E+00  0.00000E+00  3.20006E+02
    65  1.93800E-05 -3.53078E+00 -3.53078E+00 -1.06388E-07  0.00000E+00  0.00000E+00  3.19997E+02
    66  1.99876E-05 -3.63150E+00 -3.63150E+00 -1.10021E-07  0.00000E+00  0.00000E+00  3.19988E+02
    67  2.06102E-05 -3.73378E+00 -3.73378E+00 -1.13773E-07  0.00000E+00  0.00000E+00  3.19980E+02
    68  2.12484E-05 -3.83758E+00 -3.83758E+00 -1.17652E-07  0.00000E+00  0.00000E+00  3.19973E+02
    69  2.19023E-05 -3.94286E+00 -3.94286E+00 -1.21663E-07  0.00000E+00  0.00000E+00  3.19967E+02
    70  2.25725E-05 -4.04957E+00 -4.04957E+00 -1.25813E-07  0.00000E+00  0.00000E+00  3.19961E+02
    71  2.32594E-05 -4.15765E+00 -4.15765E+00 -1.30109E-07  0.00000E+00  0.00000E+00  3.19955E+02
    72  2.39633E-05 -4.26704E+00 -4.26704E+00 -1.34557E-07  0.00000E+00  0.00000E+00  3.19949E+02
    73  2.46846E-05 -4.37766E+00 -4.37766E+00 -1.39167E-07  0.00000E+00  0.00000E+00  3.19944E+02
    74  2.54239E-05 -4.48944E+00 -4.48944E+00 -1.43946E-07  0.00000E+00  0.00000E+00  3.19938E+02
    75  2.61815E-05 -4.60226E+00 -4.60226E+00 -1.48904E-07  0.00000E+00  0.00000E+00  3.19932E+02
    76  2.69580E-05 -4.71605E+00 -4.71605E+00 -1.54051E-07  0.00000E+00  0.00000E+00  3.19926E+02
    77  2.77537E-05 -4.83067E+00 -4.83067E+00 -1.59397E-07  0.00000E+00  0.00000E+00  3.19919E+02
    78  2.85691E-05 -4.94601E+00 -4.94601E+00 -1.64955E-07  0.00000E+00  0.00000E+00  3.19912E+02
    79  2.94048E-05 -5.06193E+00 -5.06193E+00 -1.70736E-07  0.00000E+00  0.00000E+00  3.19905E+02
    80  3.02613E-05 -5.17828E+00 -5.17828E+00 -1.76753E-07  0.00000E+00  0.00000E+00  3.19897E+02
    81  3.11390E-05 -5.29489E+00 -5.29489E+00 -1.83022E-07  0.00000E+00  0.00000E+00  3.19889E+02
    82  3.20385E-05 -5.41160E+00 -5.41160E+00 -1.89558E-07  0.00000E+00  0.00000E+00  3.19880E+02
    83  3.29603E-05 -5.52821E+00 -5.52821E+00 -1.96378E-07  0.00000E+00  0.00000E+00  3.19871E+02
    84  3.39050E-05 -5.64452E+00 -5.64452E+00 -2.03501E-07  0.00000E+00  0.00000E+00  3.19862E+02
    85  3.48732E-05 -5.76031E+00 -5.76031E+00 -2.10945E-07  0.00000E+00  0.00000E+00  3.19852E+02
    86  3.58654E-05 -5.87536E+00 -5.87536E+00 -2.18733E-07  0.00000E+00  0.00000E+00  3.19842E+02
    87  3.68822E-05 -5.98943E+00 -5.98943E+00 -2.26887E-07  0.00000E+00  0.00000E+00  3.19831E+02
    88  3.79243E-05 -6.10226E+00 -6.10226E+00 -2.35432E-07  0.00000E+00  0.00000E+00  3.19820E+02
    89  3.89922E-05 -6.21359E+00 -6.21359E+00 -2.44396E-07  0.00000E+00  0.00000E+00  3.19808E+02
    90  4.00867E-05 -6.32315E+00 -6.32315E+00 -2.53808E-07  0.00000E+00  0.00000E+00  3.19795E+02
    91  4.12083E-05 -6.43067E+00 -6.43067E+00 -2.63698E-07  0.00000E+00  0.00000E+00  3.19782E+02
    92  4.23578E-05 -6.53585E+00 -6.53585E+00 -2.74100E-07  0.00000E+00  0.00000E+00  3.19769E+02
    93  4.35358E-05 -6.63842E+00 -6.63842E+00 -2.85051E-07  0.00000E+00  0.00000E+00  3.19755E+02
    94  4.47430E-05 -6.73809E+00 -6.73809E+00 -2.96588E-07  0.00000E+00  0.00000E+00  3.19740E+02
    95  4.59802E-05 -6.83460E+00 -6.83460E+00 -3.08755E-07  0.00000E+00  0.00000E+00  3.19724E+02
    96  4.72482E-05 -6.92768E+00 -6.92768E+00 -3.21593E-07  0.00000E+00  0.00000E+00  3.19708E+02
    97  4.85476E-05 -7.01708E+00 -7.01708E+00 -3.35151E-07  0.00000E+00  0.00000E+00  3.19692E+02
    98  4.98792E-05 -7.10257E+00 -7.10257E+00 -3.49478E-07  0.00000E+00  0.00000E+00  3.19674E+02
    99  5.12439E-05 -7.18396E+00 -7.18395E+00 -3.64626E-07  0.00000E+00  0.00000E+00  3.19656E+02
   100  5.26425E-05 -7.26106E+00 -7.26106E+00 -3.80651E-07  0.00000E+00  0.00000E+00  3.19637E+02
   101  5.40758E-05 -7.33375E+00 -7.33375E+00 -3.97610E-07  0.00000E+00  0.00000E+00  3.19618E+02
   102  5.55447E-05 -7.40193E+00 -7.40193E+00 -4.15563E-07  0.00000E+00  0.00000E+00  3.19598E+02
   103  5.70501E-05 -7.46553E+00 -7.46553E+00 -4.34574E-07  0.00000E+00  0.00000E+00  3.19576E+02
   104  5.85928E-05 -7.52455E+00 -7.52455E+00 -4.54708E-07  0.00000E+00  0.00000E+00  3.19555E+02
   105  6.01738E-05 -7.57899E+00 -7.57899E+00 -4.76031E-07  0.00000E+00  0.00000E+00  3.19532E+02
   106  6.17941E-05 -7.62895E+00 -7.62895E+00 -4.98614E-07  0.00000E+00  0.00000E+00  3.19509E+02
   107  6.34546E-05 -7.67451E+00 -7.67451E+00 -5.22527E-07  0.00000E+00  0.00000E+00  3.19485E+02
   108  6.51563E-05 -7.71584E+00 -7.71583E+00 -5.47846E-07  0.00000E+00  0.00000E+00  3.19460E+02
   109  6.69003E-05 -7.75309E+00 -7.75309E+00 -5.74646E-07  0.00000E+00  0.00000E+00  3.19435E+02
   110  6.86876E-05 -7.78648E+00 -7.78648E+00 -6.03004E-07  0.00000E+00  0.00000E+00  3.19408E+02
   111  7.05192E-05 -7.81623E+00 -7.81623E+00 -6.33001E-07  0.00000E+00  0.00000E+00  3.19382E+02
   112  7.23963E-05 -7.84259E+00 -7.84259E+00 -6.64719E-07  0.00000E+00  0.00000E+00  3.19354E+02
   113  7.43200E-05 -7.86580E+00 -7.86579E+00 -6.98244E-07  0.00000E+00  0.00000E+00  3.19326E+02
   114  7.62914E-05 -7.88611E+00 -7.88611E+00 -7.33662E-07  0.00000E+00  0.00000E+00  3.19297E+02
   115  7.83118E-05 -7.90379E+00 -7.90379E+00 -7.71066E-07  0.00000E+00  0.00000E+00  3.19267E+02
   116  8.03823E-05 -7.91909E+00 -7.91909E+00 -8.10550E-07  0.00000E+00  0.00000E+00  3.19237E+02
   117  8.25043E-05 -7.93224E+00 -7.93224E+00 -8.52211E-07  0.00000E+00  0.00000E+00  3.19206E+02
   118  8.46789E-05 -7.94349E+00 -7.94349E+00 -8.96152E-07  0.00000E+00  0.00000E+00  3.19175E+02
   119  8.69075E-05 -7.95305E+00 -7.95305E+00 -9.42480E-07  0.00000E+00  0.00000E+00  3.19143E+02
   120  8.91914E-05 -7.96112E+00 -7.96112E+00 -9.91305E-07  0.00000E+00  0.00000E+00  3.19110E+02
   121  9.15320E-05 -7.96790E+00 -7.96790E+00 -1.04274E-06  0.00000E+00  0.00000E+00  3.19077E+02
   122  9.39307E-05 -7.97355E+00 -7.97355E+00 -1.09692E-06  0.00000E+00  0.00000E+00  3.19044E+02
   123  9.63890E-05 -7.97823E+00 -7.97823E+00 -1.15396E-06  0.00000E+00  0.00000E+00  3.19009E+02
   124  9.89083E-05 -7.98209E+00 -7.98209E+00 -1.21400E-06  0.00000E+00  0.00000E+00  3.18975E+02
   125  1.01490E-04 -7.98524E+00 -7.98524E+00 -1.27718E-06  0.00000E+00  0.00000E+00  3.18939E+02
   126  1.04136E-04 -7.98779E+00 -7.98779E+00 -1.34366E-06  0.00000E+00  0.00000E+00  3.18903E+02
   127  1.06848E-04 -7.98985E+00 -7.98985E+00 -1.41357E-06  0.00000E+00  0.00000E+00  3.18867E+02
   128  1.09627E-04 -7.99149E+00 -7.99149E+00 -1.48710E-06  0.00000E+00  0.00000E+00  3.18830E+02
   129  1.12475E-04 -7.99279E+00 -7.99279E+00 -1.56442E-06  0.00000E+00  0.00000E+00  3.18792E+02
   130  1.15393E-04 -7.99381E+00 -7.99381E+00 -1.64570E-06  0.00000E+00  0.00000E+00  3.18754E+02
   131  1.18384E-04 -7.99459E+00 -7.99459E+00 -1.73114E-06  0.00000E+00  0.00000E+00  3.18716E+02
   132  1.21449E-04 -7.99519E+00 -7.99519E+00 -1.82095E-06  0.00000E+00  0.00000E+00  3.18676E+02
   133  1.24591E-04 -7.99564E+00 -7.99564E+00 -1.91532E-06  0.00000E+00  0.00000E+00  3.18637E+02
   134  1.27810E-04 -7.99597E+00 -7.99597E+00 -2.01450E-06  0.00000E+00  0.00000E+00  3.18596E+02
   135  1.31110E-04 -7.99620E+00 -7.99620E+00 -2.11870E-06  0.00000E+00  0.00000E+00  3.18556E+02
   136  1.34491E-04 -7.99636E+00 -7.99635E+00 -2.22818E-06  0.00000E+00  0.00000E+00  3.18514E+02
   137  1.37956E-04 -7.99645E+00 -7.99645E+00 -2.34320E-06  0.00000E+00  0.00000E+00  3.18472E+02
   138  1.41507E-04 -7.99651E+00 -7.99650E+00 -2.46403E-06  0.00000E+00  0.00000E+00  3.18430E+02
   139  1.45146E-04 -7.99652E+00 -7.99652E+00 -2.59095E-06  0.00000E+00  0.00000E+00  3.18387E+02
   140  1.48876E-04 -7.99651E+00 -7.99651E+00 -2.72427E-06  0.00000E+00  0.00000E+00  3.18343E+02
   141  1.52698E-04 -7.99648E+00 -7.99647E+00 -2.86430E-06  0.00000E+00  0.00000E+00  3.18299E+02
   142  1.56615E-04 -7.99643E+00 -7.99642E+00 -3.01137E-06  0.00000E+00  0.00000E+00  3.18254E+02
   143  1.60630E-04 -7.99636E+00 -7.99636E+00 -3.16583E-06  0.00000E+00  0.00000E+00  3.18209E+02
   144  1.64744E-04 -7.99629E+00 -7.99629E+00 -3.32804E-06  0.00000E+00  0.00000E+00  3.18163E+02
   145  1.68960E-04 -7.99621E+00 -7.99621E+00 -3.49839E-06  0.00000E+00  0.00000E+00  3.18117E+02
   146  1.73281E-04 -7.99612E+00 -7.99612E+00 -3.67726E-06  0.00000E+00  0.00000E+00  3.18070E+02
   147  1.77709E-04 -7.99603E+00 -7.99603E+00 -3.86509E-06  0.00000E+00  0.00000E+00  3.18022E+02
   148  1.82247E-04 -7.99594E+00 -7.99593E+00 -4.06232E-06  0.00000E+00  0.00000E+00  3.17974E+02
   149  1.86898E-04 -7.99584E+00 -7.99583E+00 -4.26940E-06  0.00000E+00  0.00000E+00  3.17925E+02
   150  1.91664E-04 -7.99573E+00 -7.99573E+00 -4.48681E-06  0.00000E+00  0.00000E+00  3.17875E+02
   151  1.96548E-04 -7.99562E+00 -7.99562E+00 -4.71508E-06  0.00000E+00  0.00000E+00  3.17825E+02
   152  2.01554E-04 -7.99551E+00 -7.99551E+00 -4.95472E-06  0.00000E+00  0.00000E+00  3.17774E+02
   153  2.06684E-04 -7.99540E+00 -7.99539E+00 -5.20630E-06  0.00000E+00  0.00000E+00  3.17722E+02
   154  2.11941E-04 -7.99528E+00 -7.99528E+00 -5.47040E-06  0.00000E+00  0.00000E+00  3.17670E+02
   155  2.17329E-04 -7.99516E+00 -7.99516E+00 -5.74763E-06  0.00000E+00  0.00000E+00  3.17617E+02
   156  2.22850E-04 -7.99504E+00 -7.99504E+00 -6.03863E-06  0.00000E+00  0.00000E+00  3.17563E+02
   157  2.28509E-04 -7.99492E+00 -7.99491E+00 -6.34407E-06  0.00000E+00  0.00000E+00  3.17509E+02
   158  2.34308E-04 -7.99479E+00 -7.99478E+00 -6.66467E-06  0.00000E+00  0.00000E+00  3.17453E+02
   159  2.40251E-04 -7.99465E+00 -7.99465E+00 -7.00116E-06  0.00000E+00  0.00000E+00  3.17397E+02
   160  2.46341E-04 -7.99452E+00 -7.99451E+00 -7.35430E-06  0.00000E+00  0.00000E+00  3.17341E+02
   161  2.52583E-04 -7.99438E+00 -7.99437E+00 -7.72491E-06  0.00000E+00  0.00000E+00  3.17283E+02
   162  2.58980E-04 -7.99424E+00 -7.99423E+00 -8.11385E-06  0.00000E+00  0.00000E+00  3.17225E+02
   163  2.65535E-04 -7.99409E+00 -7.99408E+00 -8.52199E-06  0.00000E+00  0.00000E+00  3.17166E+02
   164  2.72253E-04 -7.99394E+00 -7.99393E+00 -8.95027E-06  0.00000E+00  0.00000E+00  3.17105E+02
   165  2.79138E-04 -7.99379E+00 -7.99378E+00 -9.39966E-06  0.00000E+00  0.00000E+00  3.17045E+02
   166  2.86194E-04 -7.99363E+00 -7.99362E+00 -9.87118E-06  0.00000E+00  0.00000E+00  3.16983E+02
   167  2.93425E-04 -7.99347E+00 -7.99346E+00 -1.03659E-05  0.00000E+00  0.00000E+00  3.16920E+02
   168  3.00836E-04 -7.99331E+00 -7.99330E+00 -1.08850E-05  0.00000E+00  0.00000E+00  3.16856E+02
   169  3.08430E-04 -7.99314E+00 -7.99313E+00 -1.14295E-05  0.00000E+00  0.00000E+00  3.16792E+02
   170  3.16213E-04 -7.99297E+00 -7.99296E+00 -1.20007E-05  0.00000E+00  0.00000E+00  3.16726E+02
   171  3.24189E-04 -7.99279E+00 -7.99278E+00 -1.26000E-05  0.00000E+00  0.00000E+00  3.16660E+02
   172  3.32363E-04 -7.99261E+00 -7.99260E+00 -1.32286E-05  0.00000E+00  0.00000E+00  3.16592E+02
   173  3.40741E-04 -7.99242E+00 -7.99241E+00 -1.38880E-05  0.00000E+00  0.00000E+00  3.16524E+02
   174  3.49326E-04 -7.99223E+00 -7.99222E+00 -1.45796E-05  0.00000E+00  0.00000E+00  3.16454E+02
   175  3.58124E-04 -7.99204E+00 -7.99202E+00 -1.53049E-05  0.00000E+00  0.00000E+00  3.16384E+02
   176  3.67140E-04 -7.99184E+00 -7.99182E+00 -1.60657E-05  0.00000E+00  0.00000E+00  3.16312E+02
   177  3.76381E-04 -7.99163E+00 -7.99162E+00 -1.68635E-05  0.00000E+00  0.00000E+00  3.16239E+02
   178  3.85850E-04 -7.99142E+00 -7.99140E+00 -1.77001E-05  0.00000E+00  0.00000E+00  3.16165E+02
   179  3.95555E-04 -7.99121E+00 -7.99119E+00 -1.85774E-05  0.00000E+00  0.00000E+00  3.16089E+02
   180  4.05501E-04 -7.99099E+00 -7.99097E+00 -1.94974E-05  0.00000E+00  0.00000E+00  3.16013E+02
   181  4.15694E-04 -7.99076E+00 -7.99074E+00 -2.04619E-05  0.00000E+00  0.00000E+00  3.15935E+02
   182  4.26139E-04 -7.99053E+00 -7.99051E+00 -2.14732E-05  0.00000E+00  0.00000E+00  3.15856E+02
   183  4.36844E-04 -7.99029E+00 -7.99027E+00 -2.25334E-05  0.00000E+00  0.00000E+00  3.15776E+02
   184  4.47815E-04 -7.99005E+00 -7.99002E+00 -2.36449E-05  0.00000E+00  0.00000E+00  3.15694E+02
   185  4.59058E-04 -7.98980E+00 -7.98977E+00 -2.48101E-05  0.00000E+00  0.00000E+00  3.15611E+02
   186  4.70580E-04 -7.98954E+00 -7.98952E+00 -2.60315E-05  0.00000E+00  0.00000E+00  3.15527E+02
   187  4.82388E-04 -7.98928E+00 -7.98925E+00 -2.73117E-05  0.00000E+00  0.00000E+00  3.15441E+02
   188  4.94489E-04 -7.98901E+00 -7.98898E+00 -2.86535E-05  0.00000E+00  0.00000E+00  3.15354E+02
   189  5.06891E-04 -7.98874E+00 -7.98871E+00 -3.00597E-05  0.00000E+00  0.00000E+00  3.15265E+02
   190  5.19600E-04 -7.98846E+00 -7.98842E+00 -3.15334E-05  0.00000E+00  0.00000E+00  3.15175E+02
   191  5.32625E-04 -7.98817E+00 -7.98813E+00 -3.30778E-05  0.00000E+00  0.00000E+00  3.15083E+02
   192  5.45973E-04 -7.98787E+00 -7.98784E+00 -3.46960E-05  0.00000E+00  0.00000E+00  3.14989E+02
   193  5.59653E-04 -7.98757E+00 -7.98753E+00 -3.63916E-05  0.00000E+00  0.00000E+00  3.14894E+02
   194  5.73672E-04 -7.98726E+00 -7.98722E+00 -3.81682E-05  0.00000E+00  0.00000E+00  3.14797E+02
   195  5.88039E-04 -7.98694E+00 -7.98690E+00 -4.00293E-05  0.00000E+00  0.00000E+00  3.14699E+02
   196  6.02762E-04 -7.98661E+00 -7.98657E+00 -4.19791E-05  0.00000E+00  0.00000E+00  3.14598E+02
   197  6.17852E-04 -7.98628E+00 -7.98624E+00 -4.40214E-05  0.00000E+00  0.00000E+00  3.14496E+02
   198  6.33315E-04 -7.98594E+00 -7.98589E+00 -4.61607E-05  0.00000E+00  0.00000E+00  3.14392E+02
   199  6.49163E-04 -7.98559E+00 -7.98554E+00 -4.84013E-05  0.00000E+00  0.00000E+00  3.14286E+02
   200  6.65404E-04 -7.98523E+00 -7.98518E+00 -5.07479E-05  0.00000E+00  0.00000E+00  3.14179E+02
   201  6.82048E-04 -7.98486E+00 -7.98481E+00 -5.32052E-05  0.00000E+00  0.00000E+00  3.14069E+02
   202  6.99105E-04 -7.98448E+00 -7.98443E+00 -5.57784E-05  0.00000E+00  0.00000E+00  3.13957E+02
   203  7.16586E-04 -7.98409E+00 -7.98404E+00 -5.84727E-05  0.00000E+00  0.00000E+00  3.13843E+02
   204  7.34500E-04 -7.98370E+00 -7.98364E+00 -6.12936E-05  0.00000E+00  0.00000E+00  3.13727E+02
   205  7.52860E-04 -7.98329E+00 -7.98323E+00 -6.42468E-05  0.00000E+00  0.00000E+00  3.13608E+02
   206  7.71674E-04 -7.98288E+00 -7.98281E+00 -6.73382E-05  0.00000E+00  0.00000E+00  3.13488E+02
   207  7.90956E-04 -7.98245E+00 -7.98238E+00 -7.05741E-05  0.00000E+00  0.00000E+00  3.13365E+02
   208  8.10717E-04 -7.98201E+00 -7.98194E+00 -7.39609E-05  0.00000E+00  0.00000E+00  3.13240E+02
   209  8.30968E-04 -7.98157E+00 -7.98149E+00 -7.75054E-05  0.00000E+00  0.00000E+00  3.13112E+02
   210  8.51722E-04 -7.98111E+00 -7.98103E+00 -8.12146E-05  0.00000E+00  0.00000E+00  3.12982E+02
   211  8.72990E-04 -7.98064E+00 -7.98055E+00 -8.50958E-05  0.00000E+00  0.00000E+00  3.12850E+02
   212  8.94787E-04 -7.98016E+00 -7.98007E+00 -8.91567E-05  0.00000E+00  0.00000E+00  3.12714E+02
   213  9.17125E-04 -7.97966E+00 -7.97957E+00 -9.34050E-05  0.00000E+00  0.00000E+00  3.12577E+02
   214  9.40017E-04 -7.97916E+00 -7.97906E+00 -9.78492E-05  0.00000E+00  0.00000E+00  3.12436E+02
   215  9.63478E-04 -7.97864E+00 -7.97854E+00 -1.02498E-04  0.00000E+00  0.00000E+00  3.12293E+02
   216  9.87520E-04 -7.97811E+00 -7.97800E+00 -1.07360E-04  0.00000E+00  0.00000E+00  3.12147E+02
   217  1.01216E-03 -7.97756E+00 -7.97745E+00 -1.12444E-04  0.00000E+00  0.00000E+00  3.11998E+02
   218  1.03741E-03 -7.97701E+00 -7.97689E+00 -1.17761E-04  0.00000E+00  0.00000E+00  3.11846E+02
   219  1.06329E-03 -7.97644E+00 -7.97631E+00 -1.23320E-04  0.00000E+00  0.00000E+00  3.11690E+02
   220  1.08981E-03 -7.97585E+00 -7.97572E+00 -1.29132E-04  0.00000E+00  0.00000E+00  3.11532E+02
   221  1.11699E-03 -7.97525E+00 -7.97512E+00 -1.35208E-04  0.00000E+00  0.00000E+00  3.11371E+02
   222  1.14484E-03 -7.97464E+00 -7.97450E+00 -1.41558E-04  0.00000E+00  0.00000E+00  3.11206E+02
   223  1.17338E-03 -7.97401E+00 -7.97386E+00 -1.48195E-04  0.00000E+00  0.00000E+00  3.11038E+02
   224  1.20264E-03 -7.97336E+00 -7.97321E+00 -1.55131E-04  0.00000E+00  0.00000E+00  3.10867E+02
   225  1.23262E-03 -7.97270E+00 -7.97254E+00 -1.62379E-04  0.00000E+00  0.00000E+00  3.10692E+02
   226  1.26334E-03 -7.97203E+00 -7.97186E+00 -1.69950E-04  0.00000E+00  0.00000E+00  3.10513E+02
   227  1.29482E-03 -7.97133E+00 -7.97116E+00 -1.77860E-04  0.00000E+00  0.00000E+00  3.10331E+02
   228  1.32709E-03 -7.97062E+00 -7.97044E+00 -1.86123E-04  0.00000E+00  0.00000E+00  3.10145E+02
   229  1.36016E-03 -7.96990E+00 -7.96970E+00 -1.94752E-04  0.00000E+00  0.00000E+00  3.09955E+02
   230  1.39405E-03 -7.96915E+00 -7.96895E+00 -2.03763E-04  0.00000E+00  0.00000E+00  3.09761E+02
   231  1.42878E-03 -7.96839E+00 -7.96817E+00 -2.13172E-04  0.00000E+00  0.00000E+00  3.09563E+02
   232  1.46437E-03 -7.96760E+00 -7.96738E+00 -2.22995E-04  0.00000E+00  0.00000E+00  3.09361E+02
   233  1.50084E-03 -7.96680E+00 -7.96657E+00 -2.33250E-04  0.00000E+00  0.00000E+00  3.09155E+02
   234  1.53822E-03 -7.96598E+00 -7.96573E+00 -2.43952E-04  0.00000E+00  0.00000E+00  3.08944E+02
   235  1.57653E-03 -7.96514E+00 -7.96488E+00 -2.55122E-04  0.00000E+00  0.00000E+00  3.08729E+02
   236  1.61579E-03 -7.96427E+00 -7.96401E+00 -2.66777E-04  0.00000E+00  0.00000E+00  3.08509E+02
   237  1.65602E-03 -7.96339E+00 -7.96311E+00 -2.78936E-04  0.00000E+00  0.00000E+00  3.08285E+02
   238  1.69725E-03 -7.96248E+00 -7.96219E+00 -2.91620E-04  0.00000E+00  0.00000E+00  3.08056E+02
   239  1.73951E-03 -7.96156E+00 -7.96125E+00 -3.04850E-04  0.00000E+00  0.00000E+00  3.07822E+02
   240  1.78281E-03 -7.96061E+00 -7.96029E+00 -3.18647E-04  0.00000E+00  0.00000E+00  3.07584E+02
   241  1.82719E-03 -7.95963E+00 -7.95930E+00 -3.33033E-04  0.00000E+00  0.00000E+00  3.07340E+02
   242  1.87267E-03 -7.95863E+00 -7.95829E+00 -3.48032E-04  0.00000E+00  0.00000E+00  3.07091E+02
   243  1.91928E-03 -7.95761E+00 -7.95725E+00 -3.63666E-04  0.00000E+00  0.00000E+00  3.06836E+02
   244  1.96704E-03 -7.95656E+00 -7.95618E+00 -3.79960E-04  0.00000E+00  0.00000E+00  3.06576E+02
   245  2.01599E-03 -7.95549E+00 -7.95509E+00 -3.96939E-04  0.00000E+00  0.00000E+00  3.06311E+02
   246  2.06616E-03 -7.95439E+00 -7.95398E+00 -4.14629E-04  0.00000E+00  0.00000E+00  3.06039E+02
   247  2.11757E-03 -7.95326E+00 -7.95283E+00 -4.33058E-04  0.00000E+00  0.00000E+00  3.05762E+02
   248  2.17025E-03 -7.95211E+00 -7.95166E+00 -4.52252E-04  0.00000E+00  0.00000E+00  3.05479E+02
   249  2.22425E-03 -7.95093E+00 -7.95046E+00 -4.72239E-04  0.00000E+00  0.00000E+00  3.05190E+02
   250  2.27958E-03 -7.94972E+00 -7.94922E+00 -4.93051E-04  0.00000E+00  0.00000E+00  3.04895E+02
   251  2.33629E-03 -7.94848E+00 -7.94796E+00 -5.14715E-04  0.00000E+00  0.00000E+00  3.04593E+02
   252  2.39440E-03 -7.94720E+00 -7.94667E+00 -5.37264E-04  0.00000E+00  0.00000E+00  3.04284E+02
   253  2.45396E-03 -7.94590E+00 -7.94534E+00 -5.60729E-04  0.00000E+00  0.00000E+00  3.03969E+02
   254  2.51499E-03 -7.94457E+00 -7.94398E+00 -5.85143E-04  0.00000E+00  0.00000E+00  3.03648E+02
   255  2.57754E-03 -7.94320E+00 -7.94259E+00 -6.10540E-04  0.00000E+00  0.00000E+00  3.03319E+02
   256  2.64164E-03 -7.94180E+00 -7.94116E+00 -6.36954E-04  0.00000E+00  0.00000E+00  3.02983E+02
   257  2.70733E-03 -7.94036E+00 -7.93970E+00 -6.64420E-04  0.00000E+00  0.00000E+00  3.02639E+02
   258  2.77465E-03 -7.93889E+00 -7.93820E+00 -6.92976E-04  0.00000E+00  0.00000E+00  3.02288E+02
   259  2.84364E-03 -7.93739E+00 -7.93667E+00 -7.22658E-04  0.00000E+00  0.00000E+00  3.01930E+02
   260  2.91435E-03 -7.93584E+00 -7.93509E+00 -7.53505E-04  0.00000E+00  0.00000E+00  3.01563E+02
   261  2.98680E-03 -7.93426E+00 -7.93348E+00 -7.85556E-04  0.00000E+00  0.00000E+00  3.01189E+02
   262  3.06106E-03 -7.93264E+00 -7.93183E+00 -8.18851E-04  0.00000E+00  0.00000E+00  3.00807E+02
   263  3.13716E-03 -7.93098E+00 -7.93013E+00 -8.53431E-04  0.00000E+00  0.00000E+00  3.00416E+02
   264  3.21514E-03 -7.92928E+00 -7.92840E+00 -8.89338E-04  0.00000E+00  0.00000E+00  3.00016E+02
   265  3.29506E-03 -7.92754E+00 -7.92662E+00 -9.26616E-04  0.00000E+00  0.00000E+00  2.99608E+02
   266  3.37697E-03 -7.92576E+00 -7.92479E+00 -9.65308E-04  0.00000E+00  0.00000E+00  2.99191E+02
   267  3.46091E-03 -7.92393E+00 -7.92293E+00 -1.00546E-03  0.00000E+00  0.00000E+00  2.98765E+02
   268  3.54693E-03 -7.92206E+00 -7.92101E+00 -1.04711E-03  0.00000E+00  0.00000E+00  2.98329E+02
   269  3.63508E-03 -7.92014E+00 -7.91905E+00 -1.09032E-03  0.00000E+00  0.00000E+00  2.97884E+02
   270  3.72542E-03 -7.91817E+00 -7.91704E+00 -1.13513E-03  0.00000E+00  0.00000E+00  2.97429E+02
   271  3.81800E-03 -7.91616E+00 -7.91498E+00 -1.18158E-03  0.00000E+00  0.00000E+00  2.96965E+02
   272  3.91288E-03 -7.91410E+00 -7.91287E+00 -1.22973E-03  0.00000E+00  0.00000E+00  2.96490E+02
   273  4.01011E-03 -7.91199E+00 -7.91071E+00 -1.27963E-03  0.00000E+00  0.00000E+00  2.96005E+02
   274  4.10976E-03 -7.90982E+00 -7.90849E+00 -1.33132E-03  0.00000E+00  0.00000E+00  2.95509E+02
   275  4.21188E-03 -7.90760E+00 -7.90622E+00 -1.38487E-03  0.00000E+00  0.00000E+00  2.95002E+02
   276  4.31653E-03 -7.90533E+00 -7.90389E+00 -1.44031E-03  0.00000E+00  0.00000E+00  2.94485E+02
   277  4.42377E-03 -7.90300E+00 -7.90150E+00 -1.49772E-03  0.00000E+00  0.00000E+00  2.93956E+02
   278  4.53368E-03 -7.90062E+00 -7.89906E+00 -1.55713E-03  0.00000E+00  0.00000E+00  2.93415E+02
   279  4.64632E-03 -7.89817E+00 -7.89655E+00 -1.61860E-03  0.00000E+00  0.00000E+00  2.92863E+02
   280  4.76174E-03 -7.89567E+00 -7.89399E+00 -1.68220E-03  0.00000E+00  0.00000E+00  2.92299E+02
   281  4.88004E-03 -7.89311E+00 -7.89136E+00 -1.74797E-03  0.00000E+00  0.00000E+00  2.91722E+02
   282  5.00126E-03 -7.89048E+00 -7.88866E+00 -1.81597E-03  0.00000E+00  0.00000E+00  2.91133E+02
   283  5.12549E-03 -7.88779E+00 -7.88590E+00 -1.88627E-03  0.00000E+00  0.00000E+00  2.90531E+02
   284  5.25281E-03 -7.88503E+00 -7.88307E+00 -1.95890E-03  0.00000E+00  0.00000E+00  2.89917E+02
   285  5.38328E-03 -7.88221E+00 -7.88017E+00 -2.03395E-03  0.00000E+00  0.00000E+00  2.89289E+02
   286  5.51699E-03 -7.87931E+00 -7.87720E+00 -2.11145E-03  0.00000E+00  0.00000E+00  2.88647E+02
   287  5.65402E-03 -7.87635E+00 -7.87416E+00 -2.19148E-03  0.00000E+00  0.00000E+00  2.87992E+02
   288  5.79444E-03 -7.87331E+00 -7.87104E+00 -2.27409E-03  0.00000E+00  0.00000E+00  2.87322E+02
   289  5.93835E-03 -7.87020E+00 -7.86784E+00 -2.35933E-03  0.00000E+00  0.00000E+00  2.86638E+02
   290  6.08582E-03 -7.86701E+00 -7.86456E+00 -2.44727E-03  0.00000E+00  0.00000E+00  2.85940E+02
   291  6.23696E-03 -7.86375E+00 -7.86121E+00 -2.53797E-03  0.00000E+00  0.00000E+00  2.85226E+02
   292  6.39184E-03 -7.86040E+00 -7.85777E+00 -2.63149E-03  0.00000E+00  0.00000E+00  2.84498E+02
   293  6.55056E-03 -7.85697E+00 -7.85425E+00 -2.72788E-03  0.00000E+00  0.00000E+00  2.83753E+02
   294  6.71322E-03 -7.85346E+00 -7.85063E+00 -2.82720E-03  0.00000E+00  0.00000E+00  2.82993E+02
   295  6.87991E-03 -7.84987E+00 -7.84694E+00 -2.92951E-03  0.00000E+00  0.00000E+00  2.82217E+02
   296  7.05074E-03 -7.84618E+00 -7.84315E+00 -3.03488E-03  0.00000E+00  0.00000E+00  2.81424E+02
   297  7.22580E-03 -7.84240E+00 -7.83926E+00 -3.14334E-03  0.00000E+00  0.00000E+00  2.80615E+02
   298  7.40521E-03 -7.83854E+00 -7.83528E+00 -3.25497E-03  0.00000E+00  0.00000E+00  2.79789E+02
   299  7.58906E-03 -7.83458E+00 -7.83121E+00 -3.36982E-03  0.00000E+00  0.00000E+00  2.78945E+02
   300  7.77747E-03 -7.83052E+00 -7.82703E+00 -3.48794E-03  0.00000E+00  0.00000E+00  2.78084E+02
   301  7.97055E-03 -7.82636E+00 -7.82275E+00 -3.60938E-03  0.00000E+00  0.00000E+00  2.77204E+02
   302  8.16842E-03 -7.82210E+00 -7.81836E+00 -3.73420E-03  0.00000E+00  0.00000E+00  2.76306E+02
   303  8.37120E-03 -7.81773E+00 -7.81387E+00 -3.86245E-03  0.00000E+00  0.00000E+00  2.75390E+02
   304  8.57900E-03 -7.81326E+00 -7.80927E+00 -3.99419E-03  0.00000E+00  0.00000E+00  2.74455E+02
   305  8.79196E-03 -7.80868E+00 -7.80455E+00 -4.12945E-03  0.00000E+00  0.00000E+00  2.73500E+02
   306  9.01019E-03 -7.80399E+00 -7.79972E+00 -4.26828E-03  0.00000E+00  0.00000E+00  2.72526E+02
   307  9.23384E-03 -7.79919E+00 -7.79478E+00 -4.41073E-03  0.00000E+00  0.00000E+00  2.71532E+02
   308  9.46303E-03 -7.79426E+00 -7.78971E+00 -4.55685E-03  0.00000E+00  0.00000E+00  2.70517E+02
   309  9.69790E-03 -7.78922E+00 -7.78451E+00 -4.70667E-03  0.00000E+00  0.00000E+00  2.69482E+02
   310  9.93859E-03 -7.78405E+00 -7.77919E+00 -4.86023E-03  0.00000E+00  0.00000E+00  2.68427E+02
   311  1.01852E-02 -7.77876E+00 -7.77374E+00 -5.01756E-03  0.00000E+00  0.00000E+00  2.67349E+02
   312  1.04380E-02 -7.77334E+00 -7.76816E+00 -5.17871E-03  0.00000E+00  0.00000E+00  2.66251E+02
   313  1.06971E-02 -7.76778E+00 -7.76244E+00 -5.34369E-03  0.00000E+00  0.00000E+00  2.65130E+02
   314  1.09625E-02 -7.76209E+00 -7.75658E+00 -5.51254E-03  0.00000E+00  0.00000E+00  2.63987E+02
   315  1.12345E-02 -7.75626E+00 -7.75058E+00 -5.68528E-03  0.00000E+00  0.00000E+00  2.62821E+02
   316  1.15133E-02 -7.75029E+00 -7.74443E+00 -5.86193E-03  0.00000E+00  0.00000E+00  2.61633E+02
   317  1.17990E-02 -7.74418E+00 -7.73813E+00 -6.04251E-03  0.00000E+00  0.00000E+00  2.60421E+02
   318  1.20918E-02 -7.73791E+00 -7.73168E+00 -6.22702E-03  0.00000E+00  0.00000E+00  2.59185E+02
   319  1.23918E-02 -7.73149E+00 -7.72508E+00 -6.41549E-03  0.00000E+00  0.00000E+00  2.57926E+02
   320  1.26992E-02 -7.72492E+00 -7.71831E+00 -6.60790E-03  0.00000E+00  0.00000E+00  2.56643E+02
   321  1.30143E-02 -7.71819E+00 -7.71138E+00 -6.80427E-03  0.00000E+00  0.00000E+00  2.55335E+02
   322  1.33372E-02 -7.71129E+00 -7.70429E+00 -7.00459E-03  0.00000E+00  0.00000E+00  2.54002E+02
   323  1.36681E-02 -7.70423E+00 -7.69702E+00 -7.20883E-03  0.00000E+00  0.00000E+00  2.52644E+02
   324  1.40071E-02 -7.69699E+00 -7.68958E+00 -7.41700E-03  0.00000E+00  0.00000E+00  2.51260E+02
   325  1.43546E-02 -7.68958E+00 -7.68196E+00 -7.62907E-03  0.00000E+00  0.00000E+00  2.49850E+02
   326  1.47107E-02 -7.68200E+00 -7.67415E+00 -7.84502E-03  0.00000E+00  0.00000E+00  2.48415E+02
   327  1.50756E-02 -7.67422E+00 -7.66616E+00 -8.06480E-03  0.00000E+00  0.00000E+00  2.46953E+02
   328  1.54495E-02 -7.66626E+00 -7.65797E+00 -8.28838E-03  0.00000E+00  0.00000E+00  2.45465E+02
   329  1.58327E-02 -7.65811E+00 -7.64960E+00 -8.51572E-03  0.00000E+00  0.00000E+00  2.43949E+02
   330  1.62254E-02 -7.64976E+00 -7.64102E+00 -8.74676E-03  0.00000E+00  0.00000E+00  2.42407E+02
   331  1.66278E-02 -7.64121E+00 -7.63223E+00 -8.98145E-03  0.00000E+00  0.00000E+00  2.40837E+02
   332  1.70402E-02 -7.63246E+00 -7.62324E+00 -9.21971E-03  0.00000E+00  0.00000E+00  2.39239E+02
   333  1.74628E-02 -7.62349E+00 -7.61403E+00 -9.46147E-03  0.00000E+00  0.00000E+00  2.37613E+02
   334  1.78958E-02 -7.61431E+00 -7.60461E+00 -9.70665E-03  0.00000E+00  0.00000E+00  2.35960E+02
   335  1.83396E-02 -7.60491E+00 -7.59496E+00 -9.95517E-03  0.00000E+00  0.00000E+00  2.34278E+02
   336  1.87943E-02 -7.59529E+00 -7.58508E+00 -1.02069E-02  0.00000E+00  0.00000E+00  2.32567E+02
   337  1.92603E-02 -7.58544E+00 -7.57497E+00 -1.04618E-02  0.00000E+00  0.00000E+00  2.30828E+02
   338  1.97379E-02 -7.57535E+00 -7.56463E+00 -1.07197E-02  0.00000E+00  0.00000E+00  2.29059E+02
   339  2.02272E-02 -7.56502E+00 -7.55404E+00 -1.09804E-02  0.00000E+00  0.00000E+00  2.27262E+02
   340  2.07287E-02 -7.55445E+00 -7.54320E+00 -1.12439E-02  0.00000E+00  0.00000E+00  2.25436E+02
   341  2.12426E-02 -7.54362E+00 -7.53211E+00 -1.15100E-02  0.00000E+00  0.00000E+00  2.23580E+02
   342  2.17692E-02 -7.53254E+00 -7.52077E+00 -1.17786E-02  0.00000E+00  0.00000E+00  2.21695E+02
   343  2.23088E-02 -7.52120E+00 -7.50915E+00 -1.20494E-02  0.00000E+00  0.00000E+00  2.19780E+02
   344  2.28618E-02 -7.50960E+00 -7.49728E+00 -1.23224E-02  0.00000E+00  0.00000E+00  2.17836E+02
   345  2.34284E-02 -7.49772E+00 -7.48512E+00 -1.25972E-02  0.00000E+00  0.00000E+00  2.15863E+02
   346  2.40091E-02 -7.48556E+00 -7.47269E+00 -1.28738E-02  0.00000E+00  0.00000E+00  2.13859E+02
   347  2.46041E-02 -7.47312E+00 -7.45997E+00 -1.31519E-02  0.00000E+00  0.00000E+00  2.11827E+02
   348  2.52139E-02 -7.46039E+00 -7.44696E+00 -1.34314E-02  0.00000E+00  0.00000E+00  2.09765E+02
   349  2.58387E-02 -7.44737E+00 -7.43366E+00 -1.37118E-02  0.00000E+00  0.00000E+00  2.07673E+02
   350  2.64790E-02 -7.43405E+00 -7.42005E+00 -1.39932E-02  0.00000E+00  0.00000E+00  2.05552E+02
   351  2.71351E-02 -7.42042E+00 -7.40614E+00 -1.42751E-02  0.00000E+00  0.00000E+00  2.03402E+02
   352  2.78074E-02 -7.40647E+00 -7.39191E+00 -1.45573E-02  0.00000E+00  0.00000E+00  2.01223E+02
   353  2.84964E-02 -7.39221E+00 -7.37737E+00 -1.48395E-02  0.00000E+00  0.00000E+00  1.99015E+02
   354  2.92023E-02 -7.37762E+00 -7.36250E+00 -1.51215E-02  0.00000E+00  0.00000E+00  1.96778E+02
   355  2.99257E-02 -7.36270E+00 -7.34730E+00 -1.54030E-02  0.00000E+00  0.00000E+00  1.94513E+02
   356  3.06670E-02 -7.34745E+00 -7.33177E+00 -1.56836E-02  0.00000E+00  0.00000E+00  1.92220E+02
   357  3.14267E-02 -7.33185E+00 -7.31589E+00 -1.59630E-02  0.00000E+00  0.00000E+00  1.89899E+02
   358  3.22050E-02 -7.31591E+00 -7.29966E+00 -1.62409E-02  0.00000E+00  0.00000E+00  1.87550E+02
   359  3.30026E-02 -7.29960E+00 -7.28309E+00 -1.65169E-02  0.00000E+00  0.00000E+00  1.85175E+02
   360  3.38199E-02 -7.28294E+00 -7.26615E+00 -1.67907E-02  0.00000E+00  0.00000E+00  1.82773E+02
   361  3.46574E-02 -7.26591E+00 -7.24885E+00 -1.70619E-02  0.00000E+00  0.00000E+00  1.80344E+02
   362  3.55156E-02 -7.24851E+00 -7.23118E+00 -1.73301E-02  0.00000E+00  0.00000E+00  1.77890E+02
   363  3.63950E-02 -7.23073E+00 -7.21313E+00 -1.75950E-02  0.00000E+00  0.00000E+00  1.75412E+02
   364  3.72960E-02 -7.21256E+00 -7.19471E+00 -1.78561E-02  0.00000E+00  0.00000E+00  1.72908E+02
   365  3.82193E-02 -7.19401E+00 -7.17589E+00 -1.81131E-02  0.00000E+00  0.00000E+00  1.70381E+02
   366  3.91654E-02 -7.17505E+00 -7.15669E+00 -1.83654E-02  0.00000E+00  0.00000E+00  1.67831E+02
   367  4.01349E-02 -7.15570E+00 -7.13708E+00 -1.86128E-02  0.00000E+00  0.00000E+00  1.65258E+02
   368  4.11282E-02 -7.13593E+00 -7.11708E+00 -1.88547E-02  0.00000E+00  0.00000E+00  1.62664E+02
   369  4.21461E-02 -7.11576E+00 -7.09667E+00 -1.90906E-02  0.00000E+00  0.00000E+00  1.60049E+02
   370  4.31890E-02 -7.09516E+00 -7.07584E+00 -1.93203E-02  0.00000E+00  0.00000E+00  1.57414E+02
   371  4.42577E-02 -7.07414E+00 -7.05460E+00 -1.95431E-02  0.00000E+00  0.00000E+00  1.54761E+02
   372  4.53528E-02 -7.05269E+00 -7.03293E+00 -1.97586E-02  0.00000E+00  0.00000E+00  1.52089E+02
   373  4.64748E-02 -7.03081E+00 -7.01084E+00 -1.99665E-02  0.00000E+00  0.00000E+00  1.49400E+02
   374  4.76245E-02 -7.00849E+00 -6.98832E+00 -2.01661E-02  0.00000E+00  0.00000E+00  1.46696E+02
   375  4.88025E-02 -6.98572E+00 -6.96537E+00 -2.03570E-02  0.00000E+00  0.00000E+00  1.43976E+02
   376  5.00095E-02 -6.96251E+00 -6.94197E+00 -2.05387E-02  0.00000E+00  0.00000E+00  1.41243E+02
   377  5.12463E-02 -6.93885E+00 -6.91814E+00 -2.07109E-02  0.00000E+00  0.00000E+00  1.38498E+02
   378  5.25135E-02 -6.91473E+00 -6.89386E+00 -2.08729E-02  0.00000E+00  0.00000E+00  1.35742E+02
   379  5.38120E-02 -6.89015E+00 -6.86913E+00 -2.10243E-02  0.00000E+00  0.00000E+00  1.32975E+02
   380  5.51424E-02 -6.86511E+00 -6.84394E+00 -2.11647E-02  0.00000E+00  0.00000E+00  1.30201E+02
   381  5.65056E-02 -6.83960E+00 -6.81831E+00 -2.12936E-02  0.00000E+00  0.00000E+00  1.27419E+02
   382  5.79023E-02 -6.81362E+00 -6.79221E+00 -2.14106E-02  0.00000E+00  0.00000E+00  1.24632E+02
   383  5.93333E-02 -6.78718E+00 -6.76566E+00 -2.15151E-02  0.00000E+00  0.00000E+00  1.21841E+02
   384  6.07996E-02 -6.76026E+00 -6.73865E+00 -2.16068E-02  0.00000E+00  0.00000E+00  1.19047E+02
   385  6.23020E-02 -6.73286E+00 -6.71118E+00 -2.16853E-02  0.00000E+00  0.00000E+00  1.16253E+02
   386  6.38412E-02 -6.70499E+00 -6.68324E+00 -2.17501E-02  0.00000E+00  0.00000E+00  1.13459E+02
   387  6.54184E-02 -6.67664E+00 -6.65484E+00 -2.18008E-02  0.00000E+00  0.00000E+00  1.10667E+02
   388  6.70342E-02 -6.64782E+00 -6.62598E+00 -2.18371E-02  0.00000E+00  0.00000E+00  1.07880E+02
   389  6.86898E-02 -6.61852E+00 -6.59666E+00 -2.18586E-02  0.00000E+00  0.00000E+00  1.05098E+02
   390  7.03861E-02 -6.58873E+00 -6.56687E+00 -2.18650E-02  0.00000E+00  0.00000E+00  1.02324E+02
   391  7.21240E-02 -6.55848E+00 -6.53662E+00 -2.18560E-02  0.00000E+00  0.00000E+00  9.95588E+01
   392  7.39046E-02 -6.52774E+00 -6.50591E+00 -2.18312E-02  0.00000E+00  0.00000E+00  9.68050E+01
   393  7.57288E-02 -6.49653E+00 -6.47474E+00 -2.17905E-02  0.00000E+00  0.00000E+00  9.40642E+01
   394  7.75979E-02 -6.46486E+00 -6.44312E+00 -2.17336E-02  0.00000E+00  0.00000E+00  9.13382E+01
   395  7.95128E-02 -6.43271E+00 -6.41105E+00 -2.16603E-02  0.00000E+00  0.00000E+00  8.86289E+01
   396  8.14746E-02 -6.40009E+00 -6.37852E+00 -2.15705E-02  0.00000E+00  0.00000E+00  8.59381E+01
   397  8.34846E-02 -6.36701E+00 -6.34555E+00 -2.14640E-02  0.00000E+00  0.00000E+00  8.32677E+01
   398  8.55438E-02 -6.33347E+00 -6.31213E+00 -2.13407E-02  0.00000E+00  0.00000E+00  8.06197E+01
   399  8.76534E-02 -6.29948E+00 -6.27828E+00 -2.12006E-02  0.00000E+00  0.00000E+00  7.79958E+01
   400  8.98148E-02 -6.26504E+00 -6.24400E+00 -2.10437E-02  0.00000E+00  0.00000E+00  7.53980E+01
   401  9.20290E-02 -6.23016E+00 -6.20929E+00 -2.08701E-02  0.00000E+00  0.00000E+00  7.28281E+01
   402  9.42975E-02 -6.19483E+00 -6.17415E+00 -2.06797E-02  0.00000E+00  0.00000E+00  7.02881E+01
   403  9.66214E-02 -6.15908E+00 -6.13860E+00 -2.04728E-02  0.00000E+00  0.00000E+00  6.77796E+01
   404  9.90022E-02 -6.12290E+00 -6.10265E+00 -2.02495E-02  0.00000E+00  0.00000E+00  6.53045E+01
   405  1.01441E-01 -6.08630E+00 -6.06629E+00 -2.00100E-02  0.00000E+00  0.00000E+00  6.28645E+01
   406  1.03940E-01 -6.04929E+00 -6.02953E+00 -1.97546E-02  0.00000E+00  0.00000E+00  6.04615E+01
   407  1.06499E-01 -6.01188E+00 -5.99239E+00 -1.94836E-02  0.00000E+00  0.00000E+00  5.80970E+01
   408  1.09122E-01 -5.97407E+00 -5.95488E+00 -1.91975E-02  0.00000E+00  0.00000E+00  5.57728E+01
   409  1.11808E-01 -5.93588E+00 -5.91699E+00 -1.88965E-02  0.00000E+00  0.00000E+00  5.34904E+01
   410  1.14560E-01 -5.89732E+00 -5.87873E+00 -1.85812E-02  0.00000E+00  0.00000E+00  5.12513E+01
   411  1.17378E-01 -5.85838E+00 -5.84013E+00 -1.82522E-02  0.00000E+00  0.00000E+00  4.90570E+01
   412  1.20266E-01 -5.81909E+00 -5.80118E+00 -1.79099E-02  0.00000E+00  0.00000E+00  4.69089E+01
   413  1.23224E-01 -5.77944E+00 -5.76189E+00 -1.75550E-02  0.00000E+00  0.00000E+00  4.48084E+01
   414  1.26254E-01 -5.73946E+00 -5.72227E+00 -1.71881E-02  0.00000E+00  0.00000E+00  4.27566E+01
   415  1.29358E-01 -5.69915E+00 -5.68234E+00 -1.68100E-02  0.00000E+00  0.00000E+00  4.07547E+01
   416  1.32537E-01 -5.65852E+00 -5.64209E+00 -1.64215E-02  0.00000E+00  0.00000E+00  3.88039E+01
   417  1.35794E-01 -5.61757E+00 -5.60155E+00 -1.60232E-02  0.00000E+00  0.00000E+00  3.69050E+01
   418  1.39130E-01 -5.57632E+00 -5.56071E+00 -1.56161E-02  0.00000E+00  0.00000E+00  3.50590E+01
   419  1.42547E-01 -5.53478E+00 -5.51958E+00 -1.52011E-02  0.00000E+00  0.00000E+00  3.32667E+01
   420  1.46047E-01 -5.49296E+00 -5.47818E+00 -1.47790E-02  0.00000E+00  0.00000E+00  3.15287E+01
   421  1.49632E-01 -5.45086E+00 -5.43651E+00 -1.43508E-02  0.00000E+00  0.00000E+00  2.98457E+01
   422  1.53303E-01 -5.40849E+00 -5.39457E+00 -1.39175E-02  0.00000E+00  0.00000E+00  2.82180E+01
   423  1.57064E-01 -5.36586E+00 -5.35238E+00 -1.34800E-02  0.00000E+00  0.00000E+00  2.66461E+01
   424  1.60916E-01 -5.32297E+00 -5.30993E+00 -1.30394E-02  0.00000E+00  0.00000E+00  2.51301E+01
   425  1.64862E-01 -5.27983E+00 -5.26724E+00 -1.25967E-02  0.00000E+00  0.00000E+00  2.36703E+01
   426  1.68903E-01 -5.23645E+00 -5.22430E+00 -1.21529E-02  0.00000E+00  0.00000E+00  2.22666E+01
   427  1.73041E-01 -5.19284E+00 -5.18113E+00 -1.17091E-02  0.00000E+00  0.00000E+00  2.09190E+01
   428  1.77280E-01 -5.14898E+00 -5.13772E+00 -1.12663E-02  0.00000E+00  0.00000E+00  1.96272E+01
   429  1.81621E-01 -5.10490E+00 -5.09407E+00 -1.08256E-02  0.00000E+00  0.00000E+00  1.83909E+01
   430  1.86067E-01 -5.06058E+00 -5.05019E+00 -1.03880E-02  0.00000E+00  0.00000E+00  1.72096E+01
   431  1.90620E-01 -5.01604E+00 -5.00608E+00 -9.95453E-03  0.00000E+00  0.00000E+00  1.60829E+01
   432  1.95283E-01 -4.97126E+00 -4.96173E+00 -9.52617E-03  0.00000E+00  0.00000E+00  1.50100E+01
   433  2.00058E-01 -4.92625E+00 -4.91714E+00 -9.10390E-03  0.00000E+00  0.00000E+00  1.39902E+01
   434  2.04948E-01 -4.88100E+00 -4.87231E+00 -8.68867E-03  0.00000E+00  0.00000E+00  1.30226E+01
   435  2.09956E-01 -4.83552E+00 -4.82723E+00 -8.28139E-03  0.00000E+00  0.00000E+00  1.21062E+01
   436  2.15085E-01 -4.78979E+00 -4.78190E+00 -7.88293E-03  0.00000E+00  0.00000E+00  1.12401E+01
   437  2.20336E-01 -4.74380E+00 -4.73631E+00 -7.49411E-03  0.00000E+00  0.00000E+00  1.04230E+01
   438  2.25714E-01 -4.69756E+00 -4.69045E+00 -7.11572E-03  0.00000E+00  0.00000E+00  9.65372E+00
   439  2.31220E-01 -4.65105E+00 -4.64430E+00 -6.74846E-03  0.00000E+00  0.00000E+00  8.93096E+00
   440  2.36859E-01 -4.60426E+00 -4.59787E+00 -6.39300E-03  0.00000E+00  0.00000E+00  8.25333E+00
   441  2.42632E-01 -4.55719E+00 -4.55114E+00 -6.04995E-03  0.00000E+00  0.00000E+00  7.61939E+00
   442  2.48544E-01 -4.50980E+00 -4.50408E+00 -5.71985E-03  0.00000E+00  0.00000E+00  7.02764E+00
   443  2.54597E-01 -4.46211E+00 -4.45670E+00 -5.40316E-03  0.00000E+00  0.00000E+00  6.47654E+00
   444  2.60794E-01 -4.41408E+00 -4.40898E+00 -5.10028E-03  0.00000E+00  0.00000E+00  5.96448E+00
   445  2.67139E-01 -4.36570E+00 -4.36089E+00 -4.81156E-03  0.00000E+00  0.00000E+00  5.48983E+00
   446  2.73636E-01 -4.31696E+00 -4.31243E+00 -4.53723E-03  0.00000E+00  0.00000E+00  5.05094E+00
   447  2.80287E-01 -4.26784E+00 -4.26357E+00 -4.27749E-03  0.00000E+00  0.00000E+00  4.64612E+00
   448  2.87097E-01 -4.21833E+00 -4.21430E+00 -4.03244E-03  0.00000E+00  0.00000E+00  4.27368E+00
   449  2.94068E-01 -4.16840E+00 -4.16459E+00 -3.80212E-03  0.00000E+00  0.00000E+00  3.93193E+00
   450  3.01205E-01 -4.11803E+00 -4.11444E+00 -3.58650E-03  0.00000E+00  0.00000E+00  3.61916E+00
   451  3.08511E-01 -4.06721E+00 -4.06383E+00 -3.38547E-03  0.00000E+00  0.00000E+00  3.33369E+00
   452  3.15990E-01 -4.01593E+00 -4.01273E+00 -3.19885E-03  0.00000E+00  0.00000E+00  3.07384E+00
   453  3.23645E-01 -3.96415E+00 -3.96112E+00 -3.02640E-03  0.00000E+00  0.00000E+00  2.83797E+00
   454  3.31482E-01 -3.91187E+00 -3.90900E+00 -2.86781E-03  0.00000E+00  0.00000E+00  2.62444E+00
   455  3.39504E-01 -3.85907E+00 -3.85635E+00 -2.72272E-03  0.00000E+00  0.00000E+00  2.43168E+00
   456  3.47715E-01 -3.80573E+00 -3.80314E+00 -2.59069E-03  0.00000E+00  0.00000E+00  2.25813E+00
   457  3.56120E-01 -3.75184E+00 -3.74937E+00 -2.47127E-03  0.00000E+00  0.00000E+00  2.10229E+00
   458  3.64721E-01 -3.69739E+00 -3.69503E+00 -2.36392E-03  0.00000E+00  0.00000E+00  1.96272E+00
   459  3.73525E-01 -3.64236E+00 -3.64009E+00 -2.26808E-03  0.00000E+00  0.00000E+00  1.83802E+00
   460  3.82536E-01 -3.58675E+00 -3.58456E+00 -2.18315E-03  0.00000E+00  0.00000E+00  1.72684E+00
   461  3.91758E-01 -3.53054E+00 -3.52843E+00 -2.10850E-03  0.00000E+00  0.00000E+00  1.62791E+00
   462  4.01195E-01 -3.47374E+00 -3.47169E+00 -2.04346E-03  0.00000E+00  0.00000E+00  1.54001E+00
   463  4.10853E-01 -3.41633E+00 -3.41434E+00 -1.98736E-03  0.00000E+00  0.00000E+00  1.46199E+00
   464  4.20736E-01 -3.35833E+00 -3.35639E+00 -1.93950E-03  0.00000E+00  0.00000E+00  1.39278E+00
   465  4.30849E-01 -3.29972E+00 -3.29782E+00 -1.89917E-03  0.00000E+00  0.00000E+00  1.33136E+00
   466  4.41197E-01 -3.24053E+00 -3.23866E+00 -1.86567E-03  0.00000E+00  0.00000E+00  1.27677E+00
   467  4.51786E-01 -3.18075E+00 -3.17891E+00 -1.83830E-03  0.00000E+00  0.00000E+00  1.22816E+00
   468  4.62620E-01 -3.12040E+00 -3.11859E+00 -1.81634E-03  0.00000E+00  0.00000E+00  1.18470E+00
   469  4.73705E-01 -3.05950E+00 -3.05770E+00 -1.79910E-03  0.00000E+00  0.00000E+00  1.14565E+00
   470  4.85046E-01 -2.99806E+00 -2.99628E+00 -1.78593E-03  0.00000E+00  0.00000E+00  1.11035E+00
   471  4.96649E-01 -2.93611E+00 -2.93434E+00 -1.77616E-03  0.00000E+00  0.00000E+00  1.07817E+00
   472  5.08519E-01 -2.87367E+00 -2.87191E+00 -1.76915E-03  0.00000E+00  0.00000E+00  1.04856E+00
   473  5.20662E-01 -2.81078E+00 -2.80902E+00 -1.76433E-03  0.00000E+00  0.00000E+00  1.02104E+00
   474  5.33083E-01 -2.74747E+00 -2.74570E+00 -1.76110E-03  0.00000E+00  0.00000E+00  9.95166E-01
   475  5.45789E-01 -2.68377E+00 -2.68201E+00 -1.75893E-03  0.00000E+00  0.00000E+00  9.70562E-01
   476  5.58786E-01 -2.61972E+00 -2.61796E+00 -1.75733E-03  0.00000E+00  0.00000E+00  9.46896E-01
   477  5.72079E-01 -2.55538E+00 -2.55362E+00 -1.75583E-03  0.00000E+00  0.00000E+00  9.23887E-01
   478  5.85675E-01 -2.49078E+00 -2.48903E+00 -1.75401E-03  0.00000E+00  0.00000E+00  9.01297E-01
   479  5.99579E-01 -2.42599E+00 -2.42423E+00 -1.75147E-03  0.00000E+00  0.00000E+00  8.78930E-01
   480  6.13800E-01 -2.36104E+00 -2.35930E+00 -1.74788E-03  0.00000E+00  0.00000E+00  8.56627E-01
   481  6.28342E-01 -2.29601E+00 -2.29427E+00 -1.74294E-03  0.00000E+00  0.00000E+00  8.34264E-01
   482  6.43212E-01 -2.23095E+00 -2.22921E+00 -1.73637E-03  0.00000E+00  0.00000E+00  8.11749E-01
   483  6.58418E-01 -2.16592E+00 -2.16419E+00 -1.72797E-03  0.00000E+00  0.00000E+00  7.89016E-01
   484  6.73966E-01 -2.10099E+00 -2.09927E+00 -1.71755E-03  0.00000E+00  0.00000E+00  7.66025E-01
   485  6.89862E-01 -2.03621E+00 -2.03451E+00 -1.70496E-03  0.00000E+00  0.00000E+00  7.42758E-01
   486  7.06114E-01 -1.97167E+00 -1.96998E+00 -1.69010E-03  0.00000E+00  0.00000E+00  7.19216E-01
   487  7.22730E-01 -1.90743E+00 -1.90576E+00 -1.67289E-03  0.00000E+00  0.00000E+00  6.95415E-01
   488  7.39715E-01 -1.84356E+00 -1.84190E+00 -1.65330E-03  0.00000E+00  0.00000E+00  6.71386E-01
   489  7.57078E-01 -1.78012E+00 -1.77849E+00 -1.63132E-03  0.00000E+00  0.00000E+00  6.47170E-01
   490  7.74825E-01 -1.71720E+00 -1.71559E+00 -1.60697E-03  0.00000E+00  0.00000E+00  6.22819E-01
   491  7.92965E-01 -1.65486E+00 -1.65328E+00 -1.58030E-03  0.00000E+00  0.00000E+00  5.98388E-01
   492  8.11505E-01 -1.59316E+00 -1.59161E+00 -1.55138E-03  0.00000E+00  0.00000E+00  5.73942E-01
   493  8.30453E-01 -1.53219E+00 -1.53067E+00 -1.52031E-03  0.00000E+00  0.00000E+00  5.49545E-01
   494  8.49817E-01 -1.47201E+00 -1.47052E+00 -1.48720E-03  0.00000E+00  0.00000E+00  5.25265E-01
   495  8.69603E-01 -1.41268E+00 -1.41122E+00 -1.45218E-03  0.00000E+00  0.00000E+00  5.01170E-01
   496  8.89822E-01 -1.35427E+00 -1.35285E+00 -1.41541E-03  0.00000E+00  0.00000E+00  4.77326E-01
   497  9.10479E-01 -1.29684E+00 -1.29546E+00 -1.37702E-03  0.00000E+00  0.00000E+00  4.53799E-01
   498  9.31585E-01 -1.24045E+00 -1.23911E+00 -1.33721E-03  0.00000E+00  0.00000E+00  4.30651E-01
   499  9.53147E-01 -1.18516E+00 -1.18387E+00 -1.29613E-03  0.00000E+00  0.00000E+00  4.07940E-01
   500  9.75174E-01 -1.13103E+00 -1.12978E+00 -1.25397E-03  0.00000E+00  0.00000E+00  3.85723E-01
   501  9.97673E-01 -1.07810E+00 -1.07689E+00 -1.21092E-03  0.00000E+00  0.00000E+00  3.64049E-01
   502  1.02065E+00 -1.02642E+00 -1.02526E+00 -1.16715E-03  0.00000E+00  0.00000E+00  3.42963E-01
   503  1.04413E+00 -9.76043E-01 -9.74920E-01 -1.12286E-03  0.00000E+00  0.00000E+00  3.22506E-01
   504  1.06810E+00 -9.26995E-01 -9.25917E-01 -1.07821E-03  0.00000E+00  0.00000E+00  3.02712E-01
   505  1.09258E+00 -8.79318E-01 -8.78285E-01 -1.03340E-03  0.00000E+00  0.00000E+00  2.83612E-01
   506  1.11757E+00 -8.33042E-01 -8.32053E-01 -9.88593E-04  0.00000E+00  0.00000E+00  2.65229E-01
   507  1.14309E+00 -7.88193E-01 -7.87249E-01 -9.43951E-04  0.00000E+00  0.00000E+00  2.47583E-01
   508  1.16915E+00 -7.44795E-01 -7.43895E-01 -8.99632E-04  0.00000E+00  0.00000E+00  2.30687E-01
   509  1.19575E+00 -7.02865E-01 -7.02009E-01 -8.55785E-04  0.00000E+00  0.00000E+00  2.14550E-01
   510  1.22291E+00 -6.62416E-01 -6.61603E-01 -8.12549E-04  0.00000E+00  0.00000E+00  1.99178E-01
   511  1.25063E+00 -6.23457E-01 -6.22687E-01 -7.70053E-04  0.00000E+00  0.00000E+00  1.84568E-01
   512  1.27892E+00 -5.85994E-01 -5.85265E-01 -7.28412E-04  0.00000E+00  0.00000E+00  1.70719E-01
   513  1.30779E+00 -5.50025E-01 -5.49337E-01 -6.87736E-04  0.00000E+00  0.00000E+00  1.57620E-01
   514  1.33726E+00 -5.15546E-01 -5.14898E-01 -6.48118E-04  0.00000E+00  0.00000E+00  1.45262E-01
   515  1.36733E+00 -4.82551E-01 -4.81941E-01 -6.09642E-04  0.00000E+00  0.00000E+00  1.33629E-01
   516  1.39800E+00 -4.51026E-01 -4.50453E-01 -5.72382E-04  0.00000E+00  0.00000E+00  1.22705E-01
   517  1.42930E+00 -4.20955E-01 -4.20419E-01 -5.36398E-04  0.00000E+00  0.00000E+00  1.12469E-01
   518  1.46123E+00 -3.92320E-01 -3.91818E-01 -5.01741E-04  0.00000E+00  0.00000E+00  1.02901E-01
   519  1.49380E+00 -3.65096E-01 -3.64628E-01 -4.68450E-04  0.00000E+00  0.00000E+00  9.39765E-02
   520  1.52702E+00 -3.39259E-01 -3.38822E-01 -4.36556E-04  0.00000E+00  0.00000E+00  8.56709E-02
   521  1.56090E+00 -3.14778E-01 -3.14372E-01 -4.06078E-04  0.00000E+00  0.00000E+00  7.79584E-02
   522  1.59545E+00 -2.91623E-01 -2.91246E-01 -3.77027E-04  0.00000E+00  0.00000E+00  7.08123E-02
   523  1.63068E+00 -2.69758E-01 -2.69409E-01 -3.49405E-04  0.00000E+00  0.00000E+00  6.42054E-02
   524  1.66660E+00 -2.49149E-01 -2.48826E-01 -3.23206E-04  0.00000E+00  0.00000E+00  5.81101E-02
   525  1.70322E+00 -2.29756E-01 -2.29457E-01 -2.98417E-04  0.00000E+00  0.00000E+00  5.24989E-02
   526  1.74056E+00 -2.11540E-01 -2.11265E-01 -2.75020E-04  0.00000E+00  0.00000E+00  4.73442E-02
   527  1.77861E+00 -1.94459E-01 -1.94206E-01 -2.52986E-04  0.00000E+00  0.00000E+00  4.26189E-02
   528  1.81739E+00 -1.78471E-01 -1.78239E-01 -2.32287E-04  0.00000E+00  0.00000E+00  3.82963E-02
   529  1.85692E+00 -1.63533E-01 -1.63320E-01 -2.12886E-04  0.00000E+00  0.00000E+00  3.43503E-02
   530  1.89719E+00 -1.49601E-01 -1.49406E-01 -1.94743E-04  0.00000E+00  0.00000E+00  3.07554E-02
   531  1.93823E+00 -1.36631E-01 -1.36453E-01 -1.77816E-04  0.00000E+00  0.00000E+00  2.74873E-02
   532  1.98004E+00 -1.24578E-01 -1.24416E-01 -1.62059E-04  0.00000E+00  0.00000E+00  2.45223E-02
   533  2.02263E+00 -1.13398E-01 -1.13251E-01 -1.47423E-04  0.00000E+00  0.00000E+00  2.18378E-02
   534  2.06601E+00 -1.03047E-01 -1.02913E-01 -1.33859E-04  0.00000E+00  0.00000E+00  1.94121E-02
   535  2.11020E+00 -9.34807E-02 -9.33594E-02 -1.21317E-04  0.00000E+00  0.00000E+00  1.72248E-02
   536  2.15520E+00 -8.46567E-02 -8.45469E-02 -1.09745E-04  0.00000E+00  0.00000E+00  1.52563E-02
   537  2.20101E+00 -7.65324E-02 -7.64333E-02 -9.90906E-05  0.00000E+00  0.00000E+00  1.34884E-02
   538  2.24766E+00 -6.90666E-02 -6.89773E-02 -8.93032E-05  0.00000E+00  0.00000E+00  1.19038E-02
   539  2.29515E+00 -6.22188E-02 -6.21385E-02 -8.03314E-05  0.00000E+00  0.00000E+00  1.04863E-02
   540  2.34350E+00 -5.59501E-02 -5.58779E-02 -7.21250E-05  0.00000E+00  0.00000E+00  9.22078E-03
   541  2.39270E+00 -5.02224E-02 -5.01577E-02 -6.46348E-05  0.00000E+00  0.00000E+00  8.09325E-03
   542  2.44278E+00 -4.49992E-02 -4.49413E-02 -5.78129E-05  0.00000E+00  0.00000E+00  7.09063E-03
   543  2.49373E+00 -4.02453E-02 -4.01937E-02 -5.16130E-05  0.00000E+00  0.00000E+00  6.20085E-03
   544  2.54558E+00 -3.59272E-02 -3.58812E-02 -4.59902E-05  0.00000E+00  0.00000E+00  5.41277E-03
   545  2.59833E+00 -3.20126E-02 -3.19717E-02 -4.09017E-05  0.00000E+00  0.00000E+00  4.71616E-03
   546  2.65199E+00 -2.84709E-02 -2.84346E-02 -3.63066E-05  0.00000E+00  0.00000E+00  4.10161E-03
   547  2.70656E+00 -2.52730E-02 -2.52408E-02 -3.21656E-05  0.00000E+00  0.00000E+00  3.56052E-03
   548  2.76207E+00 -2.23913E-02 -2.23629E-02 -2.84420E-05  0.00000E+00  0.00000E+00  3.08507E-03
   549  2.81851E+00 -1.98000E-02 -1.97749E-02 -2.51006E-05  0.00000E+00  0.00000E+00  2.66811E-03
   550  2.87589E+00 -1.74744E-02 -1.74523E-02 -2.21086E-05  0.00000E+00  0.00000E+00  2.30317E-03
   551  2.93424E+00 -1.53917E-02 -1.53722E-02 -1.94351E-05  0.00000E+00  0.00000E+00  1.98440E-03
   552  2.99354E+00 -1.35303E-02 -1.35133E-02 -1.70512E-05  0.00000E+00  0.00000E+00  1.70651E-03
   553  3.05382E+00 -1.18703E-02 -1.18554E-02 -1.49302E-05  0.00000E+00  0.00000E+00  1.46474E-03
   554  3.11508E+00 -1.03929E-02 -1.03799E-02 -1.30470E-05  0.00000E+00  0.00000E+00  1.25481E-03
   555  3.17733E+00 -9.08095E-03 -9.06957E-03 -1.13785E-05  0.00000E+00  0.00000E+00  1.07290E-03
   556  3.24058E+00 -7.91832E-03 -7.90841E-03 -9.90346E-06  0.00000E+00  0.00000E+00  9.15588E-04
   557  3.30484E+00 -6.89025E-03 -6.88165E-03 -8.60216E-06  0.00000E+00  0.00000E+00  7.79818E-04
   558  3.37011E+00 -5.98316E-03 -5.97570E-03 -7.45662E-06  0.00000E+00  0.00000E+00  6.62879E-04
   559  3.43640E+00 -5.18456E-03 -5.17811E-03 -6.45038E-06  0.00000E+00  0.00000E+00  5.62364E-04
   560  3.50372E+00 -4.48302E-03 -4.47745E-03 -5.56841E-06  0.00000E+00  0.00000E+00  4.76144E-04
   561  3.57207E+00 -3.86813E-03 -3.86333E-03 -4.79704E-06  0.00000E+00  0.00000E+00  4.02336E-04
   562  3.64147E+00 -3.33038E-03 -3.32625E-03 -4.12388E-06  0.00000E+00  0.00000E+00  3.39285E-04
   563  3.71193E+00 -2.86116E-03 -2.85762E-03 -3.53771E-06  0.00000E+00  0.00000E+00  2.85535E-04
   564  3.78344E+00 -2.45266E-03 -2.44963E-03 -3.02842E-06  0.00000E+00  0.00000E+00  2.39809E-04
   565  3.85602E+00 -2.09785E-03 -2.09526E-03 -2.58691E-06  0.00000E+00  0.00000E+00  2.00992E-04
   566  3.92966E+00 -1.79038E-03 -1.78817E-03 -2.20501E-06  0.00000E+00  0.00000E+00  1.68109E-04
   567  4.00439E+00 -1.52455E-03 -1.52267E-03 -1.87541E-06  0.00000E+00  0.00000E+00  1.40312E-04
   568  4.08020E+00 -1.29526E-03 -1.29366E-03 -1.59160E-06  0.00000E+00  0.00000E+00  1.16866E-04
   569  4.15710E+00 -1.09795E-03 -1.09660E-03 -1.34776E-06  0.00000E+00  0.00000E+00  9.71310E-05
   570  4.23510E+00 -9.28568E-04 -9.27429E-04 -1.13875E-06  0.00000E+00  0.00000E+00  8.05566E-05
   571  4.31420E+00 -7.83507E-04 -7.82547E-04 -9.60009E-07  0.00000E+00  0.00000E+00  6.66669E-05
   572  4.39441E+00 -6.59574E-04 -6.58767E-04 -8.07503E-07  0.00000E+00  0.00000E+00  5.50527E-05
   573  4.47573E+00 -5.53948E-04 -5.53270E-04 -6.77685E-07  0.00000E+00  0.00000E+00  4.53628E-05
   574  4.55816E+00 -4.64144E-04 -4.63576E-04 -5.67441E-07  0.00000E+00  0.00000E+00  3.72963E-05
   575  4.64172E+00 -3.87979E-04 -3.87504E-04 -4.74040E-07  0.00000E+00  0.00000E+00  3.05965E-05
   576  4.72641E+00 -3.23541E-04 -3.23146E-04 -3.95098E-07  0.00000E+00  0.00000E+00  2.50443E-05
   577  4.81222E+00 -2.69160E-04 -2.68831E-04 -3.28536E-07  0.00000E+00  0.00000E+00  2.04537E-05
   578  4.89917E+00 -2.23381E-04 -2.23108E-04 -2.72548E-07  0.00000E+00  0.00000E+00  1.66669E-05
   579  4.98727E+00 -1.84939E-04 -1.84714E-04 -2.25568E-07  0.00000E+00  0.00000E+00  1.35504E-05
   580  5.07650E+00 -1.52741E-04 -1.52555E-04 -1.86244E-07  0.00000E+00  0.00000E+00  1.09914E-05
   581  5.16688E+00 -1.25841E-04 -1.25688E-04 -1.53409E-07  0.00000E+00  0.00000E+00  8.89525E-06
   582  5.25841E+00 -1.03424E-04 -1.03298E-04 -1.26060E-07  0.00000E+00  0.00000E+00  7.18220E-06
   583  5.35109E+00 -8.47907E-05 -8.46873E-05 -1.03336E-07  0.00000E+00  0.00000E+00  5.78558E-06
   584  5.44492E+00 -6.93425E-05 -6.92580E-05 -8.45038E-08  0.00000E+00  0.00000E+00  4.64965E-06
   585  5.53992E+00 -5.65680E-05 -5.64990E-05 -6.89351E-08  0.00000E+00  0.00000E+00  3.72797E-06
   586  5.63607E+00 -4.60318E-05 -4.59757E-05 -5.60970E-08  0.00000E+00  0.00000E+00  2.98194E-06
   587  5.73339E+00 -3.73643E-05 -3.73187E-05 -4.55376E-08  0.00000E+00  0.00000E+00  2.37955E-06
   588  5.83187E+00 -3.02527E-05 -3.02158E-05 -3.68746E-08  0.00000E+00  0.00000E+00  1.89433E-06
   589  5.93151E+00 -2.44330E-05 -2.44032E-05 -2.97856E-08  0.00000E+00  0.00000E+00  1.50445E-06
   590  6.03232E+00 -1.96831E-05 -1.96591E-05 -2.39996E-08  0.00000E+00  0.00000E+00  1.19194E-06
   591  6.13430E+00 -1.58164E-05 -1.57971E-05 -1.92893E-08  0.00000E+00  0.00000E+00  9.42075E-07
   592  6.23745E+00 -1.26771E-05 -1.26616E-05 -1.54646E-08  0.00000E+00  0.00000E+00  7.42790E-07
   593  6.34177E+00 -1.01350E-05 -1.01227E-05 -1.23671E-08  0.00000E+00  0.00000E+00  5.84241E-07
   594  6.44726E+00 -8.08210E-06 -8.07224E-06 -9.86512E-09  0.00000E+00  0.00000E+00  4.58419E-07
   595  6.55393E+00 -6.42857E-06 -6.42072E-06 -7.84944E-09  0.00000E+00  0.00000E+00  3.58817E-07
   596  6.66176E+00 -5.10027E-06 -5.09404E-06 -6.22981E-09  0.00000E+00  0.00000E+00  2.80170E-07
   597  6.77076E+00 -4.03609E-06 -4.03115E-06 -4.93183E-09  0.00000E+00  0.00000E+00  2.18226E-07
   598  6.88094E+00 -3.18577E-06 -3.18188E-06 -3.89437E-09  0.00000E+00  0.00000E+00  1.69561E-07
   599  6.99228E+00 -2.50816E-06 -2.50509E-06 -3.06733E-09  0.00000E+00  0.00000E+00  1.31425E-07
   600  7.10479E+00 -1.96961E-06 -1.96720E-06 -2.40977E-09  0.00000E+00  0.00000E+00  1.01615E-07
   601  7.21848E+00 -1.54273E-06 -1.54085E-06 -1.88835E-09  0.00000E+00  0.00000E+00  7.83741E-08
   602  7.33333E+00 -1.20528E-06 -1.20380E-06 -1.47598E-09  0.00000E+00  0.00000E+00  6.02997E-08
   603  7.44935E+00 -9.39222E-07 -9.38071E-07 -1.15072E-09  0.00000E+00  0.00000E+00  4.62793E-08
   604  7.56653E+00 -7.30021E-07 -7.29126E-07 -8.94846E-10  0.00000E+00  0.00000E+00  3.54313E-08
   605  7.68487E+00 -5.65963E-07 -5.65269E-07 -6.94092E-10  0.00000E+00  0.00000E+00  2.70593E-08
   606  7.80438E+00 -4.37651E-07 -4.37114E-07 -5.37003E-10  0.00000E+00  0.00000E+00  2.06145E-08
   607  7.92505E+00 -3.37564E-07 -3.37149E-07 -4.14407E-10  0.00000E+00  0.00000E+00  1.56661E-08
   608  8.04687E+00 -2.59700E-07 -2.59381E-07 -3.18984E-10  0.00000E+00  0.00000E+00  1.18762E-08
   609  8.16985E+00 -1.99288E-07 -1.99043E-07 -2.44908E-10  0.00000E+00  0.00000E+00  8.98101E-09
   610  8.29398E+00 -1.52539E-07 -1.52351E-07 -1.87557E-10  0.00000E+00  0.00000E+00  6.77493E-09
   611  8.41926E+00 -1.16459E-07 -1.16316E-07 -1.43270E-10  0.00000E+00  0.00000E+00  5.09821E-09
   612  8.54569E+00 -8.86876E-08 -8.85785E-08 -1.09164E-10  0.00000E+00  0.00000E+00  3.82707E-09
   613  8.67326E+00 -6.73676E-08 -6.72846E-08 -8.29655E-11  0.00000E+00  0.00000E+00  2.86583E-09
   614  8.80197E+00 -5.10434E-08 -5.09805E-08 -6.28953E-11  0.00000E+00  0.00000E+00  2.14079E-09
   615  8.93182E+00 -3.85772E-08 -3.85296E-08 -4.75601E-11  0.00000E+00  0.00000E+00  1.59528E-09
   616  9.06280E+00 -2.90822E-08 -2.90464E-08 -3.58734E-11  0.00000E+00  0.00000E+00  1.18589E-09
   617  9.19491E+00 -2.18692E-08 -2.18422E-08 -2.69905E-11  0.00000E+00  0.00000E+00  8.79424E-10
   618  9.32815E+00 -1.64041E-08 -1.63838E-08 -2.02563E-11  0.00000E+00  0.00000E+00  6.50578E-10
   619  9.46252E+00 -1.22739E-08 -1.22588E-08 -1.51643E-11  0.00000E+00  0.00000E+00  4.80123E-10
   620  9.59800E+00 -9.16082E-09 -9.14949E-09 -1.13241E-11  0.00000E+00  0.00000E+00  3.53475E-10
   621  9.73459E+00 -6.82035E-09 -6.81191E-09 -8.43541E-12  0.00000E+00  0.00000E+00  2.59611E-10
   622  9.87230E+00 -5.06529E-09 -5.05902E-09 -6.26804E-12  0.00000E+00  0.00000E+00  1.90217E-10
   623  1.00111E+01 -3.75259E-09 -3.74794E-09 -4.64607E-12  0.00000E+00  0.00000E+00  1.39040E-10
   624  1.01510E+01 -2.77326E-09 -2.76983E-09 -3.43535E-12  0.00000E+00  0.00000E+00  1.01390E-10
   625  1.02920E+01 -2.04450E-09 -2.04197E-09 -2.53391E-12  0.00000E+00  0.00000E+00  7.37608E-11
   626  1.04341E+01 -1.50358E-09 -1.50171E-09 -1.86445E-12  0.00000E+00  0.00000E+00  5.35341E-11
   627  1.05773E+01 -1.10309E-09 -1.10172E-09 -1.36853E-12  0.00000E+00  0.00000E+00  3.87628E-11
   628  1.07216E+01 -8.07314E-10 -8.06311E-10 -1.00209E-12  0.00000E+00  0.00000E+00  2.80017E-11
   629  1.08669E+01 -5.89427E-10 -5.88695E-10 -7.32003E-13  0.00000E+00  0.00000E+00  2.01809E-11
   630  1.10134E+01 -4.29314E-10 -4.28781E-10 -5.33426E-13  0.00000E+00  0.00000E+00  1.45107E-11
   631  1.11609E+01 -3.11950E-10 -3.11562E-10 -3.87791E-13  0.00000E+00  0.00000E+00  1.04096E-11
   632  1.13094E+01 -2.26133E-10 -2.25851E-10 -2.81247E-13  0.00000E+00  0.00000E+00  7.45046E-12
   633  1.14590E+01 -1.63534E-10 -1.63331E-10 -2.03493E-13  0.00000E+00  0.00000E+00  5.32031E-12
   634  1.16097E+01 -1.17987E-10 -1.17840E-10 -1.46888E-13  0.00000E+00  0.00000E+00  3.79055E-12
   635  1.17614E+01 -8.49268E-11 -8.48210E-11 -1.05780E-13  0.00000E+00  0.00000E+00  2.69453E-12
   636  1.19141E+01 -6.09873E-11 -6.09113E-11 -7.59994E-14  0.00000E+00  0.00000E+00  1.91110E-12
   637  1.20679E+01 -4.36942E-11 -4.36398E-11 -5.44761E-14  0.00000E+00  0.00000E+00  1.35241E-12
   638  1.22227E+01 -3.12318E-11 -3.11928E-11 -3.89583E-14  0.00000E+00  0.00000E+00  9.54922E-13
   639  1.23785E+01 -2.22731E-11 -2.22453E-11 -2.77968E-14  0.00000E+00  0.00000E+00  6.72762E-13
   640  1.25354E+01 -1.58471E-11 -1.58273E-11 -1.97878E-14  0.00000E+00  0.00000E+00  4.72930E-13
   641  1.26932E+01 -1.12513E-11 -1.12372E-11 -1.40544E-14  0.00000E+00  0.00000E+00  3.31724E-13
   642  1.28521E+01 -7.96804E-12 -7.95808E-12 -9.95974E-15  0.00000E+00  0.00000E+00  2.32172E-13
   643  1.30119E+01 -5.63099E-12 -5.62395E-12 -7.04218E-15  0.00000E+00  0.00000E+00  1.62144E-13
   644  1.31728E+01 -3.96980E-12 -3.96483E-12 -4.96815E-15  0.00000E+00  0.00000E+00  1.12993E-13
   645  1.33346E+01 -2.79415E-12 -2.79066E-12 -3.49718E-15  0.00000E+00  0.00000E+00  7.85729E-14
   646  1.34975E+01 -1.96178E-12 -1.95932E-12 -2.45631E-15  0.00000E+00  0.00000E+00  5.45213E-14
   647  1.36612E+01 -1.37307E-12 -1.37135E-12 -1.72145E-15  0.00000E+00  0.00000E+00  3.77520E-14
   648  1.38260E+01 -9.60437E-13 -9.59233E-13 -1.20381E-15  0.00000E+00  0.00000E+00  2.60854E-14
   649  1.39917E+01 -6.68750E-13 -6.67910E-13 -8.40006E-16  0.00000E+00  0.00000E+00  1.79865E-14
   650  1.41584E+01 -4.65990E-13 -4.65405E-13 -5.84885E-16  0.00000E+00  0.00000E+00  1.23763E-14
   651  1.43261E+01 -3.21927E-13 -3.21521E-13 -4.06376E-16  0.00000E+00  0.00000E+00  8.49839E-15
   652  1.44946E+01 -2.24103E-13 -2.23821E-13 -2.81749E-16  0.00000E+00  0.00000E+00  5.82359E-15
   653  1.46642E+01 -1.54738E-13 -1.54543E-13 -1.94930E-16  0.00000E+00  0.00000E+00  3.98251E-15
   654  1.48346E+01 -1.04940E-13 -1.04805E-13 -1.34581E-16  0.00000E+00  0.00000E+00  2.71796E-15
   655  1.50060E+01 -7.11470E-14 -7.10543E-14 -9.27219E-17  0.00000E+00  0.00000E+00  1.85120E-15
   656  1.51783E+01 -6.37502E-17 -0.00000E+00 -6.37502E-17  0.00000E+00  0.00000E+00  1.25833E-15
   657  1.51783E+01 -0.00000E+00 -0.00000E+00  0.00000E+00  0.00000E+00  0.00000E+00  0.00000E+00
   658  3.03565E+01 -0.00000E+00 -0.00000E+00  0.00000E+00  0.00000E+00  0.00000E+00  0.00000E+00
   659  6.07131E+01 -0.00000E+00 -0.00000E+00  0.00000E+00  0.00000E+00  0.00000E+00  0.00000E+00
   660  1.21426E+02 -0.00000E+00 -0.00000E+00  0.00000E+00  0.00000E+00  0.00000E+00  0.00000E+00
   661  2.42852E+02 -0.00000E+00 -0.00000E+00  0.00000E+00  0.00000E+00  0.00000E+00  0.00000E+00
   662  4.85704E+02 -0.00000E+00 -0.00000E+00  0.00000E+00  0.00000E+00  0.00000E+00  0.00000E+00
   663  9.71409E+02 -0.00000E+00 -0.00000E+00  0.00000E+00  0.00000E+00  0.00000E+00  0.00000E+00
   664  1.94282E+03 -0.00000E+00 -0.00000E+00  0.00000E+00  0.00000E+00  0.00000E+00  0.00000E+00
   665  3.88564E+03 -0.00000E+00 -0.00000E+00  0.00000E+00  0.00000E+00  0.00000E+00  0.00000E+00
   666  7.77127E+03 -0.00000E+00 -0.00000E+00  0.00000E+00  0.00000E+00  0.00000E+00  0.00000E+00
   667  1.55425E+04 -0.00000E+00 -0.00000E+00  0.00000E+00  0.00000E+00  0.00000E+00  0.00000E+00
