

  **** PARTIAL WAVE ANALYSIS (DPWA0) ******************************************


  KINETIC ENERGY = 2.50000E+04 eV

      L       PHASE(SPIN UP)     PHASE(SPIN DOWN)
  -----------------------------------------------
       0      1.19961025E+00      0.00000000E+00
       1      8.67403506E-01      8.83386346E-01
       2      7.02444962E-01      7.09970564E-01
       3      5.96191383E-01      6.00979344E-01
       4      5.19476344E-01      5.22922629E-01
       5      4.60310502E-01      4.62967681E-01
       6      4.12674636E-01      4.14814845E-01
       7      3.73170620E-01      3.74946094E-01
       8      3.39717543E-01      3.41221240E-01
       9      3.10957178E-01      3.12249823E-01
      10      2.85953944E-01      2.87077485E-01
      11      2.64032596E-01      2.65017406E-01
      12      2.44685790E-01      2.45554754E-01
      13      2.27519203E-01      2.28290143E-01
      14      2.12217756E-01      2.12904924E-01
      15      1.98524081E-01      1.99139119E-01
      16      1.86224331E-01      1.86776902E-01
      17      1.75138485E-01      1.75636714E-01
      18      1.65113511E-01      1.65564294E-01
      19      1.56018361E-01      1.56427592E-01
      20      1.47740206E-01      1.48112950E-01
      21      1.40181504E-01      1.40522134E-01
      22      1.33257681E-01      1.33569981E-01
      23      1.26895234E-01      1.27182488E-01
      24      1.21030172E-01      1.21295235E-01
      25      1.15606710E-01      1.15852067E-01
      26      1.10576157E-01      1.10803977E-01
      27      1.05895979E-01      1.06108153E-01
      28      1.01528983E-01      1.01727165E-01
      29      9.74426241E-02      9.76282590E-02
      30      9.36083985E-02      9.37827516E-02
      31      9.00013220E-02      9.01655022E-02
      32      8.65994760E-02      8.67544558E-02
      33      8.33836123E-02      8.35302456E-02
      34      8.03368100E-02      8.04758476E-02
      35      7.74441767E-02      7.75762793E-02
      36      7.46925877E-02      7.48183378E-02
      37      7.20704601E-02      7.21903720E-02
      38      6.95675548E-02      6.96820832E-02
      39      6.71748048E-02      6.72843528E-02
      40      6.48841656E-02      6.49890910E-02
      41      6.26884845E-02      6.27891055E-02
      42      6.05813873E-02      6.06779880E-02
      43      5.85571793E-02      5.86500137E-02
      44      5.66107596E-02      5.67000554E-02
      45      5.47375459E-02      5.48235079E-02
      46      5.29334097E-02      5.30162227E-02
      47      5.11946193E-02      5.12744505E-02
      48      4.95177907E-02      4.95947920E-02
      49      4.78998449E-02      4.79741547E-02
      50      4.63379703E-02      4.64097152E-02
      51      4.48295907E-02      4.48988868E-02
      52      4.33723369E-02      4.34392911E-02
      53      4.19640220E-02      4.20287332E-02
      54      4.06026206E-02      4.06651807E-02
      55      3.92862501E-02      3.93467443E-02
      56      3.80131543E-02      3.80716624E-02
      57      3.67816899E-02      3.68382867E-02
      58      3.55903140E-02      3.56450696E-02
      59      3.44375736E-02      3.44905544E-02
      60      3.33220963E-02      3.33733648E-02
      61      3.22425825E-02      3.22921982E-02
      62      3.11977981E-02      3.12458174E-02
      63      3.01865687E-02      3.02330455E-02
      64      2.92077741E-02      2.92527596E-02
      65      2.82603435E-02      2.83038868E-02
      66      2.73432518E-02      2.73853999E-02
      67      2.64555156E-02      2.64963137E-02
      68      2.55961905E-02      2.56356820E-02
      69      2.47643681E-02      2.48025946E-02
      70      2.39591734E-02      2.39961753E-02
      71      2.31797631E-02      2.32155790E-02
      72      2.24253232E-02      2.24599907E-02
      73      2.16950678E-02      2.17286230E-02
      74      2.09882373E-02      2.10207152E-02
      75      2.03040970E-02      2.03355313E-02
      76      1.96419360E-02      1.96723595E-02
      77      1.90010662E-02      1.90305106E-02
      78      1.83808211E-02      1.84093170E-02
      79      1.77805551E-02      1.78081323E-02
      80      1.71996424E-02      1.72263298E-02
      81      1.66374767E-02      1.66633021E-02
      82      1.60934701E-02      1.61184605E-02
      83      1.55670523E-02      1.55912341E-02
      84      1.50576706E-02      1.50810692E-02
      85      1.45647890E-02      1.45874291E-02
      86      1.40878873E-02      1.41097929E-02
      87      1.36264614E-02      1.36476556E-02
      88      1.31800222E-02      1.32005275E-02
      89      1.27480951E-02      1.27679334E-02
      90      1.23302201E-02      1.23494126E-02
      91      1.19259511E-02      1.19445182E-02
      92      1.15348551E-02      1.15528168E-02
      93      1.11565125E-02      1.11738882E-02
      94      1.07905165E-02      1.08073248E-02
      95      1.04364723E-02      1.04527315E-02  i
      96      1.00939974E-02      1.01097250E-02  i
      97      9.76272096E-03      9.77793399E-03  i
      98      9.44228329E-03      9.45699834E-03  i
      99      9.13233590E-03      9.14656900E-03  i
     100      8.83254100E-03      8.84630768E-03  i
     105      7.47474249E-03      7.48639382E-03  i
     110      6.32573845E-03      6.33559637E-03  i
     115      5.35368126E-03      5.36202006E-03  i
     120      4.53146042E-03      4.53851334E-03  i
     125      3.83603841E-03      3.84200349E-03  i
     130      3.24786799E-03      3.25291313E-03  i
     135      2.75038410E-03      2.75465150E-03  i
     140      2.32956275E-03      2.33317275E-03  i
     145      1.97354070E-03      1.97659506E-03  i
     150      1.67228835E-03      1.67487307E-03  i
     155      1.41733005E-03      1.41951779E-03  i
     160      1.20150536E-03      1.20335751E-03  i
     165      1.01876598E-03      1.02033438E-03  i
     170      8.64003418E-04      8.65331859E-04  i
     175      7.32902853E-04      7.34028322E-04  i
     180      6.21819536E-04      6.22773277E-04  i
     185      5.27674336E-04      5.28482747E-04  i
     190      4.47865468E-04      4.48550856E-04  i
     195      3.80194005E-04      3.80775226E-04  i
     200      3.22801060E-04      3.23294055E-04  i
     205      2.74114784E-04      2.74533035E-04  i
     210      2.32805669E-04      2.33160581E-04  i
     215      1.97748852E-04      1.98050076E-04  i
     220      1.67992342E-04      1.68248048E-04  i
     225      1.42730214E-04      1.42947317E-04  i
     230      1.21279995E-04      1.21464354E-04  i
     235      1.03063586E-04      1.03220162E-04  i
     240      8.75911561E-05      8.77241570E-05  i
     245      7.44475558E-05      7.45605456E-05  i
     250      6.32808313E-05      6.33768326E-05  i
     255      5.37925294E-05      5.38741057E-05  i
     260      4.57295022E-05      4.57988282E-05  i
     265      3.88769789E-05      3.89358998E-05  i
     270      3.30527067E-05      3.31027883E-05  i
     275      2.81019944E-05      2.81445661E-05  i
     280      2.38935185E-05      2.39297088E-05  i
     285      2.03157717E-05      2.03465391E-05  i
     290      1.72740567E-05      1.73002150E-05  i
     295      1.46879383E-05      1.47101791E-05  i
     300      1.24890856E-05      1.25079962E-05  i
     310      9.02967465E-06      9.04334736E-06  i
     320      6.52835611E-06      6.53824247E-06  i
     330      4.71968286E-06      4.72683167E-06  i
     340      3.41183306E-06      3.41700234E-06  i
     350      2.46614688E-06      2.46988464E-06  i
     360      1.78237060E-06      1.78507307E-06  i
     370      1.28800588E-06      1.28995966E-06  i
     380      9.30620108E-07      9.32032443E-07  i
     390      6.72290785E-07      6.73311595E-07  i
     400      4.85587459E-07      4.86325182E-07  i
     410      3.50671233E-07      3.51204284E-07  i
     420      2.53193516E-07      2.53578602E-07  i
     430      1.82777447E-07      1.83055605E-07  i
     440      1.31919350E-07      1.32120226E-07  i
     450      9.51938933E-08      9.53389478E-08  i
     460      6.86788961E-08      6.87836005E-08  i
     470      4.95393842E-08      4.96149649E-08  i
     480      3.57265309E-08      3.57810687E-08  i
     490      2.57598402E-08      2.57991764E-08  i
     500      1.85701847E-08      1.85985885E-08  i
     510      1.33842444E-08      1.34047044E-08  i
     520      9.64457860E-09      9.65934345E-09  i
     530      6.94831815E-09      6.95894987E-09  i
     540      5.00478744E-09      5.01245233E-09  i
     550      3.60407712E-09      3.60960349E-09  i
     560      2.59470417E-09      2.59869064E-09  i
     570      1.86808632E-09      1.87097218E-09  i
     580      1.34431520E-09      1.34637863E-09  i


  *** SCATTERING AMPLITUDES AND DIFFERENTIAL CROSS SECTION ***

    ANGLE      DCS       ASYMMETRY    DIRECT AMPLITUDE       SPIN-FLIP AMPLITUDE     ERROR
    (deg)   (cm**2/sr)                      (cm)                    (cm)
  -------------------------------------------------------------------------------------------
  0.000E+00 3.57497E-15  0.000E+00 ( 5.947E-08, 6.166E-09) ( 0.000E+00, 0.000E+00)  1.00E-07
  1.000E-04 3.57497E-15  1.401E-10 ( 5.947E-08, 6.166E-09) ( 2.428E-15, 2.559E-16)  1.00E-07
  1.250E-04 3.57497E-15  1.751E-10 ( 5.947E-08, 6.166E-09) ( 3.035E-15, 3.199E-16)  1.00E-07
  1.500E-04 3.57497E-15  2.101E-10 ( 5.947E-08, 6.166E-09) ( 3.642E-15, 3.839E-16)  1.00E-07
  1.750E-04 3.57497E-15  2.451E-10 ( 5.947E-08, 6.166E-09) ( 4.249E-15, 4.479E-16)  1.00E-07
  2.000E-04 3.57497E-15  2.802E-10 ( 5.947E-08, 6.166E-09) ( 4.856E-15, 5.119E-16)  1.00E-07
  2.250E-04 3.57497E-15  3.152E-10 ( 5.947E-08, 6.166E-09) ( 5.462E-15, 5.759E-16)  1.00E-07
  2.500E-04 3.57497E-15  3.502E-10 ( 5.947E-08, 6.166E-09) ( 6.069E-15, 6.398E-16)  1.00E-07
  2.750E-04 3.57497E-15  3.852E-10 ( 5.947E-08, 6.166E-09) ( 6.676E-15, 7.038E-16)  1.00E-07
  3.000E-04 3.57497E-15  4.202E-10 ( 5.947E-08, 6.166E-09) ( 7.283E-15, 7.678E-16)  1.00E-07
  3.250E-04 3.57497E-15  4.553E-10 ( 5.947E-08, 6.166E-09) ( 7.890E-15, 8.318E-16)  1.00E-07
  3.500E-04 3.57497E-15  4.903E-10 ( 5.947E-08, 6.166E-09) ( 8.497E-15, 8.958E-16)  1.00E-07
  3.750E-04 3.57497E-15  5.253E-10 ( 5.947E-08, 6.166E-09) ( 9.104E-15, 9.598E-16)  1.00E-07
  4.000E-04 3.57497E-15  5.603E-10 ( 5.947E-08, 6.166E-09) ( 9.711E-15, 1.024E-15)  1.00E-07
  4.250E-04 3.57497E-15  5.953E-10 ( 5.947E-08, 6.166E-09) ( 1.032E-14, 1.088E-15)  1.00E-07
  4.500E-04 3.57497E-15  6.304E-10 ( 5.947E-08, 6.166E-09) ( 1.092E-14, 1.152E-15)  1.00E-07
  4.750E-04 3.57497E-15  6.654E-10 ( 5.947E-08, 6.166E-09) ( 1.153E-14, 1.216E-15)  1.00E-07
  5.000E-04 3.57497E-15  7.004E-10 ( 5.947E-08, 6.166E-09) ( 1.214E-14, 1.280E-15)  1.00E-07
  5.250E-04 3.57497E-15  7.354E-10 ( 5.947E-08, 6.166E-09) ( 1.275E-14, 1.344E-15)  1.00E-07
  5.500E-04 3.57497E-15  7.704E-10 ( 5.947E-08, 6.166E-09) ( 1.335E-14, 1.408E-15)  1.00E-07
  5.750E-04 3.57497E-15  8.055E-10 ( 5.947E-08, 6.166E-09) ( 1.396E-14, 1.472E-15)  1.00E-07
  6.000E-04 3.57497E-15  8.405E-10 ( 5.947E-08, 6.166E-09) ( 1.457E-14, 1.536E-15)  1.00E-07
  6.250E-04 3.57497E-15  8.755E-10 ( 5.947E-08, 6.166E-09) ( 1.517E-14, 1.600E-15)  1.00E-07
  6.500E-04 3.57497E-15  9.105E-10 ( 5.947E-08, 6.166E-09) ( 1.578E-14, 1.664E-15)  1.00E-07
  6.750E-04 3.57497E-15  9.455E-10 ( 5.947E-08, 6.166E-09) ( 1.639E-14, 1.728E-15)  1.00E-07
  7.000E-04 3.57497E-15  9.806E-10 ( 5.947E-08, 6.166E-09) ( 1.699E-14, 1.792E-15)  1.00E-07
  7.250E-04 3.57497E-15  1.016E-09 ( 5.947E-08, 6.166E-09) ( 1.760E-14, 1.856E-15)  1.00E-07
  7.500E-04 3.57497E-15  1.051E-09 ( 5.947E-08, 6.166E-09) ( 1.821E-14, 1.920E-15)  1.00E-07
  7.750E-04 3.57497E-15  1.086E-09 ( 5.947E-08, 6.166E-09) ( 1.882E-14, 1.984E-15)  1.00E-07
  8.000E-04 3.57497E-15  1.121E-09 ( 5.947E-08, 6.166E-09) ( 1.942E-14, 2.047E-15)  1.00E-07
  8.250E-04 3.57497E-15  1.156E-09 ( 5.947E-08, 6.166E-09) ( 2.003E-14, 2.111E-15)  1.00E-07
  8.500E-04 3.57497E-15  1.191E-09 ( 5.947E-08, 6.166E-09) ( 2.064E-14, 2.175E-15)  1.00E-07
  8.750E-04 3.57497E-15  1.226E-09 ( 5.947E-08, 6.166E-09) ( 2.124E-14, 2.239E-15)  1.00E-07
  9.000E-04 3.57497E-15  1.261E-09 ( 5.947E-08, 6.166E-09) ( 2.185E-14, 2.303E-15)  1.00E-07
  9.250E-04 3.57497E-15  1.296E-09 ( 5.947E-08, 6.166E-09) ( 2.246E-14, 2.367E-15)  1.00E-07
  9.500E-04 3.57497E-15  1.331E-09 ( 5.947E-08, 6.166E-09) ( 2.306E-14, 2.431E-15)  1.00E-07
  9.750E-04 3.57497E-15  1.366E-09 ( 5.947E-08, 6.166E-09) ( 2.367E-14, 2.495E-15)  1.00E-07
  1.000E-03 3.57497E-15  1.401E-09 ( 5.947E-08, 6.166E-09) ( 2.428E-14, 2.559E-15)  1.00E-07
  1.250E-03 3.57497E-15  1.751E-09 ( 5.947E-08, 6.166E-09) ( 3.035E-14, 3.199E-15)  1.00E-07
  1.500E-03 3.57496E-15  2.101E-09 ( 5.947E-08, 6.166E-09) ( 3.642E-14, 3.839E-15)  1.00E-07
  1.750E-03 3.57496E-15  2.451E-09 ( 5.947E-08, 6.166E-09) ( 4.249E-14, 4.479E-15)  1.00E-07
  2.000E-03 3.57496E-15  2.802E-09 ( 5.947E-08, 6.166E-09) ( 4.856E-14, 5.119E-15)  1.00E-07
  2.250E-03 3.57496E-15  3.152E-09 ( 5.947E-08, 6.166E-09) ( 5.462E-14, 5.759E-15)  1.00E-07
  2.500E-03 3.57495E-15  3.502E-09 ( 5.947E-08, 6.166E-09) ( 6.069E-14, 6.398E-15)  1.00E-07
  2.750E-03 3.57495E-15  3.852E-09 ( 5.947E-08, 6.166E-09) ( 6.676E-14, 7.038E-15)  1.00E-07
  3.000E-03 3.57495E-15  4.202E-09 ( 5.947E-08, 6.166E-09) ( 7.283E-14, 7.678E-15)  1.00E-07
  3.250E-03 3.57494E-15  4.553E-09 ( 5.947E-08, 6.166E-09) ( 7.890E-14, 8.318E-15)  1.00E-07
  3.500E-03 3.57494E-15  4.903E-09 ( 5.947E-08, 6.166E-09) ( 8.497E-14, 8.958E-15)  1.00E-07
  3.750E-03 3.57493E-15  5.253E-09 ( 5.947E-08, 6.166E-09) ( 9.104E-14, 9.598E-15)  1.00E-07
  4.000E-03 3.57493E-15  5.603E-09 ( 5.947E-08, 6.166E-09) ( 9.711E-14, 1.024E-14)  1.00E-07
  4.250E-03 3.57492E-15  5.953E-09 ( 5.947E-08, 6.166E-09) ( 1.032E-13, 1.088E-14)  1.00E-07
  4.500E-03 3.57492E-15  6.304E-09 ( 5.947E-08, 6.166E-09) ( 1.092E-13, 1.152E-14)  1.00E-07
  4.750E-03 3.57491E-15  6.654E-09 ( 5.947E-08, 6.166E-09) ( 1.153E-13, 1.216E-14)  1.00E-07
  5.000E-03 3.57490E-15  7.004E-09 ( 5.947E-08, 6.166E-09) ( 1.214E-13, 1.280E-14)  1.00E-07
  5.250E-03 3.57490E-15  7.354E-09 ( 5.947E-08, 6.166E-09) ( 1.275E-13, 1.344E-14)  1.00E-07
  5.500E-03 3.57489E-15  7.704E-09 ( 5.947E-08, 6.166E-09) ( 1.335E-13, 1.408E-14)  1.00E-07
  5.750E-03 3.57488E-15  8.055E-09 ( 5.947E-08, 6.166E-09) ( 1.396E-13, 1.472E-14)  1.00E-07
  6.000E-03 3.57487E-15  8.405E-09 ( 5.947E-08, 6.166E-09) ( 1.457E-13, 1.536E-14)  1.00E-07
  6.250E-03 3.57486E-15  8.755E-09 ( 5.947E-08, 6.166E-09) ( 1.517E-13, 1.600E-14)  1.00E-07
  6.500E-03 3.57486E-15  9.105E-09 ( 5.947E-08, 6.166E-09) ( 1.578E-13, 1.664E-14)  1.00E-07
  6.750E-03 3.57485E-15  9.455E-09 ( 5.947E-08, 6.166E-09) ( 1.639E-13, 1.728E-14)  1.00E-07
  7.000E-03 3.57484E-15  9.806E-09 ( 5.947E-08, 6.166E-09) ( 1.699E-13, 1.792E-14)  1.00E-07
  7.250E-03 3.57483E-15  1.016E-08 ( 5.947E-08, 6.166E-09) ( 1.760E-13, 1.856E-14)  1.00E-07
  7.500E-03 3.57482E-15  1.051E-08 ( 5.947E-08, 6.166E-09) ( 1.821E-13, 1.920E-14)  1.00E-07
  7.750E-03 3.57481E-15  1.086E-08 ( 5.947E-08, 6.166E-09) ( 1.881E-13, 1.984E-14)  1.00E-07
  8.000E-03 3.57480E-15  1.121E-08 ( 5.947E-08, 6.166E-09) ( 1.942E-13, 2.047E-14)  1.00E-07
  8.250E-03 3.57478E-15  1.156E-08 ( 5.947E-08, 6.166E-09) ( 2.003E-13, 2.111E-14)  1.00E-07
  8.500E-03 3.57477E-15  1.191E-08 ( 5.947E-08, 6.166E-09) ( 2.064E-13, 2.175E-14)  1.00E-07
  8.750E-03 3.57476E-15  1.226E-08 ( 5.947E-08, 6.166E-09) ( 2.124E-13, 2.239E-14)  1.00E-07
  9.000E-03 3.57475E-15  1.261E-08 ( 5.947E-08, 6.166E-09) ( 2.185E-13, 2.303E-14)  1.00E-07
  9.250E-03 3.57474E-15  1.296E-08 ( 5.947E-08, 6.166E-09) ( 2.246E-13, 2.367E-14)  1.00E-07
  9.500E-03 3.57472E-15  1.331E-08 ( 5.947E-08, 6.166E-09) ( 2.306E-13, 2.431E-14)  1.00E-07
  9.750E-03 3.57471E-15  1.366E-08 ( 5.947E-08, 6.166E-09) ( 2.367E-13, 2.495E-14)  1.00E-07
  1.000E-02 3.57470E-15  1.401E-08 ( 5.947E-08, 6.166E-09) ( 2.428E-13, 2.559E-14)  1.00E-07
  1.250E-02 3.57454E-15  1.751E-08 ( 5.947E-08, 6.166E-09) ( 3.035E-13, 3.199E-14)  1.00E-07
  1.500E-02 3.57436E-15  2.101E-08 ( 5.947E-08, 6.166E-09) ( 3.641E-13, 3.839E-14)  1.00E-07
  1.750E-02 3.57413E-15  2.452E-08 ( 5.947E-08, 6.166E-09) ( 4.248E-13, 4.479E-14)  1.00E-07
  2.000E-02 3.57388E-15  2.802E-08 ( 5.946E-08, 6.166E-09) ( 4.855E-13, 5.119E-14)  1.00E-07
  2.250E-02 3.57359E-15  3.152E-08 ( 5.946E-08, 6.166E-09) ( 5.461E-13, 5.758E-14)  1.00E-07
  2.500E-02 3.57326E-15  3.503E-08 ( 5.946E-08, 6.166E-09) ( 6.068E-13, 6.398E-14)  1.00E-07
  2.750E-02 3.57290E-15  3.853E-08 ( 5.945E-08, 6.166E-09) ( 6.674E-13, 7.038E-14)  1.00E-07
  3.000E-02 3.57251E-15  4.204E-08 ( 5.945E-08, 6.166E-09) ( 7.281E-13, 7.678E-14)  1.00E-07
  3.250E-02 3.57208E-15  4.554E-08 ( 5.945E-08, 6.166E-09) ( 7.887E-13, 8.317E-14)  1.00E-07
  3.500E-02 3.57162E-15  4.905E-08 ( 5.944E-08, 6.166E-09) ( 8.493E-13, 8.957E-14)  1.00E-07
  3.750E-02 3.57113E-15  5.255E-08 ( 5.944E-08, 6.166E-09) ( 9.099E-13, 9.597E-14)  1.00E-07
  4.000E-02 3.57060E-15  5.606E-08 ( 5.944E-08, 6.166E-09) ( 9.705E-13, 1.024E-13)  1.00E-07
  4.250E-02 3.57004E-15  5.957E-08 ( 5.943E-08, 6.166E-09) ( 1.031E-12, 1.088E-13)  1.00E-07
  4.500E-02 3.56944E-15  6.308E-08 ( 5.943E-08, 6.166E-09) ( 1.092E-12, 1.152E-13)  1.00E-07
  4.750E-02 3.56881E-15  6.659E-08 ( 5.942E-08, 6.166E-09) ( 1.152E-12, 1.216E-13)  1.00E-07
  5.000E-02 3.56814E-15  7.010E-08 ( 5.941E-08, 6.166E-09) ( 1.213E-12, 1.279E-13)  1.00E-07
  5.250E-02 3.56745E-15  7.361E-08 ( 5.941E-08, 6.165E-09) ( 1.273E-12, 1.343E-13)  1.00E-07
  5.500E-02 3.56671E-15  7.712E-08 ( 5.940E-08, 6.165E-09) ( 1.334E-12, 1.407E-13)  1.00E-07
  5.750E-02 3.56595E-15  8.063E-08 ( 5.940E-08, 6.165E-09) ( 1.394E-12, 1.471E-13)  1.00E-07
  6.000E-02 3.56515E-15  8.415E-08 ( 5.939E-08, 6.165E-09) ( 1.455E-12, 1.535E-13)  1.00E-07
  6.250E-02 3.56431E-15  8.766E-08 ( 5.938E-08, 6.165E-09) ( 1.515E-12, 1.599E-13)  1.00E-07
  6.500E-02 3.56344E-15  9.118E-08 ( 5.938E-08, 6.165E-09) ( 1.575E-12, 1.663E-13)  1.00E-07
  6.750E-02 3.56254E-15  9.469E-08 ( 5.937E-08, 6.165E-09) ( 1.636E-12, 1.727E-13)  1.00E-07
  7.000E-02 3.56161E-15  9.821E-08 ( 5.936E-08, 6.165E-09) ( 1.696E-12, 1.791E-13)  1.00E-07
  7.250E-02 3.56064E-15  1.017E-07 ( 5.935E-08, 6.164E-09) ( 1.757E-12, 1.855E-13)  1.00E-07
  7.500E-02 3.55964E-15  1.053E-07 ( 5.934E-08, 6.164E-09) ( 1.817E-12, 1.919E-13)  1.00E-07
  7.750E-02 3.55860E-15  1.088E-07 ( 5.933E-08, 6.164E-09) ( 1.877E-12, 1.983E-13)  1.00E-07
  8.000E-02 3.55753E-15  1.123E-07 ( 5.933E-08, 6.164E-09) ( 1.937E-12, 2.047E-13)  1.00E-07
  8.250E-02 3.55643E-15  1.158E-07 ( 5.932E-08, 6.164E-09) ( 1.998E-12, 2.111E-13)  1.00E-07
  8.500E-02 3.55529E-15  1.193E-07 ( 5.931E-08, 6.164E-09) ( 2.058E-12, 2.175E-13)  1.00E-07
  8.750E-02 3.55412E-15  1.229E-07 ( 5.930E-08, 6.164E-09) ( 2.118E-12, 2.238E-13)  1.00E-07
  9.000E-02 3.55292E-15  1.264E-07 ( 5.929E-08, 6.163E-09) ( 2.178E-12, 2.302E-13)  1.00E-07
  9.250E-02 3.55168E-15  1.299E-07 ( 5.928E-08, 6.163E-09) ( 2.238E-12, 2.366E-13)  1.00E-07
  9.500E-02 3.55041E-15  1.335E-07 ( 5.927E-08, 6.163E-09) ( 2.298E-12, 2.430E-13)  1.00E-07
  9.750E-02 3.54911E-15  1.370E-07 ( 5.925E-08, 6.163E-09) ( 2.358E-12, 2.494E-13)  1.00E-07
  1.000E-01 3.54777E-15  1.405E-07 ( 5.924E-08, 6.163E-09) ( 2.418E-12, 2.558E-13)  1.00E-07
  1.250E-01 3.53261E-15  1.760E-07 ( 5.912E-08, 6.161E-09) ( 3.017E-12, 3.196E-13)  1.00E-07
  1.500E-01 3.51419E-15  2.116E-07 ( 5.896E-08, 6.158E-09) ( 3.610E-12, 3.834E-13)  1.00E-07
  1.750E-01 3.49260E-15  2.476E-07 ( 5.878E-08, 6.155E-09) ( 4.199E-12, 4.471E-13)  1.00E-07
  2.000E-01 3.46792E-15  2.838E-07 ( 5.857E-08, 6.151E-09) ( 4.782E-12, 5.106E-13)  1.00E-07
  2.250E-01 3.44025E-15  3.203E-07 ( 5.833E-08, 6.147E-09) ( 5.358E-12, 5.741E-13)  1.00E-07
  2.500E-01 3.40970E-15  3.573E-07 ( 5.807E-08, 6.143E-09) ( 5.927E-12, 6.375E-13)  1.00E-07
  2.750E-01 3.37637E-15  3.946E-07 ( 5.778E-08, 6.138E-09) ( 6.487E-12, 7.006E-13)  1.00E-07
  3.000E-01 3.34040E-15  4.324E-07 ( 5.747E-08, 6.133E-09) ( 7.039E-12, 7.637E-13)  1.00E-07
  3.250E-01 3.30191E-15  4.708E-07 ( 5.713E-08, 6.127E-09) ( 7.581E-12, 8.266E-13)  1.00E-07
  3.500E-01 3.26104E-15  5.096E-07 ( 5.678E-08, 6.121E-09) ( 8.113E-12, 8.892E-13)  1.00E-07
  3.750E-01 3.21795E-15  5.491E-07 ( 5.640E-08, 6.114E-09) ( 8.635E-12, 9.517E-13)  1.00E-07
  4.000E-01 3.17277E-15  5.892E-07 ( 5.600E-08, 6.107E-09) ( 9.145E-12, 1.014E-12)  1.00E-07
  4.250E-01 3.12566E-15  6.299E-07 ( 5.557E-08, 6.099E-09) ( 9.643E-12, 1.076E-12)  1.00E-07
  4.500E-01 3.07677E-15  6.714E-07 ( 5.513E-08, 6.091E-09) ( 1.013E-11, 1.138E-12)  1.00E-07
  4.750E-01 3.02626E-15  7.136E-07 ( 5.467E-08, 6.083E-09) ( 1.060E-11, 1.200E-12)  1.00E-07
  5.000E-01 2.97429E-15  7.566E-07 ( 5.420E-08, 6.074E-09) ( 1.107E-11, 1.261E-12)  1.00E-07
  5.250E-01 2.92101E-15  8.005E-07 ( 5.370E-08, 6.065E-09) ( 1.151E-11, 1.322E-12)  1.00E-07
  5.500E-01 2.86657E-15  8.452E-07 ( 5.320E-08, 6.055E-09) ( 1.195E-11, 1.383E-12)  1.00E-07
  5.750E-01 2.81114E-15  8.908E-07 ( 5.267E-08, 6.045E-09) ( 1.237E-11, 1.443E-12)  1.00E-07
  6.000E-01 2.75486E-15  9.374E-07 ( 5.214E-08, 6.034E-09) ( 1.278E-11, 1.503E-12)  1.00E-07
  6.250E-01 2.69788E-15  9.849E-07 ( 5.159E-08, 6.024E-09) ( 1.317E-11, 1.563E-12)  1.00E-07
  6.500E-01 2.64034E-15  1.033E-06 ( 5.103E-08, 6.012E-09) ( 1.355E-11, 1.623E-12)  1.00E-07
  6.750E-01 2.58239E-15  1.083E-06 ( 5.046E-08, 6.001E-09) ( 1.391E-11, 1.682E-12)  1.00E-07
  7.000E-01 2.52414E-15  1.134E-06 ( 4.988E-08, 5.989E-09) ( 1.426E-11, 1.741E-12)  1.00E-07
  7.250E-01 2.46574E-15  1.186E-06 ( 4.930E-08, 5.976E-09) ( 1.460E-11, 1.799E-12)  1.00E-07
  7.500E-01 2.40729E-15  1.239E-06 ( 4.870E-08, 5.963E-09) ( 1.492E-11, 1.857E-12)  1.00E-07
  7.750E-01 2.34893E-15  1.293E-06 ( 4.810E-08, 5.950E-09) ( 1.523E-11, 1.915E-12)  1.00E-07
  8.000E-01 2.29076E-15  1.348E-06 ( 4.749E-08, 5.937E-09) ( 1.552E-11, 1.973E-12)  1.00E-07
  8.250E-01 2.23287E-15  1.405E-06 ( 4.688E-08, 5.923E-09) ( 1.580E-11, 2.030E-12)  1.00E-07
  8.500E-01 2.17537E-15  1.463E-06 ( 4.627E-08, 5.909E-09) ( 1.607E-11, 2.086E-12)  1.00E-07
  8.750E-01 2.11835E-15  1.522E-06 ( 4.565E-08, 5.894E-09) ( 1.632E-11, 2.142E-12)  1.00E-07
  9.000E-01 2.06189E-15  1.583E-06 ( 4.503E-08, 5.880E-09) ( 1.656E-11, 2.198E-12)  1.00E-07
  9.250E-01 2.00606E-15  1.645E-06 ( 4.440E-08, 5.864E-09) ( 1.678E-11, 2.254E-12)  1.00E-07
  9.500E-01 1.95094E-15  1.709E-06 ( 4.378E-08, 5.849E-09) ( 1.699E-11, 2.308E-12)  1.00E-07
  9.750E-01 1.89658E-15  1.773E-06 ( 4.316E-08, 5.833E-09) ( 1.719E-11, 2.363E-12)  1.00E-07
  1.000E+00 1.84305E-15  1.840E-06 ( 4.253E-08, 5.817E-09) ( 1.738E-11, 2.417E-12)  1.00E-07
  1.100E+00 1.63810E-15  2.121E-06 ( 4.006E-08, 5.751E-09) ( 1.801E-11, 2.629E-12)  1.00E-07
  1.200E+00 1.44942E-15  2.427E-06 ( 3.765E-08, 5.680E-09) ( 1.847E-11, 2.833E-12)  1.00E-07
  1.300E+00 1.27814E-15  2.760E-06 ( 3.531E-08, 5.606E-09) ( 1.877E-11, 3.030E-12)  1.00E-07
  1.400E+00 1.12443E-15  3.120E-06 ( 3.307E-08, 5.528E-09) ( 1.894E-11, 3.219E-12)  1.00E-07
  1.500E+00 9.87783E-16  3.509E-06 ( 3.095E-08, 5.449E-09) ( 1.900E-11, 3.400E-12)  1.00E-07
  1.600E+00 8.67194E-16  3.925E-06 ( 2.895E-08, 5.367E-09) ( 1.896E-11, 3.573E-12)  1.00E-07
  1.700E+00 7.61399E-16  4.370E-06 ( 2.708E-08, 5.283E-09) ( 1.885E-11, 3.739E-12)  1.00E-07
  1.800E+00 6.68994E-16  4.842E-06 ( 2.534E-08, 5.199E-09) ( 1.868E-11, 3.897E-12)  1.00E-07
  1.900E+00 5.88549E-16  5.341E-06 ( 2.371E-08, 5.113E-09) ( 1.846E-11, 4.047E-12)  1.00E-07
  2.000E+00 5.18671E-16  5.865E-06 ( 2.221E-08, 5.028E-09) ( 1.821E-11, 4.190E-12)  1.00E-07
  2.100E+00 4.58056E-16  6.414E-06 ( 2.082E-08, 4.942E-09) ( 1.793E-11, 4.326E-12)  1.00E-07
  2.200E+00 4.05507E-16  6.986E-06 ( 1.954E-08, 4.856E-09) ( 1.764E-11, 4.455E-12)  1.00E-07
  2.300E+00 3.59949E-16  7.578E-06 ( 1.836E-08, 4.771E-09) ( 1.733E-11, 4.577E-12)  1.00E-07
  2.400E+00 3.20428E-16  8.190E-06 ( 1.728E-08, 4.687E-09) ( 1.702E-11, 4.694E-12)  1.00E-07
  2.500E+00 2.86107E-16  8.819E-06 ( 1.628E-08, 4.603E-09) ( 1.671E-11, 4.804E-12)  1.00E-07
  2.600E+00 2.56258E-16  9.463E-06 ( 1.536E-08, 4.521E-09) ( 1.641E-11, 4.909E-12)  1.00E-07
  2.700E+00 2.30251E-16  1.012E-05 ( 1.451E-08, 4.440E-09) ( 1.611E-11, 5.008E-12)  1.00E-07
  2.800E+00 2.07543E-16  1.079E-05 ( 1.373E-08, 4.360E-09) ( 1.581E-11, 5.102E-12)  1.00E-07
  2.900E+00 1.87671E-16  1.147E-05 ( 1.301E-08, 4.282E-09) ( 1.553E-11, 5.192E-12)  1.00E-07
  3.000E+00 1.70235E-16  1.216E-05 ( 1.235E-08, 4.205E-09) ( 1.525E-11, 5.277E-12)  1.00E-07
  3.100E+00 1.54896E-16  1.286E-05 ( 1.174E-08, 4.130E-09) ( 1.499E-11, 5.358E-12)  1.00E-07
  3.200E+00 1.41363E-16  1.356E-05 ( 1.118E-08, 4.057E-09) ( 1.474E-11, 5.435E-12)  1.00E-07
  3.300E+00 1.29390E-16  1.427E-05 ( 1.065E-08, 3.985E-09) ( 1.449E-11, 5.508E-12)  1.00E-07
  3.400E+00 1.18765E-16  1.499E-05 ( 1.017E-08, 3.915E-09) ( 1.426E-11, 5.577E-12)  1.00E-07
  3.500E+00 1.09308E-16  1.571E-05 ( 9.722E-09, 3.847E-09) ( 1.404E-11, 5.644E-12)  1.00E-07
  3.600E+00 1.00866E-16  1.643E-05 ( 9.305E-09, 3.780E-09) ( 1.383E-11, 5.707E-12)  1.00E-07
  3.700E+00 9.33057E-17  1.716E-05 ( 8.916E-09, 3.715E-09) ( 1.363E-11, 5.767E-12)  1.00E-07
  3.800E+00 8.65158E-17  1.789E-05 ( 8.554E-09, 3.652E-09) ( 1.343E-11, 5.825E-12)  1.00E-07
  3.900E+00 8.03994E-17  1.862E-05 ( 8.216E-09, 3.590E-09) ( 1.325E-11, 5.880E-12)  1.00E-07
  4.000E+00 7.48736E-17  1.936E-05 ( 7.900E-09, 3.530E-09) ( 1.307E-11, 5.933E-12)  1.00E-07
  4.100E+00 6.98672E-17  2.009E-05 ( 7.603E-09, 3.472E-09) ( 1.290E-11, 5.983E-12)  1.00E-07
  4.200E+00 6.53185E-17  2.083E-05 ( 7.325E-09, 3.415E-09) ( 1.274E-11, 6.031E-12)  1.00E-07
  4.300E+00 6.11746E-17  2.158E-05 ( 7.063E-09, 3.360E-09) ( 1.258E-11, 6.077E-12)  1.00E-07
  4.400E+00 5.73894E-17  2.232E-05 ( 6.816E-09, 3.306E-09) ( 1.243E-11, 6.121E-12)  1.00E-07
  4.500E+00 5.39230E-17  2.307E-05 ( 6.583E-09, 3.253E-09) ( 1.228E-11, 6.163E-12)  1.00E-07
  4.600E+00 5.07409E-17  2.381E-05 ( 6.363E-09, 3.202E-09) ( 1.214E-11, 6.203E-12)  1.00E-07
  4.700E+00 4.78127E-17  2.456E-05 ( 6.155E-09, 3.152E-09) ( 1.200E-11, 6.242E-12)  1.00E-07
  4.800E+00 4.51121E-17  2.531E-05 ( 5.957E-09, 3.103E-09) ( 1.187E-11, 6.279E-12)  1.00E-07
  4.900E+00 4.26160E-17  2.606E-05 ( 5.769E-09, 3.056E-09) ( 1.174E-11, 6.314E-12)  1.00E-07
  5.000E+00 4.03042E-17  2.681E-05 ( 5.590E-09, 3.009E-09) ( 1.161E-11, 6.348E-12)  1.00E-07
  5.100E+00 3.81587E-17  2.755E-05 ( 5.420E-09, 2.964E-09) ( 1.149E-11, 6.380E-12)  1.00E-07
  5.200E+00 3.61640E-17  2.830E-05 ( 5.257E-09, 2.920E-09) ( 1.137E-11, 6.411E-12)  1.00E-07
  5.300E+00 3.43060E-17  2.905E-05 ( 5.102E-09, 2.877E-09) ( 1.125E-11, 6.441E-12)  1.00E-07
  5.400E+00 3.25724E-17  2.979E-05 ( 4.954E-09, 2.835E-09) ( 1.113E-11, 6.469E-12)  1.00E-07
  5.500E+00 3.09525E-17  3.054E-05 ( 4.811E-09, 2.793E-09) ( 1.102E-11, 6.496E-12)  1.00E-07
  5.600E+00 2.94363E-17  3.127E-05 ( 4.675E-09, 2.753E-09) ( 1.091E-11, 6.521E-12)  1.00E-07
  5.700E+00 2.80152E-17  3.201E-05 ( 4.544E-09, 2.714E-09) ( 1.079E-11, 6.546E-12)  1.00E-07
  5.800E+00 2.66815E-17  3.274E-05 ( 4.419E-09, 2.675E-09) ( 1.069E-11, 6.569E-12)  1.00E-07
  5.900E+00 2.54281E-17  3.347E-05 ( 4.298E-09, 2.638E-09) ( 1.058E-11, 6.591E-12)  1.00E-07
  6.000E+00 2.42488E-17  3.419E-05 ( 4.181E-09, 2.601E-09) ( 1.047E-11, 6.612E-12)  1.00E-07
  6.100E+00 2.31380E-17  3.490E-05 ( 4.069E-09, 2.565E-09) ( 1.036E-11, 6.631E-12)  1.00E-07
  6.200E+00 2.20906E-17  3.561E-05 ( 3.961E-09, 2.530E-09) ( 1.026E-11, 6.650E-12)  1.00E-07
  6.300E+00 2.11019E-17  3.631E-05 ( 3.857E-09, 2.495E-09) ( 1.015E-11, 6.668E-12)  1.00E-07
  6.400E+00 2.01678E-17  3.700E-05 ( 3.756E-09, 2.461E-09) ( 1.005E-11, 6.684E-12)  1.00E-07
  6.500E+00 1.92845E-17  3.768E-05 ( 3.659E-09, 2.428E-09) ( 9.948E-12, 6.700E-12)  1.00E-07
  6.600E+00 1.84484E-17  3.835E-05 ( 3.565E-09, 2.395E-09) ( 9.847E-12, 6.714E-12)  1.00E-07
  6.700E+00 1.76565E-17  3.900E-05 ( 3.474E-09, 2.363E-09) ( 9.745E-12, 6.728E-12)  1.00E-07
  6.800E+00 1.69058E-17  3.965E-05 ( 3.386E-09, 2.332E-09) ( 9.645E-12, 6.740E-12)  1.00E-07
  6.900E+00 1.61937E-17  4.028E-05 ( 3.301E-09, 2.301E-09) ( 9.545E-12, 6.752E-12)  1.00E-07
  7.000E+00 1.55177E-17  4.090E-05 ( 3.219E-09, 2.271E-09) ( 9.446E-12, 6.763E-12)  1.00E-07
  7.100E+00 1.48756E-17  4.150E-05 ( 3.139E-09, 2.241E-09) ( 9.347E-12, 6.772E-12)  1.00E-07
  7.200E+00 1.42654E-17  4.209E-05 ( 3.061E-09, 2.212E-09) ( 9.249E-12, 6.781E-12)  1.00E-07
  7.300E+00 1.36851E-17  4.266E-05 ( 2.986E-09, 2.183E-09) ( 9.152E-12, 6.789E-12)  1.00E-07
  7.400E+00 1.31329E-17  4.321E-05 ( 2.913E-09, 2.155E-09) ( 9.055E-12, 6.797E-12)  1.00E-07
  7.500E+00 1.26073E-17  4.374E-05 ( 2.843E-09, 2.128E-09) ( 8.959E-12, 6.803E-12)  1.00E-07
  7.600E+00 1.21066E-17  4.425E-05 ( 2.774E-09, 2.101E-09) ( 8.863E-12, 6.809E-12)  1.00E-07
  7.700E+00 1.16296E-17  4.474E-05 ( 2.707E-09, 2.074E-09) ( 8.768E-12, 6.814E-12)  1.00E-07
  7.800E+00 1.11748E-17  4.521E-05 ( 2.642E-09, 2.048E-09) ( 8.674E-12, 6.818E-12)  1.00E-07
  7.900E+00 1.07410E-17  4.566E-05 ( 2.579E-09, 2.022E-09) ( 8.580E-12, 6.821E-12)  1.00E-07
  8.000E+00 1.03272E-17  4.608E-05 ( 2.518E-09, 1.997E-09) ( 8.487E-12, 6.824E-12)  1.00E-07
  8.100E+00 9.93216E-18  4.647E-05 ( 2.459E-09, 1.972E-09) ( 8.394E-12, 6.826E-12)  1.00E-07
  8.200E+00 9.55498E-18  4.684E-05 ( 2.401E-09, 1.947E-09) ( 8.302E-12, 6.827E-12)  1.00E-07
  8.300E+00 9.19470E-18  4.719E-05 ( 2.344E-09, 1.923E-09) ( 8.210E-12, 6.828E-12)  1.00E-07
  8.400E+00 8.85044E-18  4.750E-05 ( 2.290E-09, 1.899E-09) ( 8.120E-12, 6.828E-12)  1.00E-07
  8.500E+00 8.52138E-18  4.778E-05 ( 2.236E-09, 1.876E-09) ( 8.029E-12, 6.827E-12)  1.00E-07
  8.600E+00 8.20674E-18  4.804E-05 ( 2.185E-09, 1.853E-09) ( 7.940E-12, 6.826E-12)  1.00E-07
  8.700E+00 7.90580E-18  4.826E-05 ( 2.134E-09, 1.831E-09) ( 7.851E-12, 6.824E-12)  1.00E-07
  8.800E+00 7.61786E-18  4.845E-05 ( 2.085E-09, 1.808E-09) ( 7.763E-12, 6.822E-12)  1.00E-07
  8.900E+00 7.34229E-18  4.861E-05 ( 2.037E-09, 1.787E-09) ( 7.675E-12, 6.819E-12)  1.00E-07
  9.000E+00 7.07848E-18  4.873E-05 ( 1.991E-09, 1.765E-09) ( 7.589E-12, 6.815E-12)  1.00E-07
  9.100E+00 6.82585E-18  4.882E-05 ( 1.945E-09, 1.744E-09) ( 7.503E-12, 6.811E-12)  1.00E-07
  9.200E+00 6.58387E-18  4.887E-05 ( 1.901E-09, 1.723E-09) ( 7.417E-12, 6.806E-12)  1.00E-07
  9.300E+00 6.35201E-18  4.889E-05 ( 1.858E-09, 1.703E-09) ( 7.333E-12, 6.801E-12)  1.00E-07
  9.400E+00 6.12980E-18  4.886E-05 ( 1.816E-09, 1.682E-09) ( 7.249E-12, 6.796E-12)  1.00E-07
  9.500E+00 5.91678E-18  4.880E-05 ( 1.776E-09, 1.662E-09) ( 7.166E-12, 6.790E-12)  1.00E-07
  9.600E+00 5.71252E-18  4.870E-05 ( 1.736E-09, 1.643E-09) ( 7.083E-12, 6.783E-12)  1.00E-07
  9.700E+00 5.51661E-18  4.855E-05 ( 1.697E-09, 1.624E-09) ( 7.002E-12, 6.777E-12)  1.00E-07
  9.800E+00 5.32866E-18  4.837E-05 ( 1.659E-09, 1.605E-09) ( 6.921E-12, 6.769E-12)  1.00E-07
  9.900E+00 5.14830E-18  4.814E-05 ( 1.623E-09, 1.586E-09) ( 6.841E-12, 6.762E-12)  1.00E-07
  1.000E+01 4.97519E-18  4.787E-05 ( 1.587E-09, 1.567E-09) ( 6.761E-12, 6.754E-12)  1.00E-07
  1.025E+01 4.57197E-18  4.699E-05 ( 1.501E-09, 1.523E-09) ( 6.566E-12, 6.732E-12)  1.00E-07
  1.050E+01 4.20728E-18  4.582E-05 ( 1.421E-09, 1.479E-09) ( 6.376E-12, 6.708E-12)  1.00E-07
  1.075E+01 3.87699E-18  4.434E-05 ( 1.345E-09, 1.438E-09) ( 6.191E-12, 6.682E-12)  1.00E-07
  1.100E+01 3.57741E-18  4.254E-05 ( 1.274E-09, 1.398E-09) ( 6.010E-12, 6.654E-12)  1.00E-07
  1.125E+01 3.30534E-18  4.042E-05 ( 1.207E-09, 1.359E-09) ( 5.835E-12, 6.625E-12)  1.00E-07
  1.150E+01 3.05791E-18  3.796E-05 ( 1.145E-09, 1.322E-09) ( 5.664E-12, 6.594E-12)  1.00E-07
  1.175E+01 2.83259E-18  3.515E-05 ( 1.085E-09, 1.286E-09) ( 5.498E-12, 6.562E-12)  1.00E-07
  1.200E+01 2.62715E-18  3.197E-05 ( 1.030E-09, 1.252E-09) ( 5.337E-12, 6.528E-12)  1.00E-07
  1.225E+01 2.43959E-18  2.843E-05 ( 9.774E-10, 1.218E-09) ( 5.181E-12, 6.494E-12)  1.00E-07
  1.250E+01 2.26813E-18  2.452E-05 ( 9.280E-10, 1.186E-09) ( 5.029E-12, 6.459E-12)  1.00E-07
  1.275E+01 2.11121E-18  2.022E-05 ( 8.814E-10, 1.155E-09) ( 4.882E-12, 6.423E-12)  1.00E-07
  1.300E+01 1.96741E-18  1.552E-05 ( 8.375E-10, 1.125E-09) ( 4.739E-12, 6.386E-12)  1.00E-07
  1.325E+01 1.83547E-18  1.043E-05 ( 7.960E-10, 1.096E-09) ( 4.601E-12, 6.348E-12)  1.00E-07
  1.350E+01 1.71427E-18  0.000E+00 ( 7.569E-10, 1.068E-09) ( 4.467E-12, 6.310E-12)  1.00E-07
  1.375E+01 1.60281E-18  0.000E+00 ( 7.199E-10, 1.041E-09) ( 4.337E-12, 6.272E-12)  1.00E-07
  1.400E+01 1.50019E-18 -7.279E-06 ( 6.850E-10, 1.015E-09) ( 4.211E-12, 6.233E-12)  1.00E-07
  1.425E+01 1.40559E-18 -1.401E-05 ( 6.520E-10, 9.902E-10) ( 4.089E-12, 6.194E-12)  1.00E-07
  1.450E+01 1.31829E-18 -2.117E-05 ( 6.208E-10, 9.659E-10) ( 3.970E-12, 6.155E-12)  1.00E-07
  1.475E+01 1.23763E-18 -2.876E-05 ( 5.912E-10, 9.424E-10) ( 3.856E-12, 6.115E-12)  1.00E-07
  1.500E+01 1.16304E-18 -3.677E-05 ( 5.632E-10, 9.197E-10) ( 3.744E-12, 6.076E-12)  1.00E-07
  1.525E+01 1.09398E-18 -4.522E-05 ( 5.367E-10, 8.977E-10) ( 3.637E-12, 6.036E-12)  1.00E-07
  1.550E+01 1.02997E-18 -5.410E-05 ( 5.116E-10, 8.764E-10) ( 3.532E-12, 5.997E-12)  1.00E-07
  1.575E+01 9.70575E-19 -6.342E-05 ( 4.878E-10, 8.559E-10) ( 3.431E-12, 5.957E-12)  1.00E-07
  1.600E+01 9.15416E-19 -7.317E-05 ( 4.653E-10, 8.360E-10) ( 3.333E-12, 5.917E-12)  1.00E-07
  1.625E+01 8.64136E-19 -8.337E-05 ( 4.439E-10, 8.167E-10) ( 3.238E-12, 5.878E-12)  1.00E-07
  1.650E+01 8.16414E-19 -9.402E-05 ( 4.235E-10, 7.981E-10) ( 3.146E-12, 5.839E-12)  1.00E-07
  1.675E+01 7.71961E-19 -1.051E-04 ( 4.042E-10, 7.801E-10) ( 3.057E-12, 5.799E-12)  1.00E-07
  1.700E+01 7.30513E-19 -1.166E-04 ( 3.859E-10, 7.626E-10) ( 2.971E-12, 5.760E-12)  1.00E-07
  1.725E+01 6.91831E-19 -1.286E-04 ( 3.685E-10, 7.457E-10) ( 2.887E-12, 5.721E-12)  1.00E-07
  1.750E+01 6.55699E-19 -1.411E-04 ( 3.519E-10, 7.293E-10) ( 2.806E-12, 5.683E-12)  1.00E-07
  1.775E+01 6.21917E-19 -1.540E-04 ( 3.361E-10, 7.134E-10) ( 2.727E-12, 5.644E-12)  1.00E-07
  1.800E+01 5.90305E-19 -1.673E-04 ( 3.211E-10, 6.980E-10) ( 2.650E-12, 5.606E-12)  1.00E-07
  1.825E+01 5.60698E-19 -1.811E-04 ( 3.069E-10, 6.830E-10) ( 2.576E-12, 5.568E-12)  1.00E-07
  1.850E+01 5.32945E-19 -1.953E-04 ( 2.933E-10, 6.685E-10) ( 2.504E-12, 5.531E-12)  1.00E-07
  1.875E+01 5.06910E-19 -2.100E-04 ( 2.803E-10, 6.545E-10) ( 2.434E-12, 5.493E-12)  1.00E-07
  1.900E+01 4.82465E-19 -2.252E-04 ( 2.679E-10, 6.408E-10) ( 2.366E-12, 5.456E-12)  1.00E-07
  1.925E+01 4.59496E-19 -2.408E-04 ( 2.562E-10, 6.276E-10) ( 2.300E-12, 5.419E-12)  1.00E-07
  1.950E+01 4.37896E-19 -2.569E-04 ( 2.449E-10, 6.147E-10) ( 2.236E-12, 5.383E-12)  1.00E-07
  1.975E+01 4.17569E-19 -2.734E-04 ( 2.342E-10, 6.022E-10) ( 2.174E-12, 5.347E-12)  1.00E-07
  2.000E+01 3.98425E-19 -2.904E-04 ( 2.239E-10, 5.901E-10) ( 2.113E-12, 5.311E-12)  1.00E-07
  2.025E+01 3.80383E-19 -3.078E-04 ( 2.142E-10, 5.783E-10) ( 2.055E-12, 5.275E-12)  1.00E-07
  2.050E+01 3.63366E-19 -3.258E-04 ( 2.048E-10, 5.669E-10) ( 1.998E-12, 5.240E-12)  1.00E-07
  2.075E+01 3.47305E-19 -3.441E-04 ( 1.959E-10, 5.558E-10) ( 1.942E-12, 5.205E-12)  1.00E-07
  2.100E+01 3.32136E-19 -3.630E-04 ( 1.873E-10, 5.450E-10) ( 1.888E-12, 5.171E-12)  1.00E-07
  2.125E+01 3.17801E-19 -3.823E-04 ( 1.792E-10, 5.345E-10) ( 1.836E-12, 5.137E-12)  1.00E-07
  2.150E+01 3.04243E-19 -4.020E-04 ( 1.714E-10, 5.243E-10) ( 1.785E-12, 5.103E-12)  1.00E-07
  2.175E+01 2.91413E-19 -4.223E-04 ( 1.639E-10, 5.143E-10) ( 1.735E-12, 5.069E-12)  1.00E-07
  2.200E+01 2.79264E-19 -4.430E-04 ( 1.567E-10, 5.047E-10) ( 1.686E-12, 5.036E-12)  1.00E-07
  2.225E+01 2.67753E-19 -4.641E-04 ( 1.498E-10, 4.953E-10) ( 1.639E-12, 5.003E-12)  1.00E-07
  2.250E+01 2.56839E-19 -4.858E-04 ( 1.433E-10, 4.861E-10) ( 1.593E-12, 4.971E-12)  1.00E-07
  2.275E+01 2.46486E-19 -5.079E-04 ( 1.370E-10, 4.772E-10) ( 1.549E-12, 4.939E-12)  1.00E-07
  2.300E+01 2.36659E-19 -5.305E-04 ( 1.309E-10, 4.685E-10) ( 1.505E-12, 4.907E-12)  1.00E-07
  2.325E+01 2.27325E-19 -5.535E-04 ( 1.251E-10, 4.600E-10) ( 1.463E-12, 4.875E-12)  1.00E-07
  2.350E+01 2.18456E-19 -5.771E-04 ( 1.196E-10, 4.518E-10) ( 1.421E-12, 4.844E-12)  1.00E-07
  2.375E+01 2.10023E-19 -6.011E-04 ( 1.142E-10, 4.438E-10) ( 1.381E-12, 4.813E-12)  1.00E-07
  2.400E+01 2.02001E-19 -6.255E-04 ( 1.091E-10, 4.360E-10) ( 1.342E-12, 4.783E-12)  1.00E-07
  2.425E+01 1.94366E-19 -6.505E-04 ( 1.042E-10, 4.284E-10) ( 1.304E-12, 4.753E-12)  1.00E-07
  2.450E+01 1.87094E-19 -6.759E-04 ( 9.946E-11, 4.209E-10) ( 1.266E-12, 4.723E-12)  1.00E-07
  2.475E+01 1.80166E-19 -7.018E-04 ( 9.493E-11, 4.137E-10) ( 1.230E-12, 4.693E-12)  1.00E-07
  2.500E+01 1.73562E-19 -7.282E-04 ( 9.056E-11, 4.066E-10) ( 1.194E-12, 4.664E-12)  1.00E-07
  2.550E+01 1.61254E-19 -7.824E-04 ( 8.234E-11, 3.930E-10) ( 1.125E-12, 4.606E-12)  1.00E-07
  2.600E+01 1.50038E-19 -8.385E-04 ( 7.473E-11, 3.800E-10) ( 1.060E-12, 4.549E-12)  1.00E-07
  2.650E+01 1.39798E-19 -8.965E-04 ( 6.768E-11, 3.677E-10) ( 9.977E-13, 4.494E-12)  1.00E-07
  2.700E+01 1.30434E-19 -9.564E-04 ( 6.115E-11, 3.559E-10) ( 9.381E-13, 4.440E-12)  1.00E-07
  2.750E+01 1.21855E-19 -1.018E-03 ( 5.510E-11, 3.447E-10) ( 8.812E-13, 4.387E-12)  1.00E-07
  2.800E+01 1.13983E-19 -1.082E-03 ( 4.947E-11, 3.339E-10) ( 8.268E-13, 4.334E-12)  1.00E-07
  2.850E+01 1.06749E-19 -1.148E-03 ( 4.424E-11, 3.237E-10) ( 7.748E-13, 4.283E-12)  1.00E-07
  2.900E+01 1.00091E-19 -1.216E-03 ( 3.938E-11, 3.139E-10) ( 7.250E-13, 4.233E-12)  1.00E-07
  2.950E+01 9.39532E-20 -1.285E-03 ( 3.486E-11, 3.045E-10) ( 6.773E-13, 4.184E-12)  1.00E-07
  3.000E+01 8.82880E-20 -1.357E-03 ( 3.065E-11, 2.955E-10) ( 6.316E-13, 4.136E-12)  1.00E-07
  3.050E+01 8.30515E-20 -1.430E-03 ( 2.672E-11, 2.869E-10) ( 5.878E-13, 4.089E-12)  1.00E-07
  3.100E+01 7.82051E-20 -1.506E-03 ( 2.306E-11, 2.787E-10) ( 5.457E-13, 4.042E-12)  1.00E-07
  3.150E+01 7.37139E-20 -1.583E-03 ( 1.964E-11, 2.708E-10) ( 5.054E-13, 3.997E-12)  1.00E-07
  3.200E+01 6.95467E-20 -1.662E-03 ( 1.645E-11, 2.632E-10) ( 4.667E-13, 3.952E-12)  1.00E-07
  3.250E+01 6.56756E-20 -1.743E-03 ( 1.347E-11, 2.559E-10) ( 4.295E-13, 3.908E-12)  1.00E-07
  3.300E+01 6.20754E-20 -1.827E-03 ( 1.069E-11, 2.489E-10) ( 3.938E-13, 3.865E-12)  1.00E-07
  3.350E+01 5.87234E-20 -1.912E-03 ( 8.090E-12, 2.422E-10) ( 3.595E-13, 3.823E-12)  1.00E-07
  3.400E+01 5.55991E-20 -1.999E-03 ( 5.656E-12, 2.357E-10) ( 3.265E-13, 3.781E-12)  1.00E-07
  3.450E+01 5.26840E-20 -2.087E-03 ( 3.380E-12, 2.295E-10) ( 2.947E-13, 3.740E-12)  1.00E-07
  3.500E+01 4.99612E-20 -2.178E-03 ( 1.250E-12, 2.235E-10) ( 2.642E-13, 3.700E-12)  1.00E-07
  3.550E+01 4.74157E-20 -2.271E-03 (-7.441E-13, 2.177E-10) ( 2.347E-13, 3.661E-12)  1.00E-07
  3.600E+01 4.50336E-20 -2.365E-03 (-2.611E-12, 2.122E-10) ( 2.064E-13, 3.622E-12)  1.00E-07
  3.650E+01 4.28022E-20 -2.461E-03 (-4.359E-12, 2.068E-10) ( 1.792E-13, 3.584E-12)  1.00E-07
  3.700E+01 4.07103E-20 -2.559E-03 (-5.997E-12, 2.016E-10) ( 1.529E-13, 3.546E-12)  1.00E-07
  3.750E+01 3.87473E-20 -2.659E-03 (-7.531E-12, 1.967E-10) ( 1.276E-13, 3.510E-12)  1.00E-07
  3.800E+01 3.69037E-20 -2.761E-03 (-8.968E-12, 1.919E-10) ( 1.032E-13, 3.473E-12)  1.00E-07
  3.850E+01 3.51709E-20 -2.865E-03 (-1.031E-11, 1.872E-10) ( 7.969E-14, 3.438E-12)  1.00E-07
  3.900E+01 3.35408E-20 -2.970E-03 (-1.158E-11, 1.827E-10) ( 5.703E-14, 3.402E-12)  1.00E-07
  3.950E+01 3.20061E-20 -3.077E-03 (-1.276E-11, 1.784E-10) ( 3.518E-14, 3.368E-12)  1.00E-07
  4.000E+01 3.05602E-20 -3.186E-03 (-1.386E-11, 1.742E-10) ( 1.411E-14, 3.334E-12)  1.00E-07
  4.050E+01 2.91970E-20 -3.296E-03 (-1.490E-11, 1.702E-10) (-6.211E-15, 3.300E-12)  1.00E-07
  4.100E+01 2.79106E-20 -3.408E-03 (-1.587E-11, 1.663E-10) (-2.581E-14, 3.267E-12)  1.00E-07
  4.150E+01 2.66960E-20 -3.522E-03 (-1.678E-11, 1.625E-10) (-4.472E-14, 3.235E-12)  1.00E-07
  4.200E+01 2.55484E-20 -3.638E-03 (-1.763E-11, 1.588E-10) (-6.297E-14, 3.203E-12)  1.00E-07
  4.250E+01 2.44632E-20 -3.755E-03 (-1.843E-11, 1.553E-10) (-8.057E-14, 3.171E-12)  1.00E-07
  4.300E+01 2.34365E-20 -3.874E-03 (-1.917E-11, 1.519E-10) (-9.756E-14, 3.140E-12)  1.00E-07
  4.350E+01 2.24645E-20 -3.994E-03 (-1.987E-11, 1.485E-10) (-1.140E-13, 3.110E-12)  1.00E-07
  4.400E+01 2.15437E-20 -4.116E-03 (-2.052E-11, 1.453E-10) (-1.298E-13, 3.079E-12)  1.00E-07
  4.450E+01 2.06708E-20 -4.239E-03 (-2.113E-11, 1.422E-10) (-1.450E-13, 3.050E-12)  1.00E-07
  4.500E+01 1.98429E-20 -4.364E-03 (-2.170E-11, 1.392E-10) (-1.598E-13, 3.020E-12)  1.00E-07
  4.550E+01 1.90571E-20 -4.491E-03 (-2.223E-11, 1.362E-10) (-1.740E-13, 2.991E-12)  1.00E-07
  4.600E+01 1.83109E-20 -4.618E-03 (-2.272E-11, 1.334E-10) (-1.877E-13, 2.963E-12)  1.00E-07
  4.650E+01 1.76020E-20 -4.748E-03 (-2.318E-11, 1.306E-10) (-2.010E-13, 2.935E-12)  1.00E-07
  4.700E+01 1.69280E-20 -4.878E-03 (-2.361E-11, 1.279E-10) (-2.137E-13, 2.907E-12)  1.00E-07
  4.750E+01 1.62870E-20 -5.010E-03 (-2.401E-11, 1.253E-10) (-2.261E-13, 2.880E-12)  1.00E-07
  4.800E+01 1.56769E-20 -5.144E-03 (-2.438E-11, 1.228E-10) (-2.380E-13, 2.853E-12)  1.00E-07
  4.850E+01 1.50960E-20 -5.278E-03 (-2.472E-11, 1.203E-10) (-2.495E-13, 2.826E-12)  1.00E-07
  4.900E+01 1.45426E-20 -5.414E-03 (-2.504E-11, 1.179E-10) (-2.605E-13, 2.800E-12)  1.00E-07
  4.950E+01 1.40152E-20 -5.552E-03 (-2.533E-11, 1.156E-10) (-2.712E-13, 2.774E-12)  1.00E-07
  5.000E+01 1.35123E-20 -5.690E-03 (-2.560E-11, 1.134E-10) (-2.815E-13, 2.748E-12)  1.00E-07
  5.050E+01 1.30325E-20 -5.830E-03 (-2.585E-11, 1.112E-10) (-2.915E-13, 2.723E-12)  1.00E-07
  5.100E+01 1.25745E-20 -5.971E-03 (-2.608E-11, 1.090E-10) (-3.011E-13, 2.698E-12)  1.00E-07
  5.150E+01 1.21372E-20 -6.112E-03 (-2.629E-11, 1.070E-10) (-3.103E-13, 2.674E-12)  1.00E-07
  5.200E+01 1.17194E-20 -6.255E-03 (-2.648E-11, 1.049E-10) (-3.192E-13, 2.649E-12)  1.00E-07
  5.250E+01 1.13201E-20 -6.399E-03 (-2.666E-11, 1.030E-10) (-3.278E-13, 2.625E-12)  1.00E-07
  5.300E+01 1.09384E-20 -6.545E-03 (-2.681E-11, 1.011E-10) (-3.361E-13, 2.602E-12)  1.00E-07
  5.350E+01 1.05731E-20 -6.691E-03 (-2.696E-11, 9.919E-11) (-3.441E-13, 2.578E-12)  1.00E-07
  5.400E+01 1.02237E-20 -6.838E-03 (-2.709E-11, 9.738E-11) (-3.518E-13, 2.555E-12)  1.00E-07
  5.450E+01 9.88909E-21 -6.986E-03 (-2.720E-11, 9.562E-11) (-3.592E-13, 2.532E-12)  1.00E-07
  5.500E+01 9.56865E-21 -7.134E-03 (-2.731E-11, 9.390E-11) (-3.663E-13, 2.510E-12)  1.00E-07
  5.550E+01 9.26163E-21 -7.284E-03 (-2.740E-11, 9.222E-11) (-3.732E-13, 2.487E-12)  1.00E-07
  5.600E+01 8.96737E-21 -7.435E-03 (-2.747E-11, 9.059E-11) (-3.798E-13, 2.465E-12)  1.00E-07
  5.650E+01 8.68521E-21 -7.586E-03 (-2.754E-11, 8.900E-11) (-3.861E-13, 2.444E-12)  1.00E-07
  5.700E+01 8.41456E-21 -7.738E-03 (-2.760E-11, 8.745E-11) (-3.922E-13, 2.422E-12)  1.00E-07
  5.750E+01 8.15486E-21 -7.891E-03 (-2.765E-11, 8.593E-11) (-3.981E-13, 2.401E-12)  1.00E-07
  5.800E+01 7.90557E-21 -8.044E-03 (-2.769E-11, 8.446E-11) (-4.037E-13, 2.380E-12)  1.00E-07
  5.850E+01 7.66620E-21 -8.198E-03 (-2.772E-11, 8.302E-11) (-4.091E-13, 2.359E-12)  1.00E-07
  5.900E+01 7.43626E-21 -8.353E-03 (-2.774E-11, 8.162E-11) (-4.143E-13, 2.339E-12)  1.00E-07
  5.950E+01 7.21531E-21 -8.508E-03 (-2.775E-11, 8.025E-11) (-4.193E-13, 2.318E-12)  1.00E-07
  6.000E+01 7.00293E-21 -8.664E-03 (-2.776E-11, 7.891E-11) (-4.241E-13, 2.298E-12)  1.00E-07
  6.050E+01 6.79871E-21 -8.820E-03 (-2.776E-11, 7.761E-11) (-4.287E-13, 2.279E-12)  1.00E-07
  6.100E+01 6.60228E-21 -8.976E-03 (-2.775E-11, 7.633E-11) (-4.331E-13, 2.259E-12)  1.00E-07
  6.150E+01 6.41329E-21 -9.134E-03 (-2.774E-11, 7.509E-11) (-4.373E-13, 2.240E-12)  1.00E-07
  6.200E+01 6.23138E-21 -9.291E-03 (-2.772E-11, 7.388E-11) (-4.413E-13, 2.220E-12)  1.00E-07
  6.250E+01 6.05625E-21 -9.449E-03 (-2.770E-11, 7.269E-11) (-4.451E-13, 2.201E-12)  1.00E-07
  6.300E+01 5.88759E-21 -9.607E-03 (-2.767E-11, 7.153E-11) (-4.488E-13, 2.183E-12)  1.00E-07
  6.350E+01 5.72510E-21 -9.765E-03 (-2.763E-11, 7.040E-11) (-4.523E-13, 2.164E-12)  1.00E-07
  6.400E+01 5.56852E-21 -9.924E-03 (-2.759E-11, 6.930E-11) (-4.557E-13, 2.146E-12)  1.00E-07
  6.450E+01 5.41760E-21 -1.008E-02 (-2.755E-11, 6.822E-11) (-4.588E-13, 2.128E-12)  1.00E-07
  6.500E+01 5.27207E-21 -1.024E-02 (-2.750E-11, 6.716E-11) (-4.619E-13, 2.110E-12)  1.00E-07
  6.550E+01 5.13171E-21 -1.040E-02 (-2.745E-11, 6.613E-11) (-4.648E-13, 2.092E-12)  1.00E-07
  6.600E+01 4.99630E-21 -1.056E-02 (-2.740E-11, 6.513E-11) (-4.675E-13, 2.074E-12)  1.00E-07
  6.650E+01 4.86563E-21 -1.072E-02 (-2.734E-11, 6.414E-11) (-4.701E-13, 2.057E-12)  1.00E-07
  6.700E+01 4.73950E-21 -1.088E-02 (-2.728E-11, 6.318E-11) (-4.725E-13, 2.040E-12)  1.00E-07
  6.750E+01 4.61771E-21 -1.104E-02 (-2.721E-11, 6.223E-11) (-4.749E-13, 2.023E-12)  1.00E-07
  6.800E+01 4.50009E-21 -1.120E-02 (-2.714E-11, 6.131E-11) (-4.770E-13, 2.006E-12)  1.00E-07
  6.850E+01 4.38647E-21 -1.135E-02 (-2.707E-11, 6.041E-11) (-4.791E-13, 1.989E-12)  1.00E-07
  6.900E+01 4.27667E-21 -1.151E-02 (-2.700E-11, 5.953E-11) (-4.810E-13, 1.972E-12)  1.00E-07
  6.950E+01 4.17055E-21 -1.167E-02 (-2.693E-11, 5.866E-11) (-4.829E-13, 1.956E-12)  1.00E-07
  7.000E+01 4.06796E-21 -1.183E-02 (-2.685E-11, 5.782E-11) (-4.845E-13, 1.940E-12)  1.00E-07
  7.050E+01 3.96875E-21 -1.199E-02 (-2.677E-11, 5.699E-11) (-4.861E-13, 1.924E-12)  1.00E-07
  7.100E+01 3.87279E-21 -1.215E-02 (-2.669E-11, 5.618E-11) (-4.876E-13, 1.908E-12)  1.00E-07
  7.150E+01 3.77996E-21 -1.230E-02 (-2.661E-11, 5.539E-11) (-4.890E-13, 1.892E-12)  1.00E-07
  7.200E+01 3.69012E-21 -1.246E-02 (-2.652E-11, 5.462E-11) (-4.902E-13, 1.876E-12)  1.00E-07
  7.250E+01 3.60316E-21 -1.262E-02 (-2.644E-11, 5.386E-11) (-4.914E-13, 1.861E-12)  1.00E-07
  7.300E+01 3.51897E-21 -1.277E-02 (-2.635E-11, 5.311E-11) (-4.924E-13, 1.846E-12)  1.00E-07
  7.350E+01 3.43745E-21 -1.293E-02 (-2.626E-11, 5.239E-11) (-4.934E-13, 1.830E-12)  1.00E-07
  7.400E+01 3.35849E-21 -1.308E-02 (-2.617E-11, 5.167E-11) (-4.943E-13, 1.815E-12)  1.00E-07
  7.450E+01 3.28199E-21 -1.324E-02 (-2.608E-11, 5.097E-11) (-4.950E-13, 1.800E-12)  1.00E-07
  7.500E+01 3.20786E-21 -1.339E-02 (-2.599E-11, 5.029E-11) (-4.957E-13, 1.786E-12)  1.00E-07
  7.550E+01 3.13602E-21 -1.355E-02 (-2.590E-11, 4.962E-11) (-4.963E-13, 1.771E-12)  1.00E-07
  7.600E+01 3.06637E-21 -1.370E-02 (-2.580E-11, 4.896E-11) (-4.968E-13, 1.757E-12)  1.00E-07
  7.650E+01 2.99884E-21 -1.385E-02 (-2.571E-11, 4.832E-11) (-4.972E-13, 1.742E-12)  1.00E-07
  7.700E+01 2.93334E-21 -1.400E-02 (-2.561E-11, 4.769E-11) (-4.975E-13, 1.728E-12)  1.00E-07
  7.750E+01 2.86981E-21 -1.415E-02 (-2.552E-11, 4.707E-11) (-4.978E-13, 1.714E-12)  1.00E-07
  7.800E+01 2.80818E-21 -1.430E-02 (-2.542E-11, 4.646E-11) (-4.980E-13, 1.700E-12)  1.00E-07
  7.850E+01 2.74836E-21 -1.445E-02 (-2.533E-11, 4.587E-11) (-4.981E-13, 1.686E-12)  1.00E-07
  7.900E+01 2.69031E-21 -1.460E-02 (-2.523E-11, 4.528E-11) (-4.981E-13, 1.672E-12)  1.00E-07
  7.950E+01 2.63395E-21 -1.474E-02 (-2.513E-11, 4.471E-11) (-4.981E-13, 1.659E-12)  1.00E-07
  8.000E+01 2.57923E-21 -1.489E-02 (-2.504E-11, 4.415E-11) (-4.980E-13, 1.645E-12)  1.00E-07
  8.050E+01 2.52609E-21 -1.503E-02 (-2.494E-11, 4.360E-11) (-4.978E-13, 1.632E-12)  1.00E-07
  8.100E+01 2.47447E-21 -1.518E-02 (-2.484E-11, 4.306E-11) (-4.975E-13, 1.618E-12)  1.00E-07
  8.150E+01 2.42432E-21 -1.532E-02 (-2.474E-11, 4.254E-11) (-4.972E-13, 1.605E-12)  1.00E-07
  8.200E+01 2.37560E-21 -1.546E-02 (-2.465E-11, 4.202E-11) (-4.968E-13, 1.592E-12)  1.00E-07
  8.250E+01 2.32824E-21 -1.560E-02 (-2.455E-11, 4.151E-11) (-4.964E-13, 1.579E-12)  1.00E-07
  8.300E+01 2.28221E-21 -1.574E-02 (-2.445E-11, 4.101E-11) (-4.959E-13, 1.566E-12)  1.00E-07
  8.350E+01 2.23746E-21 -1.588E-02 (-2.435E-11, 4.052E-11) (-4.953E-13, 1.554E-12)  1.00E-07
  8.400E+01 2.19395E-21 -1.601E-02 (-2.425E-11, 4.004E-11) (-4.947E-13, 1.541E-12)  1.00E-07
  8.450E+01 2.15163E-21 -1.615E-02 (-2.416E-11, 3.957E-11) (-4.940E-13, 1.528E-12)  1.00E-07
  8.500E+01 2.11047E-21 -1.628E-02 (-2.406E-11, 3.910E-11) (-4.933E-13, 1.516E-12)  1.00E-07
  8.550E+01 2.07042E-21 -1.642E-02 (-2.396E-11, 3.865E-11) (-4.925E-13, 1.504E-12)  1.00E-07
  8.600E+01 2.03146E-21 -1.655E-02 (-2.387E-11, 3.820E-11) (-4.917E-13, 1.491E-12)  1.00E-07
  8.650E+01 1.99354E-21 -1.668E-02 (-2.377E-11, 3.776E-11) (-4.908E-13, 1.479E-12)  1.00E-07
  8.700E+01 1.95664E-21 -1.680E-02 (-2.367E-11, 3.733E-11) (-4.898E-13, 1.467E-12)  1.00E-07
  8.750E+01 1.92071E-21 -1.693E-02 (-2.358E-11, 3.691E-11) (-4.889E-13, 1.455E-12)  1.00E-07
  8.800E+01 1.88573E-21 -1.706E-02 (-2.348E-11, 3.650E-11) (-4.878E-13, 1.443E-12)  1.00E-07
  8.850E+01 1.85167E-21 -1.718E-02 (-2.338E-11, 3.609E-11) (-4.867E-13, 1.431E-12)  1.00E-07
  8.900E+01 1.81849E-21 -1.730E-02 (-2.329E-11, 3.569E-11) (-4.856E-13, 1.420E-12)  1.00E-07
  8.950E+01 1.78618E-21 -1.742E-02 (-2.319E-11, 3.530E-11) (-4.844E-13, 1.408E-12)  1.00E-07
  9.000E+01 1.75470E-21 -1.754E-02 (-2.310E-11, 3.491E-11) (-4.832E-13, 1.397E-12)  1.00E-07
  9.050E+01 1.72403E-21 -1.766E-02 (-2.301E-11, 3.453E-11) (-4.819E-13, 1.385E-12)  1.00E-07
  9.100E+01 1.69414E-21 -1.777E-02 (-2.291E-11, 3.416E-11) (-4.806E-13, 1.374E-12)  1.00E-07
  9.150E+01 1.66501E-21 -1.789E-02 (-2.282E-11, 3.380E-11) (-4.793E-13, 1.362E-12)  1.00E-07
  9.200E+01 1.63661E-21 -1.800E-02 (-2.273E-11, 3.344E-11) (-4.779E-13, 1.351E-12)  1.00E-07
  9.250E+01 1.60893E-21 -1.811E-02 (-2.263E-11, 3.308E-11) (-4.765E-13, 1.340E-12)  1.00E-07
  9.300E+01 1.58193E-21 -1.821E-02 (-2.254E-11, 3.274E-11) (-4.750E-13, 1.329E-12)  1.00E-07
  9.350E+01 1.55561E-21 -1.832E-02 (-2.245E-11, 3.240E-11) (-4.735E-13, 1.318E-12)  1.00E-07
  9.400E+01 1.52994E-21 -1.842E-02 (-2.236E-11, 3.206E-11) (-4.720E-13, 1.307E-12)  1.00E-07
  9.450E+01 1.50490E-21 -1.853E-02 (-2.227E-11, 3.173E-11) (-4.704E-13, 1.296E-12)  1.00E-07
  9.500E+01 1.48047E-21 -1.863E-02 (-2.218E-11, 3.141E-11) (-4.688E-13, 1.286E-12)  1.00E-07
  9.550E+01 1.45663E-21 -1.873E-02 (-2.209E-11, 3.109E-11) (-4.672E-13, 1.275E-12)  1.00E-07
  9.600E+01 1.43338E-21 -1.882E-02 (-2.200E-11, 3.078E-11) (-4.655E-13, 1.264E-12)  1.00E-07
  9.650E+01 1.41068E-21 -1.892E-02 (-2.192E-11, 3.047E-11) (-4.638E-13, 1.254E-12)  1.00E-07
  9.700E+01 1.38852E-21 -1.901E-02 (-2.183E-11, 3.017E-11) (-4.621E-13, 1.243E-12)  1.00E-07
  9.750E+01 1.36690E-21 -1.910E-02 (-2.174E-11, 2.987E-11) (-4.603E-13, 1.233E-12)  1.00E-07
  9.800E+01 1.34579E-21 -1.919E-02 (-2.166E-11, 2.958E-11) (-4.585E-13, 1.223E-12)  1.00E-07
  9.850E+01 1.32517E-21 -1.927E-02 (-2.157E-11, 2.930E-11) (-4.567E-13, 1.212E-12)  1.00E-07
  9.900E+01 1.30504E-21 -1.936E-02 (-2.148E-11, 2.901E-11) (-4.549E-13, 1.202E-12)  1.00E-07
  9.950E+01 1.28538E-21 -1.944E-02 (-2.140E-11, 2.874E-11) (-4.530E-13, 1.192E-12)  1.00E-07
  1.000E+02 1.26618E-21 -1.952E-02 (-2.132E-11, 2.846E-11) (-4.511E-13, 1.182E-12)  1.00E-07
  1.005E+02 1.24742E-21 -1.959E-02 (-2.123E-11, 2.820E-11) (-4.491E-13, 1.172E-12)  1.00E-07
  1.010E+02 1.22910E-21 -1.967E-02 (-2.115E-11, 2.793E-11) (-4.472E-13, 1.162E-12)  1.00E-07
  1.015E+02 1.21119E-21 -1.974E-02 (-2.107E-11, 2.767E-11) (-4.452E-13, 1.152E-12)  1.00E-07
  1.020E+02 1.19370E-21 -1.981E-02 (-2.099E-11, 2.742E-11) (-4.432E-13, 1.142E-12)  1.00E-07
  1.025E+02 1.17660E-21 -1.988E-02 (-2.091E-11, 2.717E-11) (-4.411E-13, 1.133E-12)  1.00E-07
  1.030E+02 1.15989E-21 -1.994E-02 (-2.083E-11, 2.692E-11) (-4.391E-13, 1.123E-12)  1.00E-07
  1.035E+02 1.14356E-21 -2.000E-02 (-2.075E-11, 2.668E-11) (-4.370E-13, 1.113E-12)  1.00E-07
  1.040E+02 1.12759E-21 -2.007E-02 (-2.067E-11, 2.644E-11) (-4.349E-13, 1.104E-12)  1.00E-07
  1.045E+02 1.11198E-21 -2.012E-02 (-2.059E-11, 2.620E-11) (-4.327E-13, 1.094E-12)  1.00E-07
  1.050E+02 1.09671E-21 -2.018E-02 (-2.051E-11, 2.597E-11) (-4.306E-13, 1.085E-12)  1.00E-07
  1.055E+02 1.08179E-21 -2.023E-02 (-2.044E-11, 2.574E-11) (-4.284E-13, 1.075E-12)  1.00E-07
  1.060E+02 1.06719E-21 -2.028E-02 (-2.036E-11, 2.552E-11) (-4.262E-13, 1.066E-12)  1.00E-07
  1.065E+02 1.05291E-21 -2.033E-02 (-2.029E-11, 2.530E-11) (-4.240E-13, 1.056E-12)  1.00E-07
  1.070E+02 1.03895E-21 -2.038E-02 (-2.021E-11, 2.508E-11) (-4.218E-13, 1.047E-12)  1.00E-07
  1.075E+02 1.02529E-21 -2.042E-02 (-2.014E-11, 2.487E-11) (-4.195E-13, 1.038E-12)  1.00E-07
  1.080E+02 1.01193E-21 -2.046E-02 (-2.006E-11, 2.466E-11) (-4.172E-13, 1.029E-12)  1.00E-07
  1.085E+02 9.98855E-22 -2.050E-02 (-1.999E-11, 2.445E-11) (-4.149E-13, 1.020E-12)  1.00E-07
  1.090E+02 9.86062E-22 -2.053E-02 (-1.992E-11, 2.425E-11) (-4.126E-13, 1.011E-12)  1.00E-07
  1.095E+02 9.73543E-22 -2.056E-02 (-1.985E-11, 2.405E-11) (-4.103E-13, 1.002E-12)  1.00E-07
  1.100E+02 9.61292E-22 -2.059E-02 (-1.978E-11, 2.386E-11) (-4.079E-13, 9.926E-13)  1.00E-07
  1.105E+02 9.49302E-22 -2.062E-02 (-1.970E-11, 2.366E-11) (-4.056E-13, 9.837E-13)  1.00E-07
  1.110E+02 9.37566E-22 -2.065E-02 (-1.964E-11, 2.347E-11) (-4.032E-13, 9.749E-13)  1.00E-07
  1.115E+02 9.26078E-22 -2.067E-02 (-1.957E-11, 2.328E-11) (-4.008E-13, 9.660E-13)  1.00E-07
  1.120E+02 9.14832E-22 -2.069E-02 (-1.950E-11, 2.310E-11) (-3.984E-13, 9.573E-13)  1.00E-07
  1.125E+02 9.03821E-22 -2.070E-02 (-1.943E-11, 2.292E-11) (-3.959E-13, 9.485E-13)  1.00E-07
  1.130E+02 8.93041E-22 -2.072E-02 (-1.936E-11, 2.274E-11) (-3.935E-13, 9.398E-13)  1.00E-07
  1.135E+02 8.82486E-22 -2.073E-02 (-1.930E-11, 2.256E-11) (-3.910E-13, 9.312E-13)  1.00E-07
  1.140E+02 8.72149E-22 -2.074E-02 (-1.923E-11, 2.239E-11) (-3.885E-13, 9.226E-13)  1.00E-07
  1.145E+02 8.62027E-22 -2.074E-02 (-1.917E-11, 2.222E-11) (-3.860E-13, 9.140E-13)  1.00E-07
  1.150E+02 8.52113E-22 -2.075E-02 (-1.910E-11, 2.205E-11) (-3.835E-13, 9.055E-13)  1.00E-07
  1.155E+02 8.42403E-22 -2.075E-02 (-1.904E-11, 2.189E-11) (-3.810E-13, 8.970E-13)  1.00E-07
  1.160E+02 8.32893E-22 -2.074E-02 (-1.897E-11, 2.172E-11) (-3.785E-13, 8.886E-13)  1.00E-07
  1.165E+02 8.23576E-22 -2.074E-02 (-1.891E-11, 2.156E-11) (-3.759E-13, 8.802E-13)  1.00E-07
  1.170E+02 8.14450E-22 -2.073E-02 (-1.885E-11, 2.141E-11) (-3.733E-13, 8.718E-13)  1.00E-07
  1.175E+02 8.05509E-22 -2.072E-02 (-1.879E-11, 2.125E-11) (-3.708E-13, 8.635E-13)  1.00E-07
  1.180E+02 7.96749E-22 -2.070E-02 (-1.873E-11, 2.110E-11) (-3.682E-13, 8.552E-13)  1.00E-07
  1.185E+02 7.88166E-22 -2.069E-02 (-1.867E-11, 2.095E-11) (-3.656E-13, 8.470E-13)  1.00E-07
  1.190E+02 7.79756E-22 -2.067E-02 (-1.861E-11, 2.080E-11) (-3.630E-13, 8.388E-13)  1.00E-07
  1.195E+02 7.71516E-22 -2.064E-02 (-1.855E-11, 2.066E-11) (-3.603E-13, 8.306E-13)  1.00E-07
  1.200E+02 7.63440E-22 -2.062E-02 (-1.849E-11, 2.051E-11) (-3.577E-13, 8.225E-13)  1.00E-07
  1.205E+02 7.55526E-22 -2.059E-02 (-1.843E-11, 2.037E-11) (-3.550E-13, 8.144E-13)  1.00E-07
  1.210E+02 7.47770E-22 -2.056E-02 (-1.837E-11, 2.023E-11) (-3.524E-13, 8.063E-13)  1.00E-07
  1.215E+02 7.40168E-22 -2.052E-02 (-1.832E-11, 2.010E-11) (-3.497E-13, 7.983E-13)  1.00E-07
  1.220E+02 7.32718E-22 -2.049E-02 (-1.826E-11, 1.996E-11) (-3.470E-13, 7.903E-13)  1.00E-07
  1.225E+02 7.25415E-22 -2.045E-02 (-1.821E-11, 1.983E-11) (-3.443E-13, 7.824E-13)  1.00E-07
  1.230E+02 7.18256E-22 -2.041E-02 (-1.815E-11, 1.970E-11) (-3.416E-13, 7.744E-13)  1.00E-07
  1.235E+02 7.11239E-22 -2.036E-02 (-1.810E-11, 1.957E-11) (-3.389E-13, 7.665E-13)  1.00E-07
  1.240E+02 7.04360E-22 -2.031E-02 (-1.804E-11, 1.944E-11) (-3.362E-13, 7.587E-13)  1.00E-07
  1.245E+02 6.97617E-22 -2.026E-02 (-1.799E-11, 1.932E-11) (-3.335E-13, 7.509E-13)  1.00E-07
  1.250E+02 6.91006E-22 -2.021E-02 (-1.794E-11, 1.920E-11) (-3.307E-13, 7.431E-13)  1.00E-07
  1.255E+02 6.84524E-22 -2.015E-02 (-1.789E-11, 1.908E-11) (-3.280E-13, 7.353E-13)  1.00E-07
  1.260E+02 6.78170E-22 -2.009E-02 (-1.784E-11, 1.896E-11) (-3.252E-13, 7.276E-13)  1.00E-07
  1.265E+02 6.71940E-22 -2.003E-02 (-1.779E-11, 1.884E-11) (-3.224E-13, 7.199E-13)  1.00E-07
  1.270E+02 6.65831E-22 -1.996E-02 (-1.774E-11, 1.873E-11) (-3.197E-13, 7.122E-13)  1.00E-07
  1.275E+02 6.59842E-22 -1.989E-02 (-1.769E-11, 1.861E-11) (-3.169E-13, 7.045E-13)  1.00E-07
  1.280E+02 6.53969E-22 -1.982E-02 (-1.764E-11, 1.850E-11) (-3.141E-13, 6.969E-13)  1.00E-07
  1.285E+02 6.48211E-22 -1.975E-02 (-1.759E-11, 1.839E-11) (-3.113E-13, 6.893E-13)  1.00E-07
  1.290E+02 6.42564E-22 -1.967E-02 (-1.754E-11, 1.828E-11) (-3.085E-13, 6.818E-13)  1.00E-07
  1.295E+02 6.37028E-22 -1.959E-02 (-1.749E-11, 1.818E-11) (-3.057E-13, 6.743E-13)  1.00E-07
  1.300E+02 6.31598E-22 -1.951E-02 (-1.745E-11, 1.807E-11) (-3.028E-13, 6.668E-13)  1.00E-07
  1.305E+02 6.26275E-22 -1.942E-02 (-1.740E-11, 1.797E-11) (-3.000E-13, 6.593E-13)  1.00E-07
  1.310E+02 6.21054E-22 -1.933E-02 (-1.736E-11, 1.787E-11) (-2.972E-13, 6.518E-13)  1.00E-07
  1.315E+02 6.15935E-22 -1.924E-02 (-1.731E-11, 1.777E-11) (-2.943E-13, 6.444E-13)  1.00E-07
  1.320E+02 6.10916E-22 -1.915E-02 (-1.727E-11, 1.767E-11) (-2.915E-13, 6.370E-13)  1.00E-07
  1.325E+02 6.05993E-22 -1.905E-02 (-1.722E-11, 1.757E-11) (-2.886E-13, 6.296E-13)  1.00E-07
  1.330E+02 6.01166E-22 -1.895E-02 (-1.718E-11, 1.748E-11) (-2.857E-13, 6.223E-13)  1.00E-07
  1.335E+02 5.96433E-22 -1.885E-02 (-1.714E-11, 1.739E-11) (-2.829E-13, 6.150E-13)  1.00E-07
  1.340E+02 5.91792E-22 -1.874E-02 (-1.709E-11, 1.729E-11) (-2.800E-13, 6.077E-13)  1.00E-07
  1.345E+02 5.87241E-22 -1.864E-02 (-1.705E-11, 1.720E-11) (-2.771E-13, 6.004E-13)  1.00E-07
  1.350E+02 5.82778E-22 -1.852E-02 (-1.701E-11, 1.712E-11) (-2.742E-13, 5.932E-13)  1.00E-07
  1.355E+02 5.78402E-22 -1.841E-02 (-1.697E-11, 1.703E-11) (-2.713E-13, 5.859E-13)  1.00E-07
  1.360E+02 5.74111E-22 -1.829E-02 (-1.693E-11, 1.694E-11) (-2.684E-13, 5.787E-13)  1.00E-07
  1.365E+02 5.69905E-22 -1.818E-02 (-1.689E-11, 1.686E-11) (-2.655E-13, 5.715E-13)  1.00E-07
  1.370E+02 5.65780E-22 -1.805E-02 (-1.685E-11, 1.677E-11) (-2.626E-13, 5.644E-13)  1.00E-07
  1.375E+02 5.61736E-22 -1.793E-02 (-1.681E-11, 1.669E-11) (-2.596E-13, 5.572E-13)  1.00E-07
  1.380E+02 5.57771E-22 -1.780E-02 (-1.678E-11, 1.661E-11) (-2.567E-13, 5.501E-13)  1.00E-07
  1.385E+02 5.53884E-22 -1.767E-02 (-1.674E-11, 1.653E-11) (-2.538E-13, 5.430E-13)  1.00E-07
  1.390E+02 5.50073E-22 -1.754E-02 (-1.670E-11, 1.645E-11) (-2.508E-13, 5.360E-13)  1.00E-07
  1.395E+02 5.46338E-22 -1.740E-02 (-1.667E-11, 1.638E-11) (-2.479E-13, 5.289E-13)  1.00E-07
  1.400E+02 5.42676E-22 -1.727E-02 (-1.663E-11, 1.630E-11) (-2.450E-13, 5.219E-13)  1.00E-07
  1.405E+02 5.39087E-22 -1.713E-02 (-1.659E-11, 1.623E-11) (-2.420E-13, 5.149E-13)  1.00E-07
  1.410E+02 5.35569E-22 -1.698E-02 (-1.656E-11, 1.616E-11) (-2.390E-13, 5.079E-13)  1.00E-07
  1.415E+02 5.32121E-22 -1.684E-02 (-1.652E-11, 1.609E-11) (-2.361E-13, 5.009E-13)  1.00E-07
  1.420E+02 5.28742E-22 -1.669E-02 (-1.649E-11, 1.602E-11) (-2.331E-13, 4.939E-13)  1.00E-07
  1.425E+02 5.25431E-22 -1.654E-02 (-1.646E-11, 1.595E-11) (-2.301E-13, 4.870E-13)  1.00E-07
  1.430E+02 5.22187E-22 -1.639E-02 (-1.642E-11, 1.588E-11) (-2.272E-13, 4.801E-13)  1.00E-07
  1.435E+02 5.19008E-22 -1.623E-02 (-1.639E-11, 1.581E-11) (-2.242E-13, 4.732E-13)  1.00E-07
  1.440E+02 5.15894E-22 -1.607E-02 (-1.636E-11, 1.575E-11) (-2.212E-13, 4.663E-13)  1.00E-07
  1.445E+02 5.12843E-22 -1.591E-02 (-1.633E-11, 1.568E-11) (-2.182E-13, 4.594E-13)  1.00E-07
  1.450E+02 5.09854E-22 -1.575E-02 (-1.630E-11, 1.562E-11) (-2.152E-13, 4.526E-13)  1.00E-07
  1.455E+02 5.06927E-22 -1.558E-02 (-1.627E-11, 1.556E-11) (-2.122E-13, 4.457E-13)  1.00E-07
  1.460E+02 5.04061E-22 -1.541E-02 (-1.624E-11, 1.550E-11) (-2.092E-13, 4.389E-13)  1.00E-07
  1.465E+02 5.01254E-22 -1.524E-02 (-1.621E-11, 1.544E-11) (-2.062E-13, 4.321E-13)  1.00E-07
  1.470E+02 4.98506E-22 -1.507E-02 (-1.618E-11, 1.538E-11) (-2.032E-13, 4.254E-13)  1.00E-07
  1.475E+02 4.95816E-22 -1.490E-02 (-1.615E-11, 1.532E-11) (-2.002E-13, 4.186E-13)  1.00E-07
  1.480E+02 4.93183E-22 -1.472E-02 (-1.612E-11, 1.527E-11) (-1.972E-13, 4.118E-13)  1.00E-07
  1.485E+02 4.90606E-22 -1.454E-02 (-1.610E-11, 1.521E-11) (-1.942E-13, 4.051E-13)  1.00E-07
  1.490E+02 4.88084E-22 -1.436E-02 (-1.607E-11, 1.516E-11) (-1.912E-13, 3.984E-13)  1.00E-07
  1.495E+02 4.85617E-22 -1.417E-02 (-1.604E-11, 1.510E-11) (-1.881E-13, 3.917E-13)  1.00E-07
  1.500E+02 4.83204E-22 -1.399E-02 (-1.602E-11, 1.505E-11) (-1.851E-13, 3.850E-13)  1.00E-07
  1.505E+02 4.80843E-22 -1.380E-02 (-1.599E-11, 1.500E-11) (-1.821E-13, 3.783E-13)  1.00E-07
  1.510E+02 4.78535E-22 -1.361E-02 (-1.596E-11, 1.495E-11) (-1.790E-13, 3.716E-13)  1.00E-07
  1.515E+02 4.76278E-22 -1.342E-02 (-1.594E-11, 1.490E-11) (-1.760E-13, 3.650E-13)  1.00E-07
  1.520E+02 4.74072E-22 -1.322E-02 (-1.592E-11, 1.485E-11) (-1.730E-13, 3.583E-13)  1.00E-07
  1.525E+02 4.71917E-22 -1.302E-02 (-1.589E-11, 1.481E-11) (-1.699E-13, 3.517E-13)  1.00E-07
  1.530E+02 4.69811E-22 -1.283E-02 (-1.587E-11, 1.476E-11) (-1.669E-13, 3.451E-13)  1.00E-07
  1.535E+02 4.67753E-22 -1.262E-02 (-1.585E-11, 1.472E-11) (-1.638E-13, 3.385E-13)  1.00E-07
  1.540E+02 4.65744E-22 -1.242E-02 (-1.582E-11, 1.467E-11) (-1.608E-13, 3.319E-13)  1.00E-07
  1.545E+02 4.63783E-22 -1.222E-02 (-1.580E-11, 1.463E-11) (-1.577E-13, 3.253E-13)  1.00E-07
  1.550E+02 4.61869E-22 -1.201E-02 (-1.578E-11, 1.459E-11) (-1.547E-13, 3.188E-13)  1.00E-07
  1.555E+02 4.60001E-22 -1.180E-02 (-1.576E-11, 1.455E-11) (-1.516E-13, 3.122E-13)  1.00E-07
  1.560E+02 4.58179E-22 -1.159E-02 (-1.574E-11, 1.450E-11) (-1.486E-13, 3.057E-13)  1.00E-07
  1.565E+02 4.56402E-22 -1.138E-02 (-1.572E-11, 1.447E-11) (-1.455E-13, 2.991E-13)  1.00E-07
  1.570E+02 4.54671E-22 -1.117E-02 (-1.570E-11, 1.443E-11) (-1.424E-13, 2.926E-13)  1.00E-07
  1.575E+02 4.52983E-22 -1.095E-02 (-1.568E-11, 1.439E-11) (-1.394E-13, 2.861E-13)  1.00E-07
  1.580E+02 4.51340E-22 -1.073E-02 (-1.566E-11, 1.435E-11) (-1.363E-13, 2.796E-13)  1.00E-07
  1.585E+02 4.49740E-22 -1.051E-02 (-1.564E-11, 1.432E-11) (-1.332E-13, 2.731E-13)  1.00E-07
  1.590E+02 4.48183E-22 -1.029E-02 (-1.562E-11, 1.428E-11) (-1.302E-13, 2.666E-13)  1.00E-07
  1.595E+02 4.46668E-22 -1.007E-02 (-1.561E-11, 1.425E-11) (-1.271E-13, 2.601E-13)  1.00E-07
  1.600E+02 4.45195E-22 -9.845E-03 (-1.559E-11, 1.422E-11) (-1.240E-13, 2.537E-13)  1.00E-07
  1.605E+02 4.43764E-22 -9.620E-03 (-1.557E-11, 1.418E-11) (-1.209E-13, 2.472E-13)  1.00E-07
  1.610E+02 4.42374E-22 -9.392E-03 (-1.556E-11, 1.415E-11) (-1.178E-13, 2.408E-13)  1.00E-07
  1.615E+02 4.41025E-22 -9.164E-03 (-1.554E-11, 1.412E-11) (-1.148E-13, 2.343E-13)  1.00E-07
  1.620E+02 4.39716E-22 -8.934E-03 (-1.552E-11, 1.409E-11) (-1.117E-13, 2.279E-13)  1.00E-07
  1.625E+02 4.38448E-22 -8.702E-03 (-1.551E-11, 1.407E-11) (-1.086E-13, 2.215E-13)  1.00E-07
  1.630E+02 4.37218E-22 -8.469E-03 (-1.549E-11, 1.404E-11) (-1.055E-13, 2.151E-13)  1.00E-07
  1.635E+02 4.36029E-22 -8.235E-03 (-1.548E-11, 1.401E-11) (-1.024E-13, 2.087E-13)  1.00E-07
  1.640E+02 4.34878E-22 -7.999E-03 (-1.547E-11, 1.399E-11) (-9.934E-14, 2.023E-13)  1.00E-07
  1.645E+02 4.33766E-22 -7.763E-03 (-1.545E-11, 1.396E-11) (-9.625E-14, 1.959E-13)  1.00E-07
  1.650E+02 4.32692E-22 -7.524E-03 (-1.544E-11, 1.394E-11) (-9.315E-14, 1.895E-13)  1.00E-07
  1.655E+02 4.31656E-22 -7.285E-03 (-1.543E-11, 1.391E-11) (-9.006E-14, 1.831E-13)  1.00E-07
  1.660E+02 4.30658E-22 -7.045E-03 (-1.542E-11, 1.389E-11) (-8.697E-14, 1.767E-13)  1.00E-07
  1.665E+02 4.29697E-22 -6.803E-03 (-1.541E-11, 1.387E-11) (-8.387E-14, 1.704E-13)  1.00E-07
  1.670E+02 4.28774E-22 -6.561E-03 (-1.539E-11, 1.385E-11) (-8.077E-14, 1.640E-13)  1.00E-07
  1.675E+02 4.27887E-22 -6.317E-03 (-1.538E-11, 1.383E-11) (-7.768E-14, 1.577E-13)  1.00E-07
  1.680E+02 4.27038E-22 -6.072E-03 (-1.537E-11, 1.381E-11) (-7.458E-14, 1.513E-13)  1.00E-07
  1.685E+02 4.26224E-22 -5.827E-03 (-1.536E-11, 1.379E-11) (-7.148E-14, 1.450E-13)  1.00E-07
  1.690E+02 4.25447E-22 -5.580E-03 (-1.535E-11, 1.377E-11) (-6.838E-14, 1.386E-13)  1.00E-07
  1.695E+02 4.24706E-22 -5.332E-03 (-1.535E-11, 1.375E-11) (-6.527E-14, 1.323E-13)  1.00E-07
  1.700E+02 4.24001E-22 -5.084E-03 (-1.534E-11, 1.374E-11) (-6.217E-14, 1.260E-13)  1.00E-07
  1.705E+02 4.23331E-22 -4.835E-03 (-1.533E-11, 1.372E-11) (-5.907E-14, 1.196E-13)  1.00E-07
  1.710E+02 4.22697E-22 -4.585E-03 (-1.532E-11, 1.371E-11) (-5.596E-14, 1.133E-13)  1.00E-07
  1.715E+02 4.22098E-22 -4.334E-03 (-1.531E-11, 1.370E-11) (-5.286E-14, 1.070E-13)  1.00E-07
  1.720E+02 4.21534E-22 -4.083E-03 (-1.531E-11, 1.368E-11) (-4.975E-14, 1.007E-13)  1.00E-07
  1.725E+02 4.21005E-22 -3.831E-03 (-1.530E-11, 1.367E-11) (-4.665E-14, 9.438E-14)  1.00E-07
  1.730E+02 4.20511E-22 -3.578E-03 (-1.529E-11, 1.366E-11) (-4.354E-14, 8.808E-14)  1.00E-07
  1.735E+02 4.20052E-22 -3.325E-03 (-1.529E-11, 1.365E-11) (-4.043E-14, 8.177E-14)  1.00E-07
  1.740E+02 4.19627E-22 -3.071E-03 (-1.528E-11, 1.364E-11) (-3.732E-14, 7.547E-14)  1.00E-07
  1.745E+02 4.19236E-22 -2.817E-03 (-1.528E-11, 1.363E-11) (-3.422E-14, 6.917E-14)  1.00E-07
  1.750E+02 4.18880E-22 -2.563E-03 (-1.527E-11, 1.362E-11) (-3.111E-14, 6.288E-14)  1.00E-07
  1.755E+02 4.18558E-22 -2.307E-03 (-1.527E-11, 1.361E-11) (-2.800E-14, 5.658E-14)  1.00E-07
  1.760E+02 4.18270E-22 -2.052E-03 (-1.527E-11, 1.361E-11) (-2.489E-14, 5.029E-14)  1.00E-07
  1.765E+02 4.18016E-22 -1.796E-03 (-1.526E-11, 1.360E-11) (-2.178E-14, 4.400E-14)  1.00E-07
  1.770E+02 4.17797E-22 -1.540E-03 (-1.526E-11, 1.360E-11) (-1.867E-14, 3.771E-14)  1.00E-07
  1.775E+02 4.17611E-22 -1.284E-03 (-1.526E-11, 1.359E-11) (-1.556E-14, 3.143E-14)  1.00E-07
  1.780E+02 4.17459E-22 -1.027E-03 (-1.526E-11, 1.359E-11) (-1.244E-14, 2.514E-14)  1.00E-07
  1.785E+02 4.17340E-22 -7.706E-04 (-1.526E-11, 1.359E-11) (-9.334E-15, 1.885E-14)  1.00E-07
  1.790E+02 4.17256E-22 -5.138E-04 (-1.525E-11, 1.358E-11) (-6.223E-15, 1.257E-14)  1.00E-07
  1.795E+02 4.17205E-22 -2.569E-04 (-1.525E-11, 1.358E-11) (-3.111E-15, 6.284E-15)  1.00E-07
  1.800E+02 4.17189E-22 -3.606E-18 (-1.525E-11, 1.358E-11) (-4.366E-29, 8.819E-29)  1.00E-07

  TOTAL ELASTIC CROSS SECTION = 9.451241E-18 cm**2
               FROM DCS TABLE = 9.448280E-18  (REL. DIF. = 3.13E-04)

  1ST TRANSPORT CROSS SECTION = 6.083502E-20 cm**2
               FROM DCS TABLE = 6.083381E-20  (REL. DIF. = 1.99E-05)

  2ND TRANSPORT CROSS SECTION = 1.504367E-19 cm**2

  **** DPWA0 ENDED ************************************************************

