 #  Scattering field.
 #  All quantities in atomic units (a.u.), unless otherwise indicated.
 #  Z =  14, NELEC =  14,   projectile: electron
 #  Kinetic energy = 9.18733E+02 a.u. = 2.50000E+04 eV
 #
 #   i       r           r*V         r*Vst        r*Vex       r*Vpol       r*Wabs        rho_e
 #------------------------------------------------------------------------------------------------
     1  0.00000E+00 -0.00000E+00 -0.00000E+00  0.00000E+00  0.00000E+00  0.00000E+00  1.92903E+03
     2  1.50199E-07 -4.38579E-02 -4.38579E-02 -3.10727E-09  0.00000E+00  0.00000E+00  1.92903E+03
     3  3.04072E-07 -8.87879E-02 -8.87879E-02 -6.28918E-09  0.00000E+00  0.00000E+00  1.92860E+03
     4  4.61705E-07 -1.34815E-01 -1.34815E-01 -9.54749E-09  0.00000E+00  0.00000E+00  1.92817E+03
     5  6.23190E-07 -1.81965E-01 -1.81965E-01 -1.28841E-08  0.00000E+00  0.00000E+00  1.92773E+03
     6  7.88622E-07 -2.30265E-01 -2.30265E-01 -1.63008E-08  0.00000E+00  0.00000E+00  1.92729E+03
     7  9.58096E-07 -2.79742E-01 -2.79742E-01 -1.97997E-08  0.00000E+00  0.00000E+00  1.92685E+03
     8  1.13171E-06 -3.30424E-01 -3.30424E-01 -2.33828E-08  0.00000E+00  0.00000E+00  1.92639E+03
     9  1.30957E-06 -3.82340E-01 -3.82340E-01 -2.70522E-08  0.00000E+00  0.00000E+00  1.92593E+03
    10  1.49178E-06 -4.35519E-01 -4.35519E-01 -3.08099E-08  0.00000E+00  0.00000E+00  1.92547E+03
    11  1.67844E-06 -4.89990E-01 -4.89989E-01 -3.46582E-08  0.00000E+00  0.00000E+00  1.92500E+03
    12  1.86965E-06 -5.45783E-01 -5.45783E-01 -3.85993E-08  0.00000E+00  0.00000E+00  1.92453E+03
    13  2.06555E-06 -6.02930E-01 -6.02930E-01 -4.26356E-08  0.00000E+00  0.00000E+00  1.92405E+03
    14  2.26623E-06 -6.61462E-01 -6.61462E-01 -4.67695E-08  0.00000E+00  0.00000E+00  1.92357E+03
    15  2.47181E-06 -7.21410E-01 -7.21410E-01 -5.10034E-08  0.00000E+00  0.00000E+00  1.92309E+03
    16  2.68242E-06 -7.82809E-01 -7.82809E-01 -5.53398E-08  0.00000E+00  0.00000E+00  1.92260E+03
    17  2.89818E-06 -8.45691E-01 -8.45691E-01 -5.97814E-08  0.00000E+00  0.00000E+00  1.92210E+03
    18  3.11920E-06 -9.10089E-01 -9.10089E-01 -6.43308E-08  0.00000E+00  0.00000E+00  1.92161E+03
    19  3.34563E-06 -9.76039E-01 -9.76039E-01 -6.89908E-08  0.00000E+00  0.00000E+00  1.92111E+03
    20  3.57759E-06 -1.04358E+00 -1.04358E+00 -7.37643E-08  0.00000E+00  0.00000E+00  1.92060E+03
    21  3.81523E-06 -1.11274E+00 -1.11273E+00 -7.86543E-08  0.00000E+00  0.00000E+00  1.92010E+03
    22  4.05867E-06 -1.18355E+00 -1.18355E+00 -8.36637E-08  0.00000E+00  0.00000E+00  1.91959E+03
    23  4.30805E-06 -1.25607E+00 -1.25607E+00 -8.87957E-08  0.00000E+00  0.00000E+00  1.91907E+03
    24  4.56354E-06 -1.33031E+00 -1.33031E+00 -9.40535E-08  0.00000E+00  0.00000E+00  1.91856E+03
    25  4.82526E-06 -1.40633E+00 -1.40633E+00 -9.94406E-08  0.00000E+00  0.00000E+00  1.91805E+03
    26  5.09338E-06 -1.48415E+00 -1.48415E+00 -1.04960E-07  0.00000E+00  0.00000E+00  1.91753E+03
    27  5.36806E-06 -1.56383E+00 -1.56383E+00 -1.10616E-07  0.00000E+00  0.00000E+00  1.91701E+03
    28  5.64944E-06 -1.64539E+00 -1.64539E+00 -1.16412E-07  0.00000E+00  0.00000E+00  1.91650E+03
    29  5.93771E-06 -1.72888E+00 -1.72888E+00 -1.22352E-07  0.00000E+00  0.00000E+00  1.91598E+03
    30  6.23301E-06 -1.81434E+00 -1.81434E+00 -1.28440E-07  0.00000E+00  0.00000E+00  1.91546E+03
    31  6.53554E-06 -1.90181E+00 -1.90181E+00 -1.34679E-07  0.00000E+00  0.00000E+00  1.91495E+03
    32  6.84546E-06 -1.99133E+00 -1.99133E+00 -1.41075E-07  0.00000E+00  0.00000E+00  1.91444E+03
    33  7.16295E-06 -2.08293E+00 -2.08293E+00 -1.47632E-07  0.00000E+00  0.00000E+00  1.91392E+03
    34  7.48820E-06 -2.17668E+00 -2.17668E+00 -1.54353E-07  0.00000E+00  0.00000E+00  1.91341E+03
    35  7.82140E-06 -2.27259E+00 -2.27259E+00 -1.61245E-07  0.00000E+00  0.00000E+00  1.91291E+03
    36  8.16274E-06 -2.37073E+00 -2.37073E+00 -1.68312E-07  0.00000E+00  0.00000E+00  1.91241E+03
    37  8.51242E-06 -2.47112E+00 -2.47112E+00 -1.75559E-07  0.00000E+00  0.00000E+00  1.91191E+03
    38  8.87065E-06 -2.57382E+00 -2.57382E+00 -1.82992E-07  0.00000E+00  0.00000E+00  1.91141E+03
    39  9.23763E-06 -2.67886E+00 -2.67886E+00 -1.90615E-07  0.00000E+00  0.00000E+00  1.91093E+03
    40  9.61359E-06 -2.78628E+00 -2.78628E+00 -1.98436E-07  0.00000E+00  0.00000E+00  1.91044E+03
    41  9.99872E-06 -2.89614E+00 -2.89614E+00 -2.06461E-07  0.00000E+00  0.00000E+00  1.90997E+03
    42  1.03933E-05 -3.00846E+00 -3.00846E+00 -2.14695E-07  0.00000E+00  0.00000E+00  1.90950E+03
    43  1.07975E-05 -3.12329E+00 -3.12329E+00 -2.23145E-07  0.00000E+00  0.00000E+00  1.90904E+03
    44  1.12115E-05 -3.24067E+00 -3.24067E+00 -2.31818E-07  0.00000E+00  0.00000E+00  1.90859E+03
    45  1.16357E-05 -3.36063E+00 -3.36063E+00 -2.40722E-07  0.00000E+00  0.00000E+00  1.90815E+03
    46  1.20703E-05 -3.48323E+00 -3.48323E+00 -2.49864E-07  0.00000E+00  0.00000E+00  1.90772E+03
    47  1.25155E-05 -3.60848E+00 -3.60848E+00 -2.59252E-07  0.00000E+00  0.00000E+00  1.90730E+03
    48  1.29715E-05 -3.73644E+00 -3.73644E+00 -2.68894E-07  0.00000E+00  0.00000E+00  1.90689E+03
    49  1.34387E-05 -3.86714E+00 -3.86714E+00 -2.78800E-07  0.00000E+00  0.00000E+00  1.90649E+03
    50  1.39173E-05 -4.00060E+00 -4.00060E+00 -2.88978E-07  0.00000E+00  0.00000E+00  1.90611E+03
    51  1.44076E-05 -4.13685E+00 -4.13685E+00 -2.99438E-07  0.00000E+00  0.00000E+00  1.90574E+03
    52  1.49099E-05 -4.27594E+00 -4.27594E+00 -3.10191E-07  0.00000E+00  0.00000E+00  1.90538E+03
    53  1.54245E-05 -4.41788E+00 -4.41788E+00 -3.21246E-07  0.00000E+00  0.00000E+00  1.90504E+03
    54  1.59517E-05 -4.56269E+00 -4.56269E+00 -3.32616E-07  0.00000E+00  0.00000E+00  1.90471E+03
    55  1.64917E-05 -4.71040E+00 -4.71040E+00 -3.44311E-07  0.00000E+00  0.00000E+00  1.90440E+03
    56  1.70449E-05 -4.86102E+00 -4.86102E+00 -3.56346E-07  0.00000E+00  0.00000E+00  1.90410E+03
    57  1.76117E-05 -5.01457E+00 -5.01457E+00 -3.68732E-07  0.00000E+00  0.00000E+00  1.90382E+03
    58  1.81923E-05 -5.17105E+00 -5.17105E+00 -3.81483E-07  0.00000E+00  0.00000E+00  1.90356E+03
    59  1.87870E-05 -5.33047E+00 -5.33047E+00 -3.94615E-07  0.00000E+00  0.00000E+00  1.90332E+03
    60  1.93964E-05 -5.49283E+00 -5.49283E+00 -4.08143E-07  0.00000E+00  0.00000E+00  1.90309E+03
    61  2.00206E-05 -5.65811E+00 -5.65811E+00 -4.22083E-07  0.00000E+00  0.00000E+00  1.90288E+03
    62  2.06600E-05 -5.82631E+00 -5.82630E+00 -4.36453E-07  0.00000E+00  0.00000E+00  1.90268E+03
    63  2.13151E-05 -5.99740E+00 -5.99740E+00 -4.51271E-07  0.00000E+00  0.00000E+00  1.90250E+03
    64  2.19862E-05 -6.17135E+00 -6.17135E+00 -4.66557E-07  0.00000E+00  0.00000E+00  1.90234E+03
    65  2.26737E-05 -6.34814E+00 -6.34814E+00 -4.82331E-07  0.00000E+00  0.00000E+00  1.90219E+03
    66  2.33780E-05 -6.52770E+00 -6.52770E+00 -4.98616E-07  0.00000E+00  0.00000E+00  1.90205E+03
    67  2.40995E-05 -6.71000E+00 -6.71000E+00 -5.15435E-07  0.00000E+00  0.00000E+00  1.90193E+03
    68  2.48387E-05 -6.89496E+00 -6.89496E+00 -5.32813E-07  0.00000E+00  0.00000E+00  1.90182E+03
    69  2.55959E-05 -7.08250E+00 -7.08250E+00 -5.50776E-07  0.00000E+00  0.00000E+00  1.90172E+03
    70  2.63716E-05 -7.27253E+00 -7.27253E+00 -5.69353E-07  0.00000E+00  0.00000E+00  1.90162E+03
    71  2.71663E-05 -7.46496E+00 -7.46496E+00 -5.88574E-07  0.00000E+00  0.00000E+00  1.90153E+03
    72  2.79804E-05 -7.65965E+00 -7.65965E+00 -6.08470E-07  0.00000E+00  0.00000E+00  1.90144E+03
    73  2.88144E-05 -7.85649E+00 -7.85649E+00 -6.29077E-07  0.00000E+00  0.00000E+00  1.90135E+03
    74  2.96687E-05 -8.05531E+00 -8.05531E+00 -6.50431E-07  0.00000E+00  0.00000E+00  1.90125E+03
    75  3.05440E-05 -8.25595E+00 -8.25595E+00 -6.72572E-07  0.00000E+00  0.00000E+00  1.90114E+03
    76  3.14406E-05 -8.45823E+00 -8.45822E+00 -6.95546E-07  0.00000E+00  0.00000E+00  1.90104E+03
    77  3.23591E-05 -8.66193E+00 -8.66192E+00 -7.19398E-07  0.00000E+00  0.00000E+00  1.90092E+03
    78  3.33001E-05 -8.86682E+00 -8.86682E+00 -7.44181E-07  0.00000E+00  0.00000E+00  1.90080E+03
    79  3.42641E-05 -9.07266E+00 -9.07266E+00 -7.69949E-07  0.00000E+00  0.00000E+00  1.90068E+03
    80  3.52517E-05 -9.27917E+00 -9.27917E+00 -7.96761E-07  0.00000E+00  0.00000E+00  1.90054E+03
    81  3.62634E-05 -9.48605E+00 -9.48605E+00 -8.24683E-07  0.00000E+00  0.00000E+00  1.90041E+03
    82  3.72998E-05 -9.69298E+00 -9.69297E+00 -8.53784E-07  0.00000E+00  0.00000E+00  1.90026E+03
    83  3.83615E-05 -9.89959E+00 -9.89959E+00 -8.84140E-07  0.00000E+00  0.00000E+00  1.90011E+03
    84  3.94492E-05 -1.01055E+01 -1.01055E+01 -9.15833E-07  0.00000E+00  0.00000E+00  1.89995E+03
    85  4.05634E-05 -1.03104E+01 -1.03104E+01 -9.48952E-07  0.00000E+00  0.00000E+00  1.89978E+03
    86  4.17049E-05 -1.05137E+01 -1.05137E+01 -9.83593E-07  0.00000E+00  0.00000E+00  1.89961E+03
    87  4.28743E-05 -1.07150E+01 -1.07150E+01 -1.01986E-06  0.00000E+00  0.00000E+00  1.89943E+03
    88  4.40723E-05 -1.09139E+01 -1.09139E+01 -1.05787E-06  0.00000E+00  0.00000E+00  1.89924E+03
    89  4.52995E-05 -1.11098E+01 -1.11098E+01 -1.09774E-06  0.00000E+00  0.00000E+00  1.89904E+03
    90  4.65567E-05 -1.13022E+01 -1.13022E+01 -1.13961E-06  0.00000E+00  0.00000E+00  1.89883E+03
    91  4.78447E-05 -1.14906E+01 -1.14906E+01 -1.18362E-06  0.00000E+00  0.00000E+00  1.89861E+03
    92  4.91641E-05 -1.16744E+01 -1.16744E+01 -1.22993E-06  0.00000E+00  0.00000E+00  1.89838E+03
    93  5.05158E-05 -1.18530E+01 -1.18530E+01 -1.27869E-06  0.00000E+00  0.00000E+00  1.89815E+03
    94  5.19005E-05 -1.20260E+01 -1.20260E+01 -1.33010E-06  0.00000E+00  0.00000E+00  1.89790E+03
    95  5.33190E-05 -1.21927E+01 -1.21927E+01 -1.38435E-06  0.00000E+00  0.00000E+00  1.89764E+03
    96  5.47722E-05 -1.23527E+01 -1.23527E+01 -1.44163E-06  0.00000E+00  0.00000E+00  1.89737E+03
    97  5.62609E-05 -1.25054E+01 -1.25054E+01 -1.50217E-06  0.00000E+00  0.00000E+00  1.89710E+03
    98  5.77860E-05 -1.26505E+01 -1.26505E+01 -1.56620E-06  0.00000E+00  0.00000E+00  1.89681E+03
    99  5.93484E-05 -1.27875E+01 -1.27875E+01 -1.63396E-06  0.00000E+00  0.00000E+00  1.89651E+03
   100  6.09490E-05 -1.29162E+01 -1.29162E+01 -1.70571E-06  0.00000E+00  0.00000E+00  1.89619E+03
   101  6.25886E-05 -1.30363E+01 -1.30363E+01 -1.78171E-06  0.00000E+00  0.00000E+00  1.89587E+03
   102  6.42684E-05 -1.31477E+01 -1.31477E+01 -1.86223E-06  0.00000E+00  0.00000E+00  1.89553E+03
   103  6.59892E-05 -1.32502E+01 -1.32502E+01 -1.94757E-06  0.00000E+00  0.00000E+00  1.89519E+03
   104  6.77520E-05 -1.33441E+01 -1.33441E+01 -2.03800E-06  0.00000E+00  0.00000E+00  1.89483E+03
   105  6.95579E-05 -1.34294E+01 -1.34294E+01 -2.13383E-06  0.00000E+00  0.00000E+00  1.89446E+03
   106  7.14080E-05 -1.35063E+01 -1.35063E+01 -2.23536E-06  0.00000E+00  0.00000E+00  1.89408E+03
   107  7.33032E-05 -1.35752E+01 -1.35752E+01 -2.34290E-06  0.00000E+00  0.00000E+00  1.89368E+03
   108  7.52448E-05 -1.36365E+01 -1.36365E+01 -2.45676E-06  0.00000E+00  0.00000E+00  1.89328E+03
   109  7.72338E-05 -1.36907E+01 -1.36907E+01 -2.57727E-06  0.00000E+00  0.00000E+00  1.89286E+03
   110  7.92715E-05 -1.37381E+01 -1.37381E+01 -2.70473E-06  0.00000E+00  0.00000E+00  1.89243E+03
   111  8.13589E-05 -1.37794E+01 -1.37794E+01 -2.83950E-06  0.00000E+00  0.00000E+00  1.89200E+03
   112  8.34973E-05 -1.38152E+01 -1.38152E+01 -2.98190E-06  0.00000E+00  0.00000E+00  1.89155E+03
   113  8.56880E-05 -1.38459E+01 -1.38458E+01 -3.13228E-06  0.00000E+00  0.00000E+00  1.89109E+03
   114  8.79323E-05 -1.38720E+01 -1.38720E+01 -3.29100E-06  0.00000E+00  0.00000E+00  1.89062E+03
   115  9.02313E-05 -1.38942E+01 -1.38942E+01 -3.45845E-06  0.00000E+00  0.00000E+00  1.89015E+03
   116  9.25866E-05 -1.39128E+01 -1.39128E+01 -3.63499E-06  0.00000E+00  0.00000E+00  1.88966E+03
   117  9.49994E-05 -1.39284E+01 -1.39284E+01 -3.82105E-06  0.00000E+00  0.00000E+00  1.88917E+03
   118  9.74712E-05 -1.39413E+01 -1.39413E+01 -4.01704E-06  0.00000E+00  0.00000E+00  1.88866E+03
   119  1.00003E-04 -1.39519E+01 -1.39519E+01 -4.22340E-06  0.00000E+00  0.00000E+00  1.88815E+03
   120  1.02597E-04 -1.39606E+01 -1.39606E+01 -4.44060E-06  0.00000E+00  0.00000E+00  1.88763E+03
   121  1.05255E-04 -1.39677E+01 -1.39677E+01 -4.66914E-06  0.00000E+00  0.00000E+00  1.88710E+03
   122  1.07977E-04 -1.39734E+01 -1.39734E+01 -4.90952E-06  0.00000E+00  0.00000E+00  1.88657E+03
   123  1.10766E-04 -1.39779E+01 -1.39779E+01 -5.16229E-06  0.00000E+00  0.00000E+00  1.88602E+03
   124  1.13623E-04 -1.39815E+01 -1.39815E+01 -5.42803E-06  0.00000E+00  0.00000E+00  1.88547E+03
   125  1.16550E-04 -1.39843E+01 -1.39843E+01 -5.70733E-06  0.00000E+00  0.00000E+00  1.88492E+03
   126  1.19549E-04 -1.39865E+01 -1.39865E+01 -6.00083E-06  0.00000E+00  0.00000E+00  1.88435E+03
   127  1.22620E-04 -1.39882E+01 -1.39882E+01 -6.30920E-06  0.00000E+00  0.00000E+00  1.88378E+03
   128  1.25767E-04 -1.39895E+01 -1.39895E+01 -6.63315E-06  0.00000E+00  0.00000E+00  1.88320E+03
   129  1.28991E-04 -1.39904E+01 -1.39904E+01 -6.97341E-06  0.00000E+00  0.00000E+00  1.88261E+03
   130  1.32293E-04 -1.39911E+01 -1.39911E+01 -7.33077E-06  0.00000E+00  0.00000E+00  1.88201E+03
   131  1.35676E-04 -1.39915E+01 -1.39915E+01 -7.70604E-06  0.00000E+00  0.00000E+00  1.88141E+03
   132  1.39142E-04 -1.39918E+01 -1.39918E+01 -8.10010E-06  0.00000E+00  0.00000E+00  1.88080E+03
   133  1.42693E-04 -1.39920E+01 -1.39920E+01 -8.51385E-06  0.00000E+00  0.00000E+00  1.88019E+03
   134  1.46330E-04 -1.39921E+01 -1.39921E+01 -8.94824E-06  0.00000E+00  0.00000E+00  1.87957E+03
   135  1.50056E-04 -1.39921E+01 -1.39921E+01 -9.40427E-06  0.00000E+00  0.00000E+00  1.87894E+03
   136  1.53874E-04 -1.39921E+01 -1.39921E+01 -9.88300E-06  0.00000E+00  0.00000E+00  1.87830E+03
   137  1.57784E-04 -1.39920E+01 -1.39920E+01 -1.03855E-05  0.00000E+00  0.00000E+00  1.87766E+03
   138  1.61790E-04 -1.39918E+01 -1.39918E+01 -1.09130E-05  0.00000E+00  0.00000E+00  1.87701E+03
   139  1.65894E-04 -1.39917E+01 -1.39917E+01 -1.14666E-05  0.00000E+00  0.00000E+00  1.87635E+03
   140  1.70098E-04 -1.39915E+01 -1.39915E+01 -1.20477E-05  0.00000E+00  0.00000E+00  1.87569E+03
   141  1.74405E-04 -1.39913E+01 -1.39913E+01 -1.26576E-05  0.00000E+00  0.00000E+00  1.87502E+03
   142  1.78818E-04 -1.39911E+01 -1.39911E+01 -1.32976E-05  0.00000E+00  0.00000E+00  1.87434E+03
   143  1.83338E-04 -1.39909E+01 -1.39909E+01 -1.39693E-05  0.00000E+00  0.00000E+00  1.87366E+03
   144  1.87968E-04 -1.39907E+01 -1.39907E+01 -1.46741E-05  0.00000E+00  0.00000E+00  1.87297E+03
   145  1.92712E-04 -1.39905E+01 -1.39905E+01 -1.54138E-05  0.00000E+00  0.00000E+00  1.87227E+03
   146  1.97572E-04 -1.39902E+01 -1.39902E+01 -1.61899E-05  0.00000E+00  0.00000E+00  1.87156E+03
   147  2.02550E-04 -1.39900E+01 -1.39900E+01 -1.70043E-05  0.00000E+00  0.00000E+00  1.87085E+03
   148  2.07650E-04 -1.39898E+01 -1.39897E+01 -1.78587E-05  0.00000E+00  0.00000E+00  1.87013E+03
   149  2.12875E-04 -1.39895E+01 -1.39895E+01 -1.87553E-05  0.00000E+00  0.00000E+00  1.86940E+03
   150  2.18227E-04 -1.39892E+01 -1.39892E+01 -1.96959E-05  0.00000E+00  0.00000E+00  1.86867E+03
   151  2.23710E-04 -1.39890E+01 -1.39889E+01 -2.06827E-05  0.00000E+00  0.00000E+00  1.86793E+03
   152  2.29327E-04 -1.39887E+01 -1.39887E+01 -2.17180E-05  0.00000E+00  0.00000E+00  1.86718E+03
   153  2.35082E-04 -1.39884E+01 -1.39884E+01 -2.28041E-05  0.00000E+00  0.00000E+00  1.86642E+03
   154  2.40977E-04 -1.39881E+01 -1.39881E+01 -2.39435E-05  0.00000E+00  0.00000E+00  1.86565E+03
   155  2.47016E-04 -1.39878E+01 -1.39878E+01 -2.51386E-05  0.00000E+00  0.00000E+00  1.86488E+03
   156  2.53203E-04 -1.39875E+01 -1.39875E+01 -2.63923E-05  0.00000E+00  0.00000E+00  1.86410E+03
   157  2.59540E-04 -1.39872E+01 -1.39872E+01 -2.77073E-05  0.00000E+00  0.00000E+00  1.86331E+03
   158  2.66033E-04 -1.39869E+01 -1.39868E+01 -2.90866E-05  0.00000E+00  0.00000E+00  1.86251E+03
   159  2.72685E-04 -1.39866E+01 -1.39865E+01 -3.05333E-05  0.00000E+00  0.00000E+00  1.86170E+03
   160  2.79498E-04 -1.39862E+01 -1.39862E+01 -3.20506E-05  0.00000E+00  0.00000E+00  1.86089E+03
   161  2.86479E-04 -1.39859E+01 -1.39858E+01 -3.36419E-05  0.00000E+00  0.00000E+00  1.86006E+03
   162  2.93630E-04 -1.39855E+01 -1.39855E+01 -3.53107E-05  0.00000E+00  0.00000E+00  1.85923E+03
   163  3.00956E-04 -1.39852E+01 -1.39851E+01 -3.70609E-05  0.00000E+00  0.00000E+00  1.85839E+03
   164  3.08461E-04 -1.39848E+01 -1.39848E+01 -3.88961E-05  0.00000E+00  0.00000E+00  1.85754E+03
   165  3.16149E-04 -1.39844E+01 -1.39844E+01 -4.08207E-05  0.00000E+00  0.00000E+00  1.85667E+03
   166  3.24025E-04 -1.39840E+01 -1.39840E+01 -4.28387E-05  0.00000E+00  0.00000E+00  1.85580E+03
   167  3.32093E-04 -1.39836E+01 -1.39836E+01 -4.49547E-05  0.00000E+00  0.00000E+00  1.85492E+03
   168  3.40359E-04 -1.39832E+01 -1.39832E+01 -4.71733E-05  0.00000E+00  0.00000E+00  1.85403E+03
   169  3.48827E-04 -1.39828E+01 -1.39828E+01 -4.94995E-05  0.00000E+00  0.00000E+00  1.85313E+03
   170  3.57501E-04 -1.39824E+01 -1.39823E+01 -5.19383E-05  0.00000E+00  0.00000E+00  1.85221E+03
   171  3.66388E-04 -1.39819E+01 -1.39819E+01 -5.44951E-05  0.00000E+00  0.00000E+00  1.85129E+03
   172  3.75492E-04 -1.39815E+01 -1.39814E+01 -5.71755E-05  0.00000E+00  0.00000E+00  1.85035E+03
   173  3.84818E-04 -1.39810E+01 -1.39810E+01 -5.99855E-05  0.00000E+00  0.00000E+00  1.84941E+03
   174  3.94372E-04 -1.39806E+01 -1.39805E+01 -6.29310E-05  0.00000E+00  0.00000E+00  1.84845E+03
   175  4.04159E-04 -1.39801E+01 -1.39800E+01 -6.60186E-05  0.00000E+00  0.00000E+00  1.84748E+03
   176  4.14186E-04 -1.39796E+01 -1.39795E+01 -6.92549E-05  0.00000E+00  0.00000E+00  1.84650E+03
   177  4.24458E-04 -1.39791E+01 -1.39790E+01 -7.26471E-05  0.00000E+00  0.00000E+00  1.84551E+03
   178  4.34981E-04 -1.39786E+01 -1.39785E+01 -7.62024E-05  0.00000E+00  0.00000E+00  1.84450E+03
   179  4.45761E-04 -1.39780E+01 -1.39780E+01 -7.99285E-05  0.00000E+00  0.00000E+00  1.84348E+03
   180  4.56804E-04 -1.39775E+01 -1.39774E+01 -8.38334E-05  0.00000E+00  0.00000E+00  1.84245E+03
   181  4.68117E-04 -1.39769E+01 -1.39769E+01 -8.79257E-05  0.00000E+00  0.00000E+00  1.84140E+03
   182  4.79707E-04 -1.39764E+01 -1.39763E+01 -9.22140E-05  0.00000E+00  0.00000E+00  1.84034E+03
   183  4.91580E-04 -1.39758E+01 -1.39757E+01 -9.67076E-05  0.00000E+00  0.00000E+00  1.83926E+03
   184  5.03743E-04 -1.39752E+01 -1.39751E+01 -1.01416E-04  0.00000E+00  0.00000E+00  1.83818E+03
   185  5.16203E-04 -1.39746E+01 -1.39745E+01 -1.06349E-04  0.00000E+00  0.00000E+00  1.83707E+03
   186  5.28968E-04 -1.39740E+01 -1.39739E+01 -1.11518E-04  0.00000E+00  0.00000E+00  1.83595E+03
   187  5.42044E-04 -1.39733E+01 -1.39732E+01 -1.16934E-04  0.00000E+00  0.00000E+00  1.83482E+03
   188  5.55440E-04 -1.39727E+01 -1.39725E+01 -1.22607E-04  0.00000E+00  0.00000E+00  1.83367E+03
   189  5.69164E-04 -1.39720E+01 -1.39719E+01 -1.28550E-04  0.00000E+00  0.00000E+00  1.83250E+03
   190  5.83223E-04 -1.39713E+01 -1.39712E+01 -1.34775E-04  0.00000E+00  0.00000E+00  1.83132E+03
   191  5.97625E-04 -1.39706E+01 -1.39705E+01 -1.41296E-04  0.00000E+00  0.00000E+00  1.83012E+03
   192  6.12379E-04 -1.39699E+01 -1.39697E+01 -1.48126E-04  0.00000E+00  0.00000E+00  1.82890E+03
   193  6.27494E-04 -1.39691E+01 -1.39690E+01 -1.55279E-04  0.00000E+00  0.00000E+00  1.82767E+03
   194  6.42978E-04 -1.39684E+01 -1.39682E+01 -1.62771E-04  0.00000E+00  0.00000E+00  1.82642E+03
   195  6.58841E-04 -1.39676E+01 -1.39674E+01 -1.70617E-04  0.00000E+00  0.00000E+00  1.82514E+03
   196  6.75091E-04 -1.39668E+01 -1.39666E+01 -1.78832E-04  0.00000E+00  0.00000E+00  1.82385E+03
   197  6.91738E-04 -1.39660E+01 -1.39658E+01 -1.87435E-04  0.00000E+00  0.00000E+00  1.82254E+03
   198  7.08792E-04 -1.39652E+01 -1.39650E+01 -1.96443E-04  0.00000E+00  0.00000E+00  1.82121E+03
   199  7.26263E-04 -1.39643E+01 -1.39641E+01 -2.05874E-04  0.00000E+00  0.00000E+00  1.81986E+03
   200  7.44161E-04 -1.39634E+01 -1.39632E+01 -2.15748E-04  0.00000E+00  0.00000E+00  1.81849E+03
   201  7.62496E-04 -1.39625E+01 -1.39623E+01 -2.26085E-04  0.00000E+00  0.00000E+00  1.81710E+03
   202  7.81279E-04 -1.39616E+01 -1.39614E+01 -2.36906E-04  0.00000E+00  0.00000E+00  1.81569E+03
   203  8.00521E-04 -1.39607E+01 -1.39604E+01 -2.48232E-04  0.00000E+00  0.00000E+00  1.81425E+03
   204  8.20233E-04 -1.39597E+01 -1.39595E+01 -2.60087E-04  0.00000E+00  0.00000E+00  1.81279E+03
   205  8.40427E-04 -1.39587E+01 -1.39585E+01 -2.72495E-04  0.00000E+00  0.00000E+00  1.81131E+03
   206  8.61114E-04 -1.39577E+01 -1.39574E+01 -2.85480E-04  0.00000E+00  0.00000E+00  1.80981E+03
   207  8.82307E-04 -1.39567E+01 -1.39564E+01 -2.99068E-04  0.00000E+00  0.00000E+00  1.80828E+03
   208  9.04017E-04 -1.39556E+01 -1.39553E+01 -3.13287E-04  0.00000E+00  0.00000E+00  1.80672E+03
   209  9.26258E-04 -1.39545E+01 -1.39542E+01 -3.28164E-04  0.00000E+00  0.00000E+00  1.80514E+03
   210  9.49043E-04 -1.39534E+01 -1.39531E+01 -3.43729E-04  0.00000E+00  0.00000E+00  1.80353E+03
   211  9.72384E-04 -1.39523E+01 -1.39519E+01 -3.60013E-04  0.00000E+00  0.00000E+00  1.80190E+03
   212  9.96296E-04 -1.39511E+01 -1.39508E+01 -3.77047E-04  0.00000E+00  0.00000E+00  1.80024E+03
   213  1.02079E-03 -1.39499E+01 -1.39495E+01 -3.94864E-04  0.00000E+00  0.00000E+00  1.79855E+03
   214  1.04589E-03 -1.39487E+01 -1.39483E+01 -4.13500E-04  0.00000E+00  0.00000E+00  1.79683E+03
   215  1.07159E-03 -1.39475E+01 -1.39470E+01 -4.32990E-04  0.00000E+00  0.00000E+00  1.79509E+03
   216  1.09793E-03 -1.39462E+01 -1.39457E+01 -4.53372E-04  0.00000E+00  0.00000E+00  1.79331E+03
   217  1.12491E-03 -1.39449E+01 -1.39444E+01 -4.74684E-04  0.00000E+00  0.00000E+00  1.79150E+03
   218  1.15255E-03 -1.39435E+01 -1.39430E+01 -4.96968E-04  0.00000E+00  0.00000E+00  1.78967E+03
   219  1.18086E-03 -1.39422E+01 -1.39416E+01 -5.20265E-04  0.00000E+00  0.00000E+00  1.78780E+03
   220  1.20987E-03 -1.39407E+01 -1.39402E+01 -5.44620E-04  0.00000E+00  0.00000E+00  1.78589E+03
   221  1.23958E-03 -1.39393E+01 -1.39387E+01 -5.70078E-04  0.00000E+00  0.00000E+00  1.78396E+03
   222  1.27002E-03 -1.39378E+01 -1.39372E+01 -5.96686E-04  0.00000E+00  0.00000E+00  1.78199E+03
   223  1.30120E-03 -1.39363E+01 -1.39357E+01 -6.24494E-04  0.00000E+00  0.00000E+00  1.77998E+03
   224  1.33315E-03 -1.39348E+01 -1.39341E+01 -6.53554E-04  0.00000E+00  0.00000E+00  1.77794E+03
   225  1.36588E-03 -1.39332E+01 -1.39325E+01 -6.83918E-04  0.00000E+00  0.00000E+00  1.77587E+03
   226  1.39940E-03 -1.39316E+01 -1.39308E+01 -7.15642E-04  0.00000E+00  0.00000E+00  1.77375E+03
   227  1.43375E-03 -1.39299E+01 -1.39291E+01 -7.48784E-04  0.00000E+00  0.00000E+00  1.77160E+03
   228  1.46893E-03 -1.39282E+01 -1.39274E+01 -7.83403E-04  0.00000E+00  0.00000E+00  1.76941E+03
   229  1.50498E-03 -1.39264E+01 -1.39256E+01 -8.19560E-04  0.00000E+00  0.00000E+00  1.76718E+03
   230  1.54190E-03 -1.39247E+01 -1.39238E+01 -8.57322E-04  0.00000E+00  0.00000E+00  1.76491E+03
   231  1.57973E-03 -1.39228E+01 -1.39219E+01 -8.96753E-04  0.00000E+00  0.00000E+00  1.76259E+03
   232  1.61848E-03 -1.39209E+01 -1.39200E+01 -9.37924E-04  0.00000E+00  0.00000E+00  1.76024E+03
   233  1.65818E-03 -1.39190E+01 -1.39181E+01 -9.80905E-04  0.00000E+00  0.00000E+00  1.75784E+03
   234  1.69884E-03 -1.39171E+01 -1.39160E+01 -1.02577E-03  0.00000E+00  0.00000E+00  1.75540E+03
   235  1.74050E-03 -1.39151E+01 -1.39140E+01 -1.07260E-03  0.00000E+00  0.00000E+00  1.75291E+03
   236  1.78318E-03 -1.39130E+01 -1.39119E+01 -1.12147E-03  0.00000E+00  0.00000E+00  1.75037E+03
   237  1.82691E-03 -1.39109E+01 -1.39097E+01 -1.17247E-03  0.00000E+00  0.00000E+00  1.74779E+03
   238  1.87170E-03 -1.39087E+01 -1.39075E+01 -1.22568E-03  0.00000E+00  0.00000E+00  1.74516E+03
   239  1.91758E-03 -1.39065E+01 -1.39052E+01 -1.28118E-03  0.00000E+00  0.00000E+00  1.74248E+03
   240  1.96459E-03 -1.39043E+01 -1.39029E+01 -1.33908E-03  0.00000E+00  0.00000E+00  1.73975E+03
   241  2.01274E-03 -1.39019E+01 -1.39005E+01 -1.39946E-03  0.00000E+00  0.00000E+00  1.73697E+03
   242  2.06207E-03 -1.38996E+01 -1.38981E+01 -1.46242E-03  0.00000E+00  0.00000E+00  1.73413E+03
   243  2.11260E-03 -1.38971E+01 -1.38956E+01 -1.52807E-03  0.00000E+00  0.00000E+00  1.73124E+03
   244  2.16437E-03 -1.38946E+01 -1.38930E+01 -1.59650E-03  0.00000E+00  0.00000E+00  1.72830E+03
   245  2.21741E-03 -1.38921E+01 -1.38904E+01 -1.66783E-03  0.00000E+00  0.00000E+00  1.72530E+03
   246  2.27174E-03 -1.38895E+01 -1.38877E+01 -1.74217E-03  0.00000E+00  0.00000E+00  1.72224E+03
   247  2.32740E-03 -1.38868E+01 -1.38850E+01 -1.81963E-03  0.00000E+00  0.00000E+00  1.71913E+03
   248  2.38441E-03 -1.38841E+01 -1.38822E+01 -1.90033E-03  0.00000E+00  0.00000E+00  1.71596E+03
   249  2.44282E-03 -1.38813E+01 -1.38793E+01 -1.98440E-03  0.00000E+00  0.00000E+00  1.71272E+03
   250  2.50266E-03 -1.38784E+01 -1.38763E+01 -2.07195E-03  0.00000E+00  0.00000E+00  1.70942E+03
   251  2.56396E-03 -1.38755E+01 -1.38733E+01 -2.16312E-03  0.00000E+00  0.00000E+00  1.70606E+03
   252  2.62675E-03 -1.38725E+01 -1.38702E+01 -2.25804E-03  0.00000E+00  0.00000E+00  1.70264E+03
   253  2.69108E-03 -1.38694E+01 -1.38670E+01 -2.35684E-03  0.00000E+00  0.00000E+00  1.69915E+03
   254  2.75699E-03 -1.38663E+01 -1.38638E+01 -2.45968E-03  0.00000E+00  0.00000E+00  1.69559E+03
   255  2.82450E-03 -1.38630E+01 -1.38605E+01 -2.56669E-03  0.00000E+00  0.00000E+00  1.69196E+03
   256  2.89366E-03 -1.38597E+01 -1.38571E+01 -2.67802E-03  0.00000E+00  0.00000E+00  1.68826E+03
   257  2.96451E-03 -1.38563E+01 -1.38536E+01 -2.79383E-03  0.00000E+00  0.00000E+00  1.68449E+03
   258  3.03709E-03 -1.38529E+01 -1.38500E+01 -2.91426E-03  0.00000E+00  0.00000E+00  1.68065E+03
   259  3.11144E-03 -1.38493E+01 -1.38463E+01 -3.03949E-03  0.00000E+00  0.00000E+00  1.67673E+03
   260  3.18761E-03 -1.38457E+01 -1.38425E+01 -3.16967E-03  0.00000E+00  0.00000E+00  1.67274E+03
   261  3.26564E-03 -1.38420E+01 -1.38387E+01 -3.30498E-03  0.00000E+00  0.00000E+00  1.66867E+03
   262  3.34558E-03 -1.38382E+01 -1.38348E+01 -3.44559E-03  0.00000E+00  0.00000E+00  1.66452E+03
   263  3.42747E-03 -1.38343E+01 -1.38307E+01 -3.59167E-03  0.00000E+00  0.00000E+00  1.66030E+03
   264  3.51135E-03 -1.38303E+01 -1.38266E+01 -3.74340E-03  0.00000E+00  0.00000E+00  1.65599E+03
   265  3.59729E-03 -1.38263E+01 -1.38223E+01 -3.90096E-03  0.00000E+00  0.00000E+00  1.65159E+03
   266  3.68533E-03 -1.38221E+01 -1.38180E+01 -4.06455E-03  0.00000E+00  0.00000E+00  1.64711E+03
   267  3.77552E-03 -1.38178E+01 -1.38136E+01 -4.23436E-03  0.00000E+00  0.00000E+00  1.64255E+03
   268  3.86791E-03 -1.38134E+01 -1.38090E+01 -4.41057E-03  0.00000E+00  0.00000E+00  1.63789E+03
   269  3.96255E-03 -1.38089E+01 -1.38043E+01 -4.59339E-03  0.00000E+00  0.00000E+00  1.63315E+03
   270  4.05951E-03 -1.38044E+01 -1.37996E+01 -4.78302E-03  0.00000E+00  0.00000E+00  1.62832E+03
   271  4.15884E-03 -1.37997E+01 -1.37947E+01 -4.97966E-03  0.00000E+00  0.00000E+00  1.62339E+03
   272  4.26059E-03 -1.37949E+01 -1.37897E+01 -5.18353E-03  0.00000E+00  0.00000E+00  1.61837E+03
   273  4.36483E-03 -1.37899E+01 -1.37845E+01 -5.39482E-03  0.00000E+00  0.00000E+00  1.61325E+03
   274  4.47161E-03 -1.37849E+01 -1.37793E+01 -5.61376E-03  0.00000E+00  0.00000E+00  1.60803E+03
   275  4.58100E-03 -1.37797E+01 -1.37739E+01 -5.84055E-03  0.00000E+00  0.00000E+00  1.60271E+03
   276  4.69306E-03 -1.37745E+01 -1.37684E+01 -6.07542E-03  0.00000E+00  0.00000E+00  1.59730E+03
   277  4.80786E-03 -1.37691E+01 -1.37627E+01 -6.31859E-03  0.00000E+00  0.00000E+00  1.59177E+03
   278  4.92546E-03 -1.37635E+01 -1.37570E+01 -6.57027E-03  0.00000E+00  0.00000E+00  1.58615E+03
   279  5.04593E-03 -1.37579E+01 -1.37510E+01 -6.83069E-03  0.00000E+00  0.00000E+00  1.58041E+03
   280  5.16935E-03 -1.37521E+01 -1.37450E+01 -7.10007E-03  0.00000E+00  0.00000E+00  1.57457E+03
   281  5.29578E-03 -1.37461E+01 -1.37387E+01 -7.37863E-03  0.00000E+00  0.00000E+00  1.56862E+03
   282  5.42529E-03 -1.37401E+01 -1.37324E+01 -7.66661E-03  0.00000E+00  0.00000E+00  1.56255E+03
   283  5.55797E-03 -1.37338E+01 -1.37259E+01 -7.96421E-03  0.00000E+00  0.00000E+00  1.55637E+03
   284  5.69389E-03 -1.37275E+01 -1.37192E+01 -8.27168E-03  0.00000E+00  0.00000E+00  1.55008E+03
   285  5.83313E-03 -1.37209E+01 -1.37124E+01 -8.58922E-03  0.00000E+00  0.00000E+00  1.54367E+03
   286  5.97577E-03 -1.37143E+01 -1.37054E+01 -8.91705E-03  0.00000E+00  0.00000E+00  1.53713E+03
   287  6.12189E-03 -1.37074E+01 -1.36982E+01 -9.25541E-03  0.00000E+00  0.00000E+00  1.53048E+03
   288  6.27157E-03 -1.37005E+01 -1.36909E+01 -9.60450E-03  0.00000E+00  0.00000E+00  1.52371E+03
   289  6.42492E-03 -1.36933E+01 -1.36833E+01 -9.96453E-03  0.00000E+00  0.00000E+00  1.51680E+03
   290  6.58200E-03 -1.36860E+01 -1.36756E+01 -1.03357E-02  0.00000E+00  0.00000E+00  1.50978E+03
   291  6.74292E-03 -1.36785E+01 -1.36678E+01 -1.07183E-02  0.00000E+00  0.00000E+00  1.50262E+03
   292  6.90777E-03 -1.36708E+01 -1.36597E+01 -1.11124E-02  0.00000E+00  0.00000E+00  1.49534E+03
   293  7.07665E-03 -1.36629E+01 -1.36514E+01 -1.15182E-02  0.00000E+00  0.00000E+00  1.48792E+03
   294  7.24964E-03 -1.36549E+01 -1.36430E+01 -1.19360E-02  0.00000E+00  0.00000E+00  1.48037E+03
   295  7.42686E-03 -1.36467E+01 -1.36343E+01 -1.23659E-02  0.00000E+00  0.00000E+00  1.47268E+03
   296  7.60841E-03 -1.36382E+01 -1.36254E+01 -1.28081E-02  0.00000E+00  0.00000E+00  1.46486E+03
   297  7.79438E-03 -1.36296E+01 -1.36163E+01 -1.32627E-02  0.00000E+00  0.00000E+00  1.45690E+03
   298  7.98490E-03 -1.36208E+01 -1.36070E+01 -1.37300E-02  0.00000E+00  0.00000E+00  1.44880E+03
   299  8.18007E-03 -1.36117E+01 -1.35975E+01 -1.42100E-02  0.00000E+00  0.00000E+00  1.44056E+03
   300  8.38000E-03 -1.36025E+01 -1.35878E+01 -1.47028E-02  0.00000E+00  0.00000E+00  1.43217E+03
   301  8.58481E-03 -1.35930E+01 -1.35778E+01 -1.52087E-02  0.00000E+00  0.00000E+00  1.42364E+03
   302  8.79462E-03 -1.35833E+01 -1.35676E+01 -1.57276E-02  0.00000E+00  0.00000E+00  1.41496E+03
   303  9.00955E-03 -1.35734E+01 -1.35571E+01 -1.62597E-02  0.00000E+00  0.00000E+00  1.40614E+03
   304  9.22972E-03 -1.35632E+01 -1.35464E+01 -1.68050E-02  0.00000E+00  0.00000E+00  1.39716E+03
   305  9.45527E-03 -1.35528E+01 -1.35354E+01 -1.73637E-02  0.00000E+00  0.00000E+00  1.38804E+03
   306  9.68632E-03 -1.35422E+01 -1.35242E+01 -1.79356E-02  0.00000E+00  0.00000E+00  1.37876E+03
   307  9.92301E-03 -1.35313E+01 -1.35127E+01 -1.85210E-02  0.00000E+00  0.00000E+00  1.36933E+03
   308  1.01655E-02 -1.35201E+01 -1.35010E+01 -1.91196E-02  0.00000E+00  0.00000E+00  1.35975E+03
   309  1.04139E-02 -1.35087E+01 -1.34890E+01 -1.97316E-02  0.00000E+00  0.00000E+00  1.35001E+03
   310  1.06683E-02 -1.34970E+01 -1.34766E+01 -2.03569E-02  0.00000E+00  0.00000E+00  1.34012E+03
   311  1.09290E-02 -1.34850E+01 -1.34640E+01 -2.09954E-02  0.00000E+00  0.00000E+00  1.33006E+03
   312  1.11960E-02 -1.34728E+01 -1.34511E+01 -2.16470E-02  0.00000E+00  0.00000E+00  1.31985E+03
   313  1.14695E-02 -1.34603E+01 -1.34380E+01 -2.23115E-02  0.00000E+00  0.00000E+00  1.30948E+03
   314  1.17497E-02 -1.34474E+01 -1.34245E+01 -2.29889E-02  0.00000E+00  0.00000E+00  1.29895E+03
   315  1.20367E-02 -1.34343E+01 -1.34106E+01 -2.36789E-02  0.00000E+00  0.00000E+00  1.28826E+03
   316  1.23308E-02 -1.34209E+01 -1.33965E+01 -2.43814E-02  0.00000E+00  0.00000E+00  1.27741E+03
   317  1.26320E-02 -1.34071E+01 -1.33820E+01 -2.50960E-02  0.00000E+00  0.00000E+00  1.26640E+03
   318  1.29405E-02 -1.33931E+01 -1.33672E+01 -2.58225E-02  0.00000E+00  0.00000E+00  1.25523E+03
   319  1.32566E-02 -1.33787E+01 -1.33521E+01 -2.65607E-02  0.00000E+00  0.00000E+00  1.24390E+03
   320  1.35804E-02 -1.33639E+01 -1.33366E+01 -2.73100E-02  0.00000E+00  0.00000E+00  1.23240E+03
   321  1.39121E-02 -1.33488E+01 -1.33208E+01 -2.80703E-02  0.00000E+00  0.00000E+00  1.22074E+03
   322  1.42518E-02 -1.33334E+01 -1.33046E+01 -2.88410E-02  0.00000E+00  0.00000E+00  1.20892E+03
   323  1.45999E-02 -1.33176E+01 -1.32880E+01 -2.96217E-02  0.00000E+00  0.00000E+00  1.19694E+03
   324  1.49565E-02 -1.33015E+01 -1.32710E+01 -3.04118E-02  0.00000E+00  0.00000E+00  1.18480E+03
   325  1.53217E-02 -1.32849E+01 -1.32537E+01 -3.12109E-02  0.00000E+00  0.00000E+00  1.17250E+03
   326  1.56958E-02 -1.32680E+01 -1.32360E+01 -3.20184E-02  0.00000E+00  0.00000E+00  1.16004E+03
   327  1.60791E-02 -1.32507E+01 -1.32179E+01 -3.28336E-02  0.00000E+00  0.00000E+00  1.14743E+03
   328  1.64717E-02 -1.32330E+01 -1.31993E+01 -3.36559E-02  0.00000E+00  0.00000E+00  1.13465E+03
   329  1.68739E-02 -1.32149E+01 -1.31804E+01 -3.44845E-02  0.00000E+00  0.00000E+00  1.12173E+03
   330  1.72859E-02 -1.31963E+01 -1.31610E+01 -3.53187E-02  0.00000E+00  0.00000E+00  1.10864E+03
   331  1.77079E-02 -1.31774E+01 -1.31412E+01 -3.61577E-02  0.00000E+00  0.00000E+00  1.09541E+03
   332  1.81402E-02 -1.31580E+01 -1.31210E+01 -3.70007E-02  0.00000E+00  0.00000E+00  1.08202E+03
   333  1.85831E-02 -1.31382E+01 -1.31003E+01 -3.78467E-02  0.00000E+00  0.00000E+00  1.06849E+03
   334  1.90367E-02 -1.31179E+01 -1.30792E+01 -3.86948E-02  0.00000E+00  0.00000E+00  1.05481E+03
   335  1.95014E-02 -1.30971E+01 -1.30576E+01 -3.95440E-02  0.00000E+00  0.00000E+00  1.04099E+03
   336  1.99775E-02 -1.30759E+01 -1.30355E+01 -4.03934E-02  0.00000E+00  0.00000E+00  1.02703E+03
   337  2.04651E-02 -1.30542E+01 -1.30130E+01 -4.12417E-02  0.00000E+00  0.00000E+00  1.01293E+03
   338  2.09646E-02 -1.30321E+01 -1.29900E+01 -4.20879E-02  0.00000E+00  0.00000E+00  9.98695E+02
   339  2.14762E-02 -1.30094E+01 -1.29664E+01 -4.29308E-02  0.00000E+00  0.00000E+00  9.84331E+02
   340  2.20004E-02 -1.29862E+01 -1.29424E+01 -4.37692E-02  0.00000E+00  0.00000E+00  9.69840E+02
   341  2.25373E-02 -1.29625E+01 -1.29179E+01 -4.46019E-02  0.00000E+00  0.00000E+00  9.55226E+02
   342  2.30872E-02 -1.29383E+01 -1.28929E+01 -4.54275E-02  0.00000E+00  0.00000E+00  9.40493E+02
   343  2.36506E-02 -1.29135E+01 -1.28673E+01 -4.62447E-02  0.00000E+00  0.00000E+00  9.25645E+02
   344  2.42277E-02 -1.28882E+01 -1.28412E+01 -4.70521E-02  0.00000E+00  0.00000E+00  9.10688E+02
   345  2.48188E-02 -1.28624E+01 -1.28146E+01 -4.78483E-02  0.00000E+00  0.00000E+00  8.95627E+02
   346  2.54244E-02 -1.28360E+01 -1.27874E+01 -4.86319E-02  0.00000E+00  0.00000E+00  8.80465E+02
   347  2.60446E-02 -1.28090E+01 -1.27596E+01 -4.94013E-02  0.00000E+00  0.00000E+00  8.65210E+02
   348  2.66800E-02 -1.27815E+01 -1.27313E+01 -5.01551E-02  0.00000E+00  0.00000E+00  8.49867E+02
   349  2.73309E-02 -1.27533E+01 -1.27025E+01 -5.08917E-02  0.00000E+00  0.00000E+00  8.34442E+02
   350  2.79975E-02 -1.27246E+01 -1.26730E+01 -5.16096E-02  0.00000E+00  0.00000E+00  8.18941E+02
   351  2.86804E-02 -1.26953E+01 -1.26430E+01 -5.23072E-02  0.00000E+00  0.00000E+00  8.03371E+02
   352  2.93799E-02 -1.26653E+01 -1.26123E+01 -5.29828E-02  0.00000E+00  0.00000E+00  7.87738E+02
   353  3.00965E-02 -1.26348E+01 -1.25811E+01 -5.36349E-02  0.00000E+00  0.00000E+00  7.72050E+02
   354  3.08305E-02 -1.26036E+01 -1.25493E+01 -5.42619E-02  0.00000E+00  0.00000E+00  7.56314E+02
   355  3.15823E-02 -1.25717E+01 -1.25169E+01 -5.48621E-02  0.00000E+00  0.00000E+00  7.40537E+02
   356  3.23524E-02 -1.25392E+01 -1.24838E+01 -5.54339E-02  0.00000E+00  0.00000E+00  7.24728E+02
   357  3.31412E-02 -1.25061E+01 -1.24501E+01 -5.59756E-02  0.00000E+00  0.00000E+00  7.08895E+02
   358  3.39493E-02 -1.24723E+01 -1.24158E+01 -5.64858E-02  0.00000E+00  0.00000E+00  6.93046E+02
   359  3.47769E-02 -1.24379E+01 -1.23809E+01 -5.69627E-02  0.00000E+00  0.00000E+00  6.77189E+02
   360  3.56247E-02 -1.24027E+01 -1.23453E+01 -5.74049E-02  0.00000E+00  0.00000E+00  6.61334E+02
   361  3.64931E-02 -1.23669E+01 -1.23091E+01 -5.78108E-02  0.00000E+00  0.00000E+00  6.45489E+02
   362  3.73826E-02 -1.23304E+01 -1.22722E+01 -5.81789E-02  0.00000E+00  0.00000E+00  6.29664E+02
   363  3.82937E-02 -1.22932E+01 -1.22347E+01 -5.85078E-02  0.00000E+00  0.00000E+00  6.13868E+02
   364  3.92270E-02 -1.22553E+01 -1.21965E+01 -5.87960E-02  0.00000E+00  0.00000E+00  5.98111E+02
   365  4.01829E-02 -1.22167E+01 -1.21577E+01 -5.90422E-02  0.00000E+00  0.00000E+00  5.82402E+02
   366  4.11621E-02 -1.21774E+01 -1.21182E+01 -5.92452E-02  0.00000E+00  0.00000E+00  5.66751E+02
   367  4.21650E-02 -1.21374E+01 -1.20780E+01 -5.94036E-02  0.00000E+00  0.00000E+00  5.51169E+02
   368  4.31923E-02 -1.20967E+01 -1.20371E+01 -5.95165E-02  0.00000E+00  0.00000E+00  5.35665E+02
   369  4.42445E-02 -1.20552E+01 -1.19956E+01 -5.95826E-02  0.00000E+00  0.00000E+00  5.20251E+02
   370  4.53223E-02 -1.20130E+01 -1.19534E+01 -5.96012E-02  0.00000E+00  0.00000E+00  5.04935E+02
   371  4.64262E-02 -1.19701E+01 -1.19106E+01 -5.95712E-02  0.00000E+00  0.00000E+00  4.89730E+02
   372  4.75570E-02 -1.19265E+01 -1.18670E+01 -5.94921E-02  0.00000E+00  0.00000E+00  4.74644E+02
   373  4.87151E-02 -1.18821E+01 -1.18228E+01 -5.93630E-02  0.00000E+00  0.00000E+00  4.59689E+02
   374  4.99014E-02 -1.18370E+01 -1.17778E+01 -5.91836E-02  0.00000E+00  0.00000E+00  4.44875E+02
   375  5.11164E-02 -1.17912E+01 -1.17322E+01 -5.89535E-02  0.00000E+00  0.00000E+00  4.30212E+02
   376  5.23609E-02 -1.17446E+01 -1.16860E+01 -5.86723E-02  0.00000E+00  0.00000E+00  4.15711E+02
   377  5.36356E-02 -1.16973E+01 -1.16390E+01 -5.83400E-02  0.00000E+00  0.00000E+00  4.01382E+02
   378  5.49412E-02 -1.16493E+01 -1.15913E+01 -5.79566E-02  0.00000E+00  0.00000E+00  3.87235E+02
   379  5.62784E-02 -1.16005E+01 -1.15430E+01 -5.75224E-02  0.00000E+00  0.00000E+00  3.73281E+02
   380  5.76480E-02 -1.15510E+01 -1.14940E+01 -5.70376E-02  0.00000E+00  0.00000E+00  3.59528E+02
   381  5.90508E-02 -1.15008E+01 -1.14443E+01 -5.65028E-02  0.00000E+00  0.00000E+00  3.45987E+02
   382  6.04876E-02 -1.14499E+01 -1.13939E+01 -5.59186E-02  0.00000E+00  0.00000E+00  3.32667E+02
   383  6.19592E-02 -1.13982E+01 -1.13429E+01 -5.52858E-02  0.00000E+00  0.00000E+00  3.19578E+02
   384  6.34664E-02 -1.13458E+01 -1.12912E+01 -5.46056E-02  0.00000E+00  0.00000E+00  3.06727E+02
   385  6.50101E-02 -1.12926E+01 -1.12387E+01 -5.38790E-02  0.00000E+00  0.00000E+00  2.94124E+02
   386  6.65911E-02 -1.12388E+01 -1.11857E+01 -5.31074E-02  0.00000E+00  0.00000E+00  2.81776E+02
   387  6.82105E-02 -1.11842E+01 -1.11319E+01 -5.22924E-02  0.00000E+00  0.00000E+00  2.69692E+02
   388  6.98689E-02 -1.11289E+01 -1.10775E+01 -5.14355E-02  0.00000E+00  0.00000E+00  2.57879E+02
   389  7.15675E-02 -1.10729E+01 -1.10224E+01 -5.05388E-02  0.00000E+00  0.00000E+00  2.46343E+02
   390  7.33072E-02 -1.10162E+01 -1.09666E+01 -4.96041E-02  0.00000E+00  0.00000E+00  2.35092E+02
   391  7.50889E-02 -1.09588E+01 -1.09102E+01 -4.86336E-02  0.00000E+00  0.00000E+00  2.24131E+02
   392  7.69137E-02 -1.09007E+01 -1.08531E+01 -4.76298E-02  0.00000E+00  0.00000E+00  2.13465E+02
   393  7.87825E-02 -1.08419E+01 -1.07953E+01 -4.65950E-02  0.00000E+00  0.00000E+00  2.03100E+02
   394  8.06965E-02 -1.07824E+01 -1.07369E+01 -4.55319E-02  0.00000E+00  0.00000E+00  1.93041E+02
   395  8.26567E-02 -1.07222E+01 -1.06778E+01 -4.44432E-02  0.00000E+00  0.00000E+00  1.83289E+02
   396  8.46642E-02 -1.06613E+01 -1.06180E+01 -4.33318E-02  0.00000E+00  0.00000E+00  1.73850E+02
   397  8.67201E-02 -1.05997E+01 -1.05575E+01 -4.22007E-02  0.00000E+00  0.00000E+00  1.64726E+02
   398  8.88257E-02 -1.05375E+01 -1.04964E+01 -4.10528E-02  0.00000E+00  0.00000E+00  1.55917E+02
   399  9.09820E-02 -1.04745E+01 -1.04346E+01 -3.98915E-02  0.00000E+00  0.00000E+00  1.47427E+02
   400  9.31903E-02 -1.04109E+01 -1.03722E+01 -3.87198E-02  0.00000E+00  0.00000E+00  1.39255E+02
   401  9.54518E-02 -1.03465E+01 -1.03090E+01 -3.75411E-02  0.00000E+00  0.00000E+00  1.31401E+02
   402  9.77678E-02 -1.02815E+01 -1.02452E+01 -3.63586E-02  0.00000E+00  0.00000E+00  1.23864E+02
   403  1.00140E-01 -1.02158E+01 -1.01806E+01 -3.51757E-02  0.00000E+00  0.00000E+00  1.16644E+02
   404  1.02568E-01 -1.01494E+01 -1.01154E+01 -3.39957E-02  0.00000E+00  0.00000E+00  1.09739E+02
   405  1.05056E-01 -1.00823E+01 -1.00495E+01 -3.28220E-02  0.00000E+00  0.00000E+00  1.03145E+02
   406  1.07603E-01 -1.00145E+01 -9.98283E+00 -3.16577E-02  0.00000E+00  0.00000E+00  9.68594E+01
   407  1.10211E-01 -9.94597E+00 -9.91546E+00 -3.05062E-02  0.00000E+00  0.00000E+00  9.08783E+01
   408  1.12883E-01 -9.87673E+00 -9.84736E+00 -2.93705E-02  0.00000E+00  0.00000E+00  8.51972E+01
   409  1.15618E-01 -9.80677E+00 -9.77852E+00 -2.82539E-02  0.00000E+00  0.00000E+00  7.98109E+01
   410  1.18419E-01 -9.73608E+00 -9.70892E+00 -2.71591E-02  0.00000E+00  0.00000E+00  7.47137E+01
   411  1.21287E-01 -9.66465E+00 -9.63856E+00 -2.60891E-02  0.00000E+00  0.00000E+00  6.98995E+01
   412  1.24224E-01 -9.59246E+00 -9.56742E+00 -2.50465E-02  0.00000E+00  0.00000E+00  6.53613E+01
   413  1.27232E-01 -9.51951E+00 -9.49548E+00 -2.40339E-02  0.00000E+00  0.00000E+00  6.10921E+01
   414  1.30311E-01 -9.44578E+00 -9.42273E+00 -2.30537E-02  0.00000E+00  0.00000E+00  5.70839E+01
   415  1.33465E-01 -9.37126E+00 -9.34915E+00 -2.21079E-02  0.00000E+00  0.00000E+00  5.33289E+01
   416  1.36694E-01 -9.29594E+00 -9.27474E+00 -2.11985E-02  0.00000E+00  0.00000E+00  4.98183E+01
   417  1.40000E-01 -9.21980E+00 -9.19947E+00 -2.03273E-02  0.00000E+00  0.00000E+00  4.65434E+01
   418  1.43386E-01 -9.14282E+00 -9.12332E+00 -1.94958E-02  0.00000E+00  0.00000E+00  4.34949E+01
   419  1.46852E-01 -9.06499E+00 -9.04629E+00 -1.87052E-02  0.00000E+00  0.00000E+00  4.06636E+01
   420  1.50401E-01 -8.98630E+00 -8.96834E+00 -1.79566E-02  0.00000E+00  0.00000E+00  3.80397E+01
   421  1.54036E-01 -8.90672E+00 -8.88947E+00 -1.72507E-02  0.00000E+00  0.00000E+00  3.56134E+01
   422  1.57757E-01 -8.82625E+00 -8.80967E+00 -1.65880E-02  0.00000E+00  0.00000E+00  3.33749E+01
   423  1.61566E-01 -8.74487E+00 -8.72890E+00 -1.59688E-02  0.00000E+00  0.00000E+00  3.13141E+01
   424  1.65467E-01 -8.66256E+00 -8.64717E+00 -1.53930E-02  0.00000E+00  0.00000E+00  2.94209E+01
   425  1.69461E-01 -8.57931E+00 -8.56445E+00 -1.48604E-02  0.00000E+00  0.00000E+00  2.76854E+01
   426  1.73549E-01 -8.49510E+00 -8.48073E+00 -1.43704E-02  0.00000E+00  0.00000E+00  2.60976E+01
   427  1.77735E-01 -8.40993E+00 -8.39601E+00 -1.39223E-02  0.00000E+00  0.00000E+00  2.46476E+01
   428  1.82021E-01 -8.32378E+00 -8.31027E+00 -1.35151E-02  0.00000E+00  0.00000E+00  2.33258E+01
   429  1.86409E-01 -8.23665E+00 -8.22350E+00 -1.31474E-02  0.00000E+00  0.00000E+00  2.21225E+01
   430  1.90901E-01 -8.14853E+00 -8.13571E+00 -1.28179E-02  0.00000E+00  0.00000E+00  2.10284E+01
   431  1.95500E-01 -8.05941E+00 -8.04688E+00 -1.25249E-02  0.00000E+00  0.00000E+00  2.00345E+01
   432  2.00207E-01 -7.96930E+00 -7.95703E+00 -1.22664E-02  0.00000E+00  0.00000E+00  1.91321E+01
   433  2.05027E-01 -7.87819E+00 -7.86615E+00 -1.20406E-02  0.00000E+00  0.00000E+00  1.83126E+01
   434  2.09961E-01 -7.78610E+00 -7.77425E+00 -1.18452E-02  0.00000E+00  0.00000E+00  1.75680E+01
   435  2.15011E-01 -7.69302E+00 -7.68135E+00 -1.16779E-02  0.00000E+00  0.00000E+00  1.68905E+01
   436  2.20181E-01 -7.59898E+00 -7.58745E+00 -1.15363E-02  0.00000E+00  0.00000E+00  1.62727E+01
   437  2.25474E-01 -7.50399E+00 -7.49257E+00 -1.14178E-02  0.00000E+00  0.00000E+00  1.57078E+01
   438  2.30891E-01 -7.40807E+00 -7.39675E+00 -1.13200E-02  0.00000E+00  0.00000E+00  1.51892E+01
   439  2.36437E-01 -7.31124E+00 -7.30000E+00 -1.12402E-02  0.00000E+00  0.00000E+00  1.47107E+01
   440  2.42113E-01 -7.21354E+00 -7.20236E+00 -1.11758E-02  0.00000E+00  0.00000E+00  1.42669E+01
   441  2.47923E-01 -7.11500E+00 -7.10387E+00 -1.11241E-02  0.00000E+00  0.00000E+00  1.38524E+01
   442  2.53870E-01 -7.01565E+00 -7.00457E+00 -1.10825E-02  0.00000E+00  0.00000E+00  1.34626E+01
   443  2.59957E-01 -6.91555E+00 -6.90451E+00 -1.10484E-02  0.00000E+00  0.00000E+00  1.30930E+01
   444  2.66187E-01 -6.81475E+00 -6.80373E+00 -1.10193E-02  0.00000E+00  0.00000E+00  1.27397E+01
   445  2.72563E-01 -6.71329E+00 -6.70230E+00 -1.09929E-02  0.00000E+00  0.00000E+00  1.23994E+01
   446  2.79089E-01 -6.61124E+00 -6.60027E+00 -1.09668E-02  0.00000E+00  0.00000E+00  1.20689E+01
   447  2.85768E-01 -6.50866E+00 -6.49772E+00 -1.09388E-02  0.00000E+00  0.00000E+00  1.17456E+01
   448  2.92603E-01 -6.40563E+00 -6.39472E+00 -1.09069E-02  0.00000E+00  0.00000E+00  1.14273E+01
   449  2.99598E-01 -6.30221E+00 -6.29134E+00 -1.08691E-02  0.00000E+00  0.00000E+00  1.11119E+01
   450  3.06757E-01 -6.19848E+00 -6.18766E+00 -1.08237E-02  0.00000E+00  0.00000E+00  1.07979E+01
   451  3.14083E-01 -6.09454E+00 -6.08377E+00 -1.07691E-02  0.00000E+00  0.00000E+00  1.04841E+01
   452  3.21580E-01 -5.99046E+00 -5.97975E+00 -1.07039E-02  0.00000E+00  0.00000E+00  1.01695E+01
   453  3.29251E-01 -5.88633E+00 -5.87570E+00 -1.06270E-02  0.00000E+00  0.00000E+00  9.85350E+00
   454  3.37101E-01 -5.78225E+00 -5.77172E+00 -1.05373E-02  0.00000E+00  0.00000E+00  9.53558E+00
   455  3.45134E-01 -5.67832E+00 -5.66789E+00 -1.04340E-02  0.00000E+00  0.00000E+00  9.21560E+00
   456  3.53353E-01 -5.57464E+00 -5.56432E+00 -1.03164E-02  0.00000E+00  0.00000E+00  8.89356E+00
   457  3.61762E-01 -5.47129E+00 -5.46111E+00 -1.01842E-02  0.00000E+00  0.00000E+00  8.56965E+00
   458  3.70367E-01 -5.36840E+00 -5.35836E+00 -1.00371E-02  0.00000E+00  0.00000E+00  8.24422E+00
   459  3.79170E-01 -5.26605E+00 -5.25617E+00 -9.87503E-03  0.00000E+00  0.00000E+00  7.91774E+00
   460  3.88177E-01 -5.16434E+00 -5.15465E+00 -9.69810E-03  0.00000E+00  0.00000E+00  7.59081E+00
   461  3.97392E-01 -5.06340E+00 -5.05389E+00 -9.50661E-03  0.00000E+00  0.00000E+00  7.26410E+00
   462  4.06819E-01 -4.96330E+00 -4.95400E+00 -9.30100E-03  0.00000E+00  0.00000E+00  6.93837E+00
   463  4.16463E-01 -4.86415E+00 -4.85506E+00 -9.08187E-03  0.00000E+00  0.00000E+00  6.61440E+00
   464  4.26328E-01 -4.76604E+00 -4.75719E+00 -8.84995E-03  0.00000E+00  0.00000E+00  6.29303E+00
   465  4.36420E-01 -4.66907E+00 -4.66047E+00 -8.60609E-03  0.00000E+00  0.00000E+00  5.97510E+00
   466  4.46743E-01 -4.57333E+00 -4.56498E+00 -8.35126E-03  0.00000E+00  0.00000E+00  5.66145E+00
   467  4.57303E-01 -4.47889E+00 -4.47081E+00 -8.08652E-03  0.00000E+00  0.00000E+00  5.35290E+00
   468  4.68103E-01 -4.38584E+00 -4.37803E+00 -7.81300E-03  0.00000E+00  0.00000E+00  5.05026E+00
   469  4.79150E-01 -4.29426E+00 -4.28672E+00 -7.53193E-03  0.00000E+00  0.00000E+00  4.75429E+00
   470  4.90448E-01 -4.20420E+00 -4.19695E+00 -7.24454E-03  0.00000E+00  0.00000E+00  4.46571E+00
   471  5.02004E-01 -4.11572E+00 -4.10877E+00 -6.95214E-03  0.00000E+00  0.00000E+00  4.18518E+00
   472  5.13821E-01 -4.02889E+00 -4.02223E+00 -6.65605E-03  0.00000E+00  0.00000E+00  3.91330E+00
   473  5.25906E-01 -3.94374E+00 -3.93738E+00 -6.35758E-03  0.00000E+00  0.00000E+00  3.65061E+00
   474  5.38265E-01 -3.86032E+00 -3.85426E+00 -6.05806E-03  0.00000E+00  0.00000E+00  3.39758E+00
   475  5.50902E-01 -3.77865E+00 -3.77289E+00 -5.75877E-03  0.00000E+00  0.00000E+00  3.15460E+00
   476  5.63825E-01 -3.69875E+00 -3.69329E+00 -5.46099E-03  0.00000E+00  0.00000E+00  2.92199E+00
   477  5.77038E-01 -3.62063E+00 -3.61547E+00 -5.16593E-03  0.00000E+00  0.00000E+00  2.70001E+00
   478  5.90547E-01 -3.54431E+00 -3.53944E+00 -4.87477E-03  0.00000E+00  0.00000E+00  2.48883E+00
   479  6.04360E-01 -3.46977E+00 -3.46519E+00 -4.58860E-03  0.00000E+00  0.00000E+00  2.28855E+00
   480  6.18481E-01 -3.39701E+00 -3.39270E+00 -4.30846E-03  0.00000E+00  0.00000E+00  2.09922E+00
   481  6.32917E-01 -3.32600E+00 -3.32196E+00 -4.03531E-03  0.00000E+00  0.00000E+00  1.92081E+00
   482  6.47675E-01 -3.25671E+00 -3.25294E+00 -3.77002E-03  0.00000E+00  0.00000E+00  1.75322E+00
   483  6.62761E-01 -3.18910E+00 -3.18559E+00 -3.51336E-03  0.00000E+00  0.00000E+00  1.59630E+00
   484  6.78182E-01 -3.12314E+00 -3.11987E+00 -3.26603E-03  0.00000E+00  0.00000E+00  1.44987E+00
   485  6.93943E-01 -3.05877E+00 -3.05574E+00 -3.02861E-03  0.00000E+00  0.00000E+00  1.31366E+00
   486  7.10053E-01 -2.99594E+00 -2.99313E+00 -2.80161E-03  0.00000E+00  0.00000E+00  1.18739E+00
   487  7.26517E-01 -2.93457E+00 -2.93199E+00 -2.58542E-03  0.00000E+00  0.00000E+00  1.07073E+00
   488  7.43344E-01 -2.87462E+00 -2.87224E+00 -2.38035E-03  0.00000E+00  0.00000E+00  9.63314E-01
   489  7.60539E-01 -2.81599E+00 -2.81381E+00 -2.18661E-03  0.00000E+00  0.00000E+00  8.64750E-01
   490  7.78110E-01 -2.75863E+00 -2.75662E+00 -2.00432E-03  0.00000E+00  0.00000E+00  7.74630E-01
   491  7.96065E-01 -2.70244E+00 -2.70061E+00 -1.83351E-03  0.00000E+00  0.00000E+00  6.92524E-01
   492  8.14410E-01 -2.64735E+00 -2.64568E+00 -1.67414E-03  0.00000E+00  0.00000E+00  6.17990E-01
   493  8.33153E-01 -2.59329E+00 -2.59176E+00 -1.52608E-03  0.00000E+00  0.00000E+00  5.50580E-01
   494  8.52303E-01 -2.54015E+00 -2.53876E+00 -1.38913E-03  0.00000E+00  0.00000E+00  4.89842E-01
   495  8.71865E-01 -2.48787E+00 -2.48661E+00 -1.26302E-03  0.00000E+00  0.00000E+00  4.35323E-01
   496  8.91849E-01 -2.43636E+00 -2.43522E+00 -1.14745E-03  0.00000E+00  0.00000E+00  3.86577E-01
   497  9.12261E-01 -2.38555E+00 -2.38451E+00 -1.04203E-03  0.00000E+00  0.00000E+00  3.43163E-01
   498  9.33111E-01 -2.33535E+00 -2.33441E+00 -9.46345E-04  0.00000E+00  0.00000E+00  3.04653E-01
   499  9.54406E-01 -2.28570E+00 -2.28484E+00 -8.59943E-04  0.00000E+00  0.00000E+00  2.70630E-01
   500  9.76153E-01 -2.23652E+00 -2.23574E+00 -7.82335E-04  0.00000E+00  0.00000E+00  2.40694E-01
   501  9.98362E-01 -2.18775E+00 -2.18704E+00 -7.13010E-04  0.00000E+00  0.00000E+00  2.14463E-01
   502  1.02104E+00 -2.13933E+00 -2.13867E+00 -6.51439E-04  0.00000E+00  0.00000E+00  1.91572E-01
   503  1.04420E+00 -2.09119E+00 -2.09060E+00 -5.97083E-04  0.00000E+00  0.00000E+00  1.71676E-01
   504  1.06784E+00 -2.04331E+00 -2.04276E+00 -5.49395E-04  0.00000E+00  0.00000E+00  1.54453E-01
   505  1.09198E+00 -1.99562E+00 -1.99511E+00 -5.07832E-04  0.00000E+00  0.00000E+00  1.39599E-01
   506  1.11662E+00 -1.94810E+00 -1.94762E+00 -4.71854E-04  0.00000E+00  0.00000E+00  1.26835E-01
   507  1.14178E+00 -1.90070E+00 -1.90026E+00 -4.40933E-04  0.00000E+00  0.00000E+00  1.15903E-01
   508  1.16746E+00 -1.85342E+00 -1.85300E+00 -4.14554E-04  0.00000E+00  0.00000E+00  1.06563E-01
   509  1.19366E+00 -1.80623E+00 -1.80583E+00 -3.92221E-04  0.00000E+00  0.00000E+00  9.86013E-02
   510  1.22041E+00 -1.75911E+00 -1.75874E+00 -3.73461E-04  0.00000E+00  0.00000E+00  9.18203E-02
   511  1.24771E+00 -1.71208E+00 -1.71172E+00 -3.57820E-04  0.00000E+00  0.00000E+00  8.60441E-02
   512  1.27556E+00 -1.66512E+00 -1.66478E+00 -3.44876E-04  0.00000E+00  0.00000E+00  8.11148E-02
   513  1.30398E+00 -1.61825E+00 -1.61792E+00 -3.34232E-04  0.00000E+00  0.00000E+00  7.68926E-02
   514  1.33298E+00 -1.57148E+00 -1.57116E+00 -3.25518E-04  0.00000E+00  0.00000E+00  7.32541E-02
   515  1.36256E+00 -1.52483E+00 -1.52452E+00 -3.18397E-04  0.00000E+00  0.00000E+00  7.00915E-02
   516  1.39273E+00 -1.47833E+00 -1.47802E+00 -3.12559E-04  0.00000E+00  0.00000E+00  6.73115E-02
   517  1.42352E+00 -1.43200E+00 -1.43170E+00 -3.07727E-04  0.00000E+00  0.00000E+00  6.48340E-02
   518  1.45491E+00 -1.38588E+00 -1.38558E+00 -3.03650E-04  0.00000E+00  0.00000E+00  6.25909E-02
   519  1.48693E+00 -1.34001E+00 -1.33971E+00 -3.00107E-04  0.00000E+00  0.00000E+00  6.05253E-02
   520  1.51958E+00 -1.29443E+00 -1.29413E+00 -2.96906E-04  0.00000E+00  0.00000E+00  5.85899E-02
   521  1.55288E+00 -1.24917E+00 -1.24888E+00 -2.93878E-04  0.00000E+00  0.00000E+00  5.67462E-02
   522  1.58683E+00 -1.20429E+00 -1.20400E+00 -2.90883E-04  0.00000E+00  0.00000E+00  5.49635E-02
   523  1.62144E+00 -1.15984E+00 -1.15955E+00 -2.87801E-04  0.00000E+00  0.00000E+00  5.32180E-02
   524  1.65672E+00 -1.11586E+00 -1.11558E+00 -2.84537E-04  0.00000E+00  0.00000E+00  5.14915E-02
   525  1.69268E+00 -1.07240E+00 -1.07212E+00 -2.81013E-04  0.00000E+00  0.00000E+00  4.97712E-02
   526  1.72934E+00 -1.02952E+00 -1.02924E+00 -2.77171E-04  0.00000E+00  0.00000E+00  4.80483E-02
   527  1.76670E+00 -9.87258E-01 -9.86985E-01 -2.72971E-04  0.00000E+00  0.00000E+00  4.63177E-02
   528  1.80477E+00 -9.45666E-01 -9.45398E-01 -2.68385E-04  0.00000E+00  0.00000E+00  4.45772E-02
   529  1.84356E+00 -9.04792E-01 -9.04529E-01 -2.63400E-04  0.00000E+00  0.00000E+00  4.28272E-02
   530  1.88309E+00 -8.64683E-01 -8.64425E-01 -2.58014E-04  0.00000E+00  0.00000E+00  4.10696E-02
   531  1.92335E+00 -8.25381E-01 -8.25129E-01 -2.52235E-04  0.00000E+00  0.00000E+00  3.93080E-02
   532  1.96437E+00 -7.86929E-01 -7.86683E-01 -2.46080E-04  0.00000E+00  0.00000E+00  3.75469E-02
   533  2.00614E+00 -7.49366E-01 -7.49126E-01 -2.39572E-04  0.00000E+00  0.00000E+00  3.57916E-02
   534  2.04869E+00 -7.12727E-01 -7.12494E-01 -2.32740E-04  0.00000E+00  0.00000E+00  3.40479E-02
   535  2.09202E+00 -6.77046E-01 -6.76820E-01 -2.25617E-04  0.00000E+00  0.00000E+00  3.23214E-02
   536  2.13615E+00 -6.42352E-01 -6.42134E-01 -2.18240E-04  0.00000E+00  0.00000E+00  3.06181E-02
   537  2.18107E+00 -6.08672E-01 -6.08462E-01 -2.10649E-04  0.00000E+00  0.00000E+00  2.89437E-02
   538  2.22680E+00 -5.76028E-01 -5.75825E-01 -2.02882E-04  0.00000E+00  0.00000E+00  2.73034E-02
   539  2.27336E+00 -5.44440E-01 -5.44245E-01 -1.94982E-04  0.00000E+00  0.00000E+00  2.57023E-02
   540  2.32074E+00 -5.13921E-01 -5.13734E-01 -1.86988E-04  0.00000E+00  0.00000E+00  2.41449E-02
   541  2.36896E+00 -4.84485E-01 -4.84306E-01 -1.78941E-04  0.00000E+00  0.00000E+00  2.26351E-02
   542  2.41804E+00 -4.56138E-01 -4.55968E-01 -1.70880E-04  0.00000E+00  0.00000E+00  2.11763E-02
   543  2.46797E+00 -4.28886E-01 -4.28723E-01 -1.62841E-04  0.00000E+00  0.00000E+00  1.97715E-02
   544  2.51877E+00 -4.02728E-01 -4.02574E-01 -1.54859E-04  0.00000E+00  0.00000E+00  1.84228E-02
   545  2.57045E+00 -3.77663E-01 -3.77516E-01 -1.46966E-04  0.00000E+00  0.00000E+00  1.71321E-02
   546  2.62302E+00 -3.53683E-01 -3.53544E-01 -1.39193E-04  0.00000E+00  0.00000E+00  1.59006E-02
   547  2.67648E+00 -3.30779E-01 -3.30648E-01 -1.31567E-04  0.00000E+00  0.00000E+00  1.47290E-02
   548  2.73086E+00 -3.08940E-01 -3.08816E-01 -1.24111E-04  0.00000E+00  0.00000E+00  1.36176E-02
   549  2.78614E+00 -2.88150E-01 -2.88033E-01 -1.16848E-04  0.00000E+00  0.00000E+00  1.25662E-02
   550  2.84235E+00 -2.68391E-01 -2.68281E-01 -1.09797E-04  0.00000E+00  0.00000E+00  1.15742E-02
   551  2.89950E+00 -2.49643E-01 -2.49540E-01 -1.02973E-04  0.00000E+00  0.00000E+00  1.06408E-02
   552  2.95758E+00 -2.31884E-01 -2.31788E-01 -9.63896E-05  0.00000E+00  0.00000E+00  9.76484E-03
   553  3.01662E+00 -2.15089E-01 -2.14999E-01 -9.00574E-05  0.00000E+00  0.00000E+00  8.94473E-03
   554  3.07661E+00 -1.99232E-01 -1.99148E-01 -8.39847E-05  0.00000E+00  0.00000E+00  8.17885E-03
   555  3.13758E+00 -1.84286E-01 -1.84208E-01 -7.81772E-05  0.00000E+00  0.00000E+00  7.46531E-03
   556  3.19952E+00 -1.70221E-01 -1.70149E-01 -7.26385E-05  0.00000E+00  0.00000E+00  6.80209E-03
   557  3.26244E+00 -1.57007E-01 -1.56940E-01 -6.73704E-05  0.00000E+00  0.00000E+00  6.18705E-03
   558  3.32636E+00 -1.44614E-01 -1.44552E-01 -6.23726E-05  0.00000E+00  0.00000E+00  5.61798E-03
   559  3.39128E+00 -1.33009E-01 -1.32951E-01 -5.76432E-05  0.00000E+00  0.00000E+00  5.09258E-03
   560  3.45721E+00 -1.22160E-01 -1.22107E-01 -5.31788E-05  0.00000E+00  0.00000E+00  4.60856E-03
   561  3.52415E+00 -1.12035E-01 -1.11986E-01 -4.89747E-05  0.00000E+00  0.00000E+00  4.16359E-03
   562  3.59211E+00 -1.02601E-01 -1.02555E-01 -4.50251E-05  0.00000E+00  0.00000E+00  3.75537E-03
   563  3.66111E+00 -9.38245E-02 -9.37832E-02 -4.13230E-05  0.00000E+00  0.00000E+00  3.38163E-03
   564  3.73114E+00 -8.56744E-02 -8.56365E-02 -3.78608E-05  0.00000E+00  0.00000E+00  3.04014E-03
   565  3.80222E+00 -7.81179E-02 -7.80833E-02 -3.46300E-05  0.00000E+00  0.00000E+00  2.72873E-03
   566  3.87436E+00 -7.11234E-02 -7.10918E-02 -3.16218E-05  0.00000E+00  0.00000E+00  2.44530E-03
   567  3.94754E+00 -6.46599E-02 -6.46310E-02 -2.88268E-05  0.00000E+00  0.00000E+00  2.18782E-03
   568  4.02180E+00 -5.86967E-02 -5.86705E-02 -2.62353E-05  0.00000E+00  0.00000E+00  1.95437E-03
   569  4.09712E+00 -5.32044E-02 -5.31806E-02 -2.38373E-05  0.00000E+00  0.00000E+00  1.74309E-03
   570  4.17353E+00 -4.81541E-02 -4.81325E-02 -2.16231E-05  0.00000E+00  0.00000E+00  1.55222E-03
   571  4.25101E+00 -4.35180E-02 -4.34984E-02 -1.95825E-05  0.00000E+00  0.00000E+00  1.38011E-03
   572  4.32959E+00 -3.92690E-02 -3.92513E-02 -1.77056E-05  0.00000E+00  0.00000E+00  1.22519E-03
   573  4.40926E+00 -3.53814E-02 -3.53655E-02 -1.59827E-05  0.00000E+00  0.00000E+00  1.08599E-03
   574  4.49003E+00 -3.18304E-02 -3.18160E-02 -1.44042E-05  0.00000E+00  0.00000E+00  9.61125E-04
   575  4.57190E+00 -2.85921E-02 -2.85792E-02 -1.29608E-05  0.00000E+00  0.00000E+00  8.49321E-04
   576  4.65488E+00 -2.56441E-02 -2.56324E-02 -1.16432E-05  0.00000E+00  0.00000E+00  7.49381E-04
   577  4.73898E+00 -2.29646E-02 -2.29542E-02 -1.04429E-05  0.00000E+00  0.00000E+00  6.60197E-04
   578  4.82420E+00 -2.05335E-02 -2.05241E-02 -9.35134E-06  0.00000E+00  0.00000E+00  5.80746E-04
   579  4.91054E+00 -1.83313E-02 -1.83229E-02 -8.36054E-06  0.00000E+00  0.00000E+00  5.10084E-04
   580  4.99801E+00 -1.63398E-02 -1.63323E-02 -7.46280E-06  0.00000E+00  0.00000E+00  4.47344E-04
   581  5.08660E+00 -1.45419E-02 -1.45353E-02 -6.65086E-06  0.00000E+00  0.00000E+00  3.91730E-04
   582  5.17634E+00 -1.29216E-02 -1.29157E-02 -5.91783E-06  0.00000E+00  0.00000E+00  3.42512E-04
   583  5.26721E+00 -1.14638E-02 -1.14585E-02 -5.25721E-06  0.00000E+00  0.00000E+00  2.99027E-04
   584  5.35922E+00 -1.01543E-02 -1.01497E-02 -4.66290E-06  0.00000E+00  0.00000E+00  2.60670E-04
   585  5.45238E+00 -8.98017E-03 -8.97604E-03 -4.12920E-06  0.00000E+00  0.00000E+00  2.26890E-04
   586  5.54668E+00 -7.92913E-03 -7.92548E-03 -3.65075E-06  0.00000E+00  0.00000E+00  1.97190E-04
   587  5.64214E+00 -6.98992E-03 -6.98669E-03 -3.22259E-06  0.00000E+00  0.00000E+00  1.71119E-04
   588  5.73874E+00 -6.15206E-03 -6.14922E-03 -2.84010E-06  0.00000E+00  0.00000E+00  1.48270E-04
   589  5.83650E+00 -5.40591E-03 -5.40341E-03 -2.49901E-06  0.00000E+00  0.00000E+00  1.28278E-04
   590  5.93542E+00 -4.74257E-03 -4.74037E-03 -2.19535E-06  0.00000E+00  0.00000E+00  1.10813E-04
   591  6.03549E+00 -4.15388E-03 -4.15195E-03 -1.92550E-06  0.00000E+00  0.00000E+00  9.55798E-05
   592  6.13673E+00 -3.63233E-03 -3.63064E-03 -1.68610E-06  0.00000E+00  0.00000E+00  8.23155E-05
   593  6.23912E+00 -3.17108E-03 -3.16960E-03 -1.47408E-06  0.00000E+00  0.00000E+00  7.07837E-05
   594  6.34268E+00 -2.76386E-03 -2.76257E-03 -1.28664E-06  0.00000E+00  0.00000E+00  6.07742E-05
   595  6.44740E+00 -2.40497E-03 -2.40385E-03 -1.12121E-06  0.00000E+00  0.00000E+00  5.21001E-05
   596  6.55328E+00 -2.08923E-03 -2.08826E-03 -9.75468E-07  0.00000E+00  0.00000E+00  4.45953E-05
   597  6.66033E+00 -1.81195E-03 -1.81110E-03 -8.47286E-07  0.00000E+00  0.00000E+00  3.81127E-05
   598  6.76854E+00 -1.56885E-03 -1.56812E-03 -7.34745E-07  0.00000E+00  0.00000E+00  3.25220E-05
   599  6.87791E+00 -1.35612E-03 -1.35548E-03 -6.36110E-07  0.00000E+00  0.00000E+00  2.77084E-05
   600  6.98845E+00 -1.17027E-03 -1.16972E-03 -5.49812E-07  0.00000E+00  0.00000E+00  2.35705E-05
   601  7.10015E+00 -1.00821E-03 -1.00774E-03 -4.74439E-07  0.00000E+00  0.00000E+00  2.00193E-05
   602  7.21302E+00 -8.67136E-04 -8.66727E-04 -4.08724E-07  0.00000E+00  0.00000E+00  1.69765E-05
   603  7.32705E+00 -7.44551E-04 -7.44199E-04 -3.51528E-07  0.00000E+00  0.00000E+00  1.43736E-05
   604  7.44224E+00 -6.38221E-04 -6.37919E-04 -3.01835E-07  0.00000E+00  0.00000E+00  1.21507E-05
   605  7.55859E+00 -5.46156E-04 -5.45897E-04 -2.58737E-07  0.00000E+00  0.00000E+00  1.02554E-05
   606  7.67609E+00 -4.66584E-04 -4.66362E-04 -2.21423E-07  0.00000E+00  0.00000E+00  8.64205E-06
   607  7.79476E+00 -3.97932E-04 -3.97743E-04 -1.89174E-07  0.00000E+00  0.00000E+00  7.27099E-06
   608  7.91458E+00 -3.38809E-04 -3.38647E-04 -1.61352E-07  0.00000E+00  0.00000E+00  6.10774E-06
   609  8.03556E+00 -2.87982E-04 -2.87845E-04 -1.37391E-07  0.00000E+00  0.00000E+00  5.12245E-06
   610  8.15768E+00 -2.44366E-04 -2.44249E-04 -1.16792E-07  0.00000E+00  0.00000E+00  4.28926E-06
   611  8.28096E+00 -2.07005E-04 -2.06906E-04 -9.91152E-08  0.00000E+00  0.00000E+00  3.58587E-06
   612  8.40538E+00 -1.75059E-04 -1.74975E-04 -8.39723E-08  0.00000E+00  0.00000E+00  2.99305E-06
   613  8.53095E+00 -1.47793E-04 -1.47722E-04 -7.10232E-08  0.00000E+00  0.00000E+00  2.49424E-06
   614  8.65767E+00 -1.24562E-04 -1.24503E-04 -5.99698E-08  0.00000E+00  0.00000E+00  2.07523E-06
   615  8.78552E+00 -1.04806E-04 -1.04755E-04 -5.05513E-08  0.00000E+00  0.00000E+00  1.72385E-06
   616  8.91450E+00 -8.80333E-05 -8.79908E-05 -4.25402E-08  0.00000E+00  0.00000E+00  1.42968E-06
   617  9.04462E+00 -7.38202E-05 -7.37844E-05 -3.57383E-08  0.00000E+00  0.00000E+00  1.18380E-06
   618  9.17588E+00 -6.17972E-05 -6.17672E-05 -2.99734E-08  0.00000E+00  0.00000E+00  9.78641E-07
   619  9.30825E+00 -5.16451E-05 -5.16200E-05 -2.50960E-08  0.00000E+00  0.00000E+00  8.07740E-07
   620  9.44175E+00 -4.30881E-05 -4.30672E-05 -2.09769E-08  0.00000E+00  0.00000E+00  6.65615E-07
   621  9.57637E+00 -3.58885E-05 -3.58710E-05 -1.75043E-08  0.00000E+00  0.00000E+00  5.47620E-07
   622  9.71211E+00 -2.98416E-05 -2.98270E-05 -1.45820E-08  0.00000E+00  0.00000E+00  4.49821E-07
   623  9.84896E+00 -2.47719E-05 -2.47598E-05 -1.21272E-08  0.00000E+00  0.00000E+00  3.68897E-07
   624  9.98691E+00 -2.05291E-05 -2.05191E-05 -1.00687E-08  0.00000E+00  0.00000E+00  3.02049E-07
   625  1.01260E+01 -1.69846E-05 -1.69763E-05 -8.34559E-09  0.00000E+00  0.00000E+00  2.46920E-07
   626  1.02661E+01 -1.40287E-05 -1.40218E-05 -6.90579E-09  0.00000E+00  0.00000E+00  2.01531E-07
   627  1.04074E+01 -1.15679E-05 -1.15622E-05 -5.70484E-09  0.00000E+00  0.00000E+00  1.64224E-07
   628  1.05497E+01 -9.52296E-06 -9.51825E-06 -4.70489E-09  0.00000E+00  0.00000E+00  1.33611E-07
   629  1.06931E+01 -7.82656E-06 -7.82269E-06 -3.87375E-09  0.00000E+00  0.00000E+00  1.08533E-07
   630  1.08377E+01 -6.42175E-06 -6.41857E-06 -3.18414E-09  0.00000E+00  0.00000E+00  8.80223E-08
   631  1.09832E+01 -5.26044E-06 -5.25782E-06 -2.61297E-09  0.00000E+00  0.00000E+00  7.12753E-08
   632  1.11299E+01 -4.30208E-06 -4.29994E-06 -2.14071E-09  0.00000E+00  0.00000E+00  5.76239E-08
   633  1.12776E+01 -3.51257E-06 -3.51082E-06 -1.75092E-09  0.00000E+00  0.00000E+00  4.65142E-08
   634  1.14264E+01 -2.86329E-06 -2.86186E-06 -1.42976E-09  0.00000E+00  0.00000E+00  3.74877E-08
   635  1.15762E+01 -2.33024E-06 -2.32907E-06 -1.16559E-09  0.00000E+00  0.00000E+00  3.01658E-08
   636  1.17271E+01 -1.89336E-06 -1.89241E-06 -9.48688E-10  0.00000E+00  0.00000E+00  2.42363E-08
   637  1.18791E+01 -1.53592E-06 -1.53515E-06 -7.70893E-10  0.00000E+00  0.00000E+00  1.94423E-08
   638  1.20320E+01 -1.24396E-06 -1.24334E-06 -6.25405E-10  0.00000E+00  0.00000E+00  1.55725E-08
   639  1.21861E+01 -1.00589E-06 -1.00539E-06 -5.06557E-10  0.00000E+00  0.00000E+00  1.24538E-08
   640  1.23411E+01 -8.12095E-07 -8.11686E-07 -4.09636E-10  0.00000E+00  0.00000E+00  9.94442E-09
   641  1.24972E+01 -6.54598E-07 -6.54268E-07 -3.30729E-10  0.00000E+00  0.00000E+00  7.92861E-09
   642  1.26542E+01 -5.26816E-07 -5.26549E-07 -2.66597E-10  0.00000E+00  0.00000E+00  6.31183E-09
   643  1.28123E+01 -4.23313E-07 -4.23099E-07 -2.14561E-10  0.00000E+00  0.00000E+00  5.01716E-09
   644  1.29714E+01 -3.39615E-07 -3.39443E-07 -1.72409E-10  0.00000E+00  0.00000E+00  3.98206E-09
   645  1.31315E+01 -2.72044E-07 -2.71905E-07 -1.38321E-10  0.00000E+00  0.00000E+00  3.15579E-09
   646  1.32926E+01 -2.17580E-07 -2.17469E-07 -1.10799E-10  0.00000E+00  0.00000E+00  2.49724E-09
   647  1.34547E+01 -1.73753E-07 -1.73664E-07 -8.86155E-11  0.00000E+00  0.00000E+00  1.97320E-09
   648  1.36178E+01 -1.38542E-07 -1.38471E-07 -7.07638E-11  0.00000E+00  0.00000E+00  1.55683E-09
   649  1.37818E+01 -1.10299E-07 -1.10242E-07 -5.64216E-11  0.00000E+00  0.00000E+00  1.22652E-09
   650  1.39468E+01 -8.76805E-08 -8.76356E-08 -4.49173E-11  0.00000E+00  0.00000E+00  9.64880E-10
   651  1.41128E+01 -6.95956E-08 -6.95599E-08 -3.57044E-11  0.00000E+00  0.00000E+00  7.57954E-10
   652  1.42798E+01 -5.51584E-08 -5.51300E-08 -2.83381E-11  0.00000E+00  0.00000E+00  5.94547E-10
   653  1.44476E+01 -4.36511E-08 -4.36286E-08 -2.24578E-11  0.00000E+00  0.00000E+00  4.65700E-10
   654  1.46165E+01 -3.44934E-08 -3.44757E-08 -1.77711E-11  0.00000E+00  0.00000E+00  3.64256E-10
   655  1.47863E+01 -2.72170E-08 -2.72029E-08 -1.40415E-11  0.00000E+00  0.00000E+00  2.84506E-10
   656  1.49570E+01 -2.14441E-08 -2.14331E-08 -1.10783E-11  0.00000E+00  0.00000E+00  2.21903E-10
   657  1.51286E+01 -1.68712E-08 -1.68625E-08 -8.72755E-12  0.00000E+00  0.00000E+00  1.72834E-10
   658  1.53012E+01 -1.32543E-08 -1.32475E-08 -6.86558E-12  0.00000E+00  0.00000E+00  1.34427E-10
   659  1.54747E+01 -1.03979E-08 -1.03925E-08 -5.39301E-12  0.00000E+00  0.00000E+00  1.04411E-10
   660  1.56491E+01 -8.14545E-09 -8.14122E-09 -4.23019E-12  0.00000E+00  0.00000E+00  8.09853E-11
   661  1.58244E+01 -6.37190E-09 -6.36858E-09 -3.31333E-12  0.00000E+00  0.00000E+00  6.27297E-11
   662  1.60006E+01 -4.97750E-09 -4.97491E-09 -2.59150E-12  0.00000E+00  0.00000E+00  4.85233E-11
   663  1.61776E+01 -3.88281E-09 -3.88079E-09 -2.02405E-12  0.00000E+00  0.00000E+00  3.74837E-11
   664  1.63556E+01 -3.02467E-09 -3.02309E-09 -1.57864E-12  0.00000E+00  0.00000E+00  2.89168E-11
   665  1.65345E+01 -2.35293E-09 -2.35170E-09 -1.22952E-12  0.00000E+00  0.00000E+00  2.22783E-11
   666  1.67142E+01 -1.82787E-09 -1.82692E-09 -9.56287E-13  0.00000E+00  0.00000E+00  1.71411E-11
   667  1.68948E+01 -1.41805E-09 -1.41731E-09 -7.42747E-13  0.00000E+00  0.00000E+00  1.31711E-11
   668  1.70762E+01 -1.09862E-09 -1.09805E-09 -5.76102E-13  0.00000E+00  0.00000E+00  1.01075E-11
   669  1.72586E+01 -8.50007E-10 -8.49560E-10 -4.46239E-13  0.00000E+00  0.00000E+00  7.74637E-12
   670  1.74417E+01 -6.56775E-10 -6.56430E-10 -3.45182E-13  0.00000E+00  0.00000E+00  5.92918E-12
   671  1.76257E+01 -5.06797E-10 -5.06530E-10 -2.66654E-13  0.00000E+00  0.00000E+00  4.53249E-12
   672  1.78105E+01 -3.90553E-10 -3.90347E-10 -2.05716E-13  0.00000E+00  0.00000E+00  3.46041E-12
   673  1.79962E+01 -3.00578E-10 -3.00419E-10 -1.58495E-13  0.00000E+00  0.00000E+00  2.63858E-12
   674  1.81827E+01 -2.31031E-10 -2.30909E-10 -1.21953E-13  0.00000E+00  0.00000E+00  2.00941E-12
   675  1.83700E+01 -1.77347E-10 -1.77254E-10 -9.37137E-14  0.00000E+00  0.00000E+00  1.52837E-12
   676  1.85581E+01 -1.35963E-10 -1.35891E-10 -7.19204E-14  0.00000E+00  0.00000E+00  1.16106E-12
   677  1.87470E+01 -1.04103E-10 -1.04048E-10 -5.51243E-14  0.00000E+00  0.00000E+00  8.80939E-13
   678  1.89368E+01 -7.96088E-11 -7.95666E-11 -4.21969E-14  0.00000E+00  0.00000E+00  6.67590E-13
   679  1.91273E+01 -6.07997E-11 -6.07674E-11 -3.22602E-14  0.00000E+00  0.00000E+00  5.05301E-13
   680  1.93186E+01 -4.63769E-11 -4.63523E-11 -2.46326E-14  0.00000E+00  0.00000E+00  3.82005E-13
   681  1.95107E+01 -3.53328E-11 -3.53140E-11 -1.87849E-14  0.00000E+00  0.00000E+00  2.88451E-13
   682  1.97035E+01 -2.68835E-11 -2.68692E-11 -1.43078E-14  0.00000E+00  0.00000E+00  2.17552E-13
   683  1.98972E+01 -2.04301E-11 -2.04192E-11 -1.08843E-14  0.00000E+00  0.00000E+00  1.63887E-13
   684  2.00916E+01 -1.55070E-11 -1.54987E-11 -8.26988E-15  0.00000E+00  0.00000E+00  1.23316E-13
   685  2.02867E+01 -1.17551E-11 -1.17488E-11 -6.27584E-15  0.00000E+00  0.00000E+00  9.26820E-14
   686  2.04826E+01 -8.90253E-12 -8.89777E-12 -4.75689E-15  0.00000E+00  0.00000E+00  6.95781E-14
   687  2.06793E+01 -6.73066E-12 -6.72706E-12 -3.60128E-15  0.00000E+00  0.00000E+00  5.21743E-14
   688  2.08767E+01 -5.08488E-12 -5.08216E-12 -2.72318E-15  0.00000E+00  0.00000E+00  3.90796E-14
   689  2.10748E+01 -3.83366E-12 -3.83160E-12 -2.05677E-15  0.00000E+00  0.00000E+00  2.92386E-14
   690  2.12737E+01 -2.88813E-12 -2.88658E-12 -1.55163E-15  0.00000E+00  0.00000E+00  2.18515E-14
   691  2.14732E+01 -2.17365E-12 -2.17248E-12 -1.16920E-15  0.00000E+00  0.00000E+00  1.63128E-14
   692  2.16735E+01 -1.63335E-12 -1.63247E-12 -8.80019E-16  0.00000E+00  0.00000E+00  1.21646E-14
   693  2.18746E+01 -1.22457E-12 -1.22391E-12 -6.61607E-16  0.00000E+00  0.00000E+00  9.06142E-15
   694  2.20763E+01 -9.17097E-13 -9.16600E-13 -4.96841E-16  0.00000E+00  0.00000E+00  6.74259E-15
   695  2.22787E+01 -6.86046E-13 -6.85674E-13 -3.72690E-16  0.00000E+00  0.00000E+00  5.01180E-15
   696  2.24818E+01 -5.13646E-13 -5.13367E-13 -2.79251E-16  0.00000E+00  0.00000E+00  3.72134E-15
   697  2.26856E+01 -3.82126E-13 -3.81917E-13 -2.09008E-16  0.00000E+00  0.00000E+00  2.76024E-15
   698  2.28901E+01 -2.84373E-13 -2.84217E-13 -1.56262E-16  0.00000E+00  0.00000E+00  2.04523E-15
   699  2.30953E+01 -2.09727E-13 -2.09610E-13 -1.16701E-16  0.00000E+00  0.00000E+00  1.51386E-15
   700  2.33011E+01 -1.54630E-13 -1.54543E-13 -8.70614E-17  0.00000E+00  0.00000E+00  1.11940E-15
   701  2.35076E+01 -1.11975E-13 -1.11910E-13 -6.48802E-17  0.00000E+00  0.00000E+00  8.26872E-16
   702  2.37148E+01 -4.82990E-17 -0.00000E+00 -4.82990E-17  0.00000E+00  0.00000E+00  6.10174E-16
   703  2.37148E+01 -0.00000E+00 -0.00000E+00  0.00000E+00  0.00000E+00  0.00000E+00  0.00000E+00
   704  4.74296E+01 -0.00000E+00 -0.00000E+00  0.00000E+00  0.00000E+00  0.00000E+00  0.00000E+00
   705  9.48592E+01 -0.00000E+00 -0.00000E+00  0.00000E+00  0.00000E+00  0.00000E+00  0.00000E+00
   706  1.89718E+02 -0.00000E+00 -0.00000E+00  0.00000E+00  0.00000E+00  0.00000E+00  0.00000E+00
   707  3.79437E+02 -0.00000E+00 -0.00000E+00  0.00000E+00  0.00000E+00  0.00000E+00  0.00000E+00
   708  7.58874E+02 -0.00000E+00 -0.00000E+00  0.00000E+00  0.00000E+00  0.00000E+00  0.00000E+00
   709  1.51775E+03 -0.00000E+00 -0.00000E+00  0.00000E+00  0.00000E+00  0.00000E+00  0.00000E+00
   710  3.03550E+03 -0.00000E+00 -0.00000E+00  0.00000E+00  0.00000E+00  0.00000E+00  0.00000E+00
   711  6.07099E+03 -0.00000E+00 -0.00000E+00  0.00000E+00  0.00000E+00  0.00000E+00  0.00000E+00
   712  1.21420E+04 -0.00000E+00 -0.00000E+00  0.00000E+00  0.00000E+00  0.00000E+00  0.00000E+00
