

  **** PARTIAL WAVE ANALYSIS (DPWA0) ******************************************


  KINETIC ENERGY = 2.50000E+04 eV

      L       PHASE(SPIN UP)     PHASE(SPIN DOWN)
  -----------------------------------------------
       0      1.02750097E-01      0.00000000E+00
       1      7.88396134E-02      7.97051087E-02
       2      6.68587155E-02      6.73338350E-02
       3      5.88779285E-02      5.92080789E-02
       4      5.29076389E-02      5.31606866E-02
       5      4.81500250E-02      4.83548616E-02
       6      4.42053721E-02      4.43770721E-02
       7      4.08448461E-02      4.09922967E-02
       8      3.79251526E-02      3.80540442E-02
       9      3.53505635E-02      3.54647649E-02
      10      3.30539122E-02      3.31561764E-02
      11      3.09862200E-02      3.10785778E-02
      12      2.91106407E-02      2.91946353E-02
      13      2.73987335E-02      2.74755657E-02
      14      2.58280653E-02      2.58986893E-02
      15      2.43806122E-02      2.44457994E-02
      16      2.30416602E-02      2.31020439E-02
      17      2.17990294E-02      2.18551363E-02
      18      2.06425129E-02      2.06947863E-02
      19      1.95634643E-02      1.96122813E-02
      20      1.85544874E-02      1.86001716E-02
      21      1.76092003E-02      1.76520320E-02
      22      1.67220531E-02      1.67622766E-02
      23      1.58881848E-02      1.59260146E-02
      24      1.51033102E-02      1.51389361E-02
      25      1.43636295E-02      1.43972200E-02
      26      1.36657554E-02      1.36974609E-02
      27      1.30066527E-02      1.30366085E-02
      28      1.23835902E-02      1.24119181E-02
      29      1.17940995E-02      1.18209097E-02
      30      1.12359412E-02      1.12613340E-02
      31      1.07070766E-02      1.07311432E-02
      32      1.02056436E-02      1.02284676E-02
      33      9.72993610E-03      9.75159418E-03
      34      9.27838685E-03      9.29894942E-03
      35      8.84955214E-03      8.86908418E-03
      36      8.44209896E-03      8.46066051E-03
      37      8.05479381E-03      8.07244049E-03
      38      7.68649280E-03      7.70327622E-03
      39      7.33613317E-03      7.35210133E-03
      40      7.00272573E-03      7.01792331E-03
      41      6.68534820E-03      6.69981691E-03
      42      6.38313940E-03      6.39691821E-03
      43      6.09529397E-03      6.10841934E-03
      44      5.82105779E-03      5.83356387E-03
      45      5.55972375E-03      5.57164260E-03
      46      5.31062813E-03      5.32198982E-03
      47      5.07314714E-03      5.08397997E-03
      48      4.84669398E-03      4.85702459E-03
      49      4.63071613E-03      4.64056959E-03
      50      4.42469278E-03      4.43409274E-03
      51      4.22813270E-03      4.23710147E-03
      52      4.04057211E-03      4.04913078E-03
      53      3.86157288E-03      3.86974134E-03
      54      3.69072076E-03      3.69851786E-03
      55      3.52762387E-03      3.53506743E-03
      56      3.37191124E-03      3.37901813E-03
      57      3.22323150E-03      3.23001771E-03
      58      3.08125163E-03      3.08773231E-03
      59      2.94565590E-03      2.95184543E-03
      60      2.81614476E-03      2.82205677E-03
      61      2.69243394E-03      2.69808138E-03
      62      2.57425351E-03      2.57964866E-03
      63      2.46134706E-03      2.46650162E-03
      64      2.35347098E-03      2.35839603E-03
      65      2.25039365E-03      2.25509976E-03
      66      2.15189486E-03      2.15639205E-03
      67      2.05776512E-03      2.06206294E-03
      68      1.96780511E-03      1.97191264E-03
      69      1.88182511E-03      1.88575101E-03
      70      1.79964453E-03      1.80339703E-03
      71      1.72109136E-03      1.72467830E-03
      72      1.64600180E-03      1.64943065E-03
      73      1.57421976E-03      1.57749764E-03
      74      1.50559651E-03      1.50873020E-03
      75      1.43999031E-03      1.44298627E-03
      76      1.37726600E-03      1.38013040E-03
      77      1.31729473E-03      1.32003346E-03
      78      1.25995363E-03      1.26257228E-03
      79      1.20512548E-03      1.20762941E-03
      80      1.15269848E-03      1.15509278E-03
      81      1.10256595E-03      1.10485549E-03
      82      1.05462609E-03      1.05681552E-03
      83      1.00878176E-03      1.01087550E-03
      84      9.64940210E-04      9.66942504E-04
      85      9.23012932E-04      9.24927818E-04
      86      8.82915415E-04      8.84746750E-04
      87      8.44566967E-04      8.46318433E-04
      88      8.07890527E-04      8.09565642E-04
      89      7.72812513E-04      7.74414636E-04
      90      7.39262640E-04      7.40794979E-04
      91      7.07173770E-04      7.08639390E-04
      92      6.76481776E-04      6.77883605E-04
      93      6.47125392E-04      6.48466226E-04
      94      6.19046076E-04      6.20328589E-04
      95      5.92187907E-04      5.93414651E-04  i
      96      5.66497437E-04      5.67670852E-04  i
      97      5.41923593E-04      5.43046012E-04  i
      98      5.18417572E-04      5.19491223E-04  i
      99      4.95932726E-04      4.96959738E-04  i
     100      4.74424467E-04      4.75406877E-04  i
     105      3.80104552E-04      3.80891477E-04  i
     110      3.04545981E-04      3.05176428E-04  i
     115      2.44008402E-04      2.44513543E-04  i
     120      1.95501185E-04      1.95905955E-04  i
     125      1.56631530E-04      1.56955884E-04  i
     130      1.25483935E-04      1.25743850E-04  i
     135      1.00524378E-04      1.00732655E-04  i
     140      8.05239640E-05      8.06908557E-05  i
     145      6.44980174E-05      6.46317412E-05  i
     150      5.16574155E-05      5.17645567E-05  i
     155      4.13696879E-05      4.14555251E-05  i
     160      3.31278850E-05      3.31966490E-05  i
     165      2.65256503E-05      2.65807326E-05  i
     170      2.12372622E-05      2.12813811E-05  i
     175      1.70016367E-05      1.70369711E-05  i
     180      1.36095068E-05      1.36378034E-05  i
     185      1.08931481E-05      1.09158064E-05  i
     190      8.71814051E-06      8.73628228E-06  i
     195      6.97676250E-06      6.99128664E-06  i
     200      5.58269508E-06      5.59432185E-06  i
     205      4.46677537E-06      4.47608190E-06  i
     210      3.57359198E-06      3.58104057E-06  i
     215      2.85875496E-06      2.86471597E-06  i
     220      2.28670698E-06      2.29147705E-06  i
     225      1.82896864E-06      1.83278535E-06  i
     230      1.46273192E-06      1.46578553E-06  i
     235      1.16973243E-06      1.17217528E-06  i
     240      9.35345814E-07      9.37299896E-07  i
     245      7.47863527E-07      7.49426490E-07  i
     250      5.97912492E-07      5.99162528E-07  i
     255      4.77989776E-07      4.78989444E-07  i
     260      3.82090139E-07      3.82889515E-07  i
     265      3.05407728E-07      3.06046901E-07  i
     270      2.44096857E-07      2.44607869E-07  i
     275      1.95079646E-07      1.95488173E-07  i
     280      1.55894403E-07      1.56220984E-07  i
     285      1.24571364E-07      1.24832406E-07  i
     290      9.95349715E-08      9.97436248E-08  i
     295      7.95249865E-08      7.96917373E-08  i
     300      6.35333894E-08      6.36666539E-08  i
     310      4.05427790E-08      4.06278569E-08  i
     320      2.58650867E-08      2.59193949E-08  i
     330      1.64970454E-08      1.65317118E-08  i
     340      1.05193925E-08      1.05415000E-08  i
     350      6.70606964E-09      6.72017039E-09  i
     360      4.27431123E-09      4.28329327E-09  i
     370      2.72361233E-09      2.72935197E-09  i
     380      1.73499275E-09      1.73864245E-09  i
     390      1.10493791E-09      1.10728315E-09  i


  *** SCATTERING AMPLITUDES AND DIFFERENTIAL CROSS SECTION ***

    ANGLE      DCS       ASYMMETRY    DIRECT AMPLITUDE       SPIN-FLIP AMPLITUDE     ERROR
    (deg)   (cm**2/sr)                      (cm)                    (cm)
  -------------------------------------------------------------------------------------------
  0.000E+00 3.07954E-17  0.000E+00 ( 5.549E-09, 7.825E-11) ( 0.000E+00, 0.000E+00)  1.35E-07
  1.000E-04 3.07954E-17  0.000E+00 ( 5.549E-09, 7.825E-11) ( 2.259E-16, 3.180E-18)  1.35E-07
  1.250E-04 3.07954E-17  0.000E+00 ( 5.549E-09, 7.825E-11) ( 2.824E-16, 3.975E-18)  1.35E-07
  1.500E-04 3.07954E-17  0.000E+00 ( 5.549E-09, 7.825E-11) ( 3.389E-16, 4.770E-18)  1.35E-07
  1.750E-04 3.07954E-17  0.000E+00 ( 5.549E-09, 7.825E-11) ( 3.954E-16, 5.565E-18)  1.35E-07
  2.000E-04 3.07954E-17  0.000E+00 ( 5.549E-09, 7.825E-11) ( 4.519E-16, 6.360E-18)  1.35E-07
  2.250E-04 3.07954E-17  0.000E+00 ( 5.549E-09, 7.825E-11) ( 5.084E-16, 7.155E-18)  1.35E-07
  2.500E-04 3.07954E-17  0.000E+00 ( 5.549E-09, 7.825E-11) ( 5.649E-16, 7.950E-18)  1.35E-07
  2.750E-04 3.07954E-17  0.000E+00 ( 5.549E-09, 7.825E-11) ( 6.213E-16, 8.745E-18)  1.35E-07
  3.000E-04 3.07954E-17  0.000E+00 ( 5.549E-09, 7.825E-11) ( 6.778E-16, 9.540E-18)  1.35E-07
  3.250E-04 3.07954E-17  0.000E+00 ( 5.549E-09, 7.825E-11) ( 7.343E-16, 1.033E-17)  1.35E-07
  3.500E-04 3.07954E-17  0.000E+00 ( 5.549E-09, 7.825E-11) ( 7.908E-16, 1.113E-17)  1.35E-07
  3.750E-04 3.07954E-17  0.000E+00 ( 5.549E-09, 7.825E-11) ( 8.473E-16, 1.192E-17)  1.35E-07
  4.000E-04 3.07954E-17  0.000E+00 ( 5.549E-09, 7.825E-11) ( 9.038E-16, 1.272E-17)  1.35E-07
  4.250E-04 3.07954E-17  0.000E+00 ( 5.549E-09, 7.825E-11) ( 9.603E-16, 1.351E-17)  1.35E-07
  4.500E-04 3.07954E-17  0.000E+00 ( 5.549E-09, 7.825E-11) ( 1.017E-15, 1.431E-17)  1.35E-07
  4.750E-04 3.07954E-17  0.000E+00 ( 5.549E-09, 7.825E-11) ( 1.073E-15, 1.510E-17)  1.35E-07
  5.000E-04 3.07954E-17  0.000E+00 ( 5.549E-09, 7.825E-11) ( 1.130E-15, 1.590E-17)  1.35E-07
  5.250E-04 3.07954E-17  0.000E+00 ( 5.549E-09, 7.825E-11) ( 1.186E-15, 1.669E-17)  1.35E-07
  5.500E-04 3.07954E-17  0.000E+00 ( 5.549E-09, 7.825E-11) ( 1.243E-15, 1.749E-17)  1.35E-07
  5.750E-04 3.07954E-17  0.000E+00 ( 5.549E-09, 7.825E-11) ( 1.299E-15, 1.828E-17)  1.35E-07
  6.000E-04 3.07954E-17  0.000E+00 ( 5.549E-09, 7.825E-11) ( 1.356E-15, 1.908E-17)  1.35E-07
  6.250E-04 3.07954E-17  0.000E+00 ( 5.549E-09, 7.825E-11) ( 1.412E-15, 1.987E-17)  1.35E-07
  6.500E-04 3.07954E-17  0.000E+00 ( 5.549E-09, 7.825E-11) ( 1.469E-15, 2.067E-17)  1.35E-07
  6.750E-04 3.07954E-17  0.000E+00 ( 5.549E-09, 7.825E-11) ( 1.525E-15, 2.146E-17)  1.35E-07
  7.000E-04 3.07954E-17  0.000E+00 ( 5.549E-09, 7.825E-11) ( 1.582E-15, 2.226E-17)  1.35E-07
  7.250E-04 3.07954E-17  0.000E+00 ( 5.549E-09, 7.825E-11) ( 1.638E-15, 2.305E-17)  1.35E-07
  7.500E-04 3.07954E-17  0.000E+00 ( 5.549E-09, 7.825E-11) ( 1.695E-15, 2.385E-17)  1.35E-07
  7.750E-04 3.07954E-17  0.000E+00 ( 5.549E-09, 7.825E-11) ( 1.751E-15, 2.464E-17)  1.35E-07
  8.000E-04 3.07954E-17  0.000E+00 ( 5.549E-09, 7.825E-11) ( 1.808E-15, 2.544E-17)  1.35E-07
  8.250E-04 3.07954E-17  0.000E+00 ( 5.549E-09, 7.825E-11) ( 1.864E-15, 2.623E-17)  1.35E-07
  8.500E-04 3.07954E-17  0.000E+00 ( 5.549E-09, 7.825E-11) ( 1.921E-15, 2.703E-17)  1.35E-07
  8.750E-04 3.07954E-17  0.000E+00 ( 5.549E-09, 7.825E-11) ( 1.977E-15, 2.782E-17)  1.35E-07
  9.000E-04 3.07954E-17  0.000E+00 ( 5.549E-09, 7.825E-11) ( 2.033E-15, 2.862E-17)  1.35E-07
  9.250E-04 3.07954E-17  0.000E+00 ( 5.549E-09, 7.825E-11) ( 2.090E-15, 2.941E-17)  1.35E-07
  9.500E-04 3.07954E-17  0.000E+00 ( 5.549E-09, 7.825E-11) ( 2.146E-15, 3.021E-17)  1.35E-07
  9.750E-04 3.07954E-17  0.000E+00 ( 5.549E-09, 7.825E-11) ( 2.203E-15, 3.100E-17)  1.35E-07
  1.000E-03 3.07954E-17  0.000E+00 ( 5.549E-09, 7.825E-11) ( 2.259E-15, 3.180E-17)  1.35E-07
  1.250E-03 3.07954E-17  0.000E+00 ( 5.549E-09, 7.825E-11) ( 2.824E-15, 3.975E-17)  1.35E-07
  1.500E-03 3.07954E-17  0.000E+00 ( 5.549E-09, 7.825E-11) ( 3.389E-15, 4.770E-17)  1.35E-07
  1.750E-03 3.07954E-17  0.000E+00 ( 5.549E-09, 7.825E-11) ( 3.954E-15, 5.565E-17)  1.35E-07
  2.000E-03 3.07954E-17  0.000E+00 ( 5.549E-09, 7.825E-11) ( 4.519E-15, 6.360E-17)  1.35E-07
  2.250E-03 3.07954E-17  0.000E+00 ( 5.549E-09, 7.825E-11) ( 5.084E-15, 7.155E-17)  1.35E-07
  2.500E-03 3.07954E-17  0.000E+00 ( 5.549E-09, 7.825E-11) ( 5.649E-15, 7.950E-17)  1.35E-07
  2.750E-03 3.07953E-17  0.000E+00 ( 5.549E-09, 7.825E-11) ( 6.213E-15, 8.745E-17)  1.35E-07
  3.000E-03 3.07953E-17  0.000E+00 ( 5.549E-09, 7.825E-11) ( 6.778E-15, 9.540E-17)  1.35E-07
  3.250E-03 3.07953E-17  0.000E+00 ( 5.549E-09, 7.825E-11) ( 7.343E-15, 1.033E-16)  1.35E-07
  3.500E-03 3.07953E-17  0.000E+00 ( 5.549E-09, 7.825E-11) ( 7.908E-15, 1.113E-16)  1.35E-07
  3.750E-03 3.07952E-17  0.000E+00 ( 5.549E-09, 7.825E-11) ( 8.473E-15, 1.192E-16)  1.35E-07
  4.000E-03 3.07952E-17  0.000E+00 ( 5.549E-09, 7.825E-11) ( 9.038E-15, 1.272E-16)  1.35E-07
  4.250E-03 3.07952E-17  0.000E+00 ( 5.549E-09, 7.825E-11) ( 9.603E-15, 1.351E-16)  1.35E-07
  4.500E-03 3.07952E-17  0.000E+00 ( 5.549E-09, 7.825E-11) ( 1.017E-14, 1.431E-16)  1.35E-07
  4.750E-03 3.07951E-17  0.000E+00 ( 5.549E-09, 7.825E-11) ( 1.073E-14, 1.510E-16)  1.35E-07
  5.000E-03 3.07951E-17  0.000E+00 ( 5.549E-09, 7.825E-11) ( 1.130E-14, 1.590E-16)  1.35E-07
  5.250E-03 3.07951E-17  0.000E+00 ( 5.549E-09, 7.825E-11) ( 1.186E-14, 1.669E-16)  1.35E-07
  5.500E-03 3.07950E-17  0.000E+00 ( 5.549E-09, 7.825E-11) ( 1.243E-14, 1.749E-16)  1.35E-07
  5.750E-03 3.07950E-17  0.000E+00 ( 5.549E-09, 7.825E-11) ( 1.299E-14, 1.828E-16)  1.35E-07
  6.000E-03 3.07950E-17  0.000E+00 ( 5.549E-09, 7.825E-11) ( 1.356E-14, 1.908E-16)  1.35E-07
  6.250E-03 3.07949E-17  0.000E+00 ( 5.549E-09, 7.825E-11) ( 1.412E-14, 1.987E-16)  1.35E-07
  6.500E-03 3.07949E-17  0.000E+00 ( 5.549E-09, 7.825E-11) ( 1.469E-14, 2.067E-16)  1.35E-07
  6.750E-03 3.07948E-17  0.000E+00 ( 5.549E-09, 7.825E-11) ( 1.525E-14, 2.146E-16)  1.35E-07
  7.000E-03 3.07948E-17  0.000E+00 ( 5.549E-09, 7.825E-11) ( 1.582E-14, 2.226E-16)  1.35E-07
  7.250E-03 3.07947E-17  0.000E+00 ( 5.549E-09, 7.825E-11) ( 1.638E-14, 2.305E-16)  1.35E-07
  7.500E-03 3.07947E-17  0.000E+00 ( 5.549E-09, 7.825E-11) ( 1.695E-14, 2.385E-16)  1.35E-07
  7.750E-03 3.07946E-17  0.000E+00 ( 5.549E-09, 7.825E-11) ( 1.751E-14, 2.464E-16)  1.35E-07
  8.000E-03 3.07946E-17  0.000E+00 ( 5.549E-09, 7.825E-11) ( 1.808E-14, 2.544E-16)  1.35E-07
  8.250E-03 3.07945E-17  0.000E+00 ( 5.549E-09, 7.825E-11) ( 1.864E-14, 2.623E-16)  1.35E-07
  8.500E-03 3.07945E-17  0.000E+00 ( 5.549E-09, 7.825E-11) ( 1.920E-14, 2.703E-16)  1.35E-07
  8.750E-03 3.07944E-17  0.000E+00 ( 5.549E-09, 7.825E-11) ( 1.977E-14, 2.782E-16)  1.35E-07
  9.000E-03 3.07944E-17  0.000E+00 ( 5.549E-09, 7.825E-11) ( 2.033E-14, 2.862E-16)  1.35E-07
  9.250E-03 3.07943E-17  0.000E+00 ( 5.549E-09, 7.825E-11) ( 2.090E-14, 2.941E-16)  1.35E-07
  9.500E-03 3.07942E-17  0.000E+00 ( 5.549E-09, 7.825E-11) ( 2.146E-14, 3.021E-16)  1.35E-07
  9.750E-03 3.07942E-17  0.000E+00 ( 5.549E-09, 7.825E-11) ( 2.203E-14, 3.100E-16)  1.35E-07
  1.000E-02 3.07941E-17  0.000E+00 ( 5.549E-09, 7.825E-11) ( 2.259E-14, 3.180E-16)  1.35E-07
  1.250E-02 3.07934E-17  0.000E+00 ( 5.549E-09, 7.825E-11) ( 2.824E-14, 3.975E-16)  1.35E-07
  1.500E-02 3.07925E-17  0.000E+00 ( 5.549E-09, 7.825E-11) ( 3.389E-14, 4.770E-16)  1.35E-07
  1.750E-02 3.07914E-17  0.000E+00 ( 5.548E-09, 7.825E-11) ( 3.954E-14, 5.565E-16)  1.35E-07
  2.000E-02 3.07901E-17  0.000E+00 ( 5.548E-09, 7.825E-11) ( 4.518E-14, 6.360E-16)  1.35E-07
  2.250E-02 3.07887E-17  0.000E+00 ( 5.548E-09, 7.824E-11) ( 5.083E-14, 7.155E-16)  1.34E-07
  2.500E-02 3.07872E-17  0.000E+00 ( 5.548E-09, 7.824E-11) ( 5.648E-14, 7.950E-16)  1.34E-07
  2.750E-02 3.07854E-17  0.000E+00 ( 5.548E-09, 7.824E-11) ( 6.212E-14, 8.744E-16)  1.34E-07
  3.000E-02 3.07835E-17  0.000E+00 ( 5.548E-09, 7.824E-11) ( 6.777E-14, 9.539E-16)  1.34E-07
  3.250E-02 3.07815E-17  0.000E+00 ( 5.548E-09, 7.824E-11) ( 7.341E-14, 1.033E-15)  1.34E-07
  3.500E-02 3.07792E-17  0.000E+00 ( 5.547E-09, 7.824E-11) ( 7.906E-14, 1.113E-15)  1.33E-07
  3.750E-02 3.07768E-17  0.000E+00 ( 5.547E-09, 7.824E-11) ( 8.470E-14, 1.192E-15)  1.33E-07
  4.000E-02 3.07743E-17  0.000E+00 ( 5.547E-09, 7.824E-11) ( 9.035E-14, 1.272E-15)  1.33E-07
  4.250E-02 3.07715E-17  0.000E+00 ( 5.547E-09, 7.824E-11) ( 9.599E-14, 1.351E-15)  1.32E-07
  4.500E-02 3.07686E-17  0.000E+00 ( 5.546E-09, 7.824E-11) ( 1.016E-13, 1.431E-15)  1.32E-07
  4.750E-02 3.07656E-17  0.000E+00 ( 5.546E-09, 7.824E-11) ( 1.073E-13, 1.510E-15)  1.32E-07
  5.000E-02 3.07624E-17  0.000E+00 ( 5.546E-09, 7.824E-11) ( 1.129E-13, 1.590E-15)  1.31E-07
  5.250E-02 3.07590E-17  0.000E+00 ( 5.546E-09, 7.824E-11) ( 1.186E-13, 1.669E-15)  1.31E-07
  5.500E-02 3.07554E-17  0.000E+00 ( 5.545E-09, 7.824E-11) ( 1.242E-13, 1.749E-15)  1.30E-07
  5.750E-02 3.07517E-17  0.000E+00 ( 5.545E-09, 7.824E-11) ( 1.298E-13, 1.828E-15)  1.30E-07
  6.000E-02 3.07478E-17  0.000E+00 ( 5.545E-09, 7.823E-11) ( 1.355E-13, 1.908E-15)  1.30E-07
  6.250E-02 3.07438E-17  0.000E+00 ( 5.544E-09, 7.823E-11) ( 1.411E-13, 1.987E-15)  1.29E-07
  6.500E-02 3.07396E-17  0.000E+00 ( 5.544E-09, 7.823E-11) ( 1.467E-13, 2.067E-15)  1.29E-07
  6.750E-02 3.07352E-17  0.000E+00 ( 5.543E-09, 7.823E-11) ( 1.524E-13, 2.146E-15)  1.28E-07
  7.000E-02 3.07306E-17  0.000E+00 ( 5.543E-09, 7.823E-11) ( 1.580E-13, 2.225E-15)  1.28E-07
  7.250E-02 3.07259E-17  0.000E+00 ( 5.543E-09, 7.823E-11) ( 1.636E-13, 2.305E-15)  1.27E-07
  7.500E-02 3.07211E-17  0.000E+00 ( 5.542E-09, 7.823E-11) ( 1.693E-13, 2.384E-15)  1.26E-07
  7.750E-02 3.07160E-17  0.000E+00 ( 5.542E-09, 7.823E-11) ( 1.749E-13, 2.464E-15)  1.26E-07
  8.000E-02 3.07108E-17  0.000E+00 ( 5.541E-09, 7.823E-11) ( 1.805E-13, 2.543E-15)  1.25E-07
  8.250E-02 3.07055E-17  0.000E+00 ( 5.541E-09, 7.822E-11) ( 1.861E-13, 2.623E-15)  1.25E-07
  8.500E-02 3.07000E-17  0.000E+00 ( 5.540E-09, 7.822E-11) ( 1.918E-13, 2.702E-15)  1.24E-07
  8.750E-02 3.06943E-17  0.000E+00 ( 5.540E-09, 7.822E-11) ( 1.974E-13, 2.782E-15)  1.23E-07
  9.000E-02 3.06884E-17  0.000E+00 ( 5.539E-09, 7.822E-11) ( 2.030E-13, 2.861E-15)  1.23E-07
  9.250E-02 3.06824E-17  0.000E+00 ( 5.539E-09, 7.822E-11) ( 2.086E-13, 2.940E-15)  1.22E-07
  9.500E-02 3.06762E-17  0.000E+00 ( 5.538E-09, 7.822E-11) ( 2.142E-13, 3.020E-15)  1.21E-07
  9.750E-02 3.06699E-17  0.000E+00 ( 5.537E-09, 7.821E-11) ( 2.198E-13, 3.099E-15)  1.20E-07
  1.000E-01 3.06634E-17  0.000E+00 ( 5.537E-09, 7.821E-11) ( 2.255E-13, 3.179E-15)  1.20E-07
  1.250E-01 3.05895E-17  0.000E+00 ( 5.530E-09, 7.819E-11) ( 2.815E-13, 3.972E-15)  1.11E-07
  1.500E-01 3.04995E-17  0.000E+00 ( 5.522E-09, 7.817E-11) ( 3.373E-13, 4.765E-15)  1.01E-07
  1.750E-01 3.03936E-17  0.000E+00 ( 5.512E-09, 7.814E-11) ( 3.928E-13, 5.558E-15)  1.00E-07
  2.000E-01 3.02720E-17  0.000E+00 ( 5.501E-09, 7.811E-11) ( 4.480E-13, 6.349E-15)  1.00E-07
  2.250E-01 3.01351E-17  0.000E+00 ( 5.489E-09, 7.808E-11) ( 5.029E-13, 7.139E-15)  1.00E-07
  2.500E-01 2.99830E-17  0.000E+00 ( 5.475E-09, 7.804E-11) ( 5.574E-13, 7.928E-15)  1.00E-07
  2.750E-01 2.98162E-17  0.000E+00 ( 5.460E-09, 7.799E-11) ( 6.114E-13, 8.716E-15)  1.00E-07
  3.000E-01 2.96350E-17  0.000E+00 ( 5.443E-09, 7.795E-11) ( 6.649E-13, 9.503E-15)  1.00E-07
  3.250E-01 2.94397E-17  0.000E+00 ( 5.425E-09, 7.789E-11) ( 7.180E-13, 1.029E-14)  1.00E-07
  3.500E-01 2.92309E-17  0.000E+00 ( 5.406E-09, 7.784E-11) ( 7.705E-13, 1.107E-14)  1.00E-07
  3.750E-01 2.90088E-17  0.000E+00 ( 5.385E-09, 7.778E-11) ( 8.223E-13, 1.185E-14)  1.00E-07
  4.000E-01 2.87740E-17  0.000E+00 ( 5.364E-09, 7.771E-11) ( 8.736E-13, 1.263E-14)  1.00E-07
  4.250E-01 2.85270E-17  0.000E+00 ( 5.341E-09, 7.764E-11) ( 9.242E-13, 1.341E-14)  1.00E-07
  4.500E-01 2.82682E-17  0.000E+00 ( 5.316E-09, 7.757E-11) ( 9.741E-13, 1.419E-14)  1.00E-07
  4.750E-01 2.79982E-17  0.000E+00 ( 5.291E-09, 7.750E-11) ( 1.023E-12, 1.496E-14)  1.00E-07
  5.000E-01 2.77174E-17  0.000E+00 ( 5.264E-09, 7.742E-11) ( 1.072E-12, 1.573E-14)  1.00E-07
  5.250E-01 2.74264E-17  0.000E+00 ( 5.236E-09, 7.733E-11) ( 1.119E-12, 1.650E-14)  1.00E-07
  5.500E-01 2.71258E-17  0.000E+00 ( 5.208E-09, 7.724E-11) ( 1.166E-12, 1.726E-14)  1.00E-07
  5.750E-01 2.68161E-17  0.000E+00 ( 5.178E-09, 7.715E-11) ( 1.212E-12, 1.803E-14)  1.00E-07
  6.000E-01 2.64979E-17  0.000E+00 ( 5.147E-09, 7.705E-11) ( 1.258E-12, 1.879E-14)  1.00E-07
  6.250E-01 2.61717E-17  0.000E+00 ( 5.115E-09, 7.696E-11) ( 1.302E-12, 1.955E-14)  1.00E-07
  6.500E-01 2.58381E-17  0.000E+00 ( 5.083E-09, 7.685E-11) ( 1.345E-12, 2.030E-14)  1.00E-07
  6.750E-01 2.54976E-17  0.000E+00 ( 5.049E-09, 7.674E-11) ( 1.388E-12, 2.105E-14)  1.00E-07
  7.000E-01 2.51509E-17  0.000E+00 ( 5.014E-09, 7.663E-11) ( 1.429E-12, 2.180E-14)  1.00E-07
  7.250E-01 2.47985E-17  0.000E+00 ( 4.979E-09, 7.652E-11) ( 1.470E-12, 2.254E-14)  1.00E-07
  7.500E-01 2.44409E-17  0.000E+00 ( 4.943E-09, 7.640E-11) ( 1.510E-12, 2.329E-14)  1.00E-07
  7.750E-01 2.40787E-17  0.000E+00 ( 4.906E-09, 7.628E-11) ( 1.548E-12, 2.402E-14)  1.00E-07
  8.000E-01 2.37125E-17  0.000E+00 ( 4.869E-09, 7.615E-11) ( 1.586E-12, 2.476E-14)  1.00E-07
  8.250E-01 2.33427E-17  0.000E+00 ( 4.831E-09, 7.603E-11) ( 1.623E-12, 2.549E-14)  1.00E-07
  8.500E-01 2.29699E-17  0.000E+00 ( 4.792E-09, 7.589E-11) ( 1.659E-12, 2.621E-14)  1.00E-07
  8.750E-01 2.25946E-17  0.000E+00 ( 4.753E-09, 7.576E-11) ( 1.693E-12, 2.694E-14)  1.00E-07
  9.000E-01 2.22174E-17  0.000E+00 ( 4.713E-09, 7.562E-11) ( 1.727E-12, 2.766E-14)  1.00E-07
  9.250E-01 2.18386E-17  0.000E+00 ( 4.673E-09, 7.547E-11) ( 1.760E-12, 2.837E-14)  1.00E-07
  9.500E-01 2.14587E-17  0.000E+00 ( 4.632E-09, 7.533E-11) ( 1.792E-12, 2.908E-14)  1.00E-07
  9.750E-01 2.10783E-17  0.000E+00 ( 4.590E-09, 7.518E-11) ( 1.823E-12, 2.979E-14)  1.00E-07
  1.000E+00 2.06977E-17  0.000E+00 ( 4.549E-09, 7.503E-11) ( 1.852E-12, 3.049E-14)  1.00E-07
  1.100E+00 1.91821E-17  0.000E+00 ( 4.379E-09, 7.439E-11) ( 1.962E-12, 3.325E-14)  1.00E-07
  1.200E+00 1.76948E-17  0.000E+00 ( 4.206E-09, 7.370E-11) ( 2.055E-12, 3.594E-14)  1.00E-07
  1.300E+00 1.62553E-17  0.000E+00 ( 4.031E-09, 7.296E-11) ( 2.134E-12, 3.854E-14)  1.00E-07
  1.400E+00 1.48789E-17  0.000E+00 ( 3.857E-09, 7.219E-11) ( 2.199E-12, 4.106E-14)  1.00E-07
  1.500E+00 1.35765E-17  0.000E+00 ( 3.684E-09, 7.137E-11) ( 2.250E-12, 4.350E-14)  1.00E-07
  1.600E+00 1.23552E-17  0.000E+00 ( 3.514E-09, 7.052E-11) ( 2.290E-12, 4.585E-14)  1.00E-07
  1.700E+00 1.12189E-17  0.000E+00 ( 3.349E-09, 6.964E-11) ( 2.318E-12, 4.810E-14)  1.00E-07
  1.800E+00 1.01688E-17  0.000E+00 ( 3.188E-09, 6.873E-11) ( 2.337E-12, 5.027E-14)  1.00E-07
  1.900E+00 9.20392E-18  0.000E+00 ( 3.033E-09, 6.780E-11) ( 2.347E-12, 5.234E-14)  1.00E-07
  2.000E+00 8.32178E-18  0.000E+00 ( 2.884E-09, 6.684E-11) ( 2.349E-12, 5.431E-14)  1.00E-07
  2.100E+00 7.51861E-18  0.000E+00 ( 2.741E-09, 6.587E-11) ( 2.344E-12, 5.619E-14)  1.00E-07
  2.200E+00 6.78989E-18  0.000E+00 ( 2.605E-09, 6.488E-11) ( 2.334E-12, 5.798E-14)  1.00E-07
  2.300E+00 6.13062E-18  0.000E+00 ( 2.475E-09, 6.387E-11) ( 2.318E-12, 5.968E-14)  1.00E-07
  2.400E+00 5.53557E-18  0.000E+00 ( 2.352E-09, 6.286E-11) ( 2.299E-12, 6.128E-14)  1.00E-07
  2.500E+00 4.99950E-18  0.000E+00 ( 2.235E-09, 6.184E-11) ( 2.276E-12, 6.280E-14)  1.00E-07
  2.600E+00 4.51726E-18  0.000E+00 ( 2.125E-09, 6.081E-11) ( 2.250E-12, 6.422E-14)  1.00E-07
  2.700E+00 4.08389E-18  0.000E+00 ( 2.020E-09, 5.978E-11) ( 2.221E-12, 6.556E-14)  1.00E-07
  2.800E+00 3.69474E-18  0.000E+00 ( 1.921E-09, 5.875E-11) ( 2.191E-12, 6.682E-14)  1.00E-07
  2.900E+00 3.34544E-18  0.000E+00 ( 1.828E-09, 5.773E-11) ( 2.159E-12, 6.799E-14)  1.00E-07
  3.000E+00 3.03198E-18  0.000E+00 ( 1.740E-09, 5.670E-11) ( 2.126E-12, 6.908E-14)  1.00E-07
  3.100E+00 2.75067E-18  0.000E+00 ( 1.658E-09, 5.569E-11) ( 2.093E-12, 7.010E-14)  1.00E-07
  3.200E+00 2.49815E-18  0.000E+00 ( 1.580E-09, 5.467E-11) ( 2.059E-12, 7.105E-14)  1.00E-07
  3.300E+00 2.27139E-18  0.000E+00 ( 1.506E-09, 5.367E-11) ( 2.024E-12, 7.192E-14)  1.00E-07
  3.400E+00 2.06765E-18  0.000E+00 ( 1.437E-09, 5.268E-11) ( 1.990E-12, 7.272E-14)  1.00E-07
  3.500E+00 1.88448E-18  0.000E+00 ( 1.372E-09, 5.170E-11) ( 1.956E-12, 7.346E-14)  1.00E-07
  3.600E+00 1.71966E-18  0.000E+00 ( 1.310E-09, 5.073E-11) ( 1.922E-12, 7.414E-14)  1.00E-07
  3.700E+00 1.57124E-18  0.000E+00 ( 1.253E-09, 4.977E-11) ( 1.888E-12, 7.475E-14)  1.00E-07
  3.800E+00 1.43746E-18  0.000E+00 ( 1.198E-09, 4.882E-11) ( 1.854E-12, 7.531E-14)  1.00E-07
  3.900E+00 1.31675E-18  0.000E+00 ( 1.146E-09, 4.789E-11) ( 1.821E-12, 7.582E-14)  1.00E-07
  4.000E+00 1.20772E-18  0.000E+00 ( 1.098E-09, 4.698E-11) ( 1.789E-12, 7.627E-14)  1.00E-07
  4.100E+00 1.10913E-18  0.000E+00 ( 1.052E-09, 4.608E-11) ( 1.757E-12, 7.668E-14)  1.00E-07
  4.200E+00 1.01988E-18  0.000E+00 ( 1.009E-09, 4.520E-11) ( 1.726E-12, 7.704E-14)  1.00E-07
  4.300E+00 9.39003E-19  0.000E+00 ( 9.680E-10, 4.433E-11) ( 1.696E-12, 7.735E-14)  1.00E-07
  4.400E+00 8.65617E-19  0.000E+00 ( 9.294E-10, 4.348E-11) ( 1.666E-12, 7.762E-14)  1.00E-07
  4.500E+00 7.98951E-19  0.000E+00 ( 8.928E-10, 4.264E-11) ( 1.637E-12, 7.786E-14)  1.00E-07
  4.600E+00 7.38317E-19  0.000E+00 ( 8.582E-10, 4.182E-11) ( 1.608E-12, 7.805E-14)  1.00E-07
  4.700E+00 6.83105E-19  0.000E+00 ( 8.255E-10, 4.102E-11) ( 1.581E-12, 7.822E-14)  1.00E-07
  4.800E+00 6.32769E-19  0.000E+00 ( 7.944E-10, 4.023E-11) ( 1.553E-12, 7.834E-14)  1.00E-07
  4.900E+00 5.86822E-19  0.000E+00 ( 7.650E-10, 3.947E-11) ( 1.527E-12, 7.844E-14)  1.00E-07
  5.000E+00 5.44833E-19  0.000E+00 ( 7.371E-10, 3.871E-11) ( 1.501E-12, 7.851E-14)  1.00E-07
  5.100E+00 5.06415E-19  0.000E+00 ( 7.106E-10, 3.798E-11) ( 1.476E-12, 7.855E-14)  1.00E-07
  5.200E+00 4.71223E-19  0.000E+00 ( 6.854E-10, 3.726E-11) ( 1.452E-12, 7.857E-14)  1.00E-07
  5.300E+00 4.38949E-19  0.000E+00 ( 6.615E-10, 3.655E-11) ( 1.428E-12, 7.856E-14)  1.00E-07
  5.400E+00 4.09316E-19  0.000E+00 ( 6.388E-10, 3.587E-11) ( 1.405E-12, 7.853E-14)  1.00E-07
  5.500E+00 3.82078E-19  0.000E+00 ( 6.171E-10, 3.519E-11) ( 1.383E-12, 7.848E-14)  1.00E-07
  5.600E+00 3.57014E-19  0.000E+00 ( 5.965E-10, 3.454E-11) ( 1.361E-12, 7.841E-14)  1.00E-07
  5.700E+00 3.33923E-19  0.000E+00 ( 5.769E-10, 3.390E-11) ( 1.340E-12, 7.832E-14)  1.00E-07
  5.800E+00 3.12628E-19  0.000E+00 ( 5.581E-10, 3.327E-11) ( 1.319E-12, 7.822E-14)  1.00E-07
  5.900E+00 2.92968E-19  0.000E+00 ( 5.403E-10, 3.266E-11) ( 1.299E-12, 7.810E-14)  1.00E-07
  6.000E+00 2.74799E-19  0.000E+00 ( 5.232E-10, 3.206E-11) ( 1.279E-12, 7.796E-14)  1.00E-07
  6.100E+00 2.57989E-19  0.000E+00 ( 5.069E-10, 3.148E-11) ( 1.260E-12, 7.781E-14)  1.00E-07
  6.200E+00 2.42422E-19  0.000E+00 ( 4.914E-10, 3.091E-11) ( 1.241E-12, 7.765E-14)  1.00E-07
  6.300E+00 2.27991E-19  0.000E+00 ( 4.765E-10, 3.035E-11) ( 1.223E-12, 7.748E-14)  1.00E-07
  6.400E+00 2.14601E-19  0.000E+00 ( 4.623E-10, 2.981E-11) ( 1.205E-12, 7.729E-14)  1.00E-07
  6.500E+00 2.02163E-19  0.000E+00 ( 4.487E-10, 2.928E-11) ( 1.188E-12, 7.710E-14)  1.00E-07
  6.600E+00 1.90600E-19  0.000E+00 ( 4.356E-10, 2.876E-11) ( 1.171E-12, 7.689E-14)  1.00E-07
  6.700E+00 1.79840E-19  0.000E+00 ( 4.231E-10, 2.826E-11) ( 1.155E-12, 7.668E-14)  1.00E-07
  6.800E+00 1.69819E-19  0.000E+00 ( 4.112E-10, 2.777E-11) ( 1.139E-12, 7.646E-14)  1.00E-07
  6.900E+00 1.60477E-19  0.000E+00 ( 3.997E-10, 2.729E-11) ( 1.123E-12, 7.623E-14)  1.00E-07
  7.000E+00 1.51760E-19  0.000E+00 ( 3.886E-10, 2.682E-11) ( 1.108E-12, 7.600E-14)  1.00E-07
  7.100E+00 1.43620E-19  0.000E+00 ( 3.781E-10, 2.636E-11) ( 1.093E-12, 7.576E-14)  1.00E-07
  7.200E+00 1.36013E-19  0.000E+00 ( 3.679E-10, 2.591E-11) ( 1.079E-12, 7.551E-14)  1.00E-07
  7.300E+00 1.28897E-19  0.000E+00 ( 3.581E-10, 2.547E-11) ( 1.065E-12, 7.526E-14)  1.00E-07
  7.400E+00 1.22235E-19  0.000E+00 ( 3.487E-10, 2.505E-11) ( 1.051E-12, 7.500E-14)  1.00E-07
  7.500E+00 1.15994E-19  0.000E+00 ( 3.397E-10, 2.463E-11) ( 1.038E-12, 7.474E-14)  1.00E-07
  7.600E+00 1.10143E-19  0.000E+00 ( 3.310E-10, 2.422E-11) ( 1.025E-12, 7.448E-14)  1.00E-07
  7.700E+00 1.04652E-19  0.000E+00 ( 3.226E-10, 2.382E-11) ( 1.012E-12, 7.421E-14)  1.00E-07
  7.800E+00 9.94968E-20 -3.239E-06 ( 3.146E-10, 2.344E-11) ( 9.993E-13, 7.394E-14)  1.00E-07
  7.900E+00 9.46523E-20 -3.356E-06 ( 3.068E-10, 2.306E-11) ( 9.871E-13, 7.367E-14)  1.00E-07
  8.000E+00 9.00967E-20 -3.475E-06 ( 2.993E-10, 2.269E-11) ( 9.752E-13, 7.340E-14)  1.00E-07
  8.100E+00 8.58099E-20 -3.596E-06 ( 2.921E-10, 2.232E-11) ( 9.636E-13, 7.312E-14)  1.00E-07
  8.200E+00 8.17732E-20 -3.720E-06 ( 2.851E-10, 2.197E-11) ( 9.522E-13, 7.284E-14)  1.00E-07
  8.300E+00 7.79695E-20 -3.847E-06 ( 2.784E-10, 2.162E-11) ( 9.410E-13, 7.256E-14)  1.00E-07
  8.400E+00 7.43829E-20 -3.976E-06 ( 2.719E-10, 2.129E-11) ( 9.301E-13, 7.228E-14)  1.00E-07
  8.500E+00 7.09989E-20 -4.107E-06 ( 2.656E-10, 2.096E-11) ( 9.195E-13, 7.199E-14)  1.00E-07
  8.600E+00 6.78040E-20 -4.242E-06 ( 2.596E-10, 2.063E-11) ( 9.091E-13, 7.171E-14)  1.00E-07
  8.700E+00 6.47858E-20 -4.378E-06 ( 2.537E-10, 2.032E-11) ( 8.989E-13, 7.143E-14)  1.00E-07
  8.800E+00 6.19328E-20 -4.518E-06 ( 2.481E-10, 2.001E-11) ( 8.889E-13, 7.114E-14)  1.00E-07
  8.900E+00 5.92343E-20 -4.660E-06 ( 2.426E-10, 1.971E-11) ( 8.791E-13, 7.086E-14)  1.00E-07
  9.000E+00 5.66804E-20 -4.805E-06 ( 2.373E-10, 1.941E-11) ( 8.696E-13, 7.057E-14)  1.00E-07
  9.100E+00 5.42621E-20 -4.952E-06 ( 2.322E-10, 1.913E-11) ( 8.602E-13, 7.029E-14)  1.00E-07
  9.200E+00 5.19708E-20 -5.103E-06 ( 2.272E-10, 1.884E-11) ( 8.510E-13, 7.000E-14)  1.00E-07
  9.300E+00 4.97986E-20 -5.255E-06 ( 2.224E-10, 1.857E-11) ( 8.420E-13, 6.971E-14)  1.00E-07
  9.400E+00 4.77384E-20 -5.411E-06 ( 2.177E-10, 1.830E-11) ( 8.332E-13, 6.943E-14)  1.00E-07
  9.500E+00 4.57831E-20 -5.569E-06 ( 2.132E-10, 1.803E-11) ( 8.246E-13, 6.915E-14)  1.00E-07
  9.600E+00 4.39266E-20 -5.730E-06 ( 2.088E-10, 1.777E-11) ( 8.161E-13, 6.886E-14)  1.00E-07
  9.700E+00 4.21629E-20 -5.894E-06 ( 2.046E-10, 1.752E-11) ( 8.079E-13, 6.858E-14)  1.00E-07
  9.800E+00 4.04865E-20 -6.060E-06 ( 2.005E-10, 1.727E-11) ( 7.997E-13, 6.830E-14)  1.00E-07
  9.900E+00 3.88924E-20 -6.229E-06 ( 1.965E-10, 1.703E-11) ( 7.918E-13, 6.801E-14)  1.00E-07
  1.000E+01 3.73758E-20 -6.401E-06 ( 1.926E-10, 1.679E-11) ( 7.839E-13, 6.773E-14)  1.00E-07
  1.025E+01 3.38945E-20 -6.844E-06 ( 1.834E-10, 1.622E-11) ( 7.650E-13, 6.704E-14)  1.00E-07
  1.050E+01 3.08084E-20 -7.303E-06 ( 1.748E-10, 1.568E-11) ( 7.470E-13, 6.635E-14)  1.00E-07
  1.075E+01 2.80651E-20 -7.781E-06 ( 1.668E-10, 1.516E-11) ( 7.298E-13, 6.566E-14)  1.00E-07
  1.100E+01 2.56199E-20 -8.276E-06 ( 1.594E-10, 1.467E-11) ( 7.133E-13, 6.499E-14)  1.00E-07
  1.125E+01 2.34350E-20 -8.790E-06 ( 1.524E-10, 1.420E-11) ( 6.976E-13, 6.432E-14)  1.00E-07
  1.150E+01 2.14779E-20 -9.322E-06 ( 1.459E-10, 1.376E-11) ( 6.825E-13, 6.367E-14)  1.00E-07
  1.175E+01 1.97207E-20 -9.872E-06 ( 1.398E-10, 1.333E-11) ( 6.680E-13, 6.302E-14)  1.00E-07
  1.200E+01 1.81396E-20 -1.044E-05 ( 1.341E-10, 1.293E-11) ( 6.541E-13, 6.238E-14)  1.00E-07
  1.225E+01 1.67137E-20 -1.103E-05 ( 1.287E-10, 1.254E-11) ( 6.408E-13, 6.176E-14)  1.00E-07
  1.250E+01 1.54252E-20 -1.163E-05 ( 1.236E-10, 1.218E-11) ( 6.280E-13, 6.114E-14)  1.00E-07
  1.275E+01 1.42585E-20 -1.226E-05 ( 1.188E-10, 1.182E-11) ( 6.157E-13, 6.053E-14)  1.00E-07
  1.300E+01 1.32001E-20 -1.290E-05 ( 1.143E-10, 1.149E-11) ( 6.039E-13, 5.994E-14)  1.00E-07
  1.325E+01 1.22382E-20 -1.357E-05 ( 1.101E-10, 1.116E-11) ( 5.925E-13, 5.935E-14)  1.00E-07
  1.350E+01 1.13624E-20 -1.425E-05 ( 1.060E-10, 1.086E-11) ( 5.815E-13, 5.877E-14)  1.00E-07
  1.375E+01 1.05636E-20 -1.495E-05 ( 1.022E-10, 1.056E-11) ( 5.709E-13, 5.820E-14)  1.00E-07
  1.400E+01 9.83385E-21 -1.567E-05 ( 9.863E-11, 1.028E-11) ( 5.607E-13, 5.764E-14)  1.00E-07
  1.425E+01 9.16613E-21 -1.641E-05 ( 9.521E-11, 1.001E-11) ( 5.508E-13, 5.710E-14)  1.00E-07
  1.450E+01 8.55421E-21 -1.717E-05 ( 9.197E-11, 9.746E-12) ( 5.413E-13, 5.656E-14)  1.00E-07
  1.475E+01 7.99259E-21 -1.795E-05 ( 8.889E-11, 9.496E-12) ( 5.321E-13, 5.603E-14)  1.00E-07
  1.500E+01 7.47640E-21 -1.875E-05 ( 8.597E-11, 9.255E-12) ( 5.232E-13, 5.551E-14)  1.00E-07
  1.525E+01 7.00129E-21 -1.957E-05 ( 8.318E-11, 9.024E-12) ( 5.145E-13, 5.499E-14)  1.00E-07
  1.550E+01 6.56340E-21 -2.041E-05 ( 8.053E-11, 8.802E-12) ( 5.062E-13, 5.449E-14)  1.00E-07
  1.575E+01 6.15929E-21 -2.127E-05 ( 7.801E-11, 8.588E-12) ( 4.981E-13, 5.400E-14)  1.00E-07
  1.600E+01 5.78588E-21 -2.215E-05 ( 7.560E-11, 8.382E-12) ( 4.903E-13, 5.351E-14)  1.00E-07
  1.625E+01 5.44041E-21 -2.305E-05 ( 7.330E-11, 8.184E-12) ( 4.827E-13, 5.303E-14)  1.00E-07
  1.650E+01 5.12042E-21 -2.397E-05 ( 7.111E-11, 7.993E-12) ( 4.753E-13, 5.256E-14)  1.00E-07
  1.675E+01 4.82367E-21 -2.491E-05 ( 6.901E-11, 7.809E-12) ( 4.681E-13, 5.210E-14)  1.00E-07
  1.700E+01 4.54817E-21 -2.587E-05 ( 6.701E-11, 7.631E-12) ( 4.612E-13, 5.165E-14)  1.00E-07
  1.725E+01 4.29213E-21 -2.686E-05 ( 6.509E-11, 7.460E-12) ( 4.544E-13, 5.120E-14)  1.00E-07
  1.750E+01 4.05390E-21 -2.786E-05 ( 6.325E-11, 7.295E-12) ( 4.479E-13, 5.076E-14)  1.00E-07
  1.775E+01 3.83204E-21 -2.888E-05 ( 6.149E-11, 7.135E-12) ( 4.415E-13, 5.033E-14)  1.00E-07
  1.800E+01 3.62519E-21 -2.992E-05 ( 5.980E-11, 6.980E-12) ( 4.353E-13, 4.990E-14)  1.00E-07
  1.825E+01 3.43217E-21 -3.099E-05 ( 5.818E-11, 6.831E-12) ( 4.293E-13, 4.949E-14)  1.00E-07
  1.850E+01 3.25187E-21 -3.207E-05 ( 5.663E-11, 6.687E-12) ( 4.234E-13, 4.908E-14)  1.00E-07
  1.875E+01 3.08330E-21 -3.317E-05 ( 5.514E-11, 6.547E-12) ( 4.177E-13, 4.867E-14)  1.00E-07
  1.900E+01 2.92556E-21 -3.430E-05 ( 5.371E-11, 6.412E-12) ( 4.121E-13, 4.827E-14)  1.00E-07
  1.925E+01 2.77782E-21 -3.545E-05 ( 5.233E-11, 6.282E-12) ( 4.067E-13, 4.788E-14)  1.00E-07
  1.950E+01 2.63933E-21 -3.661E-05 ( 5.100E-11, 6.155E-12) ( 4.014E-13, 4.750E-14)  1.00E-07
  1.975E+01 2.50941E-21 -3.780E-05 ( 4.973E-11, 6.033E-12) ( 3.963E-13, 4.712E-14)  1.00E-07
  2.000E+01 2.38741E-21 -3.901E-05 ( 4.850E-11, 5.914E-12) ( 3.912E-13, 4.674E-14)  1.00E-07
  2.025E+01 2.27278E-21 -4.023E-05 ( 4.732E-11, 5.798E-12) ( 3.863E-13, 4.637E-14)  1.00E-07
  2.050E+01 2.16498E-21 -4.148E-05 ( 4.618E-11, 5.687E-12) ( 3.815E-13, 4.601E-14)  1.00E-07
  2.075E+01 2.06352E-21 -4.275E-05 ( 4.508E-11, 5.578E-12) ( 3.769E-13, 4.566E-14)  1.00E-07
  2.100E+01 1.96798E-21 -4.404E-05 ( 4.402E-11, 5.473E-12) ( 3.723E-13, 4.530E-14)  1.00E-07
  2.125E+01 1.87792E-21 -4.536E-05 ( 4.300E-11, 5.371E-12) ( 3.678E-13, 4.496E-14)  1.00E-07
  2.150E+01 1.79299E-21 -4.669E-05 ( 4.201E-11, 5.272E-12) ( 3.635E-13, 4.462E-14)  1.00E-07
  2.175E+01 1.71283E-21 -4.804E-05 ( 4.106E-11, 5.176E-12) ( 3.592E-13, 4.428E-14)  1.00E-07
  2.200E+01 1.63713E-21 -4.941E-05 ( 4.014E-11, 5.082E-12) ( 3.551E-13, 4.395E-14)  1.00E-07
  2.225E+01 1.56559E-21 -5.081E-05 ( 3.925E-11, 4.992E-12) ( 3.510E-13, 4.362E-14)  1.00E-07
  2.250E+01 1.49794E-21 -5.222E-05 ( 3.839E-11, 4.903E-12) ( 3.470E-13, 4.330E-14)  1.00E-07
  2.275E+01 1.43393E-21 -5.365E-05 ( 3.756E-11, 4.817E-12) ( 3.431E-13, 4.299E-14)  1.00E-07
  2.300E+01 1.37332E-21 -5.511E-05 ( 3.675E-11, 4.734E-12) ( 3.393E-13, 4.267E-14)  1.00E-07
  2.325E+01 1.31590E-21 -5.659E-05 ( 3.597E-11, 4.652E-12) ( 3.356E-13, 4.237E-14)  1.00E-07
  2.350E+01 1.26147E-21 -5.808E-05 ( 3.522E-11, 4.573E-12) ( 3.319E-13, 4.206E-14)  1.00E-07
  2.375E+01 1.20985E-21 -5.960E-05 ( 3.449E-11, 4.496E-12) ( 3.284E-13, 4.176E-14)  1.00E-07
  2.400E+01 1.16086E-21 -6.114E-05 ( 3.378E-11, 4.421E-12) ( 3.249E-13, 4.147E-14)  1.00E-07
  2.425E+01 1.11434E-21 -6.269E-05 ( 3.310E-11, 4.348E-12) ( 3.214E-13, 4.118E-14)  1.00E-07
  2.450E+01 1.07015E-21 -6.427E-05 ( 3.243E-11, 4.277E-12) ( 3.181E-13, 4.089E-14)  1.00E-07
  2.475E+01 1.02814E-21 -6.587E-05 ( 3.179E-11, 4.208E-12) ( 3.148E-13, 4.061E-14)  1.00E-07
  2.500E+01 9.88190E-22 -6.749E-05 ( 3.116E-11, 4.140E-12) ( 3.115E-13, 4.033E-14)  1.00E-07
  2.550E+01 9.13988E-22 -7.079E-05 ( 2.996E-11, 4.010E-12) ( 3.053E-13, 3.978E-14)  1.00E-07
  2.600E+01 8.46677E-22 -7.416E-05 ( 2.884E-11, 3.887E-12) ( 2.992E-13, 3.924E-14)  1.00E-07
  2.650E+01 7.85500E-22 -7.762E-05 ( 2.777E-11, 3.769E-12) ( 2.934E-13, 3.872E-14)  1.00E-07
  2.700E+01 7.29798E-22 -8.116E-05 ( 2.676E-11, 3.657E-12) ( 2.878E-13, 3.822E-14)  1.00E-07
  2.750E+01 6.78990E-22 -8.478E-05 ( 2.581E-11, 3.550E-12) ( 2.824E-13, 3.772E-14)  1.00E-07
  2.800E+01 6.32570E-22 -8.847E-05 ( 2.491E-11, 3.448E-12) ( 2.772E-13, 3.724E-14)  1.00E-07
  2.850E+01 5.90087E-22 -9.224E-05 ( 2.406E-11, 3.350E-12) ( 2.722E-13, 3.677E-14)  1.00E-07
  2.900E+01 5.51148E-22 -9.609E-05 ( 2.325E-11, 3.257E-12) ( 2.673E-13, 3.631E-14)  1.00E-07
  2.950E+01 5.15402E-22 -1.000E-04 ( 2.248E-11, 3.168E-12) ( 2.626E-13, 3.586E-14)  1.00E-07
  3.000E+01 4.82539E-22 -1.040E-04 ( 2.175E-11, 3.082E-12) ( 2.580E-13, 3.542E-14)  1.00E-07
  3.050E+01 4.52284E-22 -1.081E-04 ( 2.105E-11, 3.001E-12) ( 2.536E-13, 3.499E-14)  1.00E-07
  3.100E+01 4.24391E-22 -1.123E-04 ( 2.039E-11, 2.922E-12) ( 2.494E-13, 3.457E-14)  1.00E-07
  3.150E+01 3.98641E-22 -1.165E-04 ( 1.976E-11, 2.847E-12) ( 2.452E-13, 3.416E-14)  1.00E-07
  3.200E+01 3.74840E-22 -1.208E-04 ( 1.916E-11, 2.775E-12) ( 2.412E-13, 3.376E-14)  1.00E-07
  3.250E+01 3.52812E-22 -1.252E-04 ( 1.859E-11, 2.706E-12) ( 2.373E-13, 3.337E-14)  1.00E-07
  3.300E+01 3.32400E-22 -1.296E-04 ( 1.804E-11, 2.640E-12) ( 2.336E-13, 3.299E-14)  1.00E-07
  3.350E+01 3.13464E-22 -1.341E-04 ( 1.752E-11, 2.576E-12) ( 2.299E-13, 3.261E-14)  1.00E-07
  3.400E+01 2.95877E-22 -1.387E-04 ( 1.701E-11, 2.514E-12) ( 2.264E-13, 3.224E-14)  1.00E-07
  3.450E+01 2.79525E-22 -1.433E-04 ( 1.654E-11, 2.455E-12) ( 2.229E-13, 3.188E-14)  1.00E-07
  3.500E+01 2.64304E-22 -1.481E-04 ( 1.608E-11, 2.398E-12) ( 2.195E-13, 3.153E-14)  1.00E-07
  3.550E+01 2.50121E-22 -1.529E-04 ( 1.564E-11, 2.343E-12) ( 2.163E-13, 3.118E-14)  1.00E-07
  3.600E+01 2.36893E-22 -1.577E-04 ( 1.522E-11, 2.290E-12) ( 2.131E-13, 3.084E-14)  1.00E-07
  3.650E+01 2.24543E-22 -1.626E-04 ( 1.481E-11, 2.240E-12) ( 2.100E-13, 3.051E-14)  1.00E-07
  3.700E+01 2.13002E-22 -1.676E-04 ( 1.443E-11, 2.190E-12) ( 2.070E-13, 3.018E-14)  1.00E-07
  3.750E+01 2.02205E-22 -1.727E-04 ( 1.406E-11, 2.143E-12) ( 2.040E-13, 2.986E-14)  1.00E-07
  3.800E+01 1.92097E-22 -1.778E-04 ( 1.370E-11, 2.097E-12) ( 2.011E-13, 2.955E-14)  1.00E-07
  3.850E+01 1.82625E-22 -1.829E-04 ( 1.336E-11, 2.053E-12) ( 1.984E-13, 2.924E-14)  1.00E-07
  3.900E+01 1.73741E-22 -1.882E-04 ( 1.303E-11, 2.010E-12) ( 1.956E-13, 2.893E-14)  1.00E-07
  3.950E+01 1.65402E-22 -1.934E-04 ( 1.271E-11, 1.969E-12) ( 1.930E-13, 2.864E-14)  1.00E-07
  4.000E+01 1.57567E-22 -1.988E-04 ( 1.240E-11, 1.929E-12) ( 1.904E-13, 2.834E-14)  1.00E-07
  4.050E+01 1.50201E-22 -2.042E-04 ( 1.211E-11, 1.890E-12) ( 1.878E-13, 2.806E-14)  1.00E-07
  4.100E+01 1.43270E-22 -2.097E-04 ( 1.182E-11, 1.853E-12) ( 1.854E-13, 2.778E-14)  1.00E-07
  4.150E+01 1.36743E-22 -2.152E-04 ( 1.155E-11, 1.817E-12) ( 1.829E-13, 2.750E-14)  1.00E-07
  4.200E+01 1.30593E-22 -2.207E-04 ( 1.129E-11, 1.781E-12) ( 1.806E-13, 2.722E-14)  1.00E-07
  4.250E+01 1.24792E-22 -2.263E-04 ( 1.103E-11, 1.747E-12) ( 1.783E-13, 2.696E-14)  1.00E-07
  4.300E+01 1.19318E-22 -2.320E-04 ( 1.079E-11, 1.715E-12) ( 1.760E-13, 2.669E-14)  1.00E-07
  4.350E+01 1.14149E-22 -2.377E-04 ( 1.055E-11, 1.683E-12) ( 1.738E-13, 2.643E-14)  1.00E-07
  4.400E+01 1.09263E-22 -2.435E-04 ( 1.032E-11, 1.652E-12) ( 1.716E-13, 2.618E-14)  1.00E-07
  4.450E+01 1.04644E-22 -2.493E-04 ( 1.010E-11, 1.622E-12) ( 1.695E-13, 2.593E-14)  1.00E-07
  4.500E+01 1.00272E-22 -2.552E-04 ( 9.885E-12, 1.592E-12) ( 1.674E-13, 2.568E-14)  1.00E-07
  4.550E+01 9.61332E-23 -2.611E-04 ( 9.678E-12, 1.564E-12) ( 1.654E-13, 2.544E-14)  1.00E-07
  4.600E+01 9.22116E-23 -2.670E-04 ( 9.478E-12, 1.537E-12) ( 1.634E-13, 2.520E-14)  1.00E-07
  4.650E+01 8.84939E-23 -2.730E-04 ( 9.284E-12, 1.510E-12) ( 1.615E-13, 2.496E-14)  1.00E-07
  4.700E+01 8.49673E-23 -2.790E-04 ( 9.096E-12, 1.484E-12) ( 1.596E-13, 2.473E-14)  1.00E-07
  4.750E+01 8.16202E-23 -2.851E-04 ( 8.914E-12, 1.459E-12) ( 1.577E-13, 2.450E-14)  1.00E-07
  4.800E+01 7.84415E-23 -2.912E-04 ( 8.738E-12, 1.434E-12) ( 1.559E-13, 2.427E-14)  1.00E-07
  4.850E+01 7.54211E-23 -2.973E-04 ( 8.568E-12, 1.410E-12) ( 1.541E-13, 2.405E-14)  1.00E-07
  4.900E+01 7.25496E-23 -3.035E-04 ( 8.403E-12, 1.387E-12) ( 1.523E-13, 2.383E-14)  1.00E-07
  4.950E+01 6.98181E-23 -3.097E-04 ( 8.242E-12, 1.364E-12) ( 1.506E-13, 2.361E-14)  1.00E-07
  5.000E+01 6.72185E-23 -3.160E-04 ( 8.087E-12, 1.342E-12) ( 1.489E-13, 2.340E-14)  1.00E-07
  5.050E+01 6.47431E-23 -3.223E-04 ( 7.936E-12, 1.321E-12) ( 1.472E-13, 2.319E-14)  1.00E-07
  5.100E+01 6.23848E-23 -3.286E-04 ( 7.789E-12, 1.300E-12) ( 1.456E-13, 2.298E-14)  1.00E-07
  5.150E+01 6.01369E-23 -3.349E-04 ( 7.647E-12, 1.280E-12) ( 1.440E-13, 2.278E-14)  1.00E-07
  5.200E+01 5.79933E-23 -3.413E-04 ( 7.509E-12, 1.260E-12) ( 1.424E-13, 2.258E-14)  1.00E-07
  5.250E+01 5.59482E-23 -3.477E-04 ( 7.375E-12, 1.241E-12) ( 1.408E-13, 2.238E-14)  1.00E-07
  5.300E+01 5.39960E-23 -3.541E-04 ( 7.244E-12, 1.222E-12) ( 1.393E-13, 2.218E-14)  1.00E-07
  5.350E+01 5.21318E-23 -3.605E-04 ( 7.118E-12, 1.204E-12) ( 1.378E-13, 2.199E-14)  1.00E-07
  5.400E+01 5.03507E-23 -3.670E-04 ( 6.995E-12, 1.186E-12) ( 1.363E-13, 2.180E-14)  1.00E-07
  5.450E+01 4.86484E-23 -3.734E-04 ( 6.875E-12, 1.169E-12) ( 1.349E-13, 2.161E-14)  1.00E-07
  5.500E+01 4.70205E-23 -3.799E-04 ( 6.758E-12, 1.152E-12) ( 1.335E-13, 2.142E-14)  1.00E-07
  5.550E+01 4.54633E-23 -3.865E-04 ( 6.645E-12, 1.135E-12) ( 1.321E-13, 2.124E-14)  1.00E-07
  5.600E+01 4.39729E-23 -3.930E-04 ( 6.535E-12, 1.119E-12) ( 1.307E-13, 2.106E-14)  1.00E-07
  5.650E+01 4.25461E-23 -3.995E-04 ( 6.427E-12, 1.103E-12) ( 1.293E-13, 2.088E-14)  1.00E-07
  5.700E+01 4.11794E-23 -4.061E-04 ( 6.323E-12, 1.088E-12) ( 1.280E-13, 2.070E-14)  1.00E-07
  5.750E+01 3.98699E-23 -4.127E-04 ( 6.221E-12, 1.073E-12) ( 1.267E-13, 2.053E-14)  1.00E-07
  5.800E+01 3.86146E-23 -4.192E-04 ( 6.122E-12, 1.058E-12) ( 1.254E-13, 2.035E-14)  1.00E-07
  5.850E+01 3.74109E-23 -4.258E-04 ( 6.025E-12, 1.044E-12) ( 1.241E-13, 2.018E-14)  1.00E-07
  5.900E+01 3.62562E-23 -4.324E-04 ( 5.931E-12, 1.030E-12) ( 1.229E-13, 2.001E-14)  1.00E-07
  5.950E+01 3.51481E-23 -4.390E-04 ( 5.840E-12, 1.016E-12) ( 1.217E-13, 1.985E-14)  1.00E-07
  6.000E+01 3.40843E-23 -4.456E-04 ( 5.750E-12, 1.003E-12) ( 1.204E-13, 1.968E-14)  1.00E-07
  6.050E+01 3.30628E-23 -4.523E-04 ( 5.663E-12, 9.895E-13) ( 1.193E-13, 1.952E-14)  1.00E-07
  6.100E+01 3.20814E-23 -4.589E-04 ( 5.578E-12, 9.767E-13) ( 1.181E-13, 1.936E-14)  1.00E-07
  6.150E+01 3.11383E-23 -4.655E-04 ( 5.495E-12, 9.642E-13) ( 1.169E-13, 1.920E-14)  1.00E-07
  6.200E+01 3.02316E-23 -4.721E-04 ( 5.414E-12, 9.520E-13) ( 1.158E-13, 1.904E-14)  1.00E-07
  6.250E+01 2.93597E-23 -4.787E-04 ( 5.335E-12, 9.400E-13) ( 1.146E-13, 1.888E-14)  1.00E-07
  6.300E+01 2.85210E-23 -4.853E-04 ( 5.258E-12, 9.283E-13) ( 1.135E-13, 1.873E-14)  1.00E-07
  6.350E+01 2.77139E-23 -4.919E-04 ( 5.183E-12, 9.168E-13) ( 1.124E-13, 1.858E-14)  1.00E-07
  6.400E+01 2.69370E-23 -4.985E-04 ( 5.109E-12, 9.056E-13) ( 1.114E-13, 1.843E-14)  1.00E-07
  6.450E+01 2.61890E-23 -5.051E-04 ( 5.037E-12, 8.947E-13) ( 1.103E-13, 1.828E-14)  1.00E-07
  6.500E+01 2.54684E-23 -5.117E-04 ( 4.967E-12, 8.839E-13) ( 1.092E-13, 1.813E-14)  1.00E-07
  6.550E+01 2.47742E-23 -5.182E-04 ( 4.899E-12, 8.734E-13) ( 1.082E-13, 1.798E-14)  1.00E-07
  6.600E+01 2.41052E-23 -5.248E-04 ( 4.832E-12, 8.631E-13) ( 1.072E-13, 1.784E-14)  1.00E-07
  6.650E+01 2.34601E-23 -5.313E-04 ( 4.767E-12, 8.530E-13) ( 1.062E-13, 1.769E-14)  1.00E-07
  6.700E+01 2.28381E-23 -5.378E-04 ( 4.703E-12, 8.431E-13) ( 1.052E-13, 1.755E-14)  1.00E-07
  6.750E+01 2.22381E-23 -5.443E-04 ( 4.640E-12, 8.335E-13) ( 1.042E-13, 1.741E-14)  1.00E-07
  6.800E+01 2.16592E-23 -5.508E-04 ( 4.579E-12, 8.240E-13) ( 1.032E-13, 1.727E-14)  1.00E-07
  6.850E+01 2.11005E-23 -5.573E-04 ( 4.520E-12, 8.147E-13) ( 1.023E-13, 1.713E-14)  1.00E-07
  6.900E+01 2.05610E-23 -5.637E-04 ( 4.461E-12, 8.056E-13) ( 1.013E-13, 1.700E-14)  1.00E-07
  6.950E+01 2.00401E-23 -5.701E-04 ( 4.404E-12, 7.967E-13) ( 1.004E-13, 1.686E-14)  1.00E-07
  7.000E+01 1.95369E-23 -5.765E-04 ( 4.348E-12, 7.879E-13) ( 9.947E-14, 1.673E-14)  1.00E-07
  7.050E+01 1.90508E-23 -5.829E-04 ( 4.293E-12, 7.793E-13) ( 9.856E-14, 1.660E-14)  1.00E-07
  7.100E+01 1.85810E-23 -5.893E-04 ( 4.240E-12, 7.709E-13) ( 9.766E-14, 1.647E-14)  1.00E-07
  7.150E+01 1.81268E-23 -5.956E-04 ( 4.188E-12, 7.627E-13) ( 9.677E-14, 1.634E-14)  1.00E-07
  7.200E+01 1.76876E-23 -6.019E-04 ( 4.136E-12, 7.546E-13) ( 9.589E-14, 1.621E-14)  1.00E-07
  7.250E+01 1.72629E-23 -6.081E-04 ( 4.086E-12, 7.467E-13) ( 9.502E-14, 1.608E-14)  1.00E-07
  7.300E+01 1.68520E-23 -6.143E-04 ( 4.037E-12, 7.389E-13) ( 9.416E-14, 1.595E-14)  1.00E-07
  7.350E+01 1.64544E-23 -6.205E-04 ( 3.989E-12, 7.312E-13) ( 9.332E-14, 1.583E-14)  1.00E-07
  7.400E+01 1.60695E-23 -6.267E-04 ( 3.942E-12, 7.237E-13) ( 9.248E-14, 1.570E-14)  1.00E-07
  7.450E+01 1.56970E-23 -6.328E-04 ( 3.896E-12, 7.164E-13) ( 9.165E-14, 1.558E-14)  1.00E-07
  7.500E+01 1.53363E-23 -6.389E-04 ( 3.850E-12, 7.092E-13) ( 9.083E-14, 1.546E-14)  1.00E-07
  7.550E+01 1.49869E-23 -6.449E-04 ( 3.806E-12, 7.021E-13) ( 9.002E-14, 1.534E-14)  1.00E-07
  7.600E+01 1.46484E-23 -6.509E-04 ( 3.763E-12, 6.951E-13) ( 8.922E-14, 1.522E-14)  1.00E-07
  7.650E+01 1.43205E-23 -6.568E-04 ( 3.720E-12, 6.883E-13) ( 8.843E-14, 1.510E-14)  1.00E-07
  7.700E+01 1.40026E-23 -6.627E-04 ( 3.678E-12, 6.816E-13) ( 8.764E-14, 1.498E-14)  1.00E-07
  7.750E+01 1.36945E-23 -6.686E-04 ( 3.637E-12, 6.750E-13) ( 8.687E-14, 1.486E-14)  1.00E-07
  7.800E+01 1.33957E-23 -6.744E-04 ( 3.597E-12, 6.686E-13) ( 8.610E-14, 1.475E-14)  1.00E-07
  7.850E+01 1.31060E-23 -6.802E-04 ( 3.558E-12, 6.622E-13) ( 8.534E-14, 1.463E-14)  1.00E-07
  7.900E+01 1.28249E-23 -6.859E-04 ( 3.520E-12, 6.560E-13) ( 8.459E-14, 1.452E-14)  1.00E-07
  7.950E+01 1.25523E-23 -6.916E-04 ( 3.482E-12, 6.499E-13) ( 8.385E-14, 1.440E-14)  1.00E-07
  8.000E+01 1.22877E-23 -6.972E-04 ( 3.445E-12, 6.439E-13) ( 8.312E-14, 1.429E-14)  1.00E-07
  8.050E+01 1.20309E-23 -7.028E-04 ( 3.408E-12, 6.380E-13) ( 8.239E-14, 1.418E-14)  1.00E-07
  8.100E+01 1.17816E-23 -7.083E-04 ( 3.373E-12, 6.322E-13) ( 8.167E-14, 1.407E-14)  1.00E-07
  8.150E+01 1.15395E-23 -7.137E-04 ( 3.338E-12, 6.265E-13) ( 8.096E-14, 1.396E-14)  1.00E-07
  8.200E+01 1.13045E-23 -7.191E-04 ( 3.303E-12, 6.209E-13) ( 8.025E-14, 1.385E-14)  1.00E-07
  8.250E+01 1.10761E-23 -7.245E-04 ( 3.270E-12, 6.154E-13) ( 7.955E-14, 1.374E-14)  1.00E-07
  8.300E+01 1.08543E-23 -7.297E-04 ( 3.237E-12, 6.099E-13) ( 7.886E-14, 1.364E-14)  1.00E-07
  8.350E+01 1.06387E-23 -7.350E-04 ( 3.204E-12, 6.046E-13) ( 7.817E-14, 1.353E-14)  1.00E-07
  8.400E+01 1.04292E-23 -7.401E-04 ( 3.172E-12, 5.994E-13) ( 7.750E-14, 1.343E-14)  1.00E-07
  8.450E+01 1.02256E-23 -7.452E-04 ( 3.141E-12, 5.942E-13) ( 7.682E-14, 1.332E-14)  1.00E-07
  8.500E+01 1.00276E-23 -7.502E-04 ( 3.110E-12, 5.892E-13) ( 7.616E-14, 1.322E-14)  1.00E-07
  8.550E+01 9.83513E-24 -7.552E-04 ( 3.080E-12, 5.842E-13) ( 7.550E-14, 1.311E-14)  1.00E-07
  8.600E+01 9.64791E-24 -7.601E-04 ( 3.051E-12, 5.793E-13) ( 7.484E-14, 1.301E-14)  1.00E-07
  8.650E+01 9.46580E-24 -7.649E-04 ( 3.022E-12, 5.745E-13) ( 7.420E-14, 1.291E-14)  1.00E-07
  8.700E+01 9.28863E-24 -7.697E-04 ( 2.993E-12, 5.698E-13) ( 7.356E-14, 1.281E-14)  1.00E-07
  8.750E+01 9.11623E-24 -7.744E-04 ( 2.965E-12, 5.651E-13) ( 7.292E-14, 1.271E-14)  1.00E-07
  8.800E+01 8.94846E-24 -7.790E-04 ( 2.937E-12, 5.606E-13) ( 7.229E-14, 1.261E-14)  1.00E-07
  8.850E+01 8.78515E-24 -7.835E-04 ( 2.910E-12, 5.561E-13) ( 7.167E-14, 1.251E-14)  1.00E-07
  8.900E+01 8.62618E-24 -7.880E-04 ( 2.884E-12, 5.516E-13) ( 7.105E-14, 1.241E-14)  1.00E-07
  8.950E+01 8.47138E-24 -7.924E-04 ( 2.858E-12, 5.473E-13) ( 7.043E-14, 1.231E-14)  1.00E-07
  9.000E+01 8.32065E-24 -7.967E-04 ( 2.832E-12, 5.430E-13) ( 6.983E-14, 1.222E-14)  1.00E-07
  9.050E+01 8.17383E-24 -8.010E-04 ( 2.807E-12, 5.388E-13) ( 6.922E-14, 1.212E-14)  1.00E-07
  9.100E+01 8.03082E-24 -8.051E-04 ( 2.782E-12, 5.346E-13) ( 6.863E-14, 1.203E-14)  1.00E-07
  9.150E+01 7.89149E-24 -8.092E-04 ( 2.758E-12, 5.305E-13) ( 6.803E-14, 1.193E-14)  1.00E-07
  9.200E+01 7.75573E-24 -8.132E-04 ( 2.734E-12, 5.265E-13) ( 6.744E-14, 1.184E-14)  1.00E-07
  9.250E+01 7.62342E-24 -8.172E-04 ( 2.710E-12, 5.226E-13) ( 6.686E-14, 1.174E-14)  1.00E-07
  9.300E+01 7.49446E-24 -8.210E-04 ( 2.687E-12, 5.187E-13) ( 6.628E-14, 1.165E-14)  1.00E-07
  9.350E+01 7.36875E-24 -8.248E-04 ( 2.664E-12, 5.149E-13) ( 6.571E-14, 1.156E-14)  1.00E-07
  9.400E+01 7.24619E-24 -8.284E-04 ( 2.642E-12, 5.111E-13) ( 6.514E-14, 1.146E-14)  1.00E-07
  9.450E+01 7.12668E-24 -8.320E-04 ( 2.620E-12, 5.074E-13) ( 6.458E-14, 1.137E-14)  1.00E-07
  9.500E+01 7.01013E-24 -8.355E-04 ( 2.598E-12, 5.037E-13) ( 6.402E-14, 1.128E-14)  1.00E-07
  9.550E+01 6.89646E-24 -8.389E-04 ( 2.577E-12, 5.001E-13) ( 6.346E-14, 1.119E-14)  1.00E-07
  9.600E+01 6.78557E-24 -8.423E-04 ( 2.556E-12, 4.966E-13) ( 6.291E-14, 1.110E-14)  1.00E-07
  9.650E+01 6.67739E-24 -8.455E-04 ( 2.536E-12, 4.931E-13) ( 6.236E-14, 1.101E-14)  1.00E-07
  9.700E+01 6.57183E-24 -8.487E-04 ( 2.516E-12, 4.897E-13) ( 6.182E-14, 1.093E-14)  1.00E-07
  9.750E+01 6.46882E-24 -8.517E-04 ( 2.496E-12, 4.863E-13) ( 6.128E-14, 1.084E-14)  1.00E-07
  9.800E+01 6.36828E-24 -8.547E-04 ( 2.476E-12, 4.829E-13) ( 6.075E-14, 1.075E-14)  1.00E-07
  9.850E+01 6.27015E-24 -8.576E-04 ( 2.457E-12, 4.797E-13) ( 6.022E-14, 1.066E-14)  1.00E-07
  9.900E+01 6.17435E-24 -8.603E-04 ( 2.438E-12, 4.764E-13) ( 5.969E-14, 1.058E-14)  1.00E-07
  9.950E+01 6.08081E-24 -8.630E-04 ( 2.419E-12, 4.732E-13) ( 5.917E-14, 1.049E-14)  1.00E-07
  1.000E+02 5.98948E-24 -8.656E-04 ( 2.401E-12, 4.701E-13) ( 5.865E-14, 1.040E-14)  1.00E-07
  1.005E+02 5.90029E-24 -8.681E-04 ( 2.383E-12, 4.670E-13) ( 5.814E-14, 1.032E-14)  1.00E-07
  1.010E+02 5.81318E-24 -8.705E-04 ( 2.365E-12, 4.640E-13) ( 5.762E-14, 1.023E-14)  1.00E-07
  1.015E+02 5.72808E-24 -8.728E-04 ( 2.348E-12, 4.610E-13) ( 5.712E-14, 1.015E-14)  1.00E-07
  1.020E+02 5.64496E-24 -8.750E-04 ( 2.331E-12, 4.580E-13) ( 5.661E-14, 1.007E-14)  1.00E-07
  1.025E+02 5.56374E-24 -8.771E-04 ( 2.314E-12, 4.551E-13) ( 5.611E-14, 9.983E-15)  1.00E-07
  1.030E+02 5.48439E-24 -8.791E-04 ( 2.297E-12, 4.523E-13) ( 5.561E-14, 9.900E-15)  1.00E-07
  1.035E+02 5.40684E-24 -8.810E-04 ( 2.281E-12, 4.495E-13) ( 5.512E-14, 9.818E-15)  1.00E-07
  1.040E+02 5.33104E-24 -8.828E-04 ( 2.265E-12, 4.467E-13) ( 5.463E-14, 9.736E-15)  1.00E-07
  1.045E+02 5.25696E-24 -8.846E-04 ( 2.249E-12, 4.439E-13) ( 5.414E-14, 9.655E-15)  1.00E-07
  1.050E+02 5.18455E-24 -8.861E-04 ( 2.233E-12, 4.412E-13) ( 5.366E-14, 9.574E-15)  1.00E-07
  1.055E+02 5.11375E-24 -8.876E-04 ( 2.218E-12, 4.386E-13) ( 5.318E-14, 9.493E-15)  1.00E-07
  1.060E+02 5.04453E-24 -8.890E-04 ( 2.203E-12, 4.360E-13) ( 5.270E-14, 9.413E-15)  1.00E-07
  1.065E+02 4.97685E-24 -8.903E-04 ( 2.188E-12, 4.334E-13) ( 5.223E-14, 9.333E-15)  1.00E-07
  1.070E+02 4.91066E-24 -8.915E-04 ( 2.173E-12, 4.308E-13) ( 5.175E-14, 9.254E-15)  1.00E-07
  1.075E+02 4.84592E-24 -8.926E-04 ( 2.159E-12, 4.283E-13) ( 5.129E-14, 9.174E-15)  1.00E-07
  1.080E+02 4.78261E-24 -8.936E-04 ( 2.144E-12, 4.259E-13) ( 5.082E-14, 9.096E-15)  1.00E-07
  1.085E+02 4.72067E-24 -8.944E-04 ( 2.130E-12, 4.234E-13) ( 5.036E-14, 9.018E-15)  1.00E-07
  1.090E+02 4.66008E-24 -8.952E-04 ( 2.117E-12, 4.210E-13) ( 4.990E-14, 8.940E-15)  1.00E-07
  1.095E+02 4.60080E-24 -8.958E-04 ( 2.103E-12, 4.187E-13) ( 4.944E-14, 8.862E-15)  1.00E-07
  1.100E+02 4.54280E-24 -8.964E-04 ( 2.090E-12, 4.163E-13) ( 4.899E-14, 8.785E-15)  1.00E-07
  1.105E+02 4.48604E-24 -8.968E-04 ( 2.077E-12, 4.140E-13) ( 4.853E-14, 8.708E-15)  1.00E-07
  1.110E+02 4.43050E-24 -8.971E-04 ( 2.064E-12, 4.118E-13) ( 4.809E-14, 8.632E-15)  1.00E-07
  1.115E+02 4.37614E-24 -8.974E-04 ( 2.051E-12, 4.095E-13) ( 4.764E-14, 8.556E-15)  1.00E-07
  1.120E+02 4.32293E-24 -8.975E-04 ( 2.038E-12, 4.073E-13) ( 4.720E-14, 8.480E-15)  1.00E-07
  1.125E+02 4.27085E-24 -8.975E-04 ( 2.026E-12, 4.052E-13) ( 4.675E-14, 8.405E-15)  1.00E-07
  1.130E+02 4.21987E-24 -8.974E-04 ( 2.014E-12, 4.030E-13) ( 4.632E-14, 8.330E-15)  1.00E-07
  1.135E+02 4.16996E-24 -8.971E-04 ( 2.002E-12, 4.009E-13) ( 4.588E-14, 8.255E-15)  1.00E-07
  1.140E+02 4.12109E-24 -8.968E-04 ( 1.990E-12, 3.989E-13) ( 4.545E-14, 8.181E-15)  1.00E-07
  1.145E+02 4.07324E-24 -8.963E-04 ( 1.978E-12, 3.968E-13) ( 4.501E-14, 8.107E-15)  1.00E-07
  1.150E+02 4.02639E-24 -8.958E-04 ( 1.967E-12, 3.948E-13) ( 4.459E-14, 8.033E-15)  1.00E-07
  1.155E+02 3.98050E-24 -8.951E-04 ( 1.956E-12, 3.928E-13) ( 4.416E-14, 7.959E-15)  1.00E-07
  1.160E+02 3.93557E-24 -8.943E-04 ( 1.944E-12, 3.909E-13) ( 4.374E-14, 7.886E-15)  1.00E-07
  1.165E+02 3.89156E-24 -8.934E-04 ( 1.933E-12, 3.889E-13) ( 4.331E-14, 7.814E-15)  1.00E-07
  1.170E+02 3.84845E-24 -8.924E-04 ( 1.923E-12, 3.870E-13) ( 4.289E-14, 7.741E-15)  1.00E-07
  1.175E+02 3.80622E-24 -8.913E-04 ( 1.912E-12, 3.851E-13) ( 4.248E-14, 7.669E-15)  1.00E-07
  1.180E+02 3.76486E-24 -8.901E-04 ( 1.902E-12, 3.833E-13) ( 4.206E-14, 7.597E-15)  1.00E-07
  1.185E+02 3.72434E-24 -8.887E-04 ( 1.891E-12, 3.815E-13) ( 4.165E-14, 7.525E-15)  1.00E-07
  1.190E+02 3.68464E-24 -8.873E-04 ( 1.881E-12, 3.797E-13) ( 4.124E-14, 7.454E-15)  1.00E-07
  1.195E+02 3.64574E-24 -8.857E-04 ( 1.871E-12, 3.779E-13) ( 4.083E-14, 7.383E-15)  1.00E-07
  1.200E+02 3.60763E-24 -8.840E-04 ( 1.861E-12, 3.762E-13) ( 4.042E-14, 7.312E-15)  1.00E-07
  1.205E+02 3.57028E-24 -8.822E-04 ( 1.852E-12, 3.744E-13) ( 4.002E-14, 7.242E-15)  1.00E-07
  1.210E+02 3.53369E-24 -8.803E-04 ( 1.842E-12, 3.727E-13) ( 3.961E-14, 7.172E-15)  1.00E-07
  1.215E+02 3.49782E-24 -8.783E-04 ( 1.833E-12, 3.711E-13) ( 3.921E-14, 7.102E-15)  1.00E-07
  1.220E+02 3.46268E-24 -8.761E-04 ( 1.823E-12, 3.694E-13) ( 3.881E-14, 7.032E-15)  1.00E-07
  1.225E+02 3.42823E-24 -8.739E-04 ( 1.814E-12, 3.678E-13) ( 3.842E-14, 6.963E-15)  1.00E-07
  1.230E+02 3.39447E-24 -8.715E-04 ( 1.805E-12, 3.662E-13) ( 3.802E-14, 6.893E-15)  1.00E-07
  1.235E+02 3.36139E-24 -8.690E-04 ( 1.796E-12, 3.646E-13) ( 3.763E-14, 6.825E-15)  1.00E-07
  1.240E+02 3.32895E-24 -8.664E-04 ( 1.788E-12, 3.631E-13) ( 3.724E-14, 6.756E-15)  1.00E-07
  1.245E+02 3.29716E-24 -8.637E-04 ( 1.779E-12, 3.615E-13) ( 3.685E-14, 6.687E-15)  1.00E-07
  1.250E+02 3.26600E-24 -8.609E-04 ( 1.771E-12, 3.600E-13) ( 3.646E-14, 6.619E-15)  1.00E-07
  1.255E+02 3.23545E-24 -8.579E-04 ( 1.762E-12, 3.585E-13) ( 3.607E-14, 6.551E-15)  1.00E-07
  1.260E+02 3.20550E-24 -8.549E-04 ( 1.754E-12, 3.571E-13) ( 3.569E-14, 6.484E-15)  1.00E-07
  1.265E+02 3.17614E-24 -8.517E-04 ( 1.746E-12, 3.556E-13) ( 3.530E-14, 6.416E-15)  1.00E-07
  1.270E+02 3.14735E-24 -8.484E-04 ( 1.738E-12, 3.542E-13) ( 3.492E-14, 6.349E-15)  1.00E-07
  1.275E+02 3.11913E-24 -8.450E-04 ( 1.730E-12, 3.528E-13) ( 3.454E-14, 6.282E-15)  1.00E-07
  1.280E+02 3.09147E-24 -8.415E-04 ( 1.722E-12, 3.514E-13) ( 3.416E-14, 6.215E-15)  1.00E-07
  1.285E+02 3.06434E-24 -8.379E-04 ( 1.715E-12, 3.501E-13) ( 3.379E-14, 6.149E-15)  1.00E-07
  1.290E+02 3.03774E-24 -8.342E-04 ( 1.707E-12, 3.487E-13) ( 3.341E-14, 6.082E-15)  1.00E-07
  1.295E+02 3.01167E-24 -8.304E-04 ( 1.700E-12, 3.474E-13) ( 3.304E-14, 6.016E-15)  1.00E-07
  1.300E+02 2.98610E-24 -8.264E-04 ( 1.693E-12, 3.461E-13) ( 3.267E-14, 5.950E-15)  1.00E-07
  1.305E+02 2.96103E-24 -8.223E-04 ( 1.686E-12, 3.448E-13) ( 3.230E-14, 5.884E-15)  1.00E-07
  1.310E+02 2.93645E-24 -8.182E-04 ( 1.679E-12, 3.435E-13) ( 3.193E-14, 5.819E-15)  1.00E-07
  1.315E+02 2.91235E-24 -8.139E-04 ( 1.672E-12, 3.423E-13) ( 3.156E-14, 5.754E-15)  1.00E-07
  1.320E+02 2.88871E-24 -8.095E-04 ( 1.665E-12, 3.411E-13) ( 3.119E-14, 5.688E-15)  1.00E-07
  1.325E+02 2.86554E-24 -8.050E-04 ( 1.658E-12, 3.399E-13) ( 3.083E-14, 5.624E-15)  1.00E-07
  1.330E+02 2.84282E-24 -8.004E-04 ( 1.651E-12, 3.387E-13) ( 3.047E-14, 5.559E-15)  1.00E-07
  1.335E+02 2.82054E-24 -7.957E-04 ( 1.645E-12, 3.375E-13) ( 3.010E-14, 5.494E-15)  1.00E-07
  1.340E+02 2.79870E-24 -7.908E-04 ( 1.638E-12, 3.363E-13) ( 2.974E-14, 5.430E-15)  1.00E-07
  1.345E+02 2.77728E-24 -7.859E-04 ( 1.632E-12, 3.352E-13) ( 2.938E-14, 5.366E-15)  1.00E-07
  1.350E+02 2.75628E-24 -7.809E-04 ( 1.626E-12, 3.341E-13) ( 2.902E-14, 5.302E-15)  1.00E-07
  1.355E+02 2.73569E-24 -7.757E-04 ( 1.620E-12, 3.330E-13) ( 2.867E-14, 5.238E-15)  1.00E-07
  1.360E+02 2.71550E-24 -7.705E-04 ( 1.614E-12, 3.319E-13) ( 2.831E-14, 5.174E-15)  1.00E-07
  1.365E+02 2.69571E-24 -7.651E-04 ( 1.608E-12, 3.308E-13) ( 2.796E-14, 5.111E-15)  1.00E-07
  1.370E+02 2.67630E-24 -7.596E-04 ( 1.602E-12, 3.298E-13) ( 2.760E-14, 5.048E-15)  1.00E-07
  1.375E+02 2.65728E-24 -7.541E-04 ( 1.596E-12, 3.287E-13) ( 2.725E-14, 4.984E-15)  1.00E-07
  1.380E+02 2.63863E-24 -7.484E-04 ( 1.591E-12, 3.277E-13) ( 2.690E-14, 4.921E-15)  1.00E-07
  1.385E+02 2.62034E-24 -7.426E-04 ( 1.585E-12, 3.267E-13) ( 2.655E-14, 4.859E-15)  1.00E-07
  1.390E+02 2.60242E-24 -7.367E-04 ( 1.580E-12, 3.257E-13) ( 2.620E-14, 4.796E-15)  1.00E-07
  1.395E+02 2.58485E-24 -7.307E-04 ( 1.574E-12, 3.247E-13) ( 2.586E-14, 4.734E-15)  1.00E-07
  1.400E+02 2.56763E-24 -7.247E-04 ( 1.569E-12, 3.238E-13) ( 2.551E-14, 4.671E-15)  1.00E-07
  1.405E+02 2.55075E-24 -7.185E-04 ( 1.564E-12, 3.229E-13) ( 2.516E-14, 4.609E-15)  1.00E-07
  1.410E+02 2.53421E-24 -7.122E-04 ( 1.559E-12, 3.219E-13) ( 2.482E-14, 4.547E-15)  1.00E-07
  1.415E+02 2.51800E-24 -7.058E-04 ( 1.554E-12, 3.210E-13) ( 2.448E-14, 4.485E-15)  1.00E-07
  1.420E+02 2.50211E-24 -6.993E-04 ( 1.549E-12, 3.201E-13) ( 2.414E-14, 4.423E-15)  1.00E-07
  1.425E+02 2.48654E-24 -6.927E-04 ( 1.544E-12, 3.192E-13) ( 2.379E-14, 4.362E-15)  1.00E-07
  1.430E+02 2.47129E-24 -6.861E-04 ( 1.539E-12, 3.184E-13) ( 2.345E-14, 4.300E-15)  1.00E-07
  1.435E+02 2.45635E-24 -6.793E-04 ( 1.535E-12, 3.175E-13) ( 2.312E-14, 4.239E-15)  1.00E-07
  1.440E+02 2.44171E-24 -6.724E-04 ( 1.530E-12, 3.167E-13) ( 2.278E-14, 4.178E-15)  1.00E-07
  1.445E+02 2.42736E-24 -6.655E-04 ( 1.525E-12, 3.159E-13) ( 2.244E-14, 4.117E-15)  1.00E-07
  1.450E+02 2.41332E-24 -6.584E-04 ( 1.521E-12, 3.151E-13) ( 2.210E-14, 4.056E-15)  1.00E-07
  1.455E+02 2.39956E-24 -6.513E-04 ( 1.517E-12, 3.143E-13) ( 2.177E-14, 3.995E-15)  1.00E-07
  1.460E+02 2.38609E-24 -6.440E-04 ( 1.512E-12, 3.135E-13) ( 2.143E-14, 3.935E-15)  1.00E-07
  1.465E+02 2.37290E-24 -6.367E-04 ( 1.508E-12, 3.127E-13) ( 2.110E-14, 3.874E-15)  1.00E-07
  1.470E+02 2.35998E-24 -6.293E-04 ( 1.504E-12, 3.120E-13) ( 2.077E-14, 3.814E-15)  1.00E-07
  1.475E+02 2.34734E-24 -6.218E-04 ( 1.500E-12, 3.112E-13) ( 2.043E-14, 3.753E-15)  1.00E-07
  1.480E+02 2.33497E-24 -6.142E-04 ( 1.496E-12, 3.105E-13) ( 2.010E-14, 3.693E-15)  1.00E-07
  1.485E+02 2.32286E-24 -6.065E-04 ( 1.492E-12, 3.098E-13) ( 1.977E-14, 3.633E-15)  1.00E-07
  1.490E+02 2.31101E-24 -5.987E-04 ( 1.488E-12, 3.091E-13) ( 1.944E-14, 3.573E-15)  1.00E-07
  1.495E+02 2.29941E-24 -5.909E-04 ( 1.485E-12, 3.084E-13) ( 1.912E-14, 3.513E-15)  1.00E-07
  1.500E+02 2.28807E-24 -5.829E-04 ( 1.481E-12, 3.077E-13) ( 1.879E-14, 3.454E-15)  1.00E-07
  1.505E+02 2.27698E-24 -5.749E-04 ( 1.477E-12, 3.071E-13) ( 1.846E-14, 3.394E-15)  1.00E-07
  1.510E+02 2.26614E-24 -5.668E-04 ( 1.474E-12, 3.064E-13) ( 1.813E-14, 3.335E-15)  1.00E-07
  1.515E+02 2.25553E-24 -5.586E-04 ( 1.470E-12, 3.058E-13) ( 1.781E-14, 3.275E-15)  1.00E-07
  1.520E+02 2.24517E-24 -5.504E-04 ( 1.467E-12, 3.052E-13) ( 1.748E-14, 3.216E-15)  1.00E-07
  1.525E+02 2.23504E-24 -5.420E-04 ( 1.464E-12, 3.046E-13) ( 1.716E-14, 3.157E-15)  1.00E-07
  1.530E+02 2.22515E-24 -5.336E-04 ( 1.460E-12, 3.040E-13) ( 1.683E-14, 3.098E-15)  1.00E-07
  1.535E+02 2.21549E-24 -5.251E-04 ( 1.457E-12, 3.034E-13) ( 1.651E-14, 3.039E-15)  1.00E-07
  1.540E+02 2.20605E-24 -5.165E-04 ( 1.454E-12, 3.028E-13) ( 1.619E-14, 2.980E-15)  1.00E-07
  1.545E+02 2.19683E-24 -5.079E-04 ( 1.451E-12, 3.023E-13) ( 1.587E-14, 2.921E-15)  1.00E-07
  1.550E+02 2.18784E-24 -4.992E-04 ( 1.448E-12, 3.017E-13) ( 1.555E-14, 2.862E-15)  1.00E-07
  1.555E+02 2.17907E-24 -4.904E-04 ( 1.445E-12, 3.012E-13) ( 1.523E-14, 2.804E-15)  1.00E-07
  1.560E+02 2.17051E-24 -4.815E-04 ( 1.442E-12, 3.006E-13) ( 1.491E-14, 2.745E-15)  1.00E-07
  1.565E+02 2.16217E-24 -4.726E-04 ( 1.439E-12, 3.001E-13) ( 1.459E-14, 2.687E-15)  1.00E-07
  1.570E+02 2.15403E-24 -4.636E-04 ( 1.437E-12, 2.996E-13) ( 1.427E-14, 2.628E-15)  1.00E-07
  1.575E+02 2.14611E-24 -4.545E-04 ( 1.434E-12, 2.991E-13) ( 1.395E-14, 2.570E-15)  1.00E-07
  1.580E+02 2.13839E-24 -4.454E-04 ( 1.431E-12, 2.987E-13) ( 1.363E-14, 2.512E-15)  1.00E-07
  1.585E+02 2.13088E-24 -4.362E-04 ( 1.429E-12, 2.982E-13) ( 1.331E-14, 2.454E-15)  1.00E-07
  1.590E+02 2.12356E-24 -4.270E-04 ( 1.426E-12, 2.978E-13) ( 1.300E-14, 2.395E-15)  1.00E-07
  1.595E+02 2.11645E-24 -4.177E-04 ( 1.424E-12, 2.973E-13) ( 1.268E-14, 2.337E-15)  1.00E-07
  1.600E+02 2.10953E-24 -4.083E-04 ( 1.422E-12, 2.969E-13) ( 1.237E-14, 2.280E-15)  1.00E-07
  1.605E+02 2.10281E-24 -3.988E-04 ( 1.419E-12, 2.965E-13) ( 1.205E-14, 2.222E-15)  1.00E-07
  1.610E+02 2.09629E-24 -3.894E-04 ( 1.417E-12, 2.961E-13) ( 1.174E-14, 2.164E-15)  1.00E-07
  1.615E+02 2.08995E-24 -3.798E-04 ( 1.415E-12, 2.957E-13) ( 1.142E-14, 2.106E-15)  1.00E-07
  1.620E+02 2.08380E-24 -3.702E-04 ( 1.413E-12, 2.953E-13) ( 1.111E-14, 2.048E-15)  1.00E-07
  1.625E+02 2.07785E-24 -3.605E-04 ( 1.411E-12, 2.949E-13) ( 1.080E-14, 1.991E-15)  1.00E-07
  1.630E+02 2.07207E-24 -3.508E-04 ( 1.409E-12, 2.945E-13) ( 1.048E-14, 1.933E-15)  1.00E-07
  1.635E+02 2.06649E-24 -3.411E-04 ( 1.407E-12, 2.942E-13) ( 1.017E-14, 1.876E-15)  1.00E-07
  1.640E+02 2.06108E-24 -3.313E-04 ( 1.405E-12, 2.939E-13) ( 9.857E-15, 1.818E-15)  1.00E-07
  1.645E+02 2.05586E-24 -3.214E-04 ( 1.403E-12, 2.935E-13) ( 9.546E-15, 1.761E-15)  1.00E-07
  1.650E+02 2.05082E-24 -3.115E-04 ( 1.402E-12, 2.932E-13) ( 9.234E-15, 1.704E-15)  1.00E-07
  1.655E+02 2.04596E-24 -3.016E-04 ( 1.400E-12, 2.929E-13) ( 8.923E-15, 1.646E-15)  1.00E-07
  1.660E+02 2.04127E-24 -2.916E-04 ( 1.398E-12, 2.926E-13) ( 8.612E-15, 1.589E-15)  1.00E-07
  1.665E+02 2.03676E-24 -2.815E-04 ( 1.397E-12, 2.923E-13) ( 8.302E-15, 1.532E-15)  1.00E-07
  1.670E+02 2.03242E-24 -2.715E-04 ( 1.395E-12, 2.920E-13) ( 7.992E-15, 1.475E-15)  1.00E-07
  1.675E+02 2.02826E-24 -2.613E-04 ( 1.394E-12, 2.918E-13) ( 7.682E-15, 1.418E-15)  1.00E-07
  1.680E+02 2.02427E-24 -2.512E-04 ( 1.393E-12, 2.915E-13) ( 7.372E-15, 1.361E-15)  1.00E-07
  1.685E+02 2.02045E-24 -2.410E-04 ( 1.391E-12, 2.913E-13) ( 7.063E-15, 1.304E-15)  1.00E-07
  1.690E+02 2.01681E-24 -2.308E-04 ( 1.390E-12, 2.911E-13) ( 6.754E-15, 1.247E-15)  1.00E-07
  1.695E+02 2.01333E-24 -2.205E-04 ( 1.389E-12, 2.908E-13) ( 6.445E-15, 1.190E-15)  1.00E-07
  1.700E+02 2.01002E-24 -2.102E-04 ( 1.388E-12, 2.906E-13) ( 6.137E-15, 1.133E-15)  1.00E-07
  1.705E+02 2.00687E-24 -1.999E-04 ( 1.387E-12, 2.904E-13) ( 5.829E-15, 1.076E-15)  1.00E-07
  1.710E+02 2.00389E-24 -1.896E-04 ( 1.386E-12, 2.902E-13) ( 5.521E-15, 1.019E-15)  1.00E-07
  1.715E+02 2.00108E-24 -1.792E-04 ( 1.385E-12, 2.900E-13) ( 5.213E-15, 9.625E-16)  1.00E-07
  1.720E+02 1.99844E-24 -1.688E-04 ( 1.384E-12, 2.899E-13) ( 4.905E-15, 9.058E-16)  1.00E-07
  1.725E+02 1.99595E-24 -1.583E-04 ( 1.383E-12, 2.897E-13) ( 4.598E-15, 8.490E-16)  1.00E-07
  1.730E+02 1.99363E-24 -1.479E-04 ( 1.382E-12, 2.896E-13) ( 4.290E-15, 7.923E-16)  1.00E-07
  1.735E+02 1.99148E-24 -1.374E-04 ( 1.381E-12, 2.894E-13) ( 3.983E-15, 7.356E-16)  1.00E-07
  1.740E+02 1.98948E-24 -1.269E-04 ( 1.380E-12, 2.893E-13) ( 3.676E-15, 6.790E-16)  1.00E-07
  1.745E+02 1.98765E-24 -1.164E-04 ( 1.380E-12, 2.892E-13) ( 3.369E-15, 6.223E-16)  1.00E-07
  1.750E+02 1.98597E-24 -1.059E-04 ( 1.379E-12, 2.891E-13) ( 3.063E-15, 5.657E-16)  1.00E-07
  1.755E+02 1.98446E-24 -9.534E-05 ( 1.379E-12, 2.890E-13) ( 2.756E-15, 5.091E-16)  1.00E-07
  1.760E+02 1.98311E-24 -8.478E-05 ( 1.378E-12, 2.889E-13) ( 2.450E-15, 4.525E-16)  1.00E-07
  1.765E+02 1.98192E-24 -7.421E-05 ( 1.378E-12, 2.888E-13) ( 2.143E-15, 3.959E-16)  1.00E-07
  1.770E+02 1.98089E-24 -6.363E-05 ( 1.378E-12, 2.888E-13) ( 1.837E-15, 3.393E-16)  1.00E-07
  1.775E+02 1.98002E-24 -5.304E-05 ( 1.377E-12, 2.887E-13) ( 1.531E-15, 2.827E-16)  1.00E-07
  1.780E+02 1.97930E-24 -4.244E-05 ( 1.377E-12, 2.886E-13) ( 1.224E-15, 2.262E-16)  1.00E-07
  1.785E+02 1.97875E-24 -3.184E-05 ( 1.377E-12, 2.886E-13) ( 9.183E-16, 1.696E-16)  1.00E-07
  1.790E+02 1.97835E-24 -2.123E-05 ( 1.377E-12, 2.886E-13) ( 6.122E-16, 1.131E-16)  1.00E-07
  1.795E+02 1.97811E-24 -1.061E-05 ( 1.377E-12, 2.886E-13) ( 3.061E-16, 5.654E-17)  1.00E-07
  1.800E+02 1.97803E-24 -1.490E-19 ( 1.377E-12, 2.886E-13) ( 4.295E-30, 7.934E-31)  1.00E-07

  TOTAL ELASTIC CROSS SECTION = 1.199275E-19 cm**2
               FROM DCS TABLE = 1.198869E-19  (REL. DIF. = 3.39E-04)

  1ST TRANSPORT CROSS SECTION = 4.167346E-22 cm**2
               FROM DCS TABLE = 4.167137E-22  (REL. DIF. = 5.02E-05)

  2ND TRANSPORT CROSS SECTION = 1.093494E-21 cm**2

  **** DPWA0 ENDED ************************************************************

