 #  Scattering field.
 #  All quantities in atomic units (a.u.), unless otherwise indicated.
 #  Z =   1, NELEC =   1,   projectile: electron
 #  Kinetic energy = 9.18733E+02 a.u. = 2.50000E+04 eV
 #
 #   i       r           r*V         r*Vst        r*Vex       r*Vpol       r*Wabs        rho_e
 #------------------------------------------------------------------------------------------------
     1  0.00000E+00 -0.00000E+00 -0.00000E+00  0.00000E+00  0.00000E+00  0.00000E+00  9.35049E+03
     2  5.41833E-08 -1.94892E-03 -1.94888E-03 -4.31224E-08  0.00000E+00  0.00000E+00  9.35049E+03
     3  1.09815E-07 -3.94988E-03 -3.94984E-03 -4.31246E-08  0.00000E+00  0.00000E+00  4.61374E+03
     4  1.66934E-07 -6.00429E-03 -6.00425E-03 -4.31265E-08  0.00000E+00  0.00000E+00  3.03519E+03
     5  2.25579E-07 -8.11356E-03 -8.11351E-03 -4.31286E-08  0.00000E+00  0.00000E+00  2.24620E+03
     6  2.85792E-07 -1.02791E-02 -1.02791E-02 -4.31308E-08  0.00000E+00  0.00000E+00  1.77302E+03
     7  3.47614E-07 -1.25025E-02 -1.25024E-02 -4.31331E-08  0.00000E+00  0.00000E+00  1.45775E+03
     8  4.11088E-07 -1.47852E-02 -1.47851E-02 -4.31357E-08  0.00000E+00  0.00000E+00  1.23271E+03
     9  4.76258E-07 -1.71287E-02 -1.71286E-02 -4.31384E-08  0.00000E+00  0.00000E+00  1.06407E+03
    10  5.43171E-07 -1.95347E-02 -1.95346E-02 -4.31414E-08  0.00000E+00  0.00000E+00  9.33031E+02
    11  6.11872E-07 -2.20047E-02 -2.20047E-02 -4.31445E-08  0.00000E+00  0.00000E+00  8.28306E+02
    12  6.82409E-07 -2.45405E-02 -2.45405E-02 -4.31480E-08  0.00000E+00  0.00000E+00  7.42721E+02
    13  7.54831E-07 -2.71438E-02 -2.71438E-02 -4.31517E-08  0.00000E+00  0.00000E+00  6.71491E+02
    14  8.29189E-07 -2.98164E-02 -2.98163E-02 -4.31556E-08  0.00000E+00  0.00000E+00  6.11304E+02
    15  9.05534E-07 -3.25599E-02 -3.25599E-02 -4.31599E-08  0.00000E+00  0.00000E+00  5.59792E+02
    16  9.83920E-07 -3.53763E-02 -3.53763E-02 -4.31645E-08  0.00000E+00  0.00000E+00  5.15220E+02
    17  1.06440E-06 -3.82674E-02 -3.82674E-02 -4.31694E-08  0.00000E+00  0.00000E+00  4.76288E+02
    18  1.14703E-06 -4.12352E-02 -4.12352E-02 -4.31747E-08  0.00000E+00  0.00000E+00  4.41999E+02
    19  1.23187E-06 -4.42817E-02 -4.42816E-02 -4.31803E-08  0.00000E+00  0.00000E+00  4.11580E+02
    20  1.31898E-06 -4.74087E-02 -4.74087E-02 -4.31864E-08  0.00000E+00  0.00000E+00  3.84419E+02
    21  1.40842E-06 -5.06185E-02 -5.06184E-02 -4.31928E-08  0.00000E+00  0.00000E+00  3.60028E+02
    22  1.50024E-06 -5.39130E-02 -5.39130E-02 -4.31998E-08  0.00000E+00  0.00000E+00  3.38011E+02
    23  1.59452E-06 -5.72945E-02 -5.72945E-02 -4.32071E-08  0.00000E+00  0.00000E+00  3.18044E+02
    24  1.69132E-06 -6.07652E-02 -6.07651E-02 -4.32150E-08  0.00000E+00  0.00000E+00  2.99860E+02
    25  1.79071E-06 -6.43271E-02 -6.43271E-02 -4.32234E-08  0.00000E+00  0.00000E+00  2.83235E+02
    26  1.89275E-06 -6.79828E-02 -6.79827E-02 -4.32324E-08  0.00000E+00  0.00000E+00  2.67982E+02
    27  1.99752E-06 -7.17344E-02 -7.17344E-02 -4.32420E-08  0.00000E+00  0.00000E+00  2.53943E+02
    28  2.10509E-06 -7.55844E-02 -7.55843E-02 -4.32522E-08  0.00000E+00  0.00000E+00  2.40982E+02
    29  2.21554E-06 -7.95351E-02 -7.95351E-02 -4.32631E-08  0.00000E+00  0.00000E+00  2.28985E+02
    30  2.32894E-06 -8.35891E-02 -8.35891E-02 -4.32746E-08  0.00000E+00  0.00000E+00  2.17851E+02
    31  2.44537E-06 -8.77488E-02 -8.77488E-02 -4.32869E-08  0.00000E+00  0.00000E+00  2.07494E+02
    32  2.56491E-06 -9.20169E-02 -9.20168E-02 -4.33000E-08  0.00000E+00  0.00000E+00  1.97838E+02
    33  2.68764E-06 -9.63958E-02 -9.63957E-02 -4.33140E-08  0.00000E+00  0.00000E+00  1.88818E+02
    34  2.81366E-06 -1.00888E-01 -1.00888E-01 -4.33288E-08  0.00000E+00  0.00000E+00  1.80375E+02
    35  2.94304E-06 -1.05497E-01 -1.05497E-01 -4.33445E-08  0.00000E+00  0.00000E+00  1.72460E+02
    36  3.07588E-06 -1.10224E-01 -1.10224E-01 -4.33613E-08  0.00000E+00  0.00000E+00  1.65025E+02
    37  3.21227E-06 -1.15074E-01 -1.15074E-01 -4.33790E-08  0.00000E+00  0.00000E+00  1.58032E+02
    38  3.35231E-06 -1.20048E-01 -1.20047E-01 -4.33979E-08  0.00000E+00  0.00000E+00  1.51443E+02
    39  3.49609E-06 -1.25149E-01 -1.25149E-01 -4.34179E-08  0.00000E+00  0.00000E+00  1.45228E+02
    40  3.64371E-06 -1.30380E-01 -1.30380E-01 -4.34392E-08  0.00000E+00  0.00000E+00  1.39357E+02
    41  3.79528E-06 -1.35744E-01 -1.35744E-01 -4.34617E-08  0.00000E+00  0.00000E+00  1.33804E+02
    42  3.95090E-06 -1.41244E-01 -1.41244E-01 -4.34857E-08  0.00000E+00  0.00000E+00  1.28547E+02
    43  4.11068E-06 -1.46883E-01 -1.46883E-01 -4.35111E-08  0.00000E+00  0.00000E+00  1.23562E+02
    44  4.27473E-06 -1.52664E-01 -1.52664E-01 -4.35380E-08  0.00000E+00  0.00000E+00  1.18833E+02
    45  4.44316E-06 -1.58590E-01 -1.58590E-01 -4.35665E-08  0.00000E+00  0.00000E+00  1.14340E+02
    46  4.61610E-06 -1.64664E-01 -1.64664E-01 -4.35967E-08  0.00000E+00  0.00000E+00  1.10068E+02
    47  4.79365E-06 -1.70888E-01 -1.70888E-01 -4.36288E-08  0.00000E+00  0.00000E+00  1.06003E+02
    48  4.97596E-06 -1.77266E-01 -1.77266E-01 -4.36627E-08  0.00000E+00  0.00000E+00  1.02131E+02
    49  5.16313E-06 -1.83801E-01 -1.83801E-01 -4.36987E-08  0.00000E+00  0.00000E+00  9.84401E+01
    50  5.35531E-06 -1.90495E-01 -1.90495E-01 -4.37367E-08  0.00000E+00  0.00000E+00  9.49189E+01
    51  5.55262E-06 -1.97352E-01 -1.97352E-01 -4.37771E-08  0.00000E+00  0.00000E+00  9.15572E+01
    52  5.75521E-06 -2.04374E-01 -2.04374E-01 -4.38197E-08  0.00000E+00  0.00000E+00  8.83455E+01
    53  5.96321E-06 -2.11565E-01 -2.11565E-01 -4.38649E-08  0.00000E+00  0.00000E+00  8.52750E+01
    54  6.17677E-06 -2.18926E-01 -2.18926E-01 -4.39128E-08  0.00000E+00  0.00000E+00  8.23375E+01
    55  6.39604E-06 -2.26462E-01 -2.26462E-01 -4.39634E-08  0.00000E+00  0.00000E+00  7.95257E+01
    56  6.62117E-06 -2.34174E-01 -2.34174E-01 -4.40169E-08  0.00000E+00  0.00000E+00  7.68325E+01
    57  6.85232E-06 -2.42065E-01 -2.42065E-01 -4.40736E-08  0.00000E+00  0.00000E+00  7.42514E+01
    58  7.08964E-06 -2.50137E-01 -2.50137E-01 -4.41335E-08  0.00000E+00  0.00000E+00  7.17765E+01
    59  7.33331E-06 -2.58394E-01 -2.58393E-01 -4.41969E-08  0.00000E+00  0.00000E+00  6.94021E+01
    60  7.58349E-06 -2.66836E-01 -2.66836E-01 -4.42639E-08  0.00000E+00  0.00000E+00  6.71229E+01
    61  7.84035E-06 -2.75466E-01 -2.75466E-01 -4.43348E-08  0.00000E+00  0.00000E+00  6.49342E+01
    62  8.10408E-06 -2.84287E-01 -2.84287E-01 -4.44098E-08  0.00000E+00  0.00000E+00  6.28314E+01
    63  8.37486E-06 -2.93299E-01 -2.93299E-01 -4.44891E-08  0.00000E+00  0.00000E+00  6.08102E+01
    64  8.65288E-06 -3.02504E-01 -3.02504E-01 -4.45729E-08  0.00000E+00  0.00000E+00  5.88665E+01
    65  8.93832E-06 -3.11904E-01 -3.11904E-01 -4.46614E-08  0.00000E+00  0.00000E+00  5.69967E+01
    66  9.23140E-06 -3.21499E-01 -3.21499E-01 -4.47551E-08  0.00000E+00  0.00000E+00  5.51973E+01
    67  9.53231E-06 -3.31290E-01 -3.31290E-01 -4.48540E-08  0.00000E+00  0.00000E+00  5.34648E+01
    68  9.84126E-06 -3.41277E-01 -3.41277E-01 -4.49586E-08  0.00000E+00  0.00000E+00  5.17963E+01
    69  1.01585E-05 -3.51461E-01 -3.51461E-01 -4.50691E-08  0.00000E+00  0.00000E+00  5.01888E+01
    70  1.04842E-05 -3.61842E-01 -3.61842E-01 -4.51859E-08  0.00000E+00  0.00000E+00  4.86396E+01
    71  1.08185E-05 -3.72418E-01 -3.72418E-01 -4.53093E-08  0.00000E+00  0.00000E+00  4.71460E+01
    72  1.11619E-05 -3.83188E-01 -3.83188E-01 -4.54396E-08  0.00000E+00  0.00000E+00  4.57056E+01
    73  1.15144E-05 -3.94151E-01 -3.94151E-01 -4.55774E-08  0.00000E+00  0.00000E+00  4.43160E+01
    74  1.18763E-05 -4.05304E-01 -4.05304E-01 -4.57229E-08  0.00000E+00  0.00000E+00  4.29752E+01
    75  1.22479E-05 -4.16646E-01 -4.16645E-01 -4.58766E-08  0.00000E+00  0.00000E+00  4.16809E+01
    76  1.26294E-05 -4.28172E-01 -4.28172E-01 -4.60389E-08  0.00000E+00  0.00000E+00  4.04313E+01
    77  1.30212E-05 -4.39878E-01 -4.39878E-01 -4.62104E-08  0.00000E+00  0.00000E+00  3.92245E+01
    78  1.34234E-05 -4.51762E-01 -4.51762E-01 -4.63915E-08  0.00000E+00  0.00000E+00  3.80587E+01
    79  1.38363E-05 -4.63816E-01 -4.63816E-01 -4.65828E-08  0.00000E+00  0.00000E+00  3.69323E+01
    80  1.42603E-05 -4.76035E-01 -4.76035E-01 -4.67847E-08  0.00000E+00  0.00000E+00  3.58437E+01
    81  1.46956E-05 -4.88413E-01 -4.88413E-01 -4.69980E-08  0.00000E+00  0.00000E+00  3.47913E+01
    82  1.51425E-05 -5.00942E-01 -5.00942E-01 -4.72233E-08  0.00000E+00  0.00000E+00  3.37738E+01
    83  1.56014E-05 -5.13613E-01 -5.13613E-01 -4.74611E-08  0.00000E+00  0.00000E+00  3.27897E+01
    84  1.60726E-05 -5.26418E-01 -5.26418E-01 -4.77122E-08  0.00000E+00  0.00000E+00  3.18377E+01
    85  1.65564E-05 -5.39347E-01 -5.39347E-01 -4.79772E-08  0.00000E+00  0.00000E+00  3.09168E+01
    86  1.70530E-05 -5.52387E-01 -5.52387E-01 -4.82571E-08  0.00000E+00  0.00000E+00  3.00255E+01
    87  1.75630E-05 -5.65528E-01 -5.65528E-01 -4.85524E-08  0.00000E+00  0.00000E+00  2.91629E+01
    88  1.80866E-05 -5.78756E-01 -5.78756E-01 -4.88642E-08  0.00000E+00  0.00000E+00  2.83278E+01
    89  1.86242E-05 -5.92057E-01 -5.92057E-01 -4.91932E-08  0.00000E+00  0.00000E+00  2.75193E+01
    90  1.91761E-05 -6.05418E-01 -6.05418E-01 -4.95404E-08  0.00000E+00  0.00000E+00  2.67363E+01
    91  1.97428E-05 -6.18820E-01 -6.18820E-01 -4.99067E-08  0.00000E+00  0.00000E+00  2.59780E+01
    92  2.03246E-05 -6.32249E-01 -6.32249E-01 -5.02932E-08  0.00000E+00  0.00000E+00  2.52434E+01
    93  2.09220E-05 -6.45686E-01 -6.45686E-01 -5.07009E-08  0.00000E+00  0.00000E+00  2.45316E+01
    94  2.15354E-05 -6.59113E-01 -6.59113E-01 -5.11309E-08  0.00000E+00  0.00000E+00  2.38420E+01
    95  2.21651E-05 -6.72510E-01 -6.72510E-01 -5.15843E-08  0.00000E+00  0.00000E+00  2.31736E+01
    96  2.28117E-05 -6.85857E-01 -6.85857E-01 -5.20624E-08  0.00000E+00  0.00000E+00  2.25257E+01
    97  2.34756E-05 -6.99133E-01 -6.99133E-01 -5.25664E-08  0.00000E+00  0.00000E+00  2.18977E+01
    98  2.41572E-05 -7.12316E-01 -7.12316E-01 -5.30976E-08  0.00000E+00  0.00000E+00  2.12887E+01
    99  2.48570E-05 -7.25386E-01 -7.25386E-01 -5.36572E-08  0.00000E+00  0.00000E+00  2.06983E+01
   100  2.55756E-05 -7.38318E-01 -7.38318E-01 -5.42468E-08  0.00000E+00  0.00000E+00  2.01257E+01
   101  2.63133E-05 -7.51092E-01 -7.51091E-01 -5.48676E-08  0.00000E+00  0.00000E+00  1.95703E+01
   102  2.70708E-05 -7.63683E-01 -7.63683E-01 -5.55213E-08  0.00000E+00  0.00000E+00  1.90316E+01
   103  2.78484E-05 -7.76070E-01 -7.76070E-01 -5.62092E-08  0.00000E+00  0.00000E+00  1.85090E+01
   104  2.86469E-05 -7.88229E-01 -7.88229E-01 -5.69330E-08  0.00000E+00  0.00000E+00  1.80019E+01
   105  2.94667E-05 -8.00140E-01 -8.00140E-01 -5.76942E-08  0.00000E+00  0.00000E+00  1.75099E+01
   106  3.03085E-05 -8.11781E-01 -8.11781E-01 -5.84945E-08  0.00000E+00  0.00000E+00  1.70324E+01
   107  3.11727E-05 -8.23131E-01 -8.23131E-01 -5.93355E-08  0.00000E+00  0.00000E+00  1.65689E+01
   108  3.20600E-05 -8.34171E-01 -8.34170E-01 -6.02188E-08  0.00000E+00  0.00000E+00  1.61191E+01
   109  3.29711E-05 -8.44881E-01 -8.44881E-01 -6.11463E-08  0.00000E+00  0.00000E+00  1.56825E+01
   110  3.39065E-05 -8.55247E-01 -8.55247E-01 -6.21195E-08  0.00000E+00  0.00000E+00  1.52586E+01
   111  3.48669E-05 -8.65250E-01 -8.65250E-01 -6.31402E-08  0.00000E+00  0.00000E+00  1.48470E+01
   112  3.58529E-05 -8.74879E-01 -8.74879E-01 -6.42103E-08  0.00000E+00  0.00000E+00  1.44474E+01
   113  3.68653E-05 -8.84121E-01 -8.84121E-01 -6.53313E-08  0.00000E+00  0.00000E+00  1.40593E+01
   114  3.79048E-05 -8.92966E-01 -8.92966E-01 -6.65051E-08  0.00000E+00  0.00000E+00  1.36825E+01
   115  3.89721E-05 -9.01406E-01 -9.01406E-01 -6.77333E-08  0.00000E+00  0.00000E+00  1.33165E+01
   116  4.00678E-05 -9.09434E-01 -9.09434E-01 -6.90178E-08  0.00000E+00  0.00000E+00  1.29609E+01
   117  4.11929E-05 -9.17049E-01 -9.17048E-01 -7.03601E-08  0.00000E+00  0.00000E+00  1.26156E+01
   118  4.23480E-05 -9.24246E-01 -9.24246E-01 -7.17621E-08  0.00000E+00  0.00000E+00  1.22801E+01
   119  4.35340E-05 -9.31029E-01 -9.31028E-01 -7.32252E-08  0.00000E+00  0.00000E+00  1.19542E+01
   120  4.47517E-05 -9.37398E-01 -9.37398E-01 -7.47513E-08  0.00000E+00  0.00000E+00  1.16376E+01
   121  4.60020E-05 -9.43359E-01 -9.43359E-01 -7.63417E-08  0.00000E+00  0.00000E+00  1.13299E+01
   122  4.72857E-05 -9.48919E-01 -9.48919E-01 -7.79982E-08  0.00000E+00  0.00000E+00  1.10309E+01
   123  4.86036E-05 -9.54087E-01 -9.54086E-01 -7.97221E-08  0.00000E+00  0.00000E+00  1.07404E+01
   124  4.99568E-05 -9.58872E-01 -9.58872E-01 -8.15150E-08  0.00000E+00  0.00000E+00  1.04580E+01
   125  5.13462E-05 -9.63286E-01 -9.63286E-01 -8.33783E-08  0.00000E+00  0.00000E+00  1.01836E+01
   126  5.27727E-05 -9.67344E-01 -9.67344E-01 -8.53134E-08  0.00000E+00  0.00000E+00  9.91690E+00
   127  5.42373E-05 -9.71059E-01 -9.71059E-01 -8.73215E-08  0.00000E+00  0.00000E+00  9.65766E+00
   128  5.57411E-05 -9.74447E-01 -9.74447E-01 -8.94040E-08  0.00000E+00  0.00000E+00  9.40566E+00
   129  5.72850E-05 -9.77525E-01 -9.77524E-01 -9.15621E-08  0.00000E+00  0.00000E+00  9.16070E+00
   130  5.88702E-05 -9.80308E-01 -9.80308E-01 -9.37971E-08  0.00000E+00  0.00000E+00  8.92255E+00
   131  6.04978E-05 -9.82816E-01 -9.82816E-01 -9.61100E-08  0.00000E+00  0.00000E+00  8.69103E+00
   132  6.21689E-05 -9.85065E-01 -9.85065E-01 -9.85021E-08  0.00000E+00  0.00000E+00  8.46593E+00
   133  6.38846E-05 -9.87074E-01 -9.87074E-01 -1.00975E-07  0.00000E+00  0.00000E+00  8.24707E+00
   134  6.56463E-05 -9.88859E-01 -9.88859E-01 -1.03528E-07  0.00000E+00  0.00000E+00  8.03426E+00
   135  6.74549E-05 -9.90439E-01 -9.90439E-01 -1.06165E-07  0.00000E+00  0.00000E+00  7.82733E+00
   136  6.93120E-05 -9.91831E-01 -9.91831E-01 -1.08884E-07  0.00000E+00  0.00000E+00  7.62610E+00
   137  7.12186E-05 -9.93051E-01 -9.93051E-01 -1.11689E-07  0.00000E+00  0.00000E+00  7.43042E+00
   138  7.31762E-05 -9.94115E-01 -9.94115E-01 -1.14579E-07  0.00000E+00  0.00000E+00  7.24011E+00
   139  7.51862E-05 -9.95038E-01 -9.95038E-01 -1.17557E-07  0.00000E+00  0.00000E+00  7.05503E+00
   140  7.72498E-05 -9.95835E-01 -9.95835E-01 -1.20622E-07  0.00000E+00  0.00000E+00  6.87502E+00
   141  7.93686E-05 -9.96519E-01 -9.96519E-01 -1.23777E-07  0.00000E+00  0.00000E+00  6.69994E+00
   142  8.15441E-05 -9.97103E-01 -9.97103E-01 -1.27022E-07  0.00000E+00  0.00000E+00  6.52965E+00
   143  8.37776E-05 -9.97599E-01 -9.97599E-01 -1.30360E-07  0.00000E+00  0.00000E+00  6.36401E+00
   144  8.60709E-05 -9.98018E-01 -9.98017E-01 -1.33790E-07  0.00000E+00  0.00000E+00  6.20289E+00
   145  8.84255E-05 -9.98369E-01 -9.98369E-01 -1.37315E-07  0.00000E+00  0.00000E+00  6.04615E+00
   146  9.08430E-05 -9.98661E-01 -9.98661E-01 -1.40937E-07  0.00000E+00  0.00000E+00  5.89368E+00
   147  9.33251E-05 -9.98904E-01 -9.98904E-01 -1.44656E-07  0.00000E+00  0.00000E+00  5.74536E+00
   148  9.58735E-05 -9.99103E-01 -9.99103E-01 -1.48475E-07  0.00000E+00  0.00000E+00  5.60105E+00
   149  9.84901E-05 -9.99266E-01 -9.99266E-01 -1.52395E-07  0.00000E+00  0.00000E+00  5.46067E+00
   150  1.01177E-04 -9.99398E-01 -9.99398E-01 -1.56419E-07  0.00000E+00  0.00000E+00  5.32408E+00
   151  1.03935E-04 -9.99504E-01 -9.99504E-01 -1.60547E-07  0.00000E+00  0.00000E+00  5.19119E+00
   152  1.06767E-04 -9.99588E-01 -9.99588E-01 -1.64783E-07  0.00000E+00  0.00000E+00  5.06190E+00
   153  1.09675E-04 -9.99655E-01 -9.99655E-01 -1.69128E-07  0.00000E+00  0.00000E+00  4.93609E+00
   154  1.12660E-04 -9.99707E-01 -9.99707E-01 -1.73585E-07  0.00000E+00  0.00000E+00  4.81368E+00
   155  1.15725E-04 -9.99747E-01 -9.99747E-01 -1.78155E-07  0.00000E+00  0.00000E+00  4.69457E+00
   156  1.18872E-04 -9.99778E-01 -9.99778E-01 -1.82842E-07  0.00000E+00  0.00000E+00  4.57867E+00
   157  1.22103E-04 -9.99801E-01 -9.99800E-01 -1.87648E-07  0.00000E+00  0.00000E+00  4.46588E+00
   158  1.25421E-04 -9.99817E-01 -9.99817E-01 -1.92576E-07  0.00000E+00  0.00000E+00  4.35613E+00
   159  1.28827E-04 -9.99829E-01 -9.99829E-01 -1.97628E-07  0.00000E+00  0.00000E+00  4.24932E+00
   160  1.32325E-04 -9.99837E-01 -9.99837E-01 -2.02806E-07  0.00000E+00  0.00000E+00  4.14539E+00
   161  1.35915E-04 -9.99842E-01 -9.99842E-01 -2.08115E-07  0.00000E+00  0.00000E+00  4.04423E+00
   162  1.39602E-04 -9.99844E-01 -9.99844E-01 -2.13557E-07  0.00000E+00  0.00000E+00  3.94579E+00
   163  1.43387E-04 -9.99845E-01 -9.99845E-01 -2.19134E-07  0.00000E+00  0.00000E+00  3.84999E+00
   164  1.47274E-04 -9.99845E-01 -9.99845E-01 -2.24851E-07  0.00000E+00  0.00000E+00  3.75675E+00
   165  1.51264E-04 -9.99843E-01 -9.99843E-01 -2.30709E-07  0.00000E+00  0.00000E+00  3.66600E+00
   166  1.55361E-04 -9.99841E-01 -9.99841E-01 -2.36714E-07  0.00000E+00  0.00000E+00  3.57767E+00
   167  1.59567E-04 -9.99838E-01 -9.99838E-01 -2.42867E-07  0.00000E+00  0.00000E+00  3.49171E+00
   168  1.63886E-04 -9.99834E-01 -9.99834E-01 -2.49173E-07  0.00000E+00  0.00000E+00  3.40804E+00
   169  1.68320E-04 -9.99831E-01 -9.99830E-01 -2.55634E-07  0.00000E+00  0.00000E+00  3.32660E+00
   170  1.72873E-04 -9.99826E-01 -9.99826E-01 -2.62255E-07  0.00000E+00  0.00000E+00  3.24732E+00
   171  1.77548E-04 -9.99822E-01 -9.99822E-01 -2.69040E-07  0.00000E+00  0.00000E+00  3.17016E+00
   172  1.82347E-04 -9.99817E-01 -9.99817E-01 -2.75991E-07  0.00000E+00  0.00000E+00  3.09506E+00
   173  1.87275E-04 -9.99813E-01 -9.99812E-01 -2.83113E-07  0.00000E+00  0.00000E+00  3.02195E+00
   174  1.92334E-04 -9.99808E-01 -9.99807E-01 -2.90410E-07  0.00000E+00  0.00000E+00  2.95079E+00
   175  1.97529E-04 -9.99802E-01 -9.99802E-01 -2.97885E-07  0.00000E+00  0.00000E+00  2.88151E+00
   176  2.02862E-04 -9.99797E-01 -9.99797E-01 -3.05544E-07  0.00000E+00  0.00000E+00  2.81408E+00
   177  2.08338E-04 -9.99792E-01 -9.99791E-01 -3.13389E-07  0.00000E+00  0.00000E+00  2.74843E+00
   178  2.13960E-04 -9.99786E-01 -9.99786E-01 -3.21426E-07  0.00000E+00  0.00000E+00  2.68453E+00
   179  2.19733E-04 -9.99780E-01 -9.99780E-01 -3.29658E-07  0.00000E+00  0.00000E+00  2.62232E+00
   180  2.25660E-04 -9.99774E-01 -9.99774E-01 -3.38091E-07  0.00000E+00  0.00000E+00  2.56176E+00
   181  2.31745E-04 -9.99768E-01 -9.99768E-01 -3.46728E-07  0.00000E+00  0.00000E+00  2.50281E+00
   182  2.37993E-04 -9.99762E-01 -9.99762E-01 -3.55575E-07  0.00000E+00  0.00000E+00  2.44541E+00
   183  2.44407E-04 -9.99756E-01 -9.99755E-01 -3.64636E-07  0.00000E+00  0.00000E+00  2.38954E+00
   184  2.50994E-04 -9.99749E-01 -9.99749E-01 -3.73916E-07  0.00000E+00  0.00000E+00  2.33514E+00
   185  2.57756E-04 -9.99742E-01 -9.99742E-01 -3.83420E-07  0.00000E+00  0.00000E+00  2.28218E+00
   186  2.64699E-04 -9.99735E-01 -9.99735E-01 -3.93153E-07  0.00000E+00  0.00000E+00  2.23062E+00
   187  2.71828E-04 -9.99728E-01 -9.99728E-01 -4.03121E-07  0.00000E+00  0.00000E+00  2.18042E+00
   188  2.79147E-04 -9.99721E-01 -9.99720E-01 -4.13327E-07  0.00000E+00  0.00000E+00  2.13155E+00
   189  2.86661E-04 -9.99713E-01 -9.99713E-01 -4.23779E-07  0.00000E+00  0.00000E+00  2.08397E+00
   190  2.94377E-04 -9.99706E-01 -9.99705E-01 -4.34481E-07  0.00000E+00  0.00000E+00  2.03764E+00
   191  3.02299E-04 -9.99698E-01 -9.99697E-01 -4.45439E-07  0.00000E+00  0.00000E+00  1.99254E+00
   192  3.10432E-04 -9.99690E-01 -9.99689E-01 -4.56659E-07  0.00000E+00  0.00000E+00  1.94862E+00
   193  3.18783E-04 -9.99681E-01 -9.99681E-01 -4.68147E-07  0.00000E+00  0.00000E+00  1.90587E+00
   194  3.27357E-04 -9.99673E-01 -9.99672E-01 -4.79908E-07  0.00000E+00  0.00000E+00  1.86424E+00
   195  3.36160E-04 -9.99664E-01 -9.99663E-01 -4.91949E-07  0.00000E+00  0.00000E+00  1.82370E+00
   196  3.45198E-04 -9.99655E-01 -9.99654E-01 -5.04277E-07  0.00000E+00  0.00000E+00  1.78424E+00
   197  3.54478E-04 -9.99645E-01 -9.99645E-01 -5.16897E-07  0.00000E+00  0.00000E+00  1.74581E+00
   198  3.64006E-04 -9.99636E-01 -9.99635E-01 -5.29816E-07  0.00000E+00  0.00000E+00  1.70840E+00
   199  3.73789E-04 -9.99626E-01 -9.99626E-01 -5.43041E-07  0.00000E+00  0.00000E+00  1.67196E+00
   200  3.83833E-04 -9.99616E-01 -9.99616E-01 -5.56579E-07  0.00000E+00  0.00000E+00  1.63649E+00
   201  3.94145E-04 -9.99606E-01 -9.99605E-01 -5.70436E-07  0.00000E+00  0.00000E+00  1.60195E+00
   202  4.04733E-04 -9.99595E-01 -9.99595E-01 -5.84621E-07  0.00000E+00  0.00000E+00  1.56832E+00
   203  4.15604E-04 -9.99584E-01 -9.99584E-01 -5.99140E-07  0.00000E+00  0.00000E+00  1.53557E+00
   204  4.26766E-04 -9.99573E-01 -9.99573E-01 -6.14001E-07  0.00000E+00  0.00000E+00  1.50368E+00
   205  4.38226E-04 -9.99562E-01 -9.99561E-01 -6.29211E-07  0.00000E+00  0.00000E+00  1.47263E+00
   206  4.49992E-04 -9.99550E-01 -9.99549E-01 -6.44779E-07  0.00000E+00  0.00000E+00  1.44239E+00
   207  4.62072E-04 -9.99538E-01 -9.99537E-01 -6.60713E-07  0.00000E+00  0.00000E+00  1.41295E+00
   208  4.74476E-04 -9.99525E-01 -9.99525E-01 -6.77020E-07  0.00000E+00  0.00000E+00  1.38428E+00
   209  4.87210E-04 -9.99513E-01 -9.99512E-01 -6.93710E-07  0.00000E+00  0.00000E+00  1.35636E+00
   210  5.00286E-04 -9.99500E-01 -9.99499E-01 -7.10791E-07  0.00000E+00  0.00000E+00  1.32918E+00
   211  5.13710E-04 -9.99486E-01 -9.99485E-01 -7.28271E-07  0.00000E+00  0.00000E+00  1.30271E+00
   212  5.27494E-04 -9.99472E-01 -9.99472E-01 -7.46161E-07  0.00000E+00  0.00000E+00  1.27693E+00
   213  5.41645E-04 -9.99458E-01 -9.99457E-01 -7.64469E-07  0.00000E+00  0.00000E+00  1.25182E+00
   214  5.56175E-04 -9.99444E-01 -9.99443E-01 -7.83204E-07  0.00000E+00  0.00000E+00  1.22738E+00
   215  5.71093E-04 -9.99429E-01 -9.99428E-01 -8.02378E-07  0.00000E+00  0.00000E+00  1.20358E+00
   216  5.86410E-04 -9.99413E-01 -9.99413E-01 -8.21999E-07  0.00000E+00  0.00000E+00  1.18039E+00
   217  6.02137E-04 -9.99398E-01 -9.99397E-01 -8.42079E-07  0.00000E+00  0.00000E+00  1.15782E+00
   218  6.18283E-04 -9.99382E-01 -9.99381E-01 -8.62627E-07  0.00000E+00  0.00000E+00  1.13584E+00
   219  6.34861E-04 -9.99365E-01 -9.99364E-01 -8.83654E-07  0.00000E+00  0.00000E+00  1.11443E+00
   220  6.51882E-04 -9.99348E-01 -9.99347E-01 -9.05173E-07  0.00000E+00  0.00000E+00  1.09358E+00
   221  6.69358E-04 -9.99330E-01 -9.99330E-01 -9.27193E-07  0.00000E+00  0.00000E+00  1.07328E+00
   222  6.87301E-04 -9.99313E-01 -9.99312E-01 -9.49727E-07  0.00000E+00  0.00000E+00  1.05351E+00
   223  7.05723E-04 -9.99294E-01 -9.99293E-01 -9.72787E-07  0.00000E+00  0.00000E+00  1.03426E+00
   224  7.24638E-04 -9.99275E-01 -9.99274E-01 -9.96385E-07  0.00000E+00  0.00000E+00  1.01551E+00
   225  7.44058E-04 -9.99256E-01 -9.99255E-01 -1.02053E-06  0.00000E+00  0.00000E+00  9.97247E-01
   226  7.63997E-04 -9.99236E-01 -9.99235E-01 -1.04525E-06  0.00000E+00  0.00000E+00  9.79464E-01
   227  7.84469E-04 -9.99215E-01 -9.99214E-01 -1.07054E-06  0.00000E+00  0.00000E+00  9.62146E-01
   228  8.05488E-04 -9.99194E-01 -9.99193E-01 -1.09642E-06  0.00000E+00  0.00000E+00  9.45280E-01
   229  8.27069E-04 -9.99173E-01 -9.99172E-01 -1.12291E-06  0.00000E+00  0.00000E+00  9.28855E-01
   230  8.49227E-04 -9.99151E-01 -9.99149E-01 -1.15001E-06  0.00000E+00  0.00000E+00  9.12859E-01
   231  8.71976E-04 -9.99128E-01 -9.99127E-01 -1.17775E-06  0.00000E+00  0.00000E+00  8.97280E-01
   232  8.95334E-04 -9.99104E-01 -9.99103E-01 -1.20614E-06  0.00000E+00  0.00000E+00  8.82108E-01
   233  9.19315E-04 -9.99080E-01 -9.99079E-01 -1.23520E-06  0.00000E+00  0.00000E+00  8.67332E-01
   234  9.43938E-04 -9.99056E-01 -9.99055E-01 -1.26494E-06  0.00000E+00  0.00000E+00  8.52941E-01
   235  9.69218E-04 -9.99031E-01 -9.99029E-01 -1.29538E-06  0.00000E+00  0.00000E+00  8.38926E-01
   236  9.95174E-04 -9.99005E-01 -9.99003E-01 -1.32653E-06  0.00000E+00  0.00000E+00  8.25276E-01
   237  1.02182E-03 -9.98978E-01 -9.98977E-01 -1.35841E-06  0.00000E+00  0.00000E+00  8.11982E-01
   238  1.04919E-03 -9.98951E-01 -9.98949E-01 -1.39105E-06  0.00000E+00  0.00000E+00  7.99035E-01
   239  1.07728E-03 -9.98922E-01 -9.98921E-01 -1.42445E-06  0.00000E+00  0.00000E+00  7.86425E-01
   240  1.10612E-03 -9.98894E-01 -9.98892E-01 -1.45865E-06  0.00000E+00  0.00000E+00  7.74143E-01
   241  1.13574E-03 -9.98864E-01 -9.98862E-01 -1.49365E-06  0.00000E+00  0.00000E+00  7.62181E-01
   242  1.16614E-03 -9.98834E-01 -9.98832E-01 -1.52948E-06  0.00000E+00  0.00000E+00  7.50531E-01
   243  1.19736E-03 -9.98802E-01 -9.98801E-01 -1.56616E-06  0.00000E+00  0.00000E+00  7.39185E-01
   244  1.22941E-03 -9.98770E-01 -9.98769E-01 -1.60371E-06  0.00000E+00  0.00000E+00  7.28133E-01
   245  1.26232E-03 -9.98737E-01 -9.98736E-01 -1.64216E-06  0.00000E+00  0.00000E+00  7.17369E-01
   246  1.29611E-03 -9.98703E-01 -9.98702E-01 -1.68152E-06  0.00000E+00  0.00000E+00  7.06885E-01
   247  1.33080E-03 -9.98669E-01 -9.98667E-01 -1.72181E-06  0.00000E+00  0.00000E+00  6.96674E-01
   248  1.36642E-03 -9.98633E-01 -9.98631E-01 -1.76307E-06  0.00000E+00  0.00000E+00  6.86728E-01
   249  1.40299E-03 -9.98597E-01 -9.98595E-01 -1.80532E-06  0.00000E+00  0.00000E+00  6.77041E-01
   250  1.44054E-03 -9.98559E-01 -9.98557E-01 -1.84857E-06  0.00000E+00  0.00000E+00  6.67605E-01
   251  1.47909E-03 -9.98520E-01 -9.98519E-01 -1.89287E-06  0.00000E+00  0.00000E+00  6.58414E-01
   252  1.51867E-03 -9.98481E-01 -9.98479E-01 -1.93823E-06  0.00000E+00  0.00000E+00  6.49462E-01
   253  1.55930E-03 -9.98440E-01 -9.98438E-01 -1.98468E-06  0.00000E+00  0.00000E+00  6.40742E-01
   254  1.60103E-03 -9.98398E-01 -9.98396E-01 -2.03225E-06  0.00000E+00  0.00000E+00  6.32249E-01
   255  1.64387E-03 -9.98356E-01 -9.98353E-01 -2.08096E-06  0.00000E+00  0.00000E+00  6.23975E-01
   256  1.68785E-03 -9.98312E-01 -9.98309E-01 -2.13086E-06  0.00000E+00  0.00000E+00  6.15917E-01
   257  1.73301E-03 -9.98266E-01 -9.98264E-01 -2.18196E-06  0.00000E+00  0.00000E+00  6.08066E-01
   258  1.77937E-03 -9.98220E-01 -9.98218E-01 -2.23431E-06  0.00000E+00  0.00000E+00  6.00420E-01
   259  1.82698E-03 -9.98172E-01 -9.98170E-01 -2.28793E-06  0.00000E+00  0.00000E+00  5.92971E-01
   260  1.87585E-03 -9.98123E-01 -9.98121E-01 -2.34285E-06  0.00000E+00  0.00000E+00  5.85715E-01
   261  1.92603E-03 -9.98073E-01 -9.98071E-01 -2.39911E-06  0.00000E+00  0.00000E+00  5.78647E-01
   262  1.97756E-03 -9.98022E-01 -9.98019E-01 -2.45675E-06  0.00000E+00  0.00000E+00  5.71761E-01
   263  2.03045E-03 -9.97969E-01 -9.97966E-01 -2.51579E-06  0.00000E+00  0.00000E+00  5.65053E-01
   264  2.08477E-03 -9.97914E-01 -9.97912E-01 -2.57629E-06  0.00000E+00  0.00000E+00  5.58519E-01
   265  2.14053E-03 -9.97859E-01 -9.97856E-01 -2.63827E-06  0.00000E+00  0.00000E+00  5.52153E-01
   266  2.19778E-03 -9.97801E-01 -9.97799E-01 -2.70177E-06  0.00000E+00  0.00000E+00  5.45951E-01
   267  2.25656E-03 -9.97743E-01 -9.97740E-01 -2.76684E-06  0.00000E+00  0.00000E+00  5.39909E-01
   268  2.31692E-03 -9.97682E-01 -9.97679E-01 -2.83351E-06  0.00000E+00  0.00000E+00  5.34022E-01
   269  2.37888E-03 -9.97620E-01 -9.97617E-01 -2.90183E-06  0.00000E+00  0.00000E+00  5.28288E-01
   270  2.44250E-03 -9.97557E-01 -9.97554E-01 -2.97184E-06  0.00000E+00  0.00000E+00  5.22700E-01
   271  2.50782E-03 -9.97491E-01 -9.97488E-01 -3.04359E-06  0.00000E+00  0.00000E+00  5.17256E-01
   272  2.57489E-03 -9.97424E-01 -9.97421E-01 -3.11711E-06  0.00000E+00  0.00000E+00  5.11952E-01
   273  2.64375E-03 -9.97355E-01 -9.97352E-01 -3.19247E-06  0.00000E+00  0.00000E+00  5.06784E-01
   274  2.71444E-03 -9.97284E-01 -9.97281E-01 -3.26970E-06  0.00000E+00  0.00000E+00  5.01749E-01
   275  2.78703E-03 -9.97212E-01 -9.97209E-01 -3.34886E-06  0.00000E+00  0.00000E+00  4.96842E-01
   276  2.86155E-03 -9.97137E-01 -9.97134E-01 -3.42999E-06  0.00000E+00  0.00000E+00  4.92061E-01
   277  2.93807E-03 -9.97061E-01 -9.97057E-01 -3.51315E-06  0.00000E+00  0.00000E+00  4.87402E-01
   278  3.01663E-03 -9.96982E-01 -9.96979E-01 -3.59839E-06  0.00000E+00  0.00000E+00  4.82862E-01
   279  3.09728E-03 -9.96901E-01 -9.96898E-01 -3.68577E-06  0.00000E+00  0.00000E+00  4.78437E-01
   280  3.18010E-03 -9.96819E-01 -9.96815E-01 -3.77534E-06  0.00000E+00  0.00000E+00  4.74126E-01
   281  3.26512E-03 -9.96734E-01 -9.96730E-01 -3.86717E-06  0.00000E+00  0.00000E+00  4.69923E-01
   282  3.35242E-03 -9.96646E-01 -9.96642E-01 -3.96130E-06  0.00000E+00  0.00000E+00  4.65828E-01
   283  3.44204E-03 -9.96557E-01 -9.96552E-01 -4.05780E-06  0.00000E+00  0.00000E+00  4.61837E-01
   284  3.53406E-03 -9.96464E-01 -9.96460E-01 -4.15674E-06  0.00000E+00  0.00000E+00  4.57946E-01
   285  3.62854E-03 -9.96370E-01 -9.96366E-01 -4.25817E-06  0.00000E+00  0.00000E+00  4.54154E-01
   286  3.72555E-03 -9.96273E-01 -9.96269E-01 -4.36217E-06  0.00000E+00  0.00000E+00  4.50457E-01
   287  3.82514E-03 -9.96173E-01 -9.96169E-01 -4.46879E-06  0.00000E+00  0.00000E+00  4.46854E-01
   288  3.92739E-03 -9.96071E-01 -9.96066E-01 -4.57812E-06  0.00000E+00  0.00000E+00  4.43341E-01
   289  4.03238E-03 -9.95966E-01 -9.95961E-01 -4.69021E-06  0.00000E+00  0.00000E+00  4.39917E-01
   290  4.14017E-03 -9.95858E-01 -9.95853E-01 -4.80514E-06  0.00000E+00  0.00000E+00  4.36578E-01
   291  4.25083E-03 -9.95747E-01 -9.95742E-01 -4.92299E-06  0.00000E+00  0.00000E+00  4.33322E-01
   292  4.36446E-03 -9.95634E-01 -9.95629E-01 -5.04383E-06  0.00000E+00  0.00000E+00  4.30148E-01
   293  4.48111E-03 -9.95517E-01 -9.95512E-01 -5.16775E-06  0.00000E+00  0.00000E+00  4.27053E-01
   294  4.60089E-03 -9.95397E-01 -9.95392E-01 -5.29481E-06  0.00000E+00  0.00000E+00  4.24034E-01
   295  4.72386E-03 -9.95274E-01 -9.95269E-01 -5.42510E-06  0.00000E+00  0.00000E+00  4.21091E-01
   296  4.85011E-03 -9.95148E-01 -9.95142E-01 -5.55871E-06  0.00000E+00  0.00000E+00  4.18219E-01
   297  4.97974E-03 -9.95018E-01 -9.95012E-01 -5.69573E-06  0.00000E+00  0.00000E+00  4.15419E-01
   298  5.11283E-03 -9.94885E-01 -9.94879E-01 -5.83623E-06  0.00000E+00  0.00000E+00  4.12687E-01
   299  5.24947E-03 -9.94748E-01 -9.94742E-01 -5.98032E-06  0.00000E+00  0.00000E+00  4.10022E-01
   300  5.38976E-03 -9.94608E-01 -9.94602E-01 -6.12807E-06  0.00000E+00  0.00000E+00  4.07422E-01
   301  5.53380E-03 -9.94464E-01 -9.94457E-01 -6.27960E-06  0.00000E+00  0.00000E+00  4.04885E-01
   302  5.68168E-03 -9.94316E-01 -9.94309E-01 -6.43499E-06  0.00000E+00  0.00000E+00  4.02409E-01
   303  5.83351E-03 -9.94164E-01 -9.94157E-01 -6.59435E-06  0.00000E+00  0.00000E+00  3.99993E-01
   304  5.98940E-03 -9.94008E-01 -9.94001E-01 -6.75777E-06  0.00000E+00  0.00000E+00  3.97635E-01
   305  6.14945E-03 -9.93848E-01 -9.93841E-01 -6.92537E-06  0.00000E+00  0.00000E+00  3.95333E-01
   306  6.31377E-03 -9.93683E-01 -9.93676E-01 -7.09724E-06  0.00000E+00  0.00000E+00  3.93086E-01
   307  6.48247E-03 -9.93515E-01 -9.93507E-01 -7.27351E-06  0.00000E+00  0.00000E+00  3.90892E-01
   308  6.65569E-03 -9.93341E-01 -9.93334E-01 -7.45427E-06  0.00000E+00  0.00000E+00  3.88749E-01
   309  6.83352E-03 -9.93163E-01 -9.93156E-01 -7.63964E-06  0.00000E+00  0.00000E+00  3.86657E-01
   310  7.01610E-03 -9.92981E-01 -9.92973E-01 -7.82975E-06  0.00000E+00  0.00000E+00  3.84613E-01
   311  7.20356E-03 -9.92793E-01 -9.92785E-01 -8.02471E-06  0.00000E+00  0.00000E+00  3.82617E-01
   312  7.39602E-03 -9.92601E-01 -9.92592E-01 -8.22464E-06  0.00000E+00  0.00000E+00  3.80666E-01
   313  7.59362E-03 -9.92403E-01 -9.92395E-01 -8.42967E-06  0.00000E+00  0.00000E+00  3.78760E-01
   314  7.79649E-03 -9.92200E-01 -9.92191E-01 -8.63993E-06  0.00000E+00  0.00000E+00  3.76898E-01
   315  8.00478E-03 -9.91992E-01 -9.91983E-01 -8.85556E-06  0.00000E+00  0.00000E+00  3.75077E-01
   316  8.21862E-03 -9.91778E-01 -9.91769E-01 -9.07667E-06  0.00000E+00  0.00000E+00  3.73296E-01
   317  8.43818E-03 -9.91558E-01 -9.91549E-01 -9.30342E-06  0.00000E+00  0.00000E+00  3.71555E-01
   318  8.66359E-03 -9.91333E-01 -9.91323E-01 -9.53595E-06  0.00000E+00  0.00000E+00  3.69853E-01
   319  8.89502E-03 -9.91101E-01 -9.91091E-01 -9.77439E-06  0.00000E+00  0.00000E+00  3.68187E-01
   320  9.13262E-03 -9.90863E-01 -9.90853E-01 -1.00189E-05  0.00000E+00  0.00000E+00  3.66557E-01
   321  9.37657E-03 -9.90619E-01 -9.90609E-01 -1.02696E-05  0.00000E+00  0.00000E+00  3.64962E-01
   322  9.62702E-03 -9.90369E-01 -9.90358E-01 -1.05267E-05  0.00000E+00  0.00000E+00  3.63400E-01
   323  9.88416E-03 -9.90112E-01 -9.90101E-01 -1.07903E-05  0.00000E+00  0.00000E+00  3.61871E-01
   324  1.01482E-02 -9.89848E-01 -9.89836E-01 -1.10606E-05  0.00000E+00  0.00000E+00  3.60373E-01
   325  1.04192E-02 -9.89576E-01 -9.89565E-01 -1.13378E-05  0.00000E+00  0.00000E+00  3.58906E-01
   326  1.06975E-02 -9.89298E-01 -9.89286E-01 -1.16220E-05  0.00000E+00  0.00000E+00  3.57468E-01
   327  1.09832E-02 -9.89012E-01 -9.89000E-01 -1.19133E-05  0.00000E+00  0.00000E+00  3.56059E-01
   328  1.12765E-02 -9.88719E-01 -9.88707E-01 -1.22121E-05  0.00000E+00  0.00000E+00  3.54677E-01
   329  1.15776E-02 -9.88418E-01 -9.88405E-01 -1.25183E-05  0.00000E+00  0.00000E+00  3.53322E-01
   330  1.18868E-02 -9.88108E-01 -9.88096E-01 -1.28323E-05  0.00000E+00  0.00000E+00  3.51992E-01
   331  1.22042E-02 -9.87791E-01 -9.87778E-01 -1.31542E-05  0.00000E+00  0.00000E+00  3.50687E-01
   332  1.25301E-02 -9.87465E-01 -9.87451E-01 -1.34843E-05  0.00000E+00  0.00000E+00  3.49405E-01
   333  1.28647E-02 -9.87130E-01 -9.87116E-01 -1.38226E-05  0.00000E+00  0.00000E+00  3.48147E-01
   334  1.32082E-02 -9.86787E-01 -9.86773E-01 -1.41694E-05  0.00000E+00  0.00000E+00  3.46910E-01
   335  1.35608E-02 -9.86434E-01 -9.86419E-01 -1.45249E-05  0.00000E+00  0.00000E+00  3.45695E-01
   336  1.39229E-02 -9.86072E-01 -9.86057E-01 -1.48893E-05  0.00000E+00  0.00000E+00  3.44499E-01
   337  1.42946E-02 -9.85700E-01 -9.85685E-01 -1.52628E-05  0.00000E+00  0.00000E+00  3.43324E-01
   338  1.46762E-02 -9.85318E-01 -9.85303E-01 -1.56457E-05  0.00000E+00  0.00000E+00  3.42167E-01
   339  1.50680E-02 -9.84927E-01 -9.84911E-01 -1.60380E-05  0.00000E+00  0.00000E+00  3.41028E-01
   340  1.54703E-02 -9.84524E-01 -9.84508E-01 -1.64402E-05  0.00000E+00  0.00000E+00  3.39906E-01
   341  1.58832E-02 -9.84111E-01 -9.84095E-01 -1.68523E-05  0.00000E+00  0.00000E+00  3.38801E-01
   342  1.63072E-02 -9.83687E-01 -9.83670E-01 -1.72747E-05  0.00000E+00  0.00000E+00  3.37711E-01
   343  1.67425E-02 -9.83252E-01 -9.83234E-01 -1.77075E-05  0.00000E+00  0.00000E+00  3.36636E-01
   344  1.71894E-02 -9.82805E-01 -9.82787E-01 -1.81511E-05  0.00000E+00  0.00000E+00  3.35575E-01
   345  1.76481E-02 -9.82347E-01 -9.82328E-01 -1.86055E-05  0.00000E+00  0.00000E+00  3.34528E-01
   346  1.81191E-02 -9.81876E-01 -9.81857E-01 -1.90712E-05  0.00000E+00  0.00000E+00  3.33493E-01
   347  1.86027E-02 -9.81392E-01 -9.81373E-01 -1.95483E-05  0.00000E+00  0.00000E+00  3.32470E-01
   348  1.90991E-02 -9.80896E-01 -9.80876E-01 -2.00371E-05  0.00000E+00  0.00000E+00  3.31459E-01
   349  1.96088E-02 -9.80386E-01 -9.80366E-01 -2.05378E-05  0.00000E+00  0.00000E+00  3.30458E-01
   350  2.01320E-02 -9.79863E-01 -9.79842E-01 -2.10508E-05  0.00000E+00  0.00000E+00  3.29468E-01
   351  2.06692E-02 -9.79326E-01 -9.79305E-01 -2.15762E-05  0.00000E+00  0.00000E+00  3.28486E-01
   352  2.12207E-02 -9.78775E-01 -9.78753E-01 -2.21144E-05  0.00000E+00  0.00000E+00  3.27514E-01
   353  2.17868E-02 -9.78209E-01 -9.78186E-01 -2.26657E-05  0.00000E+00  0.00000E+00  3.26549E-01
   354  2.23681E-02 -9.77628E-01 -9.77605E-01 -2.32302E-05  0.00000E+00  0.00000E+00  3.25592E-01
   355  2.29648E-02 -9.77031E-01 -9.77008E-01 -2.38084E-05  0.00000E+00  0.00000E+00  3.24641E-01
   356  2.35774E-02 -9.76419E-01 -9.76395E-01 -2.44005E-05  0.00000E+00  0.00000E+00  3.23697E-01
   357  2.42063E-02 -9.75791E-01 -9.75766E-01 -2.50067E-05  0.00000E+00  0.00000E+00  3.22758E-01
   358  2.48519E-02 -9.75145E-01 -9.75120E-01 -2.56274E-05  0.00000E+00  0.00000E+00  3.21824E-01
   359  2.55147E-02 -9.74483E-01 -9.74457E-01 -2.62629E-05  0.00000E+00  0.00000E+00  3.20895E-01
   360  2.61952E-02 -9.73803E-01 -9.73776E-01 -2.69135E-05  0.00000E+00  0.00000E+00  3.19969E-01
   361  2.68938E-02 -9.73105E-01 -9.73078E-01 -2.75795E-05  0.00000E+00  0.00000E+00  3.19046E-01
   362  2.76109E-02 -9.72389E-01 -9.72361E-01 -2.82612E-05  0.00000E+00  0.00000E+00  3.18126E-01
   363  2.83471E-02 -9.71653E-01 -9.71624E-01 -2.89589E-05  0.00000E+00  0.00000E+00  3.17207E-01
   364  2.91029E-02 -9.70898E-01 -9.70869E-01 -2.96729E-05  0.00000E+00  0.00000E+00  3.16290E-01
   365  2.98788E-02 -9.70123E-01 -9.70093E-01 -3.04036E-05  0.00000E+00  0.00000E+00  3.15374E-01
   366  3.06754E-02 -9.69328E-01 -9.69297E-01 -3.11512E-05  0.00000E+00  0.00000E+00  3.14458E-01
   367  3.14931E-02 -9.68511E-01 -9.68479E-01 -3.19162E-05  0.00000E+00  0.00000E+00  3.13541E-01
   368  3.23325E-02 -9.67673E-01 -9.67640E-01 -3.26988E-05  0.00000E+00  0.00000E+00  3.12624E-01
   369  3.31943E-02 -9.66813E-01 -9.66779E-01 -3.34993E-05  0.00000E+00  0.00000E+00  3.11704E-01
   370  3.40790E-02 -9.65929E-01 -9.65895E-01 -3.43181E-05  0.00000E+00  0.00000E+00  3.10783E-01
   371  3.49871E-02 -9.65023E-01 -9.64988E-01 -3.51555E-05  0.00000E+00  0.00000E+00  3.09860E-01
   372  3.59194E-02 -9.64092E-01 -9.64056E-01 -3.60119E-05  0.00000E+00  0.00000E+00  3.08932E-01
   373  3.68765E-02 -9.63137E-01 -9.63100E-01 -3.68875E-05  0.00000E+00  0.00000E+00  3.08002E-01
   374  3.78589E-02 -9.62157E-01 -9.62119E-01 -3.77828E-05  0.00000E+00  0.00000E+00  3.07066E-01
   375  3.88675E-02 -9.61151E-01 -9.61112E-01 -3.86980E-05  0.00000E+00  0.00000E+00  3.06126E-01
   376  3.99028E-02 -9.60118E-01 -9.60078E-01 -3.96335E-05  0.00000E+00  0.00000E+00  3.05181E-01
   377  4.09656E-02 -9.59058E-01 -9.59017E-01 -4.05896E-05  0.00000E+00  0.00000E+00  3.04229E-01
   378  4.20567E-02 -9.57970E-01 -9.57928E-01 -4.15667E-05  0.00000E+00  0.00000E+00  3.03271E-01
   379  4.31766E-02 -9.56853E-01 -9.56811E-01 -4.25650E-05  0.00000E+00  0.00000E+00  3.02306E-01
   380  4.43263E-02 -9.55707E-01 -9.55664E-01 -4.35849E-05  0.00000E+00  0.00000E+00  3.01333E-01
   381  4.55065E-02 -9.54531E-01 -9.54486E-01 -4.46268E-05  0.00000E+00  0.00000E+00  3.00352E-01
   382  4.67179E-02 -9.53324E-01 -9.53278E-01 -4.56909E-05  0.00000E+00  0.00000E+00  2.99362E-01
   383  4.79615E-02 -9.52085E-01 -9.52038E-01 -4.67776E-05  0.00000E+00  0.00000E+00  2.98363E-01
   384  4.92381E-02 -9.50813E-01 -9.50766E-01 -4.78872E-05  0.00000E+00  0.00000E+00  2.97354E-01
   385  5.05484E-02 -9.49509E-01 -9.49460E-01 -4.90199E-05  0.00000E+00  0.00000E+00  2.96334E-01
   386  5.18935E-02 -9.48169E-01 -9.48119E-01 -5.01762E-05  0.00000E+00  0.00000E+00  2.95304E-01
   387  5.32743E-02 -9.46795E-01 -9.46744E-01 -5.13562E-05  0.00000E+00  0.00000E+00  2.94262E-01
   388  5.46916E-02 -9.45385E-01 -9.45332E-01 -5.25603E-05  0.00000E+00  0.00000E+00  2.93208E-01
   389  5.61464E-02 -9.43938E-01 -9.43884E-01 -5.37887E-05  0.00000E+00  0.00000E+00  2.92142E-01
   390  5.76397E-02 -9.42453E-01 -9.42398E-01 -5.50418E-05  0.00000E+00  0.00000E+00  2.91062E-01
   391  5.91725E-02 -9.40929E-01 -9.40873E-01 -5.63197E-05  0.00000E+00  0.00000E+00  2.89969E-01
   392  6.07459E-02 -9.39365E-01 -9.39308E-01 -5.76227E-05  0.00000E+00  0.00000E+00  2.88861E-01
   393  6.23609E-02 -9.37761E-01 -9.37702E-01 -5.89512E-05  0.00000E+00  0.00000E+00  2.87739E-01
   394  6.40186E-02 -9.36115E-01 -9.36054E-01 -6.03051E-05  0.00000E+00  0.00000E+00  2.86602E-01
   395  6.57202E-02 -9.34426E-01 -9.34364E-01 -6.16849E-05  0.00000E+00  0.00000E+00  2.85448E-01
   396  6.74667E-02 -9.32693E-01 -9.32629E-01 -6.30907E-05  0.00000E+00  0.00000E+00  2.84278E-01
   397  6.92593E-02 -9.30914E-01 -9.30850E-01 -6.45226E-05  0.00000E+00  0.00000E+00  2.83092E-01
   398  7.10993E-02 -9.29090E-01 -9.29024E-01 -6.59808E-05  0.00000E+00  0.00000E+00  2.81888E-01
   399  7.29878E-02 -9.27219E-01 -9.27151E-01 -6.74654E-05  0.00000E+00  0.00000E+00  2.80665E-01
   400  7.49262E-02 -9.25299E-01 -9.25230E-01 -6.89766E-05  0.00000E+00  0.00000E+00  2.79425E-01
   401  7.69157E-02 -9.23329E-01 -9.23259E-01 -7.05145E-05  0.00000E+00  0.00000E+00  2.78165E-01
   402  7.89577E-02 -9.21309E-01 -9.21237E-01 -7.20790E-05  0.00000E+00  0.00000E+00  2.76886E-01
   403  8.10536E-02 -9.19236E-01 -9.19162E-01 -7.36704E-05  0.00000E+00  0.00000E+00  2.75586E-01
   404  8.32047E-02 -9.17110E-01 -9.17035E-01 -7.52885E-05  0.00000E+00  0.00000E+00  2.74266E-01
   405  8.54124E-02 -9.14930E-01 -9.14853E-01 -7.69334E-05  0.00000E+00  0.00000E+00  2.72925E-01
   406  8.76783E-02 -9.12693E-01 -9.12615E-01 -7.86049E-05  0.00000E+00  0.00000E+00  2.71562E-01
   407  9.00039E-02 -9.10399E-01 -9.10319E-01 -8.03032E-05  0.00000E+00  0.00000E+00  2.70177E-01
   408  9.23907E-02 -9.08047E-01 -9.07965E-01 -8.20279E-05  0.00000E+00  0.00000E+00  2.68770E-01
   409  9.48402E-02 -9.05634E-01 -9.05550E-01 -8.37791E-05  0.00000E+00  0.00000E+00  2.67339E-01
   410  9.73541E-02 -9.03160E-01 -9.03075E-01 -8.55564E-05  0.00000E+00  0.00000E+00  2.65885E-01
   411  9.99342E-02 -9.00623E-01 -9.00536E-01 -8.73598E-05  0.00000E+00  0.00000E+00  2.64406E-01
   412  1.02582E-01 -8.98022E-01 -8.97933E-01 -8.91888E-05  0.00000E+00  0.00000E+00  2.62903E-01
   413  1.05299E-01 -8.95355E-01 -8.95264E-01 -9.10432E-05  0.00000E+00  0.00000E+00  2.61375E-01
   414  1.08088E-01 -8.92620E-01 -8.92528E-01 -9.29227E-05  0.00000E+00  0.00000E+00  2.59821E-01
   415  1.10950E-01 -8.89817E-01 -8.89722E-01 -9.48268E-05  0.00000E+00  0.00000E+00  2.58241E-01
   416  1.13887E-01 -8.86943E-01 -8.86846E-01 -9.67551E-05  0.00000E+00  0.00000E+00  2.56635E-01
   417  1.16900E-01 -8.83997E-01 -8.83899E-01 -9.87071E-05  0.00000E+00  0.00000E+00  2.55002E-01
   418  1.19993E-01 -8.80978E-01 -8.80877E-01 -1.00682E-04  0.00000E+00  0.00000E+00  2.53341E-01
   419  1.23167E-01 -8.77883E-01 -8.77780E-01 -1.02680E-04  0.00000E+00  0.00000E+00  2.51653E-01
   420  1.26424E-01 -8.74711E-01 -8.74606E-01 -1.04699E-04  0.00000E+00  0.00000E+00  2.49937E-01
   421  1.29766E-01 -8.71461E-01 -8.71354E-01 -1.06739E-04  0.00000E+00  0.00000E+00  2.48192E-01
   422  1.33195E-01 -8.68130E-01 -8.68021E-01 -1.08800E-04  0.00000E+00  0.00000E+00  2.46418E-01
   423  1.36714E-01 -8.64717E-01 -8.64606E-01 -1.10880E-04  0.00000E+00  0.00000E+00  2.44616E-01
   424  1.40325E-01 -8.61221E-01 -8.61108E-01 -1.12978E-04  0.00000E+00  0.00000E+00  2.42783E-01
   425  1.44030E-01 -8.57639E-01 -8.57524E-01 -1.15094E-04  0.00000E+00  0.00000E+00  2.40921E-01
   426  1.47831E-01 -8.53970E-01 -8.53852E-01 -1.17226E-04  0.00000E+00  0.00000E+00  2.39029E-01
   427  1.51732E-01 -8.50212E-01 -8.50092E-01 -1.19373E-04  0.00000E+00  0.00000E+00  2.37106E-01
   428  1.55734E-01 -8.46363E-01 -8.46241E-01 -1.21534E-04  0.00000E+00  0.00000E+00  2.35153E-01
   429  1.59840E-01 -8.42422E-01 -8.42298E-01 -1.23708E-04  0.00000E+00  0.00000E+00  2.33169E-01
   430  1.64053E-01 -8.38386E-01 -8.38260E-01 -1.25892E-04  0.00000E+00  0.00000E+00  2.31154E-01
   431  1.68376E-01 -8.34254E-01 -8.34126E-01 -1.28086E-04  0.00000E+00  0.00000E+00  2.29107E-01
   432  1.72811E-01 -8.30024E-01 -8.29894E-01 -1.30289E-04  0.00000E+00  0.00000E+00  2.27029E-01
   433  1.77361E-01 -8.25695E-01 -8.25562E-01 -1.32497E-04  0.00000E+00  0.00000E+00  2.24920E-01
   434  1.82028E-01 -8.21264E-01 -8.21129E-01 -1.34710E-04  0.00000E+00  0.00000E+00  2.22779E-01
   435  1.86817E-01 -8.16730E-01 -8.16593E-01 -1.36926E-04  0.00000E+00  0.00000E+00  2.20606E-01
   436  1.91730E-01 -8.12090E-01 -8.11951E-01 -1.39143E-04  0.00000E+00  0.00000E+00  2.18402E-01
   437  1.96770E-01 -8.07344E-01 -8.07203E-01 -1.41358E-04  0.00000E+00  0.00000E+00  2.16165E-01
   438  2.01940E-01 -8.02490E-01 -8.02346E-01 -1.43570E-04  0.00000E+00  0.00000E+00  2.13898E-01
   439  2.07243E-01 -7.97524E-01 -7.97379E-01 -1.45776E-04  0.00000E+00  0.00000E+00  2.11598E-01
   440  2.12683E-01 -7.92447E-01 -7.92299E-01 -1.47973E-04  0.00000E+00  0.00000E+00  2.09267E-01
   441  2.18264E-01 -7.87257E-01 -7.87106E-01 -1.50161E-04  0.00000E+00  0.00000E+00  2.06905E-01
   442  2.23988E-01 -7.81950E-01 -7.81798E-01 -1.52335E-04  0.00000E+00  0.00000E+00  2.04512E-01
   443  2.29859E-01 -7.76527E-01 -7.76373E-01 -1.54494E-04  0.00000E+00  0.00000E+00  2.02088E-01
   444  2.35882E-01 -7.70986E-01 -7.70829E-01 -1.56634E-04  0.00000E+00  0.00000E+00  1.99633E-01
   445  2.42058E-01 -7.65324E-01 -7.65165E-01 -1.58753E-04  0.00000E+00  0.00000E+00  1.97148E-01
   446  2.48394E-01 -7.59541E-01 -7.59380E-01 -1.60847E-04  0.00000E+00  0.00000E+00  1.94633E-01
   447  2.54891E-01 -7.53635E-01 -7.53472E-01 -1.62914E-04  0.00000E+00  0.00000E+00  1.92089E-01
   448  2.61555E-01 -7.47605E-01 -7.47440E-01 -1.64951E-04  0.00000E+00  0.00000E+00  1.89516E-01
   449  2.68389E-01 -7.41449E-01 -7.41282E-01 -1.66955E-04  0.00000E+00  0.00000E+00  1.86914E-01
   450  2.75398E-01 -7.35166E-01 -7.34997E-01 -1.68921E-04  0.00000E+00  0.00000E+00  1.84284E-01
   451  2.82585E-01 -7.28756E-01 -7.28585E-01 -1.70847E-04  0.00000E+00  0.00000E+00  1.81628E-01
   452  2.89955E-01 -7.22217E-01 -7.22045E-01 -1.72729E-04  0.00000E+00  0.00000E+00  1.78944E-01
   453  2.97513E-01 -7.15549E-01 -7.15374E-01 -1.74564E-04  0.00000E+00  0.00000E+00  1.76235E-01
   454  3.05263E-01 -7.08750E-01 -7.08574E-01 -1.76348E-04  0.00000E+00  0.00000E+00  1.73501E-01
   455  3.13209E-01 -7.01820E-01 -7.01642E-01 -1.78077E-04  0.00000E+00  0.00000E+00  1.70743E-01
   456  3.21357E-01 -6.94758E-01 -6.94578E-01 -1.79748E-04  0.00000E+00  0.00000E+00  1.67961E-01
   457  3.29710E-01 -6.87565E-01 -6.87383E-01 -1.81357E-04  0.00000E+00  0.00000E+00  1.65157E-01
   458  3.38275E-01 -6.80239E-01 -6.80056E-01 -1.82900E-04  0.00000E+00  0.00000E+00  1.62332E-01
   459  3.47056E-01 -6.72780E-01 -6.72596E-01 -1.84373E-04  0.00000E+00  0.00000E+00  1.59487E-01
   460  3.56059E-01 -6.65190E-01 -6.65004E-01 -1.85773E-04  0.00000E+00  0.00000E+00  1.56623E-01
   461  3.65287E-01 -6.57467E-01 -6.57280E-01 -1.87094E-04  0.00000E+00  0.00000E+00  1.53742E-01
   462  3.74748E-01 -6.49612E-01 -6.49424E-01 -1.88335E-04  0.00000E+00  0.00000E+00  1.50843E-01
   463  3.84445E-01 -6.41627E-01 -6.41437E-01 -1.89490E-04  0.00000E+00  0.00000E+00  1.47930E-01
   464  3.94386E-01 -6.33511E-01 -6.33320E-01 -1.90555E-04  0.00000E+00  0.00000E+00  1.45003E-01
   465  4.04575E-01 -6.25266E-01 -6.25074E-01 -1.91528E-04  0.00000E+00  0.00000E+00  1.42063E-01
   466  4.15018E-01 -6.16893E-01 -6.16700E-01 -1.92404E-04  0.00000E+00  0.00000E+00  1.39113E-01
   467  4.25721E-01 -6.08393E-01 -6.08200E-01 -1.93179E-04  0.00000E+00  0.00000E+00  1.36153E-01
   468  4.36691E-01 -5.99768E-01 -5.99575E-01 -1.93849E-04  0.00000E+00  0.00000E+00  1.33186E-01
   469  4.47932E-01 -5.91021E-01 -5.90826E-01 -1.94412E-04  0.00000E+00  0.00000E+00  1.30213E-01
   470  4.59453E-01 -5.82153E-01 -5.81958E-01 -1.94863E-04  0.00000E+00  0.00000E+00  1.27236E-01
   471  4.71257E-01 -5.73166E-01 -5.72971E-01 -1.95200E-04  0.00000E+00  0.00000E+00  1.24256E-01
   472  4.83354E-01 -5.64064E-01 -5.63869E-01 -1.95418E-04  0.00000E+00  0.00000E+00  1.21276E-01
   473  4.95748E-01 -5.54850E-01 -5.54654E-01 -1.95516E-04  0.00000E+00  0.00000E+00  1.18297E-01
   474  5.08447E-01 -5.45526E-01 -5.45330E-01 -1.95489E-04  0.00000E+00  0.00000E+00  1.15321E-01
   475  5.21457E-01 -5.36097E-01 -5.35901E-01 -1.95335E-04  0.00000E+00  0.00000E+00  1.12350E-01
   476  5.34785E-01 -5.26566E-01 -5.26371E-01 -1.95052E-04  0.00000E+00  0.00000E+00  1.09386E-01
   477  5.48439E-01 -5.16937E-01 -5.16743E-01 -1.94638E-04  0.00000E+00  0.00000E+00  1.06431E-01
   478  5.62426E-01 -5.07216E-01 -5.07022E-01 -1.94090E-04  0.00000E+00  0.00000E+00  1.03488E-01
   479  5.76753E-01 -4.97407E-01 -4.97213E-01 -1.93406E-04  0.00000E+00  0.00000E+00  1.00557E-01
   480  5.91427E-01 -4.87515E-01 -4.87322E-01 -1.92585E-04  0.00000E+00  0.00000E+00  9.76422E-02
   481  6.06456E-01 -4.77545E-01 -4.77353E-01 -1.91626E-04  0.00000E+00  0.00000E+00  9.47445E-02
   482  6.21847E-01 -4.67503E-01 -4.67313E-01 -1.90528E-04  0.00000E+00  0.00000E+00  9.18663E-02
   483  6.37610E-01 -4.57396E-01 -4.57207E-01 -1.89289E-04  0.00000E+00  0.00000E+00  8.90097E-02
   484  6.53750E-01 -4.47230E-01 -4.47042E-01 -1.87911E-04  0.00000E+00  0.00000E+00  8.61769E-02
   485  6.70277E-01 -4.37012E-01 -4.36825E-01 -1.86392E-04  0.00000E+00  0.00000E+00  8.33698E-02
   486  6.87199E-01 -4.26748E-01 -4.26563E-01 -1.84733E-04  0.00000E+00  0.00000E+00  8.05907E-02
   487  7.04524E-01 -4.16446E-01 -4.16263E-01 -1.82936E-04  0.00000E+00  0.00000E+00  7.78416E-02
   488  7.22260E-01 -4.06113E-01 -4.05932E-01 -1.81001E-04  0.00000E+00  0.00000E+00  7.51245E-02
   489  7.40416E-01 -3.95758E-01 -3.95579E-01 -1.78929E-04  0.00000E+00  0.00000E+00  7.24415E-02
   490  7.59001E-01 -3.85388E-01 -3.85211E-01 -1.76723E-04  0.00000E+00  0.00000E+00  6.97945E-02
   491  7.78023E-01 -3.75012E-01 -3.74838E-01 -1.74386E-04  0.00000E+00  0.00000E+00  6.71856E-02
   492  7.97492E-01 -3.64639E-01 -3.64467E-01 -1.71919E-04  0.00000E+00  0.00000E+00  6.46165E-02
   493  8.17416E-01 -3.54277E-01 -3.54108E-01 -1.69326E-04  0.00000E+00  0.00000E+00  6.20892E-02
   494  8.37804E-01 -3.43936E-01 -3.43769E-01 -1.66611E-04  0.00000E+00  0.00000E+00  5.96054E-02
   495  8.58667E-01 -3.33624E-01 -3.33460E-01 -1.63778E-04  0.00000E+00  0.00000E+00  5.71668E-02
   496  8.80012E-01 -3.23351E-01 -3.23190E-01 -1.60830E-04  0.00000E+00  0.00000E+00  5.47751E-02
   497  9.01851E-01 -3.13126E-01 -3.12968E-01 -1.57774E-04  0.00000E+00  0.00000E+00  5.24319E-02
   498  9.24192E-01 -3.02960E-01 -3.02805E-01 -1.54613E-04  0.00000E+00  0.00000E+00  5.01385E-02
   499  9.47044E-01 -2.92861E-01 -2.92709E-01 -1.51355E-04  0.00000E+00  0.00000E+00  4.78964E-02
   500  9.70419E-01 -2.82839E-01 -2.82691E-01 -1.48003E-04  0.00000E+00  0.00000E+00  4.57069E-02
   501  9.94326E-01 -2.72904E-01 -2.72759E-01 -1.44566E-04  0.00000E+00  0.00000E+00  4.35712E-02
   502  1.01877E+00 -2.63066E-01 -2.62925E-01 -1.41049E-04  0.00000E+00  0.00000E+00  4.14903E-02
   503  1.04377E+00 -2.53334E-01 -2.53196E-01 -1.37459E-04  0.00000E+00  0.00000E+00  3.94652E-02
   504  1.06934E+00 -2.43717E-01 -2.43583E-01 -1.33804E-04  0.00000E+00  0.00000E+00  3.74969E-02
   505  1.09547E+00 -2.34226E-01 -2.34096E-01 -1.30091E-04  0.00000E+00  0.00000E+00  3.55859E-02
   506  1.12219E+00 -2.24868E-01 -2.24742E-01 -1.26327E-04  0.00000E+00  0.00000E+00  3.37331E-02
   507  1.14950E+00 -2.15654E-01 -2.15532E-01 -1.22520E-04  0.00000E+00  0.00000E+00  3.19388E-02
   508  1.17742E+00 -2.06592E-01 -2.06473E-01 -1.18678E-04  0.00000E+00  0.00000E+00  3.02034E-02
   509  1.20595E+00 -1.97690E-01 -1.97575E-01 -1.14810E-04  0.00000E+00  0.00000E+00  2.85273E-02
   510  1.23510E+00 -1.88956E-01 -1.88845E-01 -1.10923E-04  0.00000E+00  0.00000E+00  2.69106E-02
   511  1.26489E+00 -1.80398E-01 -1.80291E-01 -1.07025E-04  0.00000E+00  0.00000E+00  2.53532E-02
   512  1.29533E+00 -1.72024E-01 -1.71921E-01 -1.03125E-04  0.00000E+00  0.00000E+00  2.38550E-02
   513  1.32643E+00 -1.63841E-01 -1.63741E-01 -9.92312E-05  0.00000E+00  0.00000E+00  2.24159E-02
   514  1.35820E+00 -1.55854E-01 -1.55759E-01 -9.53512E-05  0.00000E+00  0.00000E+00  2.10355E-02
   515  1.39064E+00 -1.48071E-01 -1.47979E-01 -9.14931E-05  0.00000E+00  0.00000E+00  1.97132E-02
   516  1.42378E+00 -1.40496E-01 -1.40408E-01 -8.76646E-05  0.00000E+00  0.00000E+00  1.84486E-02
   517  1.45762E+00 -1.33134E-01 -1.33051E-01 -8.38735E-05  0.00000E+00  0.00000E+00  1.72408E-02
   518  1.49217E+00 -1.25991E-01 -1.25911E-01 -8.01270E-05  0.00000E+00  0.00000E+00  1.60892E-02
   519  1.52745E+00 -1.19070E-01 -1.18993E-01 -7.64323E-05  0.00000E+00  0.00000E+00  1.49927E-02
   520  1.56346E+00 -1.12373E-01 -1.12300E-01 -7.27961E-05  0.00000E+00  0.00000E+00  1.39505E-02
   521  1.60022E+00 -1.05905E-01 -1.05835E-01 -6.92251E-05  0.00000E+00  0.00000E+00  1.29613E-02
   522  1.63774E+00 -9.96659E-02 -9.96002E-02 -6.57252E-05  0.00000E+00  0.00000E+00  1.20240E-02
   523  1.67603E+00 -9.36584E-02 -9.35961E-02 -6.23022E-05  0.00000E+00  0.00000E+00  1.11374E-02
   524  1.71510E+00 -8.78829E-02 -8.78240E-02 -5.89614E-05  0.00000E+00  0.00000E+00  1.03000E-02
   525  1.75496E+00 -8.23397E-02 -8.22840E-02 -5.57076E-05  0.00000E+00  0.00000E+00  9.51050E-03
   526  1.79563E+00 -7.70282E-02 -7.69757E-02 -5.25453E-05  0.00000E+00  0.00000E+00  8.76744E-03
   527  1.83711E+00 -7.19476E-02 -7.18981E-02 -4.94784E-05  0.00000E+00  0.00000E+00  8.06928E-03
   528  1.87941E+00 -6.70960E-02 -6.70495E-02 -4.65104E-05  0.00000E+00  0.00000E+00  7.41446E-03
   529  1.92256E+00 -6.24713E-02 -6.24277E-02 -4.36442E-05  0.00000E+00  0.00000E+00  6.80139E-03
   530  1.96655E+00 -5.80708E-02 -5.80299E-02 -4.08822E-05  0.00000E+00  0.00000E+00  6.22844E-03
   531  2.01140E+00 -5.38911E-02 -5.38529E-02 -3.82265E-05  0.00000E+00  0.00000E+00  5.69396E-03
   532  2.05712E+00 -4.99284E-02 -4.98927E-02 -3.56786E-05  0.00000E+00  0.00000E+00  5.19631E-03
   533  2.10372E+00 -4.61784E-02 -4.61452E-02 -3.32393E-05  0.00000E+00  0.00000E+00  4.73380E-03
   534  2.15121E+00 -4.26365E-02 -4.26055E-02 -3.09093E-05  0.00000E+00  0.00000E+00  4.30477E-03
   535  2.19961E+00 -3.92973E-02 -3.92686E-02 -2.86885E-05  0.00000E+00  0.00000E+00  3.90757E-03
   536  2.24892E+00 -3.61554E-02 -3.61289E-02 -2.65766E-05  0.00000E+00  0.00000E+00  3.54054E-03
   537  2.29915E+00 -3.32050E-02 -3.31804E-02 -2.45728E-05  0.00000E+00  0.00000E+00  3.20206E-03
   538  2.35032E+00 -3.04398E-02 -3.04171E-02 -2.26759E-05  0.00000E+00  0.00000E+00  2.89054E-03
   539  2.40243E+00 -2.78534E-02 -2.78326E-02 -2.08842E-05  0.00000E+00  0.00000E+00  2.60439E-03
   540  2.45550E+00 -2.54392E-02 -2.54200E-02 -1.91958E-05  0.00000E+00  0.00000E+00  2.34210E-03
   541  2.50953E+00 -2.31904E-02 -2.31728E-02 -1.76084E-05  0.00000E+00  0.00000E+00  2.10216E-03
   542  2.56454E+00 -2.10999E-02 -2.10838E-02 -1.61194E-05  0.00000E+00  0.00000E+00  1.88312E-03
   543  2.62054E+00 -1.91607E-02 -1.91460E-02 -1.47261E-05  0.00000E+00  0.00000E+00  1.68358E-03
   544  2.67753E+00 -1.73657E-02 -1.73522E-02 -1.34253E-05  0.00000E+00  0.00000E+00  1.50220E-03
   545  2.73553E+00 -1.57076E-02 -1.56954E-02 -1.22138E-05  0.00000E+00  0.00000E+00  1.33766E-03
   546  2.79454E+00 -1.41795E-02 -1.41684E-02 -1.10881E-05  0.00000E+00  0.00000E+00  1.18874E-03
   547  2.85457E+00 -1.27742E-02 -1.27641E-02 -1.00447E-05  0.00000E+00  0.00000E+00  1.05423E-03
   548  2.91564E+00 -1.14846E-02 -1.14755E-02 -9.07997E-06  0.00000E+00  0.00000E+00  9.33014E-04
   549  2.97774E+00 -1.03039E-02 -1.02957E-02 -8.19006E-06  0.00000E+00  0.00000E+00  8.24018E-04
   550  3.04090E+00 -9.22539E-03 -9.21802E-03 -7.37120E-06  0.00000E+00  0.00000E+00  7.26227E-04
   551  3.10512E+00 -8.24237E-03 -8.23575E-03 -6.61958E-06  0.00000E+00  0.00000E+00  6.38687E-04
   552  3.17041E+00 -7.34848E-03 -7.34255E-03 -5.93138E-06  0.00000E+00  0.00000E+00  5.60502E-04
   553  3.23677E+00 -6.53751E-03 -6.53220E-03 -5.30282E-06  0.00000E+00  0.00000E+00  4.90831E-04
   554  3.30421E+00 -5.80348E-03 -5.79875E-03 -4.73018E-06  0.00000E+00  0.00000E+00  4.28890E-04
   555  3.37275E+00 -5.14066E-03 -5.13645E-03 -4.20978E-06  0.00000E+00  0.00000E+00  3.73948E-04
   556  3.44238E+00 -4.54355E-03 -4.53981E-03 -3.73806E-06  0.00000E+00  0.00000E+00  3.25329E-04
   557  3.51312E+00 -4.00692E-03 -4.00361E-03 -3.31155E-06  0.00000E+00  0.00000E+00  2.82406E-04
   558  3.58498E+00 -3.52580E-03 -3.52287E-03 -2.92690E-06  0.00000E+00  0.00000E+00  2.44601E-04
   559  3.65795E+00 -3.09549E-03 -3.09291E-03 -2.58090E-06  0.00000E+00  0.00000E+00  2.11382E-04
   560  3.73205E+00 -2.71156E-03 -2.70929E-03 -2.27046E-06  0.00000E+00  0.00000E+00  1.82264E-04
   561  3.80728E+00 -2.36986E-03 -2.36786E-03 -1.99264E-06  0.00000E+00  0.00000E+00  1.56801E-04
   562  3.88366E+00 -2.06647E-03 -2.06473E-03 -1.74467E-06  0.00000E+00  0.00000E+00  1.34589E-04
   563  3.96118E+00 -1.79778E-03 -1.79625E-03 -1.52392E-06  0.00000E+00  0.00000E+00  1.15259E-04
   564  4.03985E+00 -1.56040E-03 -1.55907E-03 -1.32791E-06  0.00000E+00  0.00000E+00  9.84778E-05
   565  4.11967E+00 -1.35122E-03 -1.35006E-03 -1.15432E-06  0.00000E+00  0.00000E+00  8.39459E-05
   566  4.20066E+00 -1.16734E-03 -1.16634E-03 -1.00100E-06  0.00000E+00  0.00000E+00  7.13924E-05
   567  4.28281E+00 -1.00611E-03 -1.00524E-03 -8.65934E-07  0.00000E+00  0.00000E+00  6.05748E-05
   568  4.36613E+00 -8.65102E-04 -8.64355E-04 -7.47268E-07  0.00000E+00  0.00000E+00  5.12761E-05
   569  4.45063E+00 -7.42092E-04 -7.41449E-04 -6.43285E-07  0.00000E+00  0.00000E+00  4.33029E-05
   570  4.53631E+00 -6.35056E-04 -6.34504E-04 -5.52412E-07  0.00000E+00  0.00000E+00  3.64834E-05
   571  4.62317E+00 -5.42159E-04 -5.41685E-04 -4.73207E-07  0.00000E+00  0.00000E+00  3.06653E-05
   572  4.71121E+00 -4.61739E-04 -4.61335E-04 -4.04357E-07  0.00000E+00  0.00000E+00  2.57139E-05
   573  4.80045E+00 -3.92301E-04 -3.91957E-04 -3.44669E-07  0.00000E+00  0.00000E+00  2.15107E-05
   574  4.89088E+00 -3.32500E-04 -3.32207E-04 -2.93061E-07  0.00000E+00  0.00000E+00  1.79517E-05
   575  4.98250E+00 -2.81132E-04 -2.80884E-04 -2.48561E-07  0.00000E+00  0.00000E+00  1.49458E-05
   576  5.07532E+00 -2.37122E-04 -2.36912E-04 -2.10292E-07  0.00000E+00  0.00000E+00  1.24135E-05
   577  5.16935E+00 -1.99515E-04 -1.99337E-04 -1.77470E-07  0.00000E+00  0.00000E+00  1.02855E-05
   578  5.26457E+00 -1.67462E-04 -1.67312E-04 -1.49396E-07  0.00000E+00  0.00000E+00  8.50180E-06
   579  5.36100E+00 -1.40214E-04 -1.40089E-04 -1.25448E-07  0.00000E+00  0.00000E+00  7.01055E-06
   580  5.45863E+00 -1.17113E-04 -1.17008E-04 -1.05074E-07  0.00000E+00  0.00000E+00  5.76696E-06
   581  5.55747E+00 -9.75775E-05 -9.74897E-05 -8.77882E-08  0.00000E+00  0.00000E+00  4.73254E-06
   582  5.65751E+00 -8.11010E-05 -8.10278E-05 -7.31616E-08  0.00000E+00  0.00000E+00  3.87430E-06
   583  5.75877E+00 -6.72408E-05 -6.71800E-05 -6.08187E-08  0.00000E+00  0.00000E+00  3.16405E-06
   584  5.86123E+00 -5.56121E-05 -5.55617E-05 -5.04309E-08  0.00000E+00  0.00000E+00  2.57776E-06
   585  5.96490E+00 -4.58812E-05 -4.58395E-05 -4.17121E-08  0.00000E+00  0.00000E+00  2.09505E-06
   586  6.06978E+00 -3.77598E-05 -3.77254E-05 -3.44139E-08  0.00000E+00  0.00000E+00  1.69862E-06
   587  6.17586E+00 -3.09993E-05 -3.09710E-05 -2.83212E-08  0.00000E+00  0.00000E+00  1.37388E-06
   588  6.28316E+00 -2.53865E-05 -2.53633E-05 -2.32485E-08  0.00000E+00  0.00000E+00  1.10854E-06
   589  6.39166E+00 -2.07388E-05 -2.07198E-05 -1.90365E-08  0.00000E+00  0.00000E+00  8.92298E-07
   590  6.50136E+00 -1.69003E-05 -1.68847E-05 -1.55485E-08  0.00000E+00  0.00000E+00  7.16506E-07
   591  6.61227E+00 -1.37383E-05 -1.37256E-05 -1.26677E-08  0.00000E+00  0.00000E+00  5.73963E-07
   592  6.72438E+00 -1.11405E-05 -1.11302E-05 -1.02949E-08  0.00000E+00  0.00000E+00  4.58674E-07
   593  6.83769E+00 -9.01171E-06 -9.00336E-06 -8.34555E-09  0.00000E+00  0.00000E+00  3.65663E-07
   594  6.95220E+00 -7.27183E-06 -7.26508E-06 -6.74845E-09  0.00000E+00  0.00000E+00  2.90815E-07
   595  7.06791E+00 -5.85350E-06 -5.84806E-06 -5.44339E-09  0.00000E+00  0.00000E+00  2.30735E-07
   596  7.18481E+00 -4.70029E-06 -4.69591E-06 -4.37980E-09  0.00000E+00  0.00000E+00  1.82631E-07
   597  7.30290E+00 -3.76507E-06 -3.76155E-06 -3.51528E-09  0.00000E+00  0.00000E+00  1.44211E-07
   598  7.42218E+00 -3.00858E-06 -3.00577E-06 -2.81442E-09  0.00000E+00  0.00000E+00  1.13604E-07
   599  7.54264E+00 -2.39825E-06 -2.39600E-06 -2.24773E-09  0.00000E+00  0.00000E+00  8.92805E-08
   600  7.66429E+00 -1.90710E-06 -1.90531E-06 -1.79073E-09  0.00000E+00  0.00000E+00  6.99992E-08
   601  7.78712E+00 -1.51287E-06 -1.51144E-06 -1.42314E-09  0.00000E+00  0.00000E+00  5.47527E-08
   602  7.91112E+00 -1.19723E-06 -1.19611E-06 -1.12824E-09  0.00000E+00  0.00000E+00  4.27265E-08
   603  8.03629E+00 -9.45176E-07 -9.44284E-07 -8.92263E-10  0.00000E+00  0.00000E+00  3.32638E-08
   604  8.16263E+00 -7.44396E-07 -7.43693E-07 -7.03927E-10  0.00000E+00  0.00000E+00  2.58364E-08
   605  8.29014E+00 -5.84867E-07 -5.84313E-07 -5.53999E-10  0.00000E+00  0.00000E+00  2.00209E-08
   606  8.41880E+00 -4.58432E-07 -4.57997E-07 -4.34951E-10  0.00000E+00  0.00000E+00  1.54784E-08
   607  8.54862E+00 -3.58476E-07 -3.58136E-07 -3.40664E-10  0.00000E+00  0.00000E+00  1.19389E-08
   608  8.67959E+00 -2.79653E-07 -2.79387E-07 -2.66177E-10  0.00000E+00  0.00000E+00  9.18770E-09
   609  8.81170E+00 -2.17647E-07 -2.17440E-07 -2.07481E-10  0.00000E+00  0.00000E+00  7.05428E-09
   610  8.94496E+00 -1.68993E-07 -1.68832E-07 -1.61343E-10  0.00000E+00  0.00000E+00  5.40391E-09
   611  9.07935E+00 -1.30909E-07 -1.30783E-07 -1.25169E-10  0.00000E+00  0.00000E+00  4.13026E-09
   612  9.21487E+00 -1.01171E-07 -1.01074E-07 -9.68766E-11  0.00000E+00  0.00000E+00  3.14967E-09
   613  9.35151E+00 -7.80079E-08 -7.79331E-08 -7.48034E-11  0.00000E+00  0.00000E+00  2.39649E-09
   614  9.48928E+00 -6.00093E-08 -5.99517E-08 -5.76249E-11  0.00000E+00  0.00000E+00  1.81933E-09
   615  9.62816E+00 -4.60576E-08 -4.60133E-08 -4.42884E-11  0.00000E+00  0.00000E+00  1.37810E-09
   616  9.76815E+00 -3.52689E-08 -3.52349E-08 -3.39598E-11  0.00000E+00  0.00000E+00  1.04157E-09
   617  9.90924E+00 -2.69460E-08 -2.69200E-08 -2.59802E-11  0.00000E+00  0.00000E+00  7.85484E-10
   618  1.00514E+01 -2.05407E-08 -2.05209E-08 -1.98301E-11  0.00000E+00  0.00000E+00  5.91062E-10
   619  1.01947E+01 -1.56228E-08 -1.56077E-08 -1.51015E-11  0.00000E+00  0.00000E+00  4.43793E-10
   620  1.03391E+01 -1.18557E-08 -1.18443E-08 -1.14745E-11  0.00000E+00  0.00000E+00  3.32495E-10
   621  1.04845E+01 -8.97703E-09 -8.96833E-09 -8.69895E-12  0.00000E+00  0.00000E+00  2.48573E-10
   622  1.06310E+01 -6.78226E-09 -6.77568E-09 -6.58006E-12  0.00000E+00  0.00000E+00  1.85434E-10
   623  1.07786E+01 -5.11282E-09 -5.10786E-09 -4.96623E-12  0.00000E+00  0.00000E+00  1.38038E-10
   624  1.09273E+01 -3.84589E-09 -3.84215E-09 -3.73993E-12  0.00000E+00  0.00000E+00  1.02539E-10
   625  1.10770E+01 -2.88660E-09 -2.88379E-09 -2.81026E-12  0.00000E+00  0.00000E+00  7.60082E-11
   626  1.12277E+01 -2.16191E-09 -2.15981E-09 -2.10707E-12  0.00000E+00  0.00000E+00  5.62243E-11
   627  1.13795E+01 -1.61568E-09 -1.61410E-09 -1.57641E-12  0.00000E+00  0.00000E+00  4.15033E-11
   628  1.15323E+01 -1.20488E-09 -1.20371E-09 -1.17686E-12  0.00000E+00  0.00000E+00  3.05734E-11
   629  1.16862E+01 -8.96629E-10 -8.95752E-10 -8.76694E-13  0.00000E+00  0.00000E+00  2.24756E-11
   630  1.18410E+01 -6.65831E-10 -6.65179E-10 -6.51699E-13  0.00000E+00  0.00000E+00  1.64889E-11
   631  1.19969E+01 -4.93407E-10 -4.92923E-10 -4.83423E-13  0.00000E+00  0.00000E+00  1.20724E-11
   632  1.21538E+01 -3.64873E-10 -3.64515E-10 -3.57845E-13  0.00000E+00  0.00000E+00  8.82099E-12
   633  1.23117E+01 -2.69265E-10 -2.69001E-10 -2.64336E-13  0.00000E+00  0.00000E+00  6.43240E-12
   634  1.24706E+01 -1.98301E-10 -1.98106E-10 -1.94858E-13  0.00000E+00  0.00000E+00  4.68129E-12
   635  1.26305E+01 -1.45742E-10 -1.45599E-10 -1.43346E-13  0.00000E+00  0.00000E+00  3.40017E-12
   636  1.27913E+01 -1.06897E-10 -1.06791E-10 -1.05236E-13  0.00000E+00  0.00000E+00  2.46482E-12
   637  1.29531E+01 -7.82472E-11 -7.81701E-11 -7.71017E-14  0.00000E+00  0.00000E+00  1.78330E-12
   638  1.31159E+01 -5.71617E-11 -5.71053E-11 -5.63751E-14  0.00000E+00  0.00000E+00  1.28773E-12
   639  1.32797E+01 -4.16754E-11 -4.16343E-11 -4.11379E-14  0.00000E+00  0.00000E+00  9.28089E-13
   640  1.34444E+01 -3.03248E-11 -3.02949E-11 -2.99595E-14  0.00000E+00  0.00000E+00  6.67619E-13
   641  1.36101E+01 -2.20225E-11 -2.20007E-11 -2.17757E-14  0.00000E+00  0.00000E+00  4.79343E-13
   642  1.37766E+01 -1.59622E-11 -1.59464E-11 -1.57964E-14  0.00000E+00  0.00000E+00  3.43518E-13
   643  1.39442E+01 -1.15473E-11 -1.15359E-11 -1.14367E-14  0.00000E+00  0.00000E+00  2.45722E-13
   644  1.41126E+01 -8.33749E-12 -8.32923E-12 -8.26433E-15  0.00000E+00  0.00000E+00  1.75443E-13
   645  1.42820E+01 -6.00838E-12 -6.00242E-12 -5.96051E-15  0.00000E+00  0.00000E+00  1.25035E-13
   646  1.44522E+01 -4.32184E-12 -4.31755E-12 -4.29076E-15  0.00000E+00  0.00000E+00  8.89477E-14
   647  1.46234E+01 -3.10283E-12 -3.09974E-12 -3.08296E-15  0.00000E+00  0.00000E+00  6.31618E-14
   648  1.47955E+01 -2.22343E-12 -2.22122E-12 -2.21100E-15  0.00000E+00  0.00000E+00  4.47709E-14
   649  1.49684E+01 -1.59042E-12 -1.58884E-12 -1.58273E-15  0.00000E+00  0.00000E+00  3.16785E-14
   650  1.51423E+01 -1.13545E-12 -1.13431E-12 -1.13090E-15  0.00000E+00  0.00000E+00  2.23752E-14
   651  1.53170E+01 -8.09160E-13 -8.08353E-13 -8.06581E-16  0.00000E+00  0.00000E+00  1.57765E-14
   652  1.54926E+01 -5.75670E-13 -5.75096E-13 -5.74231E-16  0.00000E+00  0.00000E+00  1.11045E-14
   653  1.56690E+01 -4.08748E-13 -4.08340E-13 -4.08080E-16  0.00000E+00  0.00000E+00  7.80257E-15
   654  1.58463E+01 -2.89614E-13 -2.89324E-13 -2.89487E-16  0.00000E+00  0.00000E+00  5.47313E-15
   655  1.60245E+01 -2.04819E-13 -2.04614E-13 -2.04996E-16  0.00000E+00  0.00000E+00  3.83263E-15
   656  1.62035E+01 -1.44585E-13 -1.44440E-13 -1.44911E-16  0.00000E+00  0.00000E+00  2.67934E-15
   657  1.63833E+01 -1.01910E-13 -1.01807E-13 -1.02259E-16  0.00000E+00  0.00000E+00  1.86997E-15
   658  1.65640E+01 -7.20366E-17 -0.00000E+00 -7.20366E-17  0.00000E+00  0.00000E+00  1.30294E-15
   659  1.65640E+01 -0.00000E+00 -0.00000E+00  0.00000E+00  0.00000E+00  0.00000E+00  0.00000E+00
   660  3.31279E+01 -0.00000E+00 -0.00000E+00  0.00000E+00  0.00000E+00  0.00000E+00  0.00000E+00
   661  6.62558E+01 -0.00000E+00 -0.00000E+00  0.00000E+00  0.00000E+00  0.00000E+00  0.00000E+00
   662  1.32512E+02 -0.00000E+00 -0.00000E+00  0.00000E+00  0.00000E+00  0.00000E+00  0.00000E+00
   663  2.65023E+02 -0.00000E+00 -0.00000E+00  0.00000E+00  0.00000E+00  0.00000E+00  0.00000E+00
   664  5.30047E+02 -0.00000E+00 -0.00000E+00  0.00000E+00  0.00000E+00  0.00000E+00  0.00000E+00
   665  1.06009E+03 -0.00000E+00 -0.00000E+00  0.00000E+00  0.00000E+00  0.00000E+00  0.00000E+00
   666  2.12019E+03 -0.00000E+00 -0.00000E+00  0.00000E+00  0.00000E+00  0.00000E+00  0.00000E+00
   667  4.24037E+03 -0.00000E+00 -0.00000E+00  0.00000E+00  0.00000E+00  0.00000E+00  0.00000E+00
   668  8.48075E+03 -0.00000E+00 -0.00000E+00  0.00000E+00  0.00000E+00  0.00000E+00  0.00000E+00
   669  1.69615E+04 -0.00000E+00 -0.00000E+00  0.00000E+00  0.00000E+00  0.00000E+00  0.00000E+00
