 #  Scattering amplitudes (in cm)      MU=(1-cos(TH))/2
 #  Z =  80,   projectile: electron
 #  Kinetic energy = 2.50000E+04 eV
 #
 # TH (deg)      MU          Re(F)        Im(F)        Re(G)        Im(G)
 #--------------------------------------------------------------------------
  0.000E+00  0.00000E+00  7.95692E-08  3.06369E-08  0.00000E+00  0.00000E+00
  1.000E-04  7.61557E-13  7.95692E-08  3.06369E-08  3.21964E-15  1.30667E-15
  1.250E-04  1.18994E-12  7.95692E-08  3.06369E-08  4.02455E-15  1.63334E-15
  1.500E-04  1.71346E-12  7.95692E-08  3.06369E-08  4.82946E-15  1.96000E-15
  1.750E-04  2.33225E-12  7.95692E-08  3.06369E-08  5.63437E-15  2.28667E-15
  2.000E-04  3.04617E-12  7.95692E-08  3.06369E-08  6.43928E-15  2.61334E-15
  2.250E-04  3.85530E-12  7.95692E-08  3.06369E-08  7.24419E-15  2.94001E-15
  2.500E-04  4.75964E-12  7.95692E-08  3.06369E-08  8.04909E-15  3.26667E-15
  2.750E-04  5.75917E-12  7.95692E-08  3.06369E-08  8.85400E-15  3.59334E-15
  3.000E-04  6.85391E-12  7.95692E-08  3.06369E-08  9.65891E-15  3.92001E-15
  3.250E-04  8.04379E-12  7.95692E-08  3.06369E-08  1.04638E-14  4.24667E-15
  3.500E-04  9.32893E-12  7.95692E-08  3.06369E-08  1.12687E-14  4.57334E-15
  3.750E-04  1.07092E-11  7.95692E-08  3.06369E-08  1.20736E-14  4.90001E-15
  4.000E-04  1.21847E-11  7.95692E-08  3.06369E-08  1.28786E-14  5.22668E-15
  4.250E-04  1.37554E-11  7.95692E-08  3.06369E-08  1.36835E-14  5.55334E-15
  4.500E-04  1.54213E-11  7.95692E-08  3.06369E-08  1.44884E-14  5.88001E-15
  4.750E-04  1.71823E-11  7.95692E-08  3.06369E-08  1.52933E-14  6.20668E-15
  5.000E-04  1.90386E-11  7.95692E-08  3.06369E-08  1.60982E-14  6.53334E-15
  5.250E-04  2.09900E-11  7.95692E-08  3.06369E-08  1.69031E-14  6.86001E-15
  5.500E-04  2.30367E-11  7.95692E-08  3.06369E-08  1.77080E-14  7.18668E-15
  5.750E-04  2.51785E-11  7.95692E-08  3.06369E-08  1.85129E-14  7.51335E-15
  6.000E-04  2.74156E-11  7.95692E-08  3.06369E-08  1.93178E-14  7.84001E-15
  6.250E-04  2.97478E-11  7.95692E-08  3.06369E-08  2.01227E-14  8.16668E-15
  6.500E-04  3.21752E-11  7.95692E-08  3.06369E-08  2.09276E-14  8.49335E-15
  6.750E-04  3.46979E-11  7.95692E-08  3.06369E-08  2.17326E-14  8.82002E-15
  7.000E-04  3.73157E-11  7.95692E-08  3.06369E-08  2.25375E-14  9.14668E-15
  7.250E-04  4.00286E-11  7.95691E-08  3.06369E-08  2.33424E-14  9.47335E-15
  7.500E-04  4.28368E-11  7.95691E-08  3.06369E-08  2.41473E-14  9.80002E-15
  7.750E-04  4.57402E-11  7.95691E-08  3.06369E-08  2.49522E-14  1.01267E-14
  8.000E-04  4.87388E-11  7.95691E-08  3.06369E-08  2.57571E-14  1.04534E-14
  8.250E-04  5.18325E-11  7.95691E-08  3.06369E-08  2.65620E-14  1.07800E-14
  8.500E-04  5.50215E-11  7.95691E-08  3.06369E-08  2.73669E-14  1.11067E-14
  8.750E-04  5.83057E-11  7.95691E-08  3.06369E-08  2.81718E-14  1.14334E-14
  9.000E-04  6.16850E-11  7.95691E-08  3.06369E-08  2.89767E-14  1.17600E-14
  9.250E-04  6.51595E-11  7.95691E-08  3.06369E-08  2.97816E-14  1.20867E-14
  9.500E-04  6.87293E-11  7.95691E-08  3.06369E-08  3.05866E-14  1.24134E-14
  9.750E-04  7.23943E-11  7.95691E-08  3.06369E-08  3.13915E-14  1.27400E-14
  1.000E-03  7.61544E-11  7.95691E-08  3.06369E-08  3.21964E-14  1.30667E-14
  1.250E-03  1.18991E-10  7.95691E-08  3.06369E-08  4.02455E-14  1.63334E-14
  1.500E-03  1.71347E-10  7.95691E-08  3.06369E-08  4.82945E-14  1.96000E-14
  1.750E-03  2.33223E-10  7.95691E-08  3.06369E-08  5.63436E-14  2.28667E-14
  2.000E-03  3.04617E-10  7.95691E-08  3.06369E-08  6.43927E-14  2.61334E-14
  2.250E-03  3.85531E-10  7.95691E-08  3.06369E-08  7.24418E-14  2.94000E-14
  2.500E-03  4.75965E-10  7.95690E-08  3.06369E-08  8.04908E-14  3.26667E-14
  2.750E-03  5.75917E-10  7.95690E-08  3.06369E-08  8.85399E-14  3.59334E-14
  3.000E-03  6.85389E-10  7.95690E-08  3.06369E-08  9.65889E-14  3.92001E-14
  3.250E-03  8.04380E-10  7.95690E-08  3.06369E-08  1.04638E-13  4.24667E-14
  3.500E-03  9.32891E-10  7.95689E-08  3.06369E-08  1.12687E-13  4.57334E-14
  3.750E-03  1.07092E-09  7.95689E-08  3.06369E-08  1.20736E-13  4.90001E-14
  4.000E-03  1.21847E-09  7.95689E-08  3.06369E-08  1.28785E-13  5.22667E-14
  4.250E-03  1.37554E-09  7.95688E-08  3.06369E-08  1.36834E-13  5.55334E-14
  4.500E-03  1.54213E-09  7.95688E-08  3.06369E-08  1.44883E-13  5.88001E-14
  4.750E-03  1.71823E-09  7.95687E-08  3.06369E-08  1.52932E-13  6.20667E-14
  5.000E-03  1.90386E-09  7.95687E-08  3.06369E-08  1.60981E-13  6.53334E-14
  5.250E-03  2.09900E-09  7.95686E-08  3.06369E-08  1.69030E-13  6.86001E-14
  5.500E-03  2.30367E-09  7.95686E-08  3.06369E-08  1.77079E-13  7.18667E-14
  5.750E-03  2.51785E-09  7.95685E-08  3.06369E-08  1.85128E-13  7.51334E-14
  6.000E-03  2.74156E-09  7.95685E-08  3.06369E-08  1.93177E-13  7.84001E-14
  6.250E-03  2.97478E-09  7.95684E-08  3.06369E-08  2.01226E-13  8.16667E-14
  6.500E-03  3.21752E-09  7.95684E-08  3.06369E-08  2.09274E-13  8.49334E-14
  6.750E-03  3.46978E-09  7.95683E-08  3.06369E-08  2.17323E-13  8.82000E-14
  7.000E-03  3.73156E-09  7.95683E-08  3.06369E-08  2.25372E-13  9.14667E-14
  7.250E-03  4.00286E-09  7.95682E-08  3.06369E-08  2.33421E-13  9.47333E-14
  7.500E-03  4.28368E-09  7.95681E-08  3.06369E-08  2.41470E-13  9.80000E-14
  7.750E-03  4.57402E-09  7.95680E-08  3.06369E-08  2.49518E-13  1.01267E-13
  8.000E-03  4.87388E-09  7.95680E-08  3.06369E-08  2.57567E-13  1.04533E-13
  8.250E-03  5.18326E-09  7.95679E-08  3.06369E-08  2.65616E-13  1.07800E-13
  8.500E-03  5.50215E-09  7.95678E-08  3.06369E-08  2.73665E-13  1.11067E-13
  8.750E-03  5.83057E-09  7.95677E-08  3.06369E-08  2.81713E-13  1.14333E-13
  9.000E-03  6.16850E-09  7.95677E-08  3.06369E-08  2.89762E-13  1.17600E-13
  9.250E-03  6.51596E-09  7.95676E-08  3.06368E-08  2.97811E-13  1.20867E-13
  9.500E-03  6.87293E-09  7.95675E-08  3.06368E-08  3.05859E-13  1.24133E-13
  9.750E-03  7.23942E-09  7.95674E-08  3.06368E-08  3.13908E-13  1.27400E-13
  1.000E-02  7.61544E-09  7.95673E-08  3.06368E-08  3.21956E-13  1.30667E-13
  1.250E-02  1.18991E-08  7.95663E-08  3.06368E-08  4.02440E-13  1.63333E-13
  1.500E-02  1.71347E-08  7.95650E-08  3.06367E-08  4.82920E-13  1.95999E-13
  1.750E-02  2.33223E-08  7.95635E-08  3.06366E-08  5.63396E-13  2.28665E-13
  2.000E-02  3.04617E-08  7.95618E-08  3.06366E-08  6.43867E-13  2.61331E-13
  2.250E-02  3.85531E-08  7.95598E-08  3.06365E-08  7.24333E-13  2.93996E-13
  2.500E-02  4.75965E-08  7.95576E-08  3.06363E-08  8.04792E-13  3.26661E-13
  2.750E-02  5.75917E-08  7.95552E-08  3.06362E-08  8.85244E-13  3.59326E-13
  3.000E-02  6.85389E-08  7.95525E-08  3.06361E-08  9.65688E-13  3.91990E-13
  3.250E-02  8.04380E-08  7.95496E-08  3.06359E-08  1.04612E-12  4.24654E-13
  3.500E-02  9.32891E-08  7.95465E-08  3.06358E-08  1.12655E-12  4.57317E-13
  3.750E-02  1.07092E-07  7.95431E-08  3.06356E-08  1.20697E-12  4.89980E-13
  4.000E-02  1.21847E-07  7.95395E-08  3.06354E-08  1.28737E-12  5.22643E-13
  4.250E-02  1.37554E-07  7.95357E-08  3.06352E-08  1.36777E-12  5.55304E-13
  4.500E-02  1.54213E-07  7.95317E-08  3.06350E-08  1.44815E-12  5.87965E-13
  4.750E-02  1.71823E-07  7.95274E-08  3.06348E-08  1.52852E-12  6.20626E-13
  5.000E-02  1.90386E-07  7.95229E-08  3.06346E-08  1.60888E-12  6.53286E-13
  5.250E-02  2.09900E-07  7.95182E-08  3.06343E-08  1.68922E-12  6.85945E-13
  5.500E-02  2.30367E-07  7.95132E-08  3.06341E-08  1.76955E-12  7.18603E-13
  5.750E-02  2.51785E-07  7.95080E-08  3.06338E-08  1.84986E-12  7.51260E-13
  6.000E-02  2.74156E-07  7.95026E-08  3.06335E-08  1.93015E-12  7.83917E-13
  6.250E-02  2.97478E-07  7.94969E-08  3.06332E-08  2.01043E-12  8.16573E-13
  6.500E-02  3.21752E-07  7.94910E-08  3.06329E-08  2.09069E-12  8.49228E-13
  6.750E-02  3.46978E-07  7.94849E-08  3.06326E-08  2.17094E-12  8.81881E-13
  7.000E-02  3.73156E-07  7.94785E-08  3.06323E-08  2.25116E-12  9.14534E-13
  7.250E-02  4.00286E-07  7.94719E-08  3.06319E-08  2.33137E-12  9.47186E-13
  7.500E-02  4.28368E-07  7.94651E-08  3.06316E-08  2.41155E-12  9.79837E-13
  7.750E-02  4.57402E-07  7.94581E-08  3.06312E-08  2.49171E-12  1.01249E-12
  8.000E-02  4.87388E-07  7.94508E-08  3.06309E-08  2.57185E-12  1.04514E-12
  8.250E-02  5.18325E-07  7.94433E-08  3.06305E-08  2.65197E-12  1.07778E-12
  8.500E-02  5.50215E-07  7.94356E-08  3.06301E-08  2.73207E-12  1.11043E-12
  8.750E-02  5.83057E-07  7.94276E-08  3.06297E-08  2.81214E-12  1.14307E-12
  9.000E-02  6.16850E-07  7.94194E-08  3.06293E-08  2.89218E-12  1.17572E-12
  9.250E-02  6.51596E-07  7.94110E-08  3.06288E-08  2.97221E-12  1.20836E-12
  9.500E-02  6.87293E-07  7.94024E-08  3.06284E-08  3.05220E-12  1.24100E-12
  9.750E-02  7.23942E-07  7.93935E-08  3.06279E-08  3.13217E-12  1.27364E-12
  1.000E-01  7.61543E-07  7.93844E-08  3.06275E-08  3.21211E-12  1.30628E-12
  1.250E-01  1.18991E-06  7.92809E-08  3.06221E-08  4.00986E-12  1.63257E-12
  1.500E-01  1.71347E-06  7.91547E-08  3.06156E-08  4.80412E-12  1.95869E-12
  1.750E-01  2.33223E-06  7.90061E-08  3.06079E-08  5.59422E-12  2.28458E-12
  2.000E-01  3.04617E-06  7.88353E-08  3.05991E-08  6.37947E-12  2.61022E-12
  2.250E-01  3.85531E-06  7.86426E-08  3.05890E-08  7.15924E-12  2.93556E-12
  2.500E-01  4.75964E-06  7.84284E-08  3.05778E-08  7.93289E-12  3.26058E-12
  2.750E-01  5.75916E-06  7.81929E-08  3.05654E-08  8.69980E-12  3.58524E-12
  3.000E-01  6.85388E-06  7.79367E-08  3.05519E-08  9.45936E-12  3.90950E-12
  3.250E-01  8.04378E-06  7.76600E-08  3.05372E-08  1.02110E-11  4.23332E-12
  3.500E-01  9.32888E-06  7.73634E-08  3.05213E-08  1.09542E-11  4.55667E-12
  3.750E-01  1.07092E-05  7.70473E-08  3.05043E-08  1.16883E-11  4.87951E-12
  4.000E-01  1.21846E-05  7.67123E-08  3.04861E-08  1.24129E-11  5.20182E-12
  4.250E-01  1.37553E-05  7.63588E-08  3.04668E-08  1.31275E-11  5.52355E-12
  4.500E-01  1.54212E-05  7.59874E-08  3.04463E-08  1.38316E-11  5.84467E-12
  4.750E-01  1.71822E-05  7.55986E-08  3.04247E-08  1.45248E-11  6.16514E-12
  5.000E-01  1.90385E-05  7.51931E-08  3.04020E-08  1.52066E-11  6.48494E-12
  5.250E-01  2.09899E-05  7.47713E-08  3.03781E-08  1.58767E-11  6.80403E-12
  5.500E-01  2.30365E-05  7.43340E-08  3.03531E-08  1.65348E-11  7.12237E-12
  5.750E-01  2.51783E-05  7.38818E-08  3.03270E-08  1.71804E-11  7.43993E-12
  6.000E-01  2.74153E-05  7.34152E-08  3.02998E-08  1.78133E-11  7.75668E-12
  6.250E-01  2.97475E-05  7.29349E-08  3.02715E-08  1.84332E-11  8.07258E-12
  6.500E-01  3.21749E-05  7.24415E-08  3.02421E-08  1.90398E-11  8.38761E-12
  6.750E-01  3.46974E-05  7.19358E-08  3.02117E-08  1.96330E-11  8.70174E-12
  7.000E-01  3.73152E-05  7.14182E-08  3.01801E-08  2.02125E-11  9.01492E-12
  7.250E-01  4.00281E-05  7.08894E-08  3.01475E-08  2.07781E-11  9.32713E-12
  7.500E-01  4.28362E-05  7.03501E-08  3.01138E-08  2.13298E-11  9.63834E-12
  7.750E-01  4.57395E-05  6.98010E-08  3.00790E-08  2.18673E-11  9.94851E-12
  8.000E-01  4.87380E-05  6.92425E-08  3.00432E-08  2.23907E-11  1.02576E-11
  8.250E-01  5.18317E-05  6.86755E-08  3.00064E-08  2.28997E-11  1.05656E-11
  8.500E-01  5.50205E-05  6.81004E-08  2.99685E-08  2.33944E-11  1.08725E-11
  8.750E-01  5.83045E-05  6.75178E-08  2.99296E-08  2.38747E-11  1.11783E-11
  9.000E-01  6.16838E-05  6.69284E-08  2.98897E-08  2.43407E-11  1.14829E-11
  9.250E-01  6.51582E-05  6.63328E-08  2.98488E-08  2.47922E-11  1.17862E-11
  9.500E-01  6.87277E-05  6.57314E-08  2.98068E-08  2.52295E-11  1.20884E-11
  9.750E-01  7.23925E-05  6.51249E-08  2.97639E-08  2.56524E-11  1.23892E-11
  1.000E+00  7.61524E-05  6.45138E-08  2.97201E-08  2.60610E-11  1.26888E-11
  1.100E+00  9.21439E-05  6.20337E-08  2.95350E-08  2.75551E-11  1.38738E-11
  1.200E+00  1.09658E-04  5.95191E-08  2.93350E-08  2.88300E-11  1.50361E-11
  1.300E+00  1.28695E-04  5.69971E-08  2.91210E-08  2.98959E-11  1.61743E-11
  1.400E+00  1.49255E-04  5.44905E-08  2.88934E-08  3.07648E-11  1.72871E-11
  1.500E+00  1.71338E-04  5.20178E-08  2.86531E-08  3.14499E-11  1.83732E-11
  1.600E+00  1.94942E-04  4.95942E-08  2.84007E-08  3.19650E-11  1.94315E-11
  1.700E+00  2.20070E-04  4.72310E-08  2.81370E-08  3.23243E-11  2.04609E-11
  1.800E+00  2.46720E-04  4.49368E-08  2.78627E-08  3.25411E-11  2.14607E-11
  1.900E+00  2.74892E-04  4.27175E-08  2.75786E-08  3.26287E-11  2.24301E-11
  2.000E+00  3.04586E-04  4.05772E-08  2.72853E-08  3.25993E-11  2.33684E-11
  2.100E+00  3.35803E-04  3.85179E-08  2.69835E-08  3.24644E-11  2.42751E-11
  2.200E+00  3.68542E-04  3.65404E-08  2.66740E-08  3.22345E-11  2.51497E-11
  2.300E+00  4.02802E-04  3.46444E-08  2.63573E-08  3.19194E-11  2.59919E-11
  2.400E+00  4.38585E-04  3.28286E-08  2.60342E-08  3.15278E-11  2.68015E-11
  2.500E+00  4.75889E-04  3.10915E-08  2.57053E-08  3.10678E-11  2.75783E-11
  2.600E+00  5.14715E-04  2.94305E-08  2.53712E-08  3.05465E-11  2.83221E-11
  2.700E+00  5.55063E-04  2.78434E-08  2.50325E-08  2.99706E-11  2.90331E-11
  2.800E+00  5.96931E-04  2.63272E-08  2.46896E-08  2.93458E-11  2.97112E-11
  2.900E+00  6.40321E-04  2.48792E-08  2.43433E-08  2.86774E-11  3.03565E-11
  3.000E+00  6.85233E-04  2.34964E-08  2.39938E-08  2.79703E-11  3.09693E-11
  3.100E+00  7.31665E-04  2.21759E-08  2.36419E-08  2.72288E-11  3.15496E-11
  3.200E+00  7.79618E-04  2.09150E-08  2.32878E-08  2.64569E-11  3.20980E-11
  3.300E+00  8.29092E-04  1.97108E-08  2.29321E-08  2.56580E-11  3.26145E-11
  3.400E+00  8.80086E-04  1.85607E-08  2.25751E-08  2.48354E-11  3.30996E-11
  3.500E+00  9.32601E-04  1.74621E-08  2.22172E-08  2.39920E-11  3.35537E-11
  3.600E+00  9.86636E-04  1.64125E-08  2.18588E-08  2.31307E-11  3.39771E-11
  3.700E+00  1.04219E-03  1.54096E-08  2.15003E-08  2.22538E-11  3.43704E-11
  3.800E+00  1.09927E-03  1.44512E-08  2.11419E-08  2.13636E-11  3.47340E-11
  3.900E+00  1.15786E-03  1.35351E-08  2.07840E-08  2.04622E-11  3.50683E-11
  4.000E+00  1.21797E-03  1.26594E-08  2.04268E-08  1.95516E-11  3.53739E-11
  4.100E+00  1.27961E-03  1.18222E-08  2.00706E-08  1.86335E-11  3.56514E-11
  4.200E+00  1.34276E-03  1.10217E-08  1.97157E-08  1.77096E-11  3.59012E-11
  4.300E+00  1.40743E-03  1.02562E-08  1.93623E-08  1.67815E-11  3.61239E-11
  4.400E+00  1.47362E-03  9.52413E-09  1.90105E-08  1.58506E-11  3.63201E-11
  4.500E+00  1.54133E-03  8.82393E-09  1.86607E-08  1.49182E-11  3.64904E-11
  4.600E+00  1.61056E-03  8.15422E-09  1.83130E-08  1.39855E-11  3.66353E-11
  4.700E+00  1.68131E-03  7.51363E-09  1.79675E-08  1.30539E-11  3.67553E-11
  4.800E+00  1.75357E-03  6.90090E-09  1.76245E-08  1.21242E-11  3.68512E-11
  4.900E+00  1.82735E-03  6.31481E-09  1.72840E-08  1.11976E-11  3.69235E-11
  5.000E+00  1.90265E-03  5.75423E-09  1.69462E-08  1.02749E-11  3.69727E-11
  5.100E+00  1.97947E-03  5.21806E-09  1.66113E-08  9.35709E-12  3.69995E-11
  5.200E+00  2.05780E-03  4.70528E-09  1.62793E-08  8.44496E-12  3.70045E-11
  5.300E+00  2.13765E-03  4.21491E-09  1.59504E-08  7.53929E-12  3.69882E-11
  5.400E+00  2.21902E-03  3.74602E-09  1.56246E-08  6.64077E-12  3.69512E-11
  5.500E+00  2.30190E-03  3.29773E-09  1.53021E-08  5.75008E-12  3.68942E-11
  5.600E+00  2.38630E-03  2.86919E-09  1.49829E-08  4.86783E-12  3.68177E-11
  5.700E+00  2.47222E-03  2.45961E-09  1.46672E-08  3.99459E-12  3.67223E-11
  5.800E+00  2.55965E-03  2.06822E-09  1.43548E-08  3.13090E-12  3.66086E-11
  5.900E+00  2.64859E-03  1.69430E-09  1.40460E-08  2.27725E-12  3.64771E-11
  6.000E+00  2.73905E-03  1.33714E-09  1.37408E-08  1.43410E-12  3.63284E-11
  6.100E+00  2.83103E-03  9.96094E-10  1.34392E-08  6.01856E-13  3.61631E-11
  6.200E+00  2.92452E-03  6.70514E-10  1.31413E-08 -2.19091E-13  3.59816E-11
  6.300E+00  3.01952E-03  3.59797E-10  1.28471E-08 -1.02839E-12  3.57847E-11
  6.400E+00  3.11604E-03  6.33643E-11  1.25566E-08 -1.82572E-12  3.55727E-11
  6.500E+00  3.21407E-03 -2.19341E-10  1.22699E-08 -2.61079E-12  3.53463E-11
  6.600E+00  3.31362E-03 -4.88849E-10  1.19870E-08 -3.38332E-12  3.51059E-11
  6.700E+00  3.41468E-03 -7.45672E-10  1.17078E-08 -4.14310E-12  3.48520E-11
  6.800E+00  3.51725E-03 -9.90297E-10  1.14325E-08 -4.88989E-12  3.45853E-11
  6.900E+00  3.62133E-03 -1.22319E-09  1.11610E-08 -5.62351E-12  3.43061E-11
  7.000E+00  3.72692E-03 -1.44481E-09  1.08933E-08 -6.34379E-12  3.40149E-11
  7.100E+00  3.83403E-03 -1.65558E-09  1.06295E-08 -7.05058E-12  3.37124E-11
  7.200E+00  3.94265E-03 -1.85591E-09  1.03695E-08 -7.74376E-12  3.33988E-11
  7.300E+00  4.05278E-03 -2.04621E-09  1.01133E-08 -8.42322E-12  3.30747E-11
  7.400E+00  4.16442E-03 -2.22686E-09  9.86090E-09 -9.08887E-12  3.27406E-11
  7.500E+00  4.27757E-03 -2.39821E-09  9.61233E-09 -9.74063E-12  3.23968E-11
  7.600E+00  4.39223E-03 -2.56064E-09  9.36756E-09 -1.03785E-11  3.20439E-11
  7.700E+00  4.50840E-03 -2.71447E-09  9.12658E-09 -1.10023E-11  3.16822E-11
  7.800E+00  4.62608E-03 -2.86003E-09  8.88936E-09 -1.16121E-11  3.13123E-11
  7.900E+00  4.74527E-03 -2.99764E-09  8.65590E-09 -1.22079E-11  3.09344E-11
  8.000E+00  4.86597E-03 -3.12760E-09  8.42617E-09 -1.27897E-11  3.05490E-11
  8.100E+00  4.98817E-03 -3.25020E-09  8.20014E-09 -1.33574E-11  3.01565E-11
  8.200E+00  5.11188E-03 -3.36571E-09  7.97781E-09 -1.39112E-11  2.97573E-11
  8.300E+00  5.23711E-03 -3.47442E-09  7.75913E-09 -1.44510E-11  2.93517E-11
  8.400E+00  5.36383E-03 -3.57657E-09  7.54409E-09 -1.49769E-11  2.89402E-11
  8.500E+00  5.49207E-03 -3.67242E-09  7.33266E-09 -1.54889E-11  2.85231E-11
  8.600E+00  5.62181E-03 -3.76221E-09  7.12481E-09 -1.59871E-11  2.81007E-11
  8.700E+00  5.75306E-03 -3.84617E-09  6.92050E-09 -1.64716E-11  2.76734E-11
  8.800E+00  5.88581E-03 -3.92452E-09  6.71972E-09 -1.69424E-11  2.72415E-11
  8.900E+00  6.02007E-03 -3.99749E-09  6.52243E-09 -1.73997E-11  2.68054E-11
  9.000E+00  6.15583E-03 -4.06526E-09  6.32859E-09 -1.78434E-11  2.63653E-11
  9.100E+00  6.29310E-03 -4.12806E-09  6.13817E-09 -1.82738E-11  2.59216E-11
  9.200E+00  6.43187E-03 -4.18606E-09  5.95114E-09 -1.86909E-11  2.54746E-11
  9.300E+00  6.57214E-03 -4.23946E-09  5.76747E-09 -1.90948E-11  2.50246E-11
  9.400E+00  6.71392E-03 -4.28843E-09  5.58711E-09 -1.94857E-11  2.45718E-11
  9.500E+00  6.85720E-03 -4.33314E-09  5.41004E-09 -1.98636E-11  2.41166E-11
  9.600E+00  7.00198E-03 -4.37377E-09  5.23622E-09 -2.02287E-11  2.36592E-11
  9.700E+00  7.14827E-03 -4.41048E-09  5.06560E-09 -2.05811E-11  2.31999E-11
  9.800E+00  7.29605E-03 -4.44341E-09  4.89816E-09 -2.09210E-11  2.27389E-11
  9.900E+00  7.44534E-03 -4.47272E-09  4.73386E-09 -2.12484E-11  2.22766E-11
  1.000E+01  7.59612E-03 -4.49855E-09  4.57265E-09 -2.15635E-11  2.18130E-11
  1.025E+01  7.97965E-03 -4.54880E-09  4.18294E-09 -2.22985E-11  2.06506E-11
  1.050E+01  8.37255E-03 -4.58022E-09  3.81177E-09 -2.29598E-11  1.94858E-11
  1.075E+01  8.77480E-03 -4.59465E-09  3.45855E-09 -2.35497E-11  1.83220E-11
  1.100E+01  9.18641E-03 -4.59381E-09  3.12267E-09 -2.40706E-11  1.71620E-11
  1.125E+01  9.60736E-03 -4.57927E-09  2.80354E-09 -2.45250E-11  1.60088E-11
  1.150E+01  1.00376E-02 -4.55244E-09  2.50057E-09 -2.49153E-11  1.48648E-11
  1.175E+01  1.04773E-02 -4.51464E-09  2.21317E-09 -2.52440E-11  1.37324E-11
  1.200E+01  1.09262E-02 -4.46705E-09  1.94078E-09 -2.55135E-11  1.26137E-11
  1.225E+01  1.13844E-02 -4.41079E-09  1.68283E-09 -2.57262E-11  1.15107E-11
  1.250E+01  1.18520E-02 -4.34683E-09  1.43876E-09 -2.58847E-11  1.04251E-11
  1.275E+01  1.23288E-02 -4.27611E-09  1.20803E-09 -2.59912E-11  9.35859E-12
  1.300E+01  1.28150E-02 -4.19946E-09  9.90117E-10 -2.60482E-11  8.31253E-12
  1.325E+01  1.33104E-02 -4.11764E-09  7.84496E-10 -2.60581E-11  7.28826E-12
  1.350E+01  1.38150E-02 -4.03136E-09  5.90665E-10 -2.60230E-11  6.28692E-12
  1.375E+01  1.43290E-02 -3.94124E-09  4.08138E-10 -2.59452E-11  5.30956E-12
  1.400E+01  1.48521E-02 -3.84788E-09  2.36437E-10 -2.58270E-11  4.35706E-12
  1.425E+01  1.53845E-02 -3.75181E-09  7.51041E-11 -2.56704E-11  3.43021E-12
  1.450E+01  1.59262E-02 -3.65352E-09 -7.63087E-11 -2.54776E-11  2.52970E-12
  1.475E+01  1.64770E-02 -3.55344E-09 -2.18233E-10 -2.52505E-11  1.65610E-12
  1.500E+01  1.70371E-02 -3.45198E-09 -3.51086E-10 -2.49912E-11  8.09898E-13
  1.525E+01  1.76063E-02 -3.34951E-09 -4.75271E-10 -2.47015E-11 -8.50790E-15
  1.550E+01  1.81848E-02 -3.24635E-09 -5.91178E-10 -2.43833E-11 -7.98801E-13
  1.575E+01  1.87724E-02 -3.14281E-09 -6.99183E-10 -2.40385E-11 -1.56074E-12
  1.600E+01  1.93692E-02 -3.03917E-09 -7.99647E-10 -2.36687E-11 -2.29416E-12
  1.625E+01  1.99751E-02 -2.93567E-09 -8.92921E-10 -2.32756E-11 -2.99894E-12
  1.650E+01  2.05901E-02 -2.83254E-09 -9.79338E-10 -2.28609E-11 -3.67505E-12
  1.675E+01  2.12143E-02 -2.72997E-09 -1.05922E-09 -2.24262E-11 -4.32249E-12
  1.700E+01  2.18476E-02 -2.62814E-09 -1.13289E-09 -2.19728E-11 -4.94133E-12
  1.725E+01  2.24900E-02 -2.52723E-09 -1.20063E-09 -2.15023E-11 -5.53166E-12
  1.750E+01  2.31415E-02 -2.42737E-09 -1.26274E-09 -2.10162E-11 -6.09365E-12
  1.775E+01  2.38021E-02 -2.32870E-09 -1.31949E-09 -2.05156E-11 -6.62748E-12
  1.800E+01  2.44717E-02 -2.23132E-09 -1.37114E-09 -2.00020E-11 -7.13338E-12
  1.825E+01  2.51504E-02 -2.13534E-09 -1.41795E-09 -1.94765E-11 -7.61161E-12
  1.850E+01  2.58382E-02 -2.04085E-09 -1.46017E-09 -1.89404E-11 -8.06246E-12
  1.875E+01  2.65349E-02 -1.94793E-09 -1.49802E-09 -1.83949E-11 -8.48624E-12
  1.900E+01  2.72407E-02 -1.85664E-09 -1.53174E-09 -1.78409E-11 -8.88330E-12
  1.925E+01  2.79555E-02 -1.76705E-09 -1.56153E-09 -1.72796E-11 -9.25400E-12
  1.950E+01  2.86793E-02 -1.67919E-09 -1.58760E-09 -1.67119E-11 -9.59873E-12
  1.975E+01  2.94120E-02 -1.59312E-09 -1.61015E-09 -1.61388E-11 -9.91789E-12
  2.000E+01  3.01537E-02 -1.50886E-09 -1.62936E-09 -1.55613E-11 -1.02119E-11
  2.025E+01  3.09043E-02 -1.42645E-09 -1.64543E-09 -1.49802E-11 -1.04812E-11
  2.050E+01  3.16639E-02 -1.34590E-09 -1.65851E-09 -1.43963E-11 -1.07262E-11
  2.075E+01  3.24324E-02 -1.26723E-09 -1.66878E-09 -1.38104E-11 -1.09474E-11
  2.100E+01  3.32098E-02 -1.19045E-09 -1.67639E-09 -1.32234E-11 -1.11452E-11
  2.125E+01  3.39961E-02 -1.11557E-09 -1.68149E-09 -1.26359E-11 -1.13201E-11
  2.150E+01  3.47912E-02 -1.04258E-09 -1.68423E-09 -1.20486E-11 -1.14726E-11
  2.175E+01  3.55952E-02 -9.71494E-10 -1.68474E-09 -1.14621E-11 -1.16032E-11
  2.200E+01  3.64081E-02 -9.02295E-10 -1.68316E-09 -1.08771E-11 -1.17124E-11
  2.225E+01  3.72297E-02 -8.34978E-10 -1.67962E-09 -1.02942E-11 -1.18006E-11
  2.250E+01  3.80602E-02 -7.69530E-10 -1.67423E-09 -9.71396E-12 -1.18683E-11
  2.275E+01  3.88995E-02 -7.05937E-10 -1.66710E-09 -9.13684E-12 -1.19160E-11
  2.300E+01  3.97476E-02 -6.44182E-10 -1.65835E-09 -8.56337E-12 -1.19443E-11
  2.325E+01  4.06044E-02 -5.84248E-10 -1.64808E-09 -7.99402E-12 -1.19536E-11
  2.350E+01  4.14700E-02 -5.26113E-10 -1.63639E-09 -7.42925E-12 -1.19444E-11
  2.375E+01  4.23443E-02 -4.69756E-10 -1.62337E-09 -6.86946E-12 -1.19172E-11
  2.400E+01  4.32273E-02 -4.15153E-10 -1.60912E-09 -6.31506E-12 -1.18725E-11
  2.425E+01  4.41190E-02 -3.62278E-10 -1.59372E-09 -5.76642E-12 -1.18108E-11
  2.450E+01  4.50194E-02 -3.11108E-10 -1.57725E-09 -5.22388E-12 -1.17325E-11
  2.475E+01  4.59284E-02 -2.61613E-10 -1.55980E-09 -4.68778E-12 -1.16381E-11
  2.500E+01  4.68461E-02 -2.13767E-10 -1.54143E-09 -4.15842E-12 -1.15281E-11
  2.550E+01  4.87074E-02 -1.22907E-10 -1.50222E-09 -3.12104E-12 -1.12631E-11
  2.600E+01  5.06030E-02 -3.82934E-11 -1.46015E-09 -2.11380E-12 -1.09413E-11
  2.650E+01  5.25328E-02  4.03137E-11 -1.41571E-09 -1.13849E-12 -1.05662E-11
  2.700E+01  5.44967E-02  1.13158E-10 -1.36931E-09 -1.96616E-13 -1.01413E-11
  2.750E+01  5.64946E-02  1.80485E-10 -1.32135E-09  7.10546E-13 -9.66990E-12
  2.800E+01  5.85262E-02  2.42538E-10 -1.27216E-09  1.58194E-12 -9.15538E-12
  2.850E+01  6.05914E-02  2.99561E-10 -1.22208E-09  2.41671E-12 -8.60089E-12
  2.900E+01  6.26901E-02  3.51792E-10 -1.17136E-09  3.21419E-12 -8.00946E-12
  2.950E+01  6.48222E-02  3.99467E-10 -1.12028E-09  3.97388E-12 -7.38405E-12
  3.000E+01  6.69873E-02  4.42813E-10 -1.06904E-09  4.69543E-12 -6.72748E-12
  3.050E+01  6.91854E-02  4.82056E-10 -1.01784E-09  5.37862E-12 -6.04246E-12
  3.100E+01  7.14163E-02  5.17411E-10 -9.66873E-10  6.02337E-12 -5.33161E-12
  3.150E+01  7.36799E-02  5.49090E-10 -9.16282E-10  6.62972E-12 -4.59740E-12
  3.200E+01  7.59760E-02  5.77295E-10 -8.66209E-10  7.19778E-12 -3.84222E-12
  3.250E+01  7.83043E-02  6.02223E-10 -8.16774E-10  7.72780E-12 -3.06835E-12
  3.300E+01  8.06647E-02  6.24061E-10 -7.68083E-10  8.22007E-12 -2.27795E-12
  3.350E+01  8.30571E-02  6.42992E-10 -7.20226E-10  8.67497E-12 -1.47309E-12
  3.400E+01  8.54812E-02  6.59189E-10 -6.73283E-10  9.09297E-12 -6.55731E-13
  3.450E+01  8.79369E-02  6.72819E-10 -6.27321E-10  9.47455E-12  1.72247E-13
  3.500E+01  9.04240E-02  6.84041E-10 -5.82398E-10  9.82029E-12  1.00907E-12
  3.550E+01  9.29422E-02  6.93007E-10 -5.38560E-10  1.01308E-11  1.85307E-12
  3.600E+01  9.54915E-02  6.99862E-10 -4.95848E-10  1.04067E-11  2.70263E-12
  3.650E+01  9.80716E-02  7.04746E-10 -4.54292E-10  1.06487E-11  3.55624E-12
  3.700E+01  1.00682E-01  7.07791E-10 -4.13918E-10  1.08575E-11  4.41249E-12
  3.750E+01  1.03323E-01  7.09121E-10 -3.74744E-10  1.10338E-11  5.27001E-12
  3.800E+01  1.05995E-01  7.08856E-10 -3.36782E-10  1.11784E-11  6.12754E-12
  3.850E+01  1.08696E-01  7.07110E-10 -3.00042E-10  1.12921E-11  6.98387E-12
  3.900E+01  1.11427E-01  7.03990E-10 -2.64525E-10  1.13756E-11  7.83787E-12
  3.950E+01  1.14188E-01  6.99599E-10 -2.30233E-10  1.14298E-11  8.68849E-12
  4.000E+01  1.16978E-01  6.94033E-10 -1.97160E-10  1.14555E-11  9.53472E-12
  4.050E+01  1.19797E-01  6.87384E-10 -1.65299E-10  1.14535E-11  1.03756E-11
  4.100E+01  1.22645E-01  6.79739E-10 -1.34641E-10  1.14246E-11  1.12103E-11
  4.150E+01  1.25522E-01  6.71180E-10 -1.05174E-10  1.13697E-11  1.20380E-11
  4.200E+01  1.28428E-01  6.61785E-10 -7.68816E-11  1.12895E-11  1.28579E-11
  4.250E+01  1.31361E-01  6.51627E-10 -4.97485E-11  1.11849E-11  1.36693E-11
  4.300E+01  1.34323E-01  6.40775E-10 -2.37564E-11  1.10567E-11  1.44715E-11
  4.350E+01  1.37313E-01  6.29294E-10  1.11419E-12  1.09057E-11  1.52640E-11
  4.400E+01  1.40330E-01  6.17247E-10  2.48840E-11  1.07328E-11  1.60461E-11
  4.450E+01  1.43375E-01  6.04691E-10  4.75748E-11  1.05387E-11  1.68173E-11
  4.500E+01  1.46447E-01  5.91680E-10  6.92091E-11  1.03242E-11  1.75772E-11
  4.550E+01  1.49545E-01  5.78266E-10  8.98102E-11  1.00902E-11  1.83252E-11
  4.600E+01  1.52671E-01  5.64498E-10  1.09402E-10  9.83730E-12  1.90610E-11
  4.650E+01  1.55823E-01  5.50421E-10  1.28009E-10  9.56637E-12  1.97843E-11
  4.700E+01  1.59001E-01  5.36077E-10  1.45655E-10  9.27814E-12  2.04945E-11
  4.750E+01  1.62205E-01  5.21506E-10  1.62365E-10  8.97335E-12  2.11916E-11
  4.800E+01  1.65435E-01  5.06747E-10  1.78165E-10  8.65274E-12  2.18751E-11
  4.850E+01  1.68690E-01  4.91833E-10  1.93079E-10  8.31701E-12  2.25448E-11
  4.900E+01  1.71970E-01  4.76798E-10  2.07133E-10  7.96687E-12  2.32006E-11
  4.950E+01  1.75276E-01  4.61673E-10  2.20351E-10  7.60302E-12  2.38421E-11
  5.000E+01  1.78606E-01  4.46486E-10  2.32758E-10  7.22613E-12  2.44693E-11
  5.050E+01  1.81961E-01  4.31264E-10  2.44378E-10  6.83685E-12  2.50820E-11
  5.100E+01  1.85340E-01  4.16032E-10  2.55237E-10  6.43586E-12  2.56801E-11
  5.150E+01  1.88743E-01  4.00813E-10  2.65358E-10  6.02376E-12  2.62634E-11
  5.200E+01  1.92169E-01  3.85629E-10  2.74765E-10  5.60120E-12  2.68319E-11
  5.250E+01  1.95619E-01  3.70500E-10  2.83482E-10  5.16878E-12  2.73855E-11
  5.300E+01  1.99092E-01  3.55444E-10  2.91531E-10  4.72709E-12  2.79243E-11
  5.350E+01  2.02589E-01  3.40479E-10  2.98936E-10  4.27672E-12  2.84481E-11
  5.400E+01  2.06107E-01  3.25620E-10  3.05718E-10  3.81822E-12  2.89569E-11
  5.450E+01  2.09649E-01  3.10883E-10  3.11900E-10  3.35216E-12  2.94507E-11
  5.500E+01  2.13212E-01  2.96280E-10  3.17503E-10  2.87906E-12  2.99297E-11
  5.550E+01  2.16797E-01  2.81824E-10  3.22549E-10  2.39947E-12  3.03937E-11
  5.600E+01  2.20404E-01  2.67527E-10  3.27057E-10  1.91388E-12  3.08428E-11
  5.650E+01  2.24032E-01  2.53398E-10  3.31048E-10  1.42279E-12  3.12772E-11
  5.700E+01  2.27680E-01  2.39448E-10  3.34541E-10  9.26702E-13  3.16968E-11
  5.750E+01  2.31350E-01  2.25684E-10  3.37556E-10  4.26072E-13  3.21018E-11
  5.800E+01  2.35040E-01  2.12116E-10  3.40112E-10 -7.86376E-14  3.24921E-11
  5.850E+01  2.38751E-01  1.98748E-10  3.42227E-10 -5.86980E-13  3.28680E-11
  5.900E+01  2.42481E-01  1.85589E-10  3.43918E-10 -1.09852E-12  3.32296E-11
  5.950E+01  2.46231E-01  1.72643E-10  3.45203E-10 -1.61284E-12  3.35769E-11
  6.000E+01  2.50000E-01  1.59916E-10  3.46098E-10 -2.12954E-12  3.39100E-11
  6.050E+01  2.53788E-01  1.47411E-10  3.46621E-10 -2.64821E-12  3.42292E-11
  6.100E+01  2.57595E-01  1.35133E-10  3.46787E-10 -3.16846E-12  3.45345E-11
  6.150E+01  2.61421E-01  1.23084E-10  3.46612E-10 -3.68994E-12  3.48261E-11
  6.200E+01  2.65264E-01  1.11268E-10  3.46111E-10 -4.21227E-12  3.51041E-11
  6.250E+01  2.69126E-01  9.96867E-11  3.45298E-10 -4.73511E-12  3.53687E-11
  6.300E+01  2.73005E-01  8.83418E-11  3.44187E-10 -5.25812E-12  3.56200E-11
  6.350E+01  2.76901E-01  7.72348E-11  3.42793E-10 -5.78097E-12  3.58582E-11
  6.400E+01  2.80814E-01  6.63667E-11  3.41128E-10 -6.30334E-12  3.60835E-11
  6.450E+01  2.84744E-01  5.57381E-11  3.39206E-10 -6.82492E-12  3.62960E-11
  6.500E+01  2.88691E-01  4.53495E-11  3.37040E-10 -7.34543E-12  3.64959E-11
  6.550E+01  2.92653E-01  3.52007E-11  3.34640E-10 -7.86457E-12  3.66834E-11
  6.600E+01  2.96632E-01  2.52915E-11  3.32020E-10 -8.38207E-12  3.68587E-11
  6.650E+01  3.00625E-01  1.56213E-11  3.29190E-10 -8.89766E-12  3.70219E-11
  6.700E+01  3.04634E-01  6.18940E-12  3.26162E-10 -9.41108E-12  3.71733E-11
  6.750E+01  3.08658E-01 -3.00539E-12  3.22946E-10 -9.92209E-12  3.73129E-11
  6.800E+01  3.12697E-01 -1.19643E-11  3.19552E-10 -1.04304E-11  3.74411E-11
  6.850E+01  3.16749E-01 -2.06888E-11  3.15991E-10 -1.09359E-11  3.75580E-11
  6.900E+01  3.20816E-01 -2.91806E-11  3.12271E-10 -1.14383E-11  3.76638E-11
  6.950E+01  3.24896E-01 -3.74415E-11  3.08403E-10 -1.19373E-11  3.77586E-11
  7.000E+01  3.28990E-01 -4.54735E-11  3.04396E-10 -1.24329E-11  3.78427E-11
  7.050E+01  3.33097E-01 -5.32787E-11  3.00257E-10 -1.29247E-11  3.79163E-11
  7.100E+01  3.37216E-01 -6.08594E-11  2.95995E-10 -1.34126E-11  3.79795E-11
  7.150E+01  3.41348E-01 -6.82181E-11  2.91619E-10 -1.38964E-11  3.80326E-11
  7.200E+01  3.45492E-01 -7.53572E-11  2.87135E-10 -1.43759E-11  3.80757E-11
  7.250E+01  3.49647E-01 -8.22794E-11  2.82552E-10 -1.48510E-11  3.81091E-11
  7.300E+01  3.53814E-01 -8.89873E-11  2.77877E-10 -1.53216E-11  3.81329E-11
  7.350E+01  3.57992E-01 -9.54838E-11  2.73117E-10 -1.57874E-11  3.81473E-11
  7.400E+01  3.62181E-01 -1.01772E-10  2.68278E-10 -1.62483E-11  3.81525E-11
  7.450E+01  3.66381E-01 -1.07854E-10  2.63366E-10 -1.67041E-11  3.81488E-11
  7.500E+01  3.70590E-01 -1.13733E-10  2.58389E-10 -1.71549E-11  3.81362E-11
  7.550E+01  3.74810E-01 -1.19413E-10  2.53351E-10 -1.76003E-11  3.81151E-11
  7.600E+01  3.79039E-01 -1.24897E-10  2.48260E-10 -1.80403E-11  3.80855E-11
  7.650E+01  3.83277E-01 -1.30187E-10  2.43119E-10 -1.84748E-11  3.80477E-11
  7.700E+01  3.87524E-01 -1.35287E-10  2.37934E-10 -1.89037E-11  3.80019E-11
  7.750E+01  3.91780E-01 -1.40200E-10  2.32711E-10 -1.93269E-11  3.79482E-11
  7.800E+01  3.96044E-01 -1.44929E-10  2.27454E-10 -1.97443E-11  3.78868E-11
  7.850E+01  4.00316E-01 -1.49477E-10  2.22168E-10 -2.01557E-11  3.78180E-11
  7.900E+01  4.04596E-01 -1.53848E-10  2.16858E-10 -2.05611E-11  3.77418E-11
  7.950E+01  4.08882E-01 -1.58045E-10  2.11527E-10 -2.09605E-11  3.76585E-11
  8.000E+01  4.13176E-01 -1.62071E-10  2.06180E-10 -2.13536E-11  3.75683E-11
  8.050E+01  4.17476E-01 -1.65929E-10  2.00821E-10 -2.17406E-11  3.74713E-11
  8.100E+01  4.21783E-01 -1.69623E-10  1.95453E-10 -2.21212E-11  3.73677E-11
  8.150E+01  4.26095E-01 -1.73156E-10  1.90080E-10 -2.24955E-11  3.72577E-11
  8.200E+01  4.30413E-01 -1.76531E-10  1.84706E-10 -2.28634E-11  3.71415E-11
  8.250E+01  4.34737E-01 -1.79751E-10  1.79333E-10 -2.32248E-11  3.70192E-11
  8.300E+01  4.39065E-01 -1.82820E-10  1.73965E-10 -2.35797E-11  3.68910E-11
  8.350E+01  4.43398E-01 -1.85741E-10  1.68606E-10 -2.39280E-11  3.67570E-11
  8.400E+01  4.47736E-01 -1.88517E-10  1.63256E-10 -2.42697E-11  3.66175E-11
  8.450E+01  4.52077E-01 -1.91150E-10  1.57921E-10 -2.46048E-11  3.64725E-11
  8.500E+01  4.56422E-01 -1.93645E-10  1.52601E-10 -2.49332E-11  3.63223E-11
  8.550E+01  4.60770E-01 -1.96004E-10  1.47300E-10 -2.52548E-11  3.61670E-11
  8.600E+01  4.65122E-01 -1.98230E-10  1.42019E-10 -2.55698E-11  3.60068E-11
  8.650E+01  4.69476E-01 -2.00327E-10  1.36762E-10 -2.58779E-11  3.58417E-11
  8.700E+01  4.73832E-01 -2.02297E-10  1.31530E-10 -2.61793E-11  3.56721E-11
  8.750E+01  4.78190E-01 -2.04144E-10  1.26324E-10 -2.64739E-11  3.54980E-11
  8.800E+01  4.82550E-01 -2.05870E-10  1.21148E-10 -2.67616E-11  3.53195E-11
  8.850E+01  4.86912E-01 -2.07478E-10  1.16003E-10 -2.70426E-11  3.51368E-11
  8.900E+01  4.91274E-01 -2.08972E-10  1.10890E-10 -2.73167E-11  3.49502E-11
  8.950E+01  4.95637E-01 -2.10353E-10  1.05811E-10 -2.75839E-11  3.47596E-11
  9.000E+01  5.00000E-01 -2.11625E-10  1.00767E-10 -2.78443E-11  3.45652E-11
  9.050E+01  5.04363E-01 -2.12791E-10  9.57611E-11 -2.80979E-11  3.43672E-11
  9.100E+01  5.08726E-01 -2.13853E-10  9.07930E-11 -2.83446E-11  3.41657E-11
  9.150E+01  5.13088E-01 -2.14814E-10  8.58645E-11 -2.85844E-11  3.39609E-11
  9.200E+01  5.17450E-01 -2.15677E-10  8.09767E-11 -2.88175E-11  3.37529E-11
  9.250E+01  5.21810E-01 -2.16444E-10  7.61308E-11 -2.90437E-11  3.35417E-11
  9.300E+01  5.26168E-01 -2.17118E-10  7.13276E-11 -2.92631E-11  3.33276E-11
  9.350E+01  5.30524E-01 -2.17701E-10  6.65682E-11 -2.94756E-11  3.31106E-11
  9.400E+01  5.34878E-01 -2.18196E-10  6.18535E-11 -2.96814E-11  3.28909E-11
  9.450E+01  5.39230E-01 -2.18606E-10  5.71842E-11 -2.98804E-11  3.26686E-11
  9.500E+01  5.43578E-01 -2.18933E-10  5.25612E-11 -3.00727E-11  3.24438E-11
  9.550E+01  5.47923E-01 -2.19178E-10  4.79850E-11 -3.02582E-11  3.22167E-11
  9.600E+01  5.52264E-01 -2.19345E-10  4.34564E-11 -3.04371E-11  3.19873E-11
  9.650E+01  5.56602E-01 -2.19436E-10  3.89759E-11 -3.06092E-11  3.17557E-11
  9.700E+01  5.60935E-01 -2.19454E-10  3.45440E-11 -3.07746E-11  3.15221E-11
  9.750E+01  5.65263E-01 -2.19399E-10  3.01612E-11 -3.09335E-11  3.12866E-11
  9.800E+01  5.69587E-01 -2.19275E-10  2.58279E-11 -3.10857E-11  3.10492E-11
  9.850E+01  5.73905E-01 -2.19084E-10  2.15445E-11 -3.12313E-11  3.08101E-11
  9.900E+01  5.78217E-01 -2.18827E-10  1.73113E-11 -3.13704E-11  3.05695E-11
  9.950E+01  5.82524E-01 -2.18508E-10  1.31286E-11 -3.15030E-11  3.03272E-11
  1.000E+02  5.86824E-01 -2.18127E-10  8.99664E-12 -3.16291E-11  3.00836E-11
  1.005E+02  5.91118E-01 -2.17687E-10  4.91561E-12 -3.17487E-11  2.98386E-11
  1.010E+02  5.95404E-01 -2.17190E-10  8.85687E-13 -3.18619E-11  2.95924E-11
  1.015E+02  5.99684E-01 -2.16638E-10 -3.09302E-12 -3.19688E-11  2.93450E-11
  1.020E+02  6.03956E-01 -2.16032E-10 -7.02041E-12 -3.20693E-11  2.90966E-11
  1.025E+02  6.08220E-01 -2.15375E-10 -1.08964E-11 -3.21635E-11  2.88472E-11
  1.030E+02  6.12476E-01 -2.14668E-10 -1.47211E-11 -3.22515E-11  2.85970E-11
  1.035E+02  6.16723E-01 -2.13913E-10 -1.84943E-11 -3.23332E-11  2.83459E-11
  1.040E+02  6.20961E-01 -2.13112E-10 -2.22162E-11 -3.24088E-11  2.80941E-11
  1.045E+02  6.25190E-01 -2.12266E-10 -2.58869E-11 -3.24782E-11  2.78417E-11
  1.050E+02  6.29410E-01 -2.11378E-10 -2.95063E-11 -3.25415E-11  2.75887E-11
  1.055E+02  6.33619E-01 -2.10448E-10 -3.30746E-11 -3.25988E-11  2.73352E-11
  1.060E+02  6.37819E-01 -2.09479E-10 -3.65921E-11 -3.26501E-11  2.70813E-11
  1.065E+02  6.42008E-01 -2.08471E-10 -4.00588E-11 -3.26954E-11  2.68270E-11
  1.070E+02  6.46186E-01 -2.07427E-10 -4.34748E-11 -3.27348E-11  2.65725E-11
  1.075E+02  6.50353E-01 -2.06348E-10 -4.68406E-11 -3.27683E-11  2.63178E-11
  1.080E+02  6.54508E-01 -2.05236E-10 -5.01561E-11 -3.27960E-11  2.60629E-11
  1.085E+02  6.58652E-01 -2.04091E-10 -5.34218E-11 -3.28180E-11  2.58080E-11
  1.090E+02  6.62784E-01 -2.02915E-10 -5.66379E-11 -3.28342E-11  2.55531E-11
  1.095E+02  6.66903E-01 -2.01710E-10 -5.98046E-11 -3.28447E-11  2.52982E-11
  1.100E+02  6.71010E-01 -2.00477E-10 -6.29223E-11 -3.28496E-11  2.50435E-11
  1.105E+02  6.75104E-01 -1.99217E-10 -6.59912E-11 -3.28489E-11  2.47889E-11
  1.110E+02  6.79184E-01 -1.97932E-10 -6.90117E-11 -3.28427E-11  2.45345E-11
  1.115E+02  6.83251E-01 -1.96622E-10 -7.19842E-11 -3.28310E-11  2.42805E-11
  1.120E+02  6.87303E-01 -1.95289E-10 -7.49089E-11 -3.28139E-11  2.40268E-11
  1.125E+02  6.91342E-01 -1.93935E-10 -7.77863E-11 -3.27914E-11  2.37734E-11
  1.130E+02  6.95366E-01 -1.92560E-10 -8.06167E-11 -3.27635E-11  2.35206E-11
  1.135E+02  6.99375E-01 -1.91165E-10 -8.34005E-11 -3.27304E-11  2.32682E-11
  1.140E+02  7.03368E-01 -1.89752E-10 -8.61382E-11 -3.26920E-11  2.30163E-11
  1.145E+02  7.07347E-01 -1.88321E-10 -8.88301E-11 -3.26485E-11  2.27651E-11
  1.150E+02  7.11309E-01 -1.86874E-10 -9.14766E-11 -3.25998E-11  2.25144E-11
  1.155E+02  7.15256E-01 -1.85412E-10 -9.40781E-11 -3.25461E-11  2.22645E-11
  1.160E+02  7.19186E-01 -1.83936E-10 -9.66352E-11 -3.24873E-11  2.20152E-11
  1.165E+02  7.23099E-01 -1.82446E-10 -9.91481E-11 -3.24236E-11  2.17668E-11
  1.170E+02  7.26995E-01 -1.80944E-10 -1.01617E-10 -3.23549E-11  2.15191E-11
  1.175E+02  7.30874E-01 -1.79431E-10 -1.04044E-10 -3.22814E-11  2.12723E-11
  1.180E+02  7.34736E-01 -1.77907E-10 -1.06427E-10 -3.22030E-11  2.10263E-11
  1.185E+02  7.38579E-01 -1.76374E-10 -1.08768E-10 -3.21199E-11  2.07813E-11
  1.190E+02  7.42405E-01 -1.74831E-10 -1.11068E-10 -3.20320E-11  2.05371E-11
  1.195E+02  7.46212E-01 -1.73281E-10 -1.13326E-10 -3.19395E-11  2.02940E-11
  1.200E+02  7.50000E-01 -1.71724E-10 -1.15543E-10 -3.18424E-11  2.00519E-11
  1.205E+02  7.53769E-01 -1.70160E-10 -1.17719E-10 -3.17407E-11  1.98108E-11
  1.210E+02  7.57519E-01 -1.68591E-10 -1.19856E-10 -3.16345E-11  1.95708E-11
  1.215E+02  7.61249E-01 -1.67018E-10 -1.21954E-10 -3.15238E-11  1.93319E-11
  1.220E+02  7.64960E-01 -1.65440E-10 -1.24012E-10 -3.14088E-11  1.90941E-11
  1.225E+02  7.68650E-01 -1.63859E-10 -1.26032E-10 -3.12893E-11  1.88574E-11
  1.230E+02  7.72320E-01 -1.62275E-10 -1.28014E-10 -3.11656E-11  1.86219E-11
  1.235E+02  7.75968E-01 -1.60690E-10 -1.29958E-10 -3.10376E-11  1.83877E-11
  1.240E+02  7.79596E-01 -1.59103E-10 -1.31866E-10 -3.09054E-11  1.81546E-11
  1.245E+02  7.83203E-01 -1.57515E-10 -1.33736E-10 -3.07690E-11  1.79228E-11
  1.250E+02  7.86788E-01 -1.55928E-10 -1.35571E-10 -3.06286E-11  1.76922E-11
  1.255E+02  7.90351E-01 -1.54341E-10 -1.37370E-10 -3.04841E-11  1.74629E-11
  1.260E+02  7.93893E-01 -1.52755E-10 -1.39134E-10 -3.03355E-11  1.72350E-11
  1.265E+02  7.97411E-01 -1.51172E-10 -1.40864E-10 -3.01831E-11  1.70083E-11
  1.270E+02  8.00908E-01 -1.49590E-10 -1.42559E-10 -3.00267E-11  1.67830E-11
  1.275E+02  8.04381E-01 -1.48012E-10 -1.44220E-10 -2.98664E-11  1.65590E-11
  1.280E+02  8.07831E-01 -1.46437E-10 -1.45849E-10 -2.97024E-11  1.63364E-11
  1.285E+02  8.11257E-01 -1.44866E-10 -1.47445E-10 -2.95346E-11  1.61151E-11
  1.290E+02  8.14660E-01 -1.43299E-10 -1.49008E-10 -2.93631E-11  1.58953E-11
  1.295E+02  8.18039E-01 -1.41737E-10 -1.50540E-10 -2.91879E-11  1.56768E-11
  1.300E+02  8.21394E-01 -1.40181E-10 -1.52040E-10 -2.90091E-11  1.54598E-11
  1.305E+02  8.24724E-01 -1.38630E-10 -1.53510E-10 -2.88268E-11  1.52441E-11
  1.310E+02  8.28030E-01 -1.37086E-10 -1.54949E-10 -2.86409E-11  1.50299E-11
  1.315E+02  8.31310E-01 -1.35549E-10 -1.56358E-10 -2.84516E-11  1.48172E-11
  1.320E+02  8.34565E-01 -1.34019E-10 -1.57738E-10 -2.82588E-11  1.46059E-11
  1.325E+02  8.37795E-01 -1.32496E-10 -1.59089E-10 -2.80627E-11  1.43960E-11
  1.330E+02  8.40999E-01 -1.30981E-10 -1.60411E-10 -2.78632E-11  1.41876E-11
  1.335E+02  8.44177E-01 -1.29475E-10 -1.61705E-10 -2.76605E-11  1.39807E-11
  1.340E+02  8.47329E-01 -1.27977E-10 -1.62972E-10 -2.74545E-11  1.37752E-11
  1.345E+02  8.50455E-01 -1.26489E-10 -1.64211E-10 -2.72454E-11  1.35712E-11
  1.350E+02  8.53553E-01 -1.25010E-10 -1.65424E-10 -2.70331E-11  1.33686E-11
  1.355E+02  8.56625E-01 -1.23541E-10 -1.66610E-10 -2.68177E-11  1.31676E-11
  1.360E+02  8.59670E-01 -1.22081E-10 -1.67770E-10 -2.65992E-11  1.29680E-11
  1.365E+02  8.62687E-01 -1.20632E-10 -1.68905E-10 -2.63778E-11  1.27699E-11
  1.370E+02  8.65677E-01 -1.19194E-10 -1.70015E-10 -2.61534E-11  1.25733E-11
  1.375E+02  8.68639E-01 -1.17767E-10 -1.71100E-10 -2.59260E-11  1.23781E-11
  1.380E+02  8.71572E-01 -1.16351E-10 -1.72161E-10 -2.56958E-11  1.21844E-11
  1.385E+02  8.74478E-01 -1.14947E-10 -1.73198E-10 -2.54628E-11  1.19922E-11
  1.390E+02  8.77355E-01 -1.13555E-10 -1.74211E-10 -2.52270E-11  1.18015E-11
  1.395E+02  8.80203E-01 -1.12175E-10 -1.75202E-10 -2.49884E-11  1.16122E-11
  1.400E+02  8.83022E-01 -1.10807E-10 -1.76170E-10 -2.47471E-11  1.14244E-11
  1.405E+02  8.85812E-01 -1.09452E-10 -1.77116E-10 -2.45032E-11  1.12381E-11
  1.410E+02  8.88573E-01 -1.08109E-10 -1.78040E-10 -2.42567E-11  1.10532E-11
  1.415E+02  8.91304E-01 -1.06780E-10 -1.78942E-10 -2.40075E-11  1.08697E-11
  1.420E+02  8.94005E-01 -1.05464E-10 -1.79823E-10 -2.37559E-11  1.06877E-11
  1.425E+02  8.96677E-01 -1.04161E-10 -1.80684E-10 -2.35018E-11  1.05071E-11
  1.430E+02  8.99318E-01 -1.02873E-10 -1.81524E-10 -2.32452E-11  1.03280E-11
  1.435E+02  9.01928E-01 -1.01598E-10 -1.82344E-10 -2.29862E-11  1.01503E-11
  1.440E+02  9.04508E-01 -1.00337E-10 -1.83145E-10 -2.27248E-11  9.97397E-12
  1.445E+02  9.07058E-01 -9.90905E-11 -1.83926E-10 -2.24611E-11  9.79906E-12
  1.450E+02  9.09576E-01 -9.78586E-11 -1.84689E-10 -2.21951E-11  9.62554E-12
  1.455E+02  9.12063E-01 -9.66413E-11 -1.85433E-10 -2.19269E-11  9.45341E-12
  1.460E+02  9.14519E-01 -9.54388E-11 -1.86158E-10 -2.16564E-11  9.28265E-12
  1.465E+02  9.16943E-01 -9.42513E-11 -1.86866E-10 -2.13838E-11  9.11325E-12
  1.470E+02  9.19335E-01 -9.30790E-11 -1.87556E-10 -2.11091E-11  8.94521E-12
  1.475E+02  9.21696E-01 -9.19219E-11 -1.88229E-10 -2.08323E-11  8.77850E-12
  1.480E+02  9.24024E-01 -9.07803E-11 -1.88885E-10 -2.05534E-11  8.61313E-12
  1.485E+02  9.26320E-01 -8.96542E-11 -1.89524E-10 -2.02725E-11  8.44907E-12
  1.490E+02  9.28584E-01 -8.85439E-11 -1.90147E-10 -1.99896E-11  8.28631E-12
  1.495E+02  9.30815E-01 -8.74494E-11 -1.90754E-10 -1.97047E-11  8.12484E-12
  1.500E+02  9.33013E-01 -8.63708E-11 -1.91345E-10 -1.94180E-11  7.96465E-12
  1.505E+02  9.35178E-01 -8.53083E-11 -1.91921E-10 -1.91294E-11  7.80571E-12
  1.510E+02  9.37310E-01 -8.42620E-11 -1.92481E-10 -1.88390E-11  7.64803E-12
  1.515E+02  9.39409E-01 -8.32321E-11 -1.93027E-10 -1.85468E-11  7.49158E-12
  1.520E+02  9.41474E-01 -8.22185E-11 -1.93558E-10 -1.82528E-11  7.33635E-12
  1.525E+02  9.43505E-01 -8.12215E-11 -1.94075E-10 -1.79571E-11  7.18232E-12
  1.530E+02  9.45503E-01 -8.02411E-11 -1.94577E-10 -1.76597E-11  7.02947E-12
  1.535E+02  9.47467E-01 -7.92773E-11 -1.95066E-10 -1.73606E-11  6.87780E-12
  1.540E+02  9.49397E-01 -7.83304E-11 -1.95542E-10 -1.70600E-11  6.72728E-12
  1.545E+02  9.51293E-01 -7.74004E-11 -1.96004E-10 -1.67577E-11  6.57789E-12
  1.550E+02  9.53154E-01 -7.64873E-11 -1.96453E-10 -1.64539E-11  6.42963E-12
  1.555E+02  9.54981E-01 -7.55913E-11 -1.96889E-10 -1.61486E-11  6.28247E-12
  1.560E+02  9.56773E-01 -7.47125E-11 -1.97313E-10 -1.58419E-11  6.13640E-12
  1.565E+02  9.58530E-01 -7.38508E-11 -1.97724E-10 -1.55336E-11  5.99139E-12
  1.570E+02  9.60252E-01 -7.30064E-11 -1.98124E-10 -1.52240E-11  5.84743E-12
  1.575E+02  9.61940E-01 -7.21793E-11 -1.98511E-10 -1.49130E-11  5.70450E-12
  1.580E+02  9.63592E-01 -7.13697E-11 -1.98887E-10 -1.46006E-11  5.56258E-12
  1.585E+02  9.65209E-01 -7.05775E-11 -1.99251E-10 -1.42870E-11  5.42166E-12
  1.590E+02  9.66790E-01 -6.98029E-11 -1.99604E-10 -1.39720E-11  5.28171E-12
  1.595E+02  9.68336E-01 -6.90458E-11 -1.99946E-10 -1.36558E-11  5.14271E-12
  1.600E+02  9.69846E-01 -6.83064E-11 -2.00278E-10 -1.33384E-11  5.00465E-12
  1.605E+02  9.71321E-01 -6.75847E-11 -2.00598E-10 -1.30198E-11  4.86750E-12
  1.610E+02  9.72759E-01 -6.68807E-11 -2.00908E-10 -1.27001E-11  4.73125E-12
  1.615E+02  9.74162E-01 -6.61945E-11 -2.01208E-10 -1.23793E-11  4.59587E-12
  1.620E+02  9.75528E-01 -6.55261E-11 -2.01498E-10 -1.20573E-11  4.46134E-12
  1.625E+02  9.76858E-01 -6.48757E-11 -2.01777E-10 -1.17343E-11  4.32765E-12
  1.630E+02  9.78152E-01 -6.42431E-11 -2.02047E-10 -1.14103E-11  4.19477E-12
  1.635E+02  9.79410E-01 -6.36285E-11 -2.02308E-10 -1.10853E-11  4.06268E-12
  1.640E+02  9.80631E-01 -6.30319E-11 -2.02559E-10 -1.07594E-11  3.93135E-12
  1.645E+02  9.81815E-01 -6.24534E-11 -2.02801E-10 -1.04325E-11  3.80078E-12
  1.650E+02  9.82963E-01 -6.18929E-11 -2.03033E-10 -1.01047E-11  3.67093E-12
  1.655E+02  9.84074E-01 -6.13505E-11 -2.03257E-10 -9.77601E-12  3.54178E-12
  1.660E+02  9.85148E-01 -6.08262E-11 -2.03471E-10 -9.44651E-12  3.41332E-12
  1.665E+02  9.86185E-01 -6.03201E-11 -2.03677E-10 -9.11621E-12  3.28551E-12
  1.670E+02  9.87185E-01 -5.98322E-11 -2.03875E-10 -8.78513E-12  3.15834E-12
  1.675E+02  9.88148E-01 -5.93625E-11 -2.04063E-10 -8.45330E-12  3.03179E-12
  1.680E+02  9.89074E-01 -5.89111E-11 -2.04244E-10 -8.12075E-12  2.90583E-12
  1.685E+02  9.89962E-01 -5.84779E-11 -2.04416E-10 -7.78751E-12  2.78044E-12
  1.690E+02  9.90814E-01 -5.80629E-11 -2.04580E-10 -7.45362E-12  2.65560E-12
  1.695E+02  9.91627E-01 -5.76663E-11 -2.04737E-10 -7.11909E-12  2.53128E-12
  1.700E+02  9.92404E-01 -5.72881E-11 -2.04885E-10 -6.78397E-12  2.40746E-12
  1.705E+02  9.93143E-01 -5.69281E-11 -2.05025E-10 -6.44828E-12  2.28412E-12
  1.710E+02  9.93844E-01 -5.65865E-11 -2.05158E-10 -6.11204E-12  2.16124E-12
  1.715E+02  9.94508E-01 -5.62633E-11 -2.05283E-10 -5.77529E-12  2.03878E-12
  1.720E+02  9.95134E-01 -5.59585E-11 -2.05400E-10 -5.43806E-12  1.91673E-12
  1.725E+02  9.95722E-01 -5.56721E-11 -2.05510E-10 -5.10038E-12  1.79507E-12
  1.730E+02  9.96273E-01 -5.54041E-11 -2.05612E-10 -4.76227E-12  1.67377E-12
  1.735E+02  9.96786E-01 -5.51546E-11 -2.05708E-10 -4.42376E-12  1.55280E-12
  1.740E+02  9.97261E-01 -5.49235E-11 -2.05795E-10 -4.08488E-12  1.43215E-12
  1.745E+02  9.97698E-01 -5.47108E-11 -2.05876E-10 -3.74567E-12  1.31178E-12
  1.750E+02  9.98097E-01 -5.45166E-11 -2.05949E-10 -3.40614E-12  1.19168E-12
  1.755E+02  9.98459E-01 -5.43409E-11 -2.06016E-10 -3.06633E-12  1.07183E-12
  1.760E+02  9.98782E-01 -5.41836E-11 -2.06075E-10 -2.72627E-12  9.52187E-13
  1.765E+02  9.99067E-01 -5.40449E-11 -2.06127E-10 -2.38598E-12  8.32741E-13
  1.770E+02  9.99315E-01 -5.39246E-11 -2.06172E-10 -2.04549E-12  7.13463E-13
  1.775E+02  9.99524E-01 -5.38228E-11 -2.06210E-10 -1.70483E-12  5.94331E-13
  1.780E+02  9.99695E-01 -5.37395E-11 -2.06241E-10 -1.36404E-12  4.75319E-13
  1.785E+02  9.99829E-01 -5.36747E-11 -2.06265E-10 -1.02313E-12  3.56405E-13
  1.790E+02  9.99924E-01 -5.36285E-11 -2.06283E-10 -6.82131E-13  2.37563E-13
  1.795E+02  9.99981E-01 -5.36007E-11 -2.06293E-10 -3.41080E-13  1.18769E-13
  1.800E+02  1.00000E+00 -5.35914E-11 -2.06296E-10 -4.78658E-27  1.66668E-27
