 #  Scattering field.
 #  All quantities in atomic units (a.u.), unless otherwise indicated.
 #  Z =  80, NELEC =  80,   projectile: electron
 #  Kinetic energy = 9.18733E+02 a.u. = 2.50000E+04 eV
 #
 #   i       r           r*V         r*Vst        r*Vex       r*Vpol       r*Wabs        rho_e
 #------------------------------------------------------------------------------------------------
     1  0.00000E+00 -0.00000E+00 -0.00000E+00  0.00000E+00  0.00000E+00  0.00000E+00  3.14134E+09
     2  2.73270E-07 -2.66751E-01 -2.63991E-01 -2.76009E-03  0.00000E+00  0.00000E+00  3.14134E+09
     3  5.52859E-07 -5.36858E-01 -5.34084E-01 -2.77452E-03  0.00000E+00  0.00000E+00  1.55271E+09
     4  8.38903E-07 -8.13185E-01 -8.10406E-01 -2.77940E-03  0.00000E+00  0.00000E+00  1.02327E+09
     5  1.13155E-06 -1.09588E+00 -1.09310E+00 -2.78187E-03  0.00000E+00  0.00000E+00  7.58620E+08
     6  1.43096E-06 -1.38509E+00 -1.38230E+00 -2.78338E-03  0.00000E+00  0.00000E+00  5.99887E+08
     7  1.73727E-06 -1.68095E+00 -1.67817E+00 -2.78440E-03  0.00000E+00  0.00000E+00  4.94111E+08
     8  2.05066E-06 -1.98363E+00 -1.98084E+00 -2.78516E-03  0.00000E+00  0.00000E+00  4.18596E+08
     9  2.37129E-06 -2.29326E+00 -2.29048E+00 -2.78576E-03  0.00000E+00  0.00000E+00  3.61994E+08
    10  2.69932E-06 -2.61001E+00 -2.60723E+00 -2.78626E-03  0.00000E+00  0.00000E+00  3.18001E+08
    11  3.03492E-06 -2.93403E+00 -2.93125E+00 -2.78669E-03  0.00000E+00  0.00000E+00  2.82835E+08
    12  3.37827E-06 -3.26549E+00 -3.26270E+00 -2.78708E-03  0.00000E+00  0.00000E+00  2.54087E+08
    13  3.72955E-06 -3.60454E+00 -3.60175E+00 -2.78744E-03  0.00000E+00  0.00000E+00  2.30153E+08
    14  4.08893E-06 -3.95135E+00 -3.94857E+00 -2.78779E-03  0.00000E+00  0.00000E+00  2.09922E+08
    15  4.45662E-06 -4.30610E+00 -4.30332E+00 -2.78813E-03  0.00000E+00  0.00000E+00  1.92602E+08
    16  4.83279E-06 -4.66896E+00 -4.66617E+00 -2.78847E-03  0.00000E+00  0.00000E+00  1.77608E+08
    17  5.21765E-06 -5.04010E+00 -5.03731E+00 -2.78882E-03  0.00000E+00  0.00000E+00  1.64506E+08
    18  5.61140E-06 -5.41970E+00 -5.41691E+00 -2.78918E-03  0.00000E+00  0.00000E+00  1.52962E+08
    19  6.01423E-06 -5.80794E+00 -5.80515E+00 -2.78955E-03  0.00000E+00  0.00000E+00  1.42715E+08
    20  6.42637E-06 -6.20501E+00 -6.20222E+00 -2.78995E-03  0.00000E+00  0.00000E+00  1.33561E+08
    21  6.84802E-06 -6.61109E+00 -6.60830E+00 -2.79036E-03  0.00000E+00  0.00000E+00  1.25336E+08
    22  7.27941E-06 -7.02639E+00 -7.02360E+00 -2.79080E-03  0.00000E+00  0.00000E+00  1.17907E+08
    23  7.72076E-06 -7.45108E+00 -7.44829E+00 -2.79126E-03  0.00000E+00  0.00000E+00  1.11166E+08
    24  8.17229E-06 -7.88536E+00 -7.88257E+00 -2.79175E-03  0.00000E+00  0.00000E+00  1.05023E+08
    25  8.63426E-06 -8.32944E+00 -8.32665E+00 -2.79228E-03  0.00000E+00  0.00000E+00  9.94029E+07
    26  9.10688E-06 -8.78352E+00 -8.78073E+00 -2.79284E-03  0.00000E+00  0.00000E+00  9.42430E+07
    27  9.59042E-06 -9.24780E+00 -9.24501E+00 -2.79344E-03  0.00000E+00  0.00000E+00  8.94904E+07
    28  1.00851E-05 -9.72248E+00 -9.71969E+00 -2.79409E-03  0.00000E+00  0.00000E+00  8.50997E+07
    29  1.05913E-05 -1.02078E+01 -1.02050E+01 -2.79477E-03  0.00000E+00  0.00000E+00  8.10321E+07
    30  1.11091E-05 -1.07039E+01 -1.07011E+01 -2.79550E-03  0.00000E+00  0.00000E+00  7.72541E+07
    31  1.16388E-05 -1.12111E+01 -1.12083E+01 -2.79629E-03  0.00000E+00  0.00000E+00  7.37369E+07
    32  1.21808E-05 -1.17295E+01 -1.17267E+01 -2.79712E-03  0.00000E+00  0.00000E+00  7.04550E+07
    33  1.27353E-05 -1.22594E+01 -1.22566E+01 -2.79802E-03  0.00000E+00  0.00000E+00  6.73864E+07
    34  1.33027E-05 -1.28010E+01 -1.27982E+01 -2.79897E-03  0.00000E+00  0.00000E+00  6.45118E+07
    35  1.38831E-05 -1.33545E+01 -1.33517E+01 -2.79999E-03  0.00000E+00  0.00000E+00  6.18139E+07
    36  1.44769E-05 -1.39201E+01 -1.39173E+01 -2.80107E-03  0.00000E+00  0.00000E+00  5.92776E+07
    37  1.50844E-05 -1.44980E+01 -1.44952E+01 -2.80223E-03  0.00000E+00  0.00000E+00  5.68894E+07
    38  1.57059E-05 -1.50886E+01 -1.50858E+01 -2.80346E-03  0.00000E+00  0.00000E+00  5.46373E+07
    39  1.63418E-05 -1.56919E+01 -1.56891E+01 -2.80477E-03  0.00000E+00  0.00000E+00  5.25105E+07
    40  1.69924E-05 -1.63082E+01 -1.63054E+01 -2.80617E-03  0.00000E+00  0.00000E+00  5.04993E+07
    41  1.76580E-05 -1.69378E+01 -1.69349E+01 -2.80766E-03  0.00000E+00  0.00000E+00  4.85950E+07
    42  1.83390E-05 -1.75808E+01 -1.75779E+01 -2.80924E-03  0.00000E+00  0.00000E+00  4.67898E+07
    43  1.90357E-05 -1.82374E+01 -1.82346E+01 -2.81093E-03  0.00000E+00  0.00000E+00  4.50767E+07
    44  1.97485E-05 -1.89079E+01 -1.89051E+01 -2.81271E-03  0.00000E+00  0.00000E+00  4.34490E+07
    45  2.04777E-05 -1.95926E+01 -1.95897E+01 -2.81461E-03  0.00000E+00  0.00000E+00  4.19010E+07
    46  2.12238E-05 -2.02915E+01 -2.02886E+01 -2.81663E-03  0.00000E+00  0.00000E+00  4.04274E+07
    47  2.19871E-05 -2.10049E+01 -2.10020E+01 -2.81878E-03  0.00000E+00  0.00000E+00  3.90233E+07
    48  2.27680E-05 -2.17329E+01 -2.17301E+01 -2.82105E-03  0.00000E+00  0.00000E+00  3.76841E+07
    49  2.35669E-05 -2.24759E+01 -2.24731E+01 -2.82347E-03  0.00000E+00  0.00000E+00  3.64059E+07
    50  2.43843E-05 -2.32339E+01 -2.32311E+01 -2.82603E-03  0.00000E+00  0.00000E+00  3.51849E+07
    51  2.52206E-05 -2.40072E+01 -2.40043E+01 -2.82875E-03  0.00000E+00  0.00000E+00  3.40176E+07
    52  2.60762E-05 -2.47958E+01 -2.47930E+01 -2.83163E-03  0.00000E+00  0.00000E+00  3.29008E+07
    53  2.69515E-05 -2.56000E+01 -2.55971E+01 -2.83468E-03  0.00000E+00  0.00000E+00  3.18316E+07
    54  2.78470E-05 -2.64199E+01 -2.64170E+01 -2.83792E-03  0.00000E+00  0.00000E+00  3.08073E+07
    55  2.87632E-05 -2.72555E+01 -2.72527E+01 -2.84135E-03  0.00000E+00  0.00000E+00  2.98254E+07
    56  2.97006E-05 -2.81072E+01 -2.81043E+01 -2.84499E-03  0.00000E+00  0.00000E+00  2.88834E+07
    57  3.06596E-05 -2.89748E+01 -2.89720E+01 -2.84884E-03  0.00000E+00  0.00000E+00  2.79794E+07
    58  3.16408E-05 -2.98586E+01 -2.98557E+01 -2.85292E-03  0.00000E+00  0.00000E+00  2.71112E+07
    59  3.26446E-05 -3.07585E+01 -3.07556E+01 -2.85724E-03  0.00000E+00  0.00000E+00  2.62769E+07
    60  3.36715E-05 -3.16746E+01 -3.16717E+01 -2.86182E-03  0.00000E+00  0.00000E+00  2.54749E+07
    61  3.47222E-05 -3.26069E+01 -3.26040E+01 -2.86667E-03  0.00000E+00  0.00000E+00  2.47034E+07
    62  3.57972E-05 -3.35554E+01 -3.35525E+01 -2.87180E-03  0.00000E+00  0.00000E+00  2.39610E+07
    63  3.68969E-05 -3.45200E+01 -3.45172E+01 -2.87723E-03  0.00000E+00  0.00000E+00  2.32462E+07
    64  3.80221E-05 -3.55007E+01 -3.54979E+01 -2.88299E-03  0.00000E+00  0.00000E+00  2.25577E+07
    65  3.91732E-05 -3.64974E+01 -3.64945E+01 -2.88908E-03  0.00000E+00  0.00000E+00  2.18943E+07
    66  4.03510E-05 -3.75098E+01 -3.75069E+01 -2.89553E-03  0.00000E+00  0.00000E+00  2.12547E+07
    67  4.15559E-05 -3.85377E+01 -3.85348E+01 -2.90236E-03  0.00000E+00  0.00000E+00  2.06378E+07
    68  4.27886E-05 -3.95811E+01 -3.95782E+01 -2.90960E-03  0.00000E+00  0.00000E+00  2.00427E+07
    69  4.40498E-05 -4.06394E+01 -4.06365E+01 -2.91726E-03  0.00000E+00  0.00000E+00  1.94683E+07
    70  4.53401E-05 -4.17124E+01 -4.17095E+01 -2.92537E-03  0.00000E+00  0.00000E+00  1.89137E+07
    71  4.66602E-05 -4.27997E+01 -4.27968E+01 -2.93397E-03  0.00000E+00  0.00000E+00  1.83781E+07
    72  4.80107E-05 -4.39008E+01 -4.38979E+01 -2.94307E-03  0.00000E+00  0.00000E+00  1.78605E+07
    73  4.93925E-05 -4.50151E+01 -4.50122E+01 -2.95272E-03  0.00000E+00  0.00000E+00  1.73603E+07
    74  5.08061E-05 -4.61420E+01 -4.61391E+01 -2.96295E-03  0.00000E+00  0.00000E+00  1.68767E+07
    75  5.22524E-05 -4.72808E+01 -4.72778E+01 -2.97379E-03  0.00000E+00  0.00000E+00  1.64091E+07
    76  5.37321E-05 -4.84307E+01 -4.84277E+01 -2.98528E-03  0.00000E+00  0.00000E+00  1.59566E+07
    77  5.52459E-05 -4.95908E+01 -4.95878E+01 -2.99747E-03  0.00000E+00  0.00000E+00  1.55189E+07
    78  5.67947E-05 -5.07600E+01 -5.07570E+01 -3.01040E-03  0.00000E+00  0.00000E+00  1.50951E+07
    79  5.83793E-05 -5.19373E+01 -5.19343E+01 -3.02412E-03  0.00000E+00  0.00000E+00  1.46849E+07
    80  6.00004E-05 -5.31214E+01 -5.31184E+01 -3.03869E-03  0.00000E+00  0.00000E+00  1.42876E+07
    81  6.16590E-05 -5.43110E+01 -5.43079E+01 -3.05416E-03  0.00000E+00  0.00000E+00  1.39027E+07
    82  6.33559E-05 -5.55045E+01 -5.55014E+01 -3.07059E-03  0.00000E+00  0.00000E+00  1.35298E+07
    83  6.50919E-05 -5.67002E+01 -5.66971E+01 -3.08806E-03  0.00000E+00  0.00000E+00  1.31685E+07
    84  6.68680E-05 -5.78964E+01 -5.78933E+01 -3.10663E-03  0.00000E+00  0.00000E+00  1.28182E+07
    85  6.86852E-05 -5.90910E+01 -5.90878E+01 -3.12639E-03  0.00000E+00  0.00000E+00  1.24785E+07
    86  7.05442E-05 -6.02818E+01 -6.02786E+01 -3.14742E-03  0.00000E+00  0.00000E+00  1.21492E+07
    87  7.24462E-05 -6.14665E+01 -6.14633E+01 -3.16982E-03  0.00000E+00  0.00000E+00  1.18297E+07
    88  7.43922E-05 -6.26424E+01 -6.26392E+01 -3.19370E-03  0.00000E+00  0.00000E+00  1.15197E+07
    89  7.63830E-05 -6.38067E+01 -6.38035E+01 -3.21915E-03  0.00000E+00  0.00000E+00  1.12190E+07
    90  7.84198E-05 -6.49565E+01 -6.49533E+01 -3.24631E-03  0.00000E+00  0.00000E+00  1.09271E+07
    91  8.05036E-05 -6.60884E+01 -6.60851E+01 -3.27530E-03  0.00000E+00  0.00000E+00  1.06437E+07
    92  8.26356E-05 -6.71990E+01 -6.71956E+01 -3.30628E-03  0.00000E+00  0.00000E+00  1.03686E+07
    93  8.48167E-05 -6.82844E+01 -6.82811E+01 -3.33940E-03  0.00000E+00  0.00000E+00  1.01015E+07
    94  8.70483E-05 -6.93408E+01 -6.93374E+01 -3.37483E-03  0.00000E+00  0.00000E+00  9.84201E+06
    95  8.93313E-05 -7.03639E+01 -7.03605E+01 -3.41276E-03  0.00000E+00  0.00000E+00  9.58998E+06
    96  9.16671E-05 -7.13495E+01 -7.13461E+01 -3.45339E-03  0.00000E+00  0.00000E+00  9.34512E+06
    97  9.40568E-05 -7.22931E+01 -7.22896E+01 -3.49692E-03  0.00000E+00  0.00000E+00  9.10719E+06
    98  9.65016E-05 -7.31901E+01 -7.31865E+01 -3.54359E-03  0.00000E+00  0.00000E+00  8.87596E+06
    99  9.90029E-05 -7.40361E+01 -7.40325E+01 -3.59363E-03  0.00000E+00  0.00000E+00  8.65122E+06
   100  1.01562E-04 -7.48268E+01 -7.48232E+01 -3.64728E-03  0.00000E+00  0.00000E+00  8.43274E+06
   101  1.04180E-04 -7.55584E+01 -7.55547E+01 -3.70478E-03  0.00000E+00  0.00000E+00  8.22032E+06
   102  1.06859E-04 -7.62276E+01 -7.62239E+01 -3.76636E-03  0.00000E+00  0.00000E+00  8.01378E+06
   103  1.09599E-04 -7.68319E+01 -7.68281E+01 -3.83224E-03  0.00000E+00  0.00000E+00  7.81291E+06
   104  1.12403E-04 -7.73700E+01 -7.73661E+01 -3.90259E-03  0.00000E+00  0.00000E+00  7.61754E+06
   105  1.15271E-04 -7.78417E+01 -7.78377E+01 -3.97756E-03  0.00000E+00  0.00000E+00  7.42750E+06
   106  1.18206E-04 -7.82485E+01 -7.82445E+01 -4.05723E-03  0.00000E+00  0.00000E+00  7.24261E+06
   107  1.21208E-04 -7.85934E+01 -7.85893E+01 -4.14162E-03  0.00000E+00  0.00000E+00  7.06272E+06
   108  1.24280E-04 -7.88807E+01 -7.88765E+01 -4.23068E-03  0.00000E+00  0.00000E+00  6.88767E+06
   109  1.27423E-04 -7.91157E+01 -7.91114E+01 -4.32432E-03  0.00000E+00  0.00000E+00  6.71732E+06
   110  1.30638E-04 -7.93047E+01 -7.93003E+01 -4.42240E-03  0.00000E+00  0.00000E+00  6.55151E+06
   111  1.33927E-04 -7.94541E+01 -7.94496E+01 -4.52472E-03  0.00000E+00  0.00000E+00  6.39012E+06
   112  1.37293E-04 -7.95703E+01 -7.95657E+01 -4.63111E-03  0.00000E+00  0.00000E+00  6.23300E+06
   113  1.40736E-04 -7.96593E+01 -7.96546E+01 -4.74139E-03  0.00000E+00  0.00000E+00  6.08003E+06
   114  1.44258E-04 -7.97265E+01 -7.97216E+01 -4.85539E-03  0.00000E+00  0.00000E+00  5.93109E+06
   115  1.47862E-04 -7.97763E+01 -7.97713E+01 -4.97296E-03  0.00000E+00  0.00000E+00  5.78605E+06
   116  1.51549E-04 -7.98127E+01 -7.98076E+01 -5.09400E-03  0.00000E+00  0.00000E+00  5.64480E+06
   117  1.55321E-04 -7.98388E+01 -7.98336E+01 -5.21841E-03  0.00000E+00  0.00000E+00  5.50723E+06
   118  1.59181E-04 -7.98572E+01 -7.98518E+01 -5.34613E-03  0.00000E+00  0.00000E+00  5.37324E+06
   119  1.63129E-04 -7.98697E+01 -7.98642E+01 -5.47713E-03  0.00000E+00  0.00000E+00  5.24271E+06
   120  1.67169E-04 -7.98779E+01 -7.98722E+01 -5.61140E-03  0.00000E+00  0.00000E+00  5.11555E+06
   121  1.71302E-04 -7.98829E+01 -7.98771E+01 -5.74894E-03  0.00000E+00  0.00000E+00  4.99166E+06
   122  1.75530E-04 -7.98856E+01 -7.98797E+01 -5.88978E-03  0.00000E+00  0.00000E+00  4.87094E+06
   123  1.79856E-04 -7.98867E+01 -7.98807E+01 -6.03395E-03  0.00000E+00  0.00000E+00  4.75332E+06
   124  1.84282E-04 -7.98866E+01 -7.98804E+01 -6.18149E-03  0.00000E+00  0.00000E+00  4.63869E+06
   125  1.88809E-04 -7.98856E+01 -7.98793E+01 -6.33246E-03  0.00000E+00  0.00000E+00  4.52698E+06
   126  1.93442E-04 -7.98840E+01 -7.98775E+01 -6.48691E-03  0.00000E+00  0.00000E+00  4.41810E+06
   127  1.98181E-04 -7.98820E+01 -7.98753E+01 -6.64492E-03  0.00000E+00  0.00000E+00  4.31197E+06
   128  2.03030E-04 -7.98796E+01 -7.98728E+01 -6.80656E-03  0.00000E+00  0.00000E+00  4.20853E+06
   129  2.07991E-04 -7.98770E+01 -7.98700E+01 -6.97189E-03  0.00000E+00  0.00000E+00  4.10768E+06
   130  2.13066E-04 -7.98742E+01 -7.98671E+01 -7.14101E-03  0.00000E+00  0.00000E+00  4.00937E+06
   131  2.18259E-04 -7.98713E+01 -7.98640E+01 -7.31399E-03  0.00000E+00  0.00000E+00  3.91352E+06
   132  2.23571E-04 -7.98683E+01 -7.98608E+01 -7.49092E-03  0.00000E+00  0.00000E+00  3.82006E+06
   133  2.29006E-04 -7.98651E+01 -7.98575E+01 -7.67188E-03  0.00000E+00  0.00000E+00  3.72894E+06
   134  2.34567E-04 -7.98619E+01 -7.98540E+01 -7.85696E-03  0.00000E+00  0.00000E+00  3.64008E+06
   135  2.40256E-04 -7.98586E+01 -7.98505E+01 -8.04626E-03  0.00000E+00  0.00000E+00  3.55342E+06
   136  2.46076E-04 -7.98552E+01 -7.98469E+01 -8.23987E-03  0.00000E+00  0.00000E+00  3.46891E+06
   137  2.52030E-04 -7.98517E+01 -7.98432E+01 -8.43789E-03  0.00000E+00  0.00000E+00  3.38649E+06
   138  2.58123E-04 -7.98481E+01 -7.98395E+01 -8.64041E-03  0.00000E+00  0.00000E+00  3.30611E+06
   139  2.64355E-04 -7.98445E+01 -7.98356E+01 -8.84754E-03  0.00000E+00  0.00000E+00  3.22770E+06
   140  2.70732E-04 -7.98407E+01 -7.98316E+01 -9.05938E-03  0.00000E+00  0.00000E+00  3.15122E+06
   141  2.77256E-04 -7.98369E+01 -7.98276E+01 -9.27603E-03  0.00000E+00  0.00000E+00  3.07661E+06
   142  2.83930E-04 -7.98330E+01 -7.98235E+01 -9.49760E-03  0.00000E+00  0.00000E+00  3.00383E+06
   143  2.90759E-04 -7.98290E+01 -7.98192E+01 -9.72421E-03  0.00000E+00  0.00000E+00  2.93282E+06
   144  2.97745E-04 -7.98249E+01 -7.98149E+01 -9.95596E-03  0.00000E+00  0.00000E+00  2.86355E+06
   145  3.04892E-04 -7.98207E+01 -7.98105E+01 -1.01930E-02  0.00000E+00  0.00000E+00  2.79596E+06
   146  3.12205E-04 -7.98164E+01 -7.98059E+01 -1.04353E-02  0.00000E+00  0.00000E+00  2.73002E+06
   147  3.19686E-04 -7.98120E+01 -7.98013E+01 -1.06832E-02  0.00000E+00  0.00000E+00  2.66567E+06
   148  3.27340E-04 -7.98075E+01 -7.97965E+01 -1.09367E-02  0.00000E+00  0.00000E+00  2.60289E+06
   149  3.35171E-04 -7.98029E+01 -7.97917E+01 -1.11960E-02  0.00000E+00  0.00000E+00  2.54162E+06
   150  3.43183E-04 -7.97982E+01 -7.97867E+01 -1.14611E-02  0.00000E+00  0.00000E+00  2.48183E+06
   151  3.51379E-04 -7.97934E+01 -7.97817E+01 -1.17322E-02  0.00000E+00  0.00000E+00  2.42348E+06
   152  3.59765E-04 -7.97885E+01 -7.97765E+01 -1.20094E-02  0.00000E+00  0.00000E+00  2.36654E+06
   153  3.68344E-04 -7.97834E+01 -7.97711E+01 -1.22929E-02  0.00000E+00  0.00000E+00  2.31096E+06
   154  3.77122E-04 -7.97783E+01 -7.97657E+01 -1.25828E-02  0.00000E+00  0.00000E+00  2.25672E+06
   155  3.86102E-04 -7.97730E+01 -7.97601E+01 -1.28793E-02  0.00000E+00  0.00000E+00  2.20378E+06
   156  3.95289E-04 -7.97676E+01 -7.97545E+01 -1.31825E-02  0.00000E+00  0.00000E+00  2.15211E+06
   157  4.04689E-04 -7.97621E+01 -7.97486E+01 -1.34924E-02  0.00000E+00  0.00000E+00  2.10167E+06
   158  4.14305E-04 -7.97565E+01 -7.97427E+01 -1.38094E-02  0.00000E+00  0.00000E+00  2.05244E+06
   159  4.24144E-04 -7.97507E+01 -7.97366E+01 -1.41336E-02  0.00000E+00  0.00000E+00  2.00438E+06
   160  4.34209E-04 -7.97448E+01 -7.97304E+01 -1.44650E-02  0.00000E+00  0.00000E+00  1.95746E+06
   161  4.44507E-04 -7.97388E+01 -7.97240E+01 -1.48039E-02  0.00000E+00  0.00000E+00  1.91166E+06
   162  4.55043E-04 -7.97326E+01 -7.97175E+01 -1.51504E-02  0.00000E+00  0.00000E+00  1.86695E+06
   163  4.65822E-04 -7.97263E+01 -7.97108E+01 -1.55047E-02  0.00000E+00  0.00000E+00  1.82330E+06
   164  4.76850E-04 -7.97199E+01 -7.97040E+01 -1.58670E-02  0.00000E+00  0.00000E+00  1.78068E+06
   165  4.88132E-04 -7.97133E+01 -7.96970E+01 -1.62374E-02  0.00000E+00  0.00000E+00  1.73908E+06
   166  4.99675E-04 -7.97065E+01 -7.96899E+01 -1.66162E-02  0.00000E+00  0.00000E+00  1.69845E+06
   167  5.11485E-04 -7.96996E+01 -7.96826E+01 -1.70034E-02  0.00000E+00  0.00000E+00  1.65879E+06
   168  5.23567E-04 -7.96925E+01 -7.96751E+01 -1.73993E-02  0.00000E+00  0.00000E+00  1.62006E+06
   169  5.35928E-04 -7.96853E+01 -7.96675E+01 -1.78040E-02  0.00000E+00  0.00000E+00  1.58225E+06
   170  5.48574E-04 -7.96779E+01 -7.96597E+01 -1.82179E-02  0.00000E+00  0.00000E+00  1.54533E+06
   171  5.61513E-04 -7.96703E+01 -7.96517E+01 -1.86410E-02  0.00000E+00  0.00000E+00  1.50927E+06
   172  5.74750E-04 -7.96626E+01 -7.96435E+01 -1.90735E-02  0.00000E+00  0.00000E+00  1.47406E+06
   173  5.88292E-04 -7.96547E+01 -7.96352E+01 -1.95157E-02  0.00000E+00  0.00000E+00  1.43969E+06
   174  6.02148E-04 -7.96466E+01 -7.96266E+01 -1.99677E-02  0.00000E+00  0.00000E+00  1.40611E+06
   175  6.16323E-04 -7.96383E+01 -7.96179E+01 -2.04299E-02  0.00000E+00  0.00000E+00  1.37333E+06
   176  6.30825E-04 -7.96298E+01 -7.96089E+01 -2.09023E-02  0.00000E+00  0.00000E+00  1.34131E+06
   177  6.45662E-04 -7.96212E+01 -7.95998E+01 -2.13853E-02  0.00000E+00  0.00000E+00  1.31004E+06
   178  6.60842E-04 -7.96123E+01 -7.95904E+01 -2.18790E-02  0.00000E+00  0.00000E+00  1.27951E+06
   179  6.76372E-04 -7.96033E+01 -7.95809E+01 -2.23836E-02  0.00000E+00  0.00000E+00  1.24968E+06
   180  6.92261E-04 -7.95940E+01 -7.95711E+01 -2.28995E-02  0.00000E+00  0.00000E+00  1.22056E+06
   181  7.08516E-04 -7.95845E+01 -7.95611E+01 -2.34268E-02  0.00000E+00  0.00000E+00  1.19211E+06
   182  7.25147E-04 -7.95748E+01 -7.95508E+01 -2.39658E-02  0.00000E+00  0.00000E+00  1.16433E+06
   183  7.42162E-04 -7.95649E+01 -7.95404E+01 -2.45167E-02  0.00000E+00  0.00000E+00  1.13719E+06
   184  7.59569E-04 -7.95547E+01 -7.95297E+01 -2.50798E-02  0.00000E+00  0.00000E+00  1.11069E+06
   185  7.77379E-04 -7.95444E+01 -7.95187E+01 -2.56554E-02  0.00000E+00  0.00000E+00  1.08480E+06
   186  7.95599E-04 -7.95337E+01 -7.95075E+01 -2.62436E-02  0.00000E+00  0.00000E+00  1.05951E+06
   187  8.14240E-04 -7.95229E+01 -7.94960E+01 -2.68448E-02  0.00000E+00  0.00000E+00  1.03482E+06
   188  8.33312E-04 -7.95118E+01 -7.94843E+01 -2.74593E-02  0.00000E+00  0.00000E+00  1.01069E+06
   189  8.52823E-04 -7.95004E+01 -7.94723E+01 -2.80872E-02  0.00000E+00  0.00000E+00  9.87127E+05
   190  8.72785E-04 -7.94888E+01 -7.94601E+01 -2.87290E-02  0.00000E+00  0.00000E+00  9.64109E+05
   191  8.93208E-04 -7.94769E+01 -7.94475E+01 -2.93848E-02  0.00000E+00  0.00000E+00  9.41625E+05
   192  9.14103E-04 -7.94648E+01 -7.94347E+01 -3.00550E-02  0.00000E+00  0.00000E+00  9.19662E+05
   193  9.35480E-04 -7.94523E+01 -7.94216E+01 -3.07399E-02  0.00000E+00  0.00000E+00  8.98207E+05
   194  9.57350E-04 -7.94396E+01 -7.94082E+01 -3.14397E-02  0.00000E+00  0.00000E+00  8.77249E+05
   195  9.79725E-04 -7.94266E+01 -7.93945E+01 -3.21548E-02  0.00000E+00  0.00000E+00  8.56775E+05
   196  1.00262E-03 -7.94133E+01 -7.93805E+01 -3.28855E-02  0.00000E+00  0.00000E+00  8.36775E+05
   197  1.02604E-03 -7.93997E+01 -7.93661E+01 -3.36322E-02  0.00000E+00  0.00000E+00  8.17237E+05
   198  1.05000E-03 -7.93858E+01 -7.93514E+01 -3.43950E-02  0.00000E+00  0.00000E+00  7.98151E+05
   199  1.07451E-03 -7.93716E+01 -7.93364E+01 -3.51744E-02  0.00000E+00  0.00000E+00  7.79504E+05
   200  1.09959E-03 -7.93571E+01 -7.93211E+01 -3.59707E-02  0.00000E+00  0.00000E+00  7.61288E+05
   201  1.12525E-03 -7.93422E+01 -7.93054E+01 -3.67843E-02  0.00000E+00  0.00000E+00  7.43493E+05
   202  1.15150E-03 -7.93270E+01 -7.92894E+01 -3.76154E-02  0.00000E+00  0.00000E+00  7.26107E+05
   203  1.17836E-03 -7.93114E+01 -7.92730E+01 -3.84644E-02  0.00000E+00  0.00000E+00  7.09122E+05
   204  1.20584E-03 -7.92955E+01 -7.92562E+01 -3.93317E-02  0.00000E+00  0.00000E+00  6.92528E+05
   205  1.23395E-03 -7.92792E+01 -7.92390E+01 -4.02177E-02  0.00000E+00  0.00000E+00  6.76316E+05
   206  1.26271E-03 -7.92626E+01 -7.92215E+01 -4.11227E-02  0.00000E+00  0.00000E+00  6.60477E+05
   207  1.29213E-03 -7.92456E+01 -7.92035E+01 -4.20471E-02  0.00000E+00  0.00000E+00  6.45003E+05
   208  1.32224E-03 -7.92282E+01 -7.91852E+01 -4.29912E-02  0.00000E+00  0.00000E+00  6.29884E+05
   209  1.35303E-03 -7.92104E+01 -7.91664E+01 -4.39555E-02  0.00000E+00  0.00000E+00  6.15113E+05
   210  1.38454E-03 -7.91922E+01 -7.91473E+01 -4.49404E-02  0.00000E+00  0.00000E+00  6.00682E+05
   211  1.41678E-03 -7.91736E+01 -7.91276E+01 -4.59462E-02  0.00000E+00  0.00000E+00  5.86582E+05
   212  1.44976E-03 -7.91546E+01 -7.91076E+01 -4.69733E-02  0.00000E+00  0.00000E+00  5.72806E+05
   213  1.48350E-03 -7.91351E+01 -7.90871E+01 -4.80221E-02  0.00000E+00  0.00000E+00  5.59346E+05
   214  1.51802E-03 -7.91152E+01 -7.90661E+01 -4.90932E-02  0.00000E+00  0.00000E+00  5.46195E+05
   215  1.55334E-03 -7.90949E+01 -7.90447E+01 -5.01868E-02  0.00000E+00  0.00000E+00  5.33345E+05
   216  1.58947E-03 -7.90741E+01 -7.90228E+01 -5.13034E-02  0.00000E+00  0.00000E+00  5.20791E+05
   217  1.62644E-03 -7.90528E+01 -7.90003E+01 -5.24435E-02  0.00000E+00  0.00000E+00  5.08524E+05
   218  1.66426E-03 -7.90310E+01 -7.89774E+01 -5.36074E-02  0.00000E+00  0.00000E+00  4.96538E+05
   219  1.70296E-03 -7.90088E+01 -7.89540E+01 -5.47956E-02  0.00000E+00  0.00000E+00  4.84827E+05
   220  1.74254E-03 -7.89861E+01 -7.89300E+01 -5.60086E-02  0.00000E+00  0.00000E+00  4.73385E+05
   221  1.78304E-03 -7.89628E+01 -7.89056E+01 -5.72468E-02  0.00000E+00  0.00000E+00  4.62204E+05
   222  1.82448E-03 -7.89390E+01 -7.88805E+01 -5.85106E-02  0.00000E+00  0.00000E+00  4.51280E+05
   223  1.86687E-03 -7.89147E+01 -7.88549E+01 -5.98006E-02  0.00000E+00  0.00000E+00  4.40605E+05
   224  1.91024E-03 -7.88899E+01 -7.88288E+01 -6.11172E-02  0.00000E+00  0.00000E+00  4.30175E+05
   225  1.95461E-03 -7.88645E+01 -7.88020E+01 -6.24608E-02  0.00000E+00  0.00000E+00  4.19984E+05
   226  2.00001E-03 -7.88385E+01 -7.87747E+01 -6.38319E-02  0.00000E+00  0.00000E+00  4.10026E+05
   227  2.04645E-03 -7.88119E+01 -7.87467E+01 -6.52311E-02  0.00000E+00  0.00000E+00  4.00296E+05
   228  2.09396E-03 -7.87848E+01 -7.87181E+01 -6.66587E-02  0.00000E+00  0.00000E+00  3.90788E+05
   229  2.14258E-03 -7.87570E+01 -7.86889E+01 -6.81154E-02  0.00000E+00  0.00000E+00  3.81498E+05
   230  2.19231E-03 -7.87286E+01 -7.86590E+01 -6.96015E-02  0.00000E+00  0.00000E+00  3.72420E+05
   231  2.24319E-03 -7.86996E+01 -7.86285E+01 -7.11176E-02  0.00000E+00  0.00000E+00  3.63550E+05
   232  2.29525E-03 -7.86700E+01 -7.85973E+01 -7.26641E-02  0.00000E+00  0.00000E+00  3.54883E+05
   233  2.34851E-03 -7.86397E+01 -7.85654E+01 -7.42416E-02  0.00000E+00  0.00000E+00  3.46413E+05
   234  2.40299E-03 -7.86087E+01 -7.85328E+01 -7.58506E-02  0.00000E+00  0.00000E+00  3.38138E+05
   235  2.45874E-03 -7.85770E+01 -7.84995E+01 -7.74915E-02  0.00000E+00  0.00000E+00  3.30051E+05
   236  2.51577E-03 -7.85446E+01 -7.84654E+01 -7.91650E-02  0.00000E+00  0.00000E+00  3.22149E+05
   237  2.57412E-03 -7.85115E+01 -7.84306E+01 -8.08714E-02  0.00000E+00  0.00000E+00  3.14428E+05
   238  2.63381E-03 -7.84777E+01 -7.83950E+01 -8.26114E-02  0.00000E+00  0.00000E+00  3.06883E+05
   239  2.69488E-03 -7.84431E+01 -7.83587E+01 -8.43853E-02  0.00000E+00  0.00000E+00  2.99511E+05
   240  2.75736E-03 -7.84077E+01 -7.83215E+01 -8.61938E-02  0.00000E+00  0.00000E+00  2.92307E+05
   241  2.82129E-03 -7.83716E+01 -7.82835E+01 -8.80374E-02  0.00000E+00  0.00000E+00  2.85267E+05
   242  2.88669E-03 -7.83346E+01 -7.82447E+01 -8.99165E-02  0.00000E+00  0.00000E+00  2.78389E+05
   243  2.95359E-03 -7.82969E+01 -7.82051E+01 -9.18316E-02  0.00000E+00  0.00000E+00  2.71668E+05
   244  3.02205E-03 -7.82583E+01 -7.81645E+01 -9.37834E-02  0.00000E+00  0.00000E+00  2.65100E+05
   245  3.09208E-03 -7.82189E+01 -7.81231E+01 -9.57723E-02  0.00000E+00  0.00000E+00  2.58682E+05
   246  3.16373E-03 -7.81786E+01 -7.80808E+01 -9.77987E-02  0.00000E+00  0.00000E+00  2.52411E+05
   247  3.23703E-03 -7.81374E+01 -7.80375E+01 -9.98633E-02  0.00000E+00  0.00000E+00  2.46283E+05
   248  3.31202E-03 -7.80953E+01 -7.79933E+01 -1.01966E-01  0.00000E+00  0.00000E+00  2.40295E+05
   249  3.38874E-03 -7.80523E+01 -7.79482E+01 -1.04109E-01  0.00000E+00  0.00000E+00  2.34444E+05
   250  3.46724E-03 -7.80083E+01 -7.79021E+01 -1.06291E-01  0.00000E+00  0.00000E+00  2.28727E+05
   251  3.54755E-03 -7.79634E+01 -7.78549E+01 -1.08513E-01  0.00000E+00  0.00000E+00  2.23140E+05
   252  3.62970E-03 -7.79175E+01 -7.78068E+01 -1.10775E-01  0.00000E+00  0.00000E+00  2.17681E+05
   253  3.71376E-03 -7.78706E+01 -7.77576E+01 -1.13079E-01  0.00000E+00  0.00000E+00  2.12347E+05
   254  3.79975E-03 -7.78227E+01 -7.77073E+01 -1.15424E-01  0.00000E+00  0.00000E+00  2.07135E+05
   255  3.88773E-03 -7.77738E+01 -7.76560E+01 -1.17811E-01  0.00000E+00  0.00000E+00  2.02042E+05
   256  3.97774E-03 -7.77238E+01 -7.76035E+01 -1.20240E-01  0.00000E+00  0.00000E+00  1.97066E+05
   257  4.06983E-03 -7.76726E+01 -7.75499E+01 -1.22712E-01  0.00000E+00  0.00000E+00  1.92203E+05
   258  4.16404E-03 -7.76204E+01 -7.74952E+01 -1.25228E-01  0.00000E+00  0.00000E+00  1.87452E+05
   259  4.26043E-03 -7.75671E+01 -7.74393E+01 -1.27787E-01  0.00000E+00  0.00000E+00  1.82809E+05
   260  4.35904E-03 -7.75126E+01 -7.73822E+01 -1.30390E-01  0.00000E+00  0.00000E+00  1.78273E+05
   261  4.45992E-03 -7.74569E+01 -7.73239E+01 -1.33038E-01  0.00000E+00  0.00000E+00  1.73841E+05
   262  4.56313E-03 -7.74001E+01 -7.72643E+01 -1.35730E-01  0.00000E+00  0.00000E+00  1.69510E+05
   263  4.66873E-03 -7.73420E+01 -7.72035E+01 -1.38468E-01  0.00000E+00  0.00000E+00  1.65278E+05
   264  4.77676E-03 -7.72826E+01 -7.71414E+01 -1.41250E-01  0.00000E+00  0.00000E+00  1.61144E+05
   265  4.88728E-03 -7.72220E+01 -7.70780E+01 -1.44079E-01  0.00000E+00  0.00000E+00  1.57104E+05
   266  5.00035E-03 -7.71601E+01 -7.70132E+01 -1.46954E-01  0.00000E+00  0.00000E+00  1.53157E+05
   267  5.11604E-03 -7.70969E+01 -7.69470E+01 -1.49875E-01  0.00000E+00  0.00000E+00  1.49300E+05
   268  5.23439E-03 -7.70323E+01 -7.68795E+01 -1.52842E-01  0.00000E+00  0.00000E+00  1.45532E+05
   269  5.35547E-03 -7.69664E+01 -7.68105E+01 -1.55856E-01  0.00000E+00  0.00000E+00  1.41851E+05
   270  5.47934E-03 -7.68991E+01 -7.67401E+01 -1.58918E-01  0.00000E+00  0.00000E+00  1.38254E+05
   271  5.60608E-03 -7.68303E+01 -7.66683E+01 -1.62026E-01  0.00000E+00  0.00000E+00  1.34740E+05
   272  5.73573E-03 -7.67601E+01 -7.65949E+01 -1.65181E-01  0.00000E+00  0.00000E+00  1.31306E+05
   273  5.86838E-03 -7.66884E+01 -7.65200E+01 -1.68383E-01  0.00000E+00  0.00000E+00  1.27952E+05
   274  6.00409E-03 -7.66152E+01 -7.64435E+01 -1.71633E-01  0.00000E+00  0.00000E+00  1.24675E+05
   275  6.14293E-03 -7.65404E+01 -7.63655E+01 -1.74930E-01  0.00000E+00  0.00000E+00  1.21473E+05
   276  6.28497E-03 -7.64641E+01 -7.62858E+01 -1.78274E-01  0.00000E+00  0.00000E+00  1.18345E+05
   277  6.43029E-03 -7.63862E+01 -7.62045E+01 -1.81665E-01  0.00000E+00  0.00000E+00  1.15290E+05
   278  6.57896E-03 -7.63067E+01 -7.61216E+01 -1.85104E-01  0.00000E+00  0.00000E+00  1.12305E+05
   279  6.73106E-03 -7.62255E+01 -7.60369E+01 -1.88589E-01  0.00000E+00  0.00000E+00  1.09389E+05
   280  6.88666E-03 -7.61426E+01 -7.59505E+01 -1.92120E-01  0.00000E+00  0.00000E+00  1.06540E+05
   281  7.04586E-03 -7.60580E+01 -7.58623E+01 -1.95698E-01  0.00000E+00  0.00000E+00  1.03758E+05
   282  7.20873E-03 -7.59717E+01 -7.57724E+01 -1.99322E-01  0.00000E+00  0.00000E+00  1.01039E+05
   283  7.37536E-03 -7.58836E+01 -7.56806E+01 -2.02992E-01  0.00000E+00  0.00000E+00  9.83842E+04
   284  7.54583E-03 -7.57937E+01 -7.55869E+01 -2.06706E-01  0.00000E+00  0.00000E+00  9.57906E+04
   285  7.72023E-03 -7.57019E+01 -7.54914E+01 -2.10466E-01  0.00000E+00  0.00000E+00  9.32573E+04
   286  7.89865E-03 -7.56082E+01 -7.53940E+01 -2.14269E-01  0.00000E+00  0.00000E+00  9.07829E+04
   287  8.08119E-03 -7.55127E+01 -7.52946E+01 -2.18116E-01  0.00000E+00  0.00000E+00  8.83661E+04
   288  8.26794E-03 -7.54152E+01 -7.51932E+01 -2.22005E-01  0.00000E+00  0.00000E+00  8.60056E+04
   289  8.45899E-03 -7.53158E+01 -7.50898E+01 -2.25936E-01  0.00000E+00  0.00000E+00  8.37002E+04
   290  8.65445E-03 -7.52143E+01 -7.49844E+01 -2.29909E-01  0.00000E+00  0.00000E+00  8.14487E+04
   291  8.85442E-03 -7.51108E+01 -7.48769E+01 -2.33921E-01  0.00000E+00  0.00000E+00  7.92498E+04
   292  9.05900E-03 -7.50052E+01 -7.47672E+01 -2.37973E-01  0.00000E+00  0.00000E+00  7.71024E+04
   293  9.26830E-03 -7.48975E+01 -7.46554E+01 -2.42063E-01  0.00000E+00  0.00000E+00  7.50054E+04
   294  9.48242E-03 -7.47877E+01 -7.45415E+01 -2.46189E-01  0.00000E+00  0.00000E+00  7.29576E+04
   295  9.70148E-03 -7.46756E+01 -7.44253E+01 -2.50351E-01  0.00000E+00  0.00000E+00  7.09580E+04
   296  9.92559E-03 -7.45614E+01 -7.43069E+01 -2.54547E-01  0.00000E+00  0.00000E+00  6.90056E+04
   297  1.01549E-02 -7.44449E+01 -7.41862E+01 -2.58775E-01  0.00000E+00  0.00000E+00  6.70992E+04
   298  1.03894E-02 -7.43262E+01 -7.40631E+01 -2.63035E-01  0.00000E+00  0.00000E+00  6.52378E+04
   299  1.06294E-02 -7.42051E+01 -7.39377E+01 -2.67323E-01  0.00000E+00  0.00000E+00  6.34205E+04
   300  1.08749E-02 -7.40816E+01 -7.38100E+01 -2.71640E-01  0.00000E+00  0.00000E+00  6.16464E+04
   301  1.11261E-02 -7.39558E+01 -7.36798E+01 -2.75982E-01  0.00000E+00  0.00000E+00  5.99144E+04
   302  1.13830E-02 -7.38275E+01 -7.35471E+01 -2.80348E-01  0.00000E+00  0.00000E+00  5.82236E+04
   303  1.16459E-02 -7.36967E+01 -7.34120E+01 -2.84735E-01  0.00000E+00  0.00000E+00  5.65732E+04
   304  1.19149E-02 -7.35635E+01 -7.32744E+01 -2.89141E-01  0.00000E+00  0.00000E+00  5.49623E+04
   305  1.21900E-02 -7.34277E+01 -7.31341E+01 -2.93564E-01  0.00000E+00  0.00000E+00  5.33900E+04
   306  1.24715E-02 -7.32893E+01 -7.29913E+01 -2.98002E-01  0.00000E+00  0.00000E+00  5.18554E+04
   307  1.27594E-02 -7.31484E+01 -7.28459E+01 -3.02452E-01  0.00000E+00  0.00000E+00  5.03578E+04
   308  1.30540E-02 -7.30047E+01 -7.26978E+01 -3.06910E-01  0.00000E+00  0.00000E+00  4.88963E+04
   309  1.33554E-02 -7.28584E+01 -7.25471E+01 -3.11375E-01  0.00000E+00  0.00000E+00  4.74702E+04
   310  1.36638E-02 -7.27094E+01 -7.23936E+01 -3.15843E-01  0.00000E+00  0.00000E+00  4.60787E+04
   311  1.39792E-02 -7.25576E+01 -7.22373E+01 -3.20311E-01  0.00000E+00  0.00000E+00  4.47210E+04
   312  1.43019E-02 -7.24030E+01 -7.20782E+01 -3.24775E-01  0.00000E+00  0.00000E+00  4.33965E+04
   313  1.46321E-02 -7.22456E+01 -7.19164E+01 -3.29233E-01  0.00000E+00  0.00000E+00  4.21044E+04
   314  1.49698E-02 -7.20853E+01 -7.17516E+01 -3.33681E-01  0.00000E+00  0.00000E+00  4.08440E+04
   315  1.53154E-02 -7.19221E+01 -7.15840E+01 -3.38115E-01  0.00000E+00  0.00000E+00  3.96146E+04
   316  1.56689E-02 -7.17560E+01 -7.14134E+01 -3.42530E-01  0.00000E+00  0.00000E+00  3.84156E+04
   317  1.60305E-02 -7.15869E+01 -7.12399E+01 -3.46925E-01  0.00000E+00  0.00000E+00  3.72463E+04
   318  1.64005E-02 -7.14148E+01 -7.10635E+01 -3.51293E-01  0.00000E+00  0.00000E+00  3.61060E+04
   319  1.67790E-02 -7.12396E+01 -7.08840E+01 -3.55631E-01  0.00000E+00  0.00000E+00  3.49943E+04
   320  1.71662E-02 -7.10614E+01 -7.07015E+01 -3.59935E-01  0.00000E+00  0.00000E+00  3.39103E+04
   321  1.75624E-02 -7.08801E+01 -7.05159E+01 -3.64200E-01  0.00000E+00  0.00000E+00  3.28537E+04
   322  1.79676E-02 -7.06956E+01 -7.03272E+01 -3.68421E-01  0.00000E+00  0.00000E+00  3.18237E+04
   323  1.83822E-02 -7.05079E+01 -7.01353E+01 -3.72593E-01  0.00000E+00  0.00000E+00  3.08198E+04
   324  1.88064E-02 -7.03171E+01 -6.99404E+01 -3.76712E-01  0.00000E+00  0.00000E+00  2.98415E+04
   325  1.92403E-02 -7.01230E+01 -6.97422E+01 -3.80773E-01  0.00000E+00  0.00000E+00  2.88882E+04
   326  1.96842E-02 -6.99256E+01 -6.95409E+01 -3.84770E-01  0.00000E+00  0.00000E+00  2.79593E+04
   327  2.01383E-02 -6.97250E+01 -6.93363E+01 -3.88698E-01  0.00000E+00  0.00000E+00  2.70544E+04
   328  2.06029E-02 -6.95210E+01 -6.91284E+01 -3.92552E-01  0.00000E+00  0.00000E+00  2.61730E+04
   329  2.10782E-02 -6.93137E+01 -6.89173E+01 -3.96326E-01  0.00000E+00  0.00000E+00  2.53146E+04
   330  2.15644E-02 -6.91030E+01 -6.87030E+01 -4.00014E-01  0.00000E+00  0.00000E+00  2.44786E+04
   331  2.20618E-02 -6.88889E+01 -6.84853E+01 -4.03612E-01  0.00000E+00  0.00000E+00  2.36646E+04
   332  2.25707E-02 -6.86713E+01 -6.82642E+01 -4.07112E-01  0.00000E+00  0.00000E+00  2.28722E+04
   333  2.30912E-02 -6.84503E+01 -6.80398E+01 -4.10509E-01  0.00000E+00  0.00000E+00  2.21008E+04
   334  2.36238E-02 -6.82259E+01 -6.78121E+01 -4.13798E-01  0.00000E+00  0.00000E+00  2.13501E+04
   335  2.41686E-02 -6.79979E+01 -6.75809E+01 -4.16972E-01  0.00000E+00  0.00000E+00  2.06195E+04
   336  2.47260E-02 -6.77664E+01 -6.73464E+01 -4.20025E-01  0.00000E+00  0.00000E+00  1.99088E+04
   337  2.52961E-02 -6.75314E+01 -6.71085E+01 -4.22951E-01  0.00000E+00  0.00000E+00  1.92174E+04
   338  2.58794E-02 -6.72929E+01 -6.68671E+01 -4.25744E-01  0.00000E+00  0.00000E+00  1.85449E+04
   339  2.64761E-02 -6.70507E+01 -6.66223E+01 -4.28398E-01  0.00000E+00  0.00000E+00  1.78911E+04
   340  2.70866E-02 -6.68050E+01 -6.63741E+01 -4.30907E-01  0.00000E+00  0.00000E+00  1.72553E+04
   341  2.77111E-02 -6.65557E+01 -6.61224E+01 -4.33265E-01  0.00000E+00  0.00000E+00  1.66374E+04
   342  2.83499E-02 -6.63028E+01 -6.58673E+01 -4.35466E-01  0.00000E+00  0.00000E+00  1.60368E+04
   343  2.90034E-02 -6.60462E+01 -6.56087E+01 -4.37503E-01  0.00000E+00  0.00000E+00  1.54533E+04
   344  2.96720E-02 -6.57861E+01 -6.53467E+01 -4.39371E-01  0.00000E+00  0.00000E+00  1.48864E+04
   345  3.03559E-02 -6.55223E+01 -6.50812E+01 -4.41064E-01  0.00000E+00  0.00000E+00  1.43359E+04
   346  3.10556E-02 -6.52548E+01 -6.48123E+01 -4.42577E-01  0.00000E+00  0.00000E+00  1.38013E+04
   347  3.17714E-02 -6.49838E+01 -6.45399E+01 -4.43904E-01  0.00000E+00  0.00000E+00  1.32824E+04
   348  3.25036E-02 -6.47090E+01 -6.42640E+01 -4.45039E-01  0.00000E+00  0.00000E+00  1.27787E+04
   349  3.32526E-02 -6.44307E+01 -6.39847E+01 -4.45978E-01  0.00000E+00  0.00000E+00  1.22900E+04
   350  3.40188E-02 -6.41487E+01 -6.37020E+01 -4.46714E-01  0.00000E+00  0.00000E+00  1.18160E+04
   351  3.48027E-02 -6.38630E+01 -6.34158E+01 -4.47244E-01  0.00000E+00  0.00000E+00  1.13562E+04
   352  3.56046E-02 -6.35738E+01 -6.31262E+01 -4.47563E-01  0.00000E+00  0.00000E+00  1.09105E+04
   353  3.64249E-02 -6.32809E+01 -6.28332E+01 -4.47667E-01  0.00000E+00  0.00000E+00  1.04785E+04
   354  3.72640E-02 -6.29844E+01 -6.25368E+01 -4.47552E-01  0.00000E+00  0.00000E+00  1.00599E+04
   355  3.81224E-02 -6.26843E+01 -6.22371E+01 -4.47213E-01  0.00000E+00  0.00000E+00  9.65445E+03
   356  3.90006E-02 -6.23806E+01 -6.19339E+01 -4.46648E-01  0.00000E+00  0.00000E+00  9.26180E+03
   357  3.98989E-02 -6.20733E+01 -6.16275E+01 -4.45853E-01  0.00000E+00  0.00000E+00  8.88169E+03
   358  4.08178E-02 -6.17625E+01 -6.13177E+01 -4.44827E-01  0.00000E+00  0.00000E+00  8.51384E+03
   359  4.17578E-02 -6.14482E+01 -6.10046E+01 -4.43567E-01  0.00000E+00  0.00000E+00  8.15798E+03
   360  4.27194E-02 -6.11303E+01 -6.06883E+01 -4.42070E-01  0.00000E+00  0.00000E+00  7.81383E+03
   361  4.37031E-02 -6.08090E+01 -6.03687E+01 -4.40337E-01  0.00000E+00  0.00000E+00  7.48112E+03
   362  4.47093E-02 -6.04842E+01 -6.00458E+01 -4.38365E-01  0.00000E+00  0.00000E+00  7.15959E+03
   363  4.57387E-02 -6.01560E+01 -5.97198E+01 -4.36155E-01  0.00000E+00  0.00000E+00  6.84899E+03
   364  4.67916E-02 -5.98244E+01 -5.93906E+01 -4.33706E-01  0.00000E+00  0.00000E+00  6.54905E+03
   365  4.78688E-02 -5.94893E+01 -5.90583E+01 -4.31021E-01  0.00000E+00  0.00000E+00  6.25953E+03
   366  4.89706E-02 -5.91510E+01 -5.87229E+01 -4.28098E-01  0.00000E+00  0.00000E+00  5.98018E+03
   367  5.00977E-02 -5.88094E+01 -5.83844E+01 -4.24942E-01  0.00000E+00  0.00000E+00  5.71075E+03
   368  5.12506E-02 -5.84644E+01 -5.80429E+01 -4.21553E-01  0.00000E+00  0.00000E+00  5.45100E+03
   369  5.24300E-02 -5.81163E+01 -5.76984E+01 -4.17934E-01  0.00000E+00  0.00000E+00  5.20069E+03
   370  5.36364E-02 -5.77650E+01 -5.73509E+01 -4.14090E-01  0.00000E+00  0.00000E+00  4.95959E+03
   371  5.48704E-02 -5.74105E+01 -5.70004E+01 -4.10025E-01  0.00000E+00  0.00000E+00  4.72747E+03
   372  5.61328E-02 -5.70529E+01 -5.66471E+01 -4.05742E-01  0.00000E+00  0.00000E+00  4.50409E+03
   373  5.74240E-02 -5.66922E+01 -5.62909E+01 -4.01247E-01  0.00000E+00  0.00000E+00  4.28923E+03
   374  5.87449E-02 -5.63285E+01 -5.59319E+01 -3.96547E-01  0.00000E+00  0.00000E+00  4.08268E+03
   375  6.00960E-02 -5.59618E+01 -5.55701E+01 -3.91647E-01  0.00000E+00  0.00000E+00  3.88420E+03
   376  6.14780E-02 -5.55922E+01 -5.52056E+01 -3.86555E-01  0.00000E+00  0.00000E+00  3.69359E+03
   377  6.28917E-02 -5.52197E+01 -5.48384E+01 -3.81278E-01  0.00000E+00  0.00000E+00  3.51062E+03
   378  6.43377E-02 -5.48443E+01 -5.44685E+01 -3.75824E-01  0.00000E+00  0.00000E+00  3.33508E+03
   379  6.58168E-02 -5.44661E+01 -5.40959E+01 -3.70201E-01  0.00000E+00  0.00000E+00  3.16678E+03
   380  6.73298E-02 -5.40852E+01 -5.37208E+01 -3.64420E-01  0.00000E+00  0.00000E+00  3.00549E+03
   381  6.88774E-02 -5.37016E+01 -5.33431E+01 -3.58489E-01  0.00000E+00  0.00000E+00  2.85102E+03
   382  7.04604E-02 -5.33153E+01 -5.29629E+01 -3.52419E-01  0.00000E+00  0.00000E+00  2.70316E+03
   383  7.20795E-02 -5.29264E+01 -5.25802E+01 -3.46220E-01  0.00000E+00  0.00000E+00  2.56172E+03
   384  7.37357E-02 -5.25349E+01 -5.21950E+01 -3.39903E-01  0.00000E+00  0.00000E+00  2.42649E+03
   385  7.54298E-02 -5.21409E+01 -5.18074E+01 -3.33479E-01  0.00000E+00  0.00000E+00  2.29730E+03
   386  7.71625E-02 -5.17444E+01 -5.14174E+01 -3.26960E-01  0.00000E+00  0.00000E+00  2.17394E+03
   387  7.89349E-02 -5.13454E+01 -5.10250E+01 -3.20356E-01  0.00000E+00  0.00000E+00  2.05623E+03
   388  8.07477E-02 -5.09440E+01 -5.06304E+01 -3.13682E-01  0.00000E+00  0.00000E+00  1.94398E+03
   389  8.26019E-02 -5.05403E+01 -5.02334E+01 -3.06947E-01  0.00000E+00  0.00000E+00  1.83701E+03
   390  8.44985E-02 -5.01342E+01 -4.98341E+01 -3.00166E-01  0.00000E+00  0.00000E+00  1.73514E+03
   391  8.64383E-02 -4.97259E+01 -4.94325E+01 -2.93349E-01  0.00000E+00  0.00000E+00  1.63820E+03
   392  8.84225E-02 -4.93153E+01 -4.90288E+01 -2.86510E-01  0.00000E+00  0.00000E+00  1.54600E+03
   393  9.04518E-02 -4.89025E+01 -4.86228E+01 -2.79660E-01  0.00000E+00  0.00000E+00  1.45837E+03
   394  9.25275E-02 -4.84874E+01 -4.82146E+01 -2.72813E-01  0.00000E+00  0.00000E+00  1.37516E+03
   395  9.46504E-02 -4.80702E+01 -4.78042E+01 -2.65979E-01  0.00000E+00  0.00000E+00  1.29618E+03
   396  9.68218E-02 -4.76509E+01 -4.73917E+01 -2.59171E-01  0.00000E+00  0.00000E+00  1.22129E+03
   397  9.90426E-02 -4.72294E+01 -4.69770E+01 -2.52401E-01  0.00000E+00  0.00000E+00  1.15031E+03
   398  1.01314E-01 -4.68059E+01 -4.65602E+01 -2.45679E-01  0.00000E+00  0.00000E+00  1.08310E+03
   399  1.03637E-01 -4.63803E+01 -4.61412E+01 -2.39017E-01  0.00000E+00  0.00000E+00  1.01949E+03
   400  1.06013E-01 -4.59526E+01 -4.57202E+01 -2.32426E-01  0.00000E+00  0.00000E+00  9.59338E+02
   401  1.08443E-01 -4.55229E+01 -4.52970E+01 -2.25914E-01  0.00000E+00  0.00000E+00  9.02499E+02
   402  1.10929E-01 -4.50911E+01 -4.48716E+01 -2.19493E-01  0.00000E+00  0.00000E+00  8.48826E+02
   403  1.13471E-01 -4.46574E+01 -4.44442E+01 -2.13171E-01  0.00000E+00  0.00000E+00  7.98178E+02
   404  1.16070E-01 -4.42216E+01 -4.40147E+01 -2.06956E-01  0.00000E+00  0.00000E+00  7.50419E+02
   405  1.18729E-01 -4.37839E+01 -4.35830E+01 -2.00857E-01  0.00000E+00  0.00000E+00  7.05415E+02
   406  1.21448E-01 -4.33441E+01 -4.31492E+01 -1.94881E-01  0.00000E+00  0.00000E+00  6.63035E+02
   407  1.24229E-01 -4.29024E+01 -4.27133E+01 -1.89034E-01  0.00000E+00  0.00000E+00  6.23154E+02
   408  1.27073E-01 -4.24587E+01 -4.22753E+01 -1.83322E-01  0.00000E+00  0.00000E+00  5.85647E+02
   409  1.29982E-01 -4.20130E+01 -4.18352E+01 -1.77751E-01  0.00000E+00  0.00000E+00  5.50396E+02
   410  1.32956E-01 -4.15653E+01 -4.13930E+01 -1.72325E-01  0.00000E+00  0.00000E+00  5.17284E+02
   411  1.35998E-01 -4.11157E+01 -4.09487E+01 -1.67048E-01  0.00000E+00  0.00000E+00  4.86200E+02
   412  1.39109E-01 -4.06641E+01 -4.05022E+01 -1.61922E-01  0.00000E+00  0.00000E+00  4.57035E+02
   413  1.42291E-01 -4.02106E+01 -4.00536E+01 -1.56951E-01  0.00000E+00  0.00000E+00  4.29684E+02
   414  1.45544E-01 -3.97550E+01 -3.96029E+01 -1.52136E-01  0.00000E+00  0.00000E+00  4.04047E+02
   415  1.48871E-01 -3.92976E+01 -3.91501E+01 -1.47477E-01  0.00000E+00  0.00000E+00  3.80027E+02
   416  1.52274E-01 -3.88381E+01 -3.86952E+01 -1.42975E-01  0.00000E+00  0.00000E+00  3.57530E+02
   417  1.55753E-01 -3.83768E+01 -3.82381E+01 -1.38630E-01  0.00000E+00  0.00000E+00  3.36466E+02
   418  1.59311E-01 -3.79135E+01 -3.77790E+01 -1.34440E-01  0.00000E+00  0.00000E+00  3.16750E+02
   419  1.62949E-01 -3.74483E+01 -3.73179E+01 -1.30403E-01  0.00000E+00  0.00000E+00  2.98299E+02
   420  1.66670E-01 -3.69812E+01 -3.68546E+01 -1.26519E-01  0.00000E+00  0.00000E+00  2.81035E+02
   421  1.70474E-01 -3.65122E+01 -3.63894E+01 -1.22782E-01  0.00000E+00  0.00000E+00  2.64883E+02
   422  1.74365E-01 -3.60413E+01 -3.59221E+01 -1.19191E-01  0.00000E+00  0.00000E+00  2.49772E+02
   423  1.78343E-01 -3.55686E+01 -3.54529E+01 -1.15742E-01  0.00000E+00  0.00000E+00  2.35633E+02
   424  1.82410E-01 -3.50941E+01 -3.49817E+01 -1.12430E-01  0.00000E+00  0.00000E+00  2.22403E+02
   425  1.86570E-01 -3.46179E+01 -3.45087E+01 -1.09250E-01  0.00000E+00  0.00000E+00  2.10020E+02
   426  1.90823E-01 -3.41400E+01 -3.40338E+01 -1.06198E-01  0.00000E+00  0.00000E+00  1.98427E+02
   427  1.95171E-01 -3.36604E+01 -3.35571E+01 -1.03269E-01  0.00000E+00  0.00000E+00  1.87570E+02
   428  1.99618E-01 -3.31791E+01 -3.30787E+01 -1.00457E-01  0.00000E+00  0.00000E+00  1.77397E+02
   429  2.04164E-01 -3.26964E+01 -3.25986E+01 -9.77572E-02  0.00000E+00  0.00000E+00  1.67860E+02
   430  2.08812E-01 -3.22121E+01 -3.21170E+01 -9.51631E-02  0.00000E+00  0.00000E+00  1.58914E+02
   431  2.13565E-01 -3.17265E+01 -3.16338E+01 -9.26691E-02  0.00000E+00  0.00000E+00  1.50518E+02
   432  2.18424E-01 -3.12396E+01 -3.11493E+01 -9.02696E-02  0.00000E+00  0.00000E+00  1.42630E+02
   433  2.23393E-01 -3.07514E+01 -3.06635E+01 -8.79586E-02  0.00000E+00  0.00000E+00  1.35215E+02
   434  2.28472E-01 -3.02622E+01 -3.01764E+01 -8.57304E-02  0.00000E+00  0.00000E+00  1.28239E+02
   435  2.33665E-01 -2.97719E+01 -2.96883E+01 -8.35794E-02  0.00000E+00  0.00000E+00  1.21669E+02
   436  2.38975E-01 -2.92808E+01 -2.91993E+01 -8.15001E-02  0.00000E+00  0.00000E+00  1.15475E+02
   437  2.44403E-01 -2.87888E+01 -2.87094E+01 -7.94869E-02  0.00000E+00  0.00000E+00  1.09632E+02
   438  2.49952E-01 -2.82963E+01 -2.82188E+01 -7.75348E-02  0.00000E+00  0.00000E+00  1.04112E+02
   439  2.55625E-01 -2.78033E+01 -2.77276E+01 -7.56388E-02  0.00000E+00  0.00000E+00  9.88939E+01
   440  2.61425E-01 -2.73099E+01 -2.72361E+01 -7.37941E-02  0.00000E+00  0.00000E+00  9.39552E+01
   441  2.67353E-01 -2.68164E+01 -2.67444E+01 -7.19962E-02  0.00000E+00  0.00000E+00  8.92766E+01
   442  2.73414E-01 -2.63229E+01 -2.62526E+01 -7.02411E-02  0.00000E+00  0.00000E+00  8.48400E+01
   443  2.79610E-01 -2.58295E+01 -2.57610E+01 -6.85247E-02  0.00000E+00  0.00000E+00  8.06288E+01
   444  2.85943E-01 -2.53365E+01 -2.52696E+01 -6.68434E-02  0.00000E+00  0.00000E+00  7.66279E+01
   445  2.92418E-01 -2.48440E+01 -2.47788E+01 -6.51940E-02  0.00000E+00  0.00000E+00  7.28237E+01
   446  2.99035E-01 -2.43522E+01 -2.42886E+01 -6.35734E-02  0.00000E+00  0.00000E+00  6.92034E+01
   447  3.05800E-01 -2.38613E+01 -2.37994E+01 -6.19790E-02  0.00000E+00  0.00000E+00  6.57555E+01
   448  3.12714E-01 -2.33716E+01 -2.33112E+01 -6.04084E-02  0.00000E+00  0.00000E+00  6.24698E+01
   449  3.19782E-01 -2.28833E+01 -2.28244E+01 -5.88594E-02  0.00000E+00  0.00000E+00  5.93365E+01
   450  3.27005E-01 -2.23965E+01 -2.23391E+01 -5.73303E-02  0.00000E+00  0.00000E+00  5.63470E+01
   451  3.34389E-01 -2.19115E+01 -2.18556E+01 -5.58196E-02  0.00000E+00  0.00000E+00  5.34934E+01
   452  3.41935E-01 -2.14285E+01 -2.13741E+01 -5.43259E-02  0.00000E+00  0.00000E+00  5.07684E+01
   453  3.49647E-01 -2.09477E+01 -2.08948E+01 -5.28482E-02  0.00000E+00  0.00000E+00  4.81655E+01
   454  3.57530E-01 -2.04694E+01 -2.04180E+01 -5.13859E-02  0.00000E+00  0.00000E+00  4.56786E+01
   455  3.65585E-01 -1.99938E+01 -1.99438E+01 -4.99383E-02  0.00000E+00  0.00000E+00  4.33021E+01
   456  3.73818E-01 -1.95211E+01 -1.94726E+01 -4.85050E-02  0.00000E+00  0.00000E+00  4.10310E+01
   457  3.82232E-01 -1.90516E+01 -1.90045E+01 -4.70859E-02  0.00000E+00  0.00000E+00  3.88607E+01
   458  3.90830E-01 -1.85855E+01 -1.85398E+01 -4.56811E-02  0.00000E+00  0.00000E+00  3.67866E+01
   459  3.99616E-01 -1.81230E+01 -1.80787E+01 -4.42905E-02  0.00000E+00  0.00000E+00  3.48049E+01
   460  4.08594E-01 -1.76644E+01 -1.76215E+01 -4.29146E-02  0.00000E+00  0.00000E+00  3.29118E+01
   461  4.17769E-01 -1.72098E+01 -1.71683E+01 -4.15537E-02  0.00000E+00  0.00000E+00  3.11038E+01
   462  4.27144E-01 -1.67597E+01 -1.67194E+01 -4.02083E-02  0.00000E+00  0.00000E+00  2.93775E+01
   463  4.36723E-01 -1.63140E+01 -1.62751E+01 -3.88790E-02  0.00000E+00  0.00000E+00  2.77299E+01
   464  4.46511E-01 -1.58731E+01 -1.58355E+01 -3.75664E-02  0.00000E+00  0.00000E+00  2.61580E+01
   465  4.56512E-01 -1.54372E+01 -1.54009E+01 -3.62712E-02  0.00000E+00  0.00000E+00  2.46590E+01
   466  4.66729E-01 -1.50065E+01 -1.49715E+01 -3.49942E-02  0.00000E+00  0.00000E+00  2.32303E+01
   467  4.77168E-01 -1.45812E+01 -1.45474E+01 -3.37361E-02  0.00000E+00  0.00000E+00  2.18693E+01
   468  4.87834E-01 -1.41615E+01 -1.41290E+01 -3.24977E-02  0.00000E+00  0.00000E+00  2.05735E+01
   469  4.98729E-01 -1.37475E+01 -1.37162E+01 -3.12797E-02  0.00000E+00  0.00000E+00  1.93406E+01
   470  5.09861E-01 -1.33396E+01 -1.33095E+01 -3.00830E-02  0.00000E+00  0.00000E+00  1.81682E+01
   471  5.21232E-01 -1.29377E+01 -1.29088E+01 -2.89082E-02  0.00000E+00  0.00000E+00  1.70542E+01
   472  5.32847E-01 -1.25422E+01 -1.25145E+01 -2.77562E-02  0.00000E+00  0.00000E+00  1.59963E+01
   473  5.44713E-01 -1.21532E+01 -1.21265E+01 -2.66277E-02  0.00000E+00  0.00000E+00  1.49926E+01
   474  5.56833E-01 -1.17707E+01 -1.17452E+01 -2.55232E-02  0.00000E+00  0.00000E+00  1.40408E+01
   475  5.69213E-01 -1.13950E+01 -1.13706E+01 -2.44435E-02  0.00000E+00  0.00000E+00  1.31391E+01
   476  5.81857E-01 -1.10262E+01 -1.10029E+01 -2.33892E-02  0.00000E+00  0.00000E+00  1.22854E+01
   477  5.94772E-01 -1.06644E+01 -1.06421E+01 -2.23607E-02  0.00000E+00  0.00000E+00  1.14780E+01
   478  6.07962E-01 -1.03097E+01 -1.02884E+01 -2.13585E-02  0.00000E+00  0.00000E+00  1.07148E+01
   479  6.21433E-01 -9.96222E+00 -9.94184E+00 -2.03831E-02  0.00000E+00  0.00000E+00  9.99416E+00
   480  6.35189E-01 -9.62199E+00 -9.60256E+00 -1.94348E-02  0.00000E+00  0.00000E+00  9.31424E+00
   481  6.49238E-01 -9.28912E+00 -9.27060E+00 -1.85140E-02  0.00000E+00  0.00000E+00  8.67331E+00
   482  6.63584E-01 -8.96365E+00 -8.94603E+00 -1.76209E-02  0.00000E+00  0.00000E+00  8.06969E+00
   483  6.78233E-01 -8.64565E+00 -8.62889E+00 -1.67557E-02  0.00000E+00  0.00000E+00  7.50174E+00
   484  6.93191E-01 -8.33514E+00 -8.31922E+00 -1.59185E-02  0.00000E+00  0.00000E+00  6.96783E+00
   485  7.08463E-01 -8.03215E+00 -8.01704E+00 -1.51093E-02  0.00000E+00  0.00000E+00  6.46642E+00
   486  7.24057E-01 -7.73670E+00 -7.72237E+00 -1.43283E-02  0.00000E+00  0.00000E+00  5.99596E+00
   487  7.39977E-01 -7.44878E+00 -7.43520E+00 -1.35752E-02  0.00000E+00  0.00000E+00  5.55499E+00
   488  7.56231E-01 -7.16839E+00 -7.15554E+00 -1.28500E-02  0.00000E+00  0.00000E+00  5.14206E+00
   489  7.72823E-01 -6.89550E+00 -6.88334E+00 -1.21526E-02  0.00000E+00  0.00000E+00  4.75578E+00
   490  7.89761E-01 -6.63008E+00 -6.61860E+00 -1.14826E-02  0.00000E+00  0.00000E+00  4.39479E+00
   491  8.07052E-01 -6.37210E+00 -6.36126E+00 -1.08399E-02  0.00000E+00  0.00000E+00  4.05777E+00
   492  8.24700E-01 -6.12149E+00 -6.11126E+00 -1.02240E-02  0.00000E+00  0.00000E+00  3.74346E+00
   493  8.42714E-01 -5.87820E+00 -5.86856E+00 -9.63466E-03  0.00000E+00  0.00000E+00  3.45063E+00
   494  8.61100E-01 -5.64215E+00 -5.63307E+00 -9.07134E-03  0.00000E+00  0.00000E+00  3.17809E+00
   495  8.79864E-01 -5.41326E+00 -5.40472E+00 -8.53360E-03  0.00000E+00  0.00000E+00  2.92470E+00
   496  8.99014E-01 -5.19144E+00 -5.18342E+00 -8.02092E-03  0.00000E+00  0.00000E+00  2.68936E+00
   497  9.18556E-01 -4.97660E+00 -4.96907E+00 -7.53276E-03  0.00000E+00  0.00000E+00  2.47102E+00
   498  9.38498E-01 -4.76863E+00 -4.76157E+00 -7.06852E-03  0.00000E+00  0.00000E+00  2.26866E+00
   499  9.58846E-01 -4.56743E+00 -4.56080E+00 -6.62759E-03  0.00000E+00  0.00000E+00  2.08130E+00
   500  9.79608E-01 -4.37286E+00 -4.36665E+00 -6.20931E-03  0.00000E+00  0.00000E+00  1.90801E+00
   501  1.00079E+00 -4.18481E+00 -4.17900E+00 -5.81301E-03  0.00000E+00  0.00000E+00  1.74791E+00
   502  1.02240E+00 -4.00316E+00 -3.99772E+00 -5.43801E-03  0.00000E+00  0.00000E+00  1.60013E+00
   503  1.04445E+00 -3.82776E+00 -3.82267E+00 -5.08358E-03  0.00000E+00  0.00000E+00  1.46388E+00
   504  1.06694E+00 -3.65848E+00 -3.65373E+00 -4.74901E-03  0.00000E+00  0.00000E+00  1.33837E+00
   505  1.08988E+00 -3.49519E+00 -3.49075E+00 -4.43355E-03  0.00000E+00  0.00000E+00  1.22288E+00
   506  1.11328E+00 -3.33773E+00 -3.33360E+00 -4.13647E-03  0.00000E+00  0.00000E+00  1.11671E+00
   507  1.13715E+00 -3.18598E+00 -3.18212E+00 -3.85701E-03  0.00000E+00  0.00000E+00  1.01920E+00
   508  1.16149E+00 -3.03977E+00 -3.03618E+00 -3.59442E-03  0.00000E+00  0.00000E+00  9.29724E-01
   509  1.18632E+00 -2.89897E+00 -2.89563E+00 -3.34795E-03  0.00000E+00  0.00000E+00  8.47697E-01
   510  1.21163E+00 -2.76343E+00 -2.76032E+00 -3.11687E-03  0.00000E+00  0.00000E+00  7.72565E-01
   511  1.23744E+00 -2.63301E+00 -2.63011E+00 -2.90042E-03  0.00000E+00  0.00000E+00  7.03805E-01
   512  1.26376E+00 -2.50755E+00 -2.50485E+00 -2.69789E-03  0.00000E+00  0.00000E+00  6.40929E-01
   513  1.29060E+00 -2.38691E+00 -2.38440E+00 -2.50856E-03  0.00000E+00  0.00000E+00  5.83476E-01
   514  1.31795E+00 -2.27095E+00 -2.26862E+00 -2.33173E-03  0.00000E+00  0.00000E+00  5.31017E-01
   515  1.34584E+00 -2.15953E+00 -2.15736E+00 -2.16671E-03  0.00000E+00  0.00000E+00  4.83150E-01
   516  1.37427E+00 -2.05250E+00 -2.05049E+00 -2.01284E-03  0.00000E+00  0.00000E+00  4.39502E-01
   517  1.40325E+00 -1.94974E+00 -1.94788E+00 -1.86947E-03  0.00000E+00  0.00000E+00  3.99723E-01
   518  1.43278E+00 -1.85111E+00 -1.84938E+00 -1.73597E-03  0.00000E+00  0.00000E+00  3.63490E-01
   519  1.46288E+00 -1.75648E+00 -1.75487E+00 -1.61174E-03  0.00000E+00  0.00000E+00  3.30503E-01
   520  1.49356E+00 -1.66571E+00 -1.66422E+00 -1.49620E-03  0.00000E+00  0.00000E+00  3.00482E-01
   521  1.52481E+00 -1.57869E+00 -1.57730E+00 -1.38880E-03  0.00000E+00  0.00000E+00  2.73172E-01
   522  1.55666E+00 -1.49529E+00 -1.49400E+00 -1.28900E-03  0.00000E+00  0.00000E+00  2.48334E-01
   523  1.58911E+00 -1.41540E+00 -1.41420E+00 -1.19630E-03  0.00000E+00  0.00000E+00  2.25751E-01
   524  1.62217E+00 -1.33889E+00 -1.33778E+00 -1.11021E-03  0.00000E+00  0.00000E+00  2.05222E-01
   525  1.65585E+00 -1.26567E+00 -1.26464E+00 -1.03028E-03  0.00000E+00  0.00000E+00  1.86561E-01
   526  1.69016E+00 -1.19561E+00 -1.19465E+00 -9.56077E-04  0.00000E+00  0.00000E+00  1.69601E-01
   527  1.72510E+00 -1.12862E+00 -1.12773E+00 -8.87196E-04  0.00000E+00  0.00000E+00  1.54185E-01
   528  1.76069E+00 -1.06459E+00 -1.06377E+00 -8.23256E-04  0.00000E+00  0.00000E+00  1.40174E-01
   529  1.79693E+00 -1.00343E+00 -1.00267E+00 -7.63897E-04  0.00000E+00  0.00000E+00  1.27437E-01
   530  1.83383E+00 -9.45039E-01 -9.44330E-01 -7.08786E-04  0.00000E+00  0.00000E+00  1.15859E-01
   531  1.87141E+00 -8.89325E-01 -8.88667E-01 -6.57609E-04  0.00000E+00  0.00000E+00  1.05330E-01
   532  1.90967E+00 -8.36198E-01 -8.35588E-01 -6.10076E-04  0.00000E+00  0.00000E+00  9.57551E-02
   533  1.94863E+00 -7.85573E-01 -7.85007E-01 -5.65916E-04  0.00000E+00  0.00000E+00  8.70452E-02
   534  1.98828E+00 -7.37363E-01 -7.36838E-01 -5.24879E-04  0.00000E+00  0.00000E+00  7.91205E-02
   535  2.02864E+00 -6.91486E-01 -6.90999E-01 -4.86733E-04  0.00000E+00  0.00000E+00  7.19083E-02
   536  2.06972E+00 -6.47863E-01 -6.47411E-01 -4.51264E-04  0.00000E+00  0.00000E+00  6.53430E-02
   537  2.11153E+00 -6.06415E-01 -6.05996E-01 -4.18274E-04  0.00000E+00  0.00000E+00  5.93652E-02
   538  2.15407E+00 -5.67066E-01 -5.66678E-01 -3.87581E-04  0.00000E+00  0.00000E+00  5.39211E-02
   539  2.19736E+00 -5.29741E-01 -5.29382E-01 -3.59018E-04  0.00000E+00  0.00000E+00  4.89621E-02
   540  2.24141E+00 -4.94369E-01 -4.94037E-01 -3.32430E-04  0.00000E+00  0.00000E+00  4.44442E-02
   541  2.28622E+00 -4.60878E-01 -4.60570E-01 -3.07676E-04  0.00000E+00  0.00000E+00  4.03277E-02
   542  2.33181E+00 -4.29197E-01 -4.28913E-01 -2.84626E-04  0.00000E+00  0.00000E+00  3.65765E-02
   543  2.37818E+00 -3.99260E-01 -3.98997E-01 -2.63161E-04  0.00000E+00  0.00000E+00  3.31581E-02
   544  2.42534E+00 -3.70999E-01 -3.70756E-01 -2.43170E-04  0.00000E+00  0.00000E+00  3.00430E-02
   545  2.47330E+00 -3.44349E-01 -3.44125E-01 -2.24554E-04  0.00000E+00  0.00000E+00  2.72046E-02
   546  2.52207E+00 -3.19245E-01 -3.19038E-01 -2.07219E-04  0.00000E+00  0.00000E+00  2.46187E-02
   547  2.57167E+00 -2.95624E-01 -2.95433E-01 -1.91080E-04  0.00000E+00  0.00000E+00  2.22632E-02
   548  2.62209E+00 -2.73424E-01 -2.73248E-01 -1.76057E-04  0.00000E+00  0.00000E+00  2.01183E-02
   549  2.67334E+00 -2.52585E-01 -2.52423E-01 -1.62080E-04  0.00000E+00  0.00000E+00  1.81657E-02
   550  2.72545E+00 -2.33046E-01 -2.32897E-01 -1.49079E-04  0.00000E+00  0.00000E+00  1.63890E-02
   551  2.77841E+00 -2.14750E-01 -2.14613E-01 -1.36992E-04  0.00000E+00  0.00000E+00  1.47731E-02
   552  2.83223E+00 -1.97639E-01 -1.97513E-01 -1.25762E-04  0.00000E+00  0.00000E+00  1.33042E-02
   553  2.88692E+00 -1.81657E-01 -1.81541E-01 -1.15335E-04  0.00000E+00  0.00000E+00  1.19699E-02
   554  2.94250E+00 -1.66749E-01 -1.66643E-01 -1.05660E-04  0.00000E+00  0.00000E+00  1.07586E-02
   555  2.99896E+00 -1.52862E-01 -1.52765E-01 -9.66892E-05  0.00000E+00  0.00000E+00  9.65975E-03
   556  3.05632E+00 -1.39944E-01 -1.39855E-01 -8.83795E-05  0.00000E+00  0.00000E+00  8.66381E-03
   557  3.11459E+00 -1.27944E-01 -1.27863E-01 -8.06890E-05  0.00000E+00  0.00000E+00  7.76189E-03
   558  3.17378E+00 -1.16812E-01 -1.16738E-01 -7.35786E-05  0.00000E+00  0.00000E+00  6.94588E-03
   559  3.23388E+00 -1.06500E-01 -1.06433E-01 -6.70115E-05  0.00000E+00  0.00000E+00  6.20834E-03
   560  3.29492E+00 -9.69629E-02 -9.69020E-02 -6.09528E-05  0.00000E+00  0.00000E+00  5.54240E-03
   561  3.35690E+00 -8.81544E-02 -8.80991E-02 -5.53698E-05  0.00000E+00  0.00000E+00  4.94177E-03
   562  3.41982E+00 -8.00313E-02 -7.99810E-02 -5.02314E-05  0.00000E+00  0.00000E+00  4.40067E-03
   563  3.48370E+00 -7.25515E-02 -7.25060E-02 -4.55082E-05  0.00000E+00  0.00000E+00  3.91376E-03
   564  3.54854E+00 -6.56747E-02 -6.56336E-02 -4.11722E-05  0.00000E+00  0.00000E+00  3.47615E-03
   565  3.61435E+00 -5.93622E-02 -5.93250E-02 -3.71972E-05  0.00000E+00  0.00000E+00  3.08335E-03
   566  3.68113E+00 -5.35766E-02 -5.35430E-02 -3.35581E-05  0.00000E+00  0.00000E+00  2.73123E-03
   567  3.74890E+00 -4.82824E-02 -4.82522E-02 -3.02314E-05  0.00000E+00  0.00000E+00  2.41599E-03
   568  3.81767E+00 -4.34456E-02 -4.34184E-02 -2.71947E-05  0.00000E+00  0.00000E+00  2.13416E-03
   569  3.88743E+00 -3.90337E-02 -3.90093E-02 -2.44267E-05  0.00000E+00  0.00000E+00  1.88253E-03
   570  3.95819E+00 -3.50161E-02 -3.49941E-02 -2.19077E-05  0.00000E+00  0.00000E+00  1.65821E-03
   571  4.02997E+00 -3.13634E-02 -3.13437E-02 -1.96186E-05  0.00000E+00  0.00000E+00  1.45850E-03
   572  4.10277E+00 -2.80479E-02 -2.80304E-02 -1.75419E-05  0.00000E+00  0.00000E+00  1.28097E-03
   573  4.17660E+00 -2.50437E-02 -2.50280E-02 -1.56608E-05  0.00000E+00  0.00000E+00  1.12339E-03
   574  4.25145E+00 -2.23259E-02 -2.23119E-02 -1.39597E-05  0.00000E+00  0.00000E+00  9.83731E-04
   575  4.32735E+00 -1.98715E-02 -1.98591E-02 -1.24238E-05  0.00000E+00  0.00000E+00  8.60142E-04
   576  4.40428E+00 -1.76586E-02 -1.76476E-02 -1.10394E-05  0.00000E+00  0.00000E+00  7.50943E-04
   577  4.48227E+00 -1.56670E-02 -1.56572E-02 -9.79362E-06  0.00000E+00  0.00000E+00  6.54609E-04
   578  4.56131E+00 -1.38775E-02 -1.38688E-02 -8.67449E-06  0.00000E+00  0.00000E+00  5.69759E-04
   579  4.64142E+00 -1.22724E-02 -1.22647E-02 -7.67084E-06  0.00000E+00  0.00000E+00  4.95141E-04
   580  4.72259E+00 -1.08353E-02 -1.08285E-02 -6.77228E-06  0.00000E+00  0.00000E+00  4.29627E-04
   581  4.80483E+00 -9.55072E-03 -9.54475E-03 -5.96921E-06  0.00000E+00  0.00000E+00  3.72199E-04
   582  4.88815E+00 -8.40457E-03 -8.39932E-03 -5.25272E-06  0.00000E+00  0.00000E+00  3.21941E-04
   583  4.97254E+00 -7.38372E-03 -7.37910E-03 -4.61460E-06  0.00000E+00  0.00000E+00  2.78030E-04
   584  5.05803E+00 -6.47607E-03 -6.47202E-03 -4.04727E-06  0.00000E+00  0.00000E+00  2.39727E-04
   585  5.14460E+00 -5.67050E-03 -5.66696E-03 -3.54377E-06  0.00000E+00  0.00000E+00  2.06371E-04
   586  5.23227E+00 -4.95681E-03 -4.95371E-03 -3.09771E-06  0.00000E+00  0.00000E+00  1.77372E-04
   587  5.32104E+00 -4.32565E-03 -4.32294E-03 -2.70324E-06  0.00000E+00  0.00000E+00  1.52203E-04
   588  5.41091E+00 -3.76847E-03 -3.76612E-03 -2.35502E-06  0.00000E+00  0.00000E+00  1.30395E-04
   589  5.50189E+00 -3.27750E-03 -3.27545E-03 -2.04819E-06  0.00000E+00  0.00000E+00  1.11531E-04
   590  5.59397E+00 -2.84564E-03 -2.84387E-03 -1.77830E-06  0.00000E+00  0.00000E+00  9.52402E-05
   591  5.68717E+00 -2.46648E-03 -2.46493E-03 -1.54134E-06  0.00000E+00  0.00000E+00  8.11967E-05
   592  5.78149E+00 -2.13417E-03 -2.13284E-03 -1.33368E-06  0.00000E+00  0.00000E+00  6.91108E-05
   593  5.87693E+00 -1.84347E-03 -1.84232E-03 -1.15201E-06  0.00000E+00  0.00000E+00  5.87274E-05
   594  5.97348E+00 -1.58963E-03 -1.58863E-03 -9.93376E-07  0.00000E+00  0.00000E+00  4.98221E-05
   595  6.07117E+00 -1.36837E-03 -1.36752E-03 -8.55111E-07  0.00000E+00  0.00000E+00  4.21974E-05
   596  6.16998E+00 -1.17588E-03 -1.17515E-03 -7.34819E-07  0.00000E+00  0.00000E+00  3.56806E-05
   597  6.26991E+00 -1.00872E-03 -1.00809E-03 -6.30356E-07  0.00000E+00  0.00000E+00  3.01203E-05
   598  6.37098E+00 -8.63816E-04 -8.63276E-04 -5.39806E-07  0.00000E+00  0.00000E+00  2.53844E-05
   599  6.47319E+00 -7.38445E-04 -7.37984E-04 -4.61461E-07  0.00000E+00  0.00000E+00  2.13576E-05
   600  6.57653E+00 -6.30172E-04 -6.29779E-04 -3.93800E-07  0.00000E+00  0.00000E+00  1.79397E-05
   601  6.68100E+00 -5.36838E-04 -5.36502E-04 -3.35474E-07  0.00000E+00  0.00000E+00  1.50436E-05
   602  6.78661E+00 -4.56530E-04 -4.56244E-04 -2.85289E-07  0.00000E+00  0.00000E+00  1.25941E-05
   603  6.89336E+00 -3.87557E-04 -3.87315E-04 -2.42187E-07  0.00000E+00  0.00000E+00  1.05258E-05
   604  7.00125E+00 -3.28430E-04 -3.28225E-04 -2.05239E-07  0.00000E+00  0.00000E+00  8.78251E-06
   605  7.11028E+00 -2.77838E-04 -2.77664E-04 -1.73623E-07  0.00000E+00  0.00000E+00  7.31569E-06
   606  7.22046E+00 -2.34627E-04 -2.34481E-04 -1.46620E-07  0.00000E+00  0.00000E+00  6.08366E-06
   607  7.33177E+00 -1.97791E-04 -1.97667E-04 -1.23601E-07  0.00000E+00  0.00000E+00  5.05066E-06
   608  7.44422E+00 -1.66446E-04 -1.66342E-04 -1.04013E-07  0.00000E+00  0.00000E+00  4.18604E-06
   609  7.55782E+00 -1.39823E-04 -1.39735E-04 -8.73763E-08  0.00000E+00  0.00000E+00  3.46364E-06
   610  7.67256E+00 -1.17253E-04 -1.17180E-04 -7.32722E-08  0.00000E+00  0.00000E+00  2.86111E-06
   611  7.78843E+00 -9.81542E-05 -9.80928E-05 -6.13372E-08  0.00000E+00  0.00000E+00  2.35944E-06
   612  7.90545E+00 -8.20227E-05 -8.19714E-05 -5.12565E-08  0.00000E+00  0.00000E+00  1.94249E-06
   613  8.02361E+00 -6.84226E-05 -6.83799E-05 -4.27578E-08  0.00000E+00  0.00000E+00  1.59654E-06
   614  8.14291E+00 -5.69779E-05 -5.69423E-05 -3.56059E-08  0.00000E+00  0.00000E+00  1.31002E-06
   615  8.26334E+00 -4.73647E-05 -4.73351E-05 -2.95986E-08  0.00000E+00  0.00000E+00  1.07312E-06
   616  8.38491E+00 -3.93049E-05 -3.92803E-05 -2.45619E-08  0.00000E+00  0.00000E+00  8.77604E-07
   617  8.50762E+00 -3.25597E-05 -3.25394E-05 -2.03468E-08  0.00000E+00  0.00000E+00  7.16512E-07
   618  8.63146E+00 -2.69253E-05 -2.69084E-05 -1.68258E-08  0.00000E+00  0.00000E+00  5.84018E-07
   619  8.75643E+00 -2.22272E-05 -2.22133E-05 -1.38899E-08  0.00000E+00  0.00000E+00  4.75235E-07
   620  8.88254E+00 -1.83171E-05 -1.83056E-05 -1.14465E-08  0.00000E+00  0.00000E+00  3.86073E-07
   621  9.00977E+00 -1.50687E-05 -1.50593E-05 -9.41652E-09  0.00000E+00  0.00000E+00  3.13121E-07
   622  9.13813E+00 -1.23750E-05 -1.23672E-05 -7.73320E-09  0.00000E+00  0.00000E+00  2.53535E-07
   623  9.26761E+00 -1.01453E-05 -1.01389E-05 -6.33985E-09  0.00000E+00  0.00000E+00  2.04949E-07
   624  9.39822E+00 -8.30301E-06 -8.29783E-06 -5.18861E-09  0.00000E+00  0.00000E+00  1.65402E-07
   625  9.52994E+00 -6.78363E-06 -6.77939E-06 -4.23914E-09  0.00000E+00  0.00000E+00  1.33267E-07
   626  9.66278E+00 -5.53279E-06 -5.52934E-06 -3.45748E-09  0.00000E+00  0.00000E+00  1.07200E-07
   627  9.79673E+00 -4.50489E-06 -4.50208E-06 -2.81514E-09  0.00000E+00  0.00000E+00  8.60903E-08
   628  9.93180E+00 -3.66171E-06 -3.65943E-06 -2.28823E-09  0.00000E+00  0.00000E+00  6.90252E-08
   629  1.00680E+01 -2.97130E-06 -2.96944E-06 -1.85679E-09  0.00000E+00  0.00000E+00  5.52529E-08
   630  1.02052E+01 -2.40698E-06 -2.40547E-06 -1.50414E-09  0.00000E+00  0.00000E+00  4.41570E-08
   631  1.03436E+01 -1.94654E-06 -1.94532E-06 -1.21641E-09  0.00000E+00  0.00000E+00  3.52323E-08
   632  1.04831E+01 -1.57153E-06 -1.57055E-06 -9.82062E-10  0.00000E+00  0.00000E+00  2.80663E-08
   633  1.06237E+01 -1.26664E-06 -1.26585E-06 -7.91534E-10  0.00000E+00  0.00000E+00  2.23219E-08
   634  1.07653E+01 -1.01920E-06 -1.01856E-06 -6.36904E-10  0.00000E+00  0.00000E+00  1.77248E-08
   635  1.09081E+01 -8.18724E-07 -8.18212E-07 -5.11627E-10  0.00000E+00  0.00000E+00  1.40521E-08
   636  1.10519E+01 -6.56591E-07 -6.56181E-07 -4.10309E-10  0.00000E+00  0.00000E+00  1.11227E-08
   637  1.11968E+01 -5.25694E-07 -5.25366E-07 -3.28510E-10  0.00000E+00  0.00000E+00  8.79001E-09
   638  1.13428E+01 -4.20199E-07 -4.19937E-07 -2.62586E-10  0.00000E+00  0.00000E+00  6.93562E-09
   639  1.14899E+01 -3.35323E-07 -3.35113E-07 -2.09546E-10  0.00000E+00  0.00000E+00  5.46385E-09
   640  1.16380E+01 -2.67153E-07 -2.66986E-07 -1.66946E-10  0.00000E+00  0.00000E+00  4.29767E-09
   641  1.17872E+01 -2.12495E-07 -2.12363E-07 -1.32790E-10  0.00000E+00  0.00000E+00  3.37513E-09
   642  1.19374E+01 -1.68746E-07 -1.68641E-07 -1.05451E-10  0.00000E+00  0.00000E+00  2.64651E-09
   643  1.20887E+01 -1.33787E-07 -1.33704E-07 -8.36048E-11  0.00000E+00  0.00000E+00  2.07198E-09
   644  1.22411E+01 -1.05900E-07 -1.05834E-07 -6.61781E-11  0.00000E+00  0.00000E+00  1.61968E-09
   645  1.23945E+01 -8.36921E-08 -8.36398E-08 -5.22999E-11  0.00000E+00  0.00000E+00  1.26418E-09
   646  1.25489E+01 -6.60356E-08 -6.59944E-08 -4.12662E-11  0.00000E+00  0.00000E+00  9.85199E-10
   647  1.27044E+01 -5.20215E-08 -5.19889E-08 -3.25086E-11  0.00000E+00  0.00000E+00  7.66621E-10
   648  1.28609E+01 -4.09166E-08 -4.08911E-08 -2.55692E-11  0.00000E+00  0.00000E+00  5.95636E-10
   649  1.30184E+01 -3.21318E-08 -3.21117E-08 -2.00794E-11  0.00000E+00  0.00000E+00  4.62092E-10
   650  1.31769E+01 -2.51935E-08 -2.51778E-08 -1.57437E-11  0.00000E+00  0.00000E+00  3.57953E-10
   651  1.33365E+01 -1.97227E-08 -1.97104E-08 -1.23249E-11  0.00000E+00  0.00000E+00  2.76871E-10
   652  1.34971E+01 -1.54160E-08 -1.54064E-08 -9.63361E-12  0.00000E+00  0.00000E+00  2.13838E-10
   653  1.36587E+01 -1.20312E-08 -1.20236E-08 -7.51838E-12  0.00000E+00  0.00000E+00  1.64912E-10
   654  1.38212E+01 -9.37512E-09 -9.36926E-09 -5.85859E-12  0.00000E+00  0.00000E+00  1.26994E-10
   655  1.39848E+01 -7.29429E-09 -7.28973E-09 -4.55827E-12  0.00000E+00  0.00000E+00  9.76516E-11
   656  1.41494E+01 -5.66669E-09 -5.66315E-09 -3.54117E-12  0.00000E+00  0.00000E+00  7.49801E-11
   657  1.43149E+01 -4.39563E-09 -4.39289E-09 -2.74687E-12  0.00000E+00  0.00000E+00  5.74892E-11
   658  1.44814E+01 -3.40456E-09 -3.40243E-09 -2.12754E-12  0.00000E+00  0.00000E+00  4.40152E-11
   659  1.46489E+01 -2.63300E-09 -2.63135E-09 -1.64539E-12  0.00000E+00  0.00000E+00  3.36511E-11
   660  1.48174E+01 -2.03327E-09 -2.03200E-09 -1.27062E-12  0.00000E+00  0.00000E+00  2.56910E-11
   661  1.49868E+01 -1.56784E-09 -1.56686E-09 -9.79764E-13  0.00000E+00  0.00000E+00  1.95861E-11
   662  1.51572E+01 -1.20717E-09 -1.20642E-09 -7.54378E-13  0.00000E+00  0.00000E+00  1.49110E-11
   663  1.53285E+01 -9.28122E-10 -9.27542E-10 -5.79993E-13  0.00000E+00  0.00000E+00  1.13360E-11
   664  1.55008E+01 -7.12537E-10 -7.12092E-10 -4.45274E-13  0.00000E+00  0.00000E+00  8.60615E-12
   665  1.56740E+01 -5.46237E-10 -5.45896E-10 -3.41354E-13  0.00000E+00  0.00000E+00  6.52469E-12
   666  1.58481E+01 -4.18160E-10 -4.17899E-10 -2.61312E-13  0.00000E+00  0.00000E+00  4.93988E-12
   667  1.60232E+01 -3.19660E-10 -3.19460E-10 -1.99754E-13  0.00000E+00  0.00000E+00  3.73492E-12
   668  1.61992E+01 -2.43997E-10 -2.43844E-10 -1.52481E-13  0.00000E+00  0.00000E+00  2.82006E-12
   669  1.63762E+01 -1.85994E-10 -1.85878E-10 -1.16232E-13  0.00000E+00  0.00000E+00  2.12643E-12
   670  1.65540E+01 -1.41586E-10 -1.41497E-10 -8.84767E-14  0.00000E+00  0.00000E+00  1.60126E-12
   671  1.67327E+01 -1.07615E-10 -1.07548E-10 -6.72555E-14  0.00000E+00  0.00000E+00  1.20419E-12
   672  1.69124E+01 -8.16924E-11 -8.16414E-11 -5.10536E-14  0.00000E+00  0.00000E+00  9.04394E-13
   673  1.70929E+01 -6.19270E-11 -6.18883E-11 -3.87016E-14  0.00000E+00  0.00000E+00  6.78342E-13
   674  1.72743E+01 -4.68683E-11 -4.68390E-11 -2.92981E-14  0.00000E+00  0.00000E+00  5.08129E-13
   675  1.74566E+01 -3.54356E-11 -3.54134E-11 -2.21494E-14  0.00000E+00  0.00000E+00  3.80134E-13
   676  1.76398E+01 -2.67473E-11 -2.67306E-11 -1.67224E-14  0.00000E+00  0.00000E+00  2.84014E-13
   677  1.78239E+01 -2.01636E-11 -2.01510E-11 -1.26083E-14  0.00000E+00  0.00000E+00  2.11928E-13
   678  1.80088E+01 -1.51725E-11 -1.51630E-11 -9.49368E-15  0.00000E+00  0.00000E+00  1.57938E-13
   679  1.81946E+01 -1.14042E-11 -1.13971E-11 -7.13906E-15  0.00000E+00  0.00000E+00  1.17553E-13
   680  1.83812E+01 -8.56030E-12 -8.55493E-12 -5.36139E-15  0.00000E+00  0.00000E+00  8.73855E-14
   681  1.85687E+01 -6.41312E-12 -6.40910E-12 -4.02114E-15  0.00000E+00  0.00000E+00  6.48789E-14
   682  1.87570E+01 -4.80628E-12 -4.80327E-12 -3.01203E-15  0.00000E+00  0.00000E+00  4.81095E-14
   683  1.89462E+01 -3.59760E-12 -3.59535E-12 -2.25326E-15  0.00000E+00  0.00000E+00  3.56307E-14
   684  1.91362E+01 -2.67332E-12 -2.67164E-12 -1.68348E-15  0.00000E+00  0.00000E+00  2.63566E-14
   685  1.93270E+01 -1.99078E-12 -1.98952E-12 -1.25619E-15  0.00000E+00  0.00000E+00  1.94727E-14
   686  1.95186E+01 -1.47887E-12 -1.47793E-12 -9.36172E-16  0.00000E+00  0.00000E+00  1.43695E-14
   687  1.97111E+01 -1.09493E-12 -1.09424E-12 -6.96809E-16  0.00000E+00  0.00000E+00  1.05910E-14
   688  1.99043E+01 -8.24748E-13 -8.24230E-13 -5.18003E-16  0.00000E+00  0.00000E+00  7.79687E-15
   689  2.00984E+01 -5.97241E-13 -5.96856E-13 -3.84606E-16  0.00000E+00  0.00000E+00  5.73311E-15
   690  2.02933E+01 -4.40822E-13 -4.40536E-13 -2.85212E-16  0.00000E+00  0.00000E+00  4.21068E-15
   691  2.04889E+01 -3.27061E-13 -3.26850E-13 -2.11248E-16  0.00000E+00  0.00000E+00  3.08894E-15
   692  2.06854E+01 -2.41741E-13 -2.41585E-13 -1.56276E-16  0.00000E+00  0.00000E+00  2.26342E-15
   693  2.08826E+01 -1.84857E-13 -1.84741E-13 -1.15471E-16  0.00000E+00  0.00000E+00  1.65663E-15
   694  2.10806E+01 -1.27983E-13 -1.27898E-13 -8.52191E-17  0.00000E+00  0.00000E+00  1.21113E-15
   695  2.12794E+01 -8.53279E-14 -8.52651E-14 -6.28185E-17  0.00000E+00  0.00000E+00  8.84431E-16
   696  2.14789E+01 -4.62518E-17 -0.00000E+00 -4.62518E-17  0.00000E+00  0.00000E+00  6.45137E-16
   697  2.14789E+01 -0.00000E+00 -0.00000E+00  0.00000E+00  0.00000E+00  0.00000E+00  0.00000E+00
   698  4.29578E+01 -0.00000E+00 -0.00000E+00  0.00000E+00  0.00000E+00  0.00000E+00  0.00000E+00
   699  8.59156E+01 -0.00000E+00 -0.00000E+00  0.00000E+00  0.00000E+00  0.00000E+00  0.00000E+00
   700  1.71831E+02 -0.00000E+00 -0.00000E+00  0.00000E+00  0.00000E+00  0.00000E+00  0.00000E+00
   701  3.43662E+02 -0.00000E+00 -0.00000E+00  0.00000E+00  0.00000E+00  0.00000E+00  0.00000E+00
   702  6.87325E+02 -0.00000E+00 -0.00000E+00  0.00000E+00  0.00000E+00  0.00000E+00  0.00000E+00
   703  1.37465E+03 -0.00000E+00 -0.00000E+00  0.00000E+00  0.00000E+00  0.00000E+00  0.00000E+00
   704  2.74930E+03 -0.00000E+00 -0.00000E+00  0.00000E+00  0.00000E+00  0.00000E+00  0.00000E+00
   705  5.49860E+03 -0.00000E+00 -0.00000E+00  0.00000E+00  0.00000E+00  0.00000E+00  0.00000E+00
   706  1.09972E+04 -0.00000E+00 -0.00000E+00  0.00000E+00  0.00000E+00  0.00000E+00  0.00000E+00
