

  **** PARTIAL WAVE ANALYSIS (DPWA0) ******************************************


  KINETIC ENERGY = 2.50000E+04 eV

      L       PHASE(SPIN UP)     PHASE(SPIN DOWN)
  -----------------------------------------------
       0     -6.53168377E-01      0.00000000E+00
       1      1.00894758E+00      1.32068826E+00
       2      1.05788341E-01      1.96052257E-01
       3     -5.05697117E-01     -4.61333536E-01
       4     -9.43246897E-01     -9.16277477E-01
       5     -1.27137860E+00     -1.25297937E+00
       6     -1.52610103E+00     -1.51264806E+00
       7      1.41247043E+00      1.42278396E+00
       8      1.24687867E+00      1.25507554E+00
       9      1.10902617E+00      1.11572564E+00
      10      9.92336006E-01      9.97927252E-01
      11      8.92333565E-01      8.97069798E-01
      12      8.05902838E-01      8.09956387E-01
      13      7.30772439E-01      7.34267257E-01
      14      6.65190771E-01      6.68221132E-01
      15      6.07737482E-01      6.10378396E-01
      16      5.57221289E-01      5.59534234E-01
      17      5.12626433E-01      5.14662572E-01
      18      4.73083399E-01      4.74885533E-01
      19      4.37850233E-01      4.39454149E-01
      20      4.06297797E-01      4.07733326E-01
      21      3.77896281E-01      3.79188193E-01
      22      3.52202239E-01      3.53371035E-01
      23      3.28846216E-01      3.29908831E-01
      24      3.07521252E-01      3.08491666E-01
      25      2.87972507E-01      2.88862274E-01
      26      2.69988139E-01      2.70806839E-01
      27      2.53391485E-01      2.54147093E-01
      28      2.38034463E-01      2.38733665E-01
      29      2.23792122E-01      2.24440562E-01
      30      2.10558176E-01      2.11160663E-01
      31      1.98241403E-01      1.98802072E-01
      32      1.86762761E-01      1.87285202E-01
      33      1.76053098E-01      1.76540460E-01
      34      1.66051343E-01      1.66506410E-01
      35      1.56703084E-01      1.57128341E-01
      36      1.47959449E-01      1.48357132E-01
      37      1.39776235E-01      1.40148367E-01
      38      1.32113217E-01      1.32461641E-01
      39      1.24933603E-01      1.25260005E-01
      40      1.18203606E-01      1.18509533E-01
      41      1.11892093E-01      1.12178970E-01
      42      1.05970303E-01      1.06239448E-01
      43      1.00411619E-01      1.00664250E-01
      44      9.51913669E-02      9.54286116E-02
      45      9.02866549E-02      9.05095591E-02
      46      8.56762260E-02      8.58857600E-02
      47      8.13403332E-02      8.15373979E-02
      48      7.72606266E-02      7.74460583E-02
      49      7.34200514E-02      7.35946270E-02
      50      6.98027552E-02      6.99671961E-02
      51      6.63940026E-02      6.65489792E-02
      52      6.31800967E-02      6.33262315E-02
      53      6.01483056E-02      6.02861770E-02
      54      5.72867944E-02      5.74169400E-02
      55      5.45845621E-02      5.47074812E-02
      56      5.20313822E-02      5.21475387E-02
      57      4.96177471E-02      4.97275722E-02
      58      4.73348171E-02      4.74387117E-02
      59      4.51743720E-02      4.52727087E-02
      60      4.31287660E-02      4.32218913E-02
      61      4.11908867E-02      4.12791229E-02
      62      3.93541153E-02      3.94377623E-02
      63      3.76122911E-02      3.76916279E-02
      64      3.59596777E-02      3.60349642E-02
      65      3.43909318E-02      3.44624100E-02
      66      3.29010744E-02      3.29689699E-02
      67      3.14854640E-02      3.15499870E-02
      68      3.01397718E-02      3.02011184E-02
      69      2.88599586E-02      2.89183118E-02
      70      2.76422539E-02      2.76977844E-02
      71      2.64831358E-02      2.65360033E-02
      72      2.53793134E-02      2.54296669E-02
      73      2.43277094E-02      2.43756885E-02
      74      2.33254454E-02      2.33711804E-02
      75      2.23698268E-02      2.24134399E-02
      76      2.14583300E-02      2.14999357E-02
      77      2.05885902E-02      2.06282957E-02
      78      1.97583902E-02      1.97962960E-02
      79      1.89656495E-02      1.90018500E-02
      80      1.82084155E-02      1.82429993E-02
      81      1.74848538E-02      1.75179041E-02
      82      1.67932406E-02      1.68248357E-02
      83      1.61319547E-02      1.61621682E-02
      84      1.54994708E-02      1.55283719E-02
      85      1.48943529E-02      1.49220069E-02
      86      1.43152482E-02      1.43417164E-02
      87      1.37608816E-02      1.37862221E-02
      88      1.32300508E-02      1.32543181E-02
      89      1.27216211E-02      1.27448668E-02
      90      1.22345213E-02      1.22567941E-02
      91      1.17677396E-02      1.17890856E-02
      92      1.13203197E-02      1.13407823E-02
      93      1.08913573E-02      1.09109776E-02
      94      1.04799967E-02      1.04988137E-02
      95      1.00854283E-02      1.01034788E-02  i
      96      9.70688499E-03      9.72420392E-03  i
      97      9.34364011E-03      9.36026055E-03  i
      98      8.99500478E-03      9.01095808E-03  i
      99      8.66032568E-03      8.67564160E-03  i
     100      8.33898290E-03      8.35368967E-03  i
     105      6.91271870E-03      6.92475607E-03  i
     110      5.74298548E-03      5.75287673E-03  i
     115      4.78014065E-03      4.78829591E-03  i
     120      3.98510433E-03      3.99184782E-03  i
     125      3.32685652E-03      3.33244662E-03  i
     130      2.78059406E-03      2.78523804E-03  i
     135      2.32635619E-03      2.33022135E-03  i
     140      1.94798743E-03      1.95120953E-03  i
     145      1.63234637E-03      1.63503612E-03  i
     150      1.36869609E-03      1.37094410E-03  i
     155      1.14823006E-03      1.15011081E-03  i
     160      9.63700380E-04      9.65275236E-04  i
     165      8.09124050E-04      8.10443756E-04  i
     170      6.79549185E-04      6.80655786E-04  i
     175      5.70867907E-04      5.71796317E-04  i
     180      4.79665596E-04      4.80444868E-04  i
     185      4.03098888E-04      4.03753230E-04  i
     190      3.38796487E-04      3.39346104E-04  i
     195      2.84778137E-04      2.85239911E-04  i
     200      2.39388206E-04      2.39776261E-04  i
     205      2.01241089E-04      2.01567249E-04  i
     210      1.69176158E-04      1.69450333E-04  i
     215      1.42220503E-04      1.42451002E-04  i
     220      1.19558046E-04      1.19751840E-04  i
     225      1.00503883E-04      1.00666825E-04  i
     230      8.44829378E-05      8.46199425E-05  i
     235      7.10121573E-05      7.11273541E-05  i
     240      5.96856546E-05      5.97825136E-05  i
     245      5.01622881E-05      5.02437263E-05  i
     250      4.21552710E-05      4.22237407E-05  i
     255      3.54234680E-05      3.54810316E-05  i
     260      2.97641004E-05      2.98124921E-05  i
     265      2.50066273E-05      2.50473057E-05  i
     270      2.10076094E-05      2.10418013E-05  i
     275      1.76463965E-05      1.76751339E-05  i
     280      1.48215043E-05      1.48456552E-05  i
     285      1.24475694E-05      1.24678640E-05  i
     290      1.04527893E-05      1.04698417E-05  i
     295      8.77676976E-06      8.79109653E-06  i
     300      7.36871443E-06      7.38075000E-06  i
     310      5.19240398E-06      5.20089516E-06  i
     320      3.65731005E-06      3.66329809E-06  i
     330      2.57497085E-06      2.57919185E-06  i
     340      1.81218180E-06      1.81515592E-06  i
     350      1.27483109E-06      1.27692574E-06  i
     360      8.96454385E-07      8.97929014E-07  i
     370      6.30132028E-07      6.31169723E-07  i
     380      4.42758230E-07      4.43488157E-07  i
     390      3.10983536E-07      3.11496765E-07  i
     400      2.18347360E-07      2.18708064E-07  i
     410      1.53250652E-07      1.53504085E-07  i
     420      1.07523794E-07      1.07701791E-07  i
     430      7.54151771E-08      7.55401230E-08  i
     440      5.28772679E-08      5.29649680E-08  i
     450      3.70628297E-08      3.71243445E-08  i
     460      2.59698518E-08      2.60130009E-08  i
     470      1.81917867E-08      1.82220369E-08  i
     480      1.27392945E-08      1.27604840E-08  i
     490      8.91833114E-09      8.93317272E-09  i
     500      6.24161197E-09      6.25201799E-09  i
     510      4.36690776E-09      4.37418991E-09  i
     520      3.05444015E-09      3.05954290E-09  i
     530      2.13572791E-09      2.13928902E-09  i
     540      1.49314603E-09      1.49564802E-09  i
     550      1.04341800E-09      1.04515992E-09  i


  *** SCATTERING AMPLITUDES AND DIFFERENTIAL CROSS SECTION ***

    ANGLE      DCS       ASYMMETRY    DIRECT AMPLITUDE       SPIN-FLIP AMPLITUDE     ERROR
    (deg)   (cm**2/sr)                      (cm)                    (cm)
  -------------------------------------------------------------------------------------------
  0.000E+00 8.79517E-15  0.000E+00 ( 8.808E-08, 3.220E-08) ( 0.000E+00, 0.000E+00)  1.00E-07
  1.000E-04 8.79517E-15  1.305E-09 ( 8.808E-08, 3.220E-08) ( 3.563E-15, 1.368E-15)  1.00E-07
  1.250E-04 8.79517E-15  1.632E-09 ( 8.808E-08, 3.220E-08) ( 4.454E-15, 1.709E-15)  1.00E-07
  1.500E-04 8.79517E-15  1.958E-09 ( 8.808E-08, 3.220E-08) ( 5.344E-15, 2.051E-15)  1.00E-07
  1.750E-04 8.79517E-15  2.284E-09 ( 8.808E-08, 3.220E-08) ( 6.235E-15, 2.393E-15)  1.00E-07
  2.000E-04 8.79517E-15  2.611E-09 ( 8.808E-08, 3.220E-08) ( 7.126E-15, 2.735E-15)  1.00E-07
  2.250E-04 8.79517E-15  2.937E-09 ( 8.808E-08, 3.220E-08) ( 8.017E-15, 3.077E-15)  1.00E-07
  2.500E-04 8.79517E-15  3.263E-09 ( 8.808E-08, 3.220E-08) ( 8.907E-15, 3.419E-15)  1.00E-07
  2.750E-04 8.79517E-15  3.590E-09 ( 8.808E-08, 3.220E-08) ( 9.798E-15, 3.761E-15)  1.00E-07
  3.000E-04 8.79517E-15  3.916E-09 ( 8.808E-08, 3.220E-08) ( 1.069E-14, 4.103E-15)  1.00E-07
  3.250E-04 8.79517E-15  4.242E-09 ( 8.808E-08, 3.220E-08) ( 1.158E-14, 4.444E-15)  1.00E-07
  3.500E-04 8.79517E-15  4.569E-09 ( 8.808E-08, 3.220E-08) ( 1.247E-14, 4.786E-15)  1.00E-07
  3.750E-04 8.79517E-15  4.895E-09 ( 8.808E-08, 3.220E-08) ( 1.336E-14, 5.128E-15)  1.00E-07
  4.000E-04 8.79517E-15  5.221E-09 ( 8.808E-08, 3.220E-08) ( 1.425E-14, 5.470E-15)  1.00E-07
  4.250E-04 8.79517E-15  5.548E-09 ( 8.808E-08, 3.220E-08) ( 1.514E-14, 5.812E-15)  1.00E-07
  4.500E-04 8.79517E-15  5.874E-09 ( 8.808E-08, 3.220E-08) ( 1.603E-14, 6.154E-15)  1.00E-07
  4.750E-04 8.79517E-15  6.200E-09 ( 8.808E-08, 3.220E-08) ( 1.692E-14, 6.496E-15)  1.00E-07
  5.000E-04 8.79517E-15  6.527E-09 ( 8.808E-08, 3.220E-08) ( 1.781E-14, 6.838E-15)  1.00E-07
  5.250E-04 8.79517E-15  6.853E-09 ( 8.808E-08, 3.220E-08) ( 1.871E-14, 7.180E-15)  1.00E-07
  5.500E-04 8.79517E-15  7.179E-09 ( 8.808E-08, 3.220E-08) ( 1.960E-14, 7.521E-15)  1.00E-07
  5.750E-04 8.79517E-15  7.506E-09 ( 8.808E-08, 3.220E-08) ( 2.049E-14, 7.863E-15)  1.00E-07
  6.000E-04 8.79517E-15  7.832E-09 ( 8.808E-08, 3.220E-08) ( 2.138E-14, 8.205E-15)  1.00E-07
  6.250E-04 8.79517E-15  8.158E-09 ( 8.808E-08, 3.220E-08) ( 2.227E-14, 8.547E-15)  1.00E-07
  6.500E-04 8.79517E-15  8.484E-09 ( 8.808E-08, 3.220E-08) ( 2.316E-14, 8.889E-15)  1.00E-07
  6.750E-04 8.79517E-15  8.811E-09 ( 8.808E-08, 3.220E-08) ( 2.405E-14, 9.231E-15)  1.00E-07
  7.000E-04 8.79517E-15  9.137E-09 ( 8.808E-08, 3.220E-08) ( 2.494E-14, 9.573E-15)  1.00E-07
  7.250E-04 8.79517E-15  9.463E-09 ( 8.808E-08, 3.220E-08) ( 2.583E-14, 9.915E-15)  1.00E-07
  7.500E-04 8.79517E-15  9.790E-09 ( 8.808E-08, 3.220E-08) ( 2.672E-14, 1.026E-14)  1.00E-07
  7.750E-04 8.79517E-15  1.012E-08 ( 8.808E-08, 3.220E-08) ( 2.761E-14, 1.060E-14)  1.00E-07
  8.000E-04 8.79517E-15  1.044E-08 ( 8.808E-08, 3.220E-08) ( 2.850E-14, 1.094E-14)  1.00E-07
  8.250E-04 8.79517E-15  1.077E-08 ( 8.808E-08, 3.220E-08) ( 2.939E-14, 1.128E-14)  1.00E-07
  8.500E-04 8.79517E-15  1.110E-08 ( 8.808E-08, 3.220E-08) ( 3.029E-14, 1.162E-14)  1.00E-07
  8.750E-04 8.79517E-15  1.142E-08 ( 8.808E-08, 3.220E-08) ( 3.118E-14, 1.197E-14)  1.00E-07
  9.000E-04 8.79517E-15  1.175E-08 ( 8.808E-08, 3.220E-08) ( 3.207E-14, 1.231E-14)  1.00E-07
  9.250E-04 8.79517E-15  1.207E-08 ( 8.808E-08, 3.220E-08) ( 3.296E-14, 1.265E-14)  1.00E-07
  9.500E-04 8.79517E-15  1.240E-08 ( 8.808E-08, 3.220E-08) ( 3.385E-14, 1.299E-14)  1.00E-07
  9.750E-04 8.79517E-15  1.273E-08 ( 8.808E-08, 3.220E-08) ( 3.474E-14, 1.333E-14)  1.00E-07
  1.000E-03 8.79517E-15  1.305E-08 ( 8.808E-08, 3.220E-08) ( 3.563E-14, 1.368E-14)  1.00E-07
  1.250E-03 8.79517E-15  1.632E-08 ( 8.808E-08, 3.220E-08) ( 4.454E-14, 1.709E-14)  1.00E-07
  1.500E-03 8.79516E-15  1.958E-08 ( 8.808E-08, 3.220E-08) ( 5.344E-14, 2.051E-14)  1.00E-07
  1.750E-03 8.79516E-15  2.284E-08 ( 8.808E-08, 3.220E-08) ( 6.235E-14, 2.393E-14)  1.00E-07
  2.000E-03 8.79516E-15  2.611E-08 ( 8.808E-08, 3.220E-08) ( 7.126E-14, 2.735E-14)  1.00E-07
  2.250E-03 8.79515E-15  2.937E-08 ( 8.808E-08, 3.220E-08) ( 8.017E-14, 3.077E-14)  1.00E-07
  2.500E-03 8.79515E-15  3.263E-08 ( 8.808E-08, 3.220E-08) ( 8.907E-14, 3.419E-14)  1.00E-07
  2.750E-03 8.79514E-15  3.590E-08 ( 8.808E-08, 3.220E-08) ( 9.798E-14, 3.761E-14)  1.00E-07
  3.000E-03 8.79513E-15  3.916E-08 ( 8.808E-08, 3.220E-08) ( 1.069E-13, 4.103E-14)  1.00E-07
  3.250E-03 8.79513E-15  4.242E-08 ( 8.808E-08, 3.220E-08) ( 1.158E-13, 4.444E-14)  1.00E-07
  3.500E-03 8.79512E-15  4.569E-08 ( 8.808E-08, 3.220E-08) ( 1.247E-13, 4.786E-14)  1.00E-07
  3.750E-03 8.79511E-15  4.895E-08 ( 8.808E-08, 3.220E-08) ( 1.336E-13, 5.128E-14)  1.00E-07
  4.000E-03 8.79511E-15  5.221E-08 ( 8.808E-08, 3.220E-08) ( 1.425E-13, 5.470E-14)  1.00E-07
  4.250E-03 8.79510E-15  5.548E-08 ( 8.808E-08, 3.220E-08) ( 1.514E-13, 5.812E-14)  1.00E-07
  4.500E-03 8.79509E-15  5.874E-08 ( 8.808E-08, 3.220E-08) ( 1.603E-13, 6.154E-14)  1.00E-07
  4.750E-03 8.79508E-15  6.200E-08 ( 8.808E-08, 3.220E-08) ( 1.692E-13, 6.496E-14)  1.00E-07
  5.000E-03 8.79507E-15  6.527E-08 ( 8.808E-08, 3.220E-08) ( 1.781E-13, 6.838E-14)  1.00E-07
  5.250E-03 8.79506E-15  6.853E-08 ( 8.808E-08, 3.220E-08) ( 1.871E-13, 7.180E-14)  1.00E-07
  5.500E-03 8.79505E-15  7.179E-08 ( 8.808E-08, 3.220E-08) ( 1.960E-13, 7.521E-14)  1.00E-07
  5.750E-03 8.79503E-15  7.506E-08 ( 8.808E-08, 3.220E-08) ( 2.049E-13, 7.863E-14)  1.00E-07
  6.000E-03 8.79502E-15  7.832E-08 ( 8.808E-08, 3.220E-08) ( 2.138E-13, 8.205E-14)  1.00E-07
  6.250E-03 8.79501E-15  8.158E-08 ( 8.808E-08, 3.220E-08) ( 2.227E-13, 8.547E-14)  1.00E-07
  6.500E-03 8.79500E-15  8.485E-08 ( 8.808E-08, 3.220E-08) ( 2.316E-13, 8.889E-14)  1.00E-07
  6.750E-03 8.79498E-15  8.811E-08 ( 8.808E-08, 3.220E-08) ( 2.405E-13, 9.231E-14)  1.00E-07
  7.000E-03 8.79497E-15  9.137E-08 ( 8.808E-08, 3.220E-08) ( 2.494E-13, 9.573E-14)  1.00E-07
  7.250E-03 8.79495E-15  9.464E-08 ( 8.808E-08, 3.220E-08) ( 2.583E-13, 9.915E-14)  1.00E-07
  7.500E-03 8.79494E-15  9.790E-08 ( 8.808E-08, 3.220E-08) ( 2.672E-13, 1.026E-13)  1.00E-07
  7.750E-03 8.79492E-15  1.012E-07 ( 8.808E-08, 3.220E-08) ( 2.761E-13, 1.060E-13)  1.00E-07
  8.000E-03 8.79490E-15  1.044E-07 ( 8.808E-08, 3.220E-08) ( 2.850E-13, 1.094E-13)  1.00E-07
  8.250E-03 8.79489E-15  1.077E-07 ( 8.808E-08, 3.220E-08) ( 2.939E-13, 1.128E-13)  1.00E-07
  8.500E-03 8.79487E-15  1.110E-07 ( 8.808E-08, 3.220E-08) ( 3.028E-13, 1.162E-13)  1.00E-07
  8.750E-03 8.79485E-15  1.142E-07 ( 8.808E-08, 3.220E-08) ( 3.118E-13, 1.197E-13)  1.00E-07
  9.000E-03 8.79483E-15  1.175E-07 ( 8.808E-08, 3.220E-08) ( 3.207E-13, 1.231E-13)  1.00E-07
  9.250E-03 8.79481E-15  1.207E-07 ( 8.808E-08, 3.220E-08) ( 3.296E-13, 1.265E-13)  1.00E-07
  9.500E-03 8.79479E-15  1.240E-07 ( 8.808E-08, 3.220E-08) ( 3.385E-13, 1.299E-13)  1.00E-07
  9.750E-03 8.79477E-15  1.273E-07 ( 8.808E-08, 3.220E-08) ( 3.474E-13, 1.333E-13)  1.00E-07
  1.000E-02 8.79475E-15  1.305E-07 ( 8.808E-08, 3.220E-08) ( 3.563E-13, 1.368E-13)  1.00E-07
  1.250E-02 8.79452E-15  1.632E-07 ( 8.808E-08, 3.220E-08) ( 4.454E-13, 1.709E-13)  1.00E-07
  1.500E-02 8.79423E-15  1.958E-07 ( 8.808E-08, 3.220E-08) ( 5.344E-13, 2.051E-13)  1.00E-07
  1.750E-02 8.79389E-15  2.284E-07 ( 8.808E-08, 3.220E-08) ( 6.235E-13, 2.393E-13)  1.00E-07
  2.000E-02 8.79350E-15  2.611E-07 ( 8.807E-08, 3.220E-08) ( 7.125E-13, 2.735E-13)  1.00E-07
  2.250E-02 8.79305E-15  2.937E-07 ( 8.807E-08, 3.220E-08) ( 8.016E-13, 3.077E-13)  1.00E-07
  2.500E-02 8.79256E-15  3.264E-07 ( 8.807E-08, 3.220E-08) ( 8.906E-13, 3.419E-13)  1.00E-07
  2.750E-02 8.79201E-15  3.590E-07 ( 8.806E-08, 3.220E-08) ( 9.796E-13, 3.761E-13)  1.00E-07
  3.000E-02 8.79141E-15  3.917E-07 ( 8.806E-08, 3.220E-08) ( 1.069E-12, 4.102E-13)  1.00E-07
  3.250E-02 8.79075E-15  4.243E-07 ( 8.806E-08, 3.220E-08) ( 1.158E-12, 4.444E-13)  1.00E-07
  3.500E-02 8.79005E-15  4.570E-07 ( 8.805E-08, 3.220E-08) ( 1.247E-12, 4.786E-13)  1.00E-07
  3.750E-02 8.78929E-15  4.897E-07 ( 8.805E-08, 3.220E-08) ( 1.336E-12, 5.128E-13)  1.00E-07
  4.000E-02 8.78848E-15  5.223E-07 ( 8.805E-08, 3.219E-08) ( 1.425E-12, 5.470E-13)  1.00E-07
  4.250E-02 8.78761E-15  5.550E-07 ( 8.804E-08, 3.219E-08) ( 1.514E-12, 5.812E-13)  1.00E-07
  4.500E-02 8.78670E-15  5.877E-07 ( 8.804E-08, 3.219E-08) ( 1.602E-12, 6.153E-13)  1.00E-07
  4.750E-02 8.78573E-15  6.204E-07 ( 8.803E-08, 3.219E-08) ( 1.691E-12, 6.495E-13)  1.00E-07
  5.000E-02 8.78471E-15  6.530E-07 ( 8.802E-08, 3.219E-08) ( 1.780E-12, 6.837E-13)  1.00E-07
  5.250E-02 8.78364E-15  6.857E-07 ( 8.802E-08, 3.219E-08) ( 1.869E-12, 7.179E-13)  1.00E-07
  5.500E-02 8.78252E-15  7.184E-07 ( 8.801E-08, 3.219E-08) ( 1.958E-12, 7.521E-13)  1.00E-07
  5.750E-02 8.78135E-15  7.511E-07 ( 8.801E-08, 3.219E-08) ( 2.047E-12, 7.862E-13)  1.00E-07
  6.000E-02 8.78012E-15  7.839E-07 ( 8.800E-08, 3.219E-08) ( 2.136E-12, 8.204E-13)  1.00E-07
  6.250E-02 8.77884E-15  8.166E-07 ( 8.799E-08, 3.219E-08) ( 2.225E-12, 8.546E-13)  1.00E-07
  6.500E-02 8.77751E-15  8.493E-07 ( 8.798E-08, 3.219E-08) ( 2.313E-12, 8.888E-13)  1.00E-07
  6.750E-02 8.77613E-15  8.820E-07 ( 8.798E-08, 3.219E-08) ( 2.402E-12, 9.229E-13)  1.00E-07
  7.000E-02 8.77470E-15  9.148E-07 ( 8.797E-08, 3.219E-08) ( 2.491E-12, 9.571E-13)  1.00E-07
  7.250E-02 8.77321E-15  9.475E-07 ( 8.796E-08, 3.219E-08) ( 2.580E-12, 9.913E-13)  1.00E-07
  7.500E-02 8.77167E-15  9.803E-07 ( 8.795E-08, 3.219E-08) ( 2.668E-12, 1.025E-12)  1.00E-07
  7.750E-02 8.77008E-15  1.013E-06 ( 8.794E-08, 3.219E-08) ( 2.757E-12, 1.060E-12)  1.00E-07
  8.000E-02 8.76844E-15  1.046E-06 ( 8.793E-08, 3.219E-08) ( 2.846E-12, 1.094E-12)  1.00E-07
  8.250E-02 8.76675E-15  1.079E-06 ( 8.792E-08, 3.219E-08) ( 2.934E-12, 1.128E-12)  1.00E-07
  8.500E-02 8.76501E-15  1.111E-06 ( 8.791E-08, 3.219E-08) ( 3.023E-12, 1.162E-12)  1.00E-07
  8.750E-02 8.76321E-15  1.144E-06 ( 8.790E-08, 3.219E-08) ( 3.111E-12, 1.196E-12)  1.00E-07
  9.000E-02 8.76137E-15  1.177E-06 ( 8.789E-08, 3.219E-08) ( 3.200E-12, 1.230E-12)  1.00E-07
  9.250E-02 8.75947E-15  1.210E-06 ( 8.788E-08, 3.219E-08) ( 3.288E-12, 1.265E-12)  1.00E-07
  9.500E-02 8.75752E-15  1.243E-06 ( 8.787E-08, 3.219E-08) ( 3.377E-12, 1.299E-12)  1.00E-07
  9.750E-02 8.75552E-15  1.276E-06 ( 8.786E-08, 3.219E-08) ( 3.465E-12, 1.333E-12)  1.00E-07
  1.000E-01 8.75347E-15  1.308E-06 ( 8.785E-08, 3.219E-08) ( 3.553E-12, 1.367E-12)  1.00E-07
  1.250E-01 8.73015E-15  1.638E-06 ( 8.772E-08, 3.218E-08) ( 4.435E-12, 1.709E-12)  1.00E-07
  1.500E-01 8.70180E-15  1.968E-06 ( 8.756E-08, 3.217E-08) ( 5.313E-12, 2.050E-12)  1.00E-07
  1.750E-01 8.66849E-15  2.301E-06 ( 8.737E-08, 3.216E-08) ( 6.185E-12, 2.391E-12)  1.00E-07
  2.000E-01 8.63032E-15  2.635E-06 ( 8.716E-08, 3.215E-08) ( 7.051E-12, 2.731E-12)  1.00E-07
  2.250E-01 8.58741E-15  2.972E-06 ( 8.692E-08, 3.214E-08) ( 7.910E-12, 3.072E-12)  1.00E-07
  2.500E-01 8.53986E-15  3.311E-06 ( 8.665E-08, 3.213E-08) ( 8.761E-12, 3.412E-12)  1.00E-07
  2.750E-01 8.48783E-15  3.654E-06 ( 8.635E-08, 3.211E-08) ( 9.604E-12, 3.751E-12)  1.00E-07
  3.000E-01 8.43144E-15  3.999E-06 ( 8.603E-08, 3.210E-08) ( 1.044E-11, 4.090E-12)  1.00E-07
  3.250E-01 8.37087E-15  4.348E-06 ( 8.568E-08, 3.208E-08) ( 1.126E-11, 4.429E-12)  1.00E-07
  3.500E-01 8.30627E-15  4.700E-06 ( 8.531E-08, 3.206E-08) ( 1.208E-11, 4.767E-12)  1.00E-07
  3.750E-01 8.23781E-15  5.057E-06 ( 8.492E-08, 3.204E-08) ( 1.288E-11, 5.104E-12)  1.00E-07
  4.000E-01 8.16567E-15  5.418E-06 ( 8.450E-08, 3.202E-08) ( 1.367E-11, 5.441E-12)  1.00E-07
  4.250E-01 8.09004E-15  5.783E-06 ( 8.406E-08, 3.199E-08) ( 1.445E-11, 5.777E-12)  1.00E-07
  4.500E-01 8.01111E-15  6.153E-06 ( 8.360E-08, 3.197E-08) ( 1.521E-11, 6.112E-12)  1.00E-07
  4.750E-01 7.92907E-15  6.528E-06 ( 8.312E-08, 3.194E-08) ( 1.596E-11, 6.447E-12)  1.00E-07
  5.000E-01 7.84411E-15  6.908E-06 ( 8.262E-08, 3.192E-08) ( 1.670E-11, 6.780E-12)  1.00E-07
  5.250E-01 7.75644E-15  7.294E-06 ( 8.209E-08, 3.189E-08) ( 1.742E-11, 7.113E-12)  1.00E-07
  5.500E-01 7.66625E-15  7.686E-06 ( 8.155E-08, 3.186E-08) ( 1.813E-11, 7.445E-12)  1.00E-07
  5.750E-01 7.57375E-15  8.084E-06 ( 8.100E-08, 3.183E-08) ( 1.883E-11, 7.776E-12)  1.00E-07
  6.000E-01 7.47912E-15  8.488E-06 ( 8.042E-08, 3.180E-08) ( 1.951E-11, 8.107E-12)  1.00E-07
  6.250E-01 7.38258E-15  8.898E-06 ( 7.984E-08, 3.176E-08) ( 2.017E-11, 8.436E-12)  1.00E-07
  6.500E-01 7.28431E-15  9.316E-06 ( 7.923E-08, 3.173E-08) ( 2.082E-11, 8.764E-12)  1.00E-07
  6.750E-01 7.18450E-15  9.740E-06 ( 7.861E-08, 3.169E-08) ( 2.145E-11, 9.091E-12)  1.00E-07
  7.000E-01 7.08334E-15  1.017E-05 ( 7.798E-08, 3.166E-08) ( 2.206E-11, 9.417E-12)  1.00E-07
  7.250E-01 6.98102E-15  1.061E-05 ( 7.734E-08, 3.162E-08) ( 2.266E-11, 9.742E-12)  1.00E-07
  7.500E-01 6.87771E-15  1.106E-05 ( 7.668E-08, 3.158E-08) ( 2.324E-11, 1.007E-11)  1.00E-07
  7.750E-01 6.77359E-15  1.151E-05 ( 7.602E-08, 3.154E-08) ( 2.380E-11, 1.039E-11)  1.00E-07
  8.000E-01 6.66881E-15  1.198E-05 ( 7.535E-08, 3.149E-08) ( 2.435E-11, 1.071E-11)  1.00E-07
  8.250E-01 6.56356E-15  1.245E-05 ( 7.466E-08, 3.145E-08) ( 2.488E-11, 1.103E-11)  1.00E-07
  8.500E-01 6.45797E-15  1.293E-05 ( 7.397E-08, 3.141E-08) ( 2.540E-11, 1.135E-11)  1.00E-07
  8.750E-01 6.35220E-15  1.342E-05 ( 7.327E-08, 3.136E-08) ( 2.590E-11, 1.166E-11)  1.00E-07
  9.000E-01 6.24638E-15  1.391E-05 ( 7.257E-08, 3.131E-08) ( 2.638E-11, 1.198E-11)  1.00E-07
  9.250E-01 6.14066E-15  1.442E-05 ( 7.186E-08, 3.126E-08) ( 2.684E-11, 1.230E-11)  1.00E-07
  9.500E-01 6.03516E-15  1.494E-05 ( 7.114E-08, 3.122E-08) ( 2.729E-11, 1.261E-11)  1.00E-07
  9.750E-01 5.92999E-15  1.546E-05 ( 7.042E-08, 3.116E-08) ( 2.772E-11, 1.292E-11)  1.00E-07
  1.000E+00 5.82528E-15  1.600E-05 ( 6.969E-08, 3.111E-08) ( 2.814E-11, 1.323E-11)  1.00E-07
  1.100E+00 5.41294E-15  1.824E-05 ( 6.677E-08, 3.090E-08) ( 2.964E-11, 1.445E-11)  1.00E-07
  1.200E+00 5.01504E-15  2.064E-05 ( 6.384E-08, 3.066E-08) ( 3.090E-11, 1.565E-11)  1.00E-07
  1.300E+00 4.63563E-15  2.323E-05 ( 6.092E-08, 3.041E-08) ( 3.193E-11, 1.682E-11)  1.00E-07
  1.400E+00 4.27734E-15  2.600E-05 ( 5.804E-08, 3.014E-08) ( 3.274E-11, 1.796E-11)  1.00E-07
  1.500E+00 3.94163E-15  2.897E-05 ( 5.522E-08, 2.986E-08) ( 3.336E-11, 1.907E-11)  1.00E-07
  1.600E+00 3.62903E-15  3.213E-05 ( 5.248E-08, 2.957E-08) ( 3.379E-11, 2.015E-11)  1.00E-07
  1.700E+00 3.33940E-15  3.551E-05 ( 4.983E-08, 2.926E-08) ( 3.406E-11, 2.120E-11)  1.00E-07
  1.800E+00 3.07208E-15  3.909E-05 ( 4.727E-08, 2.895E-08) ( 3.419E-11, 2.221E-11)  1.00E-07
  1.900E+00 2.82610E-15  4.289E-05 ( 4.480E-08, 2.862E-08) ( 3.417E-11, 2.318E-11)  1.00E-07
  2.000E+00 2.60024E-15  4.691E-05 ( 4.243E-08, 2.828E-08) ( 3.404E-11, 2.412E-11)  1.00E-07
  2.100E+00 2.39321E-15  5.115E-05 ( 4.016E-08, 2.793E-08) ( 3.380E-11, 2.503E-11)  1.00E-07
  2.200E+00 2.20366E-15  5.562E-05 ( 3.799E-08, 2.758E-08) ( 3.345E-11, 2.590E-11)  1.00E-07
  2.300E+00 2.03024E-15  6.032E-05 ( 3.591E-08, 2.722E-08) ( 3.302E-11, 2.673E-11)  1.00E-07
  2.400E+00 1.87165E-15  6.524E-05 ( 3.392E-08, 2.685E-08) ( 3.251E-11, 2.753E-11)  1.00E-07
  2.500E+00 1.72665E-15  7.040E-05 ( 3.203E-08, 2.647E-08) ( 3.193E-11, 2.829E-11)  1.00E-07
  2.600E+00 1.59408E-15  7.578E-05 ( 3.022E-08, 2.609E-08) ( 3.129E-11, 2.902E-11)  1.00E-07
  2.700E+00 1.47285E-15  8.139E-05 ( 2.849E-08, 2.571E-08) ( 3.059E-11, 2.970E-11)  1.00E-07
  2.800E+00 1.36197E-15  8.723E-05 ( 2.685E-08, 2.532E-08) ( 2.984E-11, 3.036E-11)  1.00E-07
  2.900E+00 1.26051E-15  9.328E-05 ( 2.528E-08, 2.493E-08) ( 2.904E-11, 3.097E-11)  1.00E-07
  3.000E+00 1.16763E-15  9.955E-05 ( 2.378E-08, 2.454E-08) ( 2.821E-11, 3.155E-11)  1.00E-07
  3.100E+00 1.08257E-15  1.060E-04 ( 2.235E-08, 2.415E-08) ( 2.734E-11, 3.210E-11)  1.00E-07
  3.200E+00 1.00462E-15  1.127E-04 ( 2.099E-08, 2.375E-08) ( 2.644E-11, 3.261E-11)  1.00E-07
  3.300E+00 9.33154E-16  1.196E-04 ( 1.969E-08, 2.335E-08) ( 2.551E-11, 3.309E-11)  1.00E-07
  3.400E+00 8.67583E-16  1.267E-04 ( 1.846E-08, 2.296E-08) ( 2.456E-11, 3.353E-11)  1.00E-07
  3.500E+00 8.07387E-16  1.339E-04 ( 1.728E-08, 2.256E-08) ( 2.360E-11, 3.394E-11)  1.00E-07
  3.600E+00 7.52089E-16  1.413E-04 ( 1.615E-08, 2.216E-08) ( 2.261E-11, 3.432E-11)  1.00E-07
  3.700E+00 7.01256E-16  1.489E-04 ( 1.508E-08, 2.177E-08) ( 2.162E-11, 3.467E-11)  1.00E-07
  3.800E+00 6.54495E-16  1.566E-04 ( 1.406E-08, 2.137E-08) ( 2.061E-11, 3.499E-11)  1.00E-07
  3.900E+00 6.11451E-16  1.644E-04 ( 1.308E-08, 2.098E-08) ( 1.960E-11, 3.527E-11)  1.00E-07
  4.000E+00 5.71798E-16  1.723E-04 ( 1.216E-08, 2.059E-08) ( 1.858E-11, 3.553E-11)  1.00E-07
  4.100E+00 5.35243E-16  1.803E-04 ( 1.127E-08, 2.020E-08) ( 1.756E-11, 3.576E-11)  1.00E-07
  4.200E+00 5.01518E-16  1.884E-04 ( 1.043E-08, 1.982E-08) ( 1.654E-11, 3.596E-11)  1.00E-07
  4.300E+00 4.70381E-16  1.965E-04 ( 9.627E-09, 1.943E-08) ( 1.552E-11, 3.613E-11)  1.00E-07
  4.400E+00 4.41610E-16  2.047E-04 ( 8.862E-09, 1.905E-08) ( 1.450E-11, 3.627E-11)  1.00E-07
  4.500E+00 4.15005E-16  2.128E-04 ( 8.133E-09, 1.868E-08) ( 1.348E-11, 3.639E-11)  1.00E-07
  4.600E+00 3.90382E-16  2.210E-04 ( 7.439E-09, 1.830E-08) ( 1.247E-11, 3.649E-11)  1.00E-07
  4.700E+00 3.67574E-16  2.291E-04 ( 6.778E-09, 1.793E-08) ( 1.147E-11, 3.656E-11)  1.00E-07
  4.800E+00 3.46431E-16  2.371E-04 ( 6.149E-09, 1.757E-08) ( 1.047E-11, 3.660E-11)  1.00E-07
  4.900E+00 3.26814E-16  2.451E-04 ( 5.550E-09, 1.721E-08) ( 9.487E-12, 3.663E-11)  1.00E-07
  5.000E+00 3.08596E-16  2.529E-04 ( 4.979E-09, 1.685E-08) ( 8.509E-12, 3.663E-11)  1.00E-07
  5.100E+00 2.91664E-16  2.607E-04 ( 4.436E-09, 1.649E-08) ( 7.542E-12, 3.661E-11)  1.00E-07
  5.200E+00 2.75912E-16  2.683E-04 ( 3.920E-09, 1.614E-08) ( 6.587E-12, 3.656E-11)  1.00E-07
  5.300E+00 2.61245E-16  2.757E-04 ( 3.429E-09, 1.580E-08) ( 5.644E-12, 3.650E-11)  1.00E-07
  5.400E+00 2.47575E-16  2.829E-04 ( 2.961E-09, 1.545E-08) ( 4.713E-12, 3.642E-11)  1.00E-07
  5.500E+00 2.34824E-16  2.899E-04 ( 2.517E-09, 1.512E-08) ( 3.796E-12, 3.632E-11)  1.00E-07
  5.600E+00 2.22918E-16  2.967E-04 ( 2.095E-09, 1.478E-08) ( 2.893E-12, 3.620E-11)  1.00E-07
  5.700E+00 2.11790E-16  3.032E-04 ( 1.693E-09, 1.445E-08) ( 2.003E-12, 3.607E-11)  1.00E-07
  5.800E+00 2.01381E-16  3.095E-04 ( 1.312E-09, 1.413E-08) ( 1.129E-12, 3.591E-11)  1.00E-07
  5.900E+00 1.91634E-16  3.154E-04 ( 9.497E-10, 1.381E-08) ( 2.694E-13, 3.574E-11)  1.00E-07
  6.000E+00 1.82500E-16  3.211E-04 ( 6.058E-10, 1.350E-08) (-5.750E-13, 3.556E-11)  1.00E-07
  6.100E+00 1.73931E-16  3.264E-04 ( 2.793E-10, 1.319E-08) (-1.404E-12, 3.536E-11)  1.00E-07
  6.200E+00 1.65885E-16  3.314E-04 (-3.042E-11, 1.288E-08) (-2.217E-12, 3.514E-11)  1.00E-07
  6.300E+00 1.58323E-16  3.360E-04 (-3.242E-10, 1.258E-08) (-3.015E-12, 3.492E-11)  1.00E-07
  6.400E+00 1.51209E-16  3.402E-04 (-6.027E-10, 1.228E-08) (-3.796E-12, 3.467E-11)  1.00E-07
  6.500E+00 1.44512E-16  3.441E-04 (-8.667E-10, 1.199E-08) (-4.562E-12, 3.442E-11)  1.00E-07
  6.600E+00 1.38200E-16  3.475E-04 (-1.117E-09, 1.170E-08) (-5.311E-12, 3.415E-11)  1.00E-07
  6.700E+00 1.32246E-16  3.505E-04 (-1.354E-09, 1.142E-08) (-6.045E-12, 3.388E-11)  1.00E-07
  6.800E+00 1.26626E-16  3.531E-04 (-1.578E-09, 1.114E-08) (-6.762E-12, 3.359E-11)  1.00E-07
  6.900E+00 1.21316E-16  3.552E-04 (-1.790E-09, 1.087E-08) (-7.463E-12, 3.329E-11)  1.00E-07
  7.000E+00 1.16294E-16  3.568E-04 (-1.990E-09, 1.060E-08) (-8.149E-12, 3.298E-11)  1.00E-07
  7.100E+00 1.11542E-16  3.580E-04 (-2.179E-09, 1.033E-08) (-8.818E-12, 3.266E-11)  1.00E-07
  7.200E+00 1.07041E-16  3.586E-04 (-2.358E-09, 1.007E-08) (-9.472E-12, 3.233E-11)  1.00E-07
  7.300E+00 1.02774E-16  3.588E-04 (-2.526E-09, 9.818E-09) (-1.011E-11, 3.199E-11)  1.00E-07
  7.400E+00 9.87269E-17  3.584E-04 (-2.685E-09, 9.566E-09) (-1.073E-11, 3.165E-11)  1.00E-07
  7.500E+00 9.48847E-17  3.574E-04 (-2.835E-09, 9.319E-09) (-1.134E-11, 3.129E-11)  1.00E-07
  7.600E+00 9.12347E-17  3.560E-04 (-2.976E-09, 9.076E-09) (-1.193E-11, 3.093E-11)  1.00E-07
  7.700E+00 8.77650E-17  3.539E-04 (-3.109E-09, 8.837E-09) (-1.251E-11, 3.056E-11)  1.00E-07
  7.800E+00 8.44643E-17  3.513E-04 (-3.233E-09, 8.603E-09) (-1.307E-11, 3.019E-11)  1.00E-07
  7.900E+00 8.13224E-17  3.481E-04 (-3.350E-09, 8.373E-09) (-1.362E-11, 2.980E-11)  1.00E-07
  8.000E+00 7.83299E-17  3.443E-04 (-3.459E-09, 8.146E-09) (-1.415E-11, 2.942E-11)  1.00E-07
  8.100E+00 7.54779E-17  3.398E-04 (-3.562E-09, 7.924E-09) (-1.466E-11, 2.902E-11)  1.00E-07
  8.200E+00 7.27582E-17  3.348E-04 (-3.658E-09, 7.706E-09) (-1.517E-11, 2.862E-11)  1.00E-07
  8.300E+00 7.01633E-17  3.290E-04 (-3.747E-09, 7.491E-09) (-1.566E-11, 2.822E-11)  1.00E-07
  8.400E+00 6.76862E-17  3.227E-04 (-3.831E-09, 7.281E-09) (-1.613E-11, 2.781E-11)  1.00E-07
  8.500E+00 6.53202E-17  3.156E-04 (-3.908E-09, 7.074E-09) (-1.659E-11, 2.740E-11)  1.00E-07
  8.600E+00 6.30592E-17  3.079E-04 (-3.980E-09, 6.871E-09) (-1.704E-11, 2.698E-11)  1.00E-07
  8.700E+00 6.08976E-17  2.995E-04 (-4.047E-09, 6.672E-09) (-1.747E-11, 2.656E-11)  1.00E-07
  8.800E+00 5.88301E-17  2.903E-04 (-4.108E-09, 6.477E-09) (-1.789E-11, 2.613E-11)  1.00E-07
  8.900E+00 5.68516E-17  2.804E-04 (-4.165E-09, 6.285E-09) (-1.830E-11, 2.571E-11)  1.00E-07
  9.000E+00 5.49576E-17  2.698E-04 (-4.217E-09, 6.097E-09) (-1.870E-11, 2.527E-11)  1.00E-07
  9.100E+00 5.31437E-17  2.585E-04 (-4.265E-09, 5.912E-09) (-1.908E-11, 2.484E-11)  1.00E-07
  9.200E+00 5.14058E-17  2.464E-04 (-4.308E-09, 5.731E-09) (-1.945E-11, 2.440E-11)  1.00E-07
  9.300E+00 4.97401E-17  2.335E-04 (-4.347E-09, 5.553E-09) (-1.981E-11, 2.397E-11)  1.00E-07
  9.400E+00 4.81431E-17  2.198E-04 (-4.383E-09, 5.379E-09) (-2.015E-11, 2.352E-11)  1.00E-07
  9.500E+00 4.66114E-17  2.054E-04 (-4.415E-09, 5.208E-09) (-2.049E-11, 2.308E-11)  1.00E-07
  9.600E+00 4.51418E-17  1.901E-04 (-4.443E-09, 5.040E-09) (-2.081E-11, 2.264E-11)  1.00E-07
  9.700E+00 4.37314E-17  1.740E-04 (-4.468E-09, 4.875E-09) (-2.112E-11, 2.219E-11)  1.00E-07
  9.800E+00 4.23772E-17  1.571E-04 (-4.490E-09, 4.714E-09) (-2.142E-11, 2.175E-11)  1.00E-07
  9.900E+00 4.10768E-17  1.394E-04 (-4.508E-09, 4.555E-09) (-2.171E-11, 2.130E-11)  1.00E-07
  1.000E+01 3.98276E-17  1.208E-04 (-4.524E-09, 4.400E-09) (-2.198E-11, 2.085E-11)  1.00E-07
  1.025E+01 3.69132E-17  7.064E-05 (-4.551E-09, 4.025E-09) (-2.263E-11, 1.973E-11)  1.00E-07
  1.050E+01 3.42709E-17  1.506E-05 (-4.563E-09, 3.668E-09) (-2.321E-11, 1.860E-11)  1.00E-07
  1.075E+01 3.18712E-17 -4.599E-05 (-4.560E-09, 3.328E-09) (-2.373E-11, 1.748E-11)  1.00E-07
  1.100E+01 2.96885E-17 -1.125E-04 (-4.545E-09, 3.005E-09) (-2.419E-11, 1.636E-11)  1.00E-07
  1.125E+01 2.77002E-17 -1.846E-04 (-4.519E-09, 2.698E-09) (-2.459E-11, 1.524E-11)  1.00E-07
  1.150E+01 2.58863E-17 -2.621E-04 (-4.483E-09, 2.406E-09) (-2.493E-11, 1.414E-11)  1.00E-07
  1.175E+01 2.42290E-17 -3.450E-04 (-4.438E-09, 2.129E-09) (-2.523E-11, 1.304E-11)  1.00E-07
  1.200E+01 2.27127E-17 -4.331E-04 (-4.385E-09, 1.866E-09) (-2.547E-11, 1.196E-11)  1.00E-07
  1.225E+01 2.13231E-17 -5.263E-04 (-4.325E-09, 1.617E-09) (-2.566E-11, 1.089E-11)  1.00E-07
  1.250E+01 2.00480E-17 -6.245E-04 (-4.259E-09, 1.380E-09) (-2.580E-11, 9.832E-12)  1.00E-07
  1.275E+01 1.88760E-17 -7.273E-04 (-4.188E-09, 1.157E-09) (-2.590E-11, 8.793E-12)  1.00E-07
  1.300E+01 1.77972E-17 -8.345E-04 (-4.111E-09, 9.448E-10) (-2.596E-11, 7.771E-12)  1.00E-07
  1.325E+01 1.68026E-17 -9.458E-04 (-4.031E-09, 7.445E-10) (-2.597E-11, 6.767E-12)  1.00E-07
  1.350E+01 1.58843E-17 -1.061E-03 (-3.947E-09, 5.552E-10) (-2.594E-11, 5.784E-12)  1.00E-07
  1.375E+01 1.50349E-17 -1.179E-03 (-3.859E-09, 3.765E-10) (-2.587E-11, 4.822E-12)  1.00E-07
  1.400E+01 1.42481E-17 -1.301E-03 (-3.769E-09, 2.079E-10) (-2.577E-11, 3.881E-12)  1.00E-07
  1.425E+01 1.35181E-17 -1.425E-03 (-3.676E-09, 4.914E-11) (-2.563E-11, 2.963E-12)  1.00E-07
  1.450E+01 1.28396E-17 -1.552E-03 (-3.582E-09,-1.003E-10) (-2.546E-11, 2.069E-12)  1.00E-07
  1.475E+01 1.22080E-17 -1.681E-03 (-3.486E-09,-2.408E-10) (-2.525E-11, 1.199E-12)  1.00E-07
  1.500E+01 1.16191E-17 -1.811E-03 (-3.388E-09,-3.727E-10) (-2.502E-11, 3.539E-13)  1.00E-07
  1.525E+01 1.10692E-17 -1.943E-03 (-3.290E-09,-4.963E-10) (-2.475E-11,-4.659E-13)  1.00E-07
  1.550E+01 1.05548E-17 -2.075E-03 (-3.191E-09,-6.120E-10) (-2.446E-11,-1.260E-12)  1.00E-07
  1.575E+01 1.00729E-17 -2.207E-03 (-3.091E-09,-7.202E-10) (-2.414E-11,-2.027E-12)  1.00E-07
  1.600E+01 9.62073E-18 -2.340E-03 (-2.991E-09,-8.211E-10) (-2.379E-11,-2.768E-12)  1.00E-07
  1.625E+01 9.19589E-18 -2.472E-03 (-2.891E-09,-9.150E-10) (-2.342E-11,-3.482E-12)  1.00E-07
  1.650E+01 8.79613E-18 -2.603E-03 (-2.791E-09,-1.002E-09) (-2.303E-11,-4.169E-12)  1.00E-07
  1.675E+01 8.41946E-18 -2.733E-03 (-2.692E-09,-1.083E-09) (-2.262E-11,-4.828E-12)  1.00E-07
  1.700E+01 8.06407E-18 -2.862E-03 (-2.593E-09,-1.158E-09) (-2.219E-11,-5.459E-12)  1.00E-07
  1.725E+01 7.72834E-18 -2.989E-03 (-2.494E-09,-1.227E-09) (-2.174E-11,-6.063E-12)  1.00E-07
  1.750E+01 7.41079E-18 -3.113E-03 (-2.397E-09,-1.290E-09) (-2.127E-11,-6.639E-12)  1.00E-07
  1.775E+01 7.11010E-18 -3.234E-03 (-2.300E-09,-1.348E-09) (-2.079E-11,-7.188E-12)  1.00E-07
  1.800E+01 6.82507E-18 -3.353E-03 (-2.205E-09,-1.401E-09) (-2.029E-11,-7.709E-12)  1.00E-07
  1.825E+01 6.55460E-18 -3.467E-03 (-2.110E-09,-1.449E-09) (-1.978E-11,-8.202E-12)  1.00E-07
  1.850E+01 6.29771E-18 -3.578E-03 (-2.017E-09,-1.493E-09) (-1.926E-11,-8.668E-12)  1.00E-07
  1.875E+01 6.05350E-18 -3.685E-03 (-1.925E-09,-1.532E-09) (-1.872E-11,-9.106E-12)  1.00E-07
  1.900E+01 5.82115E-18 -3.787E-03 (-1.835E-09,-1.567E-09) (-1.818E-11,-9.518E-12)  1.00E-07
  1.925E+01 5.59990E-18 -3.884E-03 (-1.746E-09,-1.598E-09) (-1.763E-11,-9.902E-12)  1.00E-07
  1.950E+01 5.38908E-18 -3.976E-03 (-1.658E-09,-1.625E-09) (-1.706E-11,-1.026E-11)  1.00E-07
  1.975E+01 5.18805E-18 -4.062E-03 (-1.572E-09,-1.648E-09) (-1.650E-11,-1.059E-11)  1.00E-07
  2.000E+01 4.99625E-18 -4.142E-03 (-1.488E-09,-1.668E-09) (-1.592E-11,-1.090E-11)  1.00E-07
  2.025E+01 4.81314E-18 -4.215E-03 (-1.405E-09,-1.685E-09) (-1.534E-11,-1.118E-11)  1.00E-07
  2.050E+01 4.63823E-18 -4.281E-03 (-1.324E-09,-1.698E-09) (-1.476E-11,-1.143E-11)  1.00E-07
  2.075E+01 4.47108E-18 -4.340E-03 (-1.245E-09,-1.709E-09) (-1.417E-11,-1.166E-11)  1.00E-07
  2.100E+01 4.31125E-18 -4.391E-03 (-1.167E-09,-1.717E-09) (-1.358E-11,-1.187E-11)  1.00E-07
  2.125E+01 4.15838E-18 -4.434E-03 (-1.092E-09,-1.722E-09) (-1.299E-11,-1.205E-11)  1.00E-07
  2.150E+01 4.01209E-18 -4.468E-03 (-1.018E-09,-1.725E-09) (-1.240E-11,-1.221E-11)  1.00E-07
  2.175E+01 3.87205E-18 -4.494E-03 (-9.458E-10,-1.725E-09) (-1.181E-11,-1.235E-11)  1.00E-07
  2.200E+01 3.73794E-18 -4.510E-03 (-8.756E-10,-1.724E-09) (-1.122E-11,-1.246E-11)  1.00E-07
  2.225E+01 3.60947E-18 -4.517E-03 (-8.072E-10,-1.720E-09) (-1.063E-11,-1.255E-11)  1.00E-07
  2.250E+01 3.48636E-18 -4.513E-03 (-7.406E-10,-1.714E-09) (-1.004E-11,-1.262E-11)  1.00E-07
  2.275E+01 3.36837E-18 -4.499E-03 (-6.758E-10,-1.706E-09) (-9.457E-12,-1.267E-11)  1.00E-07
  2.300E+01 3.25523E-18 -4.474E-03 (-6.128E-10,-1.697E-09) (-8.876E-12,-1.269E-11)  1.00E-07
  2.325E+01 3.14672E-18 -4.438E-03 (-5.517E-10,-1.686E-09) (-8.298E-12,-1.270E-11)  1.00E-07
  2.350E+01 3.04264E-18 -4.390E-03 (-4.923E-10,-1.673E-09) (-7.724E-12,-1.269E-11)  1.00E-07
  2.375E+01 2.94276E-18 -4.330E-03 (-4.347E-10,-1.659E-09) (-7.155E-12,-1.266E-11)  1.00E-07
  2.400E+01 2.84690E-18 -4.258E-03 (-3.789E-10,-1.644E-09) (-6.592E-12,-1.261E-11)  1.00E-07
  2.425E+01 2.75487E-18 -4.173E-03 (-3.249E-10,-1.628E-09) (-6.034E-12,-1.254E-11)  1.00E-07
  2.450E+01 2.66651E-18 -4.075E-03 (-2.725E-10,-1.610E-09) (-5.482E-12,-1.245E-11)  1.00E-07
  2.475E+01 2.58164E-18 -3.964E-03 (-2.219E-10,-1.591E-09) (-4.937E-12,-1.235E-11)  1.00E-07
  2.500E+01 2.50011E-18 -3.839E-03 (-1.729E-10,-1.572E-09) (-4.399E-12,-1.223E-11)  1.00E-07
  2.550E+01 2.34648E-18 -3.547E-03 (-7.995E-11,-1.530E-09) (-3.344E-12,-1.194E-11)  1.00E-07
  2.600E+01 2.20452E-18 -3.196E-03 ( 6.574E-12,-1.485E-09) (-2.321E-12,-1.159E-11)  1.00E-07
  2.650E+01 2.07323E-18 -2.785E-03 ( 8.688E-11,-1.437E-09) (-1.332E-12,-1.119E-11)  1.00E-07
  2.700E+01 1.95169E-18 -2.312E-03 ( 1.612E-10,-1.388E-09) (-3.786E-13,-1.073E-11)  1.00E-07
  2.750E+01 1.83909E-18 -1.774E-03 ( 2.298E-10,-1.336E-09) ( 5.381E-13,-1.023E-11)  1.00E-07
  2.800E+01 1.73466E-18 -1.171E-03 ( 2.928E-10,-1.284E-09) ( 1.416E-12,-9.680E-12)  1.00E-07
  2.850E+01 1.63774E-18 -5.018E-04 ( 3.506E-10,-1.231E-09) ( 2.255E-12,-9.088E-12)  1.00E-07
  2.900E+01 1.54769E-18  2.351E-04 ( 4.034E-10,-1.177E-09) ( 3.054E-12,-8.458E-12)  1.00E-07
  2.950E+01 1.46395E-18  1.040E-03 ( 4.514E-10,-1.123E-09) ( 3.812E-12,-7.794E-12)  1.00E-07
  3.000E+01 1.38601E-18  1.914E-03 ( 4.948E-10,-1.068E-09) ( 4.529E-12,-7.097E-12)  1.00E-07
  3.050E+01 1.31339E-18  2.856E-03 ( 5.340E-10,-1.014E-09) ( 5.205E-12,-6.372E-12)  1.00E-07
  3.100E+01 1.24566E-18  3.867E-03 ( 5.690E-10,-9.601E-10) ( 5.839E-12,-5.620E-12)  1.00E-07
  3.150E+01 1.18245E-18  4.945E-03 ( 6.002E-10,-9.067E-10) ( 6.432E-12,-4.845E-12)  1.00E-07
  3.200E+01 1.12338E-18  6.091E-03 ( 6.278E-10,-8.539E-10) ( 6.984E-12,-4.050E-12)  1.00E-07
  3.250E+01 1.06813E-18  7.304E-03 ( 6.519E-10,-8.019E-10) ( 7.495E-12,-3.236E-12)  1.00E-07
  3.300E+01 1.01642E-18  8.582E-03 ( 6.729E-10,-7.507E-10) ( 7.966E-12,-2.406E-12)  1.00E-07
  3.350E+01 9.67960E-19  9.924E-03 ( 6.907E-10,-7.005E-10) ( 8.396E-12,-1.562E-12)  1.00E-07
  3.400E+01 9.22514E-19  1.133E-02 ( 7.058E-10,-6.514E-10) ( 8.787E-12,-7.064E-13)  1.00E-07
  3.450E+01 8.79852E-19  1.279E-02 ( 7.181E-10,-6.034E-10) ( 9.140E-12, 1.588E-13)  1.00E-07
  3.500E+01 8.39770E-19  1.432E-02 ( 7.280E-10,-5.565E-10) ( 9.454E-12, 1.032E-12)  1.00E-07
  3.550E+01 8.02077E-19  1.590E-02 ( 7.356E-10,-5.108E-10) ( 9.730E-12, 1.911E-12)  1.00E-07
  3.600E+01 7.66602E-19  1.753E-02 ( 7.409E-10,-4.664E-10) ( 9.970E-12, 2.795E-12)  1.00E-07
  3.650E+01 7.33187E-19  1.922E-02 ( 7.443E-10,-4.233E-10) ( 1.017E-11, 3.681E-12)  1.00E-07
  3.700E+01 7.01685E-19  2.096E-02 ( 7.457E-10,-3.814E-10) ( 1.034E-11, 4.569E-12)  1.00E-07
  3.750E+01 6.71964E-19  2.274E-02 ( 7.454E-10,-3.409E-10) ( 1.048E-11, 5.457E-12)  1.00E-07
  3.800E+01 6.43901E-19  2.456E-02 ( 7.435E-10,-3.017E-10) ( 1.058E-11, 6.343E-12)  1.00E-07
  3.850E+01 6.17385E-19  2.642E-02 ( 7.400E-10,-2.638E-10) ( 1.065E-11, 7.227E-12)  1.00E-07
  3.900E+01 5.92311E-19  2.832E-02 ( 7.352E-10,-2.272E-10) ( 1.068E-11, 8.107E-12)  1.00E-07
  3.950E+01 5.68584E-19  3.025E-02 ( 7.291E-10,-1.920E-10) ( 1.069E-11, 8.982E-12)  1.00E-07
  4.000E+01 5.46116E-19  3.222E-02 ( 7.217E-10,-1.581E-10) ( 1.067E-11, 9.852E-12)  1.00E-07
  4.050E+01 5.24826E-19  3.420E-02 ( 7.133E-10,-1.255E-10) ( 1.061E-11, 1.071E-11)  1.00E-07
  4.100E+01 5.04639E-19  3.621E-02 ( 7.039E-10,-9.412E-11) ( 1.053E-11, 1.157E-11)  1.00E-07
  4.150E+01 4.85486E-19  3.823E-02 ( 6.936E-10,-6.406E-11) ( 1.042E-11, 1.242E-11)  1.00E-07
  4.200E+01 4.67303E-19  4.027E-02 ( 6.825E-10,-3.526E-11) ( 1.029E-11, 1.325E-11)  1.00E-07
  4.250E+01 4.50029E-19  4.231E-02 ( 6.706E-10,-7.687E-12) ( 1.013E-11, 1.408E-11)  1.00E-07
  4.300E+01 4.33611E-19  4.436E-02 ( 6.580E-10, 1.867E-11) ( 9.944E-12, 1.490E-11)  1.00E-07
  4.350E+01 4.17996E-19  4.640E-02 ( 6.448E-10, 4.383E-11) ( 9.735E-12, 1.570E-11)  1.00E-07
  4.400E+01 4.03137E-19  4.844E-02 ( 6.310E-10, 6.783E-11) ( 9.503E-12, 1.650E-11)  1.00E-07
  4.450E+01 3.88990E-19  5.047E-02 ( 6.168E-10, 9.068E-11) ( 9.250E-12, 1.728E-11)  1.00E-07
  4.500E+01 3.75514E-19  5.249E-02 ( 6.021E-10, 1.124E-10) ( 8.975E-12, 1.805E-11)  1.00E-07
  4.550E+01 3.62670E-19  5.449E-02 ( 5.870E-10, 1.331E-10) ( 8.681E-12, 1.880E-11)  1.00E-07
  4.600E+01 3.50422E-19  5.646E-02 ( 5.716E-10, 1.526E-10) ( 8.366E-12, 1.954E-11)  1.00E-07
  4.650E+01 3.38737E-19  5.840E-02 ( 5.558E-10, 1.712E-10) ( 8.033E-12, 2.027E-11)  1.00E-07
  4.700E+01 3.27585E-19  6.030E-02 ( 5.399E-10, 1.887E-10) ( 7.682E-12, 2.098E-11)  1.00E-07
  4.750E+01 3.16934E-19  6.217E-02 ( 5.237E-10, 2.052E-10) ( 7.314E-12, 2.168E-11)  1.00E-07
  4.800E+01 3.06759E-19  6.399E-02 ( 5.074E-10, 2.208E-10) ( 6.930E-12, 2.236E-11)  1.00E-07
  4.850E+01 2.97034E-19  6.577E-02 ( 4.910E-10, 2.354E-10) ( 6.531E-12, 2.303E-11)  1.00E-07
  4.900E+01 2.87735E-19  6.749E-02 ( 4.744E-10, 2.491E-10) ( 6.116E-12, 2.368E-11)  1.00E-07
  4.950E+01 2.78839E-19  6.915E-02 ( 4.578E-10, 2.620E-10) ( 5.688E-12, 2.431E-11)  1.00E-07
  5.000E+01 2.70325E-19  7.074E-02 ( 4.412E-10, 2.739E-10) ( 5.246E-12, 2.493E-11)  1.00E-07
  5.050E+01 2.62174E-19  7.227E-02 ( 4.245E-10, 2.851E-10) ( 4.792E-12, 2.553E-11)  1.00E-07
  5.100E+01 2.54366E-19  7.372E-02 ( 4.079E-10, 2.954E-10) ( 4.326E-12, 2.612E-11)  1.00E-07
  5.150E+01 2.46885E-19  7.510E-02 ( 3.913E-10, 3.050E-10) ( 3.849E-12, 2.669E-11)  1.00E-07
  5.200E+01 2.39714E-19  7.639E-02 ( 3.748E-10, 3.138E-10) ( 3.362E-12, 2.724E-11)  1.00E-07
  5.250E+01 2.32838E-19  7.760E-02 ( 3.584E-10, 3.219E-10) ( 2.864E-12, 2.778E-11)  1.00E-07
  5.300E+01 2.26242E-19  7.871E-02 ( 3.420E-10, 3.293E-10) ( 2.358E-12, 2.830E-11)  1.00E-07
  5.350E+01 2.19912E-19  7.973E-02 ( 3.258E-10, 3.360E-10) ( 1.843E-12, 2.881E-11)  1.00E-07
  5.400E+01 2.13835E-19  8.065E-02 ( 3.098E-10, 3.421E-10) ( 1.321E-12, 2.929E-11)  1.00E-07
  5.450E+01 2.07999E-19  8.146E-02 ( 2.939E-10, 3.475E-10) ( 7.908E-13, 2.976E-11)  1.00E-07
  5.500E+01 2.02393E-19  8.217E-02 ( 2.781E-10, 3.523E-10) ( 2.543E-13, 3.022E-11)  1.00E-07
  5.550E+01 1.97006E-19  8.277E-02 ( 2.626E-10, 3.565E-10) (-2.883E-13, 3.066E-11)  1.00E-07
  5.600E+01 1.91827E-19  8.325E-02 ( 2.472E-10, 3.602E-10) (-8.363E-13, 3.108E-11)  1.00E-07
  5.650E+01 1.86848E-19  8.362E-02 ( 2.321E-10, 3.633E-10) (-1.389E-12, 3.148E-11)  1.00E-07
  5.700E+01 1.82057E-19  8.386E-02 ( 2.172E-10, 3.659E-10) (-1.947E-12, 3.187E-11)  1.00E-07
  5.750E+01 1.77448E-19  8.398E-02 ( 2.025E-10, 3.680E-10) (-2.508E-12, 3.224E-11)  1.00E-07
  5.800E+01 1.73012E-19  8.398E-02 ( 1.880E-10, 3.696E-10) (-3.072E-12, 3.260E-11)  1.00E-07
  5.850E+01 1.68741E-19  8.384E-02 ( 1.738E-10, 3.707E-10) (-3.640E-12, 3.294E-11)  1.00E-07
  5.900E+01 1.64627E-19  8.358E-02 ( 1.598E-10, 3.714E-10) (-4.210E-12, 3.327E-11)  1.00E-07
  5.950E+01 1.60664E-19  8.318E-02 ( 1.461E-10, 3.717E-10) (-4.781E-12, 3.358E-11)  1.00E-07
  6.000E+01 1.56845E-19  8.264E-02 ( 1.326E-10, 3.716E-10) (-5.354E-12, 3.387E-11)  1.00E-07
  6.050E+01 1.53164E-19  8.197E-02 ( 1.194E-10, 3.711E-10) (-5.928E-12, 3.415E-11)  1.00E-07
  6.100E+01 1.49615E-19  8.116E-02 ( 1.065E-10, 3.702E-10) (-6.503E-12, 3.441E-11)  1.00E-07
  6.150E+01 1.46192E-19  8.020E-02 ( 9.380E-11, 3.690E-10) (-7.078E-12, 3.466E-11)  1.00E-07
  6.200E+01 1.42890E-19  7.911E-02 ( 8.141E-11, 3.674E-10) (-7.653E-12, 3.489E-11)  1.00E-07
  6.250E+01 1.39703E-19  7.788E-02 ( 6.929E-11, 3.655E-10) (-8.226E-12, 3.511E-11)  1.00E-07
  6.300E+01 1.36628E-19  7.650E-02 ( 5.745E-11, 3.633E-10) (-8.799E-12, 3.532E-11)  1.00E-07
  6.350E+01 1.33659E-19  7.498E-02 ( 4.588E-11, 3.608E-10) (-9.371E-12, 3.551E-11)  1.00E-07
  6.400E+01 1.30792E-19  7.331E-02 ( 3.460E-11, 3.581E-10) (-9.941E-12, 3.568E-11)  1.00E-07
  6.450E+01 1.28023E-19  7.150E-02 ( 2.359E-11, 3.551E-10) (-1.051E-11, 3.584E-11)  1.00E-07
  6.500E+01 1.25348E-19  6.955E-02 ( 1.286E-11, 3.518E-10) (-1.107E-11, 3.599E-11)  1.00E-07
  6.550E+01 1.22763E-19  6.745E-02 ( 2.412E-12, 3.483E-10) (-1.164E-11, 3.613E-11)  1.00E-07
  6.600E+01 1.20265E-19  6.521E-02 (-7.760E-12, 3.446E-10) (-1.220E-11, 3.625E-11)  1.00E-07
  6.650E+01 1.17850E-19  6.283E-02 (-1.766E-11, 3.407E-10) (-1.275E-11, 3.636E-11)  1.00E-07
  6.700E+01 1.15515E-19  6.031E-02 (-2.728E-11, 3.365E-10) (-1.331E-11, 3.646E-11)  1.00E-07
  6.750E+01 1.13256E-19  5.765E-02 (-3.663E-11, 3.322E-10) (-1.385E-11, 3.654E-11)  1.00E-07
  6.800E+01 1.11072E-19  5.485E-02 (-4.570E-11, 3.278E-10) (-1.440E-11, 3.662E-11)  1.00E-07
  6.850E+01 1.08958E-19  5.192E-02 (-5.451E-11, 3.231E-10) (-1.494E-11, 3.668E-11)  1.00E-07
  6.900E+01 1.06913E-19  4.885E-02 (-6.305E-11, 3.184E-10) (-1.548E-11, 3.673E-11)  1.00E-07
  6.950E+01 1.04934E-19  4.565E-02 (-7.133E-11, 3.134E-10) (-1.601E-11, 3.676E-11)  1.00E-07
  7.000E+01 1.03018E-19  4.231E-02 (-7.934E-11, 3.084E-10) (-1.653E-11, 3.679E-11)  1.00E-07
  7.050E+01 1.01163E-19  3.885E-02 (-8.710E-11, 3.032E-10) (-1.705E-11, 3.681E-11)  1.00E-07
  7.100E+01 9.93670E-20  3.527E-02 (-9.460E-11, 2.979E-10) (-1.757E-11, 3.681E-11)  1.00E-07
  7.150E+01 9.76275E-20  3.156E-02 (-1.018E-10, 2.925E-10) (-1.808E-11, 3.681E-11)  1.00E-07
  7.200E+01 9.59427E-20  2.773E-02 (-1.088E-10, 2.870E-10) (-1.858E-11, 3.679E-11)  1.00E-07
  7.250E+01 9.43105E-20  2.379E-02 (-1.156E-10, 2.815E-10) (-1.908E-11, 3.677E-11)  1.00E-07
  7.300E+01 9.27291E-20  1.973E-02 (-1.221E-10, 2.758E-10) (-1.958E-11, 3.673E-11)  1.00E-07
  7.350E+01 9.11967E-20  1.556E-02 (-1.284E-10, 2.701E-10) (-2.006E-11, 3.668E-11)  1.00E-07
  7.400E+01 8.97116E-20  1.128E-02 (-1.344E-10, 2.643E-10) (-2.054E-11, 3.663E-11)  1.00E-07
  7.450E+01 8.82721E-20  6.907E-03 (-1.402E-10, 2.585E-10) (-2.101E-11, 3.657E-11)  1.00E-07
  7.500E+01 8.68766E-20  2.430E-03 (-1.458E-10, 2.526E-10) (-2.148E-11, 3.650E-11)  1.00E-07
  7.550E+01 8.55238E-20 -2.142E-03 (-1.512E-10, 2.467E-10) (-2.194E-11, 3.642E-11)  1.00E-07
  7.600E+01 8.42121E-20 -6.806E-03 (-1.563E-10, 2.408E-10) (-2.239E-11, 3.633E-11)  1.00E-07
  7.650E+01 8.29401E-20 -1.156E-02 (-1.612E-10, 2.348E-10) (-2.284E-11, 3.623E-11)  1.00E-07
  7.700E+01 8.17065E-20 -1.639E-02 (-1.659E-10, 2.287E-10) (-2.328E-11, 3.613E-11)  1.00E-07
  7.750E+01 8.05100E-20 -2.130E-02 (-1.704E-10, 2.227E-10) (-2.371E-11, 3.601E-11)  1.00E-07
  7.800E+01 7.93495E-20 -2.629E-02 (-1.747E-10, 2.167E-10) (-2.414E-11, 3.589E-11)  1.00E-07
  7.850E+01 7.82237E-20 -3.134E-02 (-1.789E-10, 2.106E-10) (-2.455E-11, 3.577E-11)  1.00E-07
  7.900E+01 7.71314E-20 -3.647E-02 (-1.828E-10, 2.045E-10) (-2.496E-11, 3.563E-11)  1.00E-07
  7.950E+01 7.60718E-20 -4.165E-02 (-1.865E-10, 1.985E-10) (-2.537E-11, 3.549E-11)  1.00E-07
  8.000E+01 7.50435E-20 -4.689E-02 (-1.900E-10, 1.924E-10) (-2.576E-11, 3.534E-11)  1.00E-07
  8.050E+01 7.40458E-20 -5.218E-02 (-1.934E-10, 1.864E-10) (-2.615E-11, 3.519E-11)  1.00E-07
  8.100E+01 7.30776E-20 -5.751E-02 (-1.965E-10, 1.803E-10) (-2.653E-11, 3.503E-11)  1.00E-07
  8.150E+01 7.21379E-20 -6.289E-02 (-1.995E-10, 1.743E-10) (-2.690E-11, 3.487E-11)  1.00E-07
  8.200E+01 7.12260E-20 -6.830E-02 (-2.024E-10, 1.683E-10) (-2.727E-11, 3.469E-11)  1.00E-07
  8.250E+01 7.03408E-20 -7.375E-02 (-2.050E-10, 1.623E-10) (-2.762E-11, 3.452E-11)  1.00E-07
  8.300E+01 6.94817E-20 -7.922E-02 (-2.075E-10, 1.564E-10) (-2.797E-11, 3.434E-11)  1.00E-07
  8.350E+01 6.86478E-20 -8.472E-02 (-2.099E-10, 1.504E-10) (-2.831E-11, 3.415E-11)  1.00E-07
  8.400E+01 6.78383E-20 -9.023E-02 (-2.121E-10, 1.445E-10) (-2.865E-11, 3.396E-11)  1.00E-07
  8.450E+01 6.70525E-20 -9.576E-02 (-2.141E-10, 1.387E-10) (-2.897E-11, 3.376E-11)  1.00E-07
  8.500E+01 6.62897E-20 -1.013E-01 (-2.160E-10, 1.328E-10) (-2.929E-11, 3.356E-11)  1.00E-07
  8.550E+01 6.55492E-20 -1.068E-01 (-2.178E-10, 1.271E-10) (-2.960E-11, 3.335E-11)  1.00E-07
  8.600E+01 6.48303E-20 -1.124E-01 (-2.194E-10, 1.213E-10) (-2.991E-11, 3.314E-11)  1.00E-07
  8.650E+01 6.41324E-20 -1.179E-01 (-2.208E-10, 1.156E-10) (-3.020E-11, 3.293E-11)  1.00E-07
  8.700E+01 6.34549E-20 -1.234E-01 (-2.222E-10, 1.099E-10) (-3.049E-11, 3.271E-11)  1.00E-07
  8.750E+01 6.27971E-20 -1.289E-01 (-2.234E-10, 1.043E-10) (-3.077E-11, 3.249E-11)  1.00E-07
  8.800E+01 6.21586E-20 -1.344E-01 (-2.245E-10, 9.876E-11) (-3.104E-11, 3.226E-11)  1.00E-07
  8.850E+01 6.15387E-20 -1.399E-01 (-2.255E-10, 9.325E-11) (-3.130E-11, 3.203E-11)  1.00E-07
  8.900E+01 6.09369E-20 -1.453E-01 (-2.263E-10, 8.778E-11) (-3.156E-11, 3.180E-11)  1.00E-07
  8.950E+01 6.03527E-20 -1.507E-01 (-2.271E-10, 8.237E-11) (-3.181E-11, 3.157E-11)  1.00E-07
  9.000E+01 5.97855E-20 -1.561E-01 (-2.277E-10, 7.702E-11) (-3.205E-11, 3.133E-11)  1.00E-07
  9.050E+01 5.92350E-20 -1.614E-01 (-2.282E-10, 7.171E-11) (-3.228E-11, 3.109E-11)  1.00E-07
  9.100E+01 5.87005E-20 -1.667E-01 (-2.286E-10, 6.647E-11) (-3.251E-11, 3.085E-11)  1.00E-07
  9.150E+01 5.81818E-20 -1.719E-01 (-2.290E-10, 6.128E-11) (-3.273E-11, 3.060E-11)  1.00E-07
  9.200E+01 5.76782E-20 -1.771E-01 (-2.292E-10, 5.615E-11) (-3.294E-11, 3.035E-11)  1.00E-07
  9.250E+01 5.71895E-20 -1.822E-01 (-2.293E-10, 5.107E-11) (-3.314E-11, 3.010E-11)  1.00E-07
  9.300E+01 5.67152E-20 -1.872E-01 (-2.293E-10, 4.606E-11) (-3.334E-11, 2.985E-11)  1.00E-07
  9.350E+01 5.62548E-20 -1.922E-01 (-2.293E-10, 4.111E-11) (-3.352E-11, 2.960E-11)  1.00E-07
  9.400E+01 5.58080E-20 -1.972E-01 (-2.291E-10, 3.621E-11) (-3.370E-11, 2.934E-11)  1.00E-07
  9.450E+01 5.53745E-20 -2.020E-01 (-2.289E-10, 3.138E-11) (-3.388E-11, 2.908E-11)  1.00E-07
  9.500E+01 5.49538E-20 -2.068E-01 (-2.286E-10, 2.661E-11) (-3.404E-11, 2.882E-11)  1.00E-07
  9.550E+01 5.45457E-20 -2.115E-01 (-2.282E-10, 2.191E-11) (-3.420E-11, 2.856E-11)  1.00E-07
  9.600E+01 5.41497E-20 -2.162E-01 (-2.278E-10, 1.726E-11) (-3.435E-11, 2.830E-11)  1.00E-07
  9.650E+01 5.37655E-20 -2.207E-01 (-2.272E-10, 1.268E-11) (-3.450E-11, 2.804E-11)  1.00E-07
  9.700E+01 5.33929E-20 -2.252E-01 (-2.266E-10, 8.156E-12) (-3.463E-11, 2.777E-11)  1.00E-07
  9.750E+01 5.30314E-20 -2.295E-01 (-2.259E-10, 3.698E-12) (-3.476E-11, 2.751E-11)  1.00E-07
  9.800E+01 5.26808E-20 -2.338E-01 (-2.252E-10,-6.969E-13) (-3.489E-11, 2.724E-11)  1.00E-07
  9.850E+01 5.23409E-20 -2.380E-01 (-2.244E-10,-5.029E-12) (-3.500E-11, 2.697E-11)  1.00E-07
  9.900E+01 5.20113E-20 -2.421E-01 (-2.236E-10,-9.298E-12) (-3.511E-11, 2.671E-11)  1.00E-07
  9.950E+01 5.16917E-20 -2.461E-01 (-2.226E-10,-1.350E-11) (-3.521E-11, 2.644E-11)  1.00E-07
  1.000E+02 5.13818E-20 -2.501E-01 (-2.217E-10,-1.765E-11) (-3.531E-11, 2.617E-11)  1.00E-07
  1.005E+02 5.10815E-20 -2.539E-01 (-2.206E-10,-2.173E-11) (-3.540E-11, 2.590E-11)  1.00E-07
  1.010E+02 5.07905E-20 -2.576E-01 (-2.196E-10,-2.575E-11) (-3.548E-11, 2.563E-11)  1.00E-07
  1.015E+02 5.05084E-20 -2.612E-01 (-2.184E-10,-2.970E-11) (-3.555E-11, 2.536E-11)  1.00E-07
  1.020E+02 5.02352E-20 -2.647E-01 (-2.173E-10,-3.360E-11) (-3.562E-11, 2.509E-11)  1.00E-07
  1.025E+02 4.99704E-20 -2.681E-01 (-2.161E-10,-3.743E-11) (-3.568E-11, 2.482E-11)  1.00E-07
  1.030E+02 4.97140E-20 -2.714E-01 (-2.148E-10,-4.120E-11) (-3.574E-11, 2.455E-11)  1.00E-07
  1.035E+02 4.94656E-20 -2.746E-01 (-2.135E-10,-4.491E-11) (-3.579E-11, 2.428E-11)  1.00E-07
  1.040E+02 4.92252E-20 -2.777E-01 (-2.121E-10,-4.856E-11) (-3.583E-11, 2.402E-11)  1.00E-07
  1.045E+02 4.89924E-20 -2.807E-01 (-2.108E-10,-5.215E-11) (-3.586E-11, 2.375E-11)  1.00E-07
  1.050E+02 4.87670E-20 -2.835E-01 (-2.093E-10,-5.568E-11) (-3.589E-11, 2.348E-11)  1.00E-07
  1.055E+02 4.85489E-20 -2.863E-01 (-2.079E-10,-5.915E-11) (-3.592E-11, 2.321E-11)  1.00E-07
  1.060E+02 4.83379E-20 -2.889E-01 (-2.064E-10,-6.256E-11) (-3.593E-11, 2.294E-11)  1.00E-07
  1.065E+02 4.81338E-20 -2.915E-01 (-2.049E-10,-6.591E-11) (-3.594E-11, 2.268E-11)  1.00E-07
  1.070E+02 4.79364E-20 -2.939E-01 (-2.034E-10,-6.920E-11) (-3.595E-11, 2.241E-11)  1.00E-07
  1.075E+02 4.77454E-20 -2.962E-01 (-2.018E-10,-7.244E-11) (-3.595E-11, 2.214E-11)  1.00E-07
  1.080E+02 4.75609E-20 -2.985E-01 (-2.002E-10,-7.561E-11) (-3.594E-11, 2.188E-11)  1.00E-07
  1.085E+02 4.73825E-20 -3.006E-01 (-1.986E-10,-7.874E-11) (-3.593E-11, 2.162E-11)  1.00E-07
  1.090E+02 4.72102E-20 -3.026E-01 (-1.969E-10,-8.180E-11) (-3.591E-11, 2.135E-11)  1.00E-07
  1.095E+02 4.70437E-20 -3.044E-01 (-1.952E-10,-8.481E-11) (-3.589E-11, 2.109E-11)  1.00E-07
  1.100E+02 4.68829E-20 -3.062E-01 (-1.935E-10,-8.776E-11) (-3.586E-11, 2.083E-11)  1.00E-07
  1.105E+02 4.67276E-20 -3.079E-01 (-1.918E-10,-9.066E-11) (-3.582E-11, 2.057E-11)  1.00E-07
  1.110E+02 4.65778E-20 -3.095E-01 (-1.901E-10,-9.351E-11) (-3.578E-11, 2.031E-11)  1.00E-07
  1.115E+02 4.64332E-20 -3.109E-01 (-1.884E-10,-9.630E-11) (-3.573E-11, 2.005E-11)  1.00E-07
  1.120E+02 4.62937E-20 -3.123E-01 (-1.866E-10,-9.904E-11) (-3.568E-11, 1.980E-11)  1.00E-07
  1.125E+02 4.61592E-20 -3.135E-01 (-1.848E-10,-1.017E-10) (-3.562E-11, 1.954E-11)  1.00E-07
  1.130E+02 4.60295E-20 -3.146E-01 (-1.830E-10,-1.044E-10) (-3.556E-11, 1.929E-11)  1.00E-07
  1.135E+02 4.59046E-20 -3.157E-01 (-1.812E-10,-1.069E-10) (-3.549E-11, 1.903E-11)  1.00E-07
  1.140E+02 4.57843E-20 -3.166E-01 (-1.794E-10,-1.095E-10) (-3.542E-11, 1.878E-11)  1.00E-07
  1.145E+02 4.56684E-20 -3.174E-01 (-1.776E-10,-1.120E-10) (-3.534E-11, 1.853E-11)  1.00E-07
  1.150E+02 4.55568E-20 -3.182E-01 (-1.758E-10,-1.144E-10) (-3.526E-11, 1.828E-11)  1.00E-07
  1.155E+02 4.54495E-20 -3.188E-01 (-1.739E-10,-1.168E-10) (-3.517E-11, 1.803E-11)  1.00E-07
  1.160E+02 4.53463E-20 -3.193E-01 (-1.721E-10,-1.191E-10) (-3.508E-11, 1.779E-11)  1.00E-07
  1.165E+02 4.52471E-20 -3.197E-01 (-1.702E-10,-1.214E-10) (-3.498E-11, 1.755E-11)  1.00E-07
  1.170E+02 4.51518E-20 -3.201E-01 (-1.684E-10,-1.237E-10) (-3.488E-11, 1.730E-11)  1.00E-07
  1.175E+02 4.50602E-20 -3.203E-01 (-1.665E-10,-1.259E-10) (-3.477E-11, 1.706E-11)  1.00E-07
  1.180E+02 4.49723E-20 -3.205E-01 (-1.646E-10,-1.280E-10) (-3.466E-11, 1.682E-11)  1.00E-07
  1.185E+02 4.48880E-20 -3.205E-01 (-1.627E-10,-1.301E-10) (-3.454E-11, 1.658E-11)  1.00E-07
  1.190E+02 4.48072E-20 -3.205E-01 (-1.609E-10,-1.322E-10) (-3.442E-11, 1.635E-11)  1.00E-07
  1.195E+02 4.47298E-20 -3.204E-01 (-1.590E-10,-1.342E-10) (-3.429E-11, 1.611E-11)  1.00E-07
  1.200E+02 4.46556E-20 -3.202E-01 (-1.571E-10,-1.362E-10) (-3.416E-11, 1.588E-11)  1.00E-07
  1.205E+02 4.45846E-20 -3.199E-01 (-1.552E-10,-1.381E-10) (-3.403E-11, 1.565E-11)  1.00E-07
  1.210E+02 4.45167E-20 -3.195E-01 (-1.534E-10,-1.400E-10) (-3.389E-11, 1.542E-11)  1.00E-07
  1.215E+02 4.44518E-20 -3.190E-01 (-1.515E-10,-1.419E-10) (-3.375E-11, 1.519E-11)  1.00E-07
  1.220E+02 4.43899E-20 -3.184E-01 (-1.496E-10,-1.437E-10) (-3.360E-11, 1.497E-11)  1.00E-07
  1.225E+02 4.43307E-20 -3.178E-01 (-1.478E-10,-1.455E-10) (-3.345E-11, 1.474E-11)  1.00E-07
  1.230E+02 4.42744E-20 -3.171E-01 (-1.459E-10,-1.472E-10) (-3.329E-11, 1.452E-11)  1.00E-07
  1.235E+02 4.42207E-20 -3.163E-01 (-1.440E-10,-1.489E-10) (-3.313E-11, 1.430E-11)  1.00E-07
  1.240E+02 4.41696E-20 -3.154E-01 (-1.422E-10,-1.506E-10) (-3.297E-11, 1.408E-11)  1.00E-07
  1.245E+02 4.41210E-20 -3.145E-01 (-1.403E-10,-1.522E-10) (-3.280E-11, 1.387E-11)  1.00E-07
  1.250E+02 4.40749E-20 -3.135E-01 (-1.385E-10,-1.538E-10) (-3.263E-11, 1.365E-11)  1.00E-07
  1.255E+02 4.40311E-20 -3.124E-01 (-1.366E-10,-1.553E-10) (-3.245E-11, 1.344E-11)  1.00E-07
  1.260E+02 4.39896E-20 -3.112E-01 (-1.348E-10,-1.568E-10) (-3.227E-11, 1.323E-11)  1.00E-07
  1.265E+02 4.39504E-20 -3.100E-01 (-1.330E-10,-1.583E-10) (-3.209E-11, 1.302E-11)  1.00E-07
  1.270E+02 4.39133E-20 -3.087E-01 (-1.312E-10,-1.598E-10) (-3.191E-11, 1.282E-11)  1.00E-07
  1.275E+02 4.38783E-20 -3.074E-01 (-1.294E-10,-1.612E-10) (-3.172E-11, 1.261E-11)  1.00E-07
  1.280E+02 4.38454E-20 -3.059E-01 (-1.276E-10,-1.626E-10) (-3.152E-11, 1.241E-11)  1.00E-07
  1.285E+02 4.38144E-20 -3.045E-01 (-1.258E-10,-1.639E-10) (-3.132E-11, 1.221E-11)  1.00E-07
  1.290E+02 4.37853E-20 -3.029E-01 (-1.240E-10,-1.652E-10) (-3.112E-11, 1.201E-11)  1.00E-07
  1.295E+02 4.37581E-20 -3.013E-01 (-1.222E-10,-1.665E-10) (-3.092E-11, 1.181E-11)  1.00E-07
  1.300E+02 4.37326E-20 -2.996E-01 (-1.205E-10,-1.678E-10) (-3.071E-11, 1.162E-11)  1.00E-07
  1.305E+02 4.37088E-20 -2.979E-01 (-1.187E-10,-1.690E-10) (-3.050E-11, 1.142E-11)  1.00E-07
  1.310E+02 4.36868E-20 -2.961E-01 (-1.170E-10,-1.702E-10) (-3.029E-11, 1.123E-11)  1.00E-07
  1.315E+02 4.36663E-20 -2.943E-01 (-1.152E-10,-1.714E-10) (-3.007E-11, 1.104E-11)  1.00E-07
  1.320E+02 4.36474E-20 -2.924E-01 (-1.135E-10,-1.725E-10) (-2.985E-11, 1.086E-11)  1.00E-07
  1.325E+02 4.36300E-20 -2.904E-01 (-1.118E-10,-1.736E-10) (-2.963E-11, 1.067E-11)  1.00E-07
  1.330E+02 4.36140E-20 -2.885E-01 (-1.101E-10,-1.747E-10) (-2.940E-11, 1.049E-11)  1.00E-07
  1.335E+02 4.35995E-20 -2.864E-01 (-1.084E-10,-1.757E-10) (-2.917E-11, 1.031E-11)  1.00E-07
  1.340E+02 4.35863E-20 -2.843E-01 (-1.068E-10,-1.768E-10) (-2.894E-11, 1.013E-11)  1.00E-07
  1.345E+02 4.35744E-20 -2.822E-01 (-1.051E-10,-1.778E-10) (-2.870E-11, 9.950E-12)  1.00E-07
  1.350E+02 4.35637E-20 -2.800E-01 (-1.035E-10,-1.787E-10) (-2.846E-11, 9.775E-12)  1.00E-07
  1.355E+02 4.35543E-20 -2.778E-01 (-1.019E-10,-1.797E-10) (-2.822E-11, 9.601E-12)  1.00E-07
  1.360E+02 4.35460E-20 -2.755E-01 (-1.003E-10,-1.806E-10) (-2.798E-11, 9.430E-12)  1.00E-07
  1.365E+02 4.35389E-20 -2.732E-01 (-9.866E-11,-1.815E-10) (-2.773E-11, 9.260E-12)  1.00E-07
  1.370E+02 4.35328E-20 -2.708E-01 (-9.708E-11,-1.824E-10) (-2.748E-11, 9.092E-12)  1.00E-07
  1.375E+02 4.35278E-20 -2.685E-01 (-9.552E-11,-1.833E-10) (-2.723E-11, 8.926E-12)  1.00E-07
  1.380E+02 4.35238E-20 -2.660E-01 (-9.397E-11,-1.841E-10) (-2.698E-11, 8.763E-12)  1.00E-07
  1.385E+02 4.35207E-20 -2.636E-01 (-9.243E-11,-1.849E-10) (-2.672E-11, 8.601E-12)  1.00E-07
  1.390E+02 4.35185E-20 -2.611E-01 (-9.091E-11,-1.857E-10) (-2.646E-11, 8.441E-12)  1.00E-07
  1.395E+02 4.35172E-20 -2.585E-01 (-8.941E-11,-1.865E-10) (-2.620E-11, 8.282E-12)  1.00E-07
  1.400E+02 4.35168E-20 -2.560E-01 (-8.792E-11,-1.872E-10) (-2.593E-11, 8.126E-12)  1.00E-07
  1.405E+02 4.35172E-20 -2.534E-01 (-8.644E-11,-1.879E-10) (-2.566E-11, 7.972E-12)  1.00E-07
  1.410E+02 4.35183E-20 -2.507E-01 (-8.499E-11,-1.887E-10) (-2.540E-11, 7.819E-12)  1.00E-07
  1.415E+02 4.35201E-20 -2.480E-01 (-8.355E-11,-1.893E-10) (-2.512E-11, 7.668E-12)  1.00E-07
  1.420E+02 4.35227E-20 -2.454E-01 (-8.212E-11,-1.900E-10) (-2.485E-11, 7.519E-12)  1.00E-07
  1.425E+02 4.35259E-20 -2.426E-01 (-8.072E-11,-1.907E-10) (-2.457E-11, 7.372E-12)  1.00E-07
  1.430E+02 4.35298E-20 -2.399E-01 (-7.933E-11,-1.913E-10) (-2.430E-11, 7.226E-12)  1.00E-07
  1.435E+02 4.35342E-20 -2.371E-01 (-7.795E-11,-1.919E-10) (-2.402E-11, 7.083E-12)  1.00E-07
  1.440E+02 4.35393E-20 -2.343E-01 (-7.659E-11,-1.925E-10) (-2.373E-11, 6.941E-12)  1.00E-07
  1.445E+02 4.35448E-20 -2.315E-01 (-7.526E-11,-1.931E-10) (-2.345E-11, 6.801E-12)  1.00E-07
  1.450E+02 4.35509E-20 -2.286E-01 (-7.393E-11,-1.937E-10) (-2.316E-11, 6.662E-12)  1.00E-07
  1.455E+02 4.35575E-20 -2.257E-01 (-7.263E-11,-1.942E-10) (-2.287E-11, 6.525E-12)  1.00E-07
  1.460E+02 4.35645E-20 -2.228E-01 (-7.134E-11,-1.947E-10) (-2.258E-11, 6.390E-12)  1.00E-07
  1.465E+02 4.35719E-20 -2.199E-01 (-7.007E-11,-1.953E-10) (-2.229E-11, 6.257E-12)  1.00E-07
  1.470E+02 4.35798E-20 -2.170E-01 (-6.882E-11,-1.958E-10) (-2.200E-11, 6.125E-12)  1.00E-07
  1.475E+02 4.35880E-20 -2.140E-01 (-6.758E-11,-1.962E-10) (-2.170E-11, 5.995E-12)  1.00E-07
  1.480E+02 4.35966E-20 -2.110E-01 (-6.637E-11,-1.967E-10) (-2.140E-11, 5.867E-12)  1.00E-07
  1.485E+02 4.36054E-20 -2.080E-01 (-6.517E-11,-1.972E-10) (-2.110E-11, 5.740E-12)  1.00E-07
  1.490E+02 4.36146E-20 -2.050E-01 (-6.399E-11,-1.976E-10) (-2.080E-11, 5.615E-12)  1.00E-07
  1.495E+02 4.36241E-20 -2.019E-01 (-6.283E-11,-1.981E-10) (-2.050E-11, 5.491E-12)  1.00E-07
  1.500E+02 4.36338E-20 -1.989E-01 (-6.168E-11,-1.985E-10) (-2.019E-11, 5.369E-12)  1.00E-07
  1.505E+02 4.36438E-20 -1.958E-01 (-6.055E-11,-1.989E-10) (-1.989E-11, 5.249E-12)  1.00E-07
  1.510E+02 4.36539E-20 -1.927E-01 (-5.945E-11,-1.993E-10) (-1.958E-11, 5.129E-12)  1.00E-07
  1.515E+02 4.36643E-20 -1.896E-01 (-5.836E-11,-1.997E-10) (-1.927E-11, 5.012E-12)  1.00E-07
  1.520E+02 4.36748E-20 -1.865E-01 (-5.729E-11,-2.000E-10) (-1.896E-11, 4.896E-12)  1.00E-07
  1.525E+02 4.36855E-20 -1.833E-01 (-5.623E-11,-2.004E-10) (-1.864E-11, 4.781E-12)  1.00E-07
  1.530E+02 4.36963E-20 -1.802E-01 (-5.520E-11,-2.007E-10) (-1.833E-11, 4.668E-12)  1.00E-07
  1.535E+02 4.37072E-20 -1.770E-01 (-5.418E-11,-2.011E-10) (-1.801E-11, 4.556E-12)  1.00E-07
  1.540E+02 4.37182E-20 -1.739E-01 (-5.319E-11,-2.014E-10) (-1.770E-11, 4.446E-12)  1.00E-07
  1.545E+02 4.37292E-20 -1.707E-01 (-5.221E-11,-2.017E-10) (-1.738E-11, 4.336E-12)  1.00E-07
  1.550E+02 4.37404E-20 -1.675E-01 (-5.125E-11,-2.020E-10) (-1.706E-11, 4.229E-12)  1.00E-07
  1.555E+02 4.37515E-20 -1.643E-01 (-5.031E-11,-2.023E-10) (-1.674E-11, 4.122E-12)  1.00E-07
  1.560E+02 4.37627E-20 -1.611E-01 (-4.938E-11,-2.026E-10) (-1.642E-11, 4.017E-12)  1.00E-07
  1.565E+02 4.37739E-20 -1.578E-01 (-4.848E-11,-2.029E-10) (-1.609E-11, 3.913E-12)  1.00E-07
  1.570E+02 4.37850E-20 -1.546E-01 (-4.759E-11,-2.031E-10) (-1.577E-11, 3.811E-12)  1.00E-07
  1.575E+02 4.37962E-20 -1.513E-01 (-4.673E-11,-2.034E-10) (-1.544E-11, 3.709E-12)  1.00E-07
  1.580E+02 4.38073E-20 -1.481E-01 (-4.588E-11,-2.036E-10) (-1.512E-11, 3.609E-12)  1.00E-07
  1.585E+02 4.38183E-20 -1.448E-01 (-4.505E-11,-2.039E-10) (-1.479E-11, 3.510E-12)  1.00E-07
  1.590E+02 4.38293E-20 -1.415E-01 (-4.424E-11,-2.041E-10) (-1.446E-11, 3.412E-12)  1.00E-07
  1.595E+02 4.38402E-20 -1.383E-01 (-4.345E-11,-2.043E-10) (-1.413E-11, 3.315E-12)  1.00E-07
  1.600E+02 4.38510E-20 -1.350E-01 (-4.268E-11,-2.045E-10) (-1.380E-11, 3.220E-12)  1.00E-07
  1.605E+02 4.38616E-20 -1.317E-01 (-4.193E-11,-2.047E-10) (-1.346E-11, 3.125E-12)  1.00E-07
  1.610E+02 4.38722E-20 -1.284E-01 (-4.119E-11,-2.049E-10) (-1.313E-11, 3.032E-12)  1.00E-07
  1.615E+02 4.38826E-20 -1.250E-01 (-4.048E-11,-2.051E-10) (-1.280E-11, 2.939E-12)  1.00E-07
  1.620E+02 4.38929E-20 -1.217E-01 (-3.978E-11,-2.053E-10) (-1.246E-11, 2.848E-12)  1.00E-07
  1.625E+02 4.39030E-20 -1.184E-01 (-3.911E-11,-2.055E-10) (-1.213E-11, 2.757E-12)  1.00E-07
  1.630E+02 4.39130E-20 -1.151E-01 (-3.845E-11,-2.056E-10) (-1.179E-11, 2.668E-12)  1.00E-07
  1.635E+02 4.39228E-20 -1.117E-01 (-3.781E-11,-2.058E-10) (-1.145E-11, 2.579E-12)  1.00E-07
  1.640E+02 4.39324E-20 -1.084E-01 (-3.719E-11,-2.060E-10) (-1.111E-11, 2.491E-12)  1.00E-07
  1.645E+02 4.39418E-20 -1.051E-01 (-3.659E-11,-2.061E-10) (-1.077E-11, 2.404E-12)  1.00E-07
  1.650E+02 4.39509E-20 -1.017E-01 (-3.601E-11,-2.063E-10) (-1.043E-11, 2.318E-12)  1.00E-07
  1.655E+02 4.39599E-20 -9.836E-02 (-3.544E-11,-2.064E-10) (-1.009E-11, 2.233E-12)  1.00E-07
  1.660E+02 4.39687E-20 -9.500E-02 (-3.490E-11,-2.065E-10) (-9.750E-12, 2.149E-12)  1.00E-07
  1.665E+02 4.39772E-20 -9.164E-02 (-3.438E-11,-2.066E-10) (-9.408E-12, 2.065E-12)  1.00E-07
  1.670E+02 4.39854E-20 -8.828E-02 (-3.387E-11,-2.068E-10) (-9.065E-12, 1.982E-12)  1.00E-07
  1.675E+02 4.39935E-20 -8.491E-02 (-3.338E-11,-2.069E-10) (-8.721E-12, 1.900E-12)  1.00E-07
  1.680E+02 4.40012E-20 -8.154E-02 (-3.292E-11,-2.070E-10) (-8.377E-12, 1.819E-12)  1.00E-07
  1.685E+02 4.40087E-20 -7.816E-02 (-3.247E-11,-2.071E-10) (-8.032E-12, 1.738E-12)  1.00E-07
  1.690E+02 4.40159E-20 -7.478E-02 (-3.204E-11,-2.072E-10) (-7.687E-12, 1.658E-12)  1.00E-07
  1.695E+02 4.40229E-20 -7.140E-02 (-3.163E-11,-2.073E-10) (-7.341E-12, 1.578E-12)  1.00E-07
  1.700E+02 4.40296E-20 -6.802E-02 (-3.124E-11,-2.074E-10) (-6.995E-12, 1.499E-12)  1.00E-07
  1.705E+02 4.40359E-20 -6.463E-02 (-3.087E-11,-2.075E-10) (-6.648E-12, 1.421E-12)  1.00E-07
  1.710E+02 4.40420E-20 -6.124E-02 (-3.051E-11,-2.075E-10) (-6.301E-12, 1.343E-12)  1.00E-07
  1.715E+02 4.40478E-20 -5.785E-02 (-3.018E-11,-2.076E-10) (-5.953E-12, 1.266E-12)  1.00E-07
  1.720E+02 4.40533E-20 -5.446E-02 (-2.986E-11,-2.077E-10) (-5.605E-12, 1.189E-12)  1.00E-07
  1.725E+02 4.40585E-20 -5.106E-02 (-2.957E-11,-2.077E-10) (-5.257E-12, 1.112E-12)  1.00E-07
  1.730E+02 4.40633E-20 -4.767E-02 (-2.929E-11,-2.078E-10) (-4.908E-12, 1.036E-12)  1.00E-07
  1.735E+02 4.40679E-20 -4.427E-02 (-2.903E-11,-2.079E-10) (-4.559E-12, 9.605E-13)  1.00E-07
  1.740E+02 4.40721E-20 -4.087E-02 (-2.880E-11,-2.079E-10) (-4.209E-12, 8.853E-13)  1.00E-07
  1.745E+02 4.40760E-20 -3.747E-02 (-2.858E-11,-2.080E-10) (-3.859E-12, 8.103E-13)  1.00E-07
  1.750E+02 4.40795E-20 -3.407E-02 (-2.838E-11,-2.080E-10) (-3.509E-12, 7.357E-13)  1.00E-07
  1.755E+02 4.40828E-20 -3.066E-02 (-2.819E-11,-2.080E-10) (-3.159E-12, 6.613E-13)  1.00E-07
  1.760E+02 4.40857E-20 -2.726E-02 (-2.803E-11,-2.081E-10) (-2.809E-12, 5.872E-13)  1.00E-07
  1.765E+02 4.40882E-20 -2.385E-02 (-2.789E-11,-2.081E-10) (-2.458E-12, 5.133E-13)  1.00E-07
  1.770E+02 4.40905E-20 -2.045E-02 (-2.777E-11,-2.081E-10) (-2.107E-12, 4.396E-13)  1.00E-07
  1.775E+02 4.40924E-20 -1.704E-02 (-2.766E-11,-2.081E-10) (-1.756E-12, 3.661E-13)  1.00E-07
  1.780E+02 4.40939E-20 -1.363E-02 (-2.757E-11,-2.082E-10) (-1.405E-12, 2.927E-13)  1.00E-07
  1.785E+02 4.40951E-20 -1.022E-02 (-2.751E-11,-2.082E-10) (-1.054E-12, 2.194E-13)  1.00E-07
  1.790E+02 4.40960E-20 -6.817E-03 (-2.746E-11,-2.082E-10) (-7.026E-13, 1.462E-13)  1.00E-07
  1.795E+02 4.40965E-20 -3.408E-03 (-2.743E-11,-2.082E-10) (-3.513E-13, 7.310E-14)  1.00E-07
  1.800E+02 4.40967E-20 -4.783E-17 (-2.742E-11,-2.082E-10) (-4.930E-27, 1.026E-27)  1.00E-07

  TOTAL ELASTIC CROSS SECTION = 4.934730E-17 cm**2
               FROM DCS TABLE = 4.933806E-17  (REL. DIF. = 1.87E-04)

  1ST TRANSPORT CROSS SECTION = 1.212629E-18 cm**2
               FROM DCS TABLE = 1.212627E-18  (REL. DIF. = 1.86E-06)

  2ND TRANSPORT CROSS SECTION = 2.271318E-18 cm**2

  **** DPWA0 ENDED ************************************************************

