 #  Scattering amplitudes (in cm)      MU=(1-cos(TH))/2
 #  Z =  80,   projectile: electron
 #  Kinetic energy = 2.50000E+04 eV
 #
 # TH (deg)      MU          Re(F)        Im(F)        Re(G)        Im(G)
 #--------------------------------------------------------------------------
  0.000E+00  0.00000E+00  8.80826E-08  3.21966E-08  0.00000E+00  0.00000E+00
  1.000E-04  7.61557E-13  8.80826E-08  3.21966E-08  3.56299E-15  1.36754E-15
  1.250E-04  1.18994E-12  8.80826E-08  3.21966E-08  4.45373E-15  1.70942E-15
  1.500E-04  1.71346E-12  8.80826E-08  3.21966E-08  5.34448E-15  2.05130E-15
  1.750E-04  2.33225E-12  8.80826E-08  3.21966E-08  6.23523E-15  2.39319E-15
  2.000E-04  3.04617E-12  8.80826E-08  3.21966E-08  7.12597E-15  2.73507E-15
  2.250E-04  3.85530E-12  8.80826E-08  3.21966E-08  8.01672E-15  3.07696E-15
  2.500E-04  4.75964E-12  8.80826E-08  3.21966E-08  8.90747E-15  3.41884E-15
  2.750E-04  5.75917E-12  8.80826E-08  3.21966E-08  9.79821E-15  3.76073E-15
  3.000E-04  6.85391E-12  8.80826E-08  3.21966E-08  1.06890E-14  4.10261E-15
  3.250E-04  8.04379E-12  8.80826E-08  3.21966E-08  1.15797E-14  4.44449E-15
  3.500E-04  9.32893E-12  8.80826E-08  3.21966E-08  1.24705E-14  4.78638E-15
  3.750E-04  1.07092E-11  8.80826E-08  3.21966E-08  1.33612E-14  5.12826E-15
  4.000E-04  1.21847E-11  8.80826E-08  3.21966E-08  1.42519E-14  5.47015E-15
  4.250E-04  1.37554E-11  8.80826E-08  3.21966E-08  1.51427E-14  5.81203E-15
  4.500E-04  1.54213E-11  8.80826E-08  3.21966E-08  1.60334E-14  6.15391E-15
  4.750E-04  1.71823E-11  8.80826E-08  3.21966E-08  1.69242E-14  6.49580E-15
  5.000E-04  1.90386E-11  8.80826E-08  3.21966E-08  1.78149E-14  6.83768E-15
  5.250E-04  2.09900E-11  8.80826E-08  3.21966E-08  1.87057E-14  7.17957E-15
  5.500E-04  2.30367E-11  8.80826E-08  3.21966E-08  1.95964E-14  7.52145E-15
  5.750E-04  2.51785E-11  8.80826E-08  3.21966E-08  2.04872E-14  7.86333E-15
  6.000E-04  2.74156E-11  8.80826E-08  3.21966E-08  2.13779E-14  8.20522E-15
  6.250E-04  2.97478E-11  8.80826E-08  3.21966E-08  2.22687E-14  8.54710E-15
  6.500E-04  3.21752E-11  8.80826E-08  3.21966E-08  2.31594E-14  8.88899E-15
  6.750E-04  3.46979E-11  8.80826E-08  3.21966E-08  2.40502E-14  9.23087E-15
  7.000E-04  3.73157E-11  8.80826E-08  3.21966E-08  2.49409E-14  9.57276E-15
  7.250E-04  4.00286E-11  8.80826E-08  3.21966E-08  2.58316E-14  9.91464E-15
  7.500E-04  4.28368E-11  8.80826E-08  3.21966E-08  2.67224E-14  1.02565E-14
  7.750E-04  4.57402E-11  8.80826E-08  3.21966E-08  2.76131E-14  1.05984E-14
  8.000E-04  4.87388E-11  8.80826E-08  3.21966E-08  2.85039E-14  1.09403E-14
  8.250E-04  5.18325E-11  8.80826E-08  3.21966E-08  2.93946E-14  1.12822E-14
  8.500E-04  5.50215E-11  8.80826E-08  3.21966E-08  3.02854E-14  1.16241E-14
  8.750E-04  5.83057E-11  8.80826E-08  3.21966E-08  3.11761E-14  1.19659E-14
  9.000E-04  6.16850E-11  8.80826E-08  3.21966E-08  3.20669E-14  1.23078E-14
  9.250E-04  6.51595E-11  8.80826E-08  3.21966E-08  3.29576E-14  1.26497E-14
  9.500E-04  6.87293E-11  8.80826E-08  3.21966E-08  3.38484E-14  1.29916E-14
  9.750E-04  7.23943E-11  8.80826E-08  3.21966E-08  3.47391E-14  1.33335E-14
  1.000E-03  7.61544E-11  8.80826E-08  3.21966E-08  3.56299E-14  1.36754E-14
  1.250E-03  1.18991E-10  8.80826E-08  3.21966E-08  4.45373E-14  1.70942E-14
  1.500E-03  1.71347E-10  8.80826E-08  3.21966E-08  5.34448E-14  2.05130E-14
  1.750E-03  2.33223E-10  8.80826E-08  3.21966E-08  6.23522E-14  2.39319E-14
  2.000E-03  3.04617E-10  8.80825E-08  3.21966E-08  7.12597E-14  2.73507E-14
  2.250E-03  3.85531E-10  8.80825E-08  3.21966E-08  8.01671E-14  3.07696E-14
  2.500E-03  4.75965E-10  8.80825E-08  3.21966E-08  8.90745E-14  3.41884E-14
  2.750E-03  5.75917E-10  8.80825E-08  3.21966E-08  9.79819E-14  3.76072E-14
  3.000E-03  6.85389E-10  8.80824E-08  3.21966E-08  1.06889E-13  4.10261E-14
  3.250E-03  8.04380E-10  8.80824E-08  3.21966E-08  1.15797E-13  4.44449E-14
  3.500E-03  9.32891E-10  8.80824E-08  3.21966E-08  1.24704E-13  4.78638E-14
  3.750E-03  1.07092E-09  8.80823E-08  3.21966E-08  1.33611E-13  5.12826E-14
  4.000E-03  1.21847E-09  8.80823E-08  3.21966E-08  1.42519E-13  5.47014E-14
  4.250E-03  1.37554E-09  8.80822E-08  3.21966E-08  1.51426E-13  5.81203E-14
  4.500E-03  1.54213E-09  8.80822E-08  3.21966E-08  1.60334E-13  6.15391E-14
  4.750E-03  1.71823E-09  8.80821E-08  3.21966E-08  1.69241E-13  6.49579E-14
  5.000E-03  1.90386E-09  8.80821E-08  3.21966E-08  1.78148E-13  6.83768E-14
  5.250E-03  2.09900E-09  8.80820E-08  3.21966E-08  1.87055E-13  7.17956E-14
  5.500E-03  2.30367E-09  8.80819E-08  3.21966E-08  1.95963E-13  7.52144E-14
  5.750E-03  2.51785E-09  8.80819E-08  3.21966E-08  2.04870E-13  7.86333E-14
  6.000E-03  2.74156E-09  8.80818E-08  3.21966E-08  2.13777E-13  8.20521E-14
  6.250E-03  2.97478E-09  8.80817E-08  3.21966E-08  2.22684E-13  8.54709E-14
  6.500E-03  3.21752E-09  8.80817E-08  3.21966E-08  2.31591E-13  8.88897E-14
  6.750E-03  3.46978E-09  8.80816E-08  3.21965E-08  2.40499E-13  9.23086E-14
  7.000E-03  3.73156E-09  8.80815E-08  3.21965E-08  2.49406E-13  9.57274E-14
  7.250E-03  4.00286E-09  8.80814E-08  3.21965E-08  2.58313E-13  9.91462E-14
  7.500E-03  4.28368E-09  8.80813E-08  3.21965E-08  2.67220E-13  1.02565E-13
  7.750E-03  4.57402E-09  8.80812E-08  3.21965E-08  2.76127E-13  1.05984E-13
  8.000E-03  4.87388E-09  8.80811E-08  3.21965E-08  2.85034E-13  1.09403E-13
  8.250E-03  5.18326E-09  8.80811E-08  3.21965E-08  2.93941E-13  1.12822E-13
  8.500E-03  5.50215E-09  8.80810E-08  3.21965E-08  3.02848E-13  1.16240E-13
  8.750E-03  5.83057E-09  8.80809E-08  3.21965E-08  3.11755E-13  1.19659E-13
  9.000E-03  6.16850E-09  8.80807E-08  3.21965E-08  3.20662E-13  1.23078E-13
  9.250E-03  6.51596E-09  8.80806E-08  3.21965E-08  3.29569E-13  1.26497E-13
  9.500E-03  6.87293E-09  8.80805E-08  3.21965E-08  3.38476E-13  1.29916E-13
  9.750E-03  7.23942E-09  8.80804E-08  3.21965E-08  3.47382E-13  1.33334E-13
  1.000E-02  7.61544E-09  8.80803E-08  3.21965E-08  3.56289E-13  1.36753E-13
  1.250E-02  1.18991E-08  8.80790E-08  3.21964E-08  4.45355E-13  1.70941E-13
  1.500E-02  1.71347E-08  8.80774E-08  3.21963E-08  5.34416E-13  2.05129E-13
  1.750E-02  2.33223E-08  8.80755E-08  3.21963E-08  6.23472E-13  2.39316E-13
  2.000E-02  3.04617E-08  8.80733E-08  3.21961E-08  7.12521E-13  2.73504E-13
  2.250E-02  3.85531E-08  8.80708E-08  3.21960E-08  8.01564E-13  3.07690E-13
  2.500E-02  4.75965E-08  8.80680E-08  3.21959E-08  8.90598E-13  3.41877E-13
  2.750E-02  5.75917E-08  8.80650E-08  3.21957E-08  9.79623E-13  3.76063E-13
  3.000E-02  6.85389E-08  8.80616E-08  3.21956E-08  1.06864E-12  4.10248E-13
  3.250E-02  8.04380E-08  8.80580E-08  3.21954E-08  1.15764E-12  4.44433E-13
  3.500E-02  9.32891E-08  8.80540E-08  3.21952E-08  1.24664E-12  4.78618E-13
  3.750E-02  1.07092E-07  8.80498E-08  3.21950E-08  1.33562E-12  5.12802E-13
  4.000E-02  1.21847E-07  8.80453E-08  3.21948E-08  1.42459E-12  5.46985E-13
  4.250E-02  1.37554E-07  8.80405E-08  3.21946E-08  1.51354E-12  5.81168E-13
  4.500E-02  1.54213E-07  8.80354E-08  3.21943E-08  1.60248E-12  6.15349E-13
  4.750E-02  1.71823E-07  8.80300E-08  3.21941E-08  1.69140E-12  6.49530E-13
  5.000E-02  1.90386E-07  8.80243E-08  3.21938E-08  1.78030E-12  6.83710E-13
  5.250E-02  2.09900E-07  8.80183E-08  3.21935E-08  1.86919E-12  7.17890E-13
  5.500E-02  2.30367E-07  8.80120E-08  3.21932E-08  1.95806E-12  7.52068E-13
  5.750E-02  2.51785E-07  8.80055E-08  3.21929E-08  2.04691E-12  7.86246E-13
  6.000E-02  2.74156E-07  8.79986E-08  3.21925E-08  2.13574E-12  8.20422E-13
  6.250E-02  2.97478E-07  8.79915E-08  3.21922E-08  2.22455E-12  8.54597E-13
  6.500E-02  3.21752E-07  8.79841E-08  3.21918E-08  2.31333E-12  8.88772E-13
  6.750E-02  3.46978E-07  8.79764E-08  3.21915E-08  2.40209E-12  9.22945E-13
  7.000E-02  3.73156E-07  8.79683E-08  3.21911E-08  2.49083E-12  9.57117E-13
  7.250E-02  4.00286E-07  8.79600E-08  3.21907E-08  2.57954E-12  9.91288E-13
  7.500E-02  4.28368E-07  8.79515E-08  3.21903E-08  2.66823E-12  1.02546E-12
  7.750E-02  4.57402E-07  8.79426E-08  3.21898E-08  2.75689E-12  1.05963E-12
  8.000E-02  4.87388E-07  8.79334E-08  3.21894E-08  2.84553E-12  1.09379E-12
  8.250E-02  5.18325E-07  8.79240E-08  3.21889E-08  2.93413E-12  1.12796E-12
  8.500E-02  5.50215E-07  8.79142E-08  3.21885E-08  3.02271E-12  1.16212E-12
  8.750E-02  5.83057E-07  8.79042E-08  3.21880E-08  3.11125E-12  1.19628E-12
  9.000E-02  6.16850E-07  8.78939E-08  3.21875E-08  3.19977E-12  1.23045E-12
  9.250E-02  6.51596E-07  8.78833E-08  3.21870E-08  3.28825E-12  1.26461E-12
  9.500E-02  6.87293E-07  8.78724E-08  3.21864E-08  3.37670E-12  1.29876E-12
  9.750E-02  7.23942E-07  8.78612E-08  3.21859E-08  3.46511E-12  1.33292E-12
  1.000E-01  7.61543E-07  8.78497E-08  3.21854E-08  3.55350E-12  1.36707E-12
  1.250E-01  1.18991E-06  8.77192E-08  3.21790E-08  4.43523E-12  1.70852E-12
  1.500E-01  1.71347E-06  8.75603E-08  3.21713E-08  5.31256E-12  2.04974E-12
  1.750E-01  2.33223E-06  8.73733E-08  3.21622E-08  6.18465E-12  2.39071E-12
  2.000E-01  3.04617E-06  8.71584E-08  3.21517E-08  7.05067E-12  2.73138E-12
  2.250E-01  3.85531E-06  8.69163E-08  3.21398E-08  7.90980E-12  3.07170E-12
  2.500E-01  4.75964E-06  8.66473E-08  3.21265E-08  8.76127E-12  3.41163E-12
  2.750E-01  5.75916E-06  8.63520E-08  3.21118E-08  9.60431E-12  3.75113E-12
  3.000E-01  6.85388E-06  8.60309E-08  3.20957E-08  1.04382E-11  4.09016E-12
  3.250E-01  8.04378E-06  8.56846E-08  3.20783E-08  1.12622E-11  4.42867E-12
  3.500E-01  9.32888E-06  8.53139E-08  3.20594E-08  1.20756E-11  4.76663E-12
  3.750E-01  1.07092E-05  8.49193E-08  3.20392E-08  1.28779E-11  5.10399E-12
  4.000E-01  1.21846E-05  8.45017E-08  3.20177E-08  1.36684E-11  5.44071E-12
  4.250E-01  1.37553E-05  8.40617E-08  3.19948E-08  1.44465E-11  5.77675E-12
  4.500E-01  1.54212E-05  8.36002E-08  3.19706E-08  1.52116E-11  6.11207E-12
  4.750E-01  1.71822E-05  8.31179E-08  3.19450E-08  1.59634E-11  6.44662E-12
  5.000E-01  1.90385E-05  8.26157E-08  3.19180E-08  1.67013E-11  6.78038E-12
  5.250E-01  2.09899E-05  8.20943E-08  3.18898E-08  1.74248E-11  7.11330E-12
  5.500E-01  2.30365E-05  8.15548E-08  3.18602E-08  1.81336E-11  7.44533E-12
  5.750E-01  2.51783E-05  8.09978E-08  3.18293E-08  1.88274E-11  7.77645E-12
  6.000E-01  2.74153E-05  8.04243E-08  3.17972E-08  1.95058E-11  8.10661E-12
  6.250E-01  2.97475E-05  7.98351E-08  3.17637E-08  2.01685E-11  8.43578E-12
  6.500E-01  3.21749E-05  7.92312E-08  3.17289E-08  2.08153E-11  8.76391E-12
  6.750E-01  3.46974E-05  7.86133E-08  3.16929E-08  2.14459E-11  9.09098E-12
  7.000E-01  3.73152E-05  7.79825E-08  3.16556E-08  2.20602E-11  9.41694E-12
  7.250E-01  4.00281E-05  7.73394E-08  3.16170E-08  2.26581E-11  9.74175E-12
  7.500E-01  4.28362E-05  7.66850E-08  3.15772E-08  2.32394E-11  1.00654E-11
  7.750E-01  4.57395E-05  7.60201E-08  3.15362E-08  2.38041E-11  1.03878E-11
  8.000E-01  4.87380E-05  7.53455E-08  3.14940E-08  2.43521E-11  1.07090E-11
  8.250E-01  5.18317E-05  7.46621E-08  3.14505E-08  2.48833E-11  1.10289E-11
  8.500E-01  5.50205E-05  7.39706E-08  3.14058E-08  2.53978E-11  1.13475E-11
  8.750E-01  5.83045E-05  7.32718E-08  3.13600E-08  2.58956E-11  1.16647E-11
  9.000E-01  6.16838E-05  7.25664E-08  3.13129E-08  2.63768E-11  1.19806E-11
  9.250E-01  6.51582E-05  7.18553E-08  3.12647E-08  2.68414E-11  1.22950E-11
  9.500E-01  6.87277E-05  7.11390E-08  3.12154E-08  2.72895E-11  1.26080E-11
  9.750E-01  7.23925E-05  7.04183E-08  3.11649E-08  2.77213E-11  1.29195E-11
  1.000E+00  7.61524E-05  6.96939E-08  3.11133E-08  2.81369E-11  1.32296E-11
  1.100E+00  9.21439E-05  6.67712E-08  3.08957E-08  2.96402E-11  1.44540E-11
  1.200E+00  1.09658E-04  6.38352E-08  3.06612E-08  3.08987E-11  1.56521E-11
  1.300E+00  1.28695E-04  6.09166E-08  3.04105E-08  3.19268E-11  1.68223E-11
  1.400E+00  1.49255E-04  5.80400E-08  3.01446E-08  3.27409E-11  1.79630E-11
  1.500E+00  1.71338E-04  5.52245E-08  2.98644E-08  3.33575E-11  1.90729E-11
  1.600E+00  1.94942E-04  5.24843E-08  2.95708E-08  3.37934E-11  2.01509E-11
  1.700E+00  2.20070E-04  4.98295E-08  2.92647E-08  3.40648E-11  2.11958E-11
  1.800E+00  2.46720E-04  4.72669E-08  2.89470E-08  3.41870E-11  2.22070E-11
  1.900E+00  2.74892E-04  4.48003E-08  2.86186E-08  3.41744E-11  2.31835E-11
  2.000E+00  3.04586E-04  4.24317E-08  2.82805E-08  3.40401E-11  2.41249E-11
  2.100E+00  3.35803E-04  4.01613E-08  2.79335E-08  3.37963E-11  2.50305E-11
  2.200E+00  3.68542E-04  3.79880E-08  2.75784E-08  3.34541E-11  2.59002E-11
  2.300E+00  4.02802E-04  3.59098E-08  2.72161E-08  3.30235E-11  2.67337E-11
  2.400E+00  4.38585E-04  3.39244E-08  2.68474E-08  3.25137E-11  2.75307E-11
  2.500E+00  4.75889E-04  3.20286E-08  2.64729E-08  3.19329E-11  2.82914E-11
  2.600E+00  5.14715E-04  3.02193E-08  2.60935E-08  3.12887E-11  2.90157E-11
  2.700E+00  5.55063E-04  2.84930E-08  2.57099E-08  3.05879E-11  2.97037E-11
  2.800E+00  5.96931E-04  2.68465E-08  2.53226E-08  2.98369E-11  3.03558E-11
  2.900E+00  6.40321E-04  2.52762E-08  2.49324E-08  2.90413E-11  3.09722E-11
  3.000E+00  6.85233E-04  2.37788E-08  2.45397E-08  2.82064E-11  3.15533E-11
  3.100E+00  7.31665E-04  2.23512E-08  2.41453E-08  2.73370E-11  3.20993E-11
  3.200E+00  7.79618E-04  2.09900E-08  2.37496E-08  2.64375E-11  3.26109E-11
  3.300E+00  8.29092E-04  1.96923E-08  2.33531E-08  2.55119E-11  3.30885E-11
  3.400E+00  8.80086E-04  1.84551E-08  2.29563E-08  2.45640E-11  3.35327E-11
  3.500E+00  9.32601E-04  1.72757E-08  2.25596E-08  2.35972E-11  3.39440E-11
  3.600E+00  9.86636E-04  1.61515E-08  2.21634E-08  2.26147E-11  3.43230E-11
  3.700E+00  1.04219E-03  1.50798E-08  2.17682E-08  2.16195E-11  3.46704E-11
  3.800E+00  1.09927E-03  1.40583E-08  2.13742E-08  2.06142E-11  3.49868E-11
  3.900E+00  1.15786E-03  1.30847E-08  2.09819E-08  1.96014E-11  3.52730E-11
  4.000E+00  1.21797E-03  1.21568E-08  2.05915E-08  1.85833E-11  3.55296E-11
  4.100E+00  1.27961E-03  1.12725E-08  2.02033E-08  1.75622E-11  3.57573E-11
  4.200E+00  1.34276E-03  1.04298E-08  1.98176E-08  1.65399E-11  3.59568E-11
  4.300E+00  1.40743E-03  9.62690E-09  1.94346E-08  1.55182E-11  3.61289E-11
  4.400E+00  1.47362E-03  8.86196E-09  1.90545E-08  1.44989E-11  3.62743E-11
  4.500E+00  1.54133E-03  8.13327E-09  1.86776E-08  1.34835E-11  3.63938E-11
  4.600E+00  1.61056E-03  7.43921E-09  1.83041E-08  1.24733E-11  3.64880E-11
  4.700E+00  1.68131E-03  6.77823E-09  1.79340E-08  1.14697E-11  3.65577E-11
  4.800E+00  1.75357E-03  6.14884E-09  1.75676E-08  1.04737E-11  3.66036E-11
  4.900E+00  1.82735E-03  5.54964E-09  1.72051E-08  9.48659E-12  3.66265E-11
  5.000E+00  1.90265E-03  4.97927E-09  1.68464E-08  8.50918E-12  3.66271E-11
  5.100E+00  1.97947E-03  4.43646E-09  1.64918E-08  7.54238E-12  3.66060E-11
  5.200E+00  2.05780E-03  3.91998E-09  1.61414E-08  6.58700E-12  3.65641E-11
  5.300E+00  2.13765E-03  3.42865E-09  1.57952E-08  5.64373E-12  3.65020E-11
  5.400E+00  2.21902E-03  2.96136E-09  1.54533E-08  4.71321E-12  3.64203E-11
  5.500E+00  2.30190E-03  2.51704E-09  1.51158E-08  3.79600E-12  3.63199E-11
  5.600E+00  2.38630E-03  2.09466E-09  1.47827E-08  2.89261E-12  3.62013E-11
  5.700E+00  2.47222E-03  1.69326E-09  1.44541E-08  2.00346E-12  3.60651E-11
  5.800E+00  2.55965E-03  1.31190E-09  1.41301E-08  1.12893E-12  3.59122E-11
  5.900E+00  2.64859E-03  9.49682E-10  1.38105E-08  2.69356E-13  3.57429E-11
  6.000E+00  2.73905E-03  6.05761E-10  1.34956E-08 -5.74992E-13  3.55581E-11
  6.100E+00  2.83103E-03  2.79320E-10  1.31853E-08 -1.40388E-12  3.53583E-11
  6.200E+00  2.92452E-03 -3.04186E-11  1.28795E-08 -2.21713E-12  3.51440E-11
  6.300E+00  3.01952E-03 -3.24200E-10  1.25784E-08 -3.01458E-12  3.49159E-11
  6.400E+00  3.11604E-03 -6.02736E-10  1.22819E-08 -3.79613E-12  3.46746E-11
  6.500E+00  3.21407E-03 -8.66706E-10  1.19900E-08 -4.56168E-12  3.44205E-11
  6.600E+00  3.31362E-03 -1.11676E-09  1.17026E-08 -5.31121E-12  3.41542E-11
  6.700E+00  3.41468E-03 -1.35352E-09  1.14199E-08 -6.04467E-12  3.38763E-11
  6.800E+00  3.51725E-03 -1.57759E-09  1.11416E-08 -6.76209E-12  3.35872E-11
  6.900E+00  3.62133E-03 -1.78952E-09  1.08680E-08 -7.46348E-12  3.32874E-11
  7.000E+00  3.72692E-03 -1.98986E-09  1.05988E-08 -8.14890E-12  3.29775E-11
  7.100E+00  3.83403E-03 -2.17914E-09  1.03340E-08 -8.81842E-12  3.26579E-11
  7.200E+00  3.94265E-03 -2.35784E-09  1.00737E-08 -9.47212E-12  3.23290E-11
  7.300E+00  4.05278E-03 -2.52644E-09  9.81785E-09 -1.01101E-11  3.19913E-11
  7.400E+00  4.16442E-03 -2.68540E-09  9.56632E-09 -1.07325E-11  3.16452E-11
  7.500E+00  4.27757E-03 -2.83514E-09  9.31910E-09 -1.13394E-11  3.12912E-11
  7.600E+00  4.39223E-03 -2.97608E-09  9.07616E-09 -1.19309E-11  3.09296E-11
  7.700E+00  4.50840E-03 -3.10861E-09  8.83744E-09 -1.25073E-11  3.05609E-11
  7.800E+00  4.62608E-03 -3.23311E-09  8.60292E-09 -1.30687E-11  3.01854E-11
  7.900E+00  4.74527E-03 -3.34995E-09  8.37253E-09 -1.36152E-11  2.98034E-11
  8.000E+00  4.86597E-03 -3.45946E-09  8.14623E-09 -1.41470E-11  2.94154E-11
  8.100E+00  4.98817E-03 -3.56197E-09  7.92397E-09 -1.46643E-11  2.90217E-11
  8.200E+00  5.11188E-03 -3.65779E-09  7.70569E-09 -1.51672E-11  2.86227E-11
  8.300E+00  5.23711E-03 -3.74724E-09  7.49136E-09 -1.56560E-11  2.82186E-11
  8.400E+00  5.36383E-03 -3.83058E-09  7.28092E-09 -1.61308E-11  2.78097E-11
  8.500E+00  5.49207E-03 -3.90810E-09  7.07431E-09 -1.65919E-11  2.73965E-11
  8.600E+00  5.62181E-03 -3.98006E-09  6.87149E-09 -1.70394E-11  2.69791E-11
  8.700E+00  5.75306E-03 -4.04670E-09  6.67239E-09 -1.74735E-11  2.65579E-11
  8.800E+00  5.88581E-03 -4.10826E-09  6.47698E-09 -1.78943E-11  2.61331E-11
  8.900E+00  6.02007E-03 -4.16497E-09  6.28519E-09 -1.83022E-11  2.57051E-11
  9.000E+00  6.15583E-03 -4.21704E-09  6.09698E-09 -1.86972E-11  2.52740E-11
  9.100E+00  6.29310E-03 -4.26469E-09  5.91228E-09 -1.90797E-11  2.48402E-11
  9.200E+00  6.43187E-03 -4.30811E-09  5.73106E-09 -1.94497E-11  2.44038E-11
  9.300E+00  6.57214E-03 -4.34748E-09  5.55325E-09 -1.98074E-11  2.39652E-11
  9.400E+00  6.71392E-03 -4.38299E-09  5.37881E-09 -2.01531E-11  2.35245E-11
  9.500E+00  6.85720E-03 -4.41481E-09  5.20768E-09 -2.04869E-11  2.30820E-11
  9.600E+00  7.00198E-03 -4.44311E-09  5.03981E-09 -2.08090E-11  2.26379E-11
  9.700E+00  7.14827E-03 -4.46804E-09  4.87515E-09 -2.11197E-11  2.21923E-11
  9.800E+00  7.29605E-03 -4.48974E-09  4.71365E-09 -2.14189E-11  2.17456E-11
  9.900E+00  7.44534E-03 -4.50837E-09  4.55527E-09 -2.17071E-11  2.12979E-11
  1.000E+01  7.59612E-03 -4.52406E-09  4.39995E-09 -2.19842E-11  2.08493E-11
  1.025E+01  7.97965E-03 -4.55126E-09  4.02472E-09 -2.26302E-11  1.97256E-11
  1.050E+01  8.37255E-03 -4.56276E-09  3.66758E-09 -2.32112E-11  1.86008E-11
  1.075E+01  8.77480E-03 -4.56026E-09  3.32782E-09 -2.37299E-11  1.74774E-11
  1.100E+01  9.18641E-03 -4.54525E-09  3.00472E-09 -2.41884E-11  1.63577E-11
  1.125E+01  9.60736E-03 -4.51909E-09  2.69763E-09 -2.45893E-11  1.52441E-11
  1.150E+01  1.00376E-02 -4.48299E-09  2.40589E-09 -2.49347E-11  1.41384E-11
  1.175E+01  1.04773E-02 -4.43803E-09  2.12888E-09 -2.52268E-11  1.30427E-11
  1.200E+01  1.09262E-02 -4.38519E-09  1.86601E-09 -2.54675E-11  1.19587E-11
  1.225E+01  1.13844E-02 -4.32535E-09  1.61671E-09 -2.56589E-11  1.08880E-11
  1.250E+01  1.18520E-02 -4.25930E-09  1.38041E-09 -2.58028E-11  9.83218E-12
  1.275E+01  1.23288E-02 -4.18778E-09  1.15661E-09 -2.59012E-11  8.79262E-12
  1.300E+01  1.28150E-02 -4.11143E-09  9.44792E-10 -2.59558E-11  7.77062E-12
  1.325E+01  1.33104E-02 -4.03084E-09  7.44471E-10 -2.59683E-11  6.76741E-12
  1.350E+01  1.38150E-02 -3.94656E-09  5.55182E-10 -2.59405E-11  5.78411E-12
  1.375E+01  1.43290E-02 -3.85908E-09  3.76481E-10 -2.58740E-11  4.82173E-12
  1.400E+01  1.48521E-02 -3.76884E-09  2.07937E-10 -2.57705E-11  3.88122E-12
  1.425E+01  1.53845E-02 -3.67627E-09  4.91389E-11 -2.56315E-11  2.96344E-12
  1.450E+01  1.59262E-02 -3.58174E-09 -1.00310E-10 -2.54585E-11  2.06916E-12
  1.475E+01  1.64770E-02 -3.48560E-09 -2.40791E-10 -2.52532E-11  1.19911E-12
  1.500E+01  1.70371E-02 -3.38816E-09 -3.72672E-10 -2.50171E-11  3.53895E-13
  1.525E+01  1.76063E-02 -3.28972E-09 -4.96305E-10 -2.47515E-11 -4.65907E-13
  1.550E+01  1.81848E-02 -3.19055E-09 -6.12032E-10 -2.44580E-11 -1.25980E-12
  1.575E+01  1.87724E-02 -3.09089E-09 -7.20180E-10 -2.41381E-11 -2.02737E-12
  1.600E+01  1.93692E-02 -2.99099E-09 -8.21068E-10 -2.37930E-11 -2.76823E-12
  1.625E+01  1.99751E-02 -2.89104E-09 -9.15001E-10 -2.34243E-11 -3.48209E-12
  1.650E+01  2.05901E-02 -2.79124E-09 -1.00227E-09 -2.30333E-11 -4.16869E-12
  1.675E+01  2.12143E-02 -2.69178E-09 -1.08317E-09 -2.26213E-11 -4.82784E-12
  1.700E+01  2.18476E-02 -2.59281E-09 -1.15797E-09 -2.21896E-11 -5.45940E-12
  1.725E+01  2.24900E-02 -2.49449E-09 -1.22693E-09 -2.17397E-11 -6.06329E-12
  1.750E+01  2.31415E-02 -2.39695E-09 -1.29032E-09 -2.12726E-11 -6.63946E-12
  1.775E+01  2.38021E-02 -2.30032E-09 -1.34838E-09 -2.07897E-11 -7.18792E-12
  1.800E+01  2.44717E-02 -2.20473E-09 -1.40135E-09 -2.02921E-11 -7.70872E-12
  1.825E+01  2.51504E-02 -2.11026E-09 -1.44946E-09 -1.97812E-11 -8.20196E-12
  1.850E+01  2.58382E-02 -2.01703E-09 -1.49294E-09 -1.92579E-11 -8.66777E-12
  1.875E+01  2.65349E-02 -1.92511E-09 -1.53200E-09 -1.87235E-11 -9.10632E-12
  1.900E+01  2.72407E-02 -1.83458E-09 -1.56686E-09 -1.81791E-11 -9.51781E-12
  1.925E+01  2.79555E-02 -1.74551E-09 -1.59771E-09 -1.76257E-11 -9.90248E-12
  1.950E+01  2.86793E-02 -1.65797E-09 -1.62475E-09 -1.70643E-11 -1.02606E-11
  1.975E+01  2.94120E-02 -1.57202E-09 -1.64816E-09 -1.64960E-11 -1.05925E-11
  2.000E+01  3.01537E-02 -1.48769E-09 -1.66813E-09 -1.59218E-11 -1.08984E-11
  2.025E+01  3.09043E-02 -1.40503E-09 -1.68484E-09 -1.53425E-11 -1.11788E-11
  2.050E+01  3.16639E-02 -1.32408E-09 -1.69844E-09 -1.47591E-11 -1.14340E-11
  2.075E+01  3.24324E-02 -1.24486E-09 -1.70911E-09 -1.41725E-11 -1.16643E-11
  2.100E+01  3.32098E-02 -1.16742E-09 -1.71699E-09 -1.35834E-11 -1.18703E-11
  2.125E+01  3.39961E-02 -1.09175E-09 -1.72225E-09 -1.29928E-11 -1.20522E-11
  2.150E+01  3.47912E-02 -1.01788E-09 -1.72502E-09 -1.24014E-11 -1.22107E-11
  2.175E+01  3.55952E-02 -9.45826E-10 -1.72545E-09 -1.18099E-11 -1.23460E-11
  2.200E+01  3.64081E-02 -8.75589E-10 -1.72366E-09 -1.12191E-11 -1.24588E-11
  2.225E+01  3.72297E-02 -8.07173E-10 -1.71979E-09 -1.06296E-11 -1.25494E-11
  2.250E+01  3.80602E-02 -7.40580E-10 -1.71396E-09 -1.00422E-11 -1.26183E-11
  2.275E+01  3.88995E-02 -6.75806E-10 -1.70628E-09 -9.45727E-12 -1.26662E-11
  2.300E+01  3.97476E-02 -6.12845E-10 -1.69688E-09 -8.87559E-12 -1.26933E-11
  2.325E+01  4.06044E-02 -5.51689E-10 -1.68586E-09 -8.29767E-12 -1.27003E-11
  2.350E+01  4.14700E-02 -4.92326E-10 -1.67333E-09 -7.72405E-12 -1.26877E-11
  2.375E+01  4.23443E-02 -4.34743E-10 -1.65938E-09 -7.15522E-12 -1.26560E-11
  2.400E+01  4.32273E-02 -3.78924E-10 -1.64411E-09 -6.59166E-12 -1.26056E-11
  2.425E+01  4.41190E-02 -3.24851E-10 -1.62762E-09 -6.03382E-12 -1.25372E-11
  2.450E+01  4.50194E-02 -2.72506E-10 -1.60999E-09 -5.48212E-12 -1.24511E-11
  2.475E+01  4.59284E-02 -2.21866E-10 -1.59130E-09 -4.93697E-12 -1.23480E-11
  2.500E+01  4.68461E-02 -1.72910E-10 -1.57164E-09 -4.39872E-12 -1.22283E-11
  2.550E+01  4.87074E-02 -7.99508E-11 -1.52969E-09 -3.34432E-12 -1.19413E-11
  2.600E+01  5.06030E-02  6.57446E-12 -1.48470E-09 -2.32144E-12 -1.15940E-11
  2.650E+01  5.25328E-02  8.68839E-11 -1.43720E-09 -1.33225E-12 -1.11904E-11
  2.700E+01  5.44967E-02  1.61206E-10 -1.38766E-09 -3.78564E-13 -1.07344E-11
  2.750E+01  5.64946E-02  2.29777E-10 -1.33648E-09  5.38059E-13 -1.02296E-11
  2.800E+01  5.85262E-02  2.92838E-10 -1.28406E-09  1.41636E-12 -9.67970E-12
  2.850E+01  6.05914E-02  3.50632E-10 -1.23073E-09  2.25532E-12 -9.08821E-12
  2.900E+01  6.26901E-02  4.03403E-10 -1.17681E-09  3.05415E-12 -8.45849E-12
  2.950E+01  6.48222E-02  4.51391E-10 -1.12255E-09  3.81227E-12 -7.79378E-12
  3.000E+01  6.69873E-02  4.94837E-10 -1.06821E-09  4.52929E-12 -7.09719E-12
  3.050E+01  6.91854E-02  5.33975E-10 -1.01400E-09  5.20500E-12 -6.37170E-12
  3.100E+01  7.14163E-02  5.69035E-10 -9.60102E-10  5.83931E-12 -5.62015E-12
  3.150E+01  7.36799E-02  6.00239E-10 -9.06693E-10  6.43230E-12 -4.84525E-12
  3.200E+01  7.59760E-02  6.27806E-10 -8.53915E-10  6.98415E-12 -4.04958E-12
  3.250E+01  7.83043E-02  6.51944E-10 -8.01895E-10  7.49515E-12 -3.23558E-12
  3.300E+01  8.06647E-02  6.72856E-10 -7.50742E-10  7.96570E-12 -2.40560E-12
  3.350E+01  8.30571E-02  6.90737E-10 -7.00550E-10  8.39626E-12 -1.56183E-12
  3.400E+01  8.54812E-02  7.05772E-10 -6.51400E-10  8.78738E-12 -7.06354E-13
  3.450E+01  8.79369E-02  7.18141E-10 -6.03359E-10  9.13966E-12  1.58839E-13
  3.500E+01  9.04240E-02  7.28015E-10 -5.56482E-10  9.45376E-12  1.03189E-12
  3.550E+01  9.29422E-02  7.35557E-10 -5.10817E-10  9.73039E-12  1.91102E-12
  3.600E+01  9.54915E-02  7.40923E-10 -4.66400E-10  9.97031E-12  2.79458E-12
  3.650E+01  9.80716E-02  7.44259E-10 -4.23259E-10  1.01743E-11  3.68099E-12
  3.700E+01  1.00682E-01  7.45707E-10 -3.81416E-10  1.03431E-11  4.56878E-12
  3.750E+01  1.03323E-01  7.45400E-10 -3.40886E-10  1.04777E-11  5.45655E-12
  3.800E+01  1.05995E-01  7.43465E-10 -3.01677E-10  1.05787E-11  6.34299E-12
  3.850E+01  1.08696E-01  7.40022E-10 -2.63794E-10  1.06472E-11  7.22688E-12
  3.900E+01  1.11427E-01  7.35183E-10 -2.27237E-10  1.06840E-11  8.10705E-12
  3.950E+01  1.14188E-01  7.29057E-10 -1.92000E-10  1.06900E-11  8.98241E-12
  4.000E+01  1.16978E-01  7.21746E-10 -1.58077E-10  1.06660E-11  9.85196E-12
  4.050E+01  1.19797E-01  7.13344E-10 -1.25456E-10  1.06130E-11  1.07147E-11
  4.100E+01  1.22645E-01  7.03943E-10 -9.41230E-11  1.05319E-11  1.15698E-11
  4.150E+01  1.25522E-01  6.93628E-10 -6.40628E-11  1.04234E-11  1.24164E-11
  4.200E+01  1.28428E-01  6.82479E-10 -3.52573E-11  1.02887E-11  1.32538E-11
  4.250E+01  1.31361E-01  6.70574E-10 -7.68683E-12  1.01284E-11  1.40811E-11
  4.300E+01  1.34323E-01  6.57983E-10  1.86697E-11  9.94353E-12  1.48977E-11
  4.350E+01  1.37313E-01  6.44774E-10  4.38345E-11  9.73494E-12  1.57030E-11
  4.400E+01  1.40330E-01  6.31010E-10  6.78311E-11  9.50350E-12  1.64965E-11
  4.450E+01  1.43375E-01  6.16752E-10  9.06837E-11  9.25005E-12  1.72775E-11
  4.500E+01  1.46447E-01  6.02055E-10  1.12417E-10  8.97546E-12  1.80455E-11
  4.550E+01  1.49545E-01  5.86973E-10  1.33057E-10  8.68057E-12  1.88002E-11
  4.600E+01  1.52671E-01  5.71555E-10  1.52629E-10  8.36620E-12  1.95410E-11
  4.650E+01  1.55823E-01  5.55848E-10  1.71159E-10  8.03318E-12  2.02676E-11
  4.700E+01  1.59001E-01  5.39896E-10  1.88675E-10  7.68231E-12  2.09797E-11
  4.750E+01  1.62205E-01  5.23740E-10  2.05202E-10  7.31440E-12  2.16769E-11
  4.800E+01  1.65435E-01  5.07418E-10  2.20767E-10  6.93023E-12  2.23590E-11
  4.850E+01  1.68690E-01  4.90968E-10  2.35398E-10  6.53057E-12  2.30256E-11
  4.900E+01  1.71970E-01  4.74422E-10  2.49119E-10  6.11619E-12  2.36766E-11
  4.950E+01  1.75276E-01  4.57813E-10  2.61959E-10  5.68783E-12  2.43117E-11
  5.000E+01  1.78606E-01  4.41170E-10  2.73943E-10  5.24624E-12  2.49308E-11
  5.050E+01  1.81961E-01  4.24521E-10  2.85097E-10  4.79212E-12  2.55338E-11
  5.100E+01  1.85340E-01  4.07892E-10  2.95448E-10  4.32620E-12  2.61204E-11
  5.150E+01  1.88743E-01  3.91307E-10  3.05019E-10  3.84916E-12  2.66907E-11
  5.200E+01  1.92169E-01  3.74788E-10  3.13838E-10  3.36169E-12  2.72445E-11
  5.250E+01  1.95619E-01  3.58357E-10  3.21929E-10  2.86446E-12  2.77817E-11
  5.300E+01  1.99092E-01  3.42032E-10  3.29316E-10  2.35812E-12  2.83024E-11
  5.350E+01  2.02589E-01  3.25833E-10  3.36023E-10  1.84332E-12  2.88064E-11
  5.400E+01  2.06107E-01  3.09774E-10  3.42074E-10  1.32067E-12  2.92939E-11
  5.450E+01  2.09649E-01  2.93872E-10  3.47493E-10  7.90789E-13  2.97647E-11
  5.500E+01  2.13212E-01  2.78142E-10  3.52303E-10  2.54276E-13  3.02190E-11
  5.550E+01  2.16797E-01  2.62595E-10  3.56525E-10 -2.88286E-13  3.06569E-11
  5.600E+01  2.20404E-01  2.47244E-10  3.60182E-10 -8.36329E-13  3.10782E-11
  5.650E+01  2.24032E-01  2.32100E-10  3.63296E-10 -1.38930E-12  3.14832E-11
  5.700E+01  2.27680E-01  2.17173E-10  3.65888E-10 -1.94665E-12  3.18720E-11
  5.750E+01  2.31350E-01  2.02471E-10  3.67978E-10 -2.50787E-12  3.22445E-11
  5.800E+01  2.35040E-01  1.88003E-10  3.69587E-10 -3.07242E-12  3.26010E-11
  5.850E+01  2.38751E-01  1.73777E-10  3.70734E-10 -3.63983E-12  3.29416E-11
  5.900E+01  2.42481E-01  1.59799E-10  3.71439E-10 -4.20961E-12  3.32664E-11
  5.950E+01  2.46231E-01  1.46074E-10  3.71721E-10 -4.78127E-12  3.35755E-11
  6.000E+01  2.50000E-01  1.32607E-10  3.71597E-10 -5.35438E-12  3.38692E-11
  6.050E+01  2.53788E-01  1.19404E-10  3.71087E-10 -5.92848E-12  3.41475E-11
  6.100E+01  2.57595E-01  1.06468E-10  3.70207E-10 -6.50316E-12  3.44107E-11
  6.150E+01  2.61421E-01  9.38018E-11  3.68974E-10 -7.07798E-12  3.46589E-11
  6.200E+01  2.65264E-01  8.14084E-11  3.67405E-10 -7.65255E-12  3.48923E-11
  6.250E+01  2.69126E-01  6.92900E-11  3.65516E-10 -8.22649E-12  3.51111E-11
  6.300E+01  2.73005E-01  5.74480E-11  3.63323E-10 -8.79942E-12  3.53156E-11
  6.350E+01  2.76901E-01  4.58838E-11  3.60840E-10 -9.37097E-12  3.55059E-11
  6.400E+01  2.80814E-01  3.45980E-11  3.58083E-10 -9.94079E-12  3.56822E-11
  6.450E+01  2.84744E-01  2.35910E-11  3.55066E-10 -1.05086E-11  3.58448E-11
  6.500E+01  2.88691E-01  1.28626E-11  3.51802E-10 -1.10739E-11  3.59939E-11
  6.550E+01  2.92653E-01  2.41247E-12  3.48306E-10 -1.16366E-11  3.61296E-11
  6.600E+01  2.96632E-01 -7.76018E-12  3.44589E-10 -1.21963E-11  3.62523E-11
  6.650E+01  3.00625E-01 -1.76565E-11  3.40666E-10 -1.27527E-11  3.63621E-11
  6.700E+01  3.04634E-01 -2.72777E-11  3.36548E-10 -1.33055E-11  3.64594E-11
  6.750E+01  3.08658E-01 -3.66256E-11  3.32246E-10 -1.38545E-11  3.65442E-11
  6.800E+01  3.12697E-01 -4.57021E-11  3.27773E-10 -1.43994E-11  3.66170E-11
  6.850E+01  3.16749E-01 -5.45092E-11  3.23139E-10 -1.49400E-11  3.66778E-11
  6.900E+01  3.20816E-01 -6.30495E-11  3.18355E-10 -1.54760E-11  3.67270E-11
  6.950E+01  3.24896E-01 -7.13254E-11  3.13431E-10 -1.60072E-11  3.67647E-11
  7.000E+01  3.28990E-01 -7.93396E-11  3.08377E-10 -1.65335E-11  3.67913E-11
  7.050E+01  3.33097E-01 -8.70952E-11  3.03203E-10 -1.70545E-11  3.68070E-11
  7.100E+01  3.37216E-01 -9.45952E-11  2.97918E-10 -1.75701E-11  3.68119E-11
  7.150E+01  3.41348E-01 -1.01843E-10  2.92530E-10 -1.80802E-11  3.68064E-11
  7.200E+01  3.45492E-01 -1.08841E-10  2.87049E-10 -1.85845E-11  3.67908E-11
  7.250E+01  3.49647E-01 -1.15594E-10  2.81483E-10 -1.90828E-11  3.67651E-11
  7.300E+01  3.53814E-01 -1.22105E-10  2.75839E-10 -1.95751E-11  3.67297E-11
  7.350E+01  3.57992E-01 -1.28378E-10  2.70125E-10 -2.00612E-11  3.66849E-11
  7.400E+01  3.62181E-01 -1.34416E-10  2.64348E-10 -2.05409E-11  3.66308E-11
  7.450E+01  3.66381E-01 -1.40224E-10  2.58516E-10 -2.10142E-11  3.65677E-11
  7.500E+01  3.70590E-01 -1.45804E-10  2.52635E-10 -2.14808E-11  3.64958E-11
  7.550E+01  3.74810E-01 -1.51162E-10  2.46711E-10 -2.19406E-11  3.64153E-11
  7.600E+01  3.79039E-01 -1.56301E-10  2.40751E-10 -2.23937E-11  3.63266E-11
  7.650E+01  3.83277E-01 -1.61224E-10  2.34760E-10 -2.28398E-11  3.62298E-11
  7.700E+01  3.87524E-01 -1.65937E-10  2.28745E-10 -2.32788E-11  3.61251E-11
  7.750E+01  3.91780E-01 -1.70444E-10  2.22710E-10 -2.37107E-11  3.60128E-11
  7.800E+01  3.96044E-01 -1.74747E-10  2.16661E-10 -2.41354E-11  3.58930E-11
  7.850E+01  4.00316E-01 -1.78852E-10  2.10603E-10 -2.45529E-11  3.57661E-11
  7.900E+01  4.04596E-01 -1.82763E-10  2.04539E-10 -2.49630E-11  3.56323E-11
  7.950E+01  4.08882E-01 -1.86483E-10  1.98476E-10 -2.53656E-11  3.54916E-11
  8.000E+01  4.13176E-01 -1.90017E-10  1.92417E-10 -2.57608E-11  3.53445E-11
  8.050E+01  4.17476E-01 -1.93369E-10  1.86365E-10 -2.61485E-11  3.51910E-11
  8.100E+01  4.21783E-01 -1.96543E-10  1.80326E-10 -2.65286E-11  3.50313E-11
  8.150E+01  4.26095E-01 -1.99543E-10  1.74302E-10 -2.69011E-11  3.48658E-11
  8.200E+01  4.30413E-01 -2.02373E-10  1.68297E-10 -2.72659E-11  3.46945E-11
  8.250E+01  4.34737E-01 -2.05037E-10  1.62315E-10 -2.76230E-11  3.45178E-11
  8.300E+01  4.39065E-01 -2.07539E-10  1.56358E-10 -2.79725E-11  3.43356E-11
  8.350E+01  4.43398E-01 -2.09883E-10  1.50430E-10 -2.83142E-11  3.41484E-11
  8.400E+01  4.47736E-01 -2.12073E-10  1.44533E-10 -2.86482E-11  3.39562E-11
  8.450E+01  4.52077E-01 -2.14112E-10  1.38669E-10 -2.89744E-11  3.37593E-11
  8.500E+01  4.56422E-01 -2.16006E-10  1.32842E-10 -2.92929E-11  3.35578E-11
  8.550E+01  4.60770E-01 -2.17756E-10  1.27054E-10 -2.96035E-11  3.33519E-11
  8.600E+01  4.65122E-01 -2.19368E-10  1.21306E-10 -2.99064E-11  3.31417E-11
  8.650E+01  4.69476E-01 -2.20845E-10  1.15601E-10 -3.02015E-11  3.29276E-11
  8.700E+01  4.73832E-01 -2.22190E-10  1.09941E-10 -3.04889E-11  3.27095E-11
  8.750E+01  4.78190E-01 -2.23407E-10  1.04328E-10 -3.07684E-11  3.24878E-11
  8.800E+01  4.82550E-01 -2.24500E-10  9.87628E-11 -3.10402E-11  3.22625E-11
  8.850E+01  4.86912E-01 -2.25472E-10  9.32475E-11 -3.13043E-11  3.20339E-11
  8.900E+01  4.91274E-01 -2.26326E-10  8.77836E-11 -3.15607E-11  3.18020E-11
  8.950E+01  4.95637E-01 -2.27066E-10  8.23724E-11 -3.18093E-11  3.15671E-11
  9.000E+01  5.00000E-01 -2.27696E-10  7.70150E-11 -3.20503E-11  3.13292E-11
  9.050E+01  5.04363E-01 -2.28218E-10  7.17127E-11 -3.22836E-11  3.10886E-11
  9.100E+01  5.08726E-01 -2.28636E-10  6.64664E-11 -3.25092E-11  3.08454E-11
  9.150E+01  5.13088E-01 -2.28953E-10  6.12772E-11 -3.27273E-11  3.05997E-11
  9.200E+01  5.17450E-01 -2.29172E-10  5.61459E-11 -3.29378E-11  3.03517E-11
  9.250E+01  5.21810E-01 -2.29296E-10  5.10734E-11 -3.31407E-11  3.01015E-11
  9.300E+01  5.26168E-01 -2.29328E-10  4.60602E-11 -3.33361E-11  2.98492E-11
  9.350E+01  5.30524E-01 -2.29271E-10  4.11072E-11 -3.35241E-11  2.95950E-11
  9.400E+01  5.34878E-01 -2.29128E-10  3.62147E-11 -3.37047E-11  2.93390E-11
  9.450E+01  5.39230E-01 -2.28902E-10  3.13833E-11 -3.38778E-11  2.90813E-11
  9.500E+01  5.43578E-01 -2.28595E-10  2.66135E-11 -3.40436E-11  2.88221E-11
  9.550E+01  5.47923E-01 -2.28211E-10  2.19056E-11 -3.42021E-11  2.85615E-11
  9.600E+01  5.52264E-01 -2.27752E-10  1.72599E-11 -3.43534E-11  2.82995E-11
  9.650E+01  5.56602E-01 -2.27220E-10  1.26766E-11 -3.44974E-11  2.80364E-11
  9.700E+01  5.60935E-01 -2.26618E-10  8.15594E-12 -3.46343E-11  2.77721E-11
  9.750E+01  5.65263E-01 -2.25948E-10  3.69807E-12 -3.47640E-11  2.75069E-11
  9.800E+01  5.69587E-01 -2.25214E-10 -6.96943E-13 -3.48867E-11  2.72408E-11
  9.850E+01  5.73905E-01 -2.24417E-10 -5.02906E-12 -3.50024E-11  2.69740E-11
  9.900E+01  5.78217E-01 -2.23559E-10 -9.29829E-12 -3.51111E-11  2.67065E-11
  9.950E+01  5.82524E-01 -2.22644E-10 -1.35047E-11 -3.52129E-11  2.64384E-11
  1.000E+02  5.86824E-01 -2.21673E-10 -1.76483E-11 -3.53079E-11  2.61699E-11
  1.005E+02  5.91118E-01 -2.20648E-10 -2.17293E-11 -3.53960E-11  2.59009E-11
  1.010E+02  5.95404E-01 -2.19572E-10 -2.57479E-11 -3.54774E-11  2.56317E-11
  1.015E+02  5.99684E-01 -2.18447E-10 -2.97042E-11 -3.55522E-11  2.53624E-11
  1.020E+02  6.03956E-01 -2.17274E-10 -3.35984E-11 -3.56203E-11  2.50929E-11
  1.025E+02  6.08220E-01 -2.16055E-10 -3.74309E-11 -3.56818E-11  2.48233E-11
  1.030E+02  6.12476E-01 -2.14794E-10 -4.12020E-11 -3.57368E-11  2.45539E-11
  1.035E+02  6.16723E-01 -2.13491E-10 -4.49119E-11 -3.57854E-11  2.42846E-11
  1.040E+02  6.20961E-01 -2.12148E-10 -4.85610E-11 -3.58275E-11  2.40155E-11
  1.045E+02  6.25190E-01 -2.10767E-10 -5.21496E-11 -3.58633E-11  2.37467E-11
  1.050E+02  6.29410E-01 -2.09350E-10 -5.56783E-11 -3.58929E-11  2.34782E-11
  1.055E+02  6.33619E-01 -2.07899E-10 -5.91473E-11 -3.59162E-11  2.32103E-11
  1.060E+02  6.37819E-01 -2.06414E-10 -6.25571E-11 -3.59334E-11  2.29428E-11
  1.065E+02  6.42008E-01 -2.04899E-10 -6.59082E-11 -3.59444E-11  2.26759E-11
  1.070E+02  6.46186E-01 -2.03354E-10 -6.92011E-11 -3.59495E-11  2.24096E-11
  1.075E+02  6.50353E-01 -2.01782E-10 -7.24361E-11 -3.59486E-11  2.21440E-11
  1.080E+02  6.54508E-01 -2.00182E-10 -7.56140E-11 -3.59417E-11  2.18792E-11
  1.085E+02  6.58652E-01 -1.98558E-10 -7.87351E-11 -3.59290E-11  2.16152E-11
  1.090E+02  6.62784E-01 -1.96910E-10 -8.18000E-11 -3.59105E-11  2.13521E-11
  1.095E+02  6.66903E-01 -1.95239E-10 -8.48092E-11 -3.58863E-11  2.10900E-11
  1.100E+02  6.71010E-01 -1.93548E-10 -8.77633E-11 -3.58565E-11  2.08288E-11
  1.105E+02  6.75104E-01 -1.91838E-10 -9.06629E-11 -3.58210E-11  2.05687E-11
  1.110E+02  6.79184E-01 -1.90108E-10 -9.35085E-11 -3.57800E-11  2.03097E-11
  1.115E+02  6.83251E-01 -1.88362E-10 -9.63008E-11 -3.57335E-11  2.00518E-11
  1.120E+02  6.87303E-01 -1.86600E-10 -9.90403E-11 -3.56816E-11  1.97951E-11
  1.125E+02  6.91342E-01 -1.84824E-10 -1.01728E-10 -3.56243E-11  1.95396E-11
  1.130E+02  6.95366E-01 -1.83034E-10 -1.04363E-10 -3.55618E-11  1.92854E-11
  1.135E+02  6.99375E-01 -1.81231E-10 -1.06948E-10 -3.54940E-11  1.90325E-11
  1.140E+02  7.03368E-01 -1.79417E-10 -1.09483E-10 -3.54210E-11  1.87810E-11
  1.145E+02  7.07347E-01 -1.77593E-10 -1.11967E-10 -3.53430E-11  1.85309E-11
  1.150E+02  7.11309E-01 -1.75759E-10 -1.14403E-10 -3.52599E-11  1.82822E-11
  1.155E+02  7.15256E-01 -1.73917E-10 -1.16790E-10 -3.51718E-11  1.80349E-11
  1.160E+02  7.19186E-01 -1.72068E-10 -1.19129E-10 -3.50787E-11  1.77892E-11
  1.165E+02  7.23099E-01 -1.70213E-10 -1.21421E-10 -3.49809E-11  1.75450E-11
  1.170E+02  7.26995E-01 -1.68352E-10 -1.23667E-10 -3.48782E-11  1.73024E-11
  1.175E+02  7.30874E-01 -1.66486E-10 -1.25867E-10 -3.47707E-11  1.70614E-11
  1.180E+02  7.34736E-01 -1.64617E-10 -1.28021E-10 -3.46586E-11  1.68220E-11
  1.185E+02  7.38579E-01 -1.62745E-10 -1.30131E-10 -3.45418E-11  1.65842E-11
  1.190E+02  7.42405E-01 -1.60870E-10 -1.32196E-10 -3.44205E-11  1.63482E-11
  1.195E+02  7.46212E-01 -1.58995E-10 -1.34219E-10 -3.42947E-11  1.61138E-11
  1.200E+02  7.50000E-01 -1.57119E-10 -1.36198E-10 -3.41644E-11  1.58812E-11
  1.205E+02  7.53769E-01 -1.55242E-10 -1.38136E-10 -3.40298E-11  1.56503E-11
  1.210E+02  7.57519E-01 -1.53367E-10 -1.40031E-10 -3.38908E-11  1.54212E-11
  1.215E+02  7.61249E-01 -1.51494E-10 -1.41887E-10 -3.37475E-11  1.51938E-11
  1.220E+02  7.64960E-01 -1.49622E-10 -1.43701E-10 -3.36000E-11  1.49683E-11
  1.225E+02  7.68650E-01 -1.47754E-10 -1.45477E-10 -3.34483E-11  1.47446E-11
  1.230E+02  7.72320E-01 -1.45888E-10 -1.47213E-10 -3.32926E-11  1.45227E-11
  1.235E+02  7.75968E-01 -1.44027E-10 -1.48911E-10 -3.31328E-11  1.43027E-11
  1.240E+02  7.79596E-01 -1.42171E-10 -1.50571E-10 -3.29690E-11  1.40846E-11
  1.245E+02  7.83203E-01 -1.40320E-10 -1.52194E-10 -3.28012E-11  1.38683E-11
  1.250E+02  7.86788E-01 -1.38475E-10 -1.53780E-10 -3.26296E-11  1.36539E-11
  1.255E+02  7.90351E-01 -1.36636E-10 -1.55331E-10 -3.24542E-11  1.34415E-11
  1.260E+02  7.93893E-01 -1.34804E-10 -1.56846E-10 -3.22749E-11  1.32309E-11
  1.265E+02  7.97411E-01 -1.32979E-10 -1.58327E-10 -3.20920E-11  1.30223E-11
  1.270E+02  8.00908E-01 -1.31163E-10 -1.59773E-10 -3.19054E-11  1.28156E-11
  1.275E+02  8.04381E-01 -1.29354E-10 -1.61186E-10 -3.17152E-11  1.26109E-11
  1.280E+02  8.07831E-01 -1.27554E-10 -1.62566E-10 -3.15214E-11  1.24081E-11
  1.285E+02  8.11257E-01 -1.25764E-10 -1.63914E-10 -3.13241E-11  1.22072E-11
  1.290E+02  8.14660E-01 -1.23983E-10 -1.65229E-10 -3.11233E-11  1.20083E-11
  1.295E+02  8.18039E-01 -1.22212E-10 -1.66514E-10 -3.09192E-11  1.18114E-11
  1.300E+02  8.21394E-01 -1.20451E-10 -1.67768E-10 -3.07117E-11  1.16164E-11
  1.305E+02  8.24724E-01 -1.18701E-10 -1.68991E-10 -3.05008E-11  1.14234E-11
  1.310E+02  8.28030E-01 -1.16963E-10 -1.70185E-10 -3.02868E-11  1.12324E-11
  1.315E+02  8.31310E-01 -1.15235E-10 -1.71350E-10 -3.00695E-11  1.10433E-11
  1.320E+02  8.34565E-01 -1.13520E-10 -1.72487E-10 -2.98491E-11  1.08561E-11
  1.325E+02  8.37795E-01 -1.11817E-10 -1.73596E-10 -2.96255E-11  1.06710E-11
  1.330E+02  8.40999E-01 -1.10126E-10 -1.74677E-10 -2.93989E-11  1.04878E-11
  1.335E+02  8.44177E-01 -1.08448E-10 -1.75731E-10 -2.91693E-11  1.03065E-11
  1.340E+02  8.47329E-01 -1.06783E-10 -1.76759E-10 -2.89368E-11  1.01272E-11
  1.345E+02  8.50455E-01 -1.05132E-10 -1.77761E-10 -2.87013E-11  9.94990E-12
  1.350E+02  8.53553E-01 -1.03494E-10 -1.78737E-10 -2.84629E-11  9.77451E-12
  1.355E+02  8.56625E-01 -1.01870E-10 -1.79689E-10 -2.82218E-11  9.60105E-12
  1.360E+02  8.59670E-01 -1.00260E-10 -1.80616E-10 -2.79778E-11  9.42953E-12
  1.365E+02  8.62687E-01 -9.86647E-11 -1.81520E-10 -2.77311E-11  9.25993E-12
  1.370E+02  8.65677E-01 -9.70838E-11 -1.82400E-10 -2.74818E-11  9.09226E-12
  1.375E+02  8.68639E-01 -9.55177E-11 -1.83257E-10 -2.72297E-11  8.92649E-12
  1.380E+02  8.71572E-01 -9.39667E-11 -1.84091E-10 -2.69751E-11  8.76263E-12
  1.385E+02  8.74478E-01 -9.24310E-11 -1.84904E-10 -2.67180E-11  8.60066E-12
  1.390E+02  8.77355E-01 -9.09106E-11 -1.85695E-10 -2.64583E-11  8.44057E-12
  1.395E+02  8.80203E-01 -8.94060E-11 -1.86464E-10 -2.61961E-11  8.28236E-12
  1.400E+02  8.83022E-01 -8.79171E-11 -1.87214E-10 -2.59315E-11  8.12601E-12
  1.405E+02  8.85812E-01 -8.64442E-11 -1.87942E-10 -2.56646E-11  7.97151E-12
  1.410E+02  8.88573E-01 -8.49875E-11 -1.88651E-10 -2.53953E-11  7.81885E-12
  1.415E+02  8.91304E-01 -8.35471E-11 -1.89341E-10 -2.51237E-11  7.66802E-12
  1.420E+02  8.94005E-01 -8.21231E-11 -1.90012E-10 -2.48498E-11  7.51900E-12
  1.425E+02  8.96677E-01 -8.07158E-11 -1.90664E-10 -2.45737E-11  7.37178E-12
  1.430E+02  8.99318E-01 -7.93252E-11 -1.91298E-10 -2.42954E-11  7.22635E-12
  1.435E+02  9.01928E-01 -7.79515E-11 -1.91914E-10 -2.40150E-11  7.08269E-12
  1.440E+02  9.04508E-01 -7.65948E-11 -1.92513E-10 -2.37325E-11  6.94079E-12
  1.445E+02  9.07058E-01 -7.52553E-11 -1.93094E-10 -2.34479E-11  6.80063E-12
  1.450E+02  9.09576E-01 -7.39330E-11 -1.93659E-10 -2.31613E-11  6.66220E-12
  1.455E+02  9.12063E-01 -7.26281E-11 -1.94208E-10 -2.28727E-11  6.52547E-12
  1.460E+02  9.14519E-01 -7.13406E-11 -1.94741E-10 -2.25822E-11  6.39044E-12
  1.465E+02  9.16943E-01 -7.00707E-11 -1.95259E-10 -2.22897E-11  6.25709E-12
  1.470E+02  9.19335E-01 -6.88185E-11 -1.95761E-10 -2.19954E-11  6.12540E-12
  1.475E+02  9.21696E-01 -6.75840E-11 -1.96249E-10 -2.16992E-11  5.99535E-12
  1.480E+02  9.24024E-01 -6.63673E-11 -1.96722E-10 -2.14012E-11  5.86693E-12
  1.485E+02  9.26320E-01 -6.51686E-11 -1.97181E-10 -2.11015E-11  5.74011E-12
  1.490E+02  9.28584E-01 -6.39879E-11 -1.97626E-10 -2.08000E-11  5.61488E-12
  1.495E+02  9.30815E-01 -6.28253E-11 -1.98058E-10 -2.04968E-11  5.49122E-12
  1.500E+02  9.33013E-01 -6.16808E-11 -1.98476E-10 -2.01920E-11  5.36910E-12
  1.505E+02  9.35178E-01 -6.05545E-11 -1.98882E-10 -1.98855E-11  5.24852E-12
  1.510E+02  9.37310E-01 -5.94464E-11 -1.99275E-10 -1.95775E-11  5.12944E-12
  1.515E+02  9.39409E-01 -5.83568E-11 -1.99656E-10 -1.92678E-11  5.01186E-12
  1.520E+02  9.41474E-01 -5.72855E-11 -2.00025E-10 -1.89567E-11  4.89574E-12
  1.525E+02  9.43505E-01 -5.62326E-11 -2.00382E-10 -1.86440E-11  4.78107E-12
  1.530E+02  9.45503E-01 -5.51982E-11 -2.00728E-10 -1.83299E-11  4.66782E-12
  1.535E+02  9.47467E-01 -5.41824E-11 -2.01063E-10 -1.80144E-11  4.55598E-12
  1.540E+02  9.49397E-01 -5.31851E-11 -2.01387E-10 -1.76975E-11  4.44553E-12
  1.545E+02  9.51293E-01 -5.22065E-11 -2.01700E-10 -1.73792E-11  4.33643E-12
  1.550E+02  9.53154E-01 -5.12465E-11 -2.02003E-10 -1.70595E-11  4.22867E-12
  1.555E+02  9.54981E-01 -5.03052E-11 -2.02296E-10 -1.67386E-11  4.12223E-12
  1.560E+02  9.56773E-01 -4.93827E-11 -2.02579E-10 -1.64164E-11  4.01708E-12
  1.565E+02  9.58530E-01 -4.84789E-11 -2.02853E-10 -1.60929E-11  3.91320E-12
  1.570E+02  9.60252E-01 -4.75939E-11 -2.03117E-10 -1.57682E-11  3.81057E-12
  1.575E+02  9.61940E-01 -4.67277E-11 -2.03373E-10 -1.54424E-11  3.70917E-12
  1.580E+02  9.63592E-01 -4.58804E-11 -2.03619E-10 -1.51154E-11  3.60896E-12
  1.585E+02  9.65209E-01 -4.50519E-11 -2.03857E-10 -1.47873E-11  3.50993E-12
  1.590E+02  9.66790E-01 -4.42423E-11 -2.04086E-10 -1.44580E-11  3.41205E-12
  1.595E+02  9.68336E-01 -4.34516E-11 -2.04307E-10 -1.41278E-11  3.31530E-12
  1.600E+02  9.69846E-01 -4.26799E-11 -2.04521E-10 -1.37965E-11  3.21965E-12
  1.605E+02  9.71321E-01 -4.19271E-11 -2.04726E-10 -1.34641E-11  3.12508E-12
  1.610E+02  9.72759E-01 -4.11932E-11 -2.04924E-10 -1.31308E-11  3.03156E-12
  1.615E+02  9.74162E-01 -4.04783E-11 -2.05114E-10 -1.27966E-11  2.93907E-12
  1.620E+02  9.75528E-01 -3.97825E-11 -2.05297E-10 -1.24614E-11  2.84759E-12
  1.625E+02  9.76858E-01 -3.91056E-11 -2.05473E-10 -1.21253E-11  2.75708E-12
  1.630E+02  9.78152E-01 -3.84477E-11 -2.05642E-10 -1.17884E-11  2.66753E-12
  1.635E+02  9.79410E-01 -3.78088E-11 -2.05805E-10 -1.14506E-11  2.57891E-12
  1.640E+02  9.80631E-01 -3.71890E-11 -2.05960E-10 -1.11120E-11  2.49118E-12
  1.645E+02  9.81815E-01 -3.65882E-11 -2.06110E-10 -1.07726E-11  2.40433E-12
  1.650E+02  9.82963E-01 -3.60065E-11 -2.06253E-10 -1.04325E-11  2.31834E-12
  1.655E+02  9.84074E-01 -3.54437E-11 -2.06390E-10 -1.00916E-11  2.23316E-12
  1.660E+02  9.85148E-01 -3.49001E-11 -2.06521E-10 -9.75002E-12  2.14878E-12
  1.665E+02  9.86185E-01 -3.43755E-11 -2.06646E-10 -9.40775E-12  2.06517E-12
  1.670E+02  9.87185E-01 -3.38700E-11 -2.06766E-10 -9.06483E-12  1.98231E-12
  1.675E+02  9.88148E-01 -3.33835E-11 -2.06880E-10 -8.72127E-12  1.90017E-12
  1.680E+02  9.89074E-01 -3.29161E-11 -2.06989E-10 -8.37711E-12  1.81871E-12
  1.685E+02  9.89962E-01 -3.24678E-11 -2.07092E-10 -8.03237E-12  1.73792E-12
  1.690E+02  9.90814E-01 -3.20386E-11 -2.07190E-10 -7.68708E-12  1.65776E-12
  1.695E+02  9.91627E-01 -3.16284E-11 -2.07283E-10 -7.34126E-12  1.57822E-12
  1.700E+02  9.92404E-01 -3.12373E-11 -2.07371E-10 -6.99493E-12  1.49926E-12
  1.705E+02  9.93143E-01 -3.08653E-11 -2.07454E-10 -6.64812E-12  1.42085E-12
  1.710E+02  9.93844E-01 -3.05123E-11 -2.07532E-10 -6.30086E-12  1.34297E-12
  1.715E+02  9.94508E-01 -3.01785E-11 -2.07605E-10 -5.95317E-12  1.26559E-12
  1.720E+02  9.95134E-01 -2.98637E-11 -2.07674E-10 -5.60507E-12  1.18869E-12
  1.725E+02  9.95722E-01 -2.95680E-11 -2.07739E-10 -5.25659E-12  1.11223E-12
  1.730E+02  9.96273E-01 -2.92914E-11 -2.07798E-10 -4.90776E-12  1.03619E-12
  1.735E+02  9.96786E-01 -2.90339E-11 -2.07854E-10 -4.55859E-12  9.60541E-13
  1.740E+02  9.97261E-01 -2.87954E-11 -2.07905E-10 -4.20911E-12  8.85255E-13
  1.745E+02  9.97698E-01 -2.85760E-11 -2.07952E-10 -3.85935E-12  8.10304E-13
  1.750E+02  9.98097E-01 -2.83757E-11 -2.07994E-10 -3.50933E-12  7.35660E-13
  1.755E+02  9.98459E-01 -2.81945E-11 -2.08032E-10 -3.15907E-12  6.61296E-13
  1.760E+02  9.98782E-01 -2.80323E-11 -2.08066E-10 -2.80860E-12  5.87184E-13
  1.765E+02  9.99067E-01 -2.78893E-11 -2.08096E-10 -2.45793E-12  5.13296E-13
  1.770E+02  9.99315E-01 -2.77653E-11 -2.08122E-10 -2.10711E-12  4.39604E-13
  1.775E+02  9.99524E-01 -2.76604E-11 -2.08144E-10 -1.75614E-12  3.66080E-13
  1.780E+02  9.99695E-01 -2.75745E-11 -2.08162E-10 -1.40505E-12  2.92696E-13
  1.785E+02  9.99829E-01 -2.75078E-11 -2.08176E-10 -1.05387E-12  2.19424E-13
  1.790E+02  9.99924E-01 -2.74601E-11 -2.08186E-10 -7.02621E-13  1.46236E-13
  1.795E+02  9.99981E-01 -2.74315E-11 -2.08192E-10 -3.51322E-13  7.31038E-14
  1.800E+02  1.00000E+00 -2.74219E-11 -2.08194E-10 -4.93031E-27  1.02583E-27
