 #  Total cross section table (last run of 'elscata').
 #
 #  Z =  80,   projectile: electron
 #
 #   Energy         ECS         TCS1         TCS2         ABSCS      error
 #    (eV)        (cm**2)      (cm**2)      (cm**2)      (cm**2)
 #--------------------------------------------------------------------------
   1.00000E+01  1.85717E-15  6.13070E-16  6.75266E-16  0.00000E+00  1.0E-07
   1.10000E+01  1.59918E-15  5.41008E-16  5.16806E-16  0.00000E+00  1.0E-07
   1.20000E+01  1.39598E-15  4.93667E-16  4.02694E-16  0.00000E+00  1.0E-07
   1.30000E+01  1.23668E-15  4.63855E-16  3.22248E-16  0.00000E+00  1.0E-07
   1.40000E+01  1.11264E-15  4.46659E-16  2.67487E-16  0.00000E+00  1.0E-07
   1.50000E+01  1.01698E-15  4.38683E-16  2.32440E-16  0.00000E+00  1.0E-07
   1.60000E+01  9.44259E-16  4.37539E-16  2.12623E-16  0.00000E+00  1.0E-07
   1.70000E+01  8.90140E-16  4.41511E-16  2.04635E-16  0.00000E+00  1.0E-07
   1.80000E+01  8.51142E-16  4.49328E-16  2.05871E-16  0.00000E+00  1.0E-07
   1.90000E+01  8.24447E-16  4.60015E-16  2.14300E-16  0.00000E+00  1.0E-07
   2.00000E+01  8.07748E-16  4.72798E-16  2.28308E-16  0.00000E+00  1.0E-07
   2.50000E+01  8.17395E-16  5.48539E-16  3.43263E-16  0.00000E+00  1.0E-07
   3.00000E+01  8.91136E-16  6.09939E-16  4.69740E-16  0.00000E+00  1.0E-07
   3.50000E+01  9.66476E-16  6.35311E-16  5.63911E-16  0.00000E+00  1.0E-07
   4.00000E+01  1.02399E-15  6.26452E-16  6.16683E-16  0.00000E+00  1.0E-07
   4.50000E+01  1.06216E-15  5.94776E-16  6.35360E-16  0.00000E+00  1.0E-07
   5.00000E+01  1.08468E-15  5.51414E-16  6.30898E-16  0.00000E+00  1.0E-07
   6.00000E+01  1.09935E-15  4.57778E-16  5.87662E-16  0.00000E+00  1.0E-07
   7.00000E+01  1.09306E-15  3.75686E-16  5.32008E-16  0.00000E+00  1.0E-07
   8.00000E+01  1.07807E-15  3.10866E-16  4.79333E-16  0.00000E+00  1.0E-07
   9.00000E+01  1.05947E-15  2.61135E-16  4.32589E-16  0.00000E+00  2.0E-07
   1.00000E+02  1.03853E-15  2.23067E-16  3.91567E-16  0.00000E+00  2.0E-05
   1.50000E+02  9.13591E-16  1.29250E-16  2.53344E-16  0.00000E+00  1.6E-05
   2.00000E+02  7.82546E-16  1.04664E-16  1.93653E-16  0.00000E+00  1.1E-06
   2.50000E+02  6.71788E-16  1.00897E-16  1.71716E-16  0.00000E+00  6.9E-07
   3.00000E+02  5.86599E-16  1.02092E-16  1.61627E-16  0.00000E+00  2.2E-06
   3.50000E+02  5.22569E-16  1.03295E-16  1.53499E-16  0.00000E+00  2.8E-06
   4.00000E+02  4.74074E-16  1.03349E-16  1.44891E-16  0.00000E+00  1.6E-06
   4.50000E+02  4.36648E-16  1.02245E-16  1.35725E-16  0.00000E+00  7.5E-06
   5.00000E+02  4.07121E-16  1.00254E-16  1.26437E-16  0.00000E+00  1.4E-06
   6.00000E+02  3.63654E-16  9.46894E-17  1.08956E-16  0.00000E+00  2.6E-06
   7.00000E+02  3.32997E-16  8.82302E-17  9.40801E-17  0.00000E+00  1.3E-06
   8.00000E+02  3.09519E-16  8.17189E-17  8.19775E-17  0.00000E+00  2.8E-06
   9.00000E+02  2.90587E-16  7.55778E-17  7.23108E-17  0.00000E+00  2.9E-06
   1.00000E+03  2.75190E-16  6.99394E-17  6.46264E-17  0.00000E+00  1.6E-06
   1.50000E+03  2.24949E-16  4.89914E-17  4.31546E-17  0.00000E+00  1.7E-04
   2.00000E+03  1.95040E-16  3.63875E-17  3.35859E-17  0.00000E+00  2.8E-04
   2.50000E+03  1.74343E-16  2.83168E-17  2.79292E-17  0.00000E+00  1.9E-04
   3.00000E+03  1.58917E-16  2.28201E-17  2.39938E-17  0.00000E+00  2.0E-04
   3.50000E+03  1.46847E-16  1.88875E-17  2.10140E-17  0.00000E+00  1.9E-04
   4.00000E+03  1.37065E-16  1.59625E-17  1.86500E-17  0.00000E+00  2.0E-04
   4.50000E+03  1.28920E-16  1.37183E-17  1.67200E-17  0.00000E+00  2.8E-04
   5.00000E+03  1.21997E-16  1.19525E-17  1.51125E-17  0.00000E+00  9.0E-04
   6.00000E+03  1.10772E-16  9.37345E-18  1.25906E-17  0.00000E+00  9.7E-04
   7.00000E+03  1.01977E-16  7.60072E-18  1.07093E-17  0.00000E+00  6.8E-04
   8.00000E+03  9.48415E-17  6.32102E-18  9.25896E-18  0.00000E+00  1.2E-03
   9.00000E+03  8.89017E-17  5.36185E-18  8.11178E-18  0.00000E+00  1.5E-03
   1.00000E+04  8.38584E-17  4.62121E-18  7.18530E-18  0.00000E+00  1.6E-03
   1.10000E+04  7.90645E-17  4.03532E-18  6.42385E-18  0.00000E+00  1.0E-07
   1.20000E+04  7.53194E-17  3.56253E-18  5.78901E-18  0.00000E+00  1.0E-07
   1.30000E+04  7.20075E-17  3.17452E-18  5.25292E-18  0.00000E+00  1.0E-07
   1.40000E+04  6.90524E-17  2.85150E-18  4.79523E-18  0.00000E+00  1.0E-07
   1.50000E+04  6.63952E-17  2.57922E-18  4.40072E-18  0.00000E+00  1.0E-07
   1.60000E+04  6.39897E-17  2.34722E-18  4.05778E-18  0.00000E+00  1.0E-07
   1.70000E+04  6.17991E-17  2.14765E-18  3.75740E-18  0.00000E+00  1.0E-07
   1.80000E+04  5.97938E-17  1.97453E-18  3.49251E-18  0.00000E+00  1.0E-07
   1.90000E+04  5.79493E-17  1.82322E-18  3.25749E-18  0.00000E+00  1.0E-07
   2.00000E+04  5.62458E-17  1.69007E-18  3.04782E-18  0.00000E+00  1.0E-07
   2.10000E+04  5.46664E-17  1.57217E-18  2.85982E-18  0.00000E+00  1.0E-07
   2.20000E+04  5.31970E-17  1.46721E-18  2.69046E-18  0.00000E+00  1.0E-07
   2.30000E+04  5.18257E-17  1.37329E-18  2.53726E-18  0.00000E+00  1.0E-07
   2.40000E+04  5.05423E-17  1.28886E-18  2.39813E-18  0.00000E+00  1.0E-07
   2.50000E+04  4.93381E-17  1.21263E-18  2.27132E-18  0.00000E+00  1.0E-07
