 #  Scattering amplitudes (in cm)      MU=(1-cos(TH))/2
 #  Z =  80,   projectile: electron
 #  Kinetic energy = 2.50000E+04 eV
 #
 # TH (deg)      MU          Re(F)        Im(F)        Re(G)        Im(G)
 #--------------------------------------------------------------------------
  0.000E+00  0.00000E+00  1.04495E-07  3.79615E-08  0.00000E+00  0.00000E+00
  1.000E-04  7.61557E-13  1.04495E-07  3.79615E-08  4.22622E-15  1.60050E-15
  1.250E-04  1.18994E-12  1.04495E-07  3.79615E-08  5.28278E-15  2.00063E-15
  1.500E-04  1.71346E-12  1.04495E-07  3.79615E-08  6.33933E-15  2.40075E-15
  1.750E-04  2.33225E-12  1.04495E-07  3.79615E-08  7.39589E-15  2.80088E-15
  2.000E-04  3.04617E-12  1.04495E-07  3.79615E-08  8.45244E-15  3.20101E-15
  2.250E-04  3.85530E-12  1.04495E-07  3.79615E-08  9.50900E-15  3.60113E-15
  2.500E-04  4.75964E-12  1.04495E-07  3.79615E-08  1.05656E-14  4.00126E-15
  2.750E-04  5.75917E-12  1.04495E-07  3.79615E-08  1.16221E-14  4.40138E-15
  3.000E-04  6.85391E-12  1.04495E-07  3.79615E-08  1.26787E-14  4.80151E-15
  3.250E-04  8.04379E-12  1.04495E-07  3.79615E-08  1.37352E-14  5.20163E-15
  3.500E-04  9.32893E-12  1.04495E-07  3.79615E-08  1.47918E-14  5.60176E-15
  3.750E-04  1.07092E-11  1.04495E-07  3.79615E-08  1.58483E-14  6.00189E-15
  4.000E-04  1.21847E-11  1.04495E-07  3.79615E-08  1.69049E-14  6.40201E-15
  4.250E-04  1.37554E-11  1.04495E-07  3.79615E-08  1.79614E-14  6.80214E-15
  4.500E-04  1.54213E-11  1.04495E-07  3.79615E-08  1.90180E-14  7.20226E-15
  4.750E-04  1.71823E-11  1.04495E-07  3.79615E-08  2.00746E-14  7.60239E-15
  5.000E-04  1.90386E-11  1.04495E-07  3.79615E-08  2.11311E-14  8.00251E-15
  5.250E-04  2.09900E-11  1.04495E-07  3.79615E-08  2.21877E-14  8.40264E-15
  5.500E-04  2.30367E-11  1.04495E-07  3.79615E-08  2.32442E-14  8.80277E-15
  5.750E-04  2.51785E-11  1.04495E-07  3.79615E-08  2.43008E-14  9.20289E-15
  6.000E-04  2.74156E-11  1.04495E-07  3.79615E-08  2.53573E-14  9.60302E-15
  6.250E-04  2.97478E-11  1.04495E-07  3.79615E-08  2.64139E-14  1.00031E-14
  6.500E-04  3.21752E-11  1.04495E-07  3.79615E-08  2.74704E-14  1.04033E-14
  6.750E-04  3.46979E-11  1.04495E-07  3.79615E-08  2.85270E-14  1.08034E-14
  7.000E-04  3.73157E-11  1.04495E-07  3.79615E-08  2.95836E-14  1.12035E-14
  7.250E-04  4.00286E-11  1.04495E-07  3.79615E-08  3.06401E-14  1.16036E-14
  7.500E-04  4.28368E-11  1.04495E-07  3.79615E-08  3.16967E-14  1.20038E-14
  7.750E-04  4.57402E-11  1.04495E-07  3.79615E-08  3.27532E-14  1.24039E-14
  8.000E-04  4.87388E-11  1.04495E-07  3.79615E-08  3.38098E-14  1.28040E-14
  8.250E-04  5.18325E-11  1.04495E-07  3.79615E-08  3.48663E-14  1.32041E-14
  8.500E-04  5.50215E-11  1.04495E-07  3.79615E-08  3.59229E-14  1.36043E-14
  8.750E-04  5.83057E-11  1.04495E-07  3.79615E-08  3.69794E-14  1.40044E-14
  9.000E-04  6.16850E-11  1.04495E-07  3.79615E-08  3.80360E-14  1.44045E-14
  9.250E-04  6.51595E-11  1.04495E-07  3.79615E-08  3.90925E-14  1.48047E-14
  9.500E-04  6.87293E-11  1.04495E-07  3.79615E-08  4.01491E-14  1.52048E-14
  9.750E-04  7.23943E-11  1.04495E-07  3.79615E-08  4.12057E-14  1.56049E-14
  1.000E-03  7.61544E-11  1.04495E-07  3.79615E-08  4.22622E-14  1.60050E-14
  1.250E-03  1.18991E-10  1.04495E-07  3.79615E-08  5.28278E-14  2.00063E-14
  1.500E-03  1.71347E-10  1.04495E-07  3.79615E-08  6.33933E-14  2.40075E-14
  1.750E-03  2.33223E-10  1.04495E-07  3.79615E-08  7.39588E-14  2.80088E-14
  2.000E-03  3.04617E-10  1.04495E-07  3.79615E-08  8.45244E-14  3.20101E-14
  2.250E-03  3.85531E-10  1.04495E-07  3.79615E-08  9.50899E-14  3.60113E-14
  2.500E-03  4.75965E-10  1.04495E-07  3.79615E-08  1.05655E-13  4.00126E-14
  2.750E-03  5.75917E-10  1.04495E-07  3.79615E-08  1.16221E-13  4.40138E-14
  3.000E-03  6.85389E-10  1.04495E-07  3.79615E-08  1.26786E-13  4.80151E-14
  3.250E-03  8.04380E-10  1.04495E-07  3.79615E-08  1.37352E-13  5.20163E-14
  3.500E-03  9.32891E-10  1.04495E-07  3.79615E-08  1.47917E-13  5.60176E-14
  3.750E-03  1.07092E-09  1.04495E-07  3.79615E-08  1.58483E-13  6.00188E-14
  4.000E-03  1.21847E-09  1.04495E-07  3.79615E-08  1.69048E-13  6.40201E-14
  4.250E-03  1.37554E-09  1.04495E-07  3.79615E-08  1.79614E-13  6.80213E-14
  4.500E-03  1.54213E-09  1.04495E-07  3.79615E-08  1.90179E-13  7.20226E-14
  4.750E-03  1.71823E-09  1.04495E-07  3.79615E-08  2.00744E-13  7.60238E-14
  5.000E-03  1.90386E-09  1.04495E-07  3.79615E-08  2.11310E-13  8.00251E-14
  5.250E-03  2.09900E-09  1.04494E-07  3.79615E-08  2.21875E-13  8.40263E-14
  5.500E-03  2.30367E-09  1.04494E-07  3.79615E-08  2.32440E-13  8.80276E-14
  5.750E-03  2.51785E-09  1.04494E-07  3.79615E-08  2.43006E-13  9.20288E-14
  6.000E-03  2.74156E-09  1.04494E-07  3.79615E-08  2.53571E-13  9.60300E-14
  6.250E-03  2.97478E-09  1.04494E-07  3.79614E-08  2.64136E-13  1.00031E-13
  6.500E-03  3.21752E-09  1.04494E-07  3.79614E-08  2.74701E-13  1.04033E-13
  6.750E-03  3.46978E-09  1.04494E-07  3.79614E-08  2.85266E-13  1.08034E-13
  7.000E-03  3.73156E-09  1.04494E-07  3.79614E-08  2.95832E-13  1.12035E-13
  7.250E-03  4.00286E-09  1.04494E-07  3.79614E-08  3.06397E-13  1.16036E-13
  7.500E-03  4.28368E-09  1.04494E-07  3.79614E-08  3.16962E-13  1.20037E-13
  7.750E-03  4.57402E-09  1.04494E-07  3.79614E-08  3.27527E-13  1.24039E-13
  8.000E-03  4.87388E-09  1.04493E-07  3.79614E-08  3.38092E-13  1.28040E-13
  8.250E-03  5.18326E-09  1.04493E-07  3.79614E-08  3.48657E-13  1.32041E-13
  8.500E-03  5.50215E-09  1.04493E-07  3.79614E-08  3.59222E-13  1.36042E-13
  8.750E-03  5.83057E-09  1.04493E-07  3.79614E-08  3.69787E-13  1.40044E-13
  9.000E-03  6.16850E-09  1.04493E-07  3.79614E-08  3.80352E-13  1.44045E-13
  9.250E-03  6.51596E-09  1.04493E-07  3.79614E-08  3.90916E-13  1.48046E-13
  9.500E-03  6.87293E-09  1.04493E-07  3.79614E-08  4.01481E-13  1.52047E-13
  9.750E-03  7.23942E-09  1.04493E-07  3.79614E-08  4.12046E-13  1.56048E-13
  1.000E-02  7.61544E-09  1.04492E-07  3.79613E-08  4.22611E-13  1.60050E-13
  1.250E-02  1.18991E-08  1.04491E-07  3.79613E-08  5.28255E-13  2.00062E-13
  1.500E-02  1.71347E-08  1.04489E-07  3.79611E-08  6.33894E-13  2.40073E-13
  1.750E-02  2.33223E-08  1.04487E-07  3.79610E-08  7.39527E-13  2.80084E-13
  2.000E-02  3.04617E-08  1.04484E-07  3.79609E-08  8.45152E-13  3.20095E-13
  2.250E-02  3.85531E-08  1.04481E-07  3.79607E-08  9.50769E-13  3.60106E-13
  2.500E-02  4.75965E-08  1.04478E-07  3.79605E-08  1.05638E-12  4.00115E-13
  2.750E-02  5.75917E-08  1.04474E-07  3.79603E-08  1.16197E-12  4.40124E-13
  3.000E-02  6.85389E-08  1.04470E-07  3.79600E-08  1.26756E-12  4.80133E-13
  3.250E-02  8.04380E-08  1.04465E-07  3.79598E-08  1.37313E-12  5.20141E-13
  3.500E-02  9.32891E-08  1.04461E-07  3.79595E-08  1.47868E-12  5.60147E-13
  3.750E-02  1.07092E-07  1.04455E-07  3.79592E-08  1.58423E-12  6.00153E-13
  4.000E-02  1.21847E-07  1.04450E-07  3.79589E-08  1.68975E-12  6.40158E-13
  4.250E-02  1.37554E-07  1.04444E-07  3.79586E-08  1.79526E-12  6.80163E-13
  4.500E-02  1.54213E-07  1.04438E-07  3.79582E-08  1.90075E-12  7.20166E-13
  4.750E-02  1.71823E-07  1.04431E-07  3.79578E-08  2.00622E-12  7.60167E-13
  5.000E-02  1.90386E-07  1.04425E-07  3.79574E-08  2.11167E-12  8.00168E-13
  5.250E-02  2.09900E-07  1.04417E-07  3.79570E-08  2.21710E-12  8.40168E-13
  5.500E-02  2.30367E-07  1.04410E-07  3.79566E-08  2.32251E-12  8.80166E-13
  5.750E-02  2.51785E-07  1.04402E-07  3.79561E-08  2.42789E-12  9.20162E-13
  6.000E-02  2.74156E-07  1.04394E-07  3.79557E-08  2.53325E-12  9.60158E-13
  6.250E-02  2.97478E-07  1.04385E-07  3.79552E-08  2.63858E-12  1.00015E-12
  6.500E-02  3.21752E-07  1.04376E-07  3.79546E-08  2.74388E-12  1.04014E-12
  6.750E-02  3.46978E-07  1.04367E-07  3.79541E-08  2.84916E-12  1.08013E-12
  7.000E-02  3.73156E-07  1.04357E-07  3.79536E-08  2.95441E-12  1.12012E-12
  7.250E-02  4.00286E-07  1.04347E-07  3.79530E-08  3.05963E-12  1.16011E-12
  7.500E-02  4.28368E-07  1.04336E-07  3.79524E-08  3.16481E-12  1.20010E-12
  7.750E-02  4.57402E-07  1.04326E-07  3.79518E-08  3.26997E-12  1.24008E-12
  8.000E-02  4.87388E-07  1.04315E-07  3.79511E-08  3.37509E-12  1.28006E-12
  8.250E-02  5.18325E-07  1.04303E-07  3.79505E-08  3.48018E-12  1.32004E-12
  8.500E-02  5.50215E-07  1.04291E-07  3.79498E-08  3.58523E-12  1.36002E-12
  8.750E-02  5.83057E-07  1.04279E-07  3.79491E-08  3.69024E-12  1.39999E-12
  9.000E-02  6.16850E-07  1.04267E-07  3.79484E-08  3.79522E-12  1.43997E-12
  9.250E-02  6.51596E-07  1.04254E-07  3.79476E-08  3.90016E-12  1.47994E-12
  9.500E-02  6.87293E-07  1.04241E-07  3.79469E-08  4.00506E-12  1.51991E-12
  9.750E-02  7.23942E-07  1.04227E-07  3.79461E-08  4.10991E-12  1.55987E-12
  1.000E-01  7.61543E-07  1.04213E-07  3.79453E-08  4.21473E-12  1.59984E-12
  1.250E-01  1.18991E-06  1.04055E-07  3.79361E-08  5.26036E-12  1.99933E-12
  1.500E-01  1.71347E-06  1.03862E-07  3.79250E-08  6.30066E-12  2.39850E-12
  1.750E-01  2.33223E-06  1.03636E-07  3.79118E-08  7.33460E-12  2.79731E-12
  2.000E-01  3.04617E-06  1.03375E-07  3.78967E-08  8.36116E-12  3.19568E-12
  2.250E-01  3.85531E-06  1.03081E-07  3.78795E-08  9.37935E-12  3.59355E-12
  2.500E-01  4.75964E-06  1.02754E-07  3.78603E-08  1.03882E-11  3.99086E-12
  2.750E-01  5.75916E-06  1.02395E-07  3.78391E-08  1.13868E-11  4.38755E-12
  3.000E-01  6.85388E-06  1.02004E-07  3.78159E-08  1.23742E-11  4.78356E-12
  3.250E-01  8.04378E-06  1.01582E-07  3.77907E-08  1.33495E-11  5.17884E-12
  3.500E-01  9.32888E-06  1.01130E-07  3.77636E-08  1.43119E-11  5.57331E-12
  3.750E-01  1.07092E-05  1.00648E-07  3.77345E-08  1.52605E-11  5.96692E-12
  4.000E-01  1.21846E-05  1.00137E-07  3.77035E-08  1.61947E-11  6.35961E-12
  4.250E-01  1.37553E-05  9.95988E-08  3.76705E-08  1.71136E-11  6.75132E-12
  4.500E-01  1.54212E-05  9.90331E-08  3.76355E-08  1.80165E-11  7.14200E-12
  4.750E-01  1.71822E-05  9.84411E-08  3.75987E-08  1.89029E-11  7.53158E-12
  5.000E-01  1.90385E-05  9.78238E-08  3.75599E-08  1.97720E-11  7.92002E-12
  5.250E-01  2.09899E-05  9.71821E-08  3.75192E-08  2.06233E-11  8.30724E-12
  5.500E-01  2.30365E-05  9.65170E-08  3.74766E-08  2.14563E-11  8.69321E-12
  5.750E-01  2.51783E-05  9.58293E-08  3.74322E-08  2.22705E-11  9.07786E-12
  6.000E-01  2.74153E-05  9.51201E-08  3.73859E-08  2.30654E-11  9.46113E-12
  6.250E-01  2.97475E-05  9.43905E-08  3.73378E-08  2.38406E-11  9.84299E-12
  6.500E-01  3.21749E-05  9.36413E-08  3.72878E-08  2.45958E-11  1.02234E-11
  6.750E-01  3.46974E-05  9.28736E-08  3.72360E-08  2.53306E-11  1.06022E-11
  7.000E-01  3.73152E-05  9.20884E-08  3.71824E-08  2.60448E-11  1.09795E-11
  7.250E-01  4.00281E-05  9.12866E-08  3.71271E-08  2.67381E-11  1.13551E-11
  7.500E-01  4.28362E-05  9.04694E-08  3.70699E-08  2.74104E-11  1.17290E-11
  7.750E-01  4.57395E-05  8.96377E-08  3.70111E-08  2.80614E-11  1.21013E-11
  8.000E-01  4.87380E-05  8.87925E-08  3.69505E-08  2.86910E-11  1.24717E-11
  8.250E-01  5.18317E-05  8.79347E-08  3.68881E-08  2.92992E-11  1.28403E-11
  8.500E-01  5.50205E-05  8.70654E-08  3.68241E-08  2.98859E-11  1.32070E-11
  8.750E-01  5.83045E-05  8.61854E-08  3.67584E-08  3.04511E-11  1.35719E-11
  9.000E-01  6.16838E-05  8.52957E-08  3.66911E-08  3.09949E-11  1.39347E-11
  9.250E-01  6.51582E-05  8.43973E-08  3.66221E-08  3.15171E-11  1.42956E-11
  9.500E-01  6.87277E-05  8.34910E-08  3.65515E-08  3.20180E-11  1.46544E-11
  9.750E-01  7.23925E-05  8.25776E-08  3.64793E-08  3.24977E-11  1.50111E-11
  1.000E+00  7.61524E-05  8.16581E-08  3.64056E-08  3.29562E-11  1.53657E-11
  1.100E+00  9.21439E-05  7.79348E-08  3.60952E-08  3.45825E-11  1.67619E-11
  1.200E+00  1.09658E-04  7.41750E-08  3.57613E-08  3.58873E-11  1.81210E-11
  1.300E+00  1.28695E-04  7.04212E-08  3.54054E-08  3.68886E-11  1.94409E-11
  1.400E+00  1.49255E-04  6.67093E-08  3.50290E-08  3.76075E-11  2.07196E-11
  1.500E+00  1.71338E-04  6.30686E-08  3.46334E-08  3.80671E-11  2.19555E-11
  1.600E+00  1.94942E-04  5.95223E-08  3.42204E-08  3.82912E-11  2.31473E-11
  1.700E+00  2.20070E-04  5.60881E-08  3.37912E-08  3.83034E-11  2.42938E-11
  1.800E+00  2.46720E-04  5.27788E-08  3.33475E-08  3.81268E-11  2.53942E-11
  1.900E+00  2.74892E-04  4.96030E-08  3.28907E-08  3.77835E-11  2.64477E-11
  2.000E+00  3.04586E-04  4.65662E-08  3.24223E-08  3.72941E-11  2.74539E-11
  2.100E+00  3.35803E-04  4.36707E-08  3.19435E-08  3.66775E-11  2.84126E-11
  2.200E+00  3.68542E-04  4.09165E-08  3.14559E-08  3.59511E-11  2.93237E-11
  2.300E+00  4.02802E-04  3.83022E-08  3.09606E-08  3.51307E-11  3.01872E-11
  2.400E+00  4.38585E-04  3.58246E-08  3.04589E-08  3.42303E-11  3.10034E-11
  2.500E+00  4.75889E-04  3.34797E-08  2.99519E-08  3.32627E-11  3.17727E-11
  2.600E+00  5.14715E-04  3.12627E-08  2.94409E-08  3.22389E-11  3.24957E-11
  2.700E+00  5.55063E-04  2.91685E-08  2.89267E-08  3.11688E-11  3.31728E-11
  2.800E+00  5.96931E-04  2.71914E-08  2.84104E-08  3.00612E-11  3.38050E-11
  2.900E+00  6.40321E-04  2.53258E-08  2.78928E-08  2.89236E-11  3.43928E-11
  3.000E+00  6.85233E-04  2.35660E-08  2.73749E-08  2.77626E-11  3.49372E-11
  3.100E+00  7.31665E-04  2.19062E-08  2.68574E-08  2.65842E-11  3.54392E-11
  3.200E+00  7.79618E-04  2.03411E-08  2.63411E-08  2.53934E-11  3.58997E-11
  3.300E+00  8.29092E-04  1.88653E-08  2.58265E-08  2.41944E-11  3.63197E-11
  3.400E+00  8.80086E-04  1.74735E-08  2.53143E-08  2.29912E-11  3.67002E-11
  3.500E+00  9.32601E-04  1.61609E-08  2.48050E-08  2.17871E-11  3.70423E-11
  3.600E+00  9.86636E-04  1.49229E-08  2.42991E-08  2.05848E-11  3.73472E-11
  3.700E+00  1.04219E-03  1.37549E-08  2.37972E-08  1.93868E-11  3.76158E-11
  3.800E+00  1.09927E-03  1.26528E-08  2.32995E-08  1.81953E-11  3.78493E-11
  3.900E+00  1.15786E-03  1.16127E-08  2.28065E-08  1.70120E-11  3.80488E-11
  4.000E+00  1.21797E-03  1.06308E-08  2.23184E-08  1.58386E-11  3.82153E-11
  4.100E+00  1.27961E-03  9.70374E-09  2.18356E-08  1.46763E-11  3.83499E-11
  4.200E+00  1.34276E-03  8.82819E-09  2.13582E-08  1.35264E-11  3.84537E-11
  4.300E+00  1.40743E-03  8.00113E-09  2.08866E-08  1.23897E-11  3.85278E-11
  4.400E+00  1.47362E-03  7.21968E-09  2.04209E-08  1.12672E-11  3.85731E-11
  4.500E+00  1.54133E-03  6.48119E-09  1.99613E-08  1.01595E-11  3.85908E-11
  4.600E+00  1.61056E-03  5.78315E-09  1.95078E-08  9.06720E-12  3.85817E-11
  4.700E+00  1.68131E-03  5.12324E-09  1.90607E-08  7.99086E-12  3.85468E-11
  4.800E+00  1.75357E-03  4.49928E-09  1.86200E-08  6.93089E-12  3.84872E-11
  4.900E+00  1.82735E-03  3.90923E-09  1.81857E-08  5.88762E-12  3.84037E-11
  5.000E+00  1.90265E-03  3.35118E-09  1.77580E-08  4.86135E-12  3.82973E-11
  5.100E+00  1.97947E-03  2.82335E-09  1.73369E-08  3.85232E-12  3.81687E-11
  5.200E+00  2.05780E-03  2.32408E-09  1.69223E-08  2.86070E-12  3.80190E-11
  5.300E+00  2.13765E-03  1.85180E-09  1.65144E-08  1.88666E-12  3.78490E-11
  5.400E+00  2.21902E-03  1.40506E-09  1.61131E-08  9.30283E-13  3.76593E-11
  5.500E+00  2.30190E-03  9.82490E-10  1.57184E-08 -8.33257E-15  3.74510E-11
  5.600E+00  2.38630E-03  5.82803E-10  1.53303E-08 -9.29141E-13  3.72246E-11
  5.700E+00  2.47222E-03  2.04800E-10  1.49488E-08 -1.83211E-12  3.69810E-11
  5.800E+00  2.55965E-03 -1.52647E-10  1.45737E-08 -2.71724E-12  3.67210E-11
  5.900E+00  2.64859E-03 -4.90598E-10  1.42052E-08 -3.58454E-12  3.64451E-11
  6.000E+00  2.73905E-03 -8.10047E-10  1.38432E-08 -4.43404E-12  3.61542E-11
  6.100E+00  2.83103E-03 -1.11193E-09  1.34875E-08 -5.26578E-12  3.58488E-11
  6.200E+00  2.92452E-03 -1.39713E-09  1.31381E-08 -6.07981E-12  3.55297E-11
  6.300E+00  3.01952E-03 -1.66647E-09  1.27951E-08 -6.87622E-12  3.51974E-11
  6.400E+00  3.11604E-03 -1.92074E-09  1.24582E-08 -7.65506E-12  3.48525E-11
  6.500E+00  3.21407E-03 -2.16066E-09  1.21275E-08 -8.41644E-12  3.44957E-11
  6.600E+00  3.31362E-03 -2.38694E-09  1.18029E-08 -9.16044E-12  3.41276E-11
  6.700E+00  3.41468E-03 -2.60023E-09  1.14843E-08 -9.88717E-12  3.37487E-11
  6.800E+00  3.51725E-03 -2.80115E-09  1.11717E-08 -1.05967E-11  3.33595E-11
  6.900E+00  3.62133E-03 -2.99028E-09  1.08649E-08 -1.12893E-11  3.29605E-11
  7.000E+00  3.72692E-03 -3.16818E-09  1.05639E-08 -1.19649E-11  3.25524E-11
  7.100E+00  3.83403E-03 -3.33537E-09  1.02686E-08 -1.26237E-11  3.21355E-11
  7.200E+00  3.94265E-03 -3.49235E-09  9.97888E-09 -1.32658E-11  3.17104E-11
  7.300E+00  4.05278E-03 -3.63959E-09  9.69477E-09 -1.38915E-11  3.12775E-11
  7.400E+00  4.16442E-03 -3.77754E-09  9.41613E-09 -1.45007E-11  3.08373E-11
  7.500E+00  4.27757E-03 -3.90661E-09  9.14289E-09 -1.50937E-11  3.03903E-11
  7.600E+00  4.39223E-03 -4.02722E-09  8.87497E-09 -1.56706E-11  2.99367E-11
  7.700E+00  4.50840E-03 -4.13974E-09  8.61230E-09 -1.62315E-11  2.94772E-11
  7.800E+00  4.62608E-03 -4.24453E-09  8.35478E-09 -1.67767E-11  2.90120E-11
  7.900E+00  4.74527E-03 -4.34195E-09  8.10235E-09 -1.73062E-11  2.85416E-11
  8.000E+00  4.86597E-03 -4.43232E-09  7.85492E-09 -1.78202E-11  2.80663E-11
  8.100E+00  4.98817E-03 -4.51595E-09  7.61242E-09 -1.83190E-11  2.75866E-11
  8.200E+00  5.11188E-03 -4.59315E-09  7.37477E-09 -1.88025E-11  2.71027E-11
  8.300E+00  5.23711E-03 -4.66419E-09  7.14189E-09 -1.92711E-11  2.66150E-11
  8.400E+00  5.36383E-03 -4.72935E-09  6.91371E-09 -1.97248E-11  2.61239E-11
  8.500E+00  5.49207E-03 -4.78889E-09  6.69016E-09 -2.01639E-11  2.56297E-11
  8.600E+00  5.62181E-03 -4.84305E-09  6.47115E-09 -2.05885E-11  2.51327E-11
  8.700E+00  5.75306E-03 -4.89208E-09  6.25661E-09 -2.09988E-11  2.46332E-11
  8.800E+00  5.88581E-03 -4.93619E-09  6.04648E-09 -2.13949E-11  2.41314E-11
  8.900E+00  6.02007E-03 -4.97560E-09  5.84067E-09 -2.17771E-11  2.36278E-11
  9.000E+00  6.15583E-03 -5.01052E-09  5.63912E-09 -2.21454E-11  2.31226E-11
  9.100E+00  6.29310E-03 -5.04115E-09  5.44175E-09 -2.25001E-11  2.26160E-11
  9.200E+00  6.43187E-03 -5.06767E-09  5.24850E-09 -2.28414E-11  2.21083E-11
  9.300E+00  6.57214E-03 -5.09026E-09  5.05930E-09 -2.31694E-11  2.15998E-11
  9.400E+00  6.71392E-03 -5.10910E-09  4.87407E-09 -2.34843E-11  2.10906E-11
  9.500E+00  6.85720E-03 -5.12436E-09  4.69276E-09 -2.37862E-11  2.05812E-11
  9.600E+00  7.00198E-03 -5.13619E-09  4.51529E-09 -2.40755E-11  2.00716E-11
  9.700E+00  7.14827E-03 -5.14474E-09  4.34159E-09 -2.43521E-11  1.95621E-11
  9.800E+00  7.29605E-03 -5.15016E-09  4.17162E-09 -2.46164E-11  1.90530E-11
  9.900E+00  7.44534E-03 -5.15260E-09  4.00529E-09 -2.48684E-11  1.85444E-11
  1.000E+01  7.59612E-03 -5.15218E-09  3.84254E-09 -2.51084E-11  1.80365E-11
  1.025E+01  7.97965E-03 -5.13946E-09  3.45098E-09 -2.56569E-11  1.67713E-11
  1.050E+01  8.37255E-03 -5.11158E-09  3.08050E-09 -2.61340E-11  1.55149E-11
  1.075E+01  8.77480E-03 -5.07021E-09  2.73020E-09 -2.65424E-11  1.42699E-11
  1.100E+01  9.18641E-03 -5.01691E-09  2.39919E-09 -2.68850E-11  1.30387E-11
  1.125E+01  9.60736E-03 -4.95305E-09  2.08664E-09 -2.71644E-11  1.18236E-11
  1.150E+01  1.00376E-02 -4.87990E-09  1.79172E-09 -2.73832E-11  1.06266E-11
  1.175E+01  1.04773E-02 -4.79860E-09  1.51367E-09 -2.75441E-11  9.44960E-12
  1.200E+01  1.09262E-02 -4.71019E-09  1.25171E-09 -2.76497E-11  8.29419E-12
  1.225E+01  1.13844E-02 -4.61562E-09  1.00514E-09 -2.77025E-11  7.16190E-12
  1.250E+01  1.18520E-02 -4.51574E-09  7.73253E-10 -2.77051E-11  6.05409E-12
  1.275E+01  1.23288E-02 -4.41133E-09  5.55387E-10 -2.76598E-11  4.97197E-12
  1.300E+01  1.28150E-02 -4.30309E-09  3.50901E-10 -2.75691E-11  3.91660E-12
  1.325E+01  1.33104E-02 -4.19168E-09  1.59180E-10 -2.74354E-11  2.88892E-12
  1.350E+01  1.38150E-02 -4.07766E-09 -2.03660E-11 -2.72608E-11  1.88976E-12
  1.375E+01  1.43290E-02 -3.96158E-09 -1.88303E-10 -2.70477E-11  9.19830E-13
  1.400E+01  1.48521E-02 -3.84391E-09 -3.45173E-10 -2.67981E-11 -2.02680E-14
  1.425E+01  1.53845E-02 -3.72510E-09 -4.91497E-10 -2.65143E-11 -9.30025E-13
  1.450E+01  1.59262E-02 -3.60552E-09 -6.27776E-10 -2.61983E-11 -1.80902E-12
  1.475E+01  1.64770E-02 -3.48554E-09 -7.54486E-10 -2.58520E-11 -2.65693E-12
  1.500E+01  1.70371E-02 -3.36549E-09 -8.72087E-10 -2.54774E-11 -3.47350E-12
  1.525E+01  1.76063E-02 -3.24566E-09 -9.81020E-10 -2.50764E-11 -4.25855E-12
  1.550E+01  1.81848E-02 -3.12630E-09 -1.08170E-09 -2.46508E-11 -5.01198E-12
  1.575E+01  1.87724E-02 -3.00765E-09 -1.17454E-09 -2.42023E-11 -5.73373E-12
  1.600E+01  1.93692E-02 -2.88993E-09 -1.25993E-09 -2.37326E-11 -6.42382E-12
  1.625E+01  1.99751E-02 -2.77333E-09 -1.33822E-09 -2.32433E-11 -7.08232E-12
  1.650E+01  2.05901E-02 -2.65802E-09 -1.40978E-09 -2.27362E-11 -7.70936E-12
  1.675E+01  2.12143E-02 -2.54413E-09 -1.47495E-09 -2.22125E-11 -8.30508E-12
  1.700E+01  2.18476E-02 -2.43182E-09 -1.53405E-09 -2.16739E-11 -8.86972E-12
  1.725E+01  2.24900E-02 -2.32120E-09 -1.58739E-09 -2.11217E-11 -9.40351E-12
  1.750E+01  2.31415E-02 -2.21237E-09 -1.63527E-09 -2.05574E-11 -9.90674E-12
  1.775E+01  2.38021E-02 -2.10541E-09 -1.67797E-09 -1.99821E-11 -1.03797E-11
  1.800E+01  2.44717E-02 -2.00042E-09 -1.71578E-09 -1.93972E-11 -1.08228E-11
  1.825E+01  2.51504E-02 -1.89745E-09 -1.74893E-09 -1.88038E-11 -1.12364E-11
  1.850E+01  2.58382E-02 -1.79657E-09 -1.77770E-09 -1.82031E-11 -1.16209E-11
  1.875E+01  2.65349E-02 -1.69781E-09 -1.80231E-09 -1.75963E-11 -1.19767E-11
  1.900E+01  2.72407E-02 -1.60122E-09 -1.82299E-09 -1.69843E-11 -1.23042E-11
  1.925E+01  2.79555E-02 -1.50684E-09 -1.83996E-09 -1.63682E-11 -1.26040E-11
  1.950E+01  2.86793E-02 -1.41467E-09 -1.85342E-09 -1.57490E-11 -1.28764E-11
  1.975E+01  2.94120E-02 -1.32475E-09 -1.86359E-09 -1.51276E-11 -1.31221E-11
  2.000E+01  3.01537E-02 -1.23707E-09 -1.87063E-09 -1.45048E-11 -1.33414E-11
  2.025E+01  3.09043E-02 -1.15166E-09 -1.87475E-09 -1.38815E-11 -1.35350E-11
  2.050E+01  3.16639E-02 -1.06850E-09 -1.87610E-09 -1.32586E-11 -1.37033E-11
  2.075E+01  3.24324E-02 -9.87594E-10 -1.87486E-09 -1.26367E-11 -1.38469E-11
  2.100E+01  3.32098E-02 -9.08937E-10 -1.87118E-09 -1.20166E-11 -1.39664E-11
  2.125E+01  3.39961E-02 -8.32515E-10 -1.86521E-09 -1.13990E-11 -1.40622E-11
  2.150E+01  3.47912E-02 -7.58315E-10 -1.85710E-09 -1.07846E-11 -1.41349E-11
  2.175E+01  3.55952E-02 -6.86317E-10 -1.84698E-09 -1.01739E-11 -1.41851E-11
  2.200E+01  3.64081E-02 -6.16503E-10 -1.83499E-09 -9.56762E-12 -1.42133E-11
  2.225E+01  3.72297E-02 -5.48848E-10 -1.82124E-09 -8.96625E-12 -1.42201E-11
  2.250E+01  3.80602E-02 -4.83329E-10 -1.80586E-09 -8.37032E-12 -1.42061E-11
  2.275E+01  3.88995E-02 -4.19918E-10 -1.78896E-09 -7.78034E-12 -1.41718E-11
  2.300E+01  3.97476E-02 -3.58586E-10 -1.77065E-09 -7.19677E-12 -1.41178E-11
  2.325E+01  4.06044E-02 -2.99304E-10 -1.75103E-09 -6.62006E-12 -1.40445E-11
  2.350E+01  4.14700E-02 -2.42040E-10 -1.73019E-09 -6.05062E-12 -1.39527E-11
  2.375E+01  4.23443E-02 -1.86761E-10 -1.70824E-09 -5.48884E-12 -1.38427E-11
  2.400E+01  4.32273E-02 -1.33434E-10 -1.68525E-09 -4.93510E-12 -1.37153E-11
  2.425E+01  4.41190E-02 -8.20250E-11 -1.66132E-09 -4.38971E-12 -1.35708E-11
  2.450E+01  4.50194E-02 -3.24983E-11 -1.63652E-09 -3.85302E-12 -1.34099E-11
  2.475E+01  4.59284E-02  1.51817E-11 -1.61093E-09 -3.32531E-12 -1.32330E-11
  2.500E+01  4.68461E-02  6.10510E-11 -1.58462E-09 -2.80685E-12 -1.30408E-11
  2.550E+01  4.87074E-02  1.47504E-10 -1.53012E-09 -1.79871E-12 -1.26122E-11
  2.600E+01  5.06030E-02  2.27156E-10 -1.47353E-09 -8.30396E-13 -1.21281E-11
  2.650E+01  5.25328E-02  3.00303E-10 -1.41530E-09  9.65704E-14 -1.15926E-11
  2.700E+01  5.44967E-02  3.67241E-10 -1.35585E-09  9.80942E-13 -1.10094E-11
  2.750E+01  5.64946E-02  4.28264E-10 -1.29554E-09  1.82172E-12 -1.03824E-11
  2.800E+01  5.85262E-02  4.83661E-10 -1.23472E-09  2.61812E-12 -9.71506E-12
  2.850E+01  6.05914E-02  5.33718E-10 -1.17366E-09  3.36957E-12 -9.01097E-12
  2.900E+01  6.26901E-02  5.78711E-10 -1.11263E-09  4.07571E-12 -8.27346E-12
  2.950E+01  6.48222E-02  6.18913E-10 -1.05187E-09  4.73630E-12 -7.50575E-12
  3.000E+01  6.69873E-02  6.54587E-10 -9.91587E-10  5.35131E-12 -6.71094E-12
  3.050E+01  6.91854E-02  6.85988E-10 -9.31955E-10  5.92082E-12 -5.89200E-12
  3.100E+01  7.14163E-02  7.13363E-10 -8.73136E-10  6.44505E-12 -5.05176E-12
  3.150E+01  7.36799E-02  7.36951E-10 -8.15268E-10  6.92433E-12 -4.19293E-12
  3.200E+01  7.59760E-02  7.56980E-10 -7.58472E-10  7.35912E-12 -3.31810E-12
  3.250E+01  7.83043E-02  7.73670E-10 -7.02850E-10  7.74993E-12 -2.42973E-12
  3.300E+01  8.06647E-02  7.87234E-10 -6.48492E-10  8.09740E-12 -1.53015E-12
  3.350E+01  8.30571E-02  7.97873E-10 -5.95471E-10  8.40221E-12 -6.21578E-13
  3.400E+01  8.54812E-02  8.05780E-10 -5.43850E-10  8.66512E-12  2.93868E-13
  3.450E+01  8.79369E-02  8.11142E-10 -4.93678E-10  8.88695E-12  1.21420E-12
  3.500E+01  9.04240E-02  8.14134E-10 -4.44995E-10  9.06857E-12  2.13754E-12
  3.550E+01  9.29422E-02  8.14924E-10 -3.97833E-10  9.21090E-12  3.06210E-12
  3.600E+01  9.54915E-02  8.13672E-10 -3.52215E-10  9.31487E-12  3.98620E-12
  3.650E+01  9.80716E-02  8.10531E-10 -3.08155E-10  9.38149E-12  4.90828E-12
  3.700E+01  1.00682E-01  8.05644E-10 -2.65662E-10  9.41174E-12  5.82684E-12
  3.750E+01  1.03323E-01  7.99149E-10 -2.24739E-10  9.40668E-12  6.74050E-12
  3.800E+01  1.05995E-01  7.91175E-10 -1.85383E-10  9.36734E-12  7.64796E-12
  3.850E+01  1.08696E-01  7.81845E-10 -1.47587E-10  9.29478E-12  8.54799E-12
  3.900E+01  1.11427E-01  7.71277E-10 -1.11338E-10  9.19009E-12  9.43947E-12
  3.950E+01  1.14188E-01  7.59579E-10 -7.66222E-11  9.05433E-12  1.03213E-11
  4.000E+01  1.16978E-01  7.46856E-10 -4.34202E-11  8.88859E-12  1.11926E-11
  4.050E+01  1.19797E-01  7.33206E-10 -1.17106E-11  8.69395E-12  1.20524E-11
  4.100E+01  1.22645E-01  7.18721E-10  1.85304E-11  8.47149E-12  1.28998E-11
  4.150E+01  1.25522E-01  7.03488E-10  4.73290E-11  8.22228E-12  1.37341E-11
  4.200E+01  1.28428E-01  6.87590E-10  7.47132E-11  7.94739E-12  1.45546E-11
  4.250E+01  1.31361E-01  6.71102E-10  1.00712E-10  7.64789E-12  1.53606E-11
  4.300E+01  1.34323E-01  6.54098E-10  1.25357E-10  7.32481E-12  1.61515E-11
  4.350E+01  1.37313E-01  6.36646E-10  1.48680E-10  6.97920E-12  1.69268E-11
  4.400E+01  1.40330E-01  6.18809E-10  1.70713E-10  6.61208E-12  1.76860E-11
  4.450E+01  1.43375E-01  6.00646E-10  1.91489E-10  6.22446E-12  1.84286E-11
  4.500E+01  1.46447E-01  5.82214E-10  2.11044E-10  5.81733E-12  1.91544E-11
  4.550E+01  1.49545E-01  5.63565E-10  2.29410E-10  5.39167E-12  1.98628E-11
  4.600E+01  1.52671E-01  5.44747E-10  2.46623E-10  4.94844E-12  2.05537E-11
  4.650E+01  1.55823E-01  5.25806E-10  2.62717E-10  4.48859E-12  2.12267E-11
  4.700E+01  1.59001E-01  5.06784E-10  2.77726E-10  4.01304E-12  2.18817E-11
  4.750E+01  1.62205E-01  4.87720E-10  2.91686E-10  3.52269E-12  2.25184E-11
  4.800E+01  1.65435E-01  4.68651E-10  3.04630E-10  3.01843E-12  2.31367E-11
  4.850E+01  1.68690E-01  4.49611E-10  3.16592E-10  2.50112E-12  2.37365E-11
  4.900E+01  1.71970E-01  4.30632E-10  3.27606E-10  1.97161E-12  2.43176E-11
  4.950E+01  1.75276E-01  4.11741E-10  3.37706E-10  1.43073E-12  2.48801E-11
  5.000E+01  1.78606E-01  3.92967E-10  3.46924E-10  8.79280E-13  2.54238E-11
  5.050E+01  1.81961E-01  3.74332E-10  3.55292E-10  3.18044E-13  2.59488E-11
  5.100E+01  1.85340E-01  3.55861E-10  3.62842E-10 -2.52213E-13  2.64550E-11
  5.150E+01  1.88743E-01  3.37574E-10  3.69605E-10 -8.30748E-13  2.69426E-11
  5.200E+01  1.92169E-01  3.19490E-10  3.75613E-10 -1.41684E-12  2.74115E-11
  5.250E+01  1.95619E-01  3.01626E-10  3.80894E-10 -2.00978E-12  2.78619E-11
  5.300E+01  1.99092E-01  2.83998E-10  3.85479E-10 -2.60889E-12  2.82939E-11
  5.350E+01  2.02589E-01  2.66619E-10  3.89396E-10 -3.21350E-12  2.87075E-11
  5.400E+01  2.06107E-01  2.49504E-10  3.92672E-10 -3.82298E-12  2.91028E-11
  5.450E+01  2.09649E-01  2.32663E-10  3.95336E-10 -4.43671E-12  2.94801E-11
  5.500E+01  2.13212E-01  2.16106E-10  3.97413E-10 -5.05407E-12  2.98395E-11
  5.550E+01  2.16797E-01  1.99843E-10  3.98930E-10 -5.67448E-12  3.01812E-11
  5.600E+01  2.20404E-01  1.83882E-10  3.99912E-10 -6.29739E-12  3.05052E-11
  5.650E+01  2.24032E-01  1.68229E-10  4.00383E-10 -6.92224E-12  3.08120E-11
  5.700E+01  2.27680E-01  1.52891E-10  4.00367E-10 -7.54851E-12  3.11015E-11
  5.750E+01  2.31350E-01  1.37872E-10  3.99888E-10 -8.17568E-12  3.13742E-11
  5.800E+01  2.35040E-01  1.23178E-10  3.98967E-10 -8.80327E-12  3.16301E-11
  5.850E+01  2.38751E-01  1.08811E-10  3.97627E-10 -9.43080E-12  3.18695E-11
  5.900E+01  2.42481E-01  9.47741E-11  3.95889E-10 -1.00578E-11  3.20926E-11
  5.950E+01  2.46231E-01  8.10696E-11  3.93772E-10 -1.06839E-11  3.22998E-11
  6.000E+01  2.50000E-01  6.76989E-11  3.91298E-10 -1.13085E-11  3.24912E-11
  6.050E+01  2.53788E-01  5.46627E-11  3.88484E-10 -1.19314E-11  3.26671E-11
  6.100E+01  2.57595E-01  4.19615E-11  3.85349E-10 -1.25521E-11  3.28278E-11
  6.150E+01  2.61421E-01  2.95948E-11  3.81912E-10 -1.31703E-11  3.29735E-11
  6.200E+01  2.65264E-01  1.75621E-11  3.78190E-10 -1.37855E-11  3.31044E-11
  6.250E+01  2.69126E-01  5.86216E-12  3.74198E-10 -1.43975E-11  3.32210E-11
  6.300E+01  2.73005E-01 -5.50650E-12  3.69954E-10 -1.50059E-11  3.33234E-11
  6.350E+01  2.76901E-01 -1.65458E-11  3.65473E-10 -1.56103E-11  3.34119E-11
  6.400E+01  2.80814E-01 -2.72581E-11  3.60769E-10 -1.62106E-11  3.34869E-11
  6.450E+01  2.84744E-01 -3.76458E-11  3.55858E-10 -1.68063E-11  3.35485E-11
  6.500E+01  2.88691E-01 -4.77120E-11  3.50752E-10 -1.73972E-11  3.35970E-11
  6.550E+01  2.92653E-01 -5.74597E-11  3.45466E-10 -1.79831E-11  3.36328E-11
  6.600E+01  2.96632E-01 -6.68923E-11  3.40012E-10 -1.85637E-11  3.36562E-11
  6.650E+01  3.00625E-01 -7.60134E-11  3.34402E-10 -1.91388E-11  3.36673E-11
  6.700E+01  3.04634E-01 -8.48268E-11  3.28649E-10 -1.97081E-11  3.36666E-11
  6.750E+01  3.08658E-01 -9.33366E-11  3.22764E-10 -2.02713E-11  3.36542E-11
  6.800E+01  3.12697E-01 -1.01547E-10  3.16757E-10 -2.08284E-11  3.36304E-11
  6.850E+01  3.16749E-01 -1.09462E-10  3.10639E-10 -2.13791E-11  3.35956E-11
  6.900E+01  3.20816E-01 -1.17086E-10  3.04421E-10 -2.19232E-11  3.35501E-11
  6.950E+01  3.24896E-01 -1.24424E-10  2.98112E-10 -2.24606E-11  3.34940E-11
  7.000E+01  3.28990E-01 -1.31480E-10  2.91721E-10 -2.29910E-11  3.34277E-11
  7.050E+01  3.33097E-01 -1.38259E-10  2.85256E-10 -2.35144E-11  3.33514E-11
  7.100E+01  3.37216E-01 -1.44767E-10  2.78728E-10 -2.40305E-11  3.32655E-11
  7.150E+01  3.41348E-01 -1.51007E-10  2.72143E-10 -2.45393E-11  3.31701E-11
  7.200E+01  3.45492E-01 -1.56984E-10  2.65509E-10 -2.50406E-11  3.30656E-11
  7.250E+01  3.49647E-01 -1.62705E-10  2.58834E-10 -2.55343E-11  3.29523E-11
  7.300E+01  3.53814E-01 -1.68173E-10  2.52125E-10 -2.60203E-11  3.28303E-11
  7.350E+01  3.57992E-01 -1.73394E-10  2.45389E-10 -2.64985E-11  3.27000E-11
  7.400E+01  3.62181E-01 -1.78372E-10  2.38631E-10 -2.69687E-11  3.25615E-11
  7.450E+01  3.66381E-01 -1.83113E-10  2.31859E-10 -2.74310E-11  3.24153E-11
  7.500E+01  3.70590E-01 -1.87622E-10  2.25078E-10 -2.78851E-11  3.22614E-11
  7.550E+01  3.74810E-01 -1.91904E-10  2.18294E-10 -2.83311E-11  3.21003E-11
  7.600E+01  3.79039E-01 -1.95963E-10  2.11511E-10 -2.87688E-11  3.19320E-11
  7.650E+01  3.83277E-01 -1.99805E-10  2.04736E-10 -2.91983E-11  3.17569E-11
  7.700E+01  3.87524E-01 -2.03436E-10  1.97972E-10 -2.96194E-11  3.15752E-11
  7.750E+01  3.91780E-01 -2.06858E-10  1.91225E-10 -3.00321E-11  3.13871E-11
  7.800E+01  3.96044E-01 -2.10079E-10  1.84498E-10 -3.04364E-11  3.11928E-11
  7.850E+01  4.00316E-01 -2.13102E-10  1.77795E-10 -3.08322E-11  3.09927E-11
  7.900E+01  4.04596E-01 -2.15932E-10  1.71122E-10 -3.12195E-11  3.07869E-11
  7.950E+01  4.08882E-01 -2.18575E-10  1.64480E-10 -3.15983E-11  3.05756E-11
  8.000E+01  4.13176E-01 -2.21035E-10  1.57874E-10 -3.19684E-11  3.03591E-11
  8.050E+01  4.17476E-01 -2.23316E-10  1.51306E-10 -3.23301E-11  3.01376E-11
  8.100E+01  4.21783E-01 -2.25424E-10  1.44781E-10 -3.26831E-11  2.99112E-11
  8.150E+01  4.26095E-01 -2.27362E-10  1.38300E-10 -3.30275E-11  2.96803E-11
  8.200E+01  4.30413E-01 -2.29136E-10  1.31867E-10 -3.33634E-11  2.94450E-11
  8.250E+01  4.34737E-01 -2.30749E-10  1.25484E-10 -3.36906E-11  2.92054E-11
  8.300E+01  4.39065E-01 -2.32207E-10  1.19153E-10 -3.40092E-11  2.89619E-11
  8.350E+01  4.43398E-01 -2.33514E-10  1.12876E-10 -3.43193E-11  2.87146E-11
  8.400E+01  4.47736E-01 -2.34673E-10  1.06656E-10 -3.46208E-11  2.84637E-11
  8.450E+01  4.52077E-01 -2.35690E-10  1.00495E-10 -3.49137E-11  2.82093E-11
  8.500E+01  4.56422E-01 -2.36568E-10  9.43940E-11 -3.51980E-11  2.79517E-11
  8.550E+01  4.60770E-01 -2.37311E-10  8.83549E-11 -3.54739E-11  2.76911E-11
  8.600E+01  4.65122E-01 -2.37924E-10  8.23793E-11 -3.57413E-11  2.74275E-11
  8.650E+01  4.69476E-01 -2.38410E-10  7.64686E-11 -3.60002E-11  2.71613E-11
  8.700E+01  4.73832E-01 -2.38773E-10  7.06240E-11 -3.62506E-11  2.68925E-11
  8.750E+01  4.78190E-01 -2.39017E-10  6.48468E-11 -3.64927E-11  2.66214E-11
  8.800E+01  4.82550E-01 -2.39147E-10  5.91380E-11 -3.67264E-11  2.63480E-11
  8.850E+01  4.86912E-01 -2.39164E-10  5.34986E-11 -3.69518E-11  2.60726E-11
  8.900E+01  4.91274E-01 -2.39074E-10  4.79295E-11 -3.71689E-11  2.57953E-11
  8.950E+01  4.95637E-01 -2.38879E-10  4.24313E-11 -3.73777E-11  2.55163E-11
  9.000E+01  5.00000E-01 -2.38583E-10  3.70049E-11 -3.75784E-11  2.52357E-11
  9.050E+01  5.04363E-01 -2.38190E-10  3.16507E-11 -3.77709E-11  2.49536E-11
  9.100E+01  5.08726E-01 -2.37703E-10  2.63694E-11 -3.79553E-11  2.46702E-11
  9.150E+01  5.13088E-01 -2.37125E-10  2.11614E-11 -3.81317E-11  2.43857E-11
  9.200E+01  5.17450E-01 -2.36459E-10  1.60270E-11 -3.83001E-11  2.41001E-11
  9.250E+01  5.21810E-01 -2.35708E-10  1.09665E-11 -3.84605E-11  2.38136E-11
  9.300E+01  5.26168E-01 -2.34876E-10  5.98014E-12 -3.86131E-11  2.35264E-11
  9.350E+01  5.30524E-01 -2.33965E-10  1.06810E-12 -3.87578E-11  2.32385E-11
  9.400E+01  5.34878E-01 -2.32979E-10 -3.76952E-12 -3.88948E-11  2.29502E-11
  9.450E+01  5.39230E-01 -2.31920E-10 -8.53268E-12 -3.90241E-11  2.26614E-11
  9.500E+01  5.43578E-01 -2.30791E-10 -1.32214E-11 -3.91457E-11  2.23723E-11
  9.550E+01  5.47923E-01 -2.29594E-10 -1.78358E-11 -3.92597E-11  2.20831E-11
  9.600E+01  5.52264E-01 -2.28334E-10 -2.23759E-11 -3.93662E-11  2.17939E-11
  9.650E+01  5.56602E-01 -2.27011E-10 -2.68419E-11 -3.94653E-11  2.15046E-11
  9.700E+01  5.60935E-01 -2.25629E-10 -3.12340E-11 -3.95570E-11  2.12156E-11
  9.750E+01  5.65263E-01 -2.24190E-10 -3.55525E-11 -3.96414E-11  2.09268E-11
  9.800E+01  5.69587E-01 -2.22696E-10 -3.97976E-11 -3.97185E-11  2.06384E-11
  9.850E+01  5.73905E-01 -2.21151E-10 -4.39698E-11 -3.97884E-11  2.03505E-11
  9.900E+01  5.78217E-01 -2.19555E-10 -4.80693E-11 -3.98512E-11  2.00631E-11
  9.950E+01  5.82524E-01 -2.17912E-10 -5.20966E-11 -3.99070E-11  1.97763E-11
  1.000E+02  5.86824E-01 -2.16224E-10 -5.60521E-11 -3.99558E-11  1.94903E-11
  1.005E+02  5.91118E-01 -2.14493E-10 -5.99363E-11 -3.99977E-11  1.92051E-11
  1.010E+02  5.95404E-01 -2.12720E-10 -6.37496E-11 -4.00327E-11  1.89209E-11
  1.015E+02  5.99684E-01 -2.10909E-10 -6.74926E-11 -4.00610E-11  1.86376E-11
  1.020E+02  6.03956E-01 -2.09060E-10 -7.11658E-11 -4.00826E-11  1.83554E-11
  1.025E+02  6.08220E-01 -2.07176E-10 -7.47698E-11 -4.00976E-11  1.80743E-11
  1.030E+02  6.12476E-01 -2.05259E-10 -7.83053E-11 -4.01060E-11  1.77945E-11
  1.035E+02  6.16723E-01 -2.03311E-10 -8.17727E-11 -4.01080E-11  1.75160E-11
  1.040E+02  6.20961E-01 -2.01333E-10 -8.51727E-11 -4.01035E-11  1.72388E-11
  1.045E+02  6.25190E-01 -1.99327E-10 -8.85061E-11 -4.00928E-11  1.69630E-11
  1.050E+02  6.29410E-01 -1.97295E-10 -9.17733E-11 -4.00757E-11  1.66888E-11
  1.055E+02  6.33619E-01 -1.95238E-10 -9.49753E-11 -4.00525E-11  1.64160E-11
  1.060E+02  6.37819E-01 -1.93159E-10 -9.81125E-11 -4.00232E-11  1.61450E-11
  1.065E+02  6.42008E-01 -1.91057E-10 -1.01186E-10 -3.99878E-11  1.58756E-11
  1.070E+02  6.46186E-01 -1.88936E-10 -1.04196E-10 -3.99464E-11  1.56079E-11
  1.075E+02  6.50353E-01 -1.86797E-10 -1.07143E-10 -3.98992E-11  1.53420E-11
  1.080E+02  6.54508E-01 -1.84640E-10 -1.10029E-10 -3.98462E-11  1.50779E-11
  1.085E+02  6.58652E-01 -1.82468E-10 -1.12854E-10 -3.97873E-11  1.48158E-11
  1.090E+02  6.62784E-01 -1.80282E-10 -1.15618E-10 -3.97229E-11  1.45555E-11
  1.095E+02  6.66903E-01 -1.78083E-10 -1.18323E-10 -3.96528E-11  1.42973E-11
  1.100E+02  6.71010E-01 -1.75871E-10 -1.20969E-10 -3.95772E-11  1.40411E-11
  1.105E+02  6.75104E-01 -1.73650E-10 -1.23558E-10 -3.94961E-11  1.37869E-11
  1.110E+02  6.79184E-01 -1.71419E-10 -1.26089E-10 -3.94096E-11  1.35349E-11
  1.115E+02  6.83251E-01 -1.69180E-10 -1.28563E-10 -3.93178E-11  1.32850E-11
  1.120E+02  6.87303E-01 -1.66934E-10 -1.30982E-10 -3.92208E-11  1.30373E-11
  1.125E+02  6.91342E-01 -1.64682E-10 -1.33347E-10 -3.91186E-11  1.27918E-11
  1.130E+02  6.95366E-01 -1.62425E-10 -1.35657E-10 -3.90113E-11  1.25486E-11
  1.135E+02  6.99375E-01 -1.60164E-10 -1.37914E-10 -3.88989E-11  1.23077E-11
  1.140E+02  7.03368E-01 -1.57901E-10 -1.40118E-10 -3.87816E-11  1.20691E-11
  1.145E+02  7.07347E-01 -1.55635E-10 -1.42271E-10 -3.86593E-11  1.18328E-11
  1.150E+02  7.11309E-01 -1.53369E-10 -1.44373E-10 -3.85323E-11  1.15989E-11
  1.155E+02  7.15256E-01 -1.51102E-10 -1.46425E-10 -3.84005E-11  1.13674E-11
  1.160E+02  7.19186E-01 -1.48837E-10 -1.48428E-10 -3.82640E-11  1.11384E-11
  1.165E+02  7.23099E-01 -1.46572E-10 -1.50382E-10 -3.81228E-11  1.09117E-11
  1.170E+02  7.26995E-01 -1.44311E-10 -1.52289E-10 -3.79771E-11  1.06876E-11
  1.175E+02  7.30874E-01 -1.42052E-10 -1.54149E-10 -3.78269E-11  1.04660E-11
  1.180E+02  7.34736E-01 -1.39798E-10 -1.55962E-10 -3.76723E-11  1.02468E-11
  1.185E+02  7.38579E-01 -1.37548E-10 -1.57730E-10 -3.75133E-11  1.00302E-11
  1.190E+02  7.42405E-01 -1.35304E-10 -1.59454E-10 -3.73500E-11  9.81614E-12
  1.195E+02  7.46212E-01 -1.33065E-10 -1.61134E-10 -3.71825E-11  9.60463E-12
  1.200E+02  7.50000E-01 -1.30834E-10 -1.62771E-10 -3.70108E-11  9.39569E-12
  1.205E+02  7.53769E-01 -1.28610E-10 -1.64365E-10 -3.68350E-11  9.18934E-12
  1.210E+02  7.57519E-01 -1.26394E-10 -1.65918E-10 -3.66551E-11  8.98558E-12
  1.215E+02  7.61249E-01 -1.24186E-10 -1.67430E-10 -3.64713E-11  8.78442E-12
  1.220E+02  7.64960E-01 -1.21988E-10 -1.68902E-10 -3.62836E-11  8.58588E-12
  1.225E+02  7.68650E-01 -1.19800E-10 -1.70335E-10 -3.60920E-11  8.38996E-12
  1.230E+02  7.72320E-01 -1.17621E-10 -1.71730E-10 -3.58966E-11  8.19667E-12
  1.235E+02  7.75968E-01 -1.15454E-10 -1.73086E-10 -3.56974E-11  8.00602E-12
  1.240E+02  7.79596E-01 -1.13298E-10 -1.74406E-10 -3.54946E-11  7.81800E-12
  1.245E+02  7.83203E-01 -1.11153E-10 -1.75689E-10 -3.52881E-11  7.63262E-12
  1.250E+02  7.86788E-01 -1.09021E-10 -1.76936E-10 -3.50781E-11  7.44989E-12
  1.255E+02  7.90351E-01 -1.06901E-10 -1.78149E-10 -3.48646E-11  7.26980E-12
  1.260E+02  7.93893E-01 -1.04795E-10 -1.79327E-10 -3.46476E-11  7.09236E-12
  1.265E+02  7.97411E-01 -1.02702E-10 -1.80472E-10 -3.44272E-11  6.91756E-12
  1.270E+02  8.00908E-01 -1.00623E-10 -1.81583E-10 -3.42035E-11  6.74541E-12
  1.275E+02  8.04381E-01 -9.85576E-11 -1.82663E-10 -3.39766E-11  6.57589E-12
  1.280E+02  8.07831E-01 -9.65072E-11 -1.83711E-10 -3.37463E-11  6.40902E-12
  1.285E+02  8.11257E-01 -9.44717E-11 -1.84728E-10 -3.35130E-11  6.24478E-12
  1.290E+02  8.14660E-01 -9.24515E-11 -1.85715E-10 -3.32765E-11  6.08317E-12
  1.295E+02  8.18039E-01 -9.04468E-11 -1.86672E-10 -3.30369E-11  5.92419E-12
  1.300E+02  8.21394E-01 -8.84580E-11 -1.87600E-10 -3.27943E-11  5.76782E-12
  1.305E+02  8.24724E-01 -8.64853E-11 -1.88500E-10 -3.25487E-11  5.61406E-12
  1.310E+02  8.28030E-01 -8.45291E-11 -1.89372E-10 -3.23003E-11  5.46291E-12
  1.315E+02  8.31310E-01 -8.25895E-11 -1.90217E-10 -3.20490E-11  5.31434E-12
  1.320E+02  8.34565E-01 -8.06669E-11 -1.91036E-10 -3.17948E-11  5.16837E-12
  1.325E+02  8.37795E-01 -7.87615E-11 -1.91828E-10 -3.15379E-11  5.02496E-12
  1.330E+02  8.40999E-01 -7.68735E-11 -1.92595E-10 -3.12783E-11  4.88412E-12
  1.335E+02  8.44177E-01 -7.50031E-11 -1.93338E-10 -3.10160E-11  4.74583E-12
  1.340E+02  8.47329E-01 -7.31505E-11 -1.94057E-10 -3.07511E-11  4.61007E-12
  1.345E+02  8.50455E-01 -7.13160E-11 -1.94751E-10 -3.04837E-11  4.47685E-12
  1.350E+02  8.53553E-01 -6.94996E-11 -1.95423E-10 -3.02137E-11  4.34613E-12
  1.355E+02  8.56625E-01 -6.77017E-11 -1.96073E-10 -2.99412E-11  4.21792E-12
  1.360E+02  8.59670E-01 -6.59223E-11 -1.96700E-10 -2.96663E-11  4.09218E-12
  1.365E+02  8.62687E-01 -6.41616E-11 -1.97306E-10 -2.93890E-11  3.96892E-12
  1.370E+02  8.65677E-01 -6.24198E-11 -1.97891E-10 -2.91094E-11  3.84811E-12
  1.375E+02  8.68639E-01 -6.06970E-11 -1.98456E-10 -2.88274E-11  3.72973E-12
  1.380E+02  8.71572E-01 -5.89933E-11 -1.99001E-10 -2.85432E-11  3.61378E-12
  1.385E+02  8.74478E-01 -5.73089E-11 -1.99527E-10 -2.82568E-11  3.50022E-12
  1.390E+02  8.77355E-01 -5.56439E-11 -2.00034E-10 -2.79682E-11  3.38905E-12
  1.395E+02  8.80203E-01 -5.39983E-11 -2.00522E-10 -2.76775E-11  3.28025E-12
  1.400E+02  8.83022E-01 -5.23724E-11 -2.00993E-10 -2.73847E-11  3.17379E-12
  1.405E+02  8.85812E-01 -5.07661E-11 -2.01446E-10 -2.70898E-11  3.06966E-12
  1.410E+02  8.88573E-01 -4.91797E-11 -2.01883E-10 -2.67930E-11  2.96783E-12
  1.415E+02  8.91304E-01 -4.76131E-11 -2.02302E-10 -2.64941E-11  2.86830E-12
  1.420E+02  8.94005E-01 -4.60665E-11 -2.02706E-10 -2.61933E-11  2.77102E-12
  1.425E+02  8.96677E-01 -4.45399E-11 -2.03095E-10 -2.58907E-11  2.67600E-12
  1.430E+02  8.99318E-01 -4.30334E-11 -2.03468E-10 -2.55861E-11  2.58320E-12
  1.435E+02  9.01928E-01 -4.15470E-11 -2.03826E-10 -2.52798E-11  2.49260E-12
  1.440E+02  9.04508E-01 -4.00809E-11 -2.04170E-10 -2.49717E-11  2.40418E-12
  1.445E+02  9.07058E-01 -3.86350E-11 -2.04501E-10 -2.46618E-11  2.31791E-12
  1.450E+02  9.09576E-01 -3.72094E-11 -2.04817E-10 -2.43502E-11  2.23378E-12
  1.455E+02  9.12063E-01 -3.58042E-11 -2.05121E-10 -2.40369E-11  2.15176E-12
  1.460E+02  9.14519E-01 -3.44194E-11 -2.05412E-10 -2.37220E-11  2.07183E-12
  1.465E+02  9.16943E-01 -3.30550E-11 -2.05691E-10 -2.34055E-11  1.99395E-12
  1.470E+02  9.19335E-01 -3.17111E-11 -2.05958E-10 -2.30874E-11  1.91812E-12
  1.475E+02  9.21696E-01 -3.03877E-11 -2.06213E-10 -2.27678E-11  1.84430E-12
  1.480E+02  9.24024E-01 -2.90848E-11 -2.06457E-10 -2.24467E-11  1.77246E-12
  1.485E+02  9.26320E-01 -2.78024E-11 -2.06690E-10 -2.21241E-11  1.70259E-12
  1.490E+02  9.28584E-01 -2.65406E-11 -2.06913E-10 -2.18000E-11  1.63466E-12
  1.495E+02  9.30815E-01 -2.52993E-11 -2.07125E-10 -2.14746E-11  1.56864E-12
  1.500E+02  9.33013E-01 -2.40786E-11 -2.07328E-10 -2.11477E-11  1.50450E-12
  1.505E+02  9.35178E-01 -2.28786E-11 -2.07522E-10 -2.08196E-11  1.44222E-12
  1.510E+02  9.37310E-01 -2.16991E-11 -2.07706E-10 -2.04901E-11  1.38177E-12
  1.515E+02  9.39409E-01 -2.05401E-11 -2.07881E-10 -2.01593E-11  1.32313E-12
  1.520E+02  9.41474E-01 -1.94018E-11 -2.08048E-10 -1.98272E-11  1.26626E-12
  1.525E+02  9.43505E-01 -1.82841E-11 -2.08206E-10 -1.94940E-11  1.21114E-12
  1.530E+02  9.45503E-01 -1.71870E-11 -2.08357E-10 -1.91595E-11  1.15775E-12
  1.535E+02  9.47467E-01 -1.61105E-11 -2.08500E-10 -1.88239E-11  1.10605E-12
  1.540E+02  9.49397E-01 -1.50545E-11 -2.08636E-10 -1.84871E-11  1.05601E-12
  1.545E+02  9.51293E-01 -1.40192E-11 -2.08764E-10 -1.81492E-11  1.00762E-12
  1.550E+02  9.53154E-01 -1.30044E-11 -2.08886E-10 -1.78102E-11  9.60831E-13
  1.555E+02  9.54981E-01 -1.20101E-11 -2.09001E-10 -1.74702E-11  9.15624E-13
  1.560E+02  9.56773E-01 -1.10364E-11 -2.09110E-10 -1.71291E-11  8.71968E-13
  1.565E+02  9.58530E-01 -1.00832E-11 -2.09213E-10 -1.67871E-11  8.29835E-13
  1.570E+02  9.60252E-01 -9.15051E-12 -2.09310E-10 -1.64440E-11  7.89195E-13
  1.575E+02  9.61940E-01 -8.23832E-12 -2.09401E-10 -1.61000E-11  7.50019E-13
  1.580E+02  9.63592E-01 -7.34660E-12 -2.09487E-10 -1.57551E-11  7.12277E-13
  1.585E+02  9.65209E-01 -6.47534E-12 -2.09568E-10 -1.54092E-11  6.75939E-13
  1.590E+02  9.66790E-01 -5.62452E-12 -2.09644E-10 -1.50625E-11  6.40975E-13
  1.595E+02  9.68336E-01 -4.79412E-12 -2.09716E-10 -1.47150E-11  6.07356E-13
  1.600E+02  9.69846E-01 -3.98411E-12 -2.09783E-10 -1.43665E-11  5.75050E-13
  1.605E+02  9.71321E-01 -3.19448E-12 -2.09846E-10 -1.40173E-11  5.44028E-13
  1.610E+02  9.72759E-01 -2.42521E-12 -2.09904E-10 -1.36673E-11  5.14259E-13
  1.615E+02  9.74162E-01 -1.67627E-12 -2.09959E-10 -1.33166E-11  4.85713E-13
  1.620E+02  9.75528E-01 -9.47638E-13 -2.10011E-10 -1.29651E-11  4.58358E-13
  1.625E+02  9.76858E-01 -2.39300E-13 -2.10058E-10 -1.26129E-11  4.32164E-13
  1.630E+02  9.78152E-01  4.48770E-13 -2.10103E-10 -1.22600E-11  4.07099E-13
  1.635E+02  9.79410E-01  1.11660E-12 -2.10144E-10 -1.19065E-11  3.83133E-13
  1.640E+02  9.80631E-01  1.76420E-12 -2.10182E-10 -1.15523E-11  3.60235E-13
  1.645E+02  9.81815E-01  2.39160E-12 -2.10218E-10 -1.11974E-11  3.38373E-13
  1.650E+02  9.82963E-01  2.99883E-12 -2.10251E-10 -1.08420E-11  3.17515E-13
  1.655E+02  9.84074E-01  3.58590E-12 -2.10281E-10 -1.04860E-11  2.97630E-13
  1.660E+02  9.85148E-01  4.15283E-12 -2.10309E-10 -1.01294E-11  2.78687E-13
  1.665E+02  9.86185E-01  4.69965E-12 -2.10335E-10 -9.77234E-12  2.60654E-13
  1.670E+02  9.87185E-01  5.22639E-12 -2.10359E-10 -9.41471E-12  2.43499E-13
  1.675E+02  9.88148E-01  5.73305E-12 -2.10380E-10 -9.05660E-12  2.27190E-13
  1.680E+02  9.89074E-01  6.21966E-12 -2.10400E-10 -8.69800E-12  2.11695E-13
  1.685E+02  9.89962E-01  6.68625E-12 -2.10419E-10 -8.33895E-12  1.96982E-13
  1.690E+02  9.90814E-01  7.13282E-12 -2.10435E-10 -7.97947E-12  1.83019E-13
  1.695E+02  9.91627E-01  7.55940E-12 -2.10450E-10 -7.61957E-12  1.69775E-13
  1.700E+02  9.92404E-01  7.96601E-12 -2.10464E-10 -7.25927E-12  1.57216E-13
  1.705E+02  9.93143E-01  8.35267E-12 -2.10477E-10 -6.89860E-12  1.45310E-13
  1.710E+02  9.93844E-01  8.71939E-12 -2.10488E-10 -6.53758E-12  1.34026E-13
  1.715E+02  9.94508E-01  9.06619E-12 -2.10498E-10 -6.17622E-12  1.23330E-13
  1.720E+02  9.95134E-01  9.39309E-12 -2.10507E-10 -5.81454E-12  1.13191E-13
  1.725E+02  9.95722E-01  9.70009E-12 -2.10515E-10 -5.45256E-12  1.03575E-13
  1.730E+02  9.96273E-01  9.98722E-12 -2.10522E-10 -5.09030E-12  9.44509E-14
  1.735E+02  9.96786E-01  1.02545E-11 -2.10529E-10 -4.72779E-12  8.57853E-14
  1.740E+02  9.97261E-01  1.05019E-11 -2.10535E-10 -4.36503E-12  7.75459E-14
  1.745E+02  9.97698E-01  1.07295E-11 -2.10540E-10 -4.00206E-12  6.96999E-14
  1.750E+02  9.98097E-01  1.09372E-11 -2.10544E-10 -3.63888E-12  6.22147E-14
  1.755E+02  9.98459E-01  1.11252E-11 -2.10548E-10 -3.27551E-12  5.50576E-14
  1.760E+02  9.98782E-01  1.12933E-11 -2.10551E-10 -2.91198E-12  4.81959E-14
  1.765E+02  9.99067E-01  1.14416E-11 -2.10554E-10 -2.54831E-12  4.15967E-14
  1.770E+02  9.99315E-01  1.15702E-11 -2.10557E-10 -2.18450E-12  3.52274E-14
  1.775E+02  9.99524E-01  1.16789E-11 -2.10559E-10 -1.82059E-12  2.90551E-14
  1.780E+02  9.99695E-01  1.17679E-11 -2.10560E-10 -1.45658E-12  2.30470E-14
  1.785E+02  9.99829E-01  1.18371E-11 -2.10562E-10 -1.09250E-12  1.71703E-14
  1.790E+02  9.99924E-01  1.18865E-11 -2.10562E-10 -7.28363E-13  1.13921E-14
  1.795E+02  9.99981E-01  1.19162E-11 -2.10563E-10 -3.64190E-13  5.67962E-15
  1.800E+02  1.00000E+00  1.19260E-11 -2.10563E-10 -5.11088E-27  7.96276E-29
