 #  Scattering field.
 #  All quantities in atomic units (a.u.), unless otherwise indicated.
 #  Z =  80, NELEC =  80,   projectile: electron
 #  Kinetic energy = 9.18733E+02 a.u. = 2.50000E+04 eV
 #
 #   i       r           r*V         r*Vst        r*Vex       r*Vpol       r*Wabs        rho_e
 #------------------------------------------------------------------------------------------------
     1  0.00000E+00 -0.00000E+00 -0.00000E+00  0.00000E+00  0.00000E+00  0.00000E+00  2.28273E+09
     2  2.73270E-07 -2.66027E-01 -2.64016E-01 -2.01114E-03  0.00000E+00  0.00000E+00  2.28273E+09
     3  5.52859E-07 -5.36153E-01 -5.34134E-01 -2.01882E-03  0.00000E+00  0.00000E+00  1.12831E+09
     4  8.38903E-07 -8.12504E-01 -8.10483E-01 -2.02141E-03  0.00000E+00  0.00000E+00  7.43583E+08
     5  1.13155E-06 -1.09522E+00 -1.09320E+00 -2.02272E-03  0.00000E+00  0.00000E+00  5.51269E+08
     6  1.43096E-06 -1.38446E+00 -1.38244E+00 -2.02353E-03  0.00000E+00  0.00000E+00  4.35922E+08
     7  1.73727E-06 -1.68035E+00 -1.67833E+00 -2.02408E-03  0.00000E+00  0.00000E+00  3.59057E+08
     8  2.05066E-06 -1.98306E+00 -1.98103E+00 -2.02449E-03  0.00000E+00  0.00000E+00  3.04183E+08
     9  2.37129E-06 -2.29272E+00 -2.29069E+00 -2.02482E-03  0.00000E+00  0.00000E+00  2.63052E+08
    10  2.69932E-06 -2.60950E+00 -2.60747E+00 -2.02510E-03  0.00000E+00  0.00000E+00  2.31084E+08
    11  3.03492E-06 -2.93355E+00 -2.93152E+00 -2.02535E-03  0.00000E+00  0.00000E+00  2.05529E+08
    12  3.37827E-06 -3.26503E+00 -3.26301E+00 -2.02558E-03  0.00000E+00  0.00000E+00  1.84638E+08
    13  3.72955E-06 -3.60412E+00 -3.60209E+00 -2.02580E-03  0.00000E+00  0.00000E+00  1.67246E+08
    14  4.08893E-06 -3.95097E+00 -3.94894E+00 -2.02602E-03  0.00000E+00  0.00000E+00  1.52545E+08
    15  4.45662E-06 -4.30575E+00 -4.30372E+00 -2.02623E-03  0.00000E+00  0.00000E+00  1.39959E+08
    16  4.83279E-06 -4.66864E+00 -4.66661E+00 -2.02646E-03  0.00000E+00  0.00000E+00  1.29064E+08
    17  5.21765E-06 -5.03981E+00 -5.03779E+00 -2.02668E-03  0.00000E+00  0.00000E+00  1.19543E+08
    18  5.61140E-06 -5.41945E+00 -5.41742E+00 -2.02692E-03  0.00000E+00  0.00000E+00  1.11154E+08
    19  6.01423E-06 -5.80773E+00 -5.80570E+00 -2.02718E-03  0.00000E+00  0.00000E+00  1.03708E+08
    20  6.42637E-06 -6.20483E+00 -6.20281E+00 -2.02744E-03  0.00000E+00  0.00000E+00  9.70557E+07
    21  6.84802E-06 -6.61096E+00 -6.60893E+00 -2.02773E-03  0.00000E+00  0.00000E+00  9.10788E+07
    22  7.27941E-06 -7.02629E+00 -7.02426E+00 -2.02803E-03  0.00000E+00  0.00000E+00  8.56806E+07
    23  7.72076E-06 -7.45102E+00 -7.44899E+00 -2.02836E-03  0.00000E+00  0.00000E+00  8.07819E+07
    24  8.17229E-06 -7.88535E+00 -7.88332E+00 -2.02871E-03  0.00000E+00  0.00000E+00  7.63178E+07
    25  8.63426E-06 -8.32947E+00 -8.32744E+00 -2.02908E-03  0.00000E+00  0.00000E+00  7.22338E+07
    26  9.10688E-06 -8.78359E+00 -8.78156E+00 -2.02948E-03  0.00000E+00  0.00000E+00  6.84843E+07
    27  9.59042E-06 -9.24791E+00 -9.24588E+00 -2.02991E-03  0.00000E+00  0.00000E+00  6.50307E+07
    28  1.00851E-05 -9.72264E+00 -9.72061E+00 -2.03037E-03  0.00000E+00  0.00000E+00  6.18401E+07
    29  1.05913E-05 -1.02080E+01 -1.02060E+01 -2.03086E-03  0.00000E+00  0.00000E+00  5.88842E+07
    30  1.11091E-05 -1.07042E+01 -1.07021E+01 -2.03138E-03  0.00000E+00  0.00000E+00  5.61389E+07
    31  1.16388E-05 -1.12114E+01 -1.12093E+01 -2.03195E-03  0.00000E+00  0.00000E+00  5.35830E+07
    32  1.21808E-05 -1.17298E+01 -1.17278E+01 -2.03255E-03  0.00000E+00  0.00000E+00  5.11981E+07
    33  1.27353E-05 -1.22598E+01 -1.22578E+01 -2.03319E-03  0.00000E+00  0.00000E+00  4.89683E+07
    34  1.33027E-05 -1.28014E+01 -1.27994E+01 -2.03388E-03  0.00000E+00  0.00000E+00  4.68794E+07
    35  1.38831E-05 -1.33550E+01 -1.33529E+01 -2.03462E-03  0.00000E+00  0.00000E+00  4.49189E+07
    36  1.44769E-05 -1.39206E+01 -1.39186E+01 -2.03540E-03  0.00000E+00  0.00000E+00  4.30758E+07
    37  1.50844E-05 -1.44986E+01 -1.44966E+01 -2.03624E-03  0.00000E+00  0.00000E+00  4.13404E+07
    38  1.57059E-05 -1.50892E+01 -1.50872E+01 -2.03713E-03  0.00000E+00  0.00000E+00  3.97038E+07
    39  1.63418E-05 -1.56926E+01 -1.56906E+01 -2.03808E-03  0.00000E+00  0.00000E+00  3.81583E+07
    40  1.69924E-05 -1.63090E+01 -1.63069E+01 -2.03909E-03  0.00000E+00  0.00000E+00  3.66968E+07
    41  1.76580E-05 -1.69386E+01 -1.69366E+01 -2.04017E-03  0.00000E+00  0.00000E+00  3.53131E+07
    42  1.83390E-05 -1.75817E+01 -1.75796E+01 -2.04132E-03  0.00000E+00  0.00000E+00  3.40013E+07
    43  1.90357E-05 -1.82384E+01 -1.82363E+01 -2.04254E-03  0.00000E+00  0.00000E+00  3.27564E+07
    44  1.97485E-05 -1.89090E+01 -1.89069E+01 -2.04384E-03  0.00000E+00  0.00000E+00  3.15736E+07
    45  2.04777E-05 -1.95937E+01 -1.95916E+01 -2.04522E-03  0.00000E+00  0.00000E+00  3.04487E+07
    46  2.12238E-05 -2.02926E+01 -2.02906E+01 -2.04668E-03  0.00000E+00  0.00000E+00  2.93779E+07
    47  2.19871E-05 -2.10061E+01 -2.10040E+01 -2.04824E-03  0.00000E+00  0.00000E+00  2.83575E+07
    48  2.27680E-05 -2.17342E+01 -2.17322E+01 -2.04989E-03  0.00000E+00  0.00000E+00  2.73844E+07
    49  2.35669E-05 -2.24773E+01 -2.24752E+01 -2.05164E-03  0.00000E+00  0.00000E+00  2.64556E+07
    50  2.43843E-05 -2.32354E+01 -2.32333E+01 -2.05350E-03  0.00000E+00  0.00000E+00  2.55683E+07
    51  2.52206E-05 -2.40087E+01 -2.40066E+01 -2.05547E-03  0.00000E+00  0.00000E+00  2.47200E+07
    52  2.60762E-05 -2.47974E+01 -2.47953E+01 -2.05757E-03  0.00000E+00  0.00000E+00  2.39085E+07
    53  2.69515E-05 -2.56017E+01 -2.55996E+01 -2.05979E-03  0.00000E+00  0.00000E+00  2.31316E+07
    54  2.78470E-05 -2.64216E+01 -2.64196E+01 -2.06214E-03  0.00000E+00  0.00000E+00  2.23872E+07
    55  2.87632E-05 -2.72574E+01 -2.72553E+01 -2.06463E-03  0.00000E+00  0.00000E+00  2.16737E+07
    56  2.97006E-05 -2.81091E+01 -2.81070E+01 -2.06727E-03  0.00000E+00  0.00000E+00  2.09892E+07
    57  3.06596E-05 -2.89768E+01 -2.89748E+01 -2.07007E-03  0.00000E+00  0.00000E+00  2.03322E+07
    58  3.16408E-05 -2.98607E+01 -2.98586E+01 -2.07303E-03  0.00000E+00  0.00000E+00  1.97013E+07
    59  3.26446E-05 -3.07607E+01 -3.07586E+01 -2.07617E-03  0.00000E+00  0.00000E+00  1.90951E+07
    60  3.36715E-05 -3.16769E+01 -3.16748E+01 -2.07950E-03  0.00000E+00  0.00000E+00  1.85123E+07
    61  3.47222E-05 -3.26093E+01 -3.26072E+01 -2.08302E-03  0.00000E+00  0.00000E+00  1.79517E+07
    62  3.57972E-05 -3.35579E+01 -3.35558E+01 -2.08675E-03  0.00000E+00  0.00000E+00  1.74122E+07
    63  3.68969E-05 -3.45226E+01 -3.45205E+01 -2.09070E-03  0.00000E+00  0.00000E+00  1.68928E+07
    64  3.80221E-05 -3.55034E+01 -3.55013E+01 -2.09488E-03  0.00000E+00  0.00000E+00  1.63925E+07
    65  3.91732E-05 -3.65001E+01 -3.64981E+01 -2.09930E-03  0.00000E+00  0.00000E+00  1.59103E+07
    66  4.03510E-05 -3.75127E+01 -3.75106E+01 -2.10399E-03  0.00000E+00  0.00000E+00  1.54456E+07
    67  4.15559E-05 -3.85408E+01 -3.85386E+01 -2.10896E-03  0.00000E+00  0.00000E+00  1.49973E+07
    68  4.27886E-05 -3.95842E+01 -3.95821E+01 -2.11421E-03  0.00000E+00  0.00000E+00  1.45649E+07
    69  4.40498E-05 -4.06426E+01 -4.06405E+01 -2.11978E-03  0.00000E+00  0.00000E+00  1.41475E+07
    70  4.53401E-05 -4.17158E+01 -4.17137E+01 -2.12568E-03  0.00000E+00  0.00000E+00  1.37444E+07
    71  4.66602E-05 -4.28032E+01 -4.28011E+01 -2.13192E-03  0.00000E+00  0.00000E+00  1.33552E+07
    72  4.80107E-05 -4.39044E+01 -4.39022E+01 -2.13854E-03  0.00000E+00  0.00000E+00  1.29791E+07
    73  4.93925E-05 -4.50188E+01 -4.50167E+01 -2.14555E-03  0.00000E+00  0.00000E+00  1.26156E+07
    74  5.08061E-05 -4.61458E+01 -4.61437E+01 -2.15298E-03  0.00000E+00  0.00000E+00  1.22642E+07
    75  5.22524E-05 -4.72848E+01 -4.72826E+01 -2.16086E-03  0.00000E+00  0.00000E+00  1.19244E+07
    76  5.37321E-05 -4.84348E+01 -4.84326E+01 -2.16921E-03  0.00000E+00  0.00000E+00  1.15956E+07
    77  5.52459E-05 -4.95950E+01 -4.95928E+01 -2.17806E-03  0.00000E+00  0.00000E+00  1.12775E+07
    78  5.67947E-05 -5.07644E+01 -5.07622E+01 -2.18746E-03  0.00000E+00  0.00000E+00  1.09696E+07
    79  5.83793E-05 -5.19418E+01 -5.19396E+01 -2.19743E-03  0.00000E+00  0.00000E+00  1.06715E+07
    80  6.00004E-05 -5.31261E+01 -5.31239E+01 -2.20802E-03  0.00000E+00  0.00000E+00  1.03828E+07
    81  6.16590E-05 -5.43158E+01 -5.43136E+01 -2.21926E-03  0.00000E+00  0.00000E+00  1.01031E+07
    82  6.33559E-05 -5.55094E+01 -5.55072E+01 -2.23120E-03  0.00000E+00  0.00000E+00  9.83213E+06
    83  6.50919E-05 -5.67053E+01 -5.67031E+01 -2.24389E-03  0.00000E+00  0.00000E+00  9.56953E+06
    84  6.68680E-05 -5.79016E+01 -5.78994E+01 -2.25739E-03  0.00000E+00  0.00000E+00  9.31498E+06
    85  6.86852E-05 -5.90964E+01 -5.90941E+01 -2.27175E-03  0.00000E+00  0.00000E+00  9.06818E+06
    86  7.05442E-05 -6.02874E+01 -6.02851E+01 -2.28703E-03  0.00000E+00  0.00000E+00  8.82884E+06
    87  7.24462E-05 -6.14722E+01 -6.14699E+01 -2.30331E-03  0.00000E+00  0.00000E+00  8.59668E+06
    88  7.43922E-05 -6.26483E+01 -6.26460E+01 -2.32065E-03  0.00000E+00  0.00000E+00  8.37145E+06
    89  7.63830E-05 -6.38128E+01 -6.38105E+01 -2.33915E-03  0.00000E+00  0.00000E+00  8.15289E+06
    90  7.84198E-05 -6.49628E+01 -6.49604E+01 -2.35888E-03  0.00000E+00  0.00000E+00  7.94077E+06
    91  8.05036E-05 -6.60949E+01 -6.60925E+01 -2.37995E-03  0.00000E+00  0.00000E+00  7.73487E+06
    92  8.26356E-05 -6.72056E+01 -6.72032E+01 -2.40246E-03  0.00000E+00  0.00000E+00  7.53495E+06
    93  8.48167E-05 -6.82912E+01 -6.82888E+01 -2.42653E-03  0.00000E+00  0.00000E+00  7.34083E+06
    94  8.70483E-05 -6.93478E+01 -6.93454E+01 -2.45228E-03  0.00000E+00  0.00000E+00  7.15228E+06
    95  8.93313E-05 -7.03712E+01 -7.03687E+01 -2.47984E-03  0.00000E+00  0.00000E+00  6.96914E+06
    96  9.16671E-05 -7.13569E+01 -7.13544E+01 -2.50936E-03  0.00000E+00  0.00000E+00  6.79120E+06
    97  9.40568E-05 -7.23007E+01 -7.22982E+01 -2.54099E-03  0.00000E+00  0.00000E+00  6.61831E+06
    98  9.65016E-05 -7.31979E+01 -7.31953E+01 -2.57490E-03  0.00000E+00  0.00000E+00  6.45028E+06
    99  9.90029E-05 -7.40441E+01 -7.40415E+01 -2.61126E-03  0.00000E+00  0.00000E+00  6.28697E+06
   100  1.01562E-04 -7.48351E+01 -7.48325E+01 -2.65024E-03  0.00000E+00  0.00000E+00  6.12820E+06
   101  1.04180E-04 -7.55669E+01 -7.55643E+01 -2.69202E-03  0.00000E+00  0.00000E+00  5.97385E+06
   102  1.06859E-04 -7.62364E+01 -7.62336E+01 -2.73677E-03  0.00000E+00  0.00000E+00  5.82375E+06
   103  1.09599E-04 -7.68409E+01 -7.68381E+01 -2.78463E-03  0.00000E+00  0.00000E+00  5.67779E+06
   104  1.12403E-04 -7.73792E+01 -7.73763E+01 -2.83576E-03  0.00000E+00  0.00000E+00  5.53582E+06
   105  1.15271E-04 -7.78511E+01 -7.78482E+01 -2.89023E-03  0.00000E+00  0.00000E+00  5.39772E+06
   106  1.18206E-04 -7.82582E+01 -7.82553E+01 -2.94812E-03  0.00000E+00  0.00000E+00  5.26337E+06
   107  1.21208E-04 -7.86034E+01 -7.86004E+01 -3.00943E-03  0.00000E+00  0.00000E+00  5.13265E+06
   108  1.24280E-04 -7.88909E+01 -7.88878E+01 -3.07415E-03  0.00000E+00  0.00000E+00  5.00545E+06
   109  1.27423E-04 -7.91262E+01 -7.91230E+01 -3.14219E-03  0.00000E+00  0.00000E+00  4.88165E+06
   110  1.30638E-04 -7.93154E+01 -7.93122E+01 -3.21344E-03  0.00000E+00  0.00000E+00  4.76117E+06
   111  1.33927E-04 -7.94651E+01 -7.94618E+01 -3.28779E-03  0.00000E+00  0.00000E+00  4.64388E+06
   112  1.37293E-04 -7.95816E+01 -7.95782E+01 -3.36510E-03  0.00000E+00  0.00000E+00  4.52971E+06
   113  1.40736E-04 -7.96709E+01 -7.96674E+01 -3.44522E-03  0.00000E+00  0.00000E+00  4.41855E+06
   114  1.44258E-04 -7.97383E+01 -7.97348E+01 -3.52805E-03  0.00000E+00  0.00000E+00  4.31032E+06
   115  1.47862E-04 -7.97884E+01 -7.97848E+01 -3.61348E-03  0.00000E+00  0.00000E+00  4.20493E+06
   116  1.51549E-04 -7.98251E+01 -7.98214E+01 -3.70142E-03  0.00000E+00  0.00000E+00  4.10228E+06
   117  1.55321E-04 -7.98516E+01 -7.98478E+01 -3.79181E-03  0.00000E+00  0.00000E+00  4.00232E+06
   118  1.59181E-04 -7.98702E+01 -7.98663E+01 -3.88461E-03  0.00000E+00  0.00000E+00  3.90495E+06
   119  1.63129E-04 -7.98830E+01 -7.98791E+01 -3.97979E-03  0.00000E+00  0.00000E+00  3.81009E+06
   120  1.67169E-04 -7.98916E+01 -7.98875E+01 -4.07735E-03  0.00000E+00  0.00000E+00  3.71769E+06
   121  1.71302E-04 -7.98969E+01 -7.98928E+01 -4.17728E-03  0.00000E+00  0.00000E+00  3.62766E+06
   122  1.75530E-04 -7.99000E+01 -7.98957E+01 -4.27961E-03  0.00000E+00  0.00000E+00  3.53994E+06
   123  1.79856E-04 -7.99014E+01 -7.98971E+01 -4.38435E-03  0.00000E+00  0.00000E+00  3.45447E+06
   124  1.84282E-04 -7.99017E+01 -7.98972E+01 -4.49155E-03  0.00000E+00  0.00000E+00  3.37117E+06
   125  1.88809E-04 -7.99011E+01 -7.98965E+01 -4.60124E-03  0.00000E+00  0.00000E+00  3.28999E+06
   126  1.93442E-04 -7.98999E+01 -7.98951E+01 -4.71346E-03  0.00000E+00  0.00000E+00  3.21087E+06
   127  1.98181E-04 -7.98982E+01 -7.98934E+01 -4.82826E-03  0.00000E+00  0.00000E+00  3.13375E+06
   128  2.03030E-04 -7.98962E+01 -7.98913E+01 -4.94569E-03  0.00000E+00  0.00000E+00  3.05858E+06
   129  2.07991E-04 -7.98941E+01 -7.98890E+01 -5.06582E-03  0.00000E+00  0.00000E+00  2.98530E+06
   130  2.13066E-04 -7.98917E+01 -7.98865E+01 -5.18869E-03  0.00000E+00  0.00000E+00  2.91386E+06
   131  2.18259E-04 -7.98892E+01 -7.98839E+01 -5.31436E-03  0.00000E+00  0.00000E+00  2.84421E+06
   132  2.23571E-04 -7.98866E+01 -7.98812E+01 -5.44290E-03  0.00000E+00  0.00000E+00  2.77630E+06
   133  2.29006E-04 -7.98839E+01 -7.98783E+01 -5.57438E-03  0.00000E+00  0.00000E+00  2.71008E+06
   134  2.34567E-04 -7.98811E+01 -7.98754E+01 -5.70885E-03  0.00000E+00  0.00000E+00  2.64550E+06
   135  2.40256E-04 -7.98783E+01 -7.98724E+01 -5.84638E-03  0.00000E+00  0.00000E+00  2.58254E+06
   136  2.46076E-04 -7.98753E+01 -7.98693E+01 -5.98704E-03  0.00000E+00  0.00000E+00  2.52112E+06
   137  2.52030E-04 -7.98723E+01 -7.98662E+01 -6.13090E-03  0.00000E+00  0.00000E+00  2.46123E+06
   138  2.58123E-04 -7.98693E+01 -7.98630E+01 -6.27803E-03  0.00000E+00  0.00000E+00  2.40282E+06
   139  2.64355E-04 -7.98661E+01 -7.98597E+01 -6.42851E-03  0.00000E+00  0.00000E+00  2.34584E+06
   140  2.70732E-04 -7.98629E+01 -7.98563E+01 -6.58241E-03  0.00000E+00  0.00000E+00  2.29026E+06
   141  2.77256E-04 -7.98596E+01 -7.98528E+01 -6.73981E-03  0.00000E+00  0.00000E+00  2.23605E+06
   142  2.83930E-04 -7.98562E+01 -7.98493E+01 -6.90078E-03  0.00000E+00  0.00000E+00  2.18316E+06
   143  2.90759E-04 -7.98528E+01 -7.98457E+01 -7.06541E-03  0.00000E+00  0.00000E+00  2.13156E+06
   144  2.97745E-04 -7.98492E+01 -7.98420E+01 -7.23377E-03  0.00000E+00  0.00000E+00  2.08122E+06
   145  3.04892E-04 -7.98456E+01 -7.98382E+01 -7.40595E-03  0.00000E+00  0.00000E+00  2.03211E+06
   146  3.12205E-04 -7.98419E+01 -7.98343E+01 -7.58203E-03  0.00000E+00  0.00000E+00  1.98419E+06
   147  3.19686E-04 -7.98381E+01 -7.98304E+01 -7.76211E-03  0.00000E+00  0.00000E+00  1.93743E+06
   148  3.27340E-04 -7.98343E+01 -7.98263E+01 -7.94627E-03  0.00000E+00  0.00000E+00  1.89180E+06
   149  3.35171E-04 -7.98303E+01 -7.98222E+01 -8.13459E-03  0.00000E+00  0.00000E+00  1.84728E+06
   150  3.43183E-04 -7.98263E+01 -7.98179E+01 -8.32718E-03  0.00000E+00  0.00000E+00  1.80384E+06
   151  3.51379E-04 -7.98221E+01 -7.98136E+01 -8.52413E-03  0.00000E+00  0.00000E+00  1.76144E+06
   152  3.59765E-04 -7.98179E+01 -7.98092E+01 -8.72553E-03  0.00000E+00  0.00000E+00  1.72006E+06
   153  3.68344E-04 -7.98136E+01 -7.98046E+01 -8.93148E-03  0.00000E+00  0.00000E+00  1.67967E+06
   154  3.77122E-04 -7.98091E+01 -7.98000E+01 -9.14208E-03  0.00000E+00  0.00000E+00  1.64026E+06
   155  3.86102E-04 -7.98046E+01 -7.97952E+01 -9.35744E-03  0.00000E+00  0.00000E+00  1.60179E+06
   156  3.95289E-04 -7.98000E+01 -7.97904E+01 -9.57766E-03  0.00000E+00  0.00000E+00  1.56424E+06
   157  4.04689E-04 -7.97952E+01 -7.97854E+01 -9.80285E-03  0.00000E+00  0.00000E+00  1.52759E+06
   158  4.14305E-04 -7.97904E+01 -7.97803E+01 -1.00331E-02  0.00000E+00  0.00000E+00  1.49181E+06
   159  4.24144E-04 -7.97854E+01 -7.97751E+01 -1.02686E-02  0.00000E+00  0.00000E+00  1.45688E+06
   160  4.34209E-04 -7.97803E+01 -7.97698E+01 -1.05093E-02  0.00000E+00  0.00000E+00  1.42279E+06
   161  4.44507E-04 -7.97751E+01 -7.97644E+01 -1.07555E-02  0.00000E+00  0.00000E+00  1.38951E+06
   162  4.55043E-04 -7.97698E+01 -7.97588E+01 -1.10072E-02  0.00000E+00  0.00000E+00  1.35702E+06
   163  4.65822E-04 -7.97644E+01 -7.97531E+01 -1.12646E-02  0.00000E+00  0.00000E+00  1.32530E+06
   164  4.76850E-04 -7.97588E+01 -7.97473E+01 -1.15277E-02  0.00000E+00  0.00000E+00  1.29433E+06
   165  4.88132E-04 -7.97531E+01 -7.97413E+01 -1.17968E-02  0.00000E+00  0.00000E+00  1.26410E+06
   166  4.99675E-04 -7.97473E+01 -7.97352E+01 -1.20719E-02  0.00000E+00  0.00000E+00  1.23458E+06
   167  5.11485E-04 -7.97413E+01 -7.97290E+01 -1.23531E-02  0.00000E+00  0.00000E+00  1.20576E+06
   168  5.23567E-04 -7.97353E+01 -7.97226E+01 -1.26407E-02  0.00000E+00  0.00000E+00  1.17761E+06
   169  5.35928E-04 -7.97290E+01 -7.97161E+01 -1.29347E-02  0.00000E+00  0.00000E+00  1.15014E+06
   170  5.48574E-04 -7.97227E+01 -7.97094E+01 -1.32353E-02  0.00000E+00  0.00000E+00  1.12330E+06
   171  5.61513E-04 -7.97161E+01 -7.97026E+01 -1.35426E-02  0.00000E+00  0.00000E+00  1.09710E+06
   172  5.74750E-04 -7.97095E+01 -7.96956E+01 -1.38567E-02  0.00000E+00  0.00000E+00  1.07152E+06
   173  5.88292E-04 -7.97026E+01 -7.96885E+01 -1.41779E-02  0.00000E+00  0.00000E+00  1.04654E+06
   174  6.02148E-04 -7.96957E+01 -7.96812E+01 -1.45062E-02  0.00000E+00  0.00000E+00  1.02214E+06
   175  6.16323E-04 -7.96885E+01 -7.96737E+01 -1.48419E-02  0.00000E+00  0.00000E+00  9.98318E+05
   176  6.30825E-04 -7.96812E+01 -7.96660E+01 -1.51850E-02  0.00000E+00  0.00000E+00  9.75052E+05
   177  6.45662E-04 -7.96738E+01 -7.96582E+01 -1.55358E-02  0.00000E+00  0.00000E+00  9.52330E+05
   178  6.60842E-04 -7.96661E+01 -7.96502E+01 -1.58943E-02  0.00000E+00  0.00000E+00  9.30140E+05
   179  6.76372E-04 -7.96583E+01 -7.96421E+01 -1.62608E-02  0.00000E+00  0.00000E+00  9.08469E+05
   180  6.92261E-04 -7.96503E+01 -7.96337E+01 -1.66355E-02  0.00000E+00  0.00000E+00  8.87303E+05
   181  7.08516E-04 -7.96422E+01 -7.96251E+01 -1.70184E-02  0.00000E+00  0.00000E+00  8.66632E+05
   182  7.25147E-04 -7.96338E+01 -7.96164E+01 -1.74099E-02  0.00000E+00  0.00000E+00  8.46442E+05
   183  7.42162E-04 -7.96252E+01 -7.96074E+01 -1.78100E-02  0.00000E+00  0.00000E+00  8.26723E+05
   184  7.59569E-04 -7.96165E+01 -7.95983E+01 -1.82189E-02  0.00000E+00  0.00000E+00  8.07464E+05
   185  7.77379E-04 -7.96075E+01 -7.95889E+01 -1.86369E-02  0.00000E+00  0.00000E+00  7.88652E+05
   186  7.95599E-04 -7.95984E+01 -7.95793E+01 -1.90640E-02  0.00000E+00  0.00000E+00  7.70278E+05
   187  8.14240E-04 -7.95890E+01 -7.95695E+01 -1.95006E-02  0.00000E+00  0.00000E+00  7.52331E+05
   188  8.33312E-04 -7.95795E+01 -7.95595E+01 -1.99468E-02  0.00000E+00  0.00000E+00  7.34800E+05
   189  8.52823E-04 -7.95697E+01 -7.95493E+01 -2.04028E-02  0.00000E+00  0.00000E+00  7.17677E+05
   190  8.72785E-04 -7.95596E+01 -7.95388E+01 -2.08688E-02  0.00000E+00  0.00000E+00  7.00950E+05
   191  8.93208E-04 -7.95494E+01 -7.95281E+01 -2.13451E-02  0.00000E+00  0.00000E+00  6.84612E+05
   192  9.14103E-04 -7.95389E+01 -7.95171E+01 -2.18317E-02  0.00000E+00  0.00000E+00  6.68652E+05
   193  9.35480E-04 -7.95282E+01 -7.95059E+01 -2.23290E-02  0.00000E+00  0.00000E+00  6.53061E+05
   194  9.57350E-04 -7.95172E+01 -7.94944E+01 -2.28372E-02  0.00000E+00  0.00000E+00  6.37832E+05
   195  9.79725E-04 -7.95060E+01 -7.94827E+01 -2.33564E-02  0.00000E+00  0.00000E+00  6.22954E+05
   196  1.00262E-03 -7.94946E+01 -7.94707E+01 -2.38870E-02  0.00000E+00  0.00000E+00  6.08421E+05
   197  1.02604E-03 -7.94828E+01 -7.94584E+01 -2.44291E-02  0.00000E+00  0.00000E+00  5.94223E+05
   198  1.05000E-03 -7.94708E+01 -7.94458E+01 -2.49830E-02  0.00000E+00  0.00000E+00  5.80353E+05
   199  1.07451E-03 -7.94586E+01 -7.94330E+01 -2.55489E-02  0.00000E+00  0.00000E+00  5.66804E+05
   200  1.09959E-03 -7.94460E+01 -7.94199E+01 -2.61270E-02  0.00000E+00  0.00000E+00  5.53567E+05
   201  1.12525E-03 -7.94332E+01 -7.94065E+01 -2.67176E-02  0.00000E+00  0.00000E+00  5.40635E+05
   202  1.15150E-03 -7.94200E+01 -7.93927E+01 -2.73210E-02  0.00000E+00  0.00000E+00  5.28001E+05
   203  1.17836E-03 -7.94066E+01 -7.93787E+01 -2.79374E-02  0.00000E+00  0.00000E+00  5.15659E+05
   204  1.20584E-03 -7.93929E+01 -7.93643E+01 -2.85671E-02  0.00000E+00  0.00000E+00  5.03600E+05
   205  1.23395E-03 -7.93788E+01 -7.93496E+01 -2.92103E-02  0.00000E+00  0.00000E+00  4.91820E+05
   206  1.26271E-03 -7.93645E+01 -7.93346E+01 -2.98673E-02  0.00000E+00  0.00000E+00  4.80310E+05
   207  1.29213E-03 -7.93498E+01 -7.93193E+01 -3.05383E-02  0.00000E+00  0.00000E+00  4.69065E+05
   208  1.32224E-03 -7.93348E+01 -7.93036E+01 -3.12237E-02  0.00000E+00  0.00000E+00  4.58079E+05
   209  1.35303E-03 -7.93194E+01 -7.92875E+01 -3.19237E-02  0.00000E+00  0.00000E+00  4.47346E+05
   210  1.38454E-03 -7.93037E+01 -7.92711E+01 -3.26386E-02  0.00000E+00  0.00000E+00  4.36859E+05
   211  1.41678E-03 -7.92876E+01 -7.92543E+01 -3.33687E-02  0.00000E+00  0.00000E+00  4.26613E+05
   212  1.44976E-03 -7.92712E+01 -7.92371E+01 -3.41143E-02  0.00000E+00  0.00000E+00  4.16602E+05
   213  1.48350E-03 -7.92544E+01 -7.92195E+01 -3.48756E-02  0.00000E+00  0.00000E+00  4.06821E+05
   214  1.51802E-03 -7.92372E+01 -7.92016E+01 -3.56530E-02  0.00000E+00  0.00000E+00  3.97264E+05
   215  1.55334E-03 -7.92196E+01 -7.91832E+01 -3.64468E-02  0.00000E+00  0.00000E+00  3.87927E+05
   216  1.58947E-03 -7.92017E+01 -7.91644E+01 -3.72572E-02  0.00000E+00  0.00000E+00  3.78804E+05
   217  1.62644E-03 -7.91833E+01 -7.91452E+01 -3.80847E-02  0.00000E+00  0.00000E+00  3.69890E+05
   218  1.66426E-03 -7.91645E+01 -7.91256E+01 -3.89294E-02  0.00000E+00  0.00000E+00  3.61181E+05
   219  1.70296E-03 -7.91453E+01 -7.91055E+01 -3.97918E-02  0.00000E+00  0.00000E+00  3.52671E+05
   220  1.74254E-03 -7.91256E+01 -7.90850E+01 -4.06721E-02  0.00000E+00  0.00000E+00  3.44356E+05
   221  1.78304E-03 -7.91056E+01 -7.90640E+01 -4.15707E-02  0.00000E+00  0.00000E+00  3.36231E+05
   222  1.82448E-03 -7.90850E+01 -7.90425E+01 -4.24879E-02  0.00000E+00  0.00000E+00  3.28293E+05
   223  1.86687E-03 -7.90640E+01 -7.90206E+01 -4.34241E-02  0.00000E+00  0.00000E+00  3.20536E+05
   224  1.91024E-03 -7.90425E+01 -7.89981E+01 -4.43795E-02  0.00000E+00  0.00000E+00  3.12957E+05
   225  1.95461E-03 -7.90206E+01 -7.89752E+01 -4.53545E-02  0.00000E+00  0.00000E+00  3.05552E+05
   226  2.00001E-03 -7.89981E+01 -7.89517E+01 -4.63495E-02  0.00000E+00  0.00000E+00  2.98316E+05
   227  2.04645E-03 -7.89751E+01 -7.89278E+01 -4.73647E-02  0.00000E+00  0.00000E+00  2.91245E+05
   228  2.09396E-03 -7.89516E+01 -7.89032E+01 -4.84007E-02  0.00000E+00  0.00000E+00  2.84336E+05
   229  2.14258E-03 -7.89276E+01 -7.88782E+01 -4.94576E-02  0.00000E+00  0.00000E+00  2.77585E+05
   230  2.19231E-03 -7.89031E+01 -7.88526E+01 -5.05359E-02  0.00000E+00  0.00000E+00  2.70989E+05
   231  2.24319E-03 -7.88780E+01 -7.88264E+01 -5.16359E-02  0.00000E+00  0.00000E+00  2.64543E+05
   232  2.29525E-03 -7.88523E+01 -7.87996E+01 -5.27580E-02  0.00000E+00  0.00000E+00  2.58245E+05
   233  2.34851E-03 -7.88261E+01 -7.87722E+01 -5.39025E-02  0.00000E+00  0.00000E+00  2.52091E+05
   234  2.40299E-03 -7.87993E+01 -7.87442E+01 -5.50699E-02  0.00000E+00  0.00000E+00  2.46077E+05
   235  2.45874E-03 -7.87718E+01 -7.87156E+01 -5.62604E-02  0.00000E+00  0.00000E+00  2.40201E+05
   236  2.51577E-03 -7.87438E+01 -7.86863E+01 -5.74744E-02  0.00000E+00  0.00000E+00  2.34459E+05
   237  2.57412E-03 -7.87151E+01 -7.86564E+01 -5.87124E-02  0.00000E+00  0.00000E+00  2.28848E+05
   238  2.63381E-03 -7.86858E+01 -7.86259E+01 -5.99747E-02  0.00000E+00  0.00000E+00  2.23366E+05
   239  2.69488E-03 -7.86559E+01 -7.85946E+01 -6.12616E-02  0.00000E+00  0.00000E+00  2.18009E+05
   240  2.75736E-03 -7.86253E+01 -7.85627E+01 -6.25735E-02  0.00000E+00  0.00000E+00  2.12774E+05
   241  2.82129E-03 -7.85940E+01 -7.85301E+01 -6.39108E-02  0.00000E+00  0.00000E+00  2.07659E+05
   242  2.88669E-03 -7.85620E+01 -7.84967E+01 -6.52739E-02  0.00000E+00  0.00000E+00  2.02660E+05
   243  2.95359E-03 -7.85292E+01 -7.84626E+01 -6.66631E-02  0.00000E+00  0.00000E+00  1.97776E+05
   244  3.02205E-03 -7.84958E+01 -7.84277E+01 -6.80789E-02  0.00000E+00  0.00000E+00  1.93004E+05
   245  3.09208E-03 -7.84616E+01 -7.83921E+01 -6.95215E-02  0.00000E+00  0.00000E+00  1.88340E+05
   246  3.16373E-03 -7.84267E+01 -7.83557E+01 -7.09913E-02  0.00000E+00  0.00000E+00  1.83783E+05
   247  3.23703E-03 -7.83910E+01 -7.83185E+01 -7.24888E-02  0.00000E+00  0.00000E+00  1.79330E+05
   248  3.31202E-03 -7.83545E+01 -7.82805E+01 -7.40143E-02  0.00000E+00  0.00000E+00  1.74979E+05
   249  3.38874E-03 -7.83172E+01 -7.82416E+01 -7.55681E-02  0.00000E+00  0.00000E+00  1.70728E+05
   250  3.46724E-03 -7.82790E+01 -7.82019E+01 -7.71506E-02  0.00000E+00  0.00000E+00  1.66573E+05
   251  3.54755E-03 -7.82401E+01 -7.81613E+01 -7.87621E-02  0.00000E+00  0.00000E+00  1.62514E+05
   252  3.62970E-03 -7.82002E+01 -7.81198E+01 -8.04031E-02  0.00000E+00  0.00000E+00  1.58547E+05
   253  3.71376E-03 -7.81595E+01 -7.80774E+01 -8.20738E-02  0.00000E+00  0.00000E+00  1.54671E+05
   254  3.79975E-03 -7.81179E+01 -7.80341E+01 -8.37745E-02  0.00000E+00  0.00000E+00  1.50884E+05
   255  3.88773E-03 -7.80754E+01 -7.79899E+01 -8.55057E-02  0.00000E+00  0.00000E+00  1.47183E+05
   256  3.97774E-03 -7.80319E+01 -7.79447E+01 -8.72676E-02  0.00000E+00  0.00000E+00  1.43567E+05
   257  4.06983E-03 -7.79875E+01 -7.78985E+01 -8.90606E-02  0.00000E+00  0.00000E+00  1.40034E+05
   258  4.16404E-03 -7.79421E+01 -7.78513E+01 -9.08849E-02  0.00000E+00  0.00000E+00  1.36581E+05
   259  4.26043E-03 -7.78958E+01 -7.78030E+01 -9.27409E-02  0.00000E+00  0.00000E+00  1.33208E+05
   260  4.35904E-03 -7.78484E+01 -7.77538E+01 -9.46288E-02  0.00000E+00  0.00000E+00  1.29912E+05
   261  4.45992E-03 -7.78000E+01 -7.77034E+01 -9.65489E-02  0.00000E+00  0.00000E+00  1.26691E+05
   262  4.56313E-03 -7.77505E+01 -7.76520E+01 -9.85016E-02  0.00000E+00  0.00000E+00  1.23544E+05
   263  4.66873E-03 -7.77000E+01 -7.75995E+01 -1.00487E-01  0.00000E+00  0.00000E+00  1.20469E+05
   264  4.77676E-03 -7.76483E+01 -7.75458E+01 -1.02505E-01  0.00000E+00  0.00000E+00  1.17465E+05
   265  4.88728E-03 -7.75956E+01 -7.74910E+01 -1.04557E-01  0.00000E+00  0.00000E+00  1.14529E+05
   266  5.00035E-03 -7.75417E+01 -7.74350E+01 -1.06642E-01  0.00000E+00  0.00000E+00  1.11661E+05
   267  5.11604E-03 -7.74866E+01 -7.73778E+01 -1.08761E-01  0.00000E+00  0.00000E+00  1.08859E+05
   268  5.23439E-03 -7.74303E+01 -7.73194E+01 -1.10913E-01  0.00000E+00  0.00000E+00  1.06121E+05
   269  5.35547E-03 -7.73729E+01 -7.72598E+01 -1.13099E-01  0.00000E+00  0.00000E+00  1.03446E+05
   270  5.47934E-03 -7.73142E+01 -7.71988E+01 -1.15320E-01  0.00000E+00  0.00000E+00  1.00832E+05
   271  5.60608E-03 -7.72542E+01 -7.71366E+01 -1.17574E-01  0.00000E+00  0.00000E+00  9.82789E+04
   272  5.73573E-03 -7.71929E+01 -7.70731E+01 -1.19863E-01  0.00000E+00  0.00000E+00  9.57842E+04
   273  5.86838E-03 -7.71304E+01 -7.70082E+01 -1.22187E-01  0.00000E+00  0.00000E+00  9.33469E+04
   274  6.00409E-03 -7.70665E+01 -7.69419E+01 -1.24544E-01  0.00000E+00  0.00000E+00  9.09658E+04
   275  6.14293E-03 -7.70012E+01 -7.68743E+01 -1.26937E-01  0.00000E+00  0.00000E+00  8.86395E+04
   276  6.28497E-03 -7.69346E+01 -7.68052E+01 -1.29363E-01  0.00000E+00  0.00000E+00  8.63668E+04
   277  6.43029E-03 -7.68665E+01 -7.67347E+01 -1.31824E-01  0.00000E+00  0.00000E+00  8.41466E+04
   278  6.57896E-03 -7.67970E+01 -7.66626E+01 -1.34319E-01  0.00000E+00  0.00000E+00  8.19777E+04
   279  6.73106E-03 -7.67260E+01 -7.65891E+01 -1.36849E-01  0.00000E+00  0.00000E+00  7.98589E+04
   280  6.88666E-03 -7.66535E+01 -7.65141E+01 -1.39412E-01  0.00000E+00  0.00000E+00  7.77891E+04
   281  7.04586E-03 -7.65795E+01 -7.64375E+01 -1.42010E-01  0.00000E+00  0.00000E+00  7.57672E+04
   282  7.20873E-03 -7.65039E+01 -7.63593E+01 -1.44641E-01  0.00000E+00  0.00000E+00  7.37922E+04
   283  7.37536E-03 -7.64267E+01 -7.62794E+01 -1.47306E-01  0.00000E+00  0.00000E+00  7.18630E+04
   284  7.54583E-03 -7.63480E+01 -7.61980E+01 -1.50003E-01  0.00000E+00  0.00000E+00  6.99785E+04
   285  7.72023E-03 -7.62675E+01 -7.61148E+01 -1.52734E-01  0.00000E+00  0.00000E+00  6.81378E+04
   286  7.89865E-03 -7.61854E+01 -7.60299E+01 -1.55497E-01  0.00000E+00  0.00000E+00  6.63399E+04
   287  8.08119E-03 -7.61016E+01 -7.59433E+01 -1.58292E-01  0.00000E+00  0.00000E+00  6.45839E+04
   288  8.26794E-03 -7.60161E+01 -7.58550E+01 -1.61119E-01  0.00000E+00  0.00000E+00  6.28688E+04
   289  8.45899E-03 -7.59288E+01 -7.57648E+01 -1.63977E-01  0.00000E+00  0.00000E+00  6.11938E+04
   290  8.65445E-03 -7.58396E+01 -7.56728E+01 -1.66865E-01  0.00000E+00  0.00000E+00  5.95579E+04
   291  8.85442E-03 -7.57487E+01 -7.55789E+01 -1.69783E-01  0.00000E+00  0.00000E+00  5.79602E+04
   292  9.05900E-03 -7.56558E+01 -7.54831E+01 -1.72730E-01  0.00000E+00  0.00000E+00  5.64000E+04
   293  9.26830E-03 -7.55611E+01 -7.53854E+01 -1.75706E-01  0.00000E+00  0.00000E+00  5.48763E+04
   294  9.48242E-03 -7.54644E+01 -7.52857E+01 -1.78710E-01  0.00000E+00  0.00000E+00  5.33885E+04
   295  9.70148E-03 -7.53658E+01 -7.51841E+01 -1.81740E-01  0.00000E+00  0.00000E+00  5.19356E+04
   296  9.92559E-03 -7.52652E+01 -7.50804E+01 -1.84796E-01  0.00000E+00  0.00000E+00  5.05170E+04
   297  1.01549E-02 -7.51625E+01 -7.49746E+01 -1.87877E-01  0.00000E+00  0.00000E+00  4.91319E+04
   298  1.03894E-02 -7.50577E+01 -7.48667E+01 -1.90982E-01  0.00000E+00  0.00000E+00  4.77795E+04
   299  1.06294E-02 -7.49509E+01 -7.47568E+01 -1.94110E-01  0.00000E+00  0.00000E+00  4.64591E+04
   300  1.08749E-02 -7.48419E+01 -7.46446E+01 -1.97259E-01  0.00000E+00  0.00000E+00  4.51700E+04
   301  1.11261E-02 -7.47307E+01 -7.45302E+01 -2.00429E-01  0.00000E+00  0.00000E+00  4.39116E+04
   302  1.13830E-02 -7.46173E+01 -7.44137E+01 -2.03618E-01  0.00000E+00  0.00000E+00  4.26832E+04
   303  1.16459E-02 -7.45016E+01 -7.42948E+01 -2.06824E-01  0.00000E+00  0.00000E+00  4.14840E+04
   304  1.19149E-02 -7.43837E+01 -7.41736E+01 -2.10046E-01  0.00000E+00  0.00000E+00  4.03135E+04
   305  1.21900E-02 -7.42634E+01 -7.40501E+01 -2.13283E-01  0.00000E+00  0.00000E+00  3.91711E+04
   306  1.24715E-02 -7.41408E+01 -7.39242E+01 -2.16532E-01  0.00000E+00  0.00000E+00  3.80561E+04
   307  1.27594E-02 -7.40157E+01 -7.37959E+01 -2.19793E-01  0.00000E+00  0.00000E+00  3.69680E+04
   308  1.30540E-02 -7.38883E+01 -7.36652E+01 -2.23063E-01  0.00000E+00  0.00000E+00  3.59061E+04
   309  1.33554E-02 -7.37583E+01 -7.35320E+01 -2.26341E-01  0.00000E+00  0.00000E+00  3.48699E+04
   310  1.36638E-02 -7.36258E+01 -7.33962E+01 -2.29624E-01  0.00000E+00  0.00000E+00  3.38589E+04
   311  1.39792E-02 -7.34908E+01 -7.32579E+01 -2.32910E-01  0.00000E+00  0.00000E+00  3.28724E+04
   312  1.43019E-02 -7.33532E+01 -7.31170E+01 -2.36197E-01  0.00000E+00  0.00000E+00  3.19100E+04
   313  1.46321E-02 -7.32130E+01 -7.29735E+01 -2.39484E-01  0.00000E+00  0.00000E+00  3.09711E+04
   314  1.49698E-02 -7.30701E+01 -7.28273E+01 -2.42767E-01  0.00000E+00  0.00000E+00  3.00553E+04
   315  1.53154E-02 -7.29244E+01 -7.26784E+01 -2.46044E-01  0.00000E+00  0.00000E+00  2.91619E+04
   316  1.56689E-02 -7.27761E+01 -7.25268E+01 -2.49312E-01  0.00000E+00  0.00000E+00  2.82907E+04
   317  1.60305E-02 -7.26249E+01 -7.23724E+01 -2.52570E-01  0.00000E+00  0.00000E+00  2.74410E+04
   318  1.64005E-02 -7.24710E+01 -7.22151E+01 -2.55814E-01  0.00000E+00  0.00000E+00  2.66124E+04
   319  1.67790E-02 -7.23141E+01 -7.20551E+01 -2.59042E-01  0.00000E+00  0.00000E+00  2.58045E+04
   320  1.71662E-02 -7.21544E+01 -7.18921E+01 -2.62250E-01  0.00000E+00  0.00000E+00  2.50168E+04
   321  1.75624E-02 -7.19917E+01 -7.17263E+01 -2.65436E-01  0.00000E+00  0.00000E+00  2.42490E+04
   322  1.79676E-02 -7.18261E+01 -7.15575E+01 -2.68597E-01  0.00000E+00  0.00000E+00  2.35004E+04
   323  1.83822E-02 -7.16574E+01 -7.13857E+01 -2.71729E-01  0.00000E+00  0.00000E+00  2.27708E+04
   324  1.88064E-02 -7.14857E+01 -7.12109E+01 -2.74829E-01  0.00000E+00  0.00000E+00  2.20598E+04
   325  1.92403E-02 -7.13109E+01 -7.10330E+01 -2.77895E-01  0.00000E+00  0.00000E+00  2.13669E+04
   326  1.96842E-02 -7.11330E+01 -7.08521E+01 -2.80922E-01  0.00000E+00  0.00000E+00  2.06918E+04
   327  2.01383E-02 -7.09519E+01 -7.06680E+01 -2.83907E-01  0.00000E+00  0.00000E+00  2.00341E+04
   328  2.06029E-02 -7.07676E+01 -7.04807E+01 -2.86847E-01  0.00000E+00  0.00000E+00  1.93934E+04
   329  2.10782E-02 -7.05801E+01 -7.02903E+01 -2.89738E-01  0.00000E+00  0.00000E+00  1.87693E+04
   330  2.15644E-02 -7.03892E+01 -7.00967E+01 -2.92577E-01  0.00000E+00  0.00000E+00  1.81616E+04
   331  2.20618E-02 -7.01951E+01 -6.98998E+01 -2.95359E-01  0.00000E+00  0.00000E+00  1.75698E+04
   332  2.25707E-02 -6.99977E+01 -6.96996E+01 -2.98081E-01  0.00000E+00  0.00000E+00  1.69937E+04
   333  2.30912E-02 -6.97968E+01 -6.94961E+01 -3.00739E-01  0.00000E+00  0.00000E+00  1.64328E+04
   334  2.36238E-02 -6.95926E+01 -6.92892E+01 -3.03330E-01  0.00000E+00  0.00000E+00  1.58869E+04
   335  2.41686E-02 -6.93848E+01 -6.90790E+01 -3.05849E-01  0.00000E+00  0.00000E+00  1.53556E+04
   336  2.47260E-02 -6.91737E+01 -6.88654E+01 -3.08293E-01  0.00000E+00  0.00000E+00  1.48387E+04
   337  2.52961E-02 -6.89590E+01 -6.86483E+01 -3.10657E-01  0.00000E+00  0.00000E+00  1.43358E+04
   338  2.58794E-02 -6.87407E+01 -6.84278E+01 -3.12938E-01  0.00000E+00  0.00000E+00  1.38466E+04
   339  2.64761E-02 -6.85189E+01 -6.82038E+01 -3.15132E-01  0.00000E+00  0.00000E+00  1.33709E+04
   340  2.70866E-02 -6.82935E+01 -6.79762E+01 -3.17235E-01  0.00000E+00  0.00000E+00  1.29083E+04
   341  2.77111E-02 -6.80644E+01 -6.77452E+01 -3.19243E-01  0.00000E+00  0.00000E+00  1.24586E+04
   342  2.83499E-02 -6.78317E+01 -6.75105E+01 -3.21152E-01  0.00000E+00  0.00000E+00  1.20215E+04
   343  2.90034E-02 -6.75953E+01 -6.72723E+01 -3.22958E-01  0.00000E+00  0.00000E+00  1.15967E+04
   344  2.96720E-02 -6.73551E+01 -6.70305E+01 -3.24658E-01  0.00000E+00  0.00000E+00  1.11840E+04
   345  3.03559E-02 -6.71113E+01 -6.67850E+01 -3.26248E-01  0.00000E+00  0.00000E+00  1.07831E+04
   346  3.10556E-02 -6.68636E+01 -6.65359E+01 -3.27724E-01  0.00000E+00  0.00000E+00  1.03937E+04
   347  3.17714E-02 -6.66122E+01 -6.62831E+01 -3.29082E-01  0.00000E+00  0.00000E+00  1.00157E+04
   348  3.25036E-02 -6.63569E+01 -6.60266E+01 -3.30320E-01  0.00000E+00  0.00000E+00  9.64869E+03
   349  3.32526E-02 -6.60979E+01 -6.57664E+01 -3.31433E-01  0.00000E+00  0.00000E+00  9.29251E+03
   350  3.40188E-02 -6.58349E+01 -6.55025E+01 -3.32419E-01  0.00000E+00  0.00000E+00  8.94692E+03
   351  3.48027E-02 -6.55681E+01 -6.52349E+01 -3.33274E-01  0.00000E+00  0.00000E+00  8.61169E+03
   352  3.56046E-02 -6.52974E+01 -6.49634E+01 -3.33996E-01  0.00000E+00  0.00000E+00  8.28657E+03
   353  3.64249E-02 -6.50228E+01 -6.46883E+01 -3.34582E-01  0.00000E+00  0.00000E+00  7.97136E+03
   354  3.72640E-02 -6.47443E+01 -6.44093E+01 -3.35028E-01  0.00000E+00  0.00000E+00  7.66582E+03
   355  3.81224E-02 -6.44619E+01 -6.41265E+01 -3.35334E-01  0.00000E+00  0.00000E+00  7.36976E+03
   356  3.90006E-02 -6.41755E+01 -6.38400E+01 -3.35496E-01  0.00000E+00  0.00000E+00  7.08294E+03
   357  3.98989E-02 -6.38851E+01 -6.35496E+01 -3.35512E-01  0.00000E+00  0.00000E+00  6.80517E+03
   358  4.08178E-02 -6.35908E+01 -6.32554E+01 -3.35381E-01  0.00000E+00  0.00000E+00  6.53624E+03
   359  4.17578E-02 -6.32925E+01 -6.29574E+01 -3.35102E-01  0.00000E+00  0.00000E+00  6.27594E+03
   360  4.27194E-02 -6.29902E+01 -6.26555E+01 -3.34673E-01  0.00000E+00  0.00000E+00  6.02408E+03
   361  4.37031E-02 -6.26839E+01 -6.23499E+01 -3.34092E-01  0.00000E+00  0.00000E+00  5.78047E+03
   362  4.47093E-02 -6.23737E+01 -6.20403E+01 -3.33360E-01  0.00000E+00  0.00000E+00  5.54491E+03
   363  4.57387E-02 -6.20595E+01 -6.17270E+01 -3.32476E-01  0.00000E+00  0.00000E+00  5.31720E+03
   364  4.67916E-02 -6.17412E+01 -6.14098E+01 -3.31440E-01  0.00000E+00  0.00000E+00  5.09717E+03
   365  4.78688E-02 -6.14190E+01 -6.10887E+01 -3.30251E-01  0.00000E+00  0.00000E+00  4.88463E+03
   366  4.89706E-02 -6.10928E+01 -6.07639E+01 -3.28912E-01  0.00000E+00  0.00000E+00  4.67940E+03
   367  5.00977E-02 -6.07626E+01 -6.04352E+01 -3.27421E-01  0.00000E+00  0.00000E+00  4.48129E+03
   368  5.12506E-02 -6.04284E+01 -6.01026E+01 -3.25781E-01  0.00000E+00  0.00000E+00  4.29014E+03
   369  5.24300E-02 -6.00902E+01 -5.97662E+01 -3.23994E-01  0.00000E+00  0.00000E+00  4.10577E+03
   370  5.36364E-02 -5.97481E+01 -5.94261E+01 -3.22060E-01  0.00000E+00  0.00000E+00  3.92800E+03
   371  5.48704E-02 -5.94021E+01 -5.90821E+01 -3.19982E-01  0.00000E+00  0.00000E+00  3.75667E+03
   372  5.61328E-02 -5.90520E+01 -5.87343E+01 -3.17762E-01  0.00000E+00  0.00000E+00  3.59161E+03
   373  5.74240E-02 -5.86981E+01 -5.83827E+01 -3.15404E-01  0.00000E+00  0.00000E+00  3.43266E+03
   374  5.87449E-02 -5.83402E+01 -5.80273E+01 -3.12911E-01  0.00000E+00  0.00000E+00  3.27966E+03
   375  6.00960E-02 -5.79785E+01 -5.76682E+01 -3.10285E-01  0.00000E+00  0.00000E+00  3.13244E+03
   376  6.14780E-02 -5.76128E+01 -5.73053E+01 -3.07532E-01  0.00000E+00  0.00000E+00  2.99084E+03
   377  6.28917E-02 -5.72433E+01 -5.69386E+01 -3.04654E-01  0.00000E+00  0.00000E+00  2.85472E+03
   378  6.43377E-02 -5.68699E+01 -5.65683E+01 -3.01657E-01  0.00000E+00  0.00000E+00  2.72391E+03
   379  6.58168E-02 -5.64927E+01 -5.61942E+01 -2.98545E-01  0.00000E+00  0.00000E+00  2.59827E+03
   380  6.73298E-02 -5.61117E+01 -5.58164E+01 -2.95323E-01  0.00000E+00  0.00000E+00  2.47765E+03
   381  6.88774E-02 -5.57270E+01 -5.54350E+01 -2.91997E-01  0.00000E+00  0.00000E+00  2.36189E+03
   382  7.04604E-02 -5.53384E+01 -5.50499E+01 -2.88572E-01  0.00000E+00  0.00000E+00  2.25086E+03
   383  7.20795E-02 -5.49462E+01 -5.46611E+01 -2.85053E-01  0.00000E+00  0.00000E+00  2.14441E+03
   384  7.37357E-02 -5.45502E+01 -5.42687E+01 -2.81447E-01  0.00000E+00  0.00000E+00  2.04239E+03
   385  7.54298E-02 -5.41505E+01 -5.38728E+01 -2.77759E-01  0.00000E+00  0.00000E+00  1.94468E+03
   386  7.71625E-02 -5.37472E+01 -5.34732E+01 -2.73997E-01  0.00000E+00  0.00000E+00  1.85113E+03
   387  7.89349E-02 -5.33403E+01 -5.30701E+01 -2.70166E-01  0.00000E+00  0.00000E+00  1.76161E+03
   388  8.07477E-02 -5.29297E+01 -5.26635E+01 -2.66273E-01  0.00000E+00  0.00000E+00  1.67599E+03
   389  8.26019E-02 -5.25157E+01 -5.22533E+01 -2.62324E-01  0.00000E+00  0.00000E+00  1.59413E+03
   390  8.44985E-02 -5.20980E+01 -5.18397E+01 -2.58326E-01  0.00000E+00  0.00000E+00  1.51590E+03
   391  8.64383E-02 -5.16769E+01 -5.14227E+01 -2.54286E-01  0.00000E+00  0.00000E+00  1.44119E+03
   392  8.84225E-02 -5.12524E+01 -5.10022E+01 -2.50210E-01  0.00000E+00  0.00000E+00  1.36986E+03
   393  9.04518E-02 -5.08244E+01 -5.05783E+01 -2.46105E-01  0.00000E+00  0.00000E+00  1.30179E+03
   394  9.25275E-02 -5.03930E+01 -5.01510E+01 -2.41978E-01  0.00000E+00  0.00000E+00  1.23687E+03
   395  9.46504E-02 -4.99583E+01 -4.97205E+01 -2.37834E-01  0.00000E+00  0.00000E+00  1.17498E+03
   396  9.68218E-02 -4.95203E+01 -4.92866E+01 -2.33680E-01  0.00000E+00  0.00000E+00  1.11600E+03
   397  9.90426E-02 -4.90790E+01 -4.88494E+01 -2.29523E-01  0.00000E+00  0.00000E+00  1.05982E+03
   398  1.01314E-01 -4.86344E+01 -4.84091E+01 -2.25368E-01  0.00000E+00  0.00000E+00  1.00633E+03
   399  1.03637E-01 -4.81867E+01 -4.79655E+01 -2.21220E-01  0.00000E+00  0.00000E+00  9.55423E+02
   400  1.06013E-01 -4.77359E+01 -4.75188E+01 -2.17087E-01  0.00000E+00  0.00000E+00  9.06991E+02
   401  1.08443E-01 -4.72819E+01 -4.70690E+01 -2.12971E-01  0.00000E+00  0.00000E+00  8.60933E+02
   402  1.10929E-01 -4.68250E+01 -4.66161E+01 -2.08880E-01  0.00000E+00  0.00000E+00  8.17150E+02
   403  1.13471E-01 -4.63650E+01 -4.61602E+01 -2.04816E-01  0.00000E+00  0.00000E+00  7.75542E+02
   404  1.16070E-01 -4.59021E+01 -4.57013E+01 -2.00785E-01  0.00000E+00  0.00000E+00  7.36016E+02
   405  1.18729E-01 -4.54363E+01 -4.52395E+01 -1.96791E-01  0.00000E+00  0.00000E+00  6.98478E+02
   406  1.21448E-01 -4.49676E+01 -4.47748E+01 -1.92838E-01  0.00000E+00  0.00000E+00  6.62840E+02
   407  1.24229E-01 -4.44962E+01 -4.43073E+01 -1.88927E-01  0.00000E+00  0.00000E+00  6.29013E+02
   408  1.27073E-01 -4.40221E+01 -4.38370E+01 -1.85064E-01  0.00000E+00  0.00000E+00  5.96913E+02
   409  1.29982E-01 -4.35453E+01 -4.33641E+01 -1.81249E-01  0.00000E+00  0.00000E+00  5.66459E+02
   410  1.32956E-01 -4.30660E+01 -4.28885E+01 -1.77486E-01  0.00000E+00  0.00000E+00  5.37571E+02
   411  1.35998E-01 -4.25841E+01 -4.24103E+01 -1.73776E-01  0.00000E+00  0.00000E+00  5.10174E+02
   412  1.39109E-01 -4.20998E+01 -4.19297E+01 -1.70121E-01  0.00000E+00  0.00000E+00  4.84192E+02
   413  1.42291E-01 -4.16131E+01 -4.14466E+01 -1.66521E-01  0.00000E+00  0.00000E+00  4.59556E+02
   414  1.45544E-01 -4.11242E+01 -4.09612E+01 -1.62979E-01  0.00000E+00  0.00000E+00  4.36197E+02
   415  1.48871E-01 -4.06330E+01 -4.04735E+01 -1.59493E-01  0.00000E+00  0.00000E+00  4.14050E+02
   416  1.52274E-01 -4.01398E+01 -3.99837E+01 -1.56065E-01  0.00000E+00  0.00000E+00  3.93050E+02
   417  1.55753E-01 -3.96445E+01 -3.94918E+01 -1.52693E-01  0.00000E+00  0.00000E+00  3.73139E+02
   418  1.59311E-01 -3.91473E+01 -3.89979E+01 -1.49378E-01  0.00000E+00  0.00000E+00  3.54258E+02
   419  1.62949E-01 -3.86483E+01 -3.85022E+01 -1.46119E-01  0.00000E+00  0.00000E+00  3.36351E+02
   420  1.66670E-01 -3.81476E+01 -3.80047E+01 -1.42915E-01  0.00000E+00  0.00000E+00  3.19367E+02
   421  1.70474E-01 -3.76453E+01 -3.75055E+01 -1.39765E-01  0.00000E+00  0.00000E+00  3.03255E+02
   422  1.74365E-01 -3.71414E+01 -3.70048E+01 -1.36667E-01  0.00000E+00  0.00000E+00  2.87968E+02
   423  1.78343E-01 -3.66363E+01 -3.65026E+01 -1.33620E-01  0.00000E+00  0.00000E+00  2.73459E+02
   424  1.82410E-01 -3.61299E+01 -3.59992E+01 -1.30623E-01  0.00000E+00  0.00000E+00  2.59686E+02
   425  1.86570E-01 -3.56223E+01 -3.54947E+01 -1.27673E-01  0.00000E+00  0.00000E+00  2.46608E+02
   426  1.90823E-01 -3.51138E+01 -3.49891E+01 -1.24769E-01  0.00000E+00  0.00000E+00  2.34187E+02
   427  1.95171E-01 -3.46045E+01 -3.44826E+01 -1.21908E-01  0.00000E+00  0.00000E+00  2.22386E+02
   428  1.99618E-01 -3.40945E+01 -3.39754E+01 -1.19090E-01  0.00000E+00  0.00000E+00  2.11170E+02
   429  2.04164E-01 -3.35840E+01 -3.34677E+01 -1.16311E-01  0.00000E+00  0.00000E+00  2.00507E+02
   430  2.08812E-01 -3.30731E+01 -3.29595E+01 -1.13571E-01  0.00000E+00  0.00000E+00  1.90368E+02
   431  2.13565E-01 -3.25620E+01 -3.24511E+01 -1.10867E-01  0.00000E+00  0.00000E+00  1.80722E+02
   432  2.18424E-01 -3.20508E+01 -3.19426E+01 -1.08198E-01  0.00000E+00  0.00000E+00  1.71543E+02
   433  2.23393E-01 -3.15398E+01 -3.14343E+01 -1.05561E-01  0.00000E+00  0.00000E+00  1.62806E+02
   434  2.28472E-01 -3.10291E+01 -3.09261E+01 -1.02956E-01  0.00000E+00  0.00000E+00  1.54487E+02
   435  2.33665E-01 -3.05189E+01 -3.04185E+01 -1.00381E-01  0.00000E+00  0.00000E+00  1.46565E+02
   436  2.38975E-01 -3.00093E+01 -2.99115E+01 -9.78351E-02  0.00000E+00  0.00000E+00  1.39017E+02
   437  2.44403E-01 -2.95006E+01 -2.94053E+01 -9.53164E-02  0.00000E+00  0.00000E+00  1.31826E+02
   438  2.49952E-01 -2.89930E+01 -2.89001E+01 -9.28244E-02  0.00000E+00  0.00000E+00  1.24972E+02
   439  2.55625E-01 -2.84866E+01 -2.83962E+01 -9.03580E-02  0.00000E+00  0.00000E+00  1.18439E+02
   440  2.61425E-01 -2.79816E+01 -2.78937E+01 -8.79169E-02  0.00000E+00  0.00000E+00  1.12212E+02
   441  2.67353E-01 -2.74783E+01 -2.73928E+01 -8.55004E-02  0.00000E+00  0.00000E+00  1.06274E+02
   442  2.73414E-01 -2.69768E+01 -2.68937E+01 -8.31083E-02  0.00000E+00  0.00000E+00  1.00613E+02
   443  2.79610E-01 -2.64774E+01 -2.63966E+01 -8.07405E-02  0.00000E+00  0.00000E+00  9.52154E+01
   444  2.85943E-01 -2.59802E+01 -2.59018E+01 -7.83970E-02  0.00000E+00  0.00000E+00  9.00692E+01
   445  2.92418E-01 -2.54855E+01 -2.54094E+01 -7.60780E-02  0.00000E+00  0.00000E+00  8.51631E+01
   446  2.99035E-01 -2.49934E+01 -2.49196E+01 -7.37839E-02  0.00000E+00  0.00000E+00  8.04864E+01
   447  3.05800E-01 -2.45041E+01 -2.44326E+01 -7.15151E-02  0.00000E+00  0.00000E+00  7.60291E+01
   448  3.12714E-01 -2.40180E+01 -2.39487E+01 -6.92723E-02  0.00000E+00  0.00000E+00  7.17819E+01
   449  3.19782E-01 -2.35350E+01 -2.34680E+01 -6.70562E-02  0.00000E+00  0.00000E+00  6.77358E+01
   450  3.27005E-01 -2.30556E+01 -2.29907E+01 -6.48677E-02  0.00000E+00  0.00000E+00  6.38824E+01
   451  3.34389E-01 -2.25797E+01 -2.25170E+01 -6.27078E-02  0.00000E+00  0.00000E+00  6.02138E+01
   452  3.41935E-01 -2.21077E+01 -2.20471E+01 -6.05773E-02  0.00000E+00  0.00000E+00  5.67225E+01
   453  3.49647E-01 -2.16397E+01 -2.15812E+01 -5.84775E-02  0.00000E+00  0.00000E+00  5.34013E+01
   454  3.57530E-01 -2.11759E+01 -2.11195E+01 -5.64095E-02  0.00000E+00  0.00000E+00  5.02434E+01
   455  3.65585E-01 -2.07165E+01 -2.06621E+01 -5.43743E-02  0.00000E+00  0.00000E+00  4.72423E+01
   456  3.73818E-01 -2.02616E+01 -2.02092E+01 -5.23733E-02  0.00000E+00  0.00000E+00  4.43916E+01
   457  3.82232E-01 -1.98113E+01 -1.97609E+01 -5.04075E-02  0.00000E+00  0.00000E+00  4.16854E+01
   458  3.90830E-01 -1.93660E+01 -1.93175E+01 -4.84782E-02  0.00000E+00  0.00000E+00  3.91180E+01
   459  3.99616E-01 -1.89256E+01 -1.88790E+01 -4.65866E-02  0.00000E+00  0.00000E+00  3.66838E+01
   460  4.08594E-01 -1.84904E+01 -1.84456E+01 -4.47337E-02  0.00000E+00  0.00000E+00  3.43773E+01
   461  4.17769E-01 -1.80604E+01 -1.80175E+01 -4.29207E-02  0.00000E+00  0.00000E+00  3.21935E+01
   462  4.27144E-01 -1.76358E+01 -1.75947E+01 -4.11485E-02  0.00000E+00  0.00000E+00  3.01273E+01
   463  4.36723E-01 -1.72167E+01 -1.71773E+01 -3.94182E-02  0.00000E+00  0.00000E+00  2.81738E+01
   464  4.46511E-01 -1.68033E+01 -1.67656E+01 -3.77306E-02  0.00000E+00  0.00000E+00  2.63283E+01
   465  4.56512E-01 -1.63955E+01 -1.63594E+01 -3.60866E-02  0.00000E+00  0.00000E+00  2.45863E+01
   466  4.66729E-01 -1.59936E+01 -1.59591E+01 -3.44868E-02  0.00000E+00  0.00000E+00  2.29432E+01
   467  4.77168E-01 -1.55975E+01 -1.55645E+01 -3.29319E-02  0.00000E+00  0.00000E+00  2.13948E+01
   468  4.87834E-01 -1.52073E+01 -1.51759E+01 -3.14224E-02  0.00000E+00  0.00000E+00  1.99368E+01
   469  4.98729E-01 -1.48232E+01 -1.47932E+01 -2.99588E-02  0.00000E+00  0.00000E+00  1.85651E+01
   470  5.09861E-01 -1.44451E+01 -1.44165E+01 -2.85414E-02  0.00000E+00  0.00000E+00  1.72758E+01
   471  5.21232E-01 -1.40730E+01 -1.40459E+01 -2.71703E-02  0.00000E+00  0.00000E+00  1.60651E+01
   472  5.32847E-01 -1.37071E+01 -1.36813E+01 -2.58458E-02  0.00000E+00  0.00000E+00  1.49291E+01
   473  5.44713E-01 -1.33474E+01 -1.33228E+01 -2.45677E-02  0.00000E+00  0.00000E+00  1.38642E+01
   474  5.56833E-01 -1.29937E+01 -1.29704E+01 -2.33361E-02  0.00000E+00  0.00000E+00  1.28669E+01
   475  5.69213E-01 -1.26462E+01 -1.26241E+01 -2.21506E-02  0.00000E+00  0.00000E+00  1.19338E+01
   476  5.81857E-01 -1.23049E+01 -1.22839E+01 -2.10110E-02  0.00000E+00  0.00000E+00  1.10616E+01
   477  5.94772E-01 -1.19697E+01 -1.19498E+01 -1.99169E-02  0.00000E+00  0.00000E+00  1.02470E+01
   478  6.07962E-01 -1.16406E+01 -1.16217E+01 -1.88678E-02  0.00000E+00  0.00000E+00  9.48692E+00
   479  6.21433E-01 -1.13176E+01 -1.12997E+01 -1.78629E-02  0.00000E+00  0.00000E+00  8.77844E+00
   480  6.35189E-01 -1.10006E+01 -1.09837E+01 -1.69018E-02  0.00000E+00  0.00000E+00  8.11865E+00
   481  6.49238E-01 -1.06896E+01 -1.06736E+01 -1.59836E-02  0.00000E+00  0.00000E+00  7.50475E+00
   482  6.63584E-01 -1.03846E+01 -1.03695E+01 -1.51074E-02  0.00000E+00  0.00000E+00  6.93409E+00
   483  6.78233E-01 -1.00854E+01 -1.00711E+01 -1.42723E-02  0.00000E+00  0.00000E+00  6.40409E+00
   484  6.93191E-01 -9.79210E+00 -9.77863E+00 -1.34773E-02  0.00000E+00  0.00000E+00  5.91229E+00
   485  7.08463E-01 -9.50456E+00 -9.49184E+00 -1.27215E-02  0.00000E+00  0.00000E+00  5.45634E+00
   486  7.24057E-01 -9.22273E+00 -9.21073E+00 -1.20036E-02  0.00000E+00  0.00000E+00  5.03398E+00
   487  7.39977E-01 -8.94653E+00 -8.93520E+00 -1.13225E-02  0.00000E+00  0.00000E+00  4.64305E+00
   488  7.56231E-01 -8.67589E+00 -8.66521E+00 -1.06771E-02  0.00000E+00  0.00000E+00  4.28151E+00
   489  7.72823E-01 -8.41073E+00 -8.40066E+00 -1.00661E-02  0.00000E+00  0.00000E+00  3.94739E+00
   490  7.89761E-01 -8.15098E+00 -8.14150E+00 -9.48829E-03  0.00000E+00  0.00000E+00  3.63885E+00
   491  8.07052E-01 -7.89657E+00 -7.88763E+00 -8.94236E-03  0.00000E+00  0.00000E+00  3.35411E+00
   492  8.24700E-01 -7.64741E+00 -7.63898E+00 -8.42703E-03  0.00000E+00  0.00000E+00  3.09151E+00
   493  8.42714E-01 -7.40343E+00 -7.39548E+00 -7.94100E-03  0.00000E+00  0.00000E+00  2.84948E+00
   494  8.61100E-01 -7.16454E+00 -7.15706E+00 -7.48299E-03  0.00000E+00  0.00000E+00  2.62651E+00
   495  8.79864E-01 -6.93068E+00 -6.92363E+00 -7.05169E-03  0.00000E+00  0.00000E+00  2.42121E+00
   496  8.99014E-01 -6.70177E+00 -6.69512E+00 -6.64581E-03  0.00000E+00  0.00000E+00  2.23225E+00
   497  9.18556E-01 -6.47773E+00 -6.47147E+00 -6.26410E-03  0.00000E+00  0.00000E+00  2.05840E+00
   498  9.38498E-01 -6.25850E+00 -6.25259E+00 -5.90528E-03  0.00000E+00  0.00000E+00  1.89849E+00
   499  9.58846E-01 -6.04400E+00 -6.03844E+00 -5.56813E-03  0.00000E+00  0.00000E+00  1.75144E+00
   500  9.79608E-01 -5.83418E+00 -5.82893E+00 -5.25145E-03  0.00000E+00  0.00000E+00  1.61622E+00
   501  1.00079E+00 -5.62897E+00 -5.62401E+00 -4.95407E-03  0.00000E+00  0.00000E+00  1.49191E+00
   502  1.02240E+00 -5.42831E+00 -5.42363E+00 -4.67485E-03  0.00000E+00  0.00000E+00  1.37760E+00
   503  1.04445E+00 -5.23214E+00 -5.22773E+00 -4.41270E-03  0.00000E+00  0.00000E+00  1.27250E+00
   504  1.06694E+00 -5.04041E+00 -5.03624E+00 -4.16655E-03  0.00000E+00  0.00000E+00  1.17583E+00
   505  1.08988E+00 -4.85307E+00 -4.84914E+00 -3.93540E-03  0.00000E+00  0.00000E+00  1.08691E+00
   506  1.11328E+00 -4.67008E+00 -4.66636E+00 -3.71826E-03  0.00000E+00  0.00000E+00  1.00508E+00
   507  1.13715E+00 -4.49139E+00 -4.48787E+00 -3.51422E-03  0.00000E+00  0.00000E+00  9.29749E-01
   508  1.16149E+00 -4.31696E+00 -4.31363E+00 -3.32240E-03  0.00000E+00  0.00000E+00  8.60365E-01
   509  1.18632E+00 -4.14675E+00 -4.14361E+00 -3.14196E-03  0.00000E+00  0.00000E+00  7.96427E-01
   510  1.21163E+00 -3.98072E+00 -3.97775E+00 -2.97213E-03  0.00000E+00  0.00000E+00  7.37473E-01
   511  1.23744E+00 -3.81885E+00 -3.81604E+00 -2.81215E-03  0.00000E+00  0.00000E+00  6.83079E-01
   512  1.26376E+00 -3.66111E+00 -3.65844E+00 -2.66135E-03  0.00000E+00  0.00000E+00  6.32859E-01
   513  1.29060E+00 -3.50745E+00 -3.50493E+00 -2.51907E-03  0.00000E+00  0.00000E+00  5.86459E-01
   514  1.31795E+00 -3.35786E+00 -3.35548E+00 -2.38472E-03  0.00000E+00  0.00000E+00  5.43559E-01
   515  1.34584E+00 -3.21231E+00 -3.21006E+00 -2.25773E-03  0.00000E+00  0.00000E+00  5.03864E-01
   516  1.37427E+00 -3.07078E+00 -3.06864E+00 -2.13760E-03  0.00000E+00  0.00000E+00  4.67109E-01
   517  1.40325E+00 -2.93323E+00 -2.93120E+00 -2.02384E-03  0.00000E+00  0.00000E+00  4.33051E-01
   518  1.43278E+00 -2.79964E+00 -2.79772E+00 -1.91601E-03  0.00000E+00  0.00000E+00  4.01470E-01
   519  1.46288E+00 -2.66999E+00 -2.66817E+00 -1.81372E-03  0.00000E+00  0.00000E+00  3.72167E-01
   520  1.49356E+00 -2.54425E+00 -2.54253E+00 -1.71660E-03  0.00000E+00  0.00000E+00  3.44959E-01
   521  1.52481E+00 -2.42239E+00 -2.42076E+00 -1.62431E-03  0.00000E+00  0.00000E+00  3.19683E-01
   522  1.55666E+00 -2.30439E+00 -2.30285E+00 -1.53655E-03  0.00000E+00  0.00000E+00  2.96189E-01
   523  1.58911E+00 -2.19021E+00 -2.18875E+00 -1.45303E-03  0.00000E+00  0.00000E+00  2.74341E-01
   524  1.62217E+00 -2.07982E+00 -2.07845E+00 -1.37352E-03  0.00000E+00  0.00000E+00  2.54017E-01
   525  1.65585E+00 -1.97319E+00 -1.97190E+00 -1.29777E-03  0.00000E+00  0.00000E+00  2.35104E-01
   526  1.69016E+00 -1.87029E+00 -1.86907E+00 -1.22558E-03  0.00000E+00  0.00000E+00  2.17501E-01
   527  1.72510E+00 -1.77107E+00 -1.76991E+00 -1.15677E-03  0.00000E+00  0.00000E+00  2.01113E-01
   528  1.76069E+00 -1.67549E+00 -1.67440E+00 -1.09115E-03  0.00000E+00  0.00000E+00  1.85857E-01
   529  1.79693E+00 -1.58352E+00 -1.58249E+00 -1.02859E-03  0.00000E+00  0.00000E+00  1.71654E-01
   530  1.83383E+00 -1.49509E+00 -1.49412E+00 -9.68935E-04  0.00000E+00  0.00000E+00  1.58433E-01
   531  1.87141E+00 -1.41016E+00 -1.40925E+00 -9.12057E-04  0.00000E+00  0.00000E+00  1.46129E-01
   532  1.90967E+00 -1.32869E+00 -1.32783E+00 -8.57840E-04  0.00000E+00  0.00000E+00  1.34680E-01
   533  1.94863E+00 -1.25060E+00 -1.24979E+00 -8.06175E-04  0.00000E+00  0.00000E+00  1.24032E-01
   534  1.98828E+00 -1.17585E+00 -1.17509E+00 -7.56962E-04  0.00000E+00  0.00000E+00  1.14131E-01
   535  2.02864E+00 -1.10436E+00 -1.10365E+00 -7.10108E-04  0.00000E+00  0.00000E+00  1.04932E-01
   536  2.06972E+00 -1.03608E+00 -1.03542E+00 -6.65526E-04  0.00000E+00  0.00000E+00  9.63873E-02
   537  2.11153E+00 -9.70942E-01 -9.70319E-01 -6.23133E-04  0.00000E+00  0.00000E+00  8.84569E-02
   538  2.15407E+00 -9.08867E-01 -9.08284E-01 -5.82852E-04  0.00000E+00  0.00000E+00  8.11013E-02
   539  2.19736E+00 -8.49784E-01 -8.49239E-01 -5.44608E-04  0.00000E+00  0.00000E+00  7.42840E-02
   540  2.24141E+00 -7.93618E-01 -7.93110E-01 -5.08329E-04  0.00000E+00  0.00000E+00  6.79708E-02
   541  2.28622E+00 -7.40291E-01 -7.39818E-01 -4.73948E-04  0.00000E+00  0.00000E+00  6.21293E-02
   542  2.33181E+00 -6.89724E-01 -6.89283E-01 -4.41396E-04  0.00000E+00  0.00000E+00  5.67293E-02
   543  2.37818E+00 -6.41835E-01 -6.41424E-01 -4.10609E-04  0.00000E+00  0.00000E+00  5.17421E-02
   544  2.42534E+00 -5.96540E-01 -5.96158E-01 -3.81523E-04  0.00000E+00  0.00000E+00  4.71408E-02
   545  2.47330E+00 -5.53755E-01 -5.53401E-01 -3.54075E-04  0.00000E+00  0.00000E+00  4.28999E-02
   546  2.52207E+00 -5.13395E-01 -5.13067E-01 -3.28203E-04  0.00000E+00  0.00000E+00  3.89954E-02
   547  2.57167E+00 -4.75374E-01 -4.75070E-01 -3.03846E-04  0.00000E+00  0.00000E+00  3.54046E-02
   548  2.62209E+00 -4.39604E-01 -4.39323E-01 -2.80944E-04  0.00000E+00  0.00000E+00  3.21060E-02
   549  2.67334E+00 -4.05999E-01 -4.05740E-01 -2.59439E-04  0.00000E+00  0.00000E+00  2.90794E-02
   550  2.72545E+00 -3.74472E-01 -3.74233E-01 -2.39270E-04  0.00000E+00  0.00000E+00  2.63057E-02
   551  2.77841E+00 -3.44936E-01 -3.44716E-01 -2.20382E-04  0.00000E+00  0.00000E+00  2.37669E-02
   552  2.83223E+00 -3.17305E-01 -3.17102E-01 -2.02716E-04  0.00000E+00  0.00000E+00  2.14460E-02
   553  2.88692E+00 -2.91493E-01 -2.91307E-01 -1.86216E-04  0.00000E+00  0.00000E+00  1.93270E-02
   554  2.94250E+00 -2.67415E-01 -2.67244E-01 -1.70827E-04  0.00000E+00  0.00000E+00  1.73948E-02
   555  2.99896E+00 -2.44988E-01 -2.44831E-01 -1.56496E-04  0.00000E+00  0.00000E+00  1.56353E-02
   556  3.05632E+00 -2.24130E-01 -2.23986E-01 -1.43168E-04  0.00000E+00  0.00000E+00  1.40351E-02
   557  3.11459E+00 -2.04759E-01 -2.04628E-01 -1.30793E-04  0.00000E+00  0.00000E+00  1.25819E-02
   558  3.17378E+00 -1.86798E-01 -1.86678E-01 -1.19318E-04  0.00000E+00  0.00000E+00  1.12640E-02
   559  3.23388E+00 -1.70168E-01 -1.70059E-01 -1.08694E-04  0.00000E+00  0.00000E+00  1.00703E-02
   560  3.29492E+00 -1.54795E-01 -1.54696E-01 -9.88741E-05  0.00000E+00  0.00000E+00  8.99073E-03
   561  3.35690E+00 -1.40606E-01 -1.40516E-01 -8.98105E-05  0.00000E+00  0.00000E+00  8.01575E-03
   562  3.41982E+00 -1.27530E-01 -1.27449E-01 -8.14582E-05  0.00000E+00  0.00000E+00  7.13648E-03
   563  3.48370E+00 -1.15500E-01 -1.15426E-01 -7.37735E-05  0.00000E+00  0.00000E+00  6.34469E-03
   564  3.54854E+00 -1.04448E-01 -1.04381E-01 -6.67141E-05  0.00000E+00  0.00000E+00  5.63271E-03
   565  3.61435E+00 -9.43112E-02 -9.42509E-02 -6.02396E-05  0.00000E+00  0.00000E+00  4.99344E-03
   566  3.68113E+00 -8.50295E-02 -8.49752E-02 -5.43111E-05  0.00000E+00  0.00000E+00  4.42031E-03
   567  3.74890E+00 -7.65443E-02 -7.64955E-02 -4.88913E-05  0.00000E+00  0.00000E+00  3.90726E-03
   568  3.81767E+00 -6.88000E-02 -6.87561E-02 -4.39448E-05  0.00000E+00  0.00000E+00  3.44868E-03
   569  3.88743E+00 -6.17435E-02 -6.17040E-02 -3.94376E-05  0.00000E+00  0.00000E+00  3.03942E-03
   570  3.95819E+00 -5.53243E-02 -5.52890E-02 -3.53375E-05  0.00000E+00  0.00000E+00  2.67473E-03
   571  4.02997E+00 -4.94947E-02 -4.94631E-02 -3.16140E-05  0.00000E+00  0.00000E+00  2.35027E-03
   572  4.10277E+00 -4.42095E-02 -4.41813E-02 -2.82381E-05  0.00000E+00  0.00000E+00  2.06205E-03
   573  4.17660E+00 -3.94259E-02 -3.94007E-02 -2.51827E-05  0.00000E+00  0.00000E+00  1.80642E-03
   574  4.25145E+00 -3.51036E-02 -3.50812E-02 -2.24219E-05  0.00000E+00  0.00000E+00  1.58007E-03
   575  4.32735E+00 -3.12050E-02 -3.11850E-02 -1.99317E-05  0.00000E+00  0.00000E+00  1.37995E-03
   576  4.40428E+00 -2.76944E-02 -2.76767E-02 -1.76894E-05  0.00000E+00  0.00000E+00  1.20331E-03
   577  4.48227E+00 -2.45388E-02 -2.45231E-02 -1.56738E-05  0.00000E+00  0.00000E+00  1.04765E-03
   578  4.56131E+00 -2.17072E-02 -2.16933E-02 -1.38652E-05  0.00000E+00  0.00000E+00  9.10695E-04
   579  4.64142E+00 -1.91707E-02 -1.91585E-02 -1.22451E-05  0.00000E+00  0.00000E+00  7.90401E-04
   580  4.72259E+00 -1.69027E-02 -1.68919E-02 -1.07964E-05  0.00000E+00  0.00000E+00  6.84913E-04
   581  4.80483E+00 -1.48782E-02 -1.48687E-02 -9.50328E-06  0.00000E+00  0.00000E+00  5.92560E-04
   582  4.88815E+00 -1.30744E-02 -1.30660E-02 -8.35111E-06  0.00000E+00  0.00000E+00  5.11843E-04
   583  4.97254E+00 -1.14700E-02 -1.14626E-02 -7.32632E-06  0.00000E+00  0.00000E+00  4.41412E-04
   584  5.05803E+00 -1.00455E-02 -1.00391E-02 -6.41647E-06  0.00000E+00  0.00000E+00  3.80059E-04
   585  5.14460E+00 -8.78311E-03 -8.77750E-03 -5.61012E-06  0.00000E+00  0.00000E+00  3.26705E-04
   586  5.23227E+00 -7.66632E-03 -7.66142E-03 -4.89678E-06  0.00000E+00  0.00000E+00  2.80386E-04
   587  5.32104E+00 -6.68013E-03 -6.67586E-03 -4.26686E-06  0.00000E+00  0.00000E+00  2.40242E-04
   588  5.41091E+00 -5.81086E-03 -5.80715E-03 -3.71163E-06  0.00000E+00  0.00000E+00  2.05508E-04
   589  5.50189E+00 -5.04604E-03 -5.04281E-03 -3.22311E-06  0.00000E+00  0.00000E+00  1.75509E-04
   590  5.59397E+00 -4.37434E-03 -4.37155E-03 -2.79407E-06  0.00000E+00  0.00000E+00  1.49642E-04
   591  5.68717E+00 -3.78552E-03 -3.78310E-03 -2.41796E-06  0.00000E+00  0.00000E+00  1.27376E-04
   592  5.78149E+00 -3.27029E-03 -3.26820E-03 -2.08886E-06  0.00000E+00  0.00000E+00  1.08244E-04
   593  5.87693E+00 -2.82028E-03 -2.81848E-03 -1.80143E-06  0.00000E+00  0.00000E+00  9.18336E-05
   594  5.97348E+00 -2.42797E-03 -2.42642E-03 -1.55084E-06  0.00000E+00  0.00000E+00  7.77812E-05
   595  6.07117E+00 -2.08658E-03 -2.08525E-03 -1.33278E-06  0.00000E+00  0.00000E+00  6.57693E-05
   596  6.16998E+00 -1.79006E-03 -1.78892E-03 -1.14339E-06  0.00000E+00  0.00000E+00  5.55194E-05
   597  6.26991E+00 -1.53300E-03 -1.53202E-03 -9.79187E-07  0.00000E+00  0.00000E+00  4.67886E-05
   598  6.37098E+00 -1.31054E-03 -1.30971E-03 -8.37098E-07  0.00000E+00  0.00000E+00  3.93645E-05
   599  6.47319E+00 -1.11840E-03 -1.11769E-03 -7.14370E-07  0.00000E+00  0.00000E+00  3.30629E-05
   600  6.57653E+00 -9.52755E-04 -9.52147E-04 -6.08563E-07  0.00000E+00  0.00000E+00  2.77233E-05
   601  6.68100E+00 -8.10211E-04 -8.09694E-04 -5.17515E-07  0.00000E+00  0.00000E+00  2.32069E-05
   602  6.78661E+00 -6.87779E-04 -6.87340E-04 -4.39312E-07  0.00000E+00  0.00000E+00  1.93935E-05
   603  6.89336E+00 -5.82817E-04 -5.82445E-04 -3.72269E-07  0.00000E+00  0.00000E+00  1.61794E-05
   604  7.00125E+00 -4.93001E-04 -4.92687E-04 -3.14900E-07  0.00000E+00  0.00000E+00  1.34751E-05
   605  7.11028E+00 -4.16290E-04 -4.16024E-04 -2.65901E-07  0.00000E+00  0.00000E+00  1.12039E-05
   606  7.22046E+00 -3.50893E-04 -3.50669E-04 -2.24130E-07  0.00000E+00  0.00000E+00  9.29972E-06
   607  7.33177E+00 -2.95246E-04 -2.95058E-04 -1.88586E-07  0.00000E+00  0.00000E+00  7.70612E-06
   608  7.44422E+00 -2.47985E-04 -2.47827E-04 -1.58398E-07  0.00000E+00  0.00000E+00  6.37479E-06
   609  7.55782E+00 -2.07921E-04 -2.07788E-04 -1.32807E-07  0.00000E+00  0.00000E+00  5.26455E-06
   610  7.67256E+00 -1.74021E-04 -1.73910E-04 -1.11154E-07  0.00000E+00  0.00000E+00  4.34031E-06
   611  7.78843E+00 -1.45390E-04 -1.45298E-04 -9.28668E-08  0.00000E+00  0.00000E+00  3.57228E-06
   612  7.90545E+00 -1.21256E-04 -1.21178E-04 -7.74509E-08  0.00000E+00  0.00000E+00  2.93518E-06
   613  8.02361E+00 -1.00949E-04 -1.00884E-04 -6.44800E-08  0.00000E+00  0.00000E+00  2.40763E-06
   614  8.14291E+00 -8.38942E-05 -8.38406E-05 -5.35866E-08  0.00000E+00  0.00000E+00  1.97157E-06
   615  8.26334E+00 -6.95979E-05 -6.95535E-05 -4.44550E-08  0.00000E+00  0.00000E+00  1.61176E-06
   616  8.38491E+00 -5.76362E-05 -5.75994E-05 -3.68146E-08  0.00000E+00  0.00000E+00  1.31540E-06
   617  8.50762E+00 -4.76463E-05 -4.76159E-05 -3.04336E-08  0.00000E+00  0.00000E+00  1.07172E-06
   618  8.63146E+00 -3.93187E-05 -3.92936E-05 -2.51145E-08  0.00000E+00  0.00000E+00  8.71716E-07
   619  8.75643E+00 -3.23897E-05 -3.23690E-05 -2.06886E-08  0.00000E+00  0.00000E+00  7.07847E-07
   620  8.88254E+00 -2.66350E-05 -2.66180E-05 -1.70128E-08  0.00000E+00  0.00000E+00  5.73819E-07
   621  9.00977E+00 -2.18644E-05 -2.18504E-05 -1.39657E-08  0.00000E+00  0.00000E+00  4.64391E-07
   622  9.13813E+00 -1.79170E-05 -1.79055E-05 -1.14443E-08  0.00000E+00  0.00000E+00  3.75204E-07
   623  9.26761E+00 -1.46566E-05 -1.46473E-05 -9.36178E-09  0.00000E+00  0.00000E+00  3.02640E-07
   624  9.39822E+00 -1.19687E-05 -1.19611E-05 -7.64490E-09  0.00000E+00  0.00000E+00  2.43704E-07
   625  9.52994E+00 -9.75679E-06 -9.75055E-06 -6.23206E-09  0.00000E+00  0.00000E+00  1.95919E-07
   626  9.66278E+00 -7.93988E-06 -7.93481E-06 -5.07153E-09  0.00000E+00  0.00000E+00  1.57243E-07
   627  9.79673E+00 -6.45017E-06 -6.44605E-06 -4.11999E-09  0.00000E+00  0.00000E+00  1.25994E-07
   628  9.93180E+00 -5.23094E-06 -5.22760E-06 -3.34121E-09  0.00000E+00  0.00000E+00  1.00789E-07
   629  1.00680E+01 -4.23489E-06 -4.23218E-06 -2.70500E-09  0.00000E+00  0.00000E+00  8.04933E-08
   630  1.02052E+01 -3.42263E-06 -3.42044E-06 -2.18617E-09  0.00000E+00  0.00000E+00  6.41795E-08
   631  1.03436E+01 -2.76144E-06 -2.75968E-06 -1.76385E-09  0.00000E+00  0.00000E+00  5.10885E-08
   632  1.04831E+01 -2.22419E-06 -2.22277E-06 -1.42068E-09  0.00000E+00  0.00000E+00  4.06015E-08
   633  1.06237E+01 -1.78843E-06 -1.78728E-06 -1.14234E-09  0.00000E+00  0.00000E+00  3.22149E-08
   634  1.07653E+01 -1.43560E-06 -1.43469E-06 -9.16980E-10  0.00000E+00  0.00000E+00  2.55192E-08
   635  1.09081E+01 -1.15045E-06 -1.14971E-06 -7.34838E-10  0.00000E+00  0.00000E+00  2.01827E-08
   636  1.10519E+01 -9.20383E-07 -9.19795E-07 -5.87887E-10  0.00000E+00  0.00000E+00  1.59364E-08
   637  1.11968E+01 -7.35095E-07 -7.34625E-07 -4.69535E-10  0.00000E+00  0.00000E+00  1.25634E-08
   638  1.13428E+01 -5.86130E-07 -5.85755E-07 -3.74385E-10  0.00000E+00  0.00000E+00  9.88856E-09
   639  1.14899E+01 -4.66576E-07 -4.66278E-07 -2.98021E-10  0.00000E+00  0.00000E+00  7.77083E-09
   640  1.16380E+01 -3.70794E-07 -3.70557E-07 -2.36841E-10  0.00000E+00  0.00000E+00  6.09697E-09
   641  1.17872E+01 -2.94189E-07 -2.94001E-07 -1.87911E-10  0.00000E+00  0.00000E+00  4.77613E-09
   642  1.19374E+01 -2.33028E-07 -2.32879E-07 -1.48844E-10  0.00000E+00  0.00000E+00  3.73557E-09
   643  1.20887E+01 -1.84280E-07 -1.84163E-07 -1.17707E-10  0.00000E+00  0.00000E+00  2.91715E-09
   644  1.22411E+01 -1.45493E-07 -1.45400E-07 -9.29327E-11  0.00000E+00  0.00000E+00  2.27449E-09
   645  1.23945E+01 -1.14684E-07 -1.14611E-07 -7.32537E-11  0.00000E+00  0.00000E+00  1.77066E-09
   646  1.25489E+01 -9.02536E-08 -9.01959E-08 -5.76487E-11  0.00000E+00  0.00000E+00  1.37632E-09
   647  1.27044E+01 -7.09133E-08 -7.08680E-08 -4.52953E-11  0.00000E+00  0.00000E+00  1.06816E-09
   648  1.28609E+01 -5.56284E-08 -5.55928E-08 -3.55322E-11  0.00000E+00  0.00000E+00  8.27726E-10
   649  1.30184E+01 -4.35687E-08 -4.35409E-08 -2.78292E-11  0.00000E+00  0.00000E+00  6.40439E-10
   650  1.31769E+01 -3.40695E-08 -3.40477E-08 -2.17616E-11  0.00000E+00  0.00000E+00  4.94779E-10
   651  1.33365E+01 -2.65995E-08 -2.65825E-08 -1.69902E-11  0.00000E+00  0.00000E+00  3.81673E-10
   652  1.34971E+01 -2.07348E-08 -2.07215E-08 -1.32442E-11  0.00000E+00  0.00000E+00  2.93982E-10
   653  1.36587E+01 -1.61380E-08 -1.61277E-08 -1.03080E-11  0.00000E+00  0.00000E+00  2.26101E-10
   654  1.38212E+01 -1.25408E-08 -1.25328E-08 -8.01032E-12  0.00000E+00  0.00000E+00  1.73636E-10
   655  1.39848E+01 -9.73040E-09 -9.72419E-09 -6.21521E-12  0.00000E+00  0.00000E+00  1.33148E-10
   656  1.41494E+01 -7.53824E-09 -7.53343E-09 -4.81499E-12  0.00000E+00  0.00000E+00  1.01952E-10
   657  1.43149E+01 -5.83106E-09 -5.82733E-09 -3.72453E-12  0.00000E+00  0.00000E+00  7.79505E-11
   658  1.44814E+01 -4.50365E-09 -4.50078E-09 -2.87667E-12  0.00000E+00  0.00000E+00  5.95132E-11
   659  1.46489E+01 -3.47318E-09 -3.47096E-09 -2.21846E-12  0.00000E+00  0.00000E+00  4.53713E-11
   660  1.48174E+01 -2.67447E-09 -2.67276E-09 -1.70829E-12  0.00000E+00  0.00000E+00  3.45402E-11
   661  1.49868E+01 -2.05637E-09 -2.05506E-09 -1.31348E-12  0.00000E+00  0.00000E+00  2.62573E-11
   662  1.51572E+01 -1.57877E-09 -1.57776E-09 -1.00842E-12  0.00000E+00  0.00000E+00  1.99323E-11
   663  1.53285E+01 -1.21032E-09 -1.20954E-09 -7.73066E-13  0.00000E+00  0.00000E+00  1.51096E-11
   664  1.55008E+01 -9.26486E-10 -9.25894E-10 -5.91774E-13  0.00000E+00  0.00000E+00  1.14377E-11
   665  1.56740E+01 -7.08181E-10 -7.07729E-10 -4.52337E-13  0.00000E+00  0.00000E+00  8.64605E-12
   666  1.58481E+01 -5.40542E-10 -5.40197E-10 -3.45254E-13  0.00000E+00  0.00000E+00  6.52673E-12
   667  1.60232E+01 -4.11994E-10 -4.11731E-10 -2.63142E-13  0.00000E+00  0.00000E+00  4.92012E-12
   668  1.61992E+01 -3.13564E-10 -3.13364E-10 -2.00272E-13  0.00000E+00  0.00000E+00  3.70391E-12
   669  1.63762E+01 -2.38312E-10 -2.38160E-10 -1.52206E-13  0.00000E+00  0.00000E+00  2.78454E-12
   670  1.65540E+01 -1.80878E-10 -1.80762E-10 -1.15512E-13  0.00000E+00  0.00000E+00  2.09055E-12
   671  1.67327E+01 -1.37080E-10 -1.36993E-10 -8.75416E-14  0.00000E+00  0.00000E+00  1.56741E-12
   672  1.69124E+01 -1.03749E-10 -1.03682E-10 -6.62513E-14  0.00000E+00  0.00000E+00  1.17361E-12
   673  1.70929E+01 -7.84087E-11 -7.83587E-11 -5.00694E-14  0.00000E+00  0.00000E+00  8.77590E-13
   674  1.72743E+01 -5.91834E-11 -5.91456E-11 -3.77877E-14  0.00000E+00  0.00000E+00  6.55368E-13
   675  1.74566E+01 -4.46079E-11 -4.45795E-11 -2.84797E-14  0.00000E+00  0.00000E+00  4.88776E-13
   676  1.76398E+01 -3.35875E-11 -3.35660E-11 -2.14352E-14  0.00000E+00  0.00000E+00  3.64057E-13
   677  1.78239E+01 -2.52546E-11 -2.52385E-11 -1.61114E-14  0.00000E+00  0.00000E+00  2.70811E-13
   678  1.80088E+01 -1.89552E-11 -1.89431E-11 -1.20936E-14  0.00000E+00  0.00000E+00  2.01190E-13
   679  1.81946E+01 -1.42199E-11 -1.42109E-11 -9.06563E-15  0.00000E+00  0.00000E+00  1.49277E-13
   680  1.83812E+01 -1.06507E-11 -1.06439E-11 -6.78680E-15  0.00000E+00  0.00000E+00  1.10618E-13
   681  1.85687E+01 -7.96315E-12 -7.95808E-12 -5.07411E-15  0.00000E+00  0.00000E+00  8.18681E-14
   682  1.87570E+01 -5.94393E-12 -5.94014E-12 -3.78868E-15  0.00000E+00  0.00000E+00  6.05145E-14
   683  1.89462E+01 -4.43661E-12 -4.43379E-12 -2.82521E-15  0.00000E+00  0.00000E+00  4.46750E-14
   684  1.91362E+01 -3.31323E-12 -3.31113E-12 -2.10404E-15  0.00000E+00  0.00000E+00  3.29408E-14
   685  1.93270E+01 -2.46004E-12 -2.45848E-12 -1.56495E-15  0.00000E+00  0.00000E+00  2.42589E-14
   686  1.95186E+01 -1.83436E-12 -1.83320E-12 -1.16250E-15  0.00000E+00  0.00000E+00  1.78435E-14
   687  1.97111E+01 -1.36510E-12 -1.36424E-12 -8.62461E-16  0.00000E+00  0.00000E+00  1.31089E-14
   688  1.99043E+01 -1.00961E-12 -1.00897E-12 -6.39058E-16  0.00000E+00  0.00000E+00  9.61895E-15
   689  2.00984E+01 -7.53648E-13 -7.53175E-13 -4.72933E-16  0.00000E+00  0.00000E+00  7.04974E-15
   690  2.02933E+01 -5.54573E-13 -5.54223E-13 -3.49560E-16  0.00000E+00  0.00000E+00  5.16065E-15
   691  2.04889E+01 -4.12373E-13 -4.12115E-13 -2.58053E-16  0.00000E+00  0.00000E+00  3.77334E-15
   692  2.06854E+01 -3.12829E-13 -3.12639E-13 -1.90269E-16  0.00000E+00  0.00000E+00  2.75575E-15
   693  2.08826E+01 -2.27514E-13 -2.27374E-13 -1.40120E-16  0.00000E+00  0.00000E+00  2.01026E-15
   694  2.10806E+01 -1.70633E-13 -1.70530E-13 -1.03065E-16  0.00000E+00  0.00000E+00  1.46475E-15
   695  2.12794E+01 -1.27973E-13 -1.27898E-13 -7.57186E-17  0.00000E+00  0.00000E+00  1.06605E-15
   696  2.14789E+01 -5.55622E-17 -0.00000E+00 -5.55622E-17  0.00000E+00  0.00000E+00  7.75001E-16
   697  2.14789E+01 -0.00000E+00 -0.00000E+00  0.00000E+00  0.00000E+00  0.00000E+00  0.00000E+00
   698  4.29578E+01 -0.00000E+00 -0.00000E+00  0.00000E+00  0.00000E+00  0.00000E+00  0.00000E+00
   699  8.59156E+01 -0.00000E+00 -0.00000E+00  0.00000E+00  0.00000E+00  0.00000E+00  0.00000E+00
   700  1.71831E+02 -0.00000E+00 -0.00000E+00  0.00000E+00  0.00000E+00  0.00000E+00  0.00000E+00
   701  3.43662E+02 -0.00000E+00 -0.00000E+00  0.00000E+00  0.00000E+00  0.00000E+00  0.00000E+00
   702  6.87325E+02 -0.00000E+00 -0.00000E+00  0.00000E+00  0.00000E+00  0.00000E+00  0.00000E+00
   703  1.37465E+03 -0.00000E+00 -0.00000E+00  0.00000E+00  0.00000E+00  0.00000E+00  0.00000E+00
   704  2.74930E+03 -0.00000E+00 -0.00000E+00  0.00000E+00  0.00000E+00  0.00000E+00  0.00000E+00
   705  5.49860E+03 -0.00000E+00 -0.00000E+00  0.00000E+00  0.00000E+00  0.00000E+00  0.00000E+00
   706  1.09972E+04 -0.00000E+00 -0.00000E+00  0.00000E+00  0.00000E+00  0.00000E+00  0.00000E+00
