 #  Scattering amplitudes (in cm)      MU=(1-cos(TH))/2
 #  Z =  80,   projectile: electron
 #  Kinetic energy = 2.50000E+04 eV
 #
 # TH (deg)      MU          Re(F)        Im(F)        Re(G)        Im(G)
 #--------------------------------------------------------------------------
  0.000E+00  0.00000E+00  8.80331E-08  3.21244E-08  0.00000E+00  0.00000E+00
  1.000E-04  7.61557E-13  8.80331E-08  3.21244E-08  3.56241E-15  1.36498E-15
  1.250E-04  1.18994E-12  8.80331E-08  3.21244E-08  4.45301E-15  1.70622E-15
  1.500E-04  1.71346E-12  8.80331E-08  3.21244E-08  5.34361E-15  2.04746E-15
  1.750E-04  2.33225E-12  8.80331E-08  3.21244E-08  6.23421E-15  2.38871E-15
  2.000E-04  3.04617E-12  8.80331E-08  3.21244E-08  7.12481E-15  2.72995E-15
  2.250E-04  3.85530E-12  8.80331E-08  3.21244E-08  8.01542E-15  3.07120E-15
  2.500E-04  4.75964E-12  8.80331E-08  3.21244E-08  8.90602E-15  3.41244E-15
  2.750E-04  5.75917E-12  8.80331E-08  3.21244E-08  9.79662E-15  3.75368E-15
  3.000E-04  6.85391E-12  8.80331E-08  3.21244E-08  1.06872E-14  4.09493E-15
  3.250E-04  8.04379E-12  8.80331E-08  3.21244E-08  1.15778E-14  4.43617E-15
  3.500E-04  9.32893E-12  8.80331E-08  3.21244E-08  1.24684E-14  4.77741E-15
  3.750E-04  1.07092E-11  8.80331E-08  3.21244E-08  1.33590E-14  5.11866E-15
  4.000E-04  1.21847E-11  8.80331E-08  3.21244E-08  1.42496E-14  5.45990E-15
  4.250E-04  1.37554E-11  8.80331E-08  3.21244E-08  1.51402E-14  5.80115E-15
  4.500E-04  1.54213E-11  8.80331E-08  3.21244E-08  1.60308E-14  6.14239E-15
  4.750E-04  1.71823E-11  8.80331E-08  3.21244E-08  1.69214E-14  6.48363E-15
  5.000E-04  1.90386E-11  8.80331E-08  3.21244E-08  1.78120E-14  6.82488E-15
  5.250E-04  2.09900E-11  8.80331E-08  3.21244E-08  1.87026E-14  7.16612E-15
  5.500E-04  2.30367E-11  8.80331E-08  3.21244E-08  1.95932E-14  7.50737E-15
  5.750E-04  2.51785E-11  8.80331E-08  3.21244E-08  2.04838E-14  7.84861E-15
  6.000E-04  2.74156E-11  8.80331E-08  3.21244E-08  2.13744E-14  8.18985E-15
  6.250E-04  2.97478E-11  8.80331E-08  3.21244E-08  2.22650E-14  8.53110E-15
  6.500E-04  3.21752E-11  8.80331E-08  3.21244E-08  2.31556E-14  8.87234E-15
  6.750E-04  3.46979E-11  8.80331E-08  3.21244E-08  2.40462E-14  9.21359E-15
  7.000E-04  3.73157E-11  8.80331E-08  3.21244E-08  2.49368E-14  9.55483E-15
  7.250E-04  4.00286E-11  8.80331E-08  3.21244E-08  2.58274E-14  9.89607E-15
  7.500E-04  4.28368E-11  8.80331E-08  3.21244E-08  2.67180E-14  1.02373E-14
  7.750E-04  4.57402E-11  8.80331E-08  3.21244E-08  2.76086E-14  1.05786E-14
  8.000E-04  4.87388E-11  8.80331E-08  3.21244E-08  2.84993E-14  1.09198E-14
  8.250E-04  5.18325E-11  8.80331E-08  3.21244E-08  2.93899E-14  1.12610E-14
  8.500E-04  5.50215E-11  8.80331E-08  3.21244E-08  3.02805E-14  1.16023E-14
  8.750E-04  5.83057E-11  8.80331E-08  3.21244E-08  3.11711E-14  1.19435E-14
  9.000E-04  6.16850E-11  8.80331E-08  3.21244E-08  3.20617E-14  1.22848E-14
  9.250E-04  6.51595E-11  8.80331E-08  3.21244E-08  3.29523E-14  1.26260E-14
  9.500E-04  6.87293E-11  8.80331E-08  3.21244E-08  3.38429E-14  1.29673E-14
  9.750E-04  7.23943E-11  8.80331E-08  3.21244E-08  3.47335E-14  1.33085E-14
  1.000E-03  7.61544E-11  8.80331E-08  3.21244E-08  3.56241E-14  1.36498E-14
  1.250E-03  1.18991E-10  8.80331E-08  3.21244E-08  4.45301E-14  1.70622E-14
  1.500E-03  1.71347E-10  8.80331E-08  3.21244E-08  5.34361E-14  2.04746E-14
  1.750E-03  2.33223E-10  8.80330E-08  3.21243E-08  6.23421E-14  2.38871E-14
  2.000E-03  3.04617E-10  8.80330E-08  3.21243E-08  7.12481E-14  2.72995E-14
  2.250E-03  3.85531E-10  8.80330E-08  3.21243E-08  8.01540E-14  3.07119E-14
  2.500E-03  4.75965E-10  8.80330E-08  3.21243E-08  8.90600E-14  3.41244E-14
  2.750E-03  5.75917E-10  8.80329E-08  3.21243E-08  9.79660E-14  3.75368E-14
  3.000E-03  6.85389E-10  8.80329E-08  3.21243E-08  1.06872E-13  4.09493E-14
  3.250E-03  8.04380E-10  8.80329E-08  3.21243E-08  1.15778E-13  4.43617E-14
  3.500E-03  9.32891E-10  8.80328E-08  3.21243E-08  1.24684E-13  4.77741E-14
  3.750E-03  1.07092E-09  8.80328E-08  3.21243E-08  1.33590E-13  5.11866E-14
  4.000E-03  1.21847E-09  8.80327E-08  3.21243E-08  1.42496E-13  5.45990E-14
  4.250E-03  1.37554E-09  8.80327E-08  3.21243E-08  1.51402E-13  5.80114E-14
  4.500E-03  1.54213E-09  8.80326E-08  3.21243E-08  1.60307E-13  6.14239E-14
  4.750E-03  1.71823E-09  8.80326E-08  3.21243E-08  1.69213E-13  6.48363E-14
  5.000E-03  1.90386E-09  8.80325E-08  3.21243E-08  1.78119E-13  6.82487E-14
  5.250E-03  2.09900E-09  8.80325E-08  3.21243E-08  1.87025E-13  7.16612E-14
  5.500E-03  2.30367E-09  8.80324E-08  3.21243E-08  1.95931E-13  7.50736E-14
  5.750E-03  2.51785E-09  8.80323E-08  3.21243E-08  2.04837E-13  7.84860E-14
  6.000E-03  2.74156E-09  8.80323E-08  3.21243E-08  2.13742E-13  8.18984E-14
  6.250E-03  2.97478E-09  8.80322E-08  3.21243E-08  2.22648E-13  8.53109E-14
  6.500E-03  3.21752E-09  8.80321E-08  3.21243E-08  2.31554E-13  8.87233E-14
  6.750E-03  3.46978E-09  8.80321E-08  3.21243E-08  2.40460E-13  9.21357E-14
  7.000E-03  3.73156E-09  8.80320E-08  3.21243E-08  2.49365E-13  9.55481E-14
  7.250E-03  4.00286E-09  8.80319E-08  3.21243E-08  2.58271E-13  9.89606E-14
  7.500E-03  4.28368E-09  8.80318E-08  3.21243E-08  2.67177E-13  1.02373E-13
  7.750E-03  4.57402E-09  8.80317E-08  3.21243E-08  2.76082E-13  1.05785E-13
  8.000E-03  4.87388E-09  8.80316E-08  3.21243E-08  2.84988E-13  1.09198E-13
  8.250E-03  5.18326E-09  8.80315E-08  3.21243E-08  2.93893E-13  1.12610E-13
  8.500E-03  5.50215E-09  8.80314E-08  3.21243E-08  3.02799E-13  1.16023E-13
  8.750E-03  5.83057E-09  8.80313E-08  3.21243E-08  3.11704E-13  1.19435E-13
  9.000E-03  6.16850E-09  8.80312E-08  3.21243E-08  3.20610E-13  1.22847E-13
  9.250E-03  6.51596E-09  8.80311E-08  3.21243E-08  3.29515E-13  1.26260E-13
  9.500E-03  6.87293E-09  8.80310E-08  3.21243E-08  3.38421E-13  1.29672E-13
  9.750E-03  7.23942E-09  8.80309E-08  3.21242E-08  3.47326E-13  1.33085E-13
  1.000E-02  7.61544E-09  8.80308E-08  3.21242E-08  3.56231E-13  1.36497E-13
  1.250E-02  1.18991E-08  8.80295E-08  3.21242E-08  4.45282E-13  1.70621E-13
  1.500E-02  1.71347E-08  8.80279E-08  3.21241E-08  5.34329E-13  2.04745E-13
  1.750E-02  2.33223E-08  8.80260E-08  3.21240E-08  6.23370E-13  2.38868E-13
  2.000E-02  3.04617E-08  8.80238E-08  3.21239E-08  7.12405E-13  2.72991E-13
  2.250E-02  3.85531E-08  8.80213E-08  3.21238E-08  8.01433E-13  3.07114E-13
  2.500E-02  4.75965E-08  8.80185E-08  3.21237E-08  8.90453E-13  3.41237E-13
  2.750E-02  5.75917E-08  8.80155E-08  3.21235E-08  9.79464E-13  3.75359E-13
  3.000E-02  6.85389E-08  8.80121E-08  3.21233E-08  1.06847E-12  4.09480E-13
  3.250E-02  8.04380E-08  8.80085E-08  3.21232E-08  1.15746E-12  4.43601E-13
  3.500E-02  9.32891E-08  8.80045E-08  3.21230E-08  1.24643E-12  4.77722E-13
  3.750E-02  1.07092E-07  8.80003E-08  3.21228E-08  1.33540E-12  5.11842E-13
  4.000E-02  1.21847E-07  8.79958E-08  3.21226E-08  1.42435E-12  5.45961E-13
  4.250E-02  1.37554E-07  8.79910E-08  3.21223E-08  1.51329E-12  5.80079E-13
  4.500E-02  1.54213E-07  8.79859E-08  3.21221E-08  1.60222E-12  6.14197E-13
  4.750E-02  1.71823E-07  8.79805E-08  3.21218E-08  1.69112E-12  6.48314E-13
  5.000E-02  1.90386E-07  8.79748E-08  3.21215E-08  1.78002E-12  6.82430E-13
  5.250E-02  2.09900E-07  8.79688E-08  3.21213E-08  1.86889E-12  7.16545E-13
  5.500E-02  2.30367E-07  8.79626E-08  3.21210E-08  1.95774E-12  7.50660E-13
  5.750E-02  2.51785E-07  8.79560E-08  3.21206E-08  2.04658E-12  7.84773E-13
  6.000E-02  2.74156E-07  8.79492E-08  3.21203E-08  2.13539E-12  8.18886E-13
  6.250E-02  2.97478E-07  8.79420E-08  3.21200E-08  2.22419E-12  8.52997E-13
  6.500E-02  3.21752E-07  8.79346E-08  3.21196E-08  2.31296E-12  8.87107E-13
  6.750E-02  3.46978E-07  8.79269E-08  3.21192E-08  2.40170E-12  9.21217E-13
  7.000E-02  3.73156E-07  8.79189E-08  3.21189E-08  2.49043E-12  9.55325E-13
  7.250E-02  4.00286E-07  8.79106E-08  3.21185E-08  2.57913E-12  9.89431E-13
  7.500E-02  4.28368E-07  8.79020E-08  3.21180E-08  2.66780E-12  1.02354E-12
  7.750E-02  4.57402E-07  8.78932E-08  3.21176E-08  2.75645E-12  1.05764E-12
  8.000E-02  4.87388E-07  8.78840E-08  3.21172E-08  2.84507E-12  1.09174E-12
  8.250E-02  5.18325E-07  8.78745E-08  3.21167E-08  2.93366E-12  1.12585E-12
  8.500E-02  5.50215E-07  8.78648E-08  3.21162E-08  3.02222E-12  1.15995E-12
  8.750E-02  5.83057E-07  8.78548E-08  3.21158E-08  3.11075E-12  1.19404E-12
  9.000E-02  6.16850E-07  8.78445E-08  3.21153E-08  3.19925E-12  1.22814E-12
  9.250E-02  6.51596E-07  8.78339E-08  3.21148E-08  3.28772E-12  1.26224E-12
  9.500E-02  6.87293E-07  8.78230E-08  3.21142E-08  3.37615E-12  1.29633E-12
  9.750E-02  7.23942E-07  8.78118E-08  3.21137E-08  3.46456E-12  1.33042E-12
  1.000E-01  7.61543E-07  8.78003E-08  3.21131E-08  3.55292E-12  1.36451E-12
  1.250E-01  1.18991E-06  8.76700E-08  3.21068E-08  4.43451E-12  1.70532E-12
  1.500E-01  1.71347E-06  8.75111E-08  3.20991E-08  5.31171E-12  2.04591E-12
  1.750E-01  2.33223E-06  8.73242E-08  3.20900E-08  6.18367E-12  2.38624E-12
  2.000E-01  3.04617E-06  8.71096E-08  3.20795E-08  7.04956E-12  2.72626E-12
  2.250E-01  3.85531E-06  8.68676E-08  3.20677E-08  7.90858E-12  3.06595E-12
  2.500E-01  4.75964E-06  8.65988E-08  3.20544E-08  8.75993E-12  3.40524E-12
  2.750E-01  5.75916E-06  8.63036E-08  3.20397E-08  9.60285E-12  3.74411E-12
  3.000E-01  6.85388E-06  8.59828E-08  3.20237E-08  1.04366E-11  4.08251E-12
  3.250E-01  8.04378E-06  8.56368E-08  3.20063E-08  1.12605E-11  4.42039E-12
  3.500E-01  9.32888E-06  8.52663E-08  3.19875E-08  1.20739E-11  4.75771E-12
  3.750E-01  1.07092E-05  8.48720E-08  3.19674E-08  1.28761E-11  5.09444E-12
  4.000E-01  1.21846E-05  8.44547E-08  3.19459E-08  1.36665E-11  5.43054E-12
  4.250E-01  1.37553E-05  8.40150E-08  3.19231E-08  1.44445E-11  5.76595E-12
  4.500E-01  1.54212E-05  8.35538E-08  3.18989E-08  1.52096E-11  6.10065E-12
  4.750E-01  1.71822E-05  8.30719E-08  3.18734E-08  1.59613E-11  6.43458E-12
  5.000E-01  1.90385E-05  8.25700E-08  3.18465E-08  1.66991E-11  6.76772E-12
  5.250E-01  2.09899E-05  8.20490E-08  3.18183E-08  1.74227E-11  7.10002E-12
  5.500E-01  2.30365E-05  8.15098E-08  3.17888E-08  1.81315E-11  7.43144E-12
  5.750E-01  2.51783E-05  8.09532E-08  3.17580E-08  1.88252E-11  7.76195E-12
  6.000E-01  2.74153E-05  8.03802E-08  3.17259E-08  1.95036E-11  8.09150E-12
  6.250E-01  2.97475E-05  7.97914E-08  3.16925E-08  2.01663E-11  8.42006E-12
  6.500E-01  3.21749E-05  7.91879E-08  3.16579E-08  2.08131E-11  8.74759E-12
  6.750E-01  3.46974E-05  7.85705E-08  3.16219E-08  2.14438E-11  9.07405E-12
  7.000E-01  3.73152E-05  7.79401E-08  3.15847E-08  2.20582E-11  9.39941E-12
  7.250E-01  4.00281E-05  7.72975E-08  3.15463E-08  2.26562E-11  9.72363E-12
  7.500E-01  4.28362E-05  7.66436E-08  3.15066E-08  2.32376E-11  1.00467E-11
  7.750E-01  4.57395E-05  7.59792E-08  3.14656E-08  2.38023E-11  1.03685E-11
  8.000E-01  4.87380E-05  7.53051E-08  3.14235E-08  2.43504E-11  1.06891E-11
  8.250E-01  5.18317E-05  7.46222E-08  3.13801E-08  2.48818E-11  1.10084E-11
  8.500E-01  5.50205E-05  7.39312E-08  3.13356E-08  2.53964E-11  1.13264E-11
  8.750E-01  5.83045E-05  7.32329E-08  3.12898E-08  2.58944E-11  1.16431E-11
  9.000E-01  6.16838E-05  7.25281E-08  3.12429E-08  2.63757E-11  1.19584E-11
  9.250E-01  6.51582E-05  7.18174E-08  3.11948E-08  2.68405E-11  1.22722E-11
  9.500E-01  6.87277E-05  7.11017E-08  3.11456E-08  2.72888E-11  1.25847E-11
  9.750E-01  7.23925E-05  7.03816E-08  3.10953E-08  2.77208E-11  1.28956E-11
  1.000E+00  7.61524E-05  6.96578E-08  3.10438E-08  2.81365E-11  1.32051E-11
  1.100E+00  9.21439E-05  6.67373E-08  3.08268E-08  2.96408E-11  1.44273E-11
  1.200E+00  1.09658E-04  6.38036E-08  3.05929E-08  3.09005E-11  1.56233E-11
  1.300E+00  1.28695E-04  6.08874E-08  3.03429E-08  3.19301E-11  1.67915E-11
  1.400E+00  1.49255E-04  5.80132E-08  3.00777E-08  3.27457E-11  1.79302E-11
  1.500E+00  1.71338E-04  5.52000E-08  2.97982E-08  3.33641E-11  1.90382E-11
  1.600E+00  1.94942E-04  5.24622E-08  2.95053E-08  3.38020E-11  2.01144E-11
  1.700E+00  2.20070E-04  4.98098E-08  2.92000E-08  3.40756E-11  2.11577E-11
  1.800E+00  2.46720E-04  4.72494E-08  2.88832E-08  3.42001E-11  2.21672E-11
  1.900E+00  2.74892E-04  4.47851E-08  2.85557E-08  3.41900E-11  2.31422E-11
  2.000E+00  3.04586E-04  4.24188E-08  2.82185E-08  3.40584E-11  2.40821E-11
  2.100E+00  3.35803E-04  4.01505E-08  2.78724E-08  3.38174E-11  2.49865E-11
  2.200E+00  3.68542E-04  3.79793E-08  2.75183E-08  3.34781E-11  2.58550E-11
  2.300E+00  4.02802E-04  3.59033E-08  2.71570E-08  3.30505E-11  2.66873E-11
  2.400E+00  4.38585E-04  3.39199E-08  2.67893E-08  3.25438E-11  2.74834E-11
  2.500E+00  4.75889E-04  3.20260E-08  2.64159E-08  3.19663E-11  2.82432E-11
  2.600E+00  5.14715E-04  3.02186E-08  2.60376E-08  3.13254E-11  2.89667E-11
  2.700E+00  5.55063E-04  2.84942E-08  2.56550E-08  3.06281E-11  2.96541E-11
  2.800E+00  5.96931E-04  2.68494E-08  2.52689E-08  2.98806E-11  3.03057E-11
  2.900E+00  6.40321E-04  2.52809E-08  2.48797E-08  2.90886E-11  3.09216E-11
  3.000E+00  6.85233E-04  2.37852E-08  2.44883E-08  2.82574E-11  3.15023E-11
  3.100E+00  7.31665E-04  2.23590E-08  2.40950E-08  2.73917E-11  3.20482E-11
  3.200E+00  7.79618E-04  2.09994E-08  2.37004E-08  2.64959E-11  3.25597E-11
  3.300E+00  8.29092E-04  1.97031E-08  2.33051E-08  2.55741E-11  3.30373E-11
  3.400E+00  8.80086E-04  1.84674E-08  2.29094E-08  2.46300E-11  3.34816E-11
  3.500E+00  9.32601E-04  1.72893E-08  2.25139E-08  2.36670E-11  3.38931E-11
  3.600E+00  9.86636E-04  1.61663E-08  2.21190E-08  2.26884E-11  3.42725E-11
  3.700E+00  1.04219E-03  1.50958E-08  2.17249E-08  2.16970E-11  3.46203E-11
  3.800E+00  1.09927E-03  1.40755E-08  2.13322E-08  2.06956E-11  3.49373E-11
  3.900E+00  1.15786E-03  1.31030E-08  2.09411E-08  1.96867E-11  3.52242E-11
  4.000E+00  1.21797E-03  1.21761E-08  2.05519E-08  1.86725E-11  3.54815E-11
  4.100E+00  1.27961E-03  1.12927E-08  2.01649E-08  1.76552E-11  3.57101E-11
  4.200E+00  1.34276E-03  1.04510E-08  1.97803E-08  1.66367E-11  3.59106E-11
  4.300E+00  1.40743E-03  9.64895E-09  1.93986E-08  1.56189E-11  3.60838E-11
  4.400E+00  1.47362E-03  8.88483E-09  1.90197E-08  1.46034E-11  3.62304E-11
  4.500E+00  1.54133E-03  8.15691E-09  1.86440E-08  1.35917E-11  3.63511E-11
  4.600E+00  1.61056E-03  7.46356E-09  1.82716E-08  1.25853E-11  3.64466E-11
  4.700E+00  1.68131E-03  6.80325E-09  1.79028E-08  1.15854E-11  3.65178E-11
  4.800E+00  1.75357E-03  6.17449E-09  1.75376E-08  1.05931E-11  3.65653E-11
  4.900E+00  1.82735E-03  5.57587E-09  1.71762E-08  9.60961E-12  3.65898E-11
  5.000E+00  1.90265E-03  5.00605E-09  1.68187E-08  8.63581E-12  3.65921E-11
  5.100E+00  1.97947E-03  4.46375E-09  1.64653E-08  7.67259E-12  3.65728E-11
  5.200E+00  2.05780E-03  3.94773E-09  1.61160E-08  6.72073E-12  3.65328E-11
  5.300E+00  2.13765E-03  3.45683E-09  1.57710E-08  5.78094E-12  3.64726E-11
  5.400E+00  2.21902E-03  2.98994E-09  1.54302E-08  4.85386E-12  3.63931E-11
  5.500E+00  2.30190E-03  2.54598E-09  1.50939E-08  3.94005E-12  3.62947E-11
  5.600E+00  2.38630E-03  2.12394E-09  1.47619E-08  3.04000E-12  3.61783E-11
  5.700E+00  2.47222E-03  1.72283E-09  1.44344E-08  2.15415E-12  3.60444E-11
  5.800E+00  2.55965E-03  1.34174E-09  1.41115E-08  1.28288E-12  3.58938E-11
  5.900E+00  2.64859E-03  9.79760E-10  1.37931E-08  4.26510E-13  3.57270E-11
  6.000E+00  2.73905E-03  6.36052E-10  1.34792E-08 -4.14684E-13  3.55446E-11
  6.100E+00  2.83103E-03  3.09798E-10  1.31700E-08 -1.24047E-12  3.53473E-11
  6.200E+00  2.92452E-03  2.21296E-13  1.28653E-08 -2.05066E-12  3.51356E-11
  6.300E+00  3.01952E-03 -2.93422E-10  1.25652E-08 -2.84511E-12  3.49102E-11
  6.400E+00  3.11604E-03 -5.71842E-10  1.22697E-08 -3.62371E-12  3.46715E-11
  6.500E+00  3.21407E-03 -8.35719E-10  1.19788E-08 -4.38636E-12  3.44202E-11
  6.600E+00  3.31362E-03 -1.08570E-09  1.16925E-08 -5.13304E-12  3.41568E-11
  6.700E+00  3.41468E-03 -1.32241E-09  1.14107E-08 -5.86371E-12  3.38817E-11
  6.800E+00  3.51725E-03 -1.54644E-09  1.11335E-08 -6.57838E-12  3.35955E-11
  6.900E+00  3.62133E-03 -1.75836E-09  1.08608E-08 -7.27709E-12  3.32987E-11
  7.000E+00  3.72692E-03 -1.95871E-09  1.05925E-08 -7.95987E-12  3.29918E-11
  7.100E+00  3.83403E-03 -2.14800E-09  1.03288E-08 -8.62680E-12  3.26752E-11
  7.200E+00  3.94265E-03 -2.32674E-09  1.00694E-08 -9.27797E-12  3.23494E-11
  7.300E+00  4.05278E-03 -2.49539E-09  9.81442E-09 -9.91347E-12  3.20148E-11
  7.400E+00  4.16442E-03 -2.65442E-09  9.56379E-09 -1.05334E-11  3.16719E-11
  7.500E+00  4.27757E-03 -2.80424E-09  9.31746E-09 -1.11380E-11  3.13211E-11
  7.600E+00  4.39223E-03 -2.94527E-09  9.07539E-09 -1.17272E-11  3.09627E-11
  7.700E+00  4.50840E-03 -3.07792E-09  8.83754E-09 -1.23013E-11  3.05972E-11
  7.800E+00  4.62608E-03 -3.20254E-09  8.60386E-09 -1.28605E-11  3.02249E-11
  7.900E+00  4.74527E-03 -3.31951E-09  8.37430E-09 -1.34048E-11  2.98463E-11
  8.000E+00  4.86597E-03 -3.42916E-09  8.14882E-09 -1.39345E-11  2.94616E-11
  8.100E+00  4.98817E-03 -3.53183E-09  7.92737E-09 -1.44498E-11  2.90713E-11
  8.200E+00  5.11188E-03 -3.62783E-09  7.70988E-09 -1.49507E-11  2.86756E-11
  8.300E+00  5.23711E-03 -3.71745E-09  7.49633E-09 -1.54376E-11  2.82748E-11
  8.400E+00  5.36383E-03 -3.80099E-09  7.28665E-09 -1.59105E-11  2.78694E-11
  8.500E+00  5.49207E-03 -3.87871E-09  7.08078E-09 -1.63698E-11  2.74595E-11
  8.600E+00  5.62181E-03 -3.95088E-09  6.87869E-09 -1.68155E-11  2.70456E-11
  8.700E+00  5.75306E-03 -4.01774E-09  6.68031E-09 -1.72478E-11  2.66278E-11
  8.800E+00  5.88581E-03 -4.07953E-09  6.48560E-09 -1.76671E-11  2.62064E-11
  8.900E+00  6.02007E-03 -4.13648E-09  6.29450E-09 -1.80733E-11  2.57818E-11
  9.000E+00  6.15583E-03 -4.18881E-09  6.10696E-09 -1.84669E-11  2.53542E-11
  9.100E+00  6.29310E-03 -4.23671E-09  5.92292E-09 -1.88478E-11  2.49238E-11
  9.200E+00  6.43187E-03 -4.28040E-09  5.74234E-09 -1.92164E-11  2.44909E-11
  9.300E+00  6.57214E-03 -4.32005E-09  5.56516E-09 -1.95728E-11  2.40556E-11
  9.400E+00  6.71392E-03 -4.35584E-09  5.39133E-09 -1.99171E-11  2.36184E-11
  9.500E+00  6.85720E-03 -4.38796E-09  5.22080E-09 -2.02497E-11  2.31793E-11
  9.600E+00  7.00198E-03 -4.41655E-09  5.05351E-09 -2.05707E-11  2.27385E-11
  9.700E+00  7.14827E-03 -4.44178E-09  4.88943E-09 -2.08801E-11  2.22964E-11
  9.800E+00  7.29605E-03 -4.46380E-09  4.72848E-09 -2.11784E-11  2.18530E-11
  9.900E+00  7.44534E-03 -4.48275E-09  4.57064E-09 -2.14655E-11  2.14087E-11
  1.000E+01  7.59612E-03 -4.49877E-09  4.41584E-09 -2.17417E-11  2.09635E-11
  1.025E+01  7.97965E-03 -4.52682E-09  4.04187E-09 -2.23856E-11  1.98481E-11
  1.050E+01  8.37255E-03 -4.53921E-09  3.68589E-09 -2.29648E-11  1.87314E-11
  1.075E+01  8.77480E-03 -4.53764E-09  3.34720E-09 -2.34821E-11  1.76160E-11
  1.100E+01  9.18641E-03 -4.52359E-09  3.02509E-09 -2.39397E-11  1.65041E-11
  1.125E+01  9.60736E-03 -4.49842E-09  2.71890E-09 -2.43399E-11  1.53981E-11
  1.150E+01  1.00376E-02 -4.46334E-09  2.42797E-09 -2.46851E-11  1.42998E-11
  1.175E+01  1.04773E-02 -4.41942E-09  2.15170E-09 -2.49772E-11  1.32112E-11
  1.200E+01  1.09262E-02 -4.36764E-09  1.88948E-09 -2.52183E-11  1.21341E-11
  1.225E+01  1.13844E-02 -4.30888E-09  1.64075E-09 -2.54105E-11  1.10699E-11
  1.250E+01  1.18520E-02 -4.24394E-09  1.40495E-09 -2.55556E-11  1.00204E-11
  1.275E+01  1.23288E-02 -4.17353E-09  1.18157E-09 -2.56554E-11  8.98682E-12
  1.300E+01  1.28150E-02 -4.09829E-09  9.70100E-10 -2.57117E-11  7.97049E-12
  1.325E+01  1.33104E-02 -4.01883E-09  7.70060E-10 -2.57262E-11  6.97262E-12
  1.350E+01  1.38150E-02 -3.93568E-09  5.80985E-10 -2.57007E-11  5.99431E-12
  1.375E+01  1.43290E-02 -3.84933E-09  4.02433E-10 -2.56368E-11  5.03658E-12
  1.400E+01  1.48521E-02 -3.76022E-09  2.33977E-10 -2.55360E-11  4.10038E-12
  1.425E+01  1.53845E-02 -3.66877E-09  7.52078E-11 -2.54000E-11  3.18655E-12
  1.450E+01  1.59262E-02 -3.57536E-09 -7.42683E-11 -2.52303E-11  2.29587E-12
  1.475E+01  1.64770E-02 -3.48032E-09 -2.14830E-10 -2.50284E-11  1.42905E-12
  1.500E+01  1.70371E-02 -3.38397E-09 -3.46841E-10 -2.47957E-11  5.86723E-13
  1.525E+01  1.76063E-02 -3.28660E-09 -4.70652E-10 -2.45339E-11 -2.30550E-13
  1.550E+01  1.81848E-02 -3.18849E-09 -5.86601E-10 -2.42442E-11 -1.02227E-12
  1.575E+01  1.87724E-02 -3.08988E-09 -6.95015E-10 -2.39282E-11 -1.78801E-12
  1.600E+01  1.93692E-02 -2.99099E-09 -7.96206E-10 -2.35872E-11 -2.52739E-12
  1.625E+01  1.99751E-02 -2.89203E-09 -8.90479E-10 -2.32225E-11 -3.24009E-12
  1.650E+01  2.05901E-02 -2.79321E-09 -9.78125E-10 -2.28356E-11 -3.92588E-12
  1.675E+01  2.12143E-02 -2.69469E-09 -1.05943E-09 -2.24278E-11 -4.58454E-12
  1.700E+01  2.18476E-02 -2.59664E-09 -1.13466E-09 -2.20003E-11 -5.21593E-12
  1.725E+01  2.24900E-02 -2.49920E-09 -1.20408E-09 -2.15545E-11 -5.81995E-12
  1.750E+01  2.31415E-02 -2.40253E-09 -1.26795E-09 -2.10916E-11 -6.39656E-12
  1.775E+01  2.38021E-02 -2.30673E-09 -1.32652E-09 -2.06128E-11 -6.94575E-12
  1.800E+01  2.44717E-02 -2.21193E-09 -1.38001E-09 -2.01193E-11 -7.46756E-12
  1.825E+01  2.51504E-02 -2.11824E-09 -1.42866E-09 -1.96123E-11 -7.96207E-12
  1.850E+01  2.58382E-02 -2.02574E-09 -1.47270E-09 -1.90930E-11 -8.42941E-12
  1.875E+01  2.65349E-02 -1.93453E-09 -1.51233E-09 -1.85624E-11 -8.86974E-12
  1.900E+01  2.72407E-02 -1.84467E-09 -1.54776E-09 -1.80217E-11 -9.28326E-12
  1.925E+01  2.79555E-02 -1.75625E-09 -1.57920E-09 -1.74719E-11 -9.67018E-12
  1.950E+01  2.86793E-02 -1.66933E-09 -1.60684E-09 -1.69140E-11 -1.00308E-11
  1.975E+01  2.94120E-02 -1.58395E-09 -1.63085E-09 -1.63491E-11 -1.03653E-11
  2.000E+01  3.01537E-02 -1.50017E-09 -1.65143E-09 -1.57780E-11 -1.06741E-11
  2.025E+01  3.09043E-02 -1.41803E-09 -1.66874E-09 -1.52017E-11 -1.09576E-11
  2.050E+01  3.16639E-02 -1.33757E-09 -1.68296E-09 -1.46212E-11 -1.12159E-11
  2.075E+01  3.24324E-02 -1.25881E-09 -1.69424E-09 -1.40373E-11 -1.14497E-11
  2.100E+01  3.32098E-02 -1.18179E-09 -1.70274E-09 -1.34508E-11 -1.16592E-11
  2.125E+01  3.39961E-02 -1.10653E-09 -1.70860E-09 -1.28626E-11 -1.18448E-11
  2.150E+01  3.47912E-02 -1.03304E-09 -1.71198E-09 -1.22734E-11 -1.20071E-11
  2.175E+01  3.55952E-02 -9.61326E-10 -1.71301E-09 -1.16839E-11 -1.21464E-11
  2.200E+01  3.64081E-02 -8.91407E-10 -1.71182E-09 -1.10949E-11 -1.22632E-11
  2.225E+01  3.72297E-02 -8.23284E-10 -1.70855E-09 -1.05070E-11 -1.23581E-11
  2.250E+01  3.80602E-02 -7.56958E-10 -1.70331E-09 -9.92096E-12 -1.24313E-11
  2.275E+01  3.88995E-02 -6.92427E-10 -1.69622E-09 -9.33730E-12 -1.24835E-11
  2.300E+01  3.97476E-02 -6.29685E-10 -1.68739E-09 -8.75665E-12 -1.25151E-11
  2.325E+01  4.06044E-02 -5.68726E-10 -1.67694E-09 -8.17957E-12 -1.25267E-11
  2.350E+01  4.14700E-02 -5.09537E-10 -1.66497E-09 -7.60657E-12 -1.25187E-11
  2.375E+01  4.23443E-02 -4.52106E-10 -1.65158E-09 -7.03818E-12 -1.24917E-11
  2.400E+01  4.32273E-02 -3.96420E-10 -1.63686E-09 -6.47485E-12 -1.24461E-11
  2.425E+01  4.41190E-02 -3.42459E-10 -1.62090E-09 -5.91705E-12 -1.23824E-11
  2.450E+01  4.50194E-02 -2.90206E-10 -1.60380E-09 -5.36519E-12 -1.23013E-11
  2.475E+01  4.59284E-02 -2.39641E-10 -1.58563E-09 -4.81968E-12 -1.22030E-11
  2.500E+01  4.68461E-02 -1.90741E-10 -1.56648E-09 -4.28087E-12 -1.20883E-11
  2.550E+01  4.87074E-02 -9.78459E-11 -1.52553E-09 -3.22478E-12 -1.18112E-11
  2.600E+01  5.06030E-02 -1.13216E-11 -1.48150E-09 -2.19945E-12 -1.14740E-11
  2.650E+01  5.25328E-02  6.90440E-11 -1.43492E-09 -1.20703E-12 -1.10806E-11
  2.700E+01  5.44967E-02  1.43474E-10 -1.38626E-09 -2.49399E-13 -1.06348E-11
  2.750E+01  5.64946E-02  2.12201E-10 -1.33594E-09  6.71901E-13 -1.01402E-11
  2.800E+01  5.85262E-02  2.75462E-10 -1.28433E-09  1.55558E-12 -9.60057E-12
  2.850E+01  6.05914E-02  3.33494E-10 -1.23178E-09  2.40062E-12 -9.01929E-12
  2.900E+01  6.26901E-02  3.86539E-10 -1.17860E-09  3.20619E-12 -8.39973E-12
  2.950E+01  6.48222E-02  4.34834E-10 -1.12506E-09  3.97173E-12 -7.74513E-12
  3.000E+01  6.69873E-02  4.78616E-10 -1.07140E-09  4.69680E-12 -7.05859E-12
  3.050E+01  6.91854E-02  5.18117E-10 -1.01783E-09  5.38118E-12 -6.34305E-12
  3.100E+01  7.14163E-02  5.53563E-10 -9.64558E-10  6.02479E-12 -5.60135E-12
  3.150E+01  7.36799E-02  5.85176E-10 -9.11738E-10  6.62767E-12 -4.83618E-12
  3.200E+01  7.59760E-02  6.13171E-10 -8.59520E-10  7.18999E-12 -4.05010E-12
  3.250E+01  7.83043E-02  6.37755E-10 -8.08033E-10  7.71204E-12 -3.24555E-12
  3.300E+01  8.06647E-02  6.59129E-10 -7.57385E-10  8.19419E-12 -2.42485E-12
  3.350E+01  8.30571E-02  6.77486E-10 -7.07673E-10  8.63690E-12 -1.59018E-12
  3.400E+01  8.54812E-02  6.93011E-10 -6.58976E-10  9.04070E-12 -7.43620E-13
  3.450E+01  8.79369E-02  7.05881E-10 -6.11362E-10  9.40617E-12  1.12875E-13
  3.500E+01  9.04240E-02  7.16267E-10 -5.64888E-10  9.73398E-12  9.77452E-13
  3.550E+01  9.29422E-02  7.24329E-10 -5.19601E-10  1.00248E-11  1.84836E-12
  3.600E+01  9.54915E-02  7.30222E-10 -4.75538E-10  1.02794E-11  2.72396E-12
  3.650E+01  9.80716E-02  7.34093E-10 -4.32726E-10  1.04985E-11  3.60269E-12
  3.700E+01  1.00682E-01  7.36081E-10 -3.91189E-10  1.06829E-11  4.48309E-12
  3.750E+01  1.03323E-01  7.36319E-10 -3.50941E-10  1.08334E-11  5.36378E-12
  3.800E+01  1.05995E-01  7.34933E-10 -3.11991E-10  1.09509E-11  6.24348E-12
  3.850E+01  1.08696E-01  7.32041E-10 -2.74345E-10  1.10363E-11  7.12096E-12
  3.900E+01  1.11427E-01  7.27755E-10 -2.38000E-10  1.10903E-11  7.99509E-12
  3.950E+01  1.14188E-01  7.22183E-10 -2.02955E-10  1.11138E-11  8.86480E-12
  4.000E+01  1.16978E-01  7.15425E-10 -1.69200E-10  1.11077E-11  9.72908E-12
  4.050E+01  1.19797E-01  7.07575E-10 -1.36724E-10  1.10729E-11  1.05870E-11
  4.100E+01  1.22645E-01  6.98725E-10 -1.05516E-10  1.10103E-11  1.14377E-11
  4.150E+01  1.25522E-01  6.88958E-10 -7.55588E-11  1.09206E-11  1.22803E-11
  4.200E+01  1.28428E-01  6.78353E-10 -4.68349E-11  1.08049E-11  1.31141E-11
  4.250E+01  1.31361E-01  6.66988E-10 -1.93252E-11  1.06639E-11  1.39383E-11
  4.300E+01  1.34323E-01  6.54931E-10  6.99110E-12  1.04986E-11  1.47523E-11
  4.350E+01  1.37313E-01  6.42250E-10  3.21359E-11  1.03097E-11  1.55555E-11
  4.400E+01  1.40330E-01  6.29008E-10  5.61321E-11  1.00981E-11  1.63473E-11
  4.450E+01  1.43375E-01  6.15264E-10  7.90035E-11  9.86468E-12  1.71271E-11
  4.500E+01  1.46447E-01  6.01073E-10  1.00775E-10  9.61022E-12  1.78945E-11
  4.550E+01  1.49545E-01  5.86488E-10  1.21470E-10  9.33556E-12  1.86491E-11
  4.600E+01  1.52671E-01  5.71558E-10  1.41116E-10  9.04149E-12  1.93903E-11
  4.650E+01  1.55823E-01  5.56329E-10  1.59737E-10  8.72882E-12  2.01178E-11
  4.700E+01  1.59001E-01  5.40844E-10  1.77360E-10  8.39834E-12  2.08313E-11
  4.750E+01  1.62205E-01  5.25144E-10  1.94011E-10  8.05082E-12  2.15304E-11
  4.800E+01  1.65435E-01  5.09266E-10  2.09715E-10  7.68701E-12  2.22148E-11
  4.850E+01  1.68690E-01  4.93248E-10  2.24499E-10  7.30768E-12  2.28844E-11
  4.900E+01  1.71970E-01  4.77122E-10  2.38388E-10  6.91357E-12  2.35388E-11
  4.950E+01  1.75276E-01  4.60920E-10  2.51409E-10  6.50539E-12  2.41779E-11
  5.000E+01  1.78606E-01  4.44671E-10  2.63586E-10  6.08387E-12  2.48014E-11
  5.050E+01  1.81961E-01  4.28402E-10  2.74946E-10  5.64971E-12  2.54093E-11
  5.100E+01  1.85340E-01  4.12139E-10  2.85513E-10  5.20359E-12  2.60014E-11
  5.150E+01  1.88743E-01  3.95906E-10  2.95312E-10  4.74620E-12  2.65775E-11
  5.200E+01  1.92169E-01  3.79726E-10  3.04368E-10  4.27819E-12  2.71376E-11
  5.250E+01  1.95619E-01  3.63619E-10  3.12705E-10  3.80023E-12  2.76816E-11
  5.300E+01  1.99092E-01  3.47604E-10  3.20346E-10  3.31293E-12  2.82095E-11
  5.350E+01  2.02589E-01  3.31699E-10  3.27316E-10  2.81694E-12  2.87213E-11
  5.400E+01  2.06107E-01  3.15922E-10  3.33637E-10  2.31286E-12  2.92168E-11
  5.450E+01  2.09649E-01  3.00287E-10  3.39332E-10  1.80129E-12  2.96962E-11
  5.500E+01  2.13212E-01  2.84808E-10  3.44423E-10  1.28281E-12  3.01594E-11
  5.550E+01  2.16797E-01  2.69499E-10  3.48932E-10  7.57988E-13  3.06065E-11
  5.600E+01  2.20404E-01  2.54371E-10  3.52881E-10  2.27390E-13  3.10376E-11
  5.650E+01  2.24032E-01  2.39437E-10  3.56290E-10 -3.08443E-13  3.14526E-11
  5.700E+01  2.27680E-01  2.24705E-10  3.59180E-10 -8.48981E-13  3.18517E-11
  5.750E+01  2.31350E-01  2.10185E-10  3.61571E-10 -1.39371E-12  3.22349E-11
  5.800E+01  2.35040E-01  1.95886E-10  3.63483E-10 -1.94212E-12  3.26024E-11
  5.850E+01  2.38751E-01  1.81814E-10  3.64935E-10 -2.49372E-12  3.29543E-11
  5.900E+01  2.42481E-01  1.67977E-10  3.65946E-10 -3.04804E-12  3.32907E-11
  5.950E+01  2.46231E-01  1.54381E-10  3.66534E-10 -3.60462E-12  3.36116E-11
  6.000E+01  2.50000E-01  1.41031E-10  3.66717E-10 -4.16300E-12  3.39174E-11
  6.050E+01  2.53788E-01  1.27931E-10  3.66513E-10 -4.72274E-12  3.42081E-11
  6.100E+01  2.57595E-01  1.15087E-10  3.65938E-10 -5.28342E-12  3.44838E-11
  6.150E+01  2.61421E-01  1.02501E-10  3.65009E-10 -5.84463E-12  3.47448E-11
  6.200E+01  2.65264E-01  9.01758E-11  3.63743E-10 -6.40597E-12  3.49912E-11
  6.250E+01  2.69126E-01  7.81149E-11  3.62154E-10 -6.96705E-12  3.52233E-11
  6.300E+01  2.73005E-01  6.63196E-11  3.60259E-10 -7.52750E-12  3.54411E-11
  6.350E+01  2.76901E-01  5.47917E-11  3.58072E-10 -8.08696E-12  3.56449E-11
  6.400E+01  2.80814E-01  4.35321E-11  3.55608E-10 -8.64508E-12  3.58348E-11
  6.450E+01  2.84744E-01  3.25415E-11  3.52880E-10 -9.20152E-12  3.60112E-11
  6.500E+01  2.88691E-01  2.18201E-11  3.49903E-10 -9.75595E-12  3.61742E-11
  6.550E+01  2.92653E-01  1.13680E-11  3.46689E-10 -1.03081E-11  3.63239E-11
  6.600E+01  2.96632E-01  1.18449E-12  3.43251E-10 -1.08576E-11  3.64607E-11
  6.650E+01  3.00625E-01 -8.73099E-12  3.39602E-10 -1.14042E-11  3.65847E-11
  6.700E+01  3.04634E-01 -1.83795E-11  3.35754E-10 -1.19476E-11  3.66962E-11
  6.750E+01  3.08658E-01 -2.77624E-11  3.31718E-10 -1.24875E-11  3.67954E-11
  6.800E+01  3.12697E-01 -3.68813E-11  3.27506E-10 -1.30237E-11  3.68825E-11
  6.850E+01  3.16749E-01 -4.57379E-11  3.23129E-10 -1.35560E-11  3.69577E-11
  6.900E+01  3.20816E-01 -5.43344E-11  3.18597E-10 -1.40841E-11  3.70214E-11
  6.950E+01  3.24896E-01 -6.26729E-11  3.13920E-10 -1.46077E-11  3.70736E-11
  7.000E+01  3.28990E-01 -7.07560E-11  3.09108E-10 -1.51267E-11  3.71147E-11
  7.050E+01  3.33097E-01 -7.85863E-11  3.04171E-10 -1.56409E-11  3.71448E-11
  7.100E+01  3.37216E-01 -8.61664E-11  2.99118E-10 -1.61500E-11  3.71642E-11
  7.150E+01  3.41348E-01 -9.34994E-11  2.93957E-10 -1.66539E-11  3.71732E-11
  7.200E+01  3.45492E-01 -1.00588E-10  2.88698E-10 -1.71523E-11  3.71720E-11
  7.250E+01  3.49647E-01 -1.07437E-10  2.83348E-10 -1.76452E-11  3.71607E-11
  7.300E+01  3.53814E-01 -1.14047E-10  2.77915E-10 -1.81324E-11  3.71397E-11
  7.350E+01  3.57992E-01 -1.20424E-10  2.72407E-10 -1.86136E-11  3.71092E-11
  7.400E+01  3.62181E-01 -1.26569E-10  2.66832E-10 -1.90888E-11  3.70694E-11
  7.450E+01  3.66381E-01 -1.32488E-10  2.61195E-10 -1.95579E-11  3.70205E-11
  7.500E+01  3.70590E-01 -1.38184E-10  2.55505E-10 -2.00206E-11  3.69628E-11
  7.550E+01  3.74810E-01 -1.43659E-10  2.49766E-10 -2.04769E-11  3.68964E-11
  7.600E+01  3.79039E-01 -1.48919E-10  2.43987E-10 -2.09267E-11  3.68217E-11
  7.650E+01  3.83277E-01 -1.53967E-10  2.38171E-10 -2.13698E-11  3.67388E-11
  7.700E+01  3.87524E-01 -1.58806E-10  2.32326E-10 -2.18062E-11  3.66480E-11
  7.750E+01  3.91780E-01 -1.63442E-10  2.26457E-10 -2.22358E-11  3.65494E-11
  7.800E+01  3.96044E-01 -1.67876E-10  2.20568E-10 -2.26584E-11  3.64434E-11
  7.850E+01  4.00316E-01 -1.72115E-10  2.14665E-10 -2.30741E-11  3.63300E-11
  7.900E+01  4.04596E-01 -1.76161E-10  2.08753E-10 -2.34827E-11  3.62096E-11
  7.950E+01  4.08882E-01 -1.80018E-10  2.02836E-10 -2.38841E-11  3.60824E-11
  8.000E+01  4.13176E-01 -1.83690E-10  1.96918E-10 -2.42783E-11  3.59484E-11
  8.050E+01  4.17476E-01 -1.87182E-10  1.91004E-10 -2.46653E-11  3.58081E-11
  8.100E+01  4.21783E-01 -1.90497E-10  1.85097E-10 -2.50449E-11  3.56615E-11
  8.150E+01  4.26095E-01 -1.93640E-10  1.79202E-10 -2.54172E-11  3.55088E-11
  8.200E+01  4.30413E-01 -1.96613E-10  1.73321E-10 -2.57822E-11  3.53503E-11
  8.250E+01  4.34737E-01 -1.99422E-10  1.67458E-10 -2.61396E-11  3.51862E-11
  8.300E+01  4.39065E-01 -2.02069E-10  1.61616E-10 -2.64897E-11  3.50166E-11
  8.350E+01  4.43398E-01 -2.04559E-10  1.55799E-10 -2.68322E-11  3.48417E-11
  8.400E+01  4.47736E-01 -2.06896E-10  1.50009E-10 -2.71672E-11  3.46618E-11
  8.450E+01  4.52077E-01 -2.09083E-10  1.44249E-10 -2.74947E-11  3.44769E-11
  8.500E+01  4.56422E-01 -2.11123E-10  1.38521E-10 -2.78146E-11  3.42874E-11
  8.550E+01  4.60770E-01 -2.13022E-10  1.32828E-10 -2.81270E-11  3.40933E-11
  8.600E+01  4.65122E-01 -2.14782E-10  1.27172E-10 -2.84319E-11  3.38948E-11
  8.650E+01  4.69476E-01 -2.16407E-10  1.21555E-10 -2.87292E-11  3.36922E-11
  8.700E+01  4.73832E-01 -2.17900E-10  1.15980E-10 -2.90189E-11  3.34855E-11
  8.750E+01  4.78190E-01 -2.19266E-10  1.10447E-10 -2.93010E-11  3.32750E-11
  8.800E+01  4.82550E-01 -2.20507E-10  1.04960E-10 -2.95757E-11  3.30607E-11
  8.850E+01  4.86912E-01 -2.21628E-10  9.95189E-11 -2.98427E-11  3.28430E-11
  8.900E+01  4.91274E-01 -2.22630E-10  9.41258E-11 -3.01023E-11  3.26218E-11
  8.950E+01  4.95637E-01 -2.23519E-10  8.87821E-11 -3.03543E-11  3.23975E-11
  9.000E+01  5.00000E-01 -2.24296E-10  8.34892E-11 -3.05989E-11  3.21701E-11
  9.050E+01  5.04363E-01 -2.24966E-10  7.82482E-11 -3.08359E-11  3.19397E-11
  9.100E+01  5.08726E-01 -2.25531E-10  7.30603E-11 -3.10656E-11  3.17066E-11
  9.150E+01  5.13088E-01 -2.25995E-10  6.79265E-11 -3.12878E-11  3.14708E-11
  9.200E+01  5.17450E-01 -2.26360E-10  6.28476E-11 -3.15026E-11  3.12325E-11
  9.250E+01  5.21810E-01 -2.26630E-10  5.78247E-11 -3.17100E-11  3.09919E-11
  9.300E+01  5.26168E-01 -2.26808E-10  5.28583E-11 -3.19102E-11  3.07490E-11
  9.350E+01  5.30524E-01 -2.26896E-10  4.79493E-11 -3.21030E-11  3.05040E-11
  9.400E+01  5.34878E-01 -2.26897E-10  4.30983E-11 -3.22885E-11  3.02570E-11
  9.450E+01  5.39230E-01 -2.26815E-10  3.83057E-11 -3.24669E-11  3.00082E-11
  9.500E+01  5.43578E-01 -2.26651E-10  3.35721E-11 -3.26380E-11  2.97577E-11
  9.550E+01  5.47923E-01 -2.26409E-10  2.88979E-11 -3.28020E-11  2.95056E-11
  9.600E+01  5.52264E-01 -2.26092E-10  2.42835E-11 -3.29589E-11  2.92520E-11
  9.650E+01  5.56602E-01 -2.25701E-10  1.97291E-11 -3.31088E-11  2.89969E-11
  9.700E+01  5.60935E-01 -2.25239E-10  1.52350E-11 -3.32516E-11  2.87407E-11
  9.750E+01  5.65263E-01 -2.24710E-10  1.08013E-11 -3.33875E-11  2.84832E-11
  9.800E+01  5.69587E-01 -2.24114E-10  6.42829E-12 -3.35164E-11  2.82247E-11
  9.850E+01  5.73905E-01 -2.23455E-10  2.11593E-12 -3.36385E-11  2.79653E-11
  9.900E+01  5.78217E-01 -2.22735E-10 -2.13570E-12 -3.37537E-11  2.77050E-11
  9.950E+01  5.82524E-01 -2.21957E-10 -6.32662E-12 -3.38622E-11  2.74440E-11
  1.000E+02  5.86824E-01 -2.21121E-10 -1.04569E-11 -3.39639E-11  2.71823E-11
  1.005E+02  5.91118E-01 -2.20232E-10 -1.45265E-11 -3.40590E-11  2.69200E-11
  1.010E+02  5.95404E-01 -2.19290E-10 -1.85357E-11 -3.41475E-11  2.66573E-11
  1.015E+02  5.99684E-01 -2.18297E-10 -2.24846E-11 -3.42294E-11  2.63942E-11
  1.020E+02  6.03956E-01 -2.17257E-10 -2.63733E-11 -3.43047E-11  2.61307E-11
  1.025E+02  6.08220E-01 -2.16170E-10 -3.02022E-11 -3.43737E-11  2.58671E-11
  1.030E+02  6.12476E-01 -2.15039E-10 -3.39715E-11 -3.44362E-11  2.56033E-11
  1.035E+02  6.16723E-01 -2.13865E-10 -3.76814E-11 -3.44924E-11  2.53395E-11
  1.040E+02  6.20961E-01 -2.12651E-10 -4.13322E-11 -3.45423E-11  2.50757E-11
  1.045E+02  6.25190E-01 -2.11398E-10 -4.49244E-11 -3.45860E-11  2.48120E-11
  1.050E+02  6.29410E-01 -2.10108E-10 -4.84582E-11 -3.46235E-11  2.45485E-11
  1.055E+02  6.33619E-01 -2.08783E-10 -5.19341E-11 -3.46549E-11  2.42852E-11
  1.060E+02  6.37819E-01 -2.07424E-10 -5.53524E-11 -3.46802E-11  2.40222E-11
  1.065E+02  6.42008E-01 -2.06033E-10 -5.87135E-11 -3.46995E-11  2.37596E-11
  1.070E+02  6.46186E-01 -2.04611E-10 -6.20180E-11 -3.47129E-11  2.34974E-11
  1.075E+02  6.50353E-01 -2.03160E-10 -6.52662E-11 -3.47204E-11  2.32358E-11
  1.080E+02  6.54508E-01 -2.01682E-10 -6.84587E-11 -3.47221E-11  2.29747E-11
  1.085E+02  6.58652E-01 -2.00177E-10 -7.15959E-11 -3.47180E-11  2.27142E-11
  1.090E+02  6.62784E-01 -1.98648E-10 -7.46783E-11 -3.47082E-11  2.24544E-11
  1.095E+02  6.66903E-01 -1.97096E-10 -7.77065E-11 -3.46927E-11  2.21954E-11
  1.100E+02  6.71010E-01 -1.95522E-10 -8.06809E-11 -3.46717E-11  2.19371E-11
  1.105E+02  6.75104E-01 -1.93927E-10 -8.36022E-11 -3.46452E-11  2.16797E-11
  1.110E+02  6.79184E-01 -1.92313E-10 -8.64708E-11 -3.46131E-11  2.14231E-11
  1.115E+02  6.83251E-01 -1.90681E-10 -8.92873E-11 -3.45757E-11  2.11675E-11
  1.120E+02  6.87303E-01 -1.89031E-10 -9.20523E-11 -3.45329E-11  2.09129E-11
  1.125E+02  6.91342E-01 -1.87366E-10 -9.47663E-11 -3.44848E-11  2.06594E-11
  1.130E+02  6.95366E-01 -1.85687E-10 -9.74300E-11 -3.44315E-11  2.04069E-11
  1.135E+02  6.99375E-01 -1.83994E-10 -1.00044E-10 -3.43730E-11  2.01555E-11
  1.140E+02  7.03368E-01 -1.82289E-10 -1.02608E-10 -3.43094E-11  1.99052E-11
  1.145E+02  7.07347E-01 -1.80572E-10 -1.05125E-10 -3.42408E-11  1.96562E-11
  1.150E+02  7.11309E-01 -1.78845E-10 -1.07593E-10 -3.41671E-11  1.94084E-11
  1.155E+02  7.15256E-01 -1.77108E-10 -1.10013E-10 -3.40885E-11  1.91619E-11
  1.160E+02  7.19186E-01 -1.75363E-10 -1.12387E-10 -3.40051E-11  1.89166E-11
  1.165E+02  7.23099E-01 -1.73611E-10 -1.14715E-10 -3.39168E-11  1.86727E-11
  1.170E+02  7.26995E-01 -1.71852E-10 -1.16997E-10 -3.38237E-11  1.84302E-11
  1.175E+02  7.30874E-01 -1.70087E-10 -1.19234E-10 -3.37259E-11  1.81891E-11
  1.180E+02  7.34736E-01 -1.68318E-10 -1.21426E-10 -3.36235E-11  1.79494E-11
  1.185E+02  7.38579E-01 -1.66544E-10 -1.23575E-10 -3.35165E-11  1.77111E-11
  1.190E+02  7.42405E-01 -1.64767E-10 -1.25681E-10 -3.34050E-11  1.74744E-11
  1.195E+02  7.46212E-01 -1.62988E-10 -1.27744E-10 -3.32889E-11  1.72391E-11
  1.200E+02  7.50000E-01 -1.61207E-10 -1.29765E-10 -3.31685E-11  1.70054E-11
  1.205E+02  7.53769E-01 -1.59425E-10 -1.31745E-10 -3.30436E-11  1.67732E-11
  1.210E+02  7.57519E-01 -1.57643E-10 -1.33685E-10 -3.29145E-11  1.65426E-11
  1.215E+02  7.61249E-01 -1.55861E-10 -1.35584E-10 -3.27811E-11  1.63136E-11
  1.220E+02  7.64960E-01 -1.54080E-10 -1.37443E-10 -3.26435E-11  1.60862E-11
  1.225E+02  7.68650E-01 -1.52301E-10 -1.39264E-10 -3.25018E-11  1.58604E-11
  1.230E+02  7.72320E-01 -1.50525E-10 -1.41046E-10 -3.23559E-11  1.56363E-11
  1.235E+02  7.75968E-01 -1.48751E-10 -1.42791E-10 -3.22061E-11  1.54139E-11
  1.240E+02  7.79596E-01 -1.46981E-10 -1.44498E-10 -3.20522E-11  1.51931E-11
  1.245E+02  7.83203E-01 -1.45215E-10 -1.46169E-10 -3.18944E-11  1.49740E-11
  1.250E+02  7.86788E-01 -1.43454E-10 -1.47804E-10 -3.17327E-11  1.47567E-11
  1.255E+02  7.90351E-01 -1.41698E-10 -1.49404E-10 -3.15672E-11  1.45410E-11
  1.260E+02  7.93893E-01 -1.39947E-10 -1.50968E-10 -3.13980E-11  1.43271E-11
  1.265E+02  7.97411E-01 -1.38203E-10 -1.52499E-10 -3.12250E-11  1.41149E-11
  1.270E+02  8.00908E-01 -1.36466E-10 -1.53996E-10 -3.10483E-11  1.39045E-11
  1.275E+02  8.04381E-01 -1.34736E-10 -1.55459E-10 -3.08680E-11  1.36958E-11
  1.280E+02  8.07831E-01 -1.33013E-10 -1.56891E-10 -3.06841E-11  1.34889E-11
  1.285E+02  8.11257E-01 -1.31298E-10 -1.58290E-10 -3.04968E-11  1.32838E-11
  1.290E+02  8.14660E-01 -1.29592E-10 -1.59657E-10 -3.03059E-11  1.30804E-11
  1.295E+02  8.18039E-01 -1.27895E-10 -1.60994E-10 -3.01116E-11  1.28789E-11
  1.300E+02  8.21394E-01 -1.26207E-10 -1.62300E-10 -2.99140E-11  1.26791E-11
  1.305E+02  8.24724E-01 -1.24529E-10 -1.63577E-10 -2.97131E-11  1.24811E-11
  1.310E+02  8.28030E-01 -1.22861E-10 -1.64824E-10 -2.95088E-11  1.22849E-11
  1.315E+02  8.31310E-01 -1.21203E-10 -1.66043E-10 -2.93014E-11  1.20905E-11
  1.320E+02  8.34565E-01 -1.19556E-10 -1.67233E-10 -2.90907E-11  1.18979E-11
  1.325E+02  8.37795E-01 -1.17920E-10 -1.68395E-10 -2.88770E-11  1.17071E-11
  1.330E+02  8.40999E-01 -1.16295E-10 -1.69530E-10 -2.86601E-11  1.15180E-11
  1.335E+02  8.44177E-01 -1.14682E-10 -1.70638E-10 -2.84402E-11  1.13308E-11
  1.340E+02  8.47329E-01 -1.13081E-10 -1.71720E-10 -2.82174E-11  1.11454E-11
  1.345E+02  8.50455E-01 -1.11493E-10 -1.72776E-10 -2.79915E-11  1.09617E-11
  1.350E+02  8.53553E-01 -1.09916E-10 -1.73807E-10 -2.77628E-11  1.07799E-11
  1.355E+02  8.56625E-01 -1.08353E-10 -1.74813E-10 -2.75312E-11  1.05998E-11
  1.360E+02  8.59670E-01 -1.06803E-10 -1.75795E-10 -2.72969E-11  1.04215E-11
  1.365E+02  8.62687E-01 -1.05266E-10 -1.76753E-10 -2.70597E-11  1.02450E-11
  1.370E+02  8.65677E-01 -1.03743E-10 -1.77687E-10 -2.68198E-11  1.00702E-11
  1.375E+02  8.68639E-01 -1.02233E-10 -1.78599E-10 -2.65773E-11  9.89723E-12
  1.380E+02  8.71572E-01 -1.00738E-10 -1.79487E-10 -2.63321E-11  9.72599E-12
  1.385E+02  8.74478E-01 -9.92562E-11 -1.80354E-10 -2.60843E-11  9.55649E-12
  1.390E+02  8.77355E-01 -9.77893E-11 -1.81199E-10 -2.58340E-11  9.38873E-12
  1.395E+02  8.80203E-01 -9.63370E-11 -1.82023E-10 -2.55811E-11  9.22271E-12
  1.400E+02  8.83022E-01 -9.48996E-11 -1.82826E-10 -2.53258E-11  9.05840E-12
  1.405E+02  8.85812E-01 -9.34771E-11 -1.83608E-10 -2.50681E-11  8.89580E-12
  1.410E+02  8.88573E-01 -9.20699E-11 -1.84371E-10 -2.48080E-11  8.73491E-12
  1.415E+02  8.91304E-01 -9.06779E-11 -1.85114E-10 -2.45455E-11  8.57571E-12
  1.420E+02  8.94005E-01 -8.93015E-11 -1.85837E-10 -2.42807E-11  8.41818E-12
  1.425E+02  8.96677E-01 -8.79407E-11 -1.86542E-10 -2.40137E-11  8.26233E-12
  1.430E+02  8.99318E-01 -8.65958E-11 -1.87229E-10 -2.37444E-11  8.10813E-12
  1.435E+02  9.01928E-01 -8.52667E-11 -1.87897E-10 -2.34730E-11  7.95557E-12
  1.440E+02  9.04508E-01 -8.39538E-11 -1.88548E-10 -2.31994E-11  7.80465E-12
  1.445E+02  9.07058E-01 -8.26571E-11 -1.89181E-10 -2.29237E-11  7.65534E-12
  1.450E+02  9.09576E-01 -8.13767E-11 -1.89798E-10 -2.26459E-11  7.50764E-12
  1.455E+02  9.12063E-01 -8.01128E-11 -1.90398E-10 -2.23661E-11  7.36152E-12
  1.460E+02  9.14519E-01 -7.88655E-11 -1.90981E-10 -2.20843E-11  7.21699E-12
  1.465E+02  9.16943E-01 -7.76348E-11 -1.91549E-10 -2.18005E-11  7.07401E-12
  1.470E+02  9.19335E-01 -7.64210E-11 -1.92101E-10 -2.15148E-11  6.93257E-12
  1.475E+02  9.21696E-01 -7.52240E-11 -1.92638E-10 -2.12272E-11  6.79267E-12
  1.480E+02  9.24024E-01 -7.40441E-11 -1.93160E-10 -2.09378E-11  6.65427E-12
  1.485E+02  9.26320E-01 -7.28812E-11 -1.93668E-10 -2.06465E-11  6.51738E-12
  1.490E+02  9.28584E-01 -7.17355E-11 -1.94161E-10 -2.03535E-11  6.38196E-12
  1.495E+02  9.30815E-01 -7.06070E-11 -1.94640E-10 -2.00587E-11  6.24800E-12
  1.500E+02  9.33013E-01 -6.94959E-11 -1.95106E-10 -1.97622E-11  6.11549E-12
  1.505E+02  9.35178E-01 -6.84022E-11 -1.95558E-10 -1.94640E-11  5.98441E-12
  1.510E+02  9.37310E-01 -6.73259E-11 -1.95997E-10 -1.91642E-11  5.85474E-12
  1.515E+02  9.39409E-01 -6.62673E-11 -1.96424E-10 -1.88628E-11  5.72645E-12
  1.520E+02  9.41474E-01 -6.52262E-11 -1.96838E-10 -1.85598E-11  5.59954E-12
  1.525E+02  9.43505E-01 -6.42028E-11 -1.97239E-10 -1.82552E-11  5.47398E-12
  1.530E+02  9.45503E-01 -6.31972E-11 -1.97629E-10 -1.79492E-11  5.34975E-12
  1.535E+02  9.47467E-01 -6.22094E-11 -1.98007E-10 -1.76416E-11  5.22684E-12
  1.540E+02  9.49397E-01 -6.12394E-11 -1.98374E-10 -1.73327E-11  5.10522E-12
  1.545E+02  9.51293E-01 -6.02873E-11 -1.98729E-10 -1.70223E-11  4.98487E-12
  1.550E+02  9.53154E-01 -5.93532E-11 -1.99074E-10 -1.67105E-11  4.86578E-12
  1.555E+02  9.54981E-01 -5.84370E-11 -1.99407E-10 -1.63974E-11  4.74792E-12
  1.560E+02  9.56773E-01 -5.75390E-11 -1.99731E-10 -1.60829E-11  4.63127E-12
  1.565E+02  9.58530E-01 -5.66589E-11 -2.00044E-10 -1.57672E-11  4.51581E-12
  1.570E+02  9.60252E-01 -5.57971E-11 -2.00347E-10 -1.54502E-11  4.40152E-12
  1.575E+02  9.61940E-01 -5.49533E-11 -2.00641E-10 -1.51320E-11  4.28837E-12
  1.580E+02  9.63592E-01 -5.41278E-11 -2.00925E-10 -1.48126E-11  4.17635E-12
  1.585E+02  9.65209E-01 -5.33205E-11 -2.01199E-10 -1.44920E-11  4.06544E-12
  1.590E+02  9.66790E-01 -5.25315E-11 -2.01464E-10 -1.41703E-11  3.95560E-12
  1.595E+02  9.68336E-01 -5.17607E-11 -2.01721E-10 -1.38475E-11  3.84683E-12
  1.600E+02  9.69846E-01 -5.10083E-11 -2.01969E-10 -1.35236E-11  3.73909E-12
  1.605E+02  9.71321E-01 -5.02742E-11 -2.02208E-10 -1.31987E-11  3.63236E-12
  1.610E+02  9.72759E-01 -4.95584E-11 -2.02439E-10 -1.28727E-11  3.52663E-12
  1.615E+02  9.74162E-01 -4.88611E-11 -2.02661E-10 -1.25458E-11  3.42185E-12
  1.620E+02  9.75528E-01 -4.81822E-11 -2.02876E-10 -1.22179E-11  3.31803E-12
  1.625E+02  9.76858E-01 -4.75216E-11 -2.03083E-10 -1.18890E-11  3.21512E-12
  1.630E+02  9.78152E-01 -4.68796E-11 -2.03282E-10 -1.15593E-11  3.11311E-12
  1.635E+02  9.79410E-01 -4.62560E-11 -2.03473E-10 -1.12286E-11  3.01197E-12
  1.640E+02  9.80631E-01 -4.56509E-11 -2.03658E-10 -1.08972E-11  2.91168E-12
  1.645E+02  9.81815E-01 -4.50643E-11 -2.03835E-10 -1.05649E-11  2.81221E-12
  1.650E+02  9.82963E-01 -4.44962E-11 -2.04005E-10 -1.02318E-11  2.71354E-12
  1.655E+02  9.84074E-01 -4.39466E-11 -2.04168E-10 -9.89791E-12  2.61565E-12
  1.660E+02  9.85148E-01 -4.34156E-11 -2.04324E-10 -9.56331E-12  2.51850E-12
  1.665E+02  9.86185E-01 -4.29031E-11 -2.04473E-10 -9.22799E-12  2.42209E-12
  1.670E+02  9.87185E-01 -4.24092E-11 -2.04617E-10 -8.89199E-12  2.32637E-12
  1.675E+02  9.88148E-01 -4.19339E-11 -2.04753E-10 -8.55533E-12  2.23133E-12
  1.680E+02  9.89074E-01 -4.14771E-11 -2.04884E-10 -8.21803E-12  2.13694E-12
  1.685E+02  9.89962E-01 -4.10390E-11 -2.05008E-10 -7.88013E-12  2.04317E-12
  1.690E+02  9.90814E-01 -4.06194E-11 -2.05126E-10 -7.54165E-12  1.95001E-12
  1.695E+02  9.91627E-01 -4.02184E-11 -2.05238E-10 -7.20261E-12  1.85742E-12
  1.700E+02  9.92404E-01 -3.98361E-11 -2.05344E-10 -6.86305E-12  1.76538E-12
  1.705E+02  9.93143E-01 -3.94723E-11 -2.05445E-10 -6.52298E-12  1.67386E-12
  1.710E+02  9.93844E-01 -3.91272E-11 -2.05540E-10 -6.18243E-12  1.58284E-12
  1.715E+02  9.94508E-01 -3.88007E-11 -2.05629E-10 -5.84144E-12  1.49229E-12
  1.720E+02  9.95134E-01 -3.84929E-11 -2.05713E-10 -5.50002E-12  1.40219E-12
  1.725E+02  9.95722E-01 -3.82037E-11 -2.05791E-10 -5.15819E-12  1.31251E-12
  1.730E+02  9.96273E-01 -3.79331E-11 -2.05864E-10 -4.81600E-12  1.22323E-12
  1.735E+02  9.96786E-01 -3.76812E-11 -2.05932E-10 -4.47345E-12  1.13431E-12
  1.740E+02  9.97261E-01 -3.74479E-11 -2.05994E-10 -4.13058E-12  1.04573E-12
  1.745E+02  9.97698E-01 -3.72333E-11 -2.06051E-10 -3.78742E-12  9.57477E-13
  1.750E+02  9.98097E-01 -3.70373E-11 -2.06103E-10 -3.44397E-12  8.69509E-13
  1.755E+02  9.98459E-01 -3.68600E-11 -2.06150E-10 -3.10028E-12  7.81805E-13
  1.760E+02  9.98782E-01 -3.67014E-11 -2.06192E-10 -2.75637E-12  6.94339E-13
  1.765E+02  9.99067E-01 -3.65614E-11 -2.06229E-10 -2.41226E-12  6.07084E-13
  1.770E+02  9.99315E-01 -3.64401E-11 -2.06261E-10 -2.06797E-12  5.20014E-13
  1.775E+02  9.99524E-01 -3.63374E-11 -2.06287E-10 -1.72354E-12  4.33102E-13
  1.780E+02  9.99695E-01 -3.62534E-11 -2.06309E-10 -1.37898E-12  3.46323E-13
  1.785E+02  9.99829E-01 -3.61881E-11 -2.06327E-10 -1.03432E-12  2.59650E-13
  1.790E+02  9.99924E-01 -3.61414E-11 -2.06339E-10 -6.89588E-13  1.73056E-13
  1.795E+02  9.99981E-01 -3.61134E-11 -2.06346E-10 -3.44807E-13  8.65146E-14
  1.800E+02  1.00000E+00 -3.61041E-11 -2.06348E-10 -4.83887E-27  1.21403E-27
