9.21903e-1 1.49356e-2
2.99614e+0 5.07861e-2
4.95488e+0 9.86170e-2
6.91407e+0 1.22496e-1
7.37459e+0 1.52419e-1
9.10474e+0 9.84616e-2
1.10614e+1 2.54077e-1
1.37125e+1 2.62960e-1
1.55527e+1 4.81454e-1
1.72781e+1 6.73006e-1
1.86568e+1 9.12475e-1
1.99167e+1 1.33758e+0
2.09452e+1 1.80461e+0
2.19705e+1 2.43331e+0
2.22381e+1 5.05156e-1
2.33457e+1 2.85841e+0
2.54400e+1 1.84635e+0
2.62779e+1 2.35543e-1
2.73007e+1 9.95984e-1
3.11177e+1 3.25183e-1
3.43360e+1 8.10092e-1
3.94220e+1 8.53510e-2
4.27604e+1 3.18759e-1
4.54124e+1 2.85726e-1
4.88743e+1 9.09852e-2
5.07199e+1 3.10359e-2
5.59030e+1 2.46411e-1
6.16711e+1 1.86500e-2
6.40890e+1 1.68260e-1
7.42354e+1 4.81199e-2
7.98846e+1 5.99234e-3
