3.46553e+0 -1.71159e-3
3.67369e+0 -1.01053e-3
3.89434e+0 -1.04411e-5
4.12826e+0 2.92657e-3
4.37622e+0 4.79761e-3
4.63908e+0 5.60082e-3
4.91772e+0 7.19326e-3
5.21310e+0 8.84340e-3
5.52622e+0 9.48735e-3
5.85816e+0 1.20734e-2
6.21002e+0 1.37497e-2
6.58303e+0 1.58809e-2
7.00157e+0 1.83176e-2
7.39759e+0 2.09883e-2
7.84192e+0 2.39645e-2
8.31295e+0 2.75258e-2
8.81226e+0 3.14121e-2
9.34157e+0 3.61435e-2
9.90266e+0 4.11349e-2
1.04975e+1 4.68414e-2
1.11280e+1 5.31329e-2
1.17964e+1 6.09195e-2
1.25049e+1 6.98112e-2
1.32560e+1 8.01330e-2
1.40523e+1 9.22100e-2
1.48963e+1 1.07147e-1
1.57075e+1 1.22519e-1
1.64317e+1 1.38269e-1
1.70984e+1 1.54234e-1
1.77450e+1 1.70262e-1
1.83186e+1 1.86456e-1
1.88108e+1 2.01037e-1
1.93162e+1 2.17477e-1
1.98352e+1 2.34203e-1
2.03682e+1 2.51072e-1
2.09154e+1 2.66653e-1
2.14774e+1 2.83236e-1
2.18704e+1 2.99812e-1
2.21130e+1 3.15800e-1
2.26470e+1 3.32420e-1
2.31939e+1 3.49575e-1
2.36911e+1 3.65480e-1
2.41990e+1 3.81743e-1
2.47178e+1 3.99435e-1
2.52477e+1 4.16770e-1
2.57889e+1 4.33926e-1
2.63418e+1 4.51083e-1
2.69065e+1 4.69133e-1
2.74833e+1 4.86825e-1
2.80724e+1 5.03982e-1
2.86742e+1 5.21853e-1
2.92889e+1 5.38831e-1
2.99168e+1 5.54735e-1
3.05581e+1 5.70819e-1
3.12132e+1 5.86903e-1
3.18824e+1 6.01914e-1
3.26523e+1 6.17926e-1
3.35296e+1 6.35224e-1
3.44305e+1 6.51949e-1
3.53556e+1 6.67674e-1
3.64019e+1 6.84114e-1
3.75787e+1 7.01029e-1
3.86908e+1 7.17993e-1
4.02606e+1 7.34143e-1
4.20052e+1 7.50580e-1
4.35937e+1 7.66838e-1
4.54828e+1 7.82023e-1
4.77061e+1 7.97957e-1
5.03041e+1 8.13890e-1
5.31844e+1 8.29114e-1
5.63789e+1 8.43791e-1
5.97653e+1 8.56193e-1
6.33551e+1 8.67620e-1
6.71605e+1 8.78202e-1
7.11944e+1 8.87549e-1
7.54707e+1 8.96311e-1
8.00038e+1 9.04227e-1
8.48092e+1 9.11104e-1
8.99033e+1 9.17785e-1
9.53033e+1 9.23687e-1
1.00000e+2 9.28177e-1
