1.25239e+0 9.53375e-4
1.45681e+0 1.10097e-3
1.66124e+0 1.22896e-3
1.94354e+0 1.37056e-3
2.23558e+0 1.52669e-3
2.52761e+0 1.67827e-3
2.81965e+0 1.81443e-3
2.81965e+0 9.23965e-4
3.11168e+0 1.95513e-3
3.25770e+0 1.05794e-3
3.41994e+0 2.09401e-3
3.69576e+0 1.18811e-3
3.74443e+0 2.23380e-3
4.03647e+0 2.35815e-3
4.13381e+0 1.31828e-3
4.31228e+0 2.48160e-3
4.57186e+0 1.43864e-3
4.71788e+0 2.63591e-3
4.76656e+0 7.95297e-4
4.81523e+0 1.59011e-4
4.91257e+0 2.74121e-3
5.00992e+0 1.55791e-3
5.26302e+0 2.85522e-3
5.49665e+0 1.68535e-3
5.54532e+0 9.14434e-4
5.54532e+0 2.98266e-3
5.68485e+0 5.93340e-4
5.88603e+0 1.96639e-4
5.92497e+0 3.11228e-3
5.98337e+0 1.81171e-3
6.32408e+0 1.03357e-3
6.32408e+0 3.26586e-3
6.47010e+0 1.93479e-3
6.72969e+0 6.95585e-4
6.76214e+0 3.40638e-3
6.95683e+0 4.77370e-4
6.95683e+0 2.34268e-4
6.95683e+0 2.05679e-3
7.00550e+0 3.52592e-3
7.10284e+0 1.15407e-3
7.39488e+0 3.65800e-3
7.44355e+0 2.17334e-3
7.59101e+0 6.41387e-4
7.70564e+0 8.33054e-4
7.78426e+0 3.79007e-3
7.88161e+0 1.27185e-3
7.89783e+0 5.49987e-4
7.97895e+0 2.30006e-3
8.02763e+0 2.75858e-4
8.17364e+0 3.92214e-3
8.51435e+0 2.42169e-3
8.52053e+0 7.54063e-4
8.56303e+0 4.04877e-3
8.66037e+0 9.77883e-4
8.66037e+0 1.39439e-3
8.92807e+0 6.29866e-4
8.95241e+0 4.18356e-3
9.00108e+0 2.53933e-3
9.09842e+0 3.21904e-4
9.34179e+0 4.31291e-3
9.39046e+0 1.51528e-3
9.48781e+0 2.65588e-3
9.58515e+0 1.09401e-3
9.60496e+0 8.49404e-4
9.73117e+0 4.44771e-3
9.97453e+0 2.77570e-3
1.00302e+1 7.24787e-4
1.00719e+1 1.63043e-3
1.01206e+1 4.57297e-3
1.01692e+1 3.71911e-4
1.04613e+1 1.21080e-3
1.04613e+1 2.90096e-3
1.05345e+1 9.53413e-4
1.05586e+1 4.71131e-3
1.07533e+1 1.75491e-3
1.09480e+1 3.02950e-3
1.09967e+1 4.85073e-3
1.11305e+1 8.30698e-4
1.12400e+1 4.25383e-4
1.12887e+1 1.33244e-3
1.13091e+1 1.04009e-3
1.13860e+1 1.87797e-3
1.13860e+1 4.97736e-3
1.14347e+1 3.16021e-3
1.17754e+1 5.10262e-3
1.18728e+1 3.28357e-3
1.19214e+1 1.98708e-3
1.20188e+1 1.45148e-3
1.21579e+1 9.48862e-4
1.21648e+1 5.22653e-3
1.22621e+1 3.40066e-3
1.23108e+1 4.89253e-4
1.23160e+1 1.17876e-3
1.24568e+1 2.11035e-3
1.25542e+1 5.35043e-3
1.26515e+1 1.56572e-3
1.26515e+1 3.52320e-3
1.29436e+1 5.47297e-3
1.29922e+1 2.23652e-3
1.30132e+1 1.28277e-3
1.30409e+1 3.64574e-3
1.31626e+1 1.08123e-3
1.32843e+1 1.68644e-3
1.33329e+1 5.59687e-3
1.33816e+1 5.68967e-4
1.34303e+1 3.76556e-3
1.34790e+1 2.35525e-3
1.35979e+1 1.35664e-3
1.37223e+1 5.72214e-3
1.38197e+1 3.88946e-3
1.39170e+1 1.81443e-3
1.39657e+1 2.47615e-3
1.39935e+1 1.19784e-3
1.41604e+1 5.85612e-3
1.41751e+1 1.47346e-3
1.42091e+1 4.02290e-3
1.44524e+1 6.63534e-4
1.44524e+1 2.60360e-3
1.45011e+1 1.93788e-3
1.45984e+1 5.98492e-3
1.45984e+1 4.15361e-3
1.46860e+1 1.31065e-3
1.49270e+1 1.58909e-3
1.49391e+1 2.73540e-3
1.49391e+1 4.26253e-3
1.49878e+1 6.09657e-3
1.50365e+1 2.05788e-3
1.52799e+1 4.38644e-3
1.53772e+1 2.85739e-3
1.54096e+1 1.43592e-3
1.54259e+1 6.21993e-3
1.55232e+1 7.70974e-4
1.55232e+1 2.17552e-3
1.55788e+1 1.71056e-3
1.56692e+1 4.52804e-3
1.58153e+1 2.98702e-3
1.59126e+1 6.35173e-3
1.60099e+1 2.28989e-3
1.60586e+1 1.85346e-3
1.60586e+1 4.66011e-3
1.60911e+1 1.55664e-3
1.63020e+1 3.13080e-3
1.63993e+1 6.49333e-3
1.64480e+1 4.80172e-3
1.64967e+1 2.40862e-3
1.65453e+1 8.86386e-4
1.66427e+1 1.97419e-3
1.67887e+1 1.68255e-3
1.67887e+1 3.27349e-3
1.68374e+1 4.93787e-3
1.69347e+1 6.63167e-3
1.70321e+1 2.53788e-3
1.72268e+1 2.09673e-3
1.72268e+1 5.07131e-3
1.72754e+1 3.41074e-3
1.74701e+1 1.80548e-3
1.75675e+1 1.00021e-3
1.75675e+1 2.66351e-3
1.76161e+1 6.76442e-3
1.76161e+1 5.19793e-3
1.77135e+1 3.53273e-3
1.78595e+1 2.22096e-3
1.80055e+1 5.32184e-3
1.81029e+1 2.78024e-3
1.81515e+1 3.64710e-3
1.82002e+1 1.93085e-3
1.83462e+1 6.87908e-3
1.84436e+1 5.45418e-3
1.85409e+1 2.34622e-3
1.86383e+1 1.10963e-3
1.86383e+1 3.76801e-3
1.86869e+1 2.89915e-3
1.89303e+1 5.58816e-3
1.90277e+1 2.04771e-3
1.92223e+1 6.99211e-3
1.92223e+1 3.89141e-3
1.93684e+1 2.46635e-3
1.94170e+1 3.01957e-3
1.94657e+1 5.70126e-3
1.97091e+1 1.19479e-3
2.00011e+1 2.14938e-3
2.00498e+1 4.01636e-3
2.02931e+1 7.03865e-3
2.02931e+1 5.82859e-3
2.03905e+1 3.12327e-3
2.03905e+1 2.56181e-3
2.07799e+1 1.24480e-3
2.10719e+1 4.10014e-3
2.10719e+1 2.20236e-3
2.13639e+1 6.99310e-3
2.13639e+1 5.89741e-3
2.14613e+1 3.16486e-3
2.14613e+1 2.59597e-3
2.18507e+1 1.25569e-3
2.21427e+1 4.11202e-3
2.21427e+1 2.19542e-3
2.22887e+1 6.88287e-3
2.24347e+1 5.87117e-3
2.25321e+1 3.14456e-3
2.25321e+1 2.57171e-3
2.29215e+1 1.23737e-3
2.29701e+1 6.76691e-3
2.32135e+1 4.05112e-3
2.32135e+1 2.14839e-3
2.34082e+1 5.77539e-3
2.35055e+1 6.64583e-3
2.36029e+1 3.07029e-3
2.36029e+1 2.50339e-3
2.39923e+1 1.19430e-3
2.39923e+1 6.52274e-3
2.41870e+1 5.66456e-3
2.42356e+1 3.94556e-3
2.42843e+1 2.06867e-3
2.44790e+1 6.39530e-3
2.46737e+1 2.96186e-3
2.46737e+1 2.40486e-3
2.48684e+1 5.54474e-3
2.49170e+1 6.28174e-3
2.50631e+1 1.13934e-3
2.51117e+1 3.83092e-3
2.53064e+1 6.17282e-3
2.53551e+1 1.96965e-3
2.55011e+1 5.42078e-3
2.56471e+1 2.84953e-3
2.57445e+1 2.29544e-3
2.57445e+1 6.04565e-3
2.58905e+1 3.71246e-3
2.60852e+1 5.29914e-3
2.61339e+1 1.07349e-3
2.62312e+1 5.89751e-3
2.64259e+1 1.86221e-3
2.65719e+1 2.73376e-3
2.66693e+1 3.58243e-3
2.66693e+1 5.16299e-3
2.66693e+1 5.75754e-3
2.67666e+1 2.17824e-3
2.70586e+1 5.63500e-3
2.72047e+1 1.00318e-3
2.72047e+1 5.03699e-3
2.73994e+1 3.45493e-3
2.74480e+1 2.61435e-3
2.74480e+1 5.51382e-3
2.74967e+1 1.74784e-3
2.76914e+1 4.91827e-3
2.77401e+1 2.06060e-3
2.78374e+1 5.38991e-3
2.80808e+1 3.33044e-3
2.81781e+1 4.79954e-3
2.82268e+1 2.50407e-3
2.82268e+1 5.26193e-3
2.82755e+1 9.26441e-4
2.85188e+1 1.63579e-3
2.86162e+1 5.13666e-3
2.86648e+1 1.94121e-3
2.86648e+1 4.67318e-3
2.87622e+1 3.20129e-3
2.90056e+1 2.39106e-3
2.90056e+1 5.01004e-3
2.92814e+1 4.56934e-3
2.93463e+1 8.48708e-4
2.93949e+1 3.07615e-3
2.93949e+1 4.87116e-3
2.95410e+1 1.51810e-3
2.95410e+1 1.82805e-3
2.97356e+1 4.75815e-3
2.97843e+1 2.26920e-3
2.98469e+1 4.45238e-3
2.99790e+1 2.95543e-3
3.01250e+1 4.63470e-3
3.03336e+1 4.31544e-3
3.04171e+1 7.70479e-4
3.04171e+1 1.71368e-3
3.05631e+1 2.14734e-3
3.05631e+1 2.83924e-3
3.06118e+1 1.39977e-3
3.06118e+1 4.48039e-3
3.08673e+1 4.19990e-3
3.10498e+1 4.34695e-3
3.11472e+1 2.72305e-3
3.13418e+1 1.60094e-3
3.13418e+1 2.03024e-3
3.13540e+1 4.06851e-3
3.14879e+1 6.97697e-4
3.15365e+1 4.21079e-3
3.16826e+1 1.28639e-3
3.17312e+1 2.60777e-3
3.18664e+1 3.95028e-3
3.19746e+1 4.08281e-3
3.21206e+1 1.90974e-3
3.23153e+1 2.49431e-3
3.23640e+1 3.82520e-3
3.23640e+1 1.48097e-3
3.25587e+1 6.26895e-4
3.27534e+1 1.17994e-3
3.28507e+1 3.68850e-3
3.28994e+1 1.79129e-3
3.29480e+1 2.37190e-3
3.33374e+1 3.55779e-3
3.34348e+1 1.35868e-3
3.36295e+1 5.63025e-4
3.36295e+1 2.24585e-3
3.36781e+1 1.67964e-3
3.38241e+1 3.43252e-3
3.38241e+1 1.07943e-3
3.43109e+1 3.30562e-3
3.43109e+1 2.12292e-3
3.45056e+1 1.24084e-3
3.45056e+1 1.56360e-3
3.47003e+1 5.04602e-4
3.47976e+1 3.17709e-3
3.48949e+1 9.85360e-4
3.49923e+1 1.99922e-3
3.52357e+1 3.05607e-3
3.54303e+1 1.44245e-3
3.55764e+1 1.13538e-3
3.57224e+1 1.88251e-3
3.57711e+1 4.56575e-4
3.57799e+1 2.93076e-3
3.59657e+1 9.05646e-4
3.63551e+1 2.79839e-3
3.64525e+1 1.32501e-3
3.65498e+1 1.76209e-3
3.66472e+1 1.04576e-3
3.68419e+1 4.17956e-4
3.69295e+1 2.67876e-3
3.70365e+1 8.36825e-4
3.74746e+1 1.63634e-3
3.75233e+1 1.21608e-3
3.76693e+1 2.54696e-3
3.77180e+1 9.66545e-4
3.79127e+1 3.85774e-4
3.81479e+1 7.86901e-4
3.82534e+1 2.42169e-3
3.84481e+1 1.51434e-3
3.85941e+1 1.11657e-3
3.88082e+1 8.91288e-4
3.88374e+1 2.30914e-3
3.89835e+1 3.58542e-4
3.94702e+1 1.39779e-3
3.95410e+1 2.18016e-3
3.96649e+1 1.02794e-3
4.00543e+1 3.34777e-4
4.00617e+1 2.07899e-3
4.02489e+1 7.99691e-4
4.02489e+1 6.72941e-4
4.05410e+1 1.28738e-3
4.07282e+1 1.98348e-3
4.07357e+1 9.44265e-4
4.11251e+1 3.14972e-4
4.13197e+1 6.21449e-4
4.13603e+1 7.45827e-4
4.16118e+1 1.18390e-3
4.18065e+1 8.71136e-4
4.21959e+1 2.96158e-4
4.23905e+1 1.57907e-3
4.24360e+1 6.86580e-4
4.25284e+1 5.70956e-4
4.26826e+1 1.09676e-3
4.29138e+1 8.05509e-4
4.30720e+1 1.46470e-3
4.32667e+1 2.77343e-4
4.33640e+1 1.71912e-3
4.37534e+1 1.01457e-3
4.37534e+1 1.34955e-3
4.39481e+1 7.43743e-4
4.43375e+1 2.65461e-4
4.44348e+1 1.60326e-3
4.44348e+1 1.23285e-3
4.48242e+1 9.41294e-4
4.50189e+1 6.88785e-4
4.51649e+1 1.10642e-3
4.54082e+1 2.49122e-4
4.55056e+1 1.50127e-3
4.56516e+1 1.03289e-3
4.59465e+1 9.06843e-4
4.65764e+1 1.40918e-3
4.69171e+1 8.24298e-4
4.76472e+1 1.32204e-3
4.87180e+1 1.24282e-3
4.97888e+1 1.17449e-3
5.08596e+1 1.10815e-3
5.19304e+1 1.04675e-3
5.30012e+1 9.88825e-4
5.40720e+1 9.38819e-4
5.50049e+1 1.90351e-4
5.50454e+1 3.25582e-4
5.51428e+1 8.87822e-4
5.54348e+1 5.13514e-4
5.61162e+1 3.02229e-4
5.61162e+1 1.84014e-4
5.62136e+1 8.42766e-4
5.65056e+1 4.90243e-4
5.71870e+1 2.90773e-4
5.71870e+1 1.71091e-4
5.72844e+1 8.00681e-4
5.75764e+1 4.68953e-4
5.83552e+1 7.60577e-4
5.86472e+1 4.44693e-4
5.94260e+1 7.25919e-4
5.97180e+1 4.29839e-4
6.04968e+1 6.90765e-4
6.07888e+1 4.04588e-4
6.15676e+1 6.62049e-4
6.18596e+1 3.88497e-4
6.18986e+1 2.03365e-4
6.26384e+1 6.32342e-4
6.27795e+1 1.61253e-4
6.29304e+1 3.78347e-4
6.37092e+1 6.06101e-4
6.38065e+1 1.54406e-4
6.40012e+1 3.49135e-4
6.47800e+1 5.77879e-4
6.48773e+1 1.42259e-4
6.50720e+1 3.28885e-4
6.58508e+1 5.52133e-4
6.59481e+1 1.34184e-4
6.61428e+1 2.99624e-4
6.69216e+1 5.24902e-4
6.70189e+1 1.28411e-4
6.72136e+1 3.00020e-4
6.79924e+1 5.05592e-4
6.80897e+1 1.14904e-4
6.82844e+1 2.84572e-4
6.90632e+1 4.85787e-4
6.96689e+1 2.48022e-4
7.01340e+1 4.66478e-4
7.07180e+1 2.42897e-4
7.12048e+1 4.44693e-4
7.13021e+1 1.15564e-4
7.17888e+1 2.38158e-4
7.22756e+1 4.31820e-4
7.23729e+1 1.06693e-4
7.28596e+1 2.30873e-4
7.33464e+1 4.13500e-4
7.34437e+1 1.02060e-4
7.39304e+1 2.26544e-4
7.44172e+1 3.95181e-4
7.45145e+1 1.01612e-4
7.50012e+1 2.19924e-4
7.54880e+1 3.81813e-4
7.55853e+1 9.89955e-5
7.60720e+1 2.12027e-4
7.65588e+1 3.65474e-4
7.67420e+1 1.26539e-4
7.76296e+1 3.47155e-4
7.77269e+1 1.35580e-4
7.87004e+1 3.14560e-4
7.87977e+1 1.23415e-4
7.97712e+1 3.02693e-4
7.98685e+1 1.14704e-4
8.08420e+1 2.88682e-4
8.09393e+1 1.06759e-4
8.19128e+1 2.44067e-4
8.19193e+1 9.59090e-5
8.29836e+1 2.42827e-4
8.30809e+1 1.02864e-4
8.40544e+1 2.31085e-4
8.41517e+1 9.58558e-5
8.51252e+1 2.25724e-4
8.52225e+1 9.49756e-5
8.61960e+1 2.18821e-4
8.62933e+1 9.83314e-5
8.72668e+1 1.95296e-4
8.74047e+1 9.80273e-5
8.84117e+1 1.33967e-4
8.94315e+1 1.20717e-4
9.03818e+1 1.13862e-4
