3.46553e+0 2.38374e-3
3.67369e+0 3.79986e-3
3.89434e+0 5.39799e-3
4.12826e+0 7.24964e-3
4.37622e+0 1.02972e-2
4.63908e+0 1.23503e-2
4.92860e+0 1.42434e-2
5.21310e+0 1.63873e-2
5.52622e+0 1.94567e-2
5.85816e+0 2.27568e-2
6.23831e+0 2.70815e-2
6.58957e+0 3.00568e-2
6.97843e+0 3.35871e-2
7.41854e+0 3.68225e-2
7.83500e+0 4.30219e-2
8.31295e+0 4.77424e-2
8.81226e+0 5.35789e-2
9.34157e+0 6.01304e-2
9.90266e+0 6.70720e-2
1.04975e+1 7.47936e-2
1.11280e+1 8.33603e-2
1.17964e+1 9.32921e-2
1.25049e+1 1.03744e-1
1.32560e+1 1.15301e-1
1.40523e+1 1.28548e-1
1.48963e+1 1.43030e-1
1.57492e+1 1.58390e-1
1.66886e+1 1.77225e-1
1.77464e+1 1.99310e-1
1.87172e+1 2.21397e-1
2.00612e+1 2.52492e-1
2.06102e+1 2.69322e-1
2.12520e+1 2.85479e-1
2.19507e+1 3.01588e-1
2.24676e+1 3.17882e-1
2.31858e+1 3.34857e-1
2.36968e+1 3.51388e-1
2.42905e+1 3.66726e-1
2.47894e+1 3.85404e-1
2.54610e+1 4.01592e-1
2.61225e+1 4.18739e-1
2.67512e+1 4.35369e-1
2.73181e+1 4.52456e-1
2.80583e+1 4.70290e-1
2.86258e+1 4.88029e-1
2.92545e+1 5.06372e-1
3.02292e+1 5.28464e-1
3.11088e+1 5.50556e-1
3.20139e+1 5.74859e-1
3.30806e+1 5.99160e-1
3.43232e+1 6.23461e-1
3.53218e+1 6.44449e-1
3.63495e+1 6.65436e-1
3.77149e+1 6.91947e-1
3.88122e+1 7.10724e-1
4.02701e+1 7.33920e-1
4.14417e+1 7.53803e-1
4.35301e+1 7.82520e-1
4.55369e+1 8.06819e-1
4.69484e+1 8.26655e-1
4.89879e+1 8.45169e-1
5.05716e+1 8.60535e-1
5.23450e+1 8.76581e-1
5.44688e+1 8.93529e-1
5.68291e+1 9.10590e-1
5.94492e+1 9.27195e-1
6.23552e+1 9.43550e-1
6.55768e+1 9.58483e-1
6.93929e+1 9.73382e-1
7.31627e+1 9.83984e-1
7.79105e+1 9.94270e-1
8.25902e+1 9.97567e-1
8.75509e+1 9.97261e-1
9.28097e+1 9.98059e-1
9.81758e+1 9.99073e-1
