1.22807e+1 4.24273e+1
1.39541e+1 4.58602e+1
1.58556e+1 5.01549e+1
1.80162e+1 5.62249e+1
2.04713e+1 6.36062e+1
2.32608e+1 7.41427e+1
2.64305e+1 9.38081e+1
2.96853e+1 1.29131e+2
3.29560e+1 1.78867e+2
3.70145e+1 2.37375e+2
4.20583e+1 2.94914e+2
4.77895e+1 3.48269e+2
5.43016e+1 3.86375e+2
6.17012e+1 4.00084e+2
7.01090e+1 3.99977e+2
7.96625e+1 3.95214e+2
9.05179e+1 3.78501e+2
1.02853e+2 3.55950e+2
1.16868e+2 3.35179e+2
1.32793e+2 3.15210e+2
1.50889e+2 2.89568e+2
1.71450e+2 2.71255e+2
1.94813e+2 2.43103e+2
2.21359e+2 2.27728e+2
2.45748e+2 2.14689e+2
3.09203e+2 1.83783e+2
3.48177e+2 1.70652e+2
3.95623e+2 1.55550e+2
4.49533e+2 1.38683e+2
5.10789e+2 1.28400e+2
5.80393e+2 1.13882e+2
6.59482e+2 1.03669e+2
7.49347e+2 9.33949e+1
8.51459e+2 8.37020e+1
9.67484e+2 7.53085e+1
1.09932e+3 6.81103e+1
1.24912e+3 6.13601e+1
1.41934e+3 5.55674e+1
1.61274e+3 4.99302e+1
1.83251e+3 4.50403e+1
2.08222e+3 4.04184e+1
2.36596e+3 3.63180e+1
2.68836e+3 3.26336e+1
3.05469e+3 2.92088e+1
3.47095e+3 2.62115e+1
3.94392e+3 2.34301e+1
4.48135e+3 2.10258e+1
5.09201e+3 1.88927e+1
5.78588e+3 1.69540e+1
6.57431e+3 1.51550e+1
7.47017e+3 1.35821e+1
8.48811e+3 1.22042e+1
9.64475e+3 1.09092e+1
1.09590e+4 9.77702e+0
1.24524e+4 8.73955e+0
1.41492e+4 7.79186e+0
1.60773e+4 6.94694e+0
1.82681e+4 6.20978e+0
2.07574e+4 5.55084e+0
2.35860e+4 4.98771e+0
2.68000e+4 4.46426e+0
3.04519e+4 3.98017e+0
3.46015e+4 3.54396e+0
3.93166e+4 3.15145e+0
4.46741e+4 2.82438e+0
5.07617e+4 2.52797e+0
5.76789e+4 2.25384e+0
6.55386e+4 2.01730e+0
7.44694e+4 1.80090e+0
8.31558e+4 1.63360e+0
