1.28246e+2 1.57583e+0
1.39107e+2 2.23508e+0
1.53540e+2 3.15901e+0
1.73452e+2 4.10821e+0
1.97088e+2 5.21819e+0
2.23945e+2 6.74992e+0
2.54461e+2 8.12822e+0
2.89136e+2 8.85478e+0
3.28536e+2 9.28904e+0
3.71574e+2 9.67143e+0
4.24173e+2 1.03699e+1
4.81974e+2 1.05852e+1
5.47651e+2 1.05001e+1
6.22278e+2 1.02944e+1
7.07074e+2 9.97516e+0
8.03425e+2 9.54090e+0
9.12905e+2 9.00756e+0
1.03730e+3 8.41597e+0
1.17865e+3 7.79193e+0
1.33927e+3 7.18606e+0
1.52176e+3 6.62729e+0
1.72913e+3 6.09609e+0
1.96475e+3 5.58562e+0
2.23248e+3 5.05831e+0
2.53670e+3 4.58674e+0
2.88237e+3 4.16998e+0
3.27514e+3 3.78615e+0
3.72143e+3 3.41092e+0
4.22854e+3 3.08088e+0
4.80475e+3 2.79003e+0
5.45948e+3 2.52007e+0
6.20343e+3 2.27031e+0
7.04875e+3 2.03469e+0
8.00926e+3 1.83781e+0
9.10066e+3 1.65567e+0
1.03408e+4 1.48384e+0
1.17499e+4 1.33331e+0
1.33510e+4 1.19338e+0
1.51703e+4 1.07092e+0
1.72375e+4 9.58527e-1
1.95864e+4 8.59047e-1
2.22554e+4 7.71898e-1
2.52881e+4 6.91788e-1
2.87340e+4 6.19991e-1
3.26495e+4 5.54924e-1
3.70986e+4 4.94750e-1
4.21539e+4 4.42250e-1
4.78981e+4 3.95322e-1
5.44250e+4 3.54294e-1
6.18413e+4 3.15465e-1
7.02683e+4 2.81990e-1
7.98435e+4 2.52395e-1
8.81274e+4 2.31224e-1
