3.83092e+0 1.12106e+1
4.37092e+0 1.20451e+1
5.23531e+0 1.36909e+1
5.88363e+0 1.50858e+1
6.63959e+0 1.66551e+1
7.28796e+0 1.83877e+1
8.04398e+0 2.03400e+1
9.12415e+0 2.36179e+1
9.77247e+0 2.60242e+1
1.04202e+1 2.80701e+1
1.12844e+1 3.17203e+1
1.19328e+1 3.50200e+1
1.25805e+1 3.78465e+1
1.34448e+1 4.28510e+1
1.40932e+1 4.73087e+1
1.54974e+1 5.75516e+1
1.62535e+1 6.37856e+1
1.70095e+1 7.04210e+1
1.77654e+1 7.77466e+1
1.84137e+1 8.56680e+1
1.90621e+1 9.45797e+1
2.01423e+1 1.09822e+2
2.08983e+1 1.21246e+2
2.55431e+1 2.31366e+2
2.62991e+1 2.55931e+2
2.68399e+1 2.82006e+2
2.77035e+1 3.12553e+2
2.83518e+1 3.44398e+2
2.91078e+1 3.80225e+2
2.98638e+1 4.20594e+2
3.05121e+1 4.63447e+2
3.12681e+1 5.11658e+2
3.19165e+1 5.65981e+2
3.26725e+1 6.24858e+2
3.33206e+1 6.83641e+2
3.40768e+1 7.61624e+2
3.48328e+1 8.42486e+2
3.52652e+1 9.05199e+2
