1.3872e+0 1.5818e+1
1.9314e+0 1.7524e+1
2.4224e+0 1.9339e+1
2.8555e+0 2.1022e+1
3.2884e+0 2.2763e+1
3.7214e+0 2.4696e+1
4.1545e+0 2.6845e+1
4.5876e+0 2.9238e+1
5.1291e+0 3.2657e+1
5.7783e+0 3.6500e+1
6.4273e+0 4.0637e+1
7.2927e+0 4.6852e+1
8.0500e+0 5.3150e+1
8.8067e+0 5.9213e+1
9.4554e+0 6.5035e+1
1.0104e+1 7.0558e+1
1.0896e+1 7.7596e+1
1.2120e+1 8.8427e+1
1.3055e+1 9.6433e+1
1.4278e+1 1.0722e+2
1.5501e+1 1.1686e+2
1.7119e+1 1.2952e+2
1.8628e+1 1.4051e+2
2.0806e+1 1.5529e+2
2.2723e+1 1.6912e+2
2.4449e+1 1.8180e+2
2.6429e+1 1.9478e+2
2.8544e+1 2.0741e+2
3.1094e+1 2.2386e+2
3.3435e+1 2.3894e+2
3.6014e+1 2.5494e+2
3.8563e+1 2.7127e+2
4.1062e+1 2.8697e+2
4.3432e+1 3.0136e+2
4.6032e+1 3.1703e+2
4.8976e+1 3.3517e+2
5.1345e+1 3.4933e+2
5.3944e+1 3.6419e+2
5.6443e+1 3.7900e+2
5.8985e+1 3.9420e+2
6.1361e+1 4.0853e+2
6.3939e+1 4.2371e+2
6.6222e+1 4.3741e+2
6.8649e+1 4.5132e+2
7.1090e+1 4.6471e+2
7.3746e+1 4.8085e+2
7.6345e+1 4.9525e+2
7.8843e+1 5.0968e+2
8.1212e+1 5.2337e+2
8.3761e+1 5.3813e+2
8.6220e+1 5.5188e+2
8.8679e+1 5.6598e+2
9.1604e+1 5.8157e+2
9.4170e+1 5.9604e+2
9.6539e+1 6.0929e+2
9.9088e+1 6.2365e+2
1.0159e+2 6.3685e+2
1.0401e+2 6.5001e+2
1.0641e+2 6.6360e+2
1.0955e+2 6.8082e+2
1.1147e+2 6.9120e+2
1.1441e+2 7.0703e+2
1.1696e+2 7.2088e+2
1.1933e+2 7.3405e+2
1.2188e+2 7.4844e+2
1.2443e+2 7.6310e+2
1.2680e+2 7.7504e+2
1.2958e+2 7.8935e+2
1.3189e+2 8.0363e+2
1.3444e+2 8.1726e+2
1.3681e+2 8.3005e+2
1.3936e+2 8.4194e+2
1.4173e+2 8.5401e+2
1.4428e+2 8.6962e+2
1.4681e+2 8.8368e+2
1.4919e+2 8.9762e+2
1.5127e+2 9.0911e+2
1.5389e+2 9.2174e+2
1.5712e+2 9.4314e+2
1.6010e+2 9.5239e+2
1.6281e+2 9.7115e+2
