1 2.415342501085947e-7
1.1428020598100326 0.0000014090816855117302
1.2571262124228524 0.000009521895354084086
1.3311395970974202 0.00002938225383971012
1.4924955450518298 0.00022998638539612108
1.8060458788485925 0.0005036486330526269
2.450382907711871 0.0017141252532913143
3.08044058375752 0.0047956895791546085
3.4538404973302606 0.019855111964445827
3.6571855734311147 0.024153425010859465
3.947056034604329 0.02536619455757802
4.259901781710856 0.021899062946059172
4.597543848054957 0.027977474632885507
5.15484155558501 0.05833879397552122
5.355234192135528 0.05554958913183841
5.8909635477169 0.06434438263328994
6.237794396403687 0.0675751835538623
7.693578057158664 0.1000000000000001
9.134031939153832 0.1632172128563277
10.63935043780139 0.29382253839710093
12.158671595360195 0.5289373746757314
13.894954943731374 1.4798331982375317
15.579251340306453 3.240696035787172
16.814071034323575 3.9422547112067985
18.852212170408706 1.9855111964445848
19.21515501181718 1.2775649214671154
20.34644846940096 0.709682064767476
21.544346900318846 0.324069603578717
22.81277167655705 0.18905829836907606
25.094926112912912 0.09066649113412809
27.605383753509944 0.05289373746757314
31.547489415357557 0.03942254711206799
37.45406542692737 0.02663985857258773
47.084487409990935 0.017141252532913143
56.97621324662614 0.010502110796366659
80.30857221391513 0.003942254711206798
99.05107955192273 0.0018001933328915445
100.95801121236629 0.04795689579154614
134.38920636898604 0.03753773681925611
168.94419399315638 0.027977474632885507
208.372585114296 0.014798331982375302
266.9937131260138 0.0070968206476747595
329.3050142675269 0.0035743040182210587
390.9601612794903 0.001985511196444587
540.6537936144657 0.0006434438263329007
762.0572121785507 0.00018905829836907606
939.9070045169494 0.00009521895354084085
1227.5153032518529 0.00003574304018221052
1572.8502314949296 0.000014090816855117304
1832.0611215863391 0.00000822041261457491
1867.3319674208765 0.00008633168407011583
4404.456646546077 0.000005289373746757314
8585.140599092223 5.289373746757314e-7
14924.95545051826 8.220412614574927e-8
25456.40673860415 1.3417128354799172e-8
