6.21115e+0 1.06224e-1
6.60785e+0 1.17337e-1
7.02984e+0 1.31756e-1
7.47878e+0 1.47493e-1
7.95636e+0 1.66983e-1
8.46439e+0 1.91782e-1
9.00476e+0 2.26218e-1
9.57959e+0 2.68760e-1
1.01911e+1 3.21604e-1
1.08416e+1 3.83580e-1
1.15421e+1 4.84835e-1
1.21239e+1 6.13078e-1
1.28054e+1 7.98220e-1
1.34132e+1 1.06326e+0
1.39550e+1 1.38140e+0
1.43655e+1 1.79407e+0
1.49282e+1 2.31321e+0
1.54530e+1 2.97010e+0
1.58415e+1 3.61792e+0
1.74082e+1 3.53174e+0
1.81794e+1 2.59851e+0
1.86532e+1 1.95985e+0
1.90976e+1 1.48862e+0
1.94051e+1 1.19744e+0
1.97518e+1 9.36737e-1
2.05403e+1 7.03949e-1
2.12488e+1 5.24483e-1
2.20341e+1 3.99313e-1
2.28136e+1 3.06443e-1
2.37231e+1 2.39365e-1
2.46981e+1 1.87785e-1
2.58002e+1 1.47503e-1
2.68806e+1 1.16036e-1
2.81290e+1 9.21095e-2
2.95356e+1 7.32592e-2
3.11425e+1 5.65008e-2
3.28127e+1 4.55797e-2
3.48204e+1 3.68938e-2
3.69626e+1 2.93606e-2
3.86934e+1 2.33754e-2
4.09206e+1 1.94637e-2
4.26012e+1 1.66000e-2
4.51362e+1 1.38529e-2
4.80255e+1 1.10431e-2
5.10775e+1 8.81999e-3
5.43701e+1 7.21483e-3
5.68251e+1 6.27628e-2
5.72012e+1 6.05911e-3
5.74709e+1 8.15625e-3
5.74852e+1 3.13833e-2
5.74911e+1 2.44848e-2
5.74970e+1 1.91027e-2
5.75029e+1 1.49037e-2
5.75088e+1 1.16277e-2
5.75515e+1 4.48182e-2
5.77005e+1 7.48724e-2
6.35661e+1 7.44766e-2
6.73506e+1 5.80511e-2
6.93822e+1 4.74516e-2
7.27483e+1 3.78750e-2
7.61277e+1 2.91625e-2
7.93964e+1 2.25913e-2
8.33034e+1 1.77141e-2
8.73255e+1 1.36019e-2
9.16927e+1 1.07040e-2
9.68546e+1 8.30688e-3
1.00173e+2 7.09861e-3
1.00616e+2 1.42154e-2
1.00819e+2 1.01662e-2
1.00981e+2 1.94131e-2
1.01141e+2 3.73165e-2
1.01152e+2 2.83722e-2
1.04611e+2 4.66302e-2
1.10467e+2 4.32514e-2
1.17533e+2 3.89950e-2
1.25050e+2 3.50494e-2
1.33049e+2 3.07686e-2
1.41560e+2 2.69276e-2
1.50617e+2 2.33496e-2
1.60253e+2 2.01434e-2
1.70507e+2 1.71121e-2
1.81415e+2 1.46869e-2
1.93023e+2 1.24257e-2
2.05374e+2 1.04911e-2
2.18517e+2 8.76726e-3
2.32500e+2 7.32670e-3
2.47377e+2 6.16696e-3
2.62837e+2 5.11766e-3
2.80050e+2 4.28043e-3
2.97972e+2 3.55151e-3
3.17040e+2 2.97100e-3
3.37328e+2 2.46760e-3
3.58915e+2 2.05370e-3
3.81882e+2 1.71450e-3
4.06321e+2 1.42108e-3
4.32323e+2 1.17787e-3
4.59989e+2 9.78294e-4
4.89197e+2 8.10452e-4
5.20745e+2 6.79722e-4
5.49096e+2 5.71894e-4
5.82915e+2 4.83546e-4
6.20512e+2 3.97381e-4
6.59910e+2 3.32541e-4
7.02143e+2 2.73330e-4
7.47072e+2 2.29633e-4
7.94879e+2 1.91705e-4
8.38155e+2 1.61079e-4
8.89779e+2 1.35958e-4
9.31501e+2 1.16554e-4
9.84838e+2 1.00151e-4
1.04786e+3 8.41256e-5
1.11492e+3 6.93005e-5
1.18626e+3 5.75583e-5
1.26218e+3 4.73664e-5
1.34295e+3 3.95430e-5
1.42889e+3 3.27756e-5
1.52033e+3 2.73340e-5
1.61762e+3 2.27959e-5
1.72114e+3 1.88559e-5
1.79296e+3 7.15394e-5
1.79313e+3 5.69340e-5
1.81393e+3 4.13551e-5
1.81420e+3 2.86980e-5
1.81441e+3 2.18194e-5
1.81465e+3 1.58489e-5
1.92543e+3 6.04630e-5
2.04860e+3 5.27526e-5
2.17968e+3 4.47682e-5
2.31917e+3 3.72974e-5
2.46759e+3 3.07246e-5
2.57318e+3 2.62699e-5
2.71590e+3 2.20825e-5
2.88974e+3 1.77668e-5
3.03642e+3 1.48104e-5
3.21360e+3 1.22216e-5
3.41014e+3 9.81188e-6
3.61092e+3 8.00527e-6
3.82218e+3 6.77161e-6
4.07637e+3 5.49545e-6
4.33728e+3 4.44876e-6
4.61704e+3 3.63047e-6
4.83127e+3 3.11608e-6
5.10794e+3 2.62586e-6
5.43483e+3 2.16978e-6
5.78267e+3 1.76736e-6
6.09751e+3 1.47939e-6
6.45911e+3 1.22884e-6
6.88735e+3 1.02304e-6
7.24601e+3 8.52319e-7
7.70968e+3 7.15201e-7
8.20304e+3 5.95849e-7
8.63020e+3 4.98455e-7
9.18243e+3 4.19125e-7
9.76997e+3 3.54596e-7
