-0.100000 -1.650000 0.000000
-0.100000 -1.600000 0.000000
-0.100000 -1.550000 0.000000
-0.100000 -1.500000 0.000000
-0.100000 -1.450000 0.000000
-0.100000 -1.400000 0.000000
-0.100000 -1.350000 0.000000
-0.100000 -1.300000 0.000000
-0.100000 -1.250000 0.000000
-0.100000 -1.200000 0.000000
-0.100000 -1.150000 0.000000
-0.100000 -1.100000 0.000000
-0.100000 -1.050000 0.000000
-0.100000 -1.000000 0.000000
-0.100000 -0.950000 0.000000
-0.100000 -0.900000 0.000000
-0.100000 -0.850000 0.000000
-0.100000 -0.800000 0.000000
-0.100000 -0.750000 0.000000
-0.100000 -0.700000 0.000000
-0.100000 -0.650000 0.000000
-0.100000 -0.600000 0.000000
-0.100000 -0.550000 0.000000
-0.100000 -0.500000 0.000000
-0.100000 -0.450000 0.000000
-0.100000 -0.400000 0.000000
-0.100000 -0.350000 0.000000
-0.100000 -0.300000 0.000000
-0.100000 -0.250000 0.000000
-0.100000 -0.200000 0.000000
-0.100000 -0.150000 0.000000
-0.100000 -0.100000 0.000000
-0.100000 -0.050000 0.000000
-0.100000 0.000000 0.000000
-0.100000 0.050000 0.000000
-0.100000 0.100000 0.000000
-0.100000 0.150000 0.000000
-0.100000 0.200000 0.000000
-0.100000 0.250000 0.000000
-0.100000 0.300000 0.000000
-0.100000 0.350000 0.000000
-0.100000 0.400000 0.000000
-0.100000 0.450000 0.000000
-0.100000 0.500000 0.000000
-0.100000 0.550000 0.000000
-0.100000 0.600000 0.000000
-0.100000 0.650000 0.000000
-0.100000 0.700000 0.000000
-0.100000 0.750000 0.000000
-0.100000 0.800000 0.000000
-0.100000 0.850000 0.000000
-0.100000 0.900000 0.000000
-0.100000 0.950000 0.000000
-0.100000 1.000000 0.000000
-0.100000 1.050000 0.000000
-0.100000 1.100000 0.000000
-0.100000 1.150000 0.000000
-0.100000 1.200000 0.000000
-0.100000 1.250000 0.000000
-0.100000 1.300000 0.000000
-0.100000 1.350000 0.000000
-0.100000 1.400000 0.000000
-0.100000 1.450000 0.000000
-0.100000 1.500000 0.000000
-0.100000 1.550000 0.000000
-0.100000 1.600000 0.000000
-0.100000 1.650000 0.000000
0.100000 -1.650000 0.000000
0.100000 -1.600000 0.000000
0.100000 -1.550000 0.000000
0.100000 -1.500000 0.000000
0.100000 -1.450000 0.000000
0.100000 -1.400000 0.000000
0.100000 -1.350000 0.000000
0.100000 -1.300000 0.000000
0.100000 -1.250000 0.000000
0.100000 -1.200000 0.000000
0.100000 -1.150000 0.000000
0.100000 -1.100000 0.000000
0.100000 -1.050000 0.000000
0.100000 -1.000000 0.000000
0.100000 -0.950000 0.000000
0.100000 -0.900000 0.000000
0.100000 -0.850000 0.000000
0.100000 -0.800000 0.000000
0.100000 -0.750000 0.000000
0.100000 -0.700000 0.000000
0.100000 -0.650000 0.000000
0.100000 -0.600000 0.000000
0.100000 -0.550000 0.000000
0.100000 -0.500000 0.000000
0.100000 -0.450000 0.000000
0.100000 -0.400000 0.000000
0.100000 -0.350000 0.000000
0.100000 -0.300000 0.000000
0.100000 -0.250000 0.000000
0.100000 -0.200000 0.000000
0.100000 -0.150000 0.000000
0.100000 -0.100000 0.000000
0.100000 -0.050000 0.000000
0.100000 0.000000 0.000000
0.100000 0.050000 0.000000
0.100000 0.100000 0.000000
0.100000 0.150000 0.000000
0.100000 0.200000 0.000000
0.100000 0.250000 0.000000
0.100000 0.300000 0.000000
0.100000 0.350000 0.000000
0.100000 0.400000 0.000000
0.100000 0.450000 0.000000
0.100000 0.500000 0.000000
0.100000 0.550000 0.000000
0.100000 0.600000 0.000000
0.100000 0.650000 0.000000
0.100000 0.700000 0.000000
0.100000 0.750000 0.000000
0.100000 0.800000 0.000000
0.100000 0.850000 0.000000
0.100000 0.900000 0.000000
0.100000 0.950000 0.000000
0.100000 1.000000 0.000000
0.100000 1.050000 0.000000
0.100000 1.100000 0.000000
0.100000 1.150000 0.000000
0.100000 1.200000 0.000000
0.100000 1.250000 0.000000
0.100000 1.300000 0.000000
0.100000 1.350000 0.000000
0.100000 1.400000 0.000000
0.100000 1.450000 0.000000
0.100000 1.500000 0.000000
0.100000 1.550000 0.000000
0.100000 1.600000 0.000000
0.100000 1.650000 0.000000
-0.100000 -1.650000 0.077861
-0.100000 -1.600002 0.077684
-0.100000 -1.550003 0.077242
-0.100000 -1.500001 0.076860
-0.100000 -1.449998 0.076936
-0.100000 -1.399999 0.077239
-0.100000 -1.350001 0.077060
-0.100000 -1.299999 0.077046
-0.100000 -1.249998 0.077355
-0.100000 -1.200000 0.077349
-0.100000 -1.150001 0.077356
-0.100000 -1.100001 0.077182
-0.100000 -1.050001 0.077053
-0.100000 -1.000001 0.076916
-0.100000 -0.950000 0.076802
-0.100000 -0.900000 0.076813
-0.100000 -0.849999 0.076898
-0.100000 -0.799998 0.077244
-0.100000 -0.749999 0.077580
-0.100000 -0.700002 0.077507
-0.100000 -0.650002 0.077058
-0.100000 -0.600000 0.076877
-0.100000 -0.550000 0.076900
-0.100000 -0.500003 0.076678
-0.100000 -0.450002 0.076383
-0.100000 -0.400005 0.076040
-0.100000 -0.350116 0.074521
-0.100000 -0.300610 0.069854
-0.100000 -0.251319 0.064542
-0.100000 -0.201961 0.060093
-0.100000 -0.151272 0.056579
-0.100000 -0.099736 0.054074
-0.100000 -0.049170 0.052656
-0.100000 0.000034 0.052261
-0.100000 0.049427 0.052837
-0.100000 0.099865 0.054436
-0.100000 0.150846 0.057095
-0.100000 0.201839 0.060807
-0.100000 0.251307 0.065433
-0.100000 0.300496 0.070829
-0.100000 0.350069 0.075019
-0.100000 0.400006 0.076360
-0.100000 0.449999 0.076481
-0.100000 0.500000 0.076440
-0.100000 0.550002 0.076567
-0.100000 0.600004 0.076874
-0.100000 0.649999 0.077022
-0.100000 0.699999 0.076839
-0.100000 0.750000 0.076784
-0.100000 0.799998 0.076739
-0.100000 0.849998 0.076491
-0.100000 0.900001 0.076425
-0.100000 0.950001 0.076513
-0.100000 1.000000 0.076529
-0.100000 1.050004 0.076819
-0.100000 1.100002 0.077175
-0.100000 1.149999 0.077198
-0.100000 1.200000 0.077121
-0.100000 1.250000 0.077071
-0.100000 1.300000 0.077049
-0.100000 1.350001 0.077147
-0.100000 1.400000 0.077224
-0.100000 1.450000 0.077186
-0.100000 1.500000 0.077178
-0.100000 1.550000 0.077146
-0.100000 1.600001 0.077338
-0.100000 1.650000 0.077401
0.100000 -1.650000 0.077861
0.100000 -1.600002 0.077684
0.100000 -1.550003 0.077242
0.100000 -1.500001 0.076860
0.100000 -1.449998 0.076936
0.100000 -1.399999 0.077239
0.100000 -1.350001 0.077060
0.100000 -1.299999 0.077046
0.100000 -1.249998 0.077355
0.100000 -1.200000 0.077349
0.100000 -1.150001 0.077356
0.100000 -1.100001 0.077182
0.100000 -1.050001 0.077053
0.100000 -1.000001 0.076916
0.100000 -0.950000 0.076802
0.100000 -0.900000 0.076813
0.100000 -0.849999 0.076898
0.100000 -0.799998 0.077244
0.100000 -0.749999 0.077580
0.100000 -0.700002 0.077507
0.100000 -0.650002 0.077058
0.100000 -0.600000 0.076877
0.100000 -0.550000 0.076900
0.100000 -0.500003 0.076678
0.100000 -0.450002 0.076383
0.100000 -0.400005 0.076040
0.100000 -0.350116 0.074521
0.100000 -0.300610 0.069854
0.100000 -0.251319 0.064542
0.100000 -0.201961 0.060093
0.100000 -0.151272 0.056579
0.100000 -0.099736 0.054074
0.100000 -0.049170 0.052656
0.100000 0.000034 0.052261
0.100000 0.049427 0.052837
0.100000 0.099865 0.054436
0.100000 0.150846 0.057095
0.100000 0.201839 0.060807
0.100000 0.251307 0.065433
0.100000 0.300496 0.070829
0.100000 0.350069 0.075019
0.100000 0.400006 0.076360
0.100000 0.449999 0.076481
0.100000 0.500000 0.076440
0.100000 0.550002 0.076567
0.100000 0.600004 0.076874
0.100000 0.649999 0.077022
0.100000 0.699999 0.076839
0.100000 0.750000 0.076784
0.100000 0.799998 0.076739
0.100000 0.849998 0.076491
0.100000 0.900001 0.076425
0.100000 0.950001 0.076513
0.100000 1.000000 0.076529
0.100000 1.050004 0.076819
0.100000 1.100002 0.077175
0.100000 1.149999 0.077198
0.100000 1.200000 0.077121
0.100000 1.250000 0.077071
0.100000 1.300000 0.077049
0.100000 1.350001 0.077147
0.100000 1.400000 0.077224
0.100000 1.450000 0.077186
0.100000 1.500000 0.077178
0.100000 1.550000 0.077146
0.100000 1.600001 0.077338
0.100000 1.650000 0.077401
0.000000 -1.625000 0.000000
0.000000 -1.575000 0.000000
0.000000 -1.525000 0.000000
0.000000 -1.475000 0.000000
0.000000 -1.425000 0.000000
0.000000 -1.375000 0.000000
0.000000 -1.325000 0.000000
0.000000 -1.275000 0.000000
0.000000 -1.225000 0.000000
0.000000 -1.175000 0.000000
0.000000 -1.125000 0.000000
0.000000 -1.075000 0.000000
0.000000 -1.025000 0.000000
0.000000 -0.975000 0.000000
0.000000 -0.925000 0.000000
0.000000 -0.875000 0.000000
0.000000 -0.825000 0.000000
0.000000 -0.775000 0.000000
0.000000 -0.725000 0.000000
0.000000 -0.675000 0.000000
0.000000 -0.625000 0.000000
0.000000 -0.575000 0.000000
0.000000 -0.525000 0.000000
0.000000 -0.475000 0.000000
0.000000 -0.425000 0.000000
0.000000 -0.375000 0.000000
0.000000 -0.325000 0.000000
0.000000 -0.275000 0.000000
0.000000 -0.225000 0.000000
-0.000000 -0.175000 0.000000
0.000000 -0.125000 0.000000
-0.000000 -0.075000 0.000000
-0.000000 -0.025000 0.000000
-0.000000 0.025000 0.000000
-0.000000 0.075000 0.000000
-0.000000 0.125000 0.000000
-0.000000 0.175000 0.000000
0.000000 0.225000 0.000000
0.000000 0.275000 0.000000
0.000000 0.325000 0.000000
0.000000 0.375000 0.000000
0.000000 0.425000 0.000000
0.000000 0.475000 0.000000
0.000000 0.525000 0.000000
0.000000 0.575000 0.000000
0.000000 0.625000 0.000000
0.000000 0.675000 0.000000
0.000000 0.725000 0.000000
0.000000 0.775000 0.000000
0.000000 0.825000 0.000000
0.000000 0.875000 0.000000
0.000000 0.925000 0.000000
0.000000 0.975000 0.000000
0.000000 1.025000 0.000000
0.000000 1.075000 0.000000
0.000000 1.125000 0.000000
0.000000 1.175000 0.000000
0.000000 1.225000 0.000000
0.000000 1.275000 0.000000
0.000000 1.325000 0.000000
0.000000 1.375000 0.000000
0.000000 1.425000 0.000000
0.000000 1.475000 0.000000
0.000000 1.525000 0.000000
0.000000 1.575000 0.000000
0.000000 1.625000 0.000000
0.000000 -1.625002 0.077720
-0.000000 -1.575003 0.077442
0.000000 -1.525003 0.076978
0.000000 -1.474999 0.076809
-0.000000 -1.424996 0.077072
-0.000000 -1.375003 0.077141
-0.000000 -1.325000 0.076973
-0.000000 -1.274996 0.077166
-0.000000 -1.225001 0.077340
-0.000000 -1.174999 0.077322
-0.000000 -1.125002 0.077242
-0.000000 -1.075001 0.077078
-0.000000 -1.025001 0.076951
-0.000000 -0.975001 0.076811
-0.000000 -0.924999 0.076762
-0.000000 -0.875000 0.076801
-0.000000 -0.824997 0.077012
0.000000 -0.774998 0.077397
-0.000000 -0.725000 0.077558
0.000000 -0.675004 0.077246
0.000000 -0.625001 0.076893
0.000000 -0.574998 0.076858
-0.000000 -0.525003 0.076777
0.000000 -0.475003 0.076492
-0.000000 -0.425002 0.076219
0.000000 -0.375019 0.075541
-0.000000 -0.325314 0.072381
0.000000 -0.275961 0.067093
-0.000000 -0.226645 0.062160
0.000000 -0.176800 0.058185
0.000000 -0.125446 0.055155
0.000000 -0.074238 0.053188
-0.000000 -0.024488 0.052283
0.000000 0.024624 0.052373
0.000000 0.074513 0.053463
-0.000000 0.125305 0.055598
-0.000000 0.176481 0.058796
0.000000 0.226641 0.062970
-0.000000 0.275875 0.068047
-0.000000 0.325203 0.073179
-0.000000 0.375019 0.075908
0.000000 0.424999 0.076450
0.000000 0.474999 0.076417
-0.000000 0.525001 0.076441
-0.000000 0.575005 0.076680
-0.000000 0.625003 0.076952
0.000000 0.674996 0.076907
0.000000 0.725000 0.076757
-0.000000 0.775000 0.076746
-0.000000 0.824996 0.076583
-0.000000 0.875000 0.076389
-0.000000 0.925004 0.076439
-0.000000 0.974997 0.076477
-0.000000 1.025003 0.076605
0.000000 1.075004 0.076981
0.000000 1.124999 0.077181
-0.000000 1.174999 0.077123
0.000000 1.225000 0.077058
0.000000 1.274999 0.077014
-0.000000 1.325001 0.077054
0.000000 1.375001 0.077162
0.000000 1.424999 0.077174
0.000000 1.475000 0.077147
-0.000000 1.524999 0.077111
0.000000 1.575002 0.077200
-0.000000 1.625001 0.077304
0.000000 -1.650000 0.039127
0.000000 1.650000 0.038916
-0.100000 -1.625000 0.039065
-0.100000 -1.575000 0.038899
-0.100000 -1.525000 0.038679
-0.100000 -1.475000 0.038586
-0.100000 -1.425000 0.038766
-0.100000 -1.375000 0.038796
-0.100000 -1.325000 0.038653
-0.100000 -1.275000 0.038788
-0.100000 -1.225000 0.038869
-0.100000 -1.175000 0.038833
-0.100000 -1.125000 0.038806
-0.100000 -1.075000 0.038734
-0.100000 -1.025000 0.038695
-0.100000 -0.975000 0.038626
-0.100000 -0.925000 0.038631
-0.100000 -0.875000 0.038651
-0.100000 -0.825000 0.038708
-0.100000 -0.775000 0.038868
-0.100000 -0.725000 0.038952
-0.100000 -0.675000 0.038808
-0.100000 -0.625000 0.038635
-0.100000 -0.575000 0.038678
-0.100000 -0.525000 0.038683
-0.100000 -0.475000 0.038552
-0.100000 -0.425000 0.038459
-0.100000 -0.375000 0.038545
-0.100000 -0.325000 0.038322
-0.100000 -0.275000 0.037525
-0.100000 -0.225000 0.036028
-0.100000 -0.175000 0.032422
-0.100000 -0.125000 0.026181
-0.100000 -0.075000 0.019178
-0.100000 -0.025000 0.014616
-0.100000 0.025000 0.015310
-0.100000 0.075000 0.020220
-0.100000 0.125000 0.026083
-0.100000 0.175000 0.031858
-0.100000 0.225000 0.036028
-0.100000 0.275000 0.037733
-0.100000 0.325000 0.038293
-0.100000 0.375000 0.038537
-0.100000 0.425000 0.038591
-0.100000 0.475000 0.038499
-0.100000 0.525000 0.038491
-0.100000 0.575000 0.038629
-0.100000 0.625000 0.038805
-0.100000 0.675000 0.038729
-0.100000 0.725000 0.038610
-0.100000 0.775000 0.038662
-0.100000 0.825000 0.038556
-0.100000 0.875000 0.038419
-0.100000 0.925000 0.038568
-0.100000 0.975000 0.038579
-0.100000 1.025000 0.038549
-0.100000 1.075000 0.038760
-0.100000 1.125000 0.038830
-0.100000 1.175000 0.038765
-0.100000 1.225000 0.038740
-0.100000 1.275000 0.038716
-0.100000 1.325000 0.038739
-0.100000 1.375000 0.038818
-0.100000 1.425000 0.038806
-0.100000 1.475000 0.038782
-0.100000 1.525000 0.038746
-0.100000 1.575000 0.038789
-0.100000 1.625000 0.038903
0.100000 -1.625000 0.039065
0.100000 -1.575000 0.038899
0.100000 -1.525000 0.038679
0.100000 -1.475000 0.038586
0.100000 -1.425000 0.038766
0.100000 -1.375000 0.038796
0.100000 -1.325000 0.038653
0.100000 -1.275000 0.038788
0.100000 -1.225000 0.038869
0.100000 -1.175000 0.038833
0.100000 -1.125000 0.038806
0.100000 -1.075000 0.038734
0.100000 -1.025000 0.038695
0.100000 -0.975000 0.038626
0.100000 -0.925000 0.038631
0.100000 -0.875000 0.038651
0.100000 -0.825000 0.038708
0.100000 -0.775000 0.038868
0.100000 -0.725000 0.038952
0.100000 -0.675000 0.038808
0.100000 -0.625000 0.038635
0.100000 -0.575000 0.038678
0.100000 -0.525000 0.038683
0.100000 -0.475000 0.038552
0.100000 -0.425000 0.038459
0.100000 -0.375000 0.038545
0.100000 -0.325000 0.038322
0.100000 -0.275000 0.037525
0.100000 -0.225000 0.036028
0.100000 -0.175000 0.032422
0.100000 -0.125000 0.026181
0.100000 -0.075000 0.019178
0.100000 -0.025000 0.014616
0.100000 0.025000 0.015310
0.100000 0.075000 0.020220
0.100000 0.125000 0.026083
0.100000 0.175000 0.031858
0.100000 0.225000 0.036028
0.100000 0.275000 0.037733
0.100000 0.325000 0.038293
0.100000 0.375000 0.038537
0.100000 0.425000 0.038591
0.100000 0.475000 0.038499
0.100000 0.525000 0.038491
0.100000 0.575000 0.038629
0.100000 0.625000 0.038805
0.100000 0.675000 0.038729
0.100000 0.725000 0.038610
0.100000 0.775000 0.038662
0.100000 0.825000 0.038556
0.100000 0.875000 0.038419
0.100000 0.925000 0.038568
0.100000 0.975000 0.038579
0.100000 1.025000 0.038549
0.100000 1.075000 0.038760
0.100000 1.125000 0.038830
0.100000 1.175000 0.038765
0.100000 1.225000 0.038740
0.100000 1.275000 0.038716
0.100000 1.325000 0.038739
0.100000 1.375000 0.038818
0.100000 1.425000 0.038806
0.100000 1.475000 0.038782
0.100000 1.525000 0.038746
0.100000 1.575000 0.038789
0.100000 1.625000 0.038903
