 #  Scattering amplitudes (in cm)      MU=(1-cos(TH))/2
 #  Z =  80,   projectile: electron
 #  Kinetic energy = 2.50000E+04 eV
 #
 # TH (deg)      MU          Re(F)        Im(F)        Re(G)        Im(G)
 #--------------------------------------------------------------------------
  0.000E+00  0.00000E+00  1.25135E-07  4.48306E-08  0.00000E+00  0.00000E+00
  1.000E-04  7.61557E-13  1.25135E-07  4.48306E-08  5.06371E-15  1.87885E-15
  1.250E-04  1.18994E-12  1.25135E-07  4.48306E-08  6.32964E-15  2.34856E-15
  1.500E-04  1.71346E-12  1.25135E-07  4.48306E-08  7.59557E-15  2.81827E-15
  1.750E-04  2.33225E-12  1.25135E-07  4.48306E-08  8.86150E-15  3.28798E-15
  2.000E-04  3.04617E-12  1.25135E-07  4.48306E-08  1.01274E-14  3.75770E-15
  2.250E-04  3.85530E-12  1.25135E-07  4.48306E-08  1.13934E-14  4.22741E-15
  2.500E-04  4.75964E-12  1.25135E-07  4.48306E-08  1.26593E-14  4.69712E-15
  2.750E-04  5.75917E-12  1.25135E-07  4.48306E-08  1.39252E-14  5.16683E-15
  3.000E-04  6.85391E-12  1.25135E-07  4.48306E-08  1.51911E-14  5.63654E-15
  3.250E-04  8.04379E-12  1.25135E-07  4.48306E-08  1.64571E-14  6.10626E-15
  3.500E-04  9.32893E-12  1.25135E-07  4.48306E-08  1.77230E-14  6.57597E-15
  3.750E-04  1.07092E-11  1.25135E-07  4.48306E-08  1.89889E-14  7.04568E-15
  4.000E-04  1.21847E-11  1.25135E-07  4.48306E-08  2.02549E-14  7.51539E-15
  4.250E-04  1.37554E-11  1.25135E-07  4.48306E-08  2.15208E-14  7.98510E-15
  4.500E-04  1.54213E-11  1.25135E-07  4.48306E-08  2.27867E-14  8.45481E-15
  4.750E-04  1.71823E-11  1.25135E-07  4.48306E-08  2.40526E-14  8.92453E-15
  5.000E-04  1.90386E-11  1.25135E-07  4.48306E-08  2.53186E-14  9.39424E-15
  5.250E-04  2.09900E-11  1.25135E-07  4.48306E-08  2.65845E-14  9.86395E-15
  5.500E-04  2.30367E-11  1.25135E-07  4.48306E-08  2.78504E-14  1.03337E-14
  5.750E-04  2.51785E-11  1.25135E-07  4.48306E-08  2.91163E-14  1.08034E-14
  6.000E-04  2.74156E-11  1.25135E-07  4.48306E-08  3.03823E-14  1.12731E-14
  6.250E-04  2.97478E-11  1.25135E-07  4.48306E-08  3.16482E-14  1.17428E-14
  6.500E-04  3.21752E-11  1.25135E-07  4.48306E-08  3.29141E-14  1.22125E-14
  6.750E-04  3.46979E-11  1.25135E-07  4.48306E-08  3.41801E-14  1.26822E-14
  7.000E-04  3.73157E-11  1.25135E-07  4.48306E-08  3.54460E-14  1.31519E-14
  7.250E-04  4.00286E-11  1.25135E-07  4.48306E-08  3.67119E-14  1.36216E-14
  7.500E-04  4.28368E-11  1.25135E-07  4.48306E-08  3.79778E-14  1.40914E-14
  7.750E-04  4.57402E-11  1.25135E-07  4.48306E-08  3.92438E-14  1.45611E-14
  8.000E-04  4.87388E-11  1.25135E-07  4.48306E-08  4.05097E-14  1.50308E-14
  8.250E-04  5.18325E-11  1.25135E-07  4.48306E-08  4.17756E-14  1.55005E-14
  8.500E-04  5.50215E-11  1.25135E-07  4.48306E-08  4.30416E-14  1.59702E-14
  8.750E-04  5.83057E-11  1.25135E-07  4.48306E-08  4.43075E-14  1.64399E-14
  9.000E-04  6.16850E-11  1.25135E-07  4.48306E-08  4.55734E-14  1.69096E-14
  9.250E-04  6.51595E-11  1.25135E-07  4.48306E-08  4.68393E-14  1.73793E-14
  9.500E-04  6.87293E-11  1.25135E-07  4.48306E-08  4.81053E-14  1.78491E-14
  9.750E-04  7.23943E-11  1.25135E-07  4.48306E-08  4.93712E-14  1.83188E-14
  1.000E-03  7.61544E-11  1.25135E-07  4.48306E-08  5.06371E-14  1.87885E-14
  1.250E-03  1.18991E-10  1.25135E-07  4.48306E-08  6.32964E-14  2.34856E-14
  1.500E-03  1.71347E-10  1.25135E-07  4.48306E-08  7.59556E-14  2.81827E-14
  1.750E-03  2.33223E-10  1.25135E-07  4.48306E-08  8.86149E-14  3.28798E-14
  2.000E-03  3.04617E-10  1.25135E-07  4.48306E-08  1.01274E-13  3.75769E-14
  2.250E-03  3.85531E-10  1.25135E-07  4.48306E-08  1.13933E-13  4.22741E-14
  2.500E-03  4.75965E-10  1.25135E-07  4.48306E-08  1.26593E-13  4.69712E-14
  2.750E-03  5.75917E-10  1.25135E-07  4.48306E-08  1.39252E-13  5.16683E-14
  3.000E-03  6.85389E-10  1.25135E-07  4.48306E-08  1.51911E-13  5.63654E-14
  3.250E-03  8.04380E-10  1.25135E-07  4.48306E-08  1.64570E-13  6.10625E-14
  3.500E-03  9.32891E-10  1.25135E-07  4.48306E-08  1.77229E-13  6.57596E-14
  3.750E-03  1.07092E-09  1.25135E-07  4.48306E-08  1.89888E-13  7.04567E-14
  4.000E-03  1.21847E-09  1.25135E-07  4.48306E-08  2.02548E-13  7.51538E-14
  4.250E-03  1.37554E-09  1.25135E-07  4.48306E-08  2.15207E-13  7.98510E-14
  4.500E-03  1.54213E-09  1.25135E-07  4.48306E-08  2.27866E-13  8.45481E-14
  4.750E-03  1.71823E-09  1.25135E-07  4.48306E-08  2.40525E-13  8.92452E-14
  5.000E-03  1.90386E-09  1.25135E-07  4.48306E-08  2.53184E-13  9.39423E-14
  5.250E-03  2.09900E-09  1.25134E-07  4.48306E-08  2.65843E-13  9.86394E-14
  5.500E-03  2.30367E-09  1.25134E-07  4.48306E-08  2.78502E-13  1.03336E-13
  5.750E-03  2.51785E-09  1.25134E-07  4.48306E-08  2.91160E-13  1.08034E-13
  6.000E-03  2.74156E-09  1.25134E-07  4.48306E-08  3.03819E-13  1.12731E-13
  6.250E-03  2.97478E-09  1.25134E-07  4.48306E-08  3.16478E-13  1.17428E-13
  6.500E-03  3.21752E-09  1.25134E-07  4.48306E-08  3.29137E-13  1.22125E-13
  6.750E-03  3.46978E-09  1.25134E-07  4.48305E-08  3.41796E-13  1.26822E-13
  7.000E-03  3.73156E-09  1.25134E-07  4.48305E-08  3.54454E-13  1.31519E-13
  7.250E-03  4.00286E-09  1.25133E-07  4.48305E-08  3.67113E-13  1.36216E-13
  7.500E-03  4.28368E-09  1.25133E-07  4.48305E-08  3.79772E-13  1.40913E-13
  7.750E-03  4.57402E-09  1.25133E-07  4.48305E-08  3.92430E-13  1.45610E-13
  8.000E-03  4.87388E-09  1.25133E-07  4.48305E-08  4.05089E-13  1.50307E-13
  8.250E-03  5.18326E-09  1.25133E-07  4.48305E-08  4.17747E-13  1.55004E-13
  8.500E-03  5.50215E-09  1.25133E-07  4.48305E-08  4.30406E-13  1.59701E-13
  8.750E-03  5.83057E-09  1.25132E-07  4.48305E-08  4.43064E-13  1.64399E-13
  9.000E-03  6.16850E-09  1.25132E-07  4.48305E-08  4.55723E-13  1.69096E-13
  9.250E-03  6.51596E-09  1.25132E-07  4.48304E-08  4.68381E-13  1.73793E-13
  9.500E-03  6.87293E-09  1.25132E-07  4.48304E-08  4.81039E-13  1.78490E-13
  9.750E-03  7.23942E-09  1.25132E-07  4.48304E-08  4.93697E-13  1.83187E-13
  1.000E-02  7.61544E-09  1.25132E-07  4.48304E-08  5.06355E-13  1.87884E-13
  1.250E-02  1.18991E-08  1.25129E-07  4.48303E-08  6.32933E-13  2.34854E-13
  1.500E-02  1.71347E-08  1.25127E-07  4.48301E-08  7.59503E-13  2.81824E-13
  1.750E-02  2.33223E-08  1.25124E-07  4.48299E-08  8.86064E-13  3.28793E-13
  2.000E-02  3.04617E-08  1.25120E-07  4.48297E-08  1.01262E-12  3.75762E-13
  2.250E-02  3.85531E-08  1.25116E-07  4.48295E-08  1.13915E-12  4.22730E-13
  2.500E-02  4.75965E-08  1.25111E-07  4.48292E-08  1.26568E-12  4.69697E-13
  2.750E-02  5.75917E-08  1.25106E-07  4.48289E-08  1.39219E-12  5.16663E-13
  3.000E-02  6.85389E-08  1.25100E-07  4.48286E-08  1.51868E-12  5.63629E-13
  3.250E-02  8.04380E-08  1.25094E-07  4.48282E-08  1.64516E-12  6.10593E-13
  3.500E-02  9.32891E-08  1.25088E-07  4.48278E-08  1.77162E-12  6.57556E-13
  3.750E-02  1.07092E-07  1.25081E-07  4.48274E-08  1.89805E-12  7.04518E-13
  4.000E-02  1.21847E-07  1.25073E-07  4.48269E-08  2.02447E-12  7.51478E-13
  4.250E-02  1.37554E-07  1.25065E-07  4.48265E-08  2.15086E-12  7.98437E-13
  4.500E-02  1.54213E-07  1.25056E-07  4.48259E-08  2.27722E-12  8.45395E-13
  4.750E-02  1.71823E-07  1.25047E-07  4.48254E-08  2.40356E-12  8.92350E-13
  5.000E-02  1.90386E-07  1.25038E-07  4.48248E-08  2.52987E-12  9.39305E-13
  5.250E-02  2.09900E-07  1.25028E-07  4.48242E-08  2.65615E-12  9.86257E-13
  5.500E-02  2.30367E-07  1.25017E-07  4.48236E-08  2.78239E-12  1.03321E-12
  5.750E-02  2.51785E-07  1.25006E-07  4.48230E-08  2.90861E-12  1.08016E-12
  6.000E-02  2.74156E-07  1.24995E-07  4.48223E-08  3.03479E-12  1.12710E-12
  6.250E-02  2.97478E-07  1.24983E-07  4.48216E-08  3.16094E-12  1.17405E-12
  6.500E-02  3.21752E-07  1.24970E-07  4.48208E-08  3.28704E-12  1.22099E-12
  6.750E-02  3.46978E-07  1.24958E-07  4.48201E-08  3.41311E-12  1.26793E-12
  7.000E-02  3.73156E-07  1.24944E-07  4.48193E-08  3.53914E-12  1.31487E-12
  7.250E-02  4.00286E-07  1.24930E-07  4.48184E-08  3.66513E-12  1.36180E-12
  7.500E-02  4.28368E-07  1.24916E-07  4.48176E-08  3.79108E-12  1.40873E-12
  7.750E-02  4.57402E-07  1.24901E-07  4.48167E-08  3.91698E-12  1.45566E-12
  8.000E-02  4.87388E-07  1.24886E-07  4.48158E-08  4.04283E-12  1.50259E-12
  8.250E-02  5.18325E-07  1.24870E-07  4.48148E-08  4.16864E-12  1.54951E-12
  8.500E-02  5.50215E-07  1.24854E-07  4.48139E-08  4.29439E-12  1.59644E-12
  8.750E-02  5.83057E-07  1.24837E-07  4.48129E-08  4.42010E-12  1.64335E-12
  9.000E-02  6.16850E-07  1.24820E-07  4.48118E-08  4.54576E-12  1.69027E-12
  9.250E-02  6.51596E-07  1.24802E-07  4.48108E-08  4.67136E-12  1.73718E-12
  9.500E-02  6.87293E-07  1.24784E-07  4.48097E-08  4.79691E-12  1.78409E-12
  9.750E-02  7.23942E-07  1.24765E-07  4.48086E-08  4.92240E-12  1.83099E-12
  1.000E-01  7.61543E-07  1.24746E-07  4.48074E-08  5.04783E-12  1.87789E-12
  1.250E-01  1.18991E-06  1.24527E-07  4.47944E-08  6.29866E-12  2.34670E-12
  1.500E-01  1.71347E-06  1.24261E-07  4.47784E-08  7.54214E-12  2.81506E-12
  1.750E-01  2.33223E-06  1.23948E-07  4.47596E-08  8.77684E-12  3.28288E-12
  2.000E-01  3.04617E-06  1.23588E-07  4.47379E-08  1.00014E-11  3.75008E-12
  2.250E-01  3.85531E-06  1.23183E-07  4.47133E-08  1.12144E-11  4.21657E-12
  2.500E-01  4.75964E-06  1.22733E-07  4.46859E-08  1.24145E-11  4.68227E-12
  2.750E-01  5.75916E-06  1.22238E-07  4.46556E-08  1.36006E-11  5.14708E-12
  3.000E-01  6.85388E-06  1.21700E-07  4.46225E-08  1.47713E-11  5.61092E-12
  3.250E-01  8.04378E-06  1.21121E-07  4.45865E-08  1.59255E-11  6.07370E-12
  3.500E-01  9.32888E-06  1.20500E-07  4.45478E-08  1.70620E-11  6.53534E-12
  3.750E-01  1.07092E-05  1.19839E-07  4.45062E-08  1.81797E-11  6.99576E-12
  4.000E-01  1.21846E-05  1.19139E-07  4.44619E-08  1.92777E-11  7.45486E-12
  4.250E-01  1.37553E-05  1.18402E-07  4.44148E-08  2.03549E-11  7.91258E-12
  4.500E-01  1.54212E-05  1.17629E-07  4.43649E-08  2.14105E-11  8.36882E-12
  4.750E-01  1.71822E-05  1.16821E-07  4.43124E-08  2.24436E-11  8.82351E-12
  5.000E-01  1.90385E-05  1.15980E-07  4.42571E-08  2.34535E-11  9.27656E-12
  5.250E-01  2.09899E-05  1.15107E-07  4.41991E-08  2.44393E-11  9.72790E-12
  5.500E-01  2.30365E-05  1.14203E-07  4.41385E-08  2.54005E-11  1.01775E-11
  5.750E-01  2.51783E-05  1.13270E-07  4.40752E-08  2.63365E-11  1.06251E-11
  6.000E-01  2.74153E-05  1.12309E-07  4.40094E-08  2.72467E-11  1.10709E-11
  6.250E-01  2.97475E-05  1.11322E-07  4.39409E-08  2.81306E-11  1.15146E-11
  6.500E-01  3.21749E-05  1.10310E-07  4.38698E-08  2.89879E-11  1.19562E-11
  6.750E-01  3.46974E-05  1.09275E-07  4.37962E-08  2.98182E-11  1.23957E-11
  7.000E-01  3.73152E-05  1.08219E-07  4.37201E-08  3.06212E-11  1.28329E-11
  7.250E-01  4.00281E-05  1.07142E-07  4.36415E-08  3.13966E-11  1.32678E-11
  7.500E-01  4.28362E-05  1.06046E-07  4.35604E-08  3.21444E-11  1.37004E-11
  7.750E-01  4.57395E-05  1.04933E-07  4.34769E-08  3.28644E-11  1.41305E-11
  8.000E-01  4.87380E-05  1.03804E-07  4.33910E-08  3.35564E-11  1.45581E-11
  8.250E-01  5.18317E-05  1.02660E-07  4.33028E-08  3.42206E-11  1.49832E-11
  8.500E-01  5.50205E-05  1.01504E-07  4.32121E-08  3.48570E-11  1.54056E-11
  8.750E-01  5.83045E-05  1.00335E-07  4.31192E-08  3.54655E-11  1.58253E-11
  9.000E-01  6.16838E-05  9.91561E-08  4.30240E-08  3.60463E-11  1.62423E-11
  9.250E-01  6.51582E-05  9.79679E-08  4.29265E-08  3.65997E-11  1.66564E-11
  9.500E-01  6.87277E-05  9.67716E-08  4.28268E-08  3.71257E-11  1.70677E-11
  9.750E-01  7.23925E-05  9.55686E-08  4.27250E-08  3.76247E-11  1.74761E-11
  1.000E+00  7.61524E-05  9.43601E-08  4.26210E-08  3.80969E-11  1.78815E-11
  1.100E+00  9.21439E-05  8.94920E-08  4.21841E-08  3.97241E-11  1.94724E-11
  1.200E+00  1.09658E-04  8.46182E-08  4.17156E-08  4.09515E-11  2.10117E-11
  1.300E+00  1.28695E-04  7.97942E-08  4.12179E-08  4.18076E-11  2.24969E-11
  1.400E+00  1.49255E-04  7.50651E-08  4.06932E-08  4.23244E-11  2.39257E-11
  1.500E+00  1.71338E-04  7.04665E-08  4.01439E-08  4.25351E-11  2.52962E-11
  1.600E+00  1.94942E-04  6.60249E-08  3.95724E-08  4.24729E-11  2.66069E-11
  1.700E+00  2.20070E-04  6.17596E-08  3.89811E-08  4.21701E-11  2.78566E-11
  1.800E+00  2.46720E-04  5.76829E-08  3.83722E-08  4.16576E-11  2.90447E-11
  1.900E+00  2.74892E-04  5.38021E-08  3.77480E-08  4.09638E-11  3.01706E-11
  2.000E+00  3.04586E-04  5.01200E-08  3.71107E-08  4.01151E-11  3.12343E-11
  2.100E+00  3.35803E-04  4.66360E-08  3.64622E-08  3.91350E-11  3.22358E-11
  2.200E+00  3.68542E-04  4.33468E-08  3.58047E-08  3.80450E-11  3.31756E-11
  2.300E+00  4.02802E-04  4.02472E-08  3.51398E-08  3.68638E-11  3.40542E-11
  2.400E+00  4.38585E-04  3.73305E-08  3.44696E-08  3.56084E-11  3.48725E-11
  2.500E+00  4.75889E-04  3.45894E-08  3.37954E-08  3.42932E-11  3.56315E-11
  2.600E+00  5.14715E-04  3.20154E-08  3.31190E-08  3.29311E-11  3.63323E-11
  2.700E+00  5.55063E-04  2.96002E-08  3.24418E-08  3.15332E-11  3.69761E-11
  2.800E+00  5.96931E-04  2.73351E-08  3.17649E-08  3.01091E-11  3.75644E-11
  2.900E+00  6.40321E-04  2.52115E-08  3.10898E-08  2.86670E-11  3.80986E-11
  3.000E+00  6.85233E-04  2.32212E-08  3.04174E-08  2.72140E-11  3.85803E-11
  3.100E+00  7.31665E-04  2.13560E-08  2.97487E-08  2.57563E-11  3.90110E-11
  3.200E+00  7.79618E-04  1.96081E-08  2.90847E-08  2.42990E-11  3.93923E-11
  3.300E+00  8.29092E-04  1.79702E-08  2.84261E-08  2.28465E-11  3.97259E-11
  3.400E+00  8.80086E-04  1.64352E-08  2.77737E-08  2.14026E-11  4.00135E-11
  3.500E+00  9.32601E-04  1.49964E-08  2.71282E-08  1.99703E-11  4.02566E-11
  3.600E+00  9.86636E-04  1.36476E-08  2.64900E-08  1.85524E-11  4.04570E-11
  3.700E+00  1.04219E-03  1.23831E-08  2.58597E-08  1.71510E-11  4.06163E-11
  3.800E+00  1.09927E-03  1.11972E-08  2.52376E-08  1.57679E-11  4.07361E-11
  3.900E+00  1.15786E-03  1.00848E-08  2.46243E-08  1.44048E-11  4.08180E-11
  4.000E+00  1.21797E-03  9.04131E-09  2.40199E-08  1.30628E-11  4.08635E-11
  4.100E+00  1.27961E-03  8.06212E-09  2.34247E-08  1.17430E-11  4.08742E-11
  4.200E+00  1.34276E-03  7.14313E-09  2.28389E-08  1.04461E-11  4.08515E-11
  4.300E+00  1.40743E-03  6.28049E-09  2.22628E-08  9.17273E-12  4.07969E-11
  4.400E+00  1.47362E-03  5.47059E-09  2.16964E-08  7.92346E-12  4.07119E-11
  4.500E+00  1.54133E-03  4.71011E-09  2.11398E-08  6.69861E-12  4.05977E-11
  4.600E+00  1.61056E-03  3.99593E-09  2.05931E-08  5.49842E-12  4.04557E-11
  4.700E+00  1.68131E-03  3.32517E-09  2.00564E-08  4.32307E-12  4.02872E-11
  4.800E+00  1.75357E-03  2.69515E-09  1.95295E-08  3.17263E-12  4.00935E-11
  4.900E+00  1.82735E-03  2.10336E-09  1.90126E-08  2.04713E-12  3.98756E-11
  5.000E+00  1.90265E-03  1.54747E-09  1.85056E-08  9.46519E-13  3.96348E-11
  5.100E+00  1.97947E-03  1.02533E-09  1.80084E-08 -1.29280E-13  3.93722E-11
  5.200E+00  2.05780E-03  5.34903E-10  1.75210E-08 -1.18039E-12  3.90889E-11
  5.300E+00  2.13765E-03  7.43193E-11  1.70433E-08 -2.20697E-12  3.87858E-11
  5.400E+00  2.21902E-03 -3.58177E-10  1.65753E-08 -3.20921E-12  3.84640E-11
  5.500E+00  2.30190E-03 -7.64222E-10  1.61167E-08 -4.18730E-12  3.81245E-11
  5.600E+00  2.38630E-03 -1.14534E-09  1.56675E-08 -5.14148E-12  3.77681E-11
  5.700E+00  2.47222E-03 -1.50297E-09  1.52276E-08 -6.07198E-12  3.73958E-11
  5.800E+00  2.55965E-03 -1.83843E-09  1.47969E-08 -6.97907E-12  3.70084E-11
  5.900E+00  2.64859E-03 -2.15297E-09  1.43752E-08 -7.86299E-12  3.66068E-11
  6.000E+00  2.73905E-03 -2.44776E-09  1.39624E-08 -8.72404E-12  3.61916E-11
  6.100E+00  2.83103E-03 -2.72389E-09  1.35583E-08 -9.56248E-12  3.57638E-11
  6.200E+00  2.92452E-03 -2.98238E-09  1.31629E-08 -1.03786E-11  3.53240E-11
  6.300E+00  3.01952E-03 -3.22420E-09  1.27760E-08 -1.11727E-11  3.48729E-11
  6.400E+00  3.11604E-03 -3.45025E-09  1.23974E-08 -1.19450E-11  3.44112E-11
  6.500E+00  3.21407E-03 -3.66136E-09  1.20270E-08 -1.26959E-11  3.39395E-11
  6.600E+00  3.31362E-03 -3.85835E-09  1.16646E-08 -1.34256E-11  3.34586E-11
  6.700E+00  3.41468E-03 -4.04194E-09  1.13102E-08 -1.41345E-11  3.29689E-11
  6.800E+00  3.51725E-03 -4.21285E-09  1.09635E-08 -1.48228E-11  3.24711E-11
  6.900E+00  3.62133E-03 -4.37173E-09  1.06245E-08 -1.54907E-11  3.19658E-11
  7.000E+00  3.72692E-03 -4.51921E-09  1.02929E-08 -1.61387E-11  3.14534E-11
  7.100E+00  3.83403E-03 -4.65588E-09  9.96866E-09 -1.67670E-11  3.09345E-11
  7.200E+00  3.94265E-03 -4.78229E-09  9.65162E-09 -1.73759E-11  3.04096E-11
  7.300E+00  4.05278E-03 -4.89896E-09  9.34163E-09 -1.79657E-11  2.98792E-11
  7.400E+00  4.16442E-03 -5.00639E-09  9.03857E-09 -1.85366E-11  2.93438E-11
  7.500E+00  4.27757E-03 -5.10504E-09  8.74229E-09 -1.90889E-11  2.88037E-11
  7.600E+00  4.39223E-03 -5.19536E-09  8.45267E-09 -1.96230E-11  2.82595E-11
  7.700E+00  4.50840E-03 -5.27776E-09  8.16956E-09 -2.01390E-11  2.77114E-11
  7.800E+00  4.62608E-03 -5.35263E-09  7.89285E-09 -2.06373E-11  2.71601E-11
  7.900E+00  4.74527E-03 -5.42036E-09  7.62240E-09 -2.11182E-11  2.66057E-11
  8.000E+00  4.86597E-03 -5.48129E-09  7.35808E-09 -2.15818E-11  2.60488E-11
  8.100E+00  4.98817E-03 -5.53576E-09  7.09979E-09 -2.20286E-11  2.54896E-11
  8.200E+00  5.11188E-03 -5.58409E-09  6.84738E-09 -2.24587E-11  2.49286E-11
  8.300E+00  5.23711E-03 -5.62659E-09  6.60075E-09 -2.28724E-11  2.43659E-11
  8.400E+00  5.36383E-03 -5.66354E-09  6.35978E-09 -2.32700E-11  2.38021E-11
  8.500E+00  5.49207E-03 -5.69521E-09  6.12435E-09 -2.36517E-11  2.32373E-11
  8.600E+00  5.62181E-03 -5.72187E-09  5.89434E-09 -2.40178E-11  2.26719E-11
  8.700E+00  5.75306E-03 -5.74376E-09  5.66966E-09 -2.43686E-11  2.21061E-11
  8.800E+00  5.88581E-03 -5.76111E-09  5.45019E-09 -2.47043E-11  2.15403E-11
  8.900E+00  6.02007E-03 -5.77416E-09  5.23582E-09 -2.50251E-11  2.09747E-11
  9.000E+00  6.15583E-03 -5.78310E-09  5.02646E-09 -2.53313E-11  2.04095E-11
  9.100E+00  6.29310E-03 -5.78816E-09  4.82199E-09 -2.56231E-11  1.98451E-11
  9.200E+00  6.43187E-03 -5.78951E-09  4.62232E-09 -2.59008E-11  1.92816E-11
  9.300E+00  6.57214E-03 -5.78734E-09  4.42735E-09 -2.61647E-11  1.87193E-11
  9.400E+00  6.71392E-03 -5.78184E-09  4.23699E-09 -2.64149E-11  1.81584E-11
  9.500E+00  6.85720E-03 -5.77316E-09  4.05113E-09 -2.66517E-11  1.75991E-11
  9.600E+00  7.00198E-03 -5.76146E-09  3.86970E-09 -2.68754E-11  1.70417E-11
  9.700E+00  7.14827E-03 -5.74691E-09  3.69259E-09 -2.70861E-11  1.64863E-11
  9.800E+00  7.29605E-03 -5.72964E-09  3.51971E-09 -2.72842E-11  1.59331E-11
  9.900E+00  7.44534E-03 -5.70980E-09  3.35099E-09 -2.74697E-11  1.53823E-11
  1.000E+01  7.59612E-03 -5.68752E-09  3.18634E-09 -2.76430E-11  1.48341E-11
  1.025E+01  7.97965E-03 -5.62196E-09  2.79196E-09 -2.80241E-11  1.34759E-11
  1.050E+01  8.37255E-03 -5.54375E-09  2.42123E-09 -2.83335E-11  1.21373E-11
  1.075E+01  8.77480E-03 -5.45456E-09  2.07295E-09 -2.85746E-11  1.08206E-11
  1.100E+01  9.18641E-03 -5.35586E-09  1.74599E-09 -2.87504E-11  9.52775E-12
  1.125E+01  9.60736E-03 -5.24898E-09  1.43927E-09 -2.88644E-11  8.26057E-12
  1.150E+01  1.00376E-02 -5.13511E-09  1.15177E-09 -2.89195E-11  7.02067E-12
  1.175E+01  1.04773E-02 -5.01531E-09  8.82528E-10 -2.89188E-11  5.80947E-12
  1.200E+01  1.09262E-02 -4.89054E-09  6.30607E-10 -2.88652E-11  4.62823E-12
  1.225E+01  1.13844E-02 -4.76169E-09  3.95131E-10 -2.87615E-11  3.47806E-12
  1.250E+01  1.18520E-02 -4.62951E-09  1.75265E-10 -2.86105E-11  2.35992E-12
  1.275E+01  1.23288E-02 -4.49471E-09 -2.97854E-11 -2.84149E-11  1.27463E-12
  1.300E+01  1.28150E-02 -4.35792E-09 -2.20777E-10 -2.81773E-11  2.22887E-13
  1.325E+01  1.33104E-02 -4.21971E-09 -3.98431E-10 -2.79001E-11 -7.94726E-13
  1.350E+01  1.38150E-02 -4.08059E-09 -5.63430E-10 -2.75860E-11 -1.77774E-12
  1.375E+01  1.43290E-02 -3.94100E-09 -7.16428E-10 -2.72371E-11 -2.72578E-12
  1.400E+01  1.48521E-02 -3.80137E-09 -8.58045E-10 -2.68558E-11 -3.63857E-12
  1.425E+01  1.53845E-02 -3.66205E-09 -9.88872E-10 -2.64444E-11 -4.51593E-12
  1.450E+01  1.59262E-02 -3.52337E-09 -1.10947E-09 -2.60048E-11 -5.35775E-12
  1.475E+01  1.64770E-02 -3.38563E-09 -1.22038E-09 -2.55392E-11 -6.16398E-12
  1.500E+01  1.70371E-02 -3.24909E-09 -1.32211E-09 -2.50496E-11 -6.93468E-12
  1.525E+01  1.76063E-02 -3.11397E-09 -1.41514E-09 -2.45378E-11 -7.66993E-12
  1.550E+01  1.81848E-02 -2.98049E-09 -1.49995E-09 -2.40058E-11 -8.36989E-12
  1.575E+01  1.87724E-02 -2.84881E-09 -1.57696E-09 -2.34552E-11 -9.03478E-12
  1.600E+01  1.93692E-02 -2.71911E-09 -1.64660E-09 -2.28877E-11 -9.66486E-12
  1.625E+01  1.99751E-02 -2.59151E-09 -1.70927E-09 -2.23051E-11 -1.02604E-11
  1.650E+01  2.05901E-02 -2.46614E-09 -1.76536E-09 -2.17088E-11 -1.08219E-11
  1.675E+01  2.12143E-02 -2.34310E-09 -1.81522E-09 -2.11004E-11 -1.13495E-11
  1.700E+01  2.18476E-02 -2.22248E-09 -1.85919E-09 -2.04813E-11 -1.18438E-11
  1.725E+01  2.24900E-02 -2.10435E-09 -1.89762E-09 -1.98528E-11 -1.23052E-11
  1.750E+01  2.31415E-02 -1.98878E-09 -1.93082E-09 -1.92164E-11 -1.27342E-11
  1.775E+01  2.38021E-02 -1.87581E-09 -1.95907E-09 -1.85732E-11 -1.31313E-11
  1.800E+01  2.44717E-02 -1.76549E-09 -1.98268E-09 -1.79246E-11 -1.34970E-11
  1.825E+01  2.51504E-02 -1.65784E-09 -2.00190E-09 -1.72715E-11 -1.38319E-11
  1.850E+01  2.58382E-02 -1.55288E-09 -2.01700E-09 -1.66152E-11 -1.41365E-11
  1.875E+01  2.65349E-02 -1.45064E-09 -2.02822E-09 -1.59566E-11 -1.44114E-11
  1.900E+01  2.72407E-02 -1.35111E-09 -2.03580E-09 -1.52968E-11 -1.46572E-11
  1.925E+01  2.79555E-02 -1.25430E-09 -2.03996E-09 -1.46368E-11 -1.48745E-11
  1.950E+01  2.86793E-02 -1.16020E-09 -2.04091E-09 -1.39774E-11 -1.50640E-11
  1.975E+01  2.94120E-02 -1.06880E-09 -2.03885E-09 -1.33195E-11 -1.52263E-11
  2.000E+01  3.01537E-02 -9.80085E-10 -2.03398E-09 -1.26638E-11 -1.53619E-11
  2.025E+01  3.09043E-02 -8.94039E-10 -2.02648E-09 -1.20113E-11 -1.54716E-11
  2.050E+01  3.16639E-02 -8.10637E-10 -2.01651E-09 -1.13626E-11 -1.55559E-11
  2.075E+01  3.24324E-02 -7.29851E-10 -2.00425E-09 -1.07184E-11 -1.56155E-11
  2.100E+01  3.32098E-02 -6.51652E-10 -1.98986E-09 -1.00793E-11 -1.56511E-11
  2.125E+01  3.39961E-02 -5.76008E-10 -1.97348E-09 -9.44602E-12 -1.56633E-11
  2.150E+01  3.47912E-02 -5.02884E-10 -1.95525E-09 -8.81909E-12 -1.56528E-11
  2.175E+01  3.55952E-02 -4.32244E-10 -1.93532E-09 -8.19908E-12 -1.56201E-11
  2.200E+01  3.64081E-02 -3.64048E-10 -1.91380E-09 -7.58648E-12 -1.55660E-11
  2.225E+01  3.72297E-02 -2.98258E-10 -1.89082E-09 -6.98180E-12 -1.54911E-11
  2.250E+01  3.80602E-02 -2.34831E-10 -1.86649E-09 -6.38547E-12 -1.53959E-11
  2.275E+01  3.88995E-02 -1.73725E-10 -1.84093E-09 -5.79792E-12 -1.52812E-11
  2.300E+01  3.97476E-02 -1.14896E-10 -1.81424E-09 -5.21954E-12 -1.51476E-11
  2.325E+01  4.06044E-02 -5.83007E-11 -1.78652E-09 -4.65071E-12 -1.49956E-11
  2.350E+01  4.14700E-02 -3.89339E-12 -1.75785E-09 -4.09177E-12 -1.48259E-11
  2.375E+01  4.23443E-02  4.83711E-11 -1.72834E-09 -3.54302E-12 -1.46391E-11
  2.400E+01  4.32273E-02  9.85386E-11 -1.69806E-09 -3.00477E-12 -1.44358E-11
  2.425E+01  4.41190E-02  1.46655E-10 -1.66709E-09 -2.47728E-12 -1.42166E-11
  2.450E+01  4.50194E-02  1.92767E-10 -1.63551E-09 -1.96079E-12 -1.39820E-11
  2.475E+01  4.59284E-02  2.36920E-10 -1.60340E-09 -1.45553E-12 -1.37327E-11
  2.500E+01  4.68461E-02  2.79161E-10 -1.57081E-09 -9.61709E-13 -1.34692E-11
  2.550E+01  4.87074E-02  3.58089E-10 -1.50446E-09 -9.08632E-15 -1.29018E-11
  2.600E+01  5.06030E-02  4.29916E-10 -1.43695E-09  8.95825E-13 -1.22843E-11
  2.650E+01  5.25328E-02  4.95003E-10 -1.36870E-09  1.75205E-12 -1.16207E-11
  2.700E+01  5.44967E-02  5.53702E-10 -1.30006E-09  2.55886E-12 -1.09152E-11
  2.750E+01  5.64946E-02  6.06358E-10 -1.23139E-09  3.31576E-12 -1.01716E-11
  2.800E+01  5.85262E-02  6.53308E-10 -1.16296E-09  4.02247E-12 -9.39379E-12
  2.850E+01  6.05914E-02  6.94875E-10 -1.09503E-09  4.67890E-12 -8.58525E-12
  2.900E+01  6.26901E-02  7.31376E-10 -1.02783E-09  5.28512E-12 -7.74944E-12
  2.950E+01  6.48222E-02  7.63113E-10 -9.61563E-10  5.84137E-12 -6.88964E-12
  3.000E+01  6.69873E-02  7.90381E-10 -8.96390E-10  6.34802E-12 -6.00898E-12
  3.050E+01  6.91854E-02  8.13458E-10 -8.32460E-10  6.80558E-12 -5.11043E-12
  3.100E+01  7.14163E-02  8.32616E-10 -7.69901E-10  7.21466E-12 -4.19681E-12
  3.150E+01  7.36799E-02  8.48111E-10 -7.08818E-10  7.57598E-12 -3.27083E-12
  3.200E+01  7.59760E-02  8.60191E-10 -6.49301E-10  7.89033E-12 -2.33501E-12
  3.250E+01  7.83043E-02  8.69090E-10 -5.91422E-10  8.15861E-12 -1.39176E-12
  3.300E+01  8.06647E-02  8.75032E-10 -5.35243E-10  8.38175E-12 -4.43361E-13
  3.350E+01  8.30571E-02  8.78232E-10 -4.80809E-10  8.56078E-12  5.08055E-13
  3.400E+01  8.54812E-02  8.78891E-10 -4.28157E-10  8.69674E-12  1.46047E-12
  3.450E+01  8.79369E-02  8.77201E-10 -3.77310E-10  8.79075E-12  2.41198E-12
  3.500E+01  9.04240E-02  8.73347E-10 -3.28286E-10  8.84394E-12  3.36082E-12
  3.550E+01  9.29422E-02  8.67500E-10 -2.81091E-10  8.85749E-12  4.30532E-12
  3.600E+01  9.54915E-02  8.59824E-10 -2.35728E-10  8.83259E-12  5.24392E-12
  3.650E+01  9.80716E-02  8.50475E-10 -1.92190E-10  8.77045E-12  6.17517E-12
  3.700E+01  1.00682E-01  8.39597E-10 -1.50466E-10  8.67231E-12  7.09772E-12
  3.750E+01  1.03323E-01  8.27330E-10 -1.10540E-10  8.53939E-12  8.01031E-12
  3.800E+01  1.05995E-01  8.13803E-10 -7.23904E-11  8.37295E-12  8.91179E-12
  3.850E+01  1.08696E-01  7.99138E-10 -3.59930E-11  8.17423E-12  9.80106E-12
  3.900E+01  1.11427E-01  7.83452E-10 -1.31994E-12  7.94446E-12  1.06771E-11
  3.950E+01  1.14188E-01  7.66851E-10  3.16595E-11  7.68489E-12  1.15391E-11
  4.000E+01  1.16978E-01  7.49438E-10  6.29786E-11  7.39676E-12  1.23862E-11
  4.050E+01  1.19797E-01  7.31309E-10  9.26725E-11  7.08127E-12  1.32175E-11
  4.100E+01  1.22645E-01  7.12552E-10  1.20778E-10  6.73964E-12  1.40325E-11
  4.150E+01  1.25522E-01  6.93252E-10  1.47334E-10  6.37306E-12  1.48305E-11
  4.200E+01  1.28428E-01  6.73487E-10  1.72380E-10  5.98271E-12  1.56108E-11
  4.250E+01  1.31361E-01  6.53329E-10  1.95956E-10  5.56976E-12  1.63731E-11
  4.300E+01  1.34323E-01  6.32849E-10  2.18104E-10  5.13535E-12  1.71169E-11
  4.350E+01  1.37313E-01  6.12108E-10  2.38864E-10  4.68059E-12  1.78418E-11
  4.400E+01  1.40330E-01  5.91166E-10  2.58280E-10  4.20660E-12  1.85473E-11
  4.450E+01  1.43375E-01  5.70079E-10  2.76392E-10  3.71445E-12  1.92334E-11
  4.500E+01  1.46447E-01  5.48898E-10  2.93243E-10  3.20521E-12  1.98996E-11
  4.550E+01  1.49545E-01  5.27670E-10  3.08874E-10  2.67990E-12  2.05458E-11
  4.600E+01  1.52671E-01  5.06439E-10  3.23328E-10  2.13954E-12  2.11719E-11
  4.650E+01  1.55823E-01  4.85246E-10  3.36645E-10  1.58512E-12  2.17776E-11
  4.700E+01  1.59001E-01  4.64128E-10  3.48866E-10  1.01760E-12  2.23630E-11
  4.750E+01  1.62205E-01  4.43121E-10  3.60031E-10  4.37916E-13  2.29279E-11
  4.800E+01  1.65435E-01  4.22254E-10  3.70180E-10 -1.53012E-13  2.34723E-11
  4.850E+01  1.68690E-01  4.01559E-10  3.79353E-10 -7.54299E-13  2.39963E-11
  4.900E+01  1.71970E-01  3.81060E-10  3.87586E-10 -1.36508E-12  2.44998E-11
  4.950E+01  1.75276E-01  3.60784E-10  3.94919E-10 -1.98451E-12  2.49830E-11
  5.000E+01  1.78606E-01  3.40751E-10  4.01387E-10 -2.61178E-12  2.54458E-11
  5.050E+01  1.81961E-01  3.20982E-10  4.07026E-10 -3.24610E-12  2.58885E-11
  5.100E+01  1.85340E-01  3.01495E-10  4.11872E-10 -3.88670E-12  2.63111E-11
  5.150E+01  1.88743E-01  2.82306E-10  4.15960E-10 -4.53284E-12  2.67138E-11
  5.200E+01  1.92169E-01  2.63429E-10  4.19321E-10 -5.18379E-12  2.70967E-11
  5.250E+01  1.95619E-01  2.44879E-10  4.21990E-10 -5.83888E-12  2.74601E-11
  5.300E+01  1.99092E-01  2.26665E-10  4.23997E-10 -6.49742E-12  2.78041E-11
  5.350E+01  2.02589E-01  2.08799E-10  4.25374E-10 -7.15877E-12  2.81290E-11
  5.400E+01  2.06107E-01  1.91289E-10  4.26150E-10 -7.82230E-12  2.84349E-11
  5.450E+01  2.09649E-01  1.74142E-10  4.26355E-10 -8.48741E-12  2.87221E-11
  5.500E+01  2.13212E-01  1.57365E-10  4.26016E-10 -9.15351E-12  2.89909E-11
  5.550E+01  2.16797E-01  1.40963E-10  4.25161E-10 -9.82005E-12  2.92415E-11
  5.600E+01  2.20404E-01  1.24941E-10  4.23816E-10 -1.04865E-11  2.94742E-11
  5.650E+01  2.24032E-01  1.09302E-10  4.22007E-10 -1.11523E-11  2.96893E-11
  5.700E+01  2.27680E-01  9.40477E-11  4.19759E-10 -1.18170E-11  2.98870E-11
  5.750E+01  2.31350E-01  7.91808E-11  4.17096E-10 -1.24801E-11  3.00676E-11
  5.800E+01  2.35040E-01  6.47018E-11  4.14040E-10 -1.31411E-11  3.02315E-11
  5.850E+01  2.38751E-01  5.06112E-11  4.10614E-10 -1.37997E-11  3.03790E-11
  5.900E+01  2.42481E-01  3.69085E-11  4.06840E-10 -1.44553E-11  3.05103E-11
  5.950E+01  2.46231E-01  2.35928E-11  4.02738E-10 -1.51076E-11  3.06258E-11
  6.000E+01  2.50000E-01  1.06625E-11  3.98328E-10 -1.57562E-11  3.07257E-11
  6.050E+01  2.53788E-01 -1.88418E-12  3.93629E-10 -1.64007E-11  3.08104E-11
  6.100E+01  2.57595E-01 -1.40499E-11  3.88661E-10 -1.70408E-11  3.08803E-11
  6.150E+01  2.61421E-01 -2.58374E-11  3.83440E-10 -1.76761E-11  3.09356E-11
  6.200E+01  2.65264E-01 -3.72501E-11  3.77985E-10 -1.83063E-11  3.09767E-11
  6.250E+01  2.69126E-01 -4.82915E-11  3.72311E-10 -1.89312E-11  3.10039E-11
  6.300E+01  2.73005E-01 -5.89657E-11  3.66435E-10 -1.95503E-11  3.10175E-11
  6.350E+01  2.76901E-01 -6.92767E-11  3.60371E-10 -2.01635E-11  3.10178E-11
  6.400E+01  2.80814E-01 -7.92292E-11  3.54134E-10 -2.07705E-11  3.10052E-11
  6.450E+01  2.84744E-01 -8.88279E-11  3.47739E-10 -2.13710E-11  3.09800E-11
  6.500E+01  2.88691E-01 -9.80777E-11  3.41198E-10 -2.19648E-11  3.09425E-11
  6.550E+01  2.92653E-01 -1.06984E-10  3.34525E-10 -2.25517E-11  3.08931E-11
  6.600E+01  2.96632E-01 -1.15551E-10  3.27731E-10 -2.31314E-11  3.08320E-11
  6.650E+01  3.00625E-01 -1.23786E-10  3.20829E-10 -2.37039E-11  3.07596E-11
  6.700E+01  3.04634E-01 -1.31693E-10  3.13830E-10 -2.42688E-11  3.06762E-11
  6.750E+01  3.08658E-01 -1.39279E-10  3.06745E-10 -2.48260E-11  3.05822E-11
  6.800E+01  3.12697E-01 -1.46549E-10  2.99583E-10 -2.53754E-11  3.04777E-11
  6.850E+01  3.16749E-01 -1.53508E-10  2.92356E-10 -2.59167E-11  3.03632E-11
  6.900E+01  3.20816E-01 -1.60164E-10  2.85071E-10 -2.64499E-11  3.02389E-11
  6.950E+01  3.24896E-01 -1.66521E-10  2.77739E-10 -2.69749E-11  3.01052E-11
  7.000E+01  3.28990E-01 -1.72587E-10  2.70367E-10 -2.74914E-11  2.99623E-11
  7.050E+01  3.33097E-01 -1.78366E-10  2.62964E-10 -2.79994E-11  2.98106E-11
  7.100E+01  3.37216E-01 -1.83865E-10  2.55537E-10 -2.84989E-11  2.96503E-11
  7.150E+01  3.41348E-01 -1.89091E-10  2.48094E-10 -2.89896E-11  2.94818E-11
  7.200E+01  3.45492E-01 -1.94049E-10  2.40642E-10 -2.94715E-11  2.93052E-11
  7.250E+01  3.49647E-01 -1.98745E-10  2.33188E-10 -2.99445E-11  2.91210E-11
  7.300E+01  3.53814E-01 -2.03185E-10  2.25737E-10 -3.04086E-11  2.89294E-11
  7.350E+01  3.57992E-01 -2.07376E-10  2.18296E-10 -3.08637E-11  2.87306E-11
  7.400E+01  3.62181E-01 -2.11323E-10  2.10871E-10 -3.13097E-11  2.85249E-11
  7.450E+01  3.66381E-01 -2.15032E-10  2.03466E-10 -3.17466E-11  2.83127E-11
  7.500E+01  3.70590E-01 -2.18510E-10  1.96087E-10 -3.21743E-11  2.80941E-11
  7.550E+01  3.74810E-01 -2.21761E-10  1.88738E-10 -3.25928E-11  2.78694E-11
  7.600E+01  3.79039E-01 -2.24793E-10  1.81425E-10 -3.30022E-11  2.76389E-11
  7.650E+01  3.83277E-01 -2.27610E-10  1.74150E-10 -3.34022E-11  2.74029E-11
  7.700E+01  3.87524E-01 -2.30218E-10  1.66920E-10 -3.37930E-11  2.71615E-11
  7.750E+01  3.91780E-01 -2.32624E-10  1.59736E-10 -3.41746E-11  2.69150E-11
  7.800E+01  3.96044E-01 -2.34831E-10  1.52603E-10 -3.45468E-11  2.66637E-11
  7.850E+01  4.00316E-01 -2.36847E-10  1.45524E-10 -3.49098E-11  2.64078E-11
  7.900E+01  4.04596E-01 -2.38676E-10  1.38501E-10 -3.52634E-11  2.61475E-11
  7.950E+01  4.08882E-01 -2.40323E-10  1.31539E-10 -3.56078E-11  2.58830E-11
  8.000E+01  4.13176E-01 -2.41795E-10  1.24639E-10 -3.59430E-11  2.56147E-11
  8.050E+01  4.17476E-01 -2.43095E-10  1.17805E-10 -3.62689E-11  2.53426E-11
  8.100E+01  4.21783E-01 -2.44230E-10  1.11038E-10 -3.65855E-11  2.50670E-11
  8.150E+01  4.26095E-01 -2.45203E-10  1.04340E-10 -3.68930E-11  2.47881E-11
  8.200E+01  4.30413E-01 -2.46021E-10  9.77140E-11 -3.71912E-11  2.45061E-11
  8.250E+01  4.34737E-01 -2.46688E-10  9.11614E-11 -3.74804E-11  2.42212E-11
  8.300E+01  4.39065E-01 -2.47208E-10  8.46838E-11 -3.77604E-11  2.39336E-11
  8.350E+01  4.43398E-01 -2.47586E-10  7.82829E-11 -3.80313E-11  2.36435E-11
  8.400E+01  4.47736E-01 -2.47828E-10  7.19600E-11 -3.82933E-11  2.33512E-11
  8.450E+01  4.52077E-01 -2.47936E-10  6.57163E-11 -3.85462E-11  2.30566E-11
  8.500E+01  4.56422E-01 -2.47916E-10  5.95531E-11 -3.87902E-11  2.27602E-11
  8.550E+01  4.60770E-01 -2.47773E-10  5.34712E-11 -3.90253E-11  2.24619E-11
  8.600E+01  4.65122E-01 -2.47509E-10  4.74717E-11 -3.92516E-11  2.21621E-11
  8.650E+01  4.69476E-01 -2.47130E-10  4.15553E-11 -3.94691E-11  2.18608E-11
  8.700E+01  4.73832E-01 -2.46639E-10  3.57226E-11 -3.96778E-11  2.15582E-11
  8.750E+01  4.78190E-01 -2.46041E-10  2.99744E-11 -3.98779E-11  2.12545E-11
  8.800E+01  4.82550E-01 -2.45339E-10  2.43110E-11 -4.00694E-11  2.09499E-11
  8.850E+01  4.86912E-01 -2.44537E-10  1.87328E-11 -4.02524E-11  2.06444E-11
  8.900E+01  4.91274E-01 -2.43639E-10  1.32402E-11 -4.04268E-11  2.03383E-11
  8.950E+01  4.95637E-01 -2.42648E-10  7.83346E-12 -4.05929E-11  2.00317E-11
  9.000E+01  5.00000E-01 -2.41568E-10  2.51263E-12 -4.07506E-11  1.97247E-11
  9.050E+01  5.04363E-01 -2.40402E-10 -2.72218E-12 -4.09000E-11  1.94175E-11
  9.100E+01  5.08726E-01 -2.39154E-10 -7.87096E-12 -4.10413E-11  1.91102E-11
  9.150E+01  5.13088E-01 -2.37827E-10 -1.29338E-11 -4.11744E-11  1.88029E-11
  9.200E+01  5.17450E-01 -2.36424E-10 -1.79107E-11 -4.12994E-11  1.84957E-11
  9.250E+01  5.21810E-01 -2.34949E-10 -2.28020E-11 -4.14165E-11  1.81888E-11
  9.300E+01  5.26168E-01 -2.33404E-10 -2.76079E-11 -4.15256E-11  1.78823E-11
  9.350E+01  5.30524E-01 -2.31793E-10 -3.23287E-11 -4.16269E-11  1.75764E-11
  9.400E+01  5.34878E-01 -2.30118E-10 -3.69647E-11 -4.17205E-11  1.72710E-11
  9.450E+01  5.39230E-01 -2.28382E-10 -4.15163E-11 -4.18064E-11  1.69664E-11
  9.500E+01  5.43578E-01 -2.26589E-10 -4.59840E-11 -4.18847E-11  1.66627E-11
  9.550E+01  5.47923E-01 -2.24739E-10 -5.03683E-11 -4.19554E-11  1.63599E-11
  9.600E+01  5.52264E-01 -2.22838E-10 -5.46695E-11 -4.20188E-11  1.60581E-11
  9.650E+01  5.56602E-01 -2.20886E-10 -5.88885E-11 -4.20747E-11  1.57575E-11
  9.700E+01  5.60935E-01 -2.18886E-10 -6.30256E-11 -4.21234E-11  1.54581E-11
  9.750E+01  5.65263E-01 -2.16841E-10 -6.70816E-11 -4.21649E-11  1.51600E-11
  9.800E+01  5.69587E-01 -2.14754E-10 -7.10571E-11 -4.21993E-11  1.48634E-11
  9.850E+01  5.73905E-01 -2.12625E-10 -7.49528E-11 -4.22267E-11  1.45682E-11
  9.900E+01  5.78217E-01 -2.10459E-10 -7.87694E-11 -4.22471E-11  1.42747E-11
  9.950E+01  5.82524E-01 -2.08256E-10 -8.25076E-11 -4.22606E-11  1.39828E-11
  1.000E+02  5.86824E-01 -2.06019E-10 -8.61683E-11 -4.22674E-11  1.36926E-11
  1.005E+02  5.91118E-01 -2.03750E-10 -8.97522E-11 -4.22674E-11  1.34043E-11
  1.010E+02  5.95404E-01 -2.01451E-10 -9.32601E-11 -4.22609E-11  1.31179E-11
  1.015E+02  5.99684E-01 -1.99124E-10 -9.66928E-11 -4.22478E-11  1.28334E-11
  1.020E+02  6.03956E-01 -1.96771E-10 -1.00051E-10 -4.22282E-11  1.25510E-11
  1.025E+02  6.08220E-01 -1.94393E-10 -1.03336E-10 -4.22023E-11  1.22706E-11
  1.030E+02  6.12476E-01 -1.91993E-10 -1.06548E-10 -4.21700E-11  1.19924E-11
  1.035E+02  6.16723E-01 -1.89572E-10 -1.09689E-10 -4.21316E-11  1.17165E-11
  1.040E+02  6.20961E-01 -1.87131E-10 -1.12759E-10 -4.20871E-11  1.14428E-11
  1.045E+02  6.25190E-01 -1.84673E-10 -1.15758E-10 -4.20365E-11  1.11714E-11
  1.050E+02  6.29410E-01 -1.82199E-10 -1.18689E-10 -4.19799E-11  1.09024E-11
  1.055E+02  6.33619E-01 -1.79710E-10 -1.21552E-10 -4.19175E-11  1.06358E-11
  1.060E+02  6.37819E-01 -1.77209E-10 -1.24347E-10 -4.18492E-11  1.03717E-11
  1.065E+02  6.42008E-01 -1.74695E-10 -1.27077E-10 -4.17753E-11  1.01102E-11
  1.070E+02  6.46186E-01 -1.72171E-10 -1.29741E-10 -4.16957E-11  9.85118E-12
  1.075E+02  6.50353E-01 -1.69639E-10 -1.32340E-10 -4.16106E-11  9.59481E-12
  1.080E+02  6.54508E-01 -1.67098E-10 -1.34876E-10 -4.15199E-11  9.34109E-12
  1.085E+02  6.58652E-01 -1.64551E-10 -1.37350E-10 -4.14239E-11  9.09007E-12
  1.090E+02  6.62784E-01 -1.61999E-10 -1.39762E-10 -4.13225E-11  8.84177E-12
  1.095E+02  6.66903E-01 -1.59444E-10 -1.42114E-10 -4.12160E-11  8.59624E-12
  1.100E+02  6.71010E-01 -1.56885E-10 -1.44406E-10 -4.11042E-11  8.35351E-12
  1.105E+02  6.75104E-01 -1.54324E-10 -1.46640E-10 -4.09873E-11  8.11361E-12
  1.110E+02  6.79184E-01 -1.51763E-10 -1.48815E-10 -4.08655E-11  7.87656E-12
  1.115E+02  6.83251E-01 -1.49202E-10 -1.50934E-10 -4.07387E-11  7.64241E-12
  1.120E+02  6.87303E-01 -1.46642E-10 -1.52997E-10 -4.06070E-11  7.41116E-12
  1.125E+02  6.91342E-01 -1.44084E-10 -1.55005E-10 -4.04706E-11  7.18285E-12
  1.130E+02  6.95366E-01 -1.41530E-10 -1.56960E-10 -4.03294E-11  6.95750E-12
  1.135E+02  6.99375E-01 -1.38979E-10 -1.58861E-10 -4.01836E-11  6.73513E-12
  1.140E+02  7.03368E-01 -1.36434E-10 -1.60710E-10 -4.00333E-11  6.51577E-12
  1.145E+02  7.07347E-01 -1.33894E-10 -1.62508E-10 -3.98784E-11  6.29942E-12
  1.150E+02  7.11309E-01 -1.31361E-10 -1.64256E-10 -3.97192E-11  6.08611E-12
  1.155E+02  7.15256E-01 -1.28834E-10 -1.65954E-10 -3.95555E-11  5.87585E-12
  1.160E+02  7.19186E-01 -1.26316E-10 -1.67604E-10 -3.93876E-11  5.66865E-12
  1.165E+02  7.23099E-01 -1.23807E-10 -1.69207E-10 -3.92155E-11  5.46453E-12
  1.170E+02  7.26995E-01 -1.21307E-10 -1.70763E-10 -3.90393E-11  5.26350E-12
  1.175E+02  7.30874E-01 -1.18817E-10 -1.72273E-10 -3.88589E-11  5.06557E-12
  1.180E+02  7.34736E-01 -1.16338E-10 -1.73738E-10 -3.86746E-11  4.87075E-12
  1.185E+02  7.38579E-01 -1.13870E-10 -1.75160E-10 -3.84863E-11  4.67905E-12
  1.190E+02  7.42405E-01 -1.11414E-10 -1.76538E-10 -3.82942E-11  4.49046E-12
  1.195E+02  7.46212E-01 -1.08970E-10 -1.77874E-10 -3.80982E-11  4.30500E-12
  1.200E+02  7.50000E-01 -1.06540E-10 -1.79168E-10 -3.78985E-11  4.12268E-12
  1.205E+02  7.53769E-01 -1.04123E-10 -1.80423E-10 -3.76951E-11  3.94348E-12
  1.210E+02  7.57519E-01 -1.01719E-10 -1.81637E-10 -3.74882E-11  3.76742E-12
  1.215E+02  7.61249E-01 -9.93307E-11 -1.82812E-10 -3.72776E-11  3.59450E-12
  1.220E+02  7.64960E-01 -9.69568E-11 -1.83950E-10 -3.70636E-11  3.42471E-12
  1.225E+02  7.68650E-01 -9.45982E-11 -1.85050E-10 -3.68461E-11  3.25806E-12
  1.230E+02  7.72320E-01 -9.22554E-11 -1.86114E-10 -3.66253E-11  3.09453E-12
  1.235E+02  7.75968E-01 -8.99287E-11 -1.87142E-10 -3.64011E-11  2.93414E-12
  1.240E+02  7.79596E-01 -8.76185E-11 -1.88135E-10 -3.61738E-11  2.77687E-12
  1.245E+02  7.83203E-01 -8.53252E-11 -1.89094E-10 -3.59432E-11  2.62271E-12
  1.250E+02  7.86788E-01 -8.30491E-11 -1.90020E-10 -3.57095E-11  2.47167E-12
  1.255E+02  7.90351E-01 -8.07905E-11 -1.90913E-10 -3.54727E-11  2.32373E-12
  1.260E+02  7.93893E-01 -7.85498E-11 -1.91774E-10 -3.52329E-11  2.17889E-12
  1.265E+02  7.97411E-01 -7.63272E-11 -1.92605E-10 -3.49901E-11  2.03714E-12
  1.270E+02  8.00908E-01 -7.41230E-11 -1.93404E-10 -3.47444E-11  1.89847E-12
  1.275E+02  8.04381E-01 -7.19376E-11 -1.94175E-10 -3.44959E-11  1.76286E-12
  1.280E+02  8.07831E-01 -6.97710E-11 -1.94916E-10 -3.42445E-11  1.63031E-12
  1.285E+02  8.11257E-01 -6.76236E-11 -1.95629E-10 -3.39904E-11  1.50081E-12
  1.290E+02  8.14660E-01 -6.54957E-11 -1.96314E-10 -3.37336E-11  1.37434E-12
  1.295E+02  8.18039E-01 -6.33873E-11 -1.96973E-10 -3.34742E-11  1.25089E-12
  1.300E+02  8.21394E-01 -6.12988E-11 -1.97605E-10 -3.32121E-11  1.13044E-12
  1.305E+02  8.24724E-01 -5.92302E-11 -1.98212E-10 -3.29476E-11  1.01299E-12
  1.310E+02  8.28030E-01 -5.71819E-11 -1.98794E-10 -3.26805E-11  8.98505E-13
  1.315E+02  8.31310E-01 -5.51538E-11 -1.99351E-10 -3.24109E-11  7.86982E-13
  1.320E+02  8.34565E-01 -5.31463E-11 -1.99885E-10 -3.21390E-11  6.78402E-13
  1.325E+02  8.37795E-01 -5.11595E-11 -2.00396E-10 -3.18647E-11  5.72746E-13
  1.330E+02  8.40999E-01 -4.91934E-11 -2.00885E-10 -3.15881E-11  4.69998E-13
  1.335E+02  8.44177E-01 -4.72483E-11 -2.01352E-10 -3.13093E-11  3.70139E-13
  1.340E+02  8.47329E-01 -4.53241E-11 -2.01797E-10 -3.10282E-11  2.73149E-13
  1.345E+02  8.50455E-01 -4.34212E-11 -2.02222E-10 -3.07449E-11  1.79009E-13
  1.350E+02  8.53553E-01 -4.15394E-11 -2.02627E-10 -3.04595E-11  8.77001E-14
  1.355E+02  8.56625E-01 -3.96790E-11 -2.03013E-10 -3.01721E-11 -7.99521E-16
  1.360E+02  8.59670E-01 -3.78400E-11 -2.03379E-10 -2.98826E-11 -8.65105E-14
  1.365E+02  8.62687E-01 -3.60225E-11 -2.03728E-10 -2.95910E-11 -1.69454E-13
  1.370E+02  8.65677E-01 -3.42266E-11 -2.04058E-10 -2.92976E-11 -2.49653E-13
  1.375E+02  8.68639E-01 -3.24523E-11 -2.04371E-10 -2.90022E-11 -3.27129E-13
  1.380E+02  8.71572E-01 -3.06997E-11 -2.04668E-10 -2.87049E-11 -4.01905E-13
  1.385E+02  8.74478E-01 -2.89688E-11 -2.04948E-10 -2.84058E-11 -4.74005E-13
  1.390E+02  8.77355E-01 -2.72597E-11 -2.05212E-10 -2.81049E-11 -5.43452E-13
  1.395E+02  8.80203E-01 -2.55724E-11 -2.05461E-10 -2.78022E-11 -6.10270E-13
  1.400E+02  8.83022E-01 -2.39069E-11 -2.05695E-10 -2.74978E-11 -6.74484E-13
  1.405E+02  8.85812E-01 -2.22633E-11 -2.05915E-10 -2.71917E-11 -7.36120E-13
  1.410E+02  8.88573E-01 -2.06416E-11 -2.06122E-10 -2.68839E-11 -7.95201E-13
  1.415E+02  8.91304E-01 -1.90419E-11 -2.06314E-10 -2.65745E-11 -8.51754E-13
  1.420E+02  8.94005E-01 -1.74640E-11 -2.06494E-10 -2.62636E-11 -9.05804E-13
  1.425E+02  8.96677E-01 -1.59081E-11 -2.06662E-10 -2.59511E-11 -9.57379E-13
  1.430E+02  8.99318E-01 -1.43741E-11 -2.06817E-10 -2.56371E-11 -1.00650E-12
  1.435E+02  9.01928E-01 -1.28620E-11 -2.06961E-10 -2.53216E-11 -1.05321E-12
  1.440E+02  9.04508E-01 -1.13719E-11 -2.07094E-10 -2.50046E-11 -1.09751E-12
  1.445E+02  9.07058E-01 -9.90369E-12 -2.07216E-10 -2.46862E-11 -1.13946E-12
  1.450E+02  9.09576E-01 -8.45738E-12 -2.07327E-10 -2.43665E-11 -1.17906E-12
  1.455E+02  9.12063E-01 -7.03297E-12 -2.07429E-10 -2.40454E-11 -1.21634E-12
  1.460E+02  9.14519E-01 -5.63042E-12 -2.07521E-10 -2.37230E-11 -1.25135E-12
  1.465E+02  9.16943E-01 -4.24972E-12 -2.07603E-10 -2.33993E-11 -1.28410E-12
  1.470E+02  9.19335E-01 -2.89085E-12 -2.07677E-10 -2.30743E-11 -1.31463E-12
  1.475E+02  9.21696E-01 -1.55379E-12 -2.07743E-10 -2.27481E-11 -1.34296E-12
  1.480E+02  9.24024E-01 -2.38490E-13 -2.07800E-10 -2.24207E-11 -1.36912E-12
  1.485E+02  9.26320E-01  1.05507E-12 -2.07850E-10 -2.20922E-11 -1.39314E-12
  1.490E+02  9.28584E-01  2.32692E-12 -2.07892E-10 -2.17624E-11 -1.41506E-12
  1.495E+02  9.30815E-01  3.57710E-12 -2.07927E-10 -2.14316E-11 -1.43490E-12
  1.500E+02  9.33013E-01  4.80566E-12 -2.07956E-10 -2.10997E-11 -1.45269E-12
  1.505E+02  9.35178E-01  6.01261E-12 -2.07978E-10 -2.07667E-11 -1.46847E-12
  1.510E+02  9.37310E-01  7.19802E-12 -2.07994E-10 -2.04327E-11 -1.48226E-12
  1.515E+02  9.39409E-01  8.36191E-12 -2.08004E-10 -2.00976E-11 -1.49409E-12
  1.520E+02  9.41474E-01  9.50434E-12 -2.08009E-10 -1.97616E-11 -1.50400E-12
  1.525E+02  9.43505E-01  1.06253E-11 -2.08008E-10 -1.94246E-11 -1.51202E-12
  1.530E+02  9.45503E-01  1.17250E-11 -2.08003E-10 -1.90867E-11 -1.51817E-12
  1.535E+02  9.47467E-01  1.28033E-11 -2.07993E-10 -1.87479E-11 -1.52250E-12
  1.540E+02  9.49397E-01  1.38603E-11 -2.07979E-10 -1.84081E-11 -1.52502E-12
  1.545E+02  9.51293E-01  1.48961E-11 -2.07960E-10 -1.80675E-11 -1.52578E-12
  1.550E+02  9.53154E-01  1.59107E-11 -2.07938E-10 -1.77261E-11 -1.52480E-12
  1.555E+02  9.54981E-01  1.69041E-11 -2.07912E-10 -1.73838E-11 -1.52213E-12
  1.560E+02  9.56773E-01  1.78765E-11 -2.07883E-10 -1.70408E-11 -1.51778E-12
  1.565E+02  9.58530E-01  1.88279E-11 -2.07851E-10 -1.66970E-11 -1.51179E-12
  1.570E+02  9.60252E-01  1.97582E-11 -2.07816E-10 -1.63524E-11 -1.50420E-12
  1.575E+02  9.61940E-01  2.06677E-11 -2.07779E-10 -1.60071E-11 -1.49503E-12
  1.580E+02  9.63592E-01  2.15562E-11 -2.07739E-10 -1.56610E-11 -1.48433E-12
  1.585E+02  9.65209E-01  2.24239E-11 -2.07697E-10 -1.53143E-11 -1.47211E-12
  1.590E+02  9.66790E-01  2.32708E-11 -2.07653E-10 -1.49669E-11 -1.45843E-12
  1.595E+02  9.68336E-01  2.40970E-11 -2.07607E-10 -1.46189E-11 -1.44330E-12
  1.600E+02  9.69846E-01  2.49026E-11 -2.07560E-10 -1.42702E-11 -1.42676E-12
  1.605E+02  9.71321E-01  2.56875E-11 -2.07512E-10 -1.39209E-11 -1.40885E-12
  1.610E+02  9.72759E-01  2.64518E-11 -2.07462E-10 -1.35710E-11 -1.38960E-12
  1.615E+02  9.74162E-01  2.71955E-11 -2.07412E-10 -1.32205E-11 -1.36904E-12
  1.620E+02  9.75528E-01  2.79188E-11 -2.07360E-10 -1.28695E-11 -1.34720E-12
  1.625E+02  9.76858E-01  2.86217E-11 -2.07309E-10 -1.25180E-11 -1.32412E-12
  1.630E+02  9.78152E-01  2.93042E-11 -2.07256E-10 -1.21659E-11 -1.29984E-12
  1.635E+02  9.79410E-01  2.99663E-11 -2.07204E-10 -1.18133E-11 -1.27438E-12
  1.640E+02  9.80631E-01  3.06081E-11 -2.07151E-10 -1.14602E-11 -1.24778E-12
  1.645E+02  9.81815E-01  3.12297E-11 -2.07099E-10 -1.11067E-11 -1.22008E-12
  1.650E+02  9.82963E-01  3.18311E-11 -2.07046E-10 -1.07527E-11 -1.19131E-12
  1.655E+02  9.84074E-01  3.24123E-11 -2.06994E-10 -1.03983E-11 -1.16149E-12
  1.660E+02  9.85148E-01  3.29734E-11 -2.06943E-10 -1.00435E-11 -1.13068E-12
  1.665E+02  9.86185E-01  3.35144E-11 -2.06892E-10 -9.68822E-12 -1.09889E-12
  1.670E+02  9.87185E-01  3.40354E-11 -2.06842E-10 -9.33260E-12 -1.06617E-12
  1.675E+02  9.88148E-01  3.45363E-11 -2.06793E-10 -8.97660E-12 -1.03254E-12
  1.680E+02  9.89074E-01  3.50173E-11 -2.06745E-10 -8.62025E-12 -9.98054E-13
  1.685E+02  9.89962E-01  3.54784E-11 -2.06697E-10 -8.26356E-12 -9.62731E-13
  1.690E+02  9.90814E-01  3.59196E-11 -2.06652E-10 -7.90655E-12 -9.26610E-13
  1.695E+02  9.91627E-01  3.63409E-11 -2.06607E-10 -7.54923E-12 -8.89726E-13
  1.700E+02  9.92404E-01  3.67424E-11 -2.06564E-10 -7.19162E-12 -8.52111E-13
  1.705E+02  9.93143E-01  3.71242E-11 -2.06522E-10 -6.83373E-12 -8.13803E-13
  1.710E+02  9.93844E-01  3.74861E-11 -2.06482E-10 -6.47557E-12 -7.74833E-13
  1.715E+02  9.94508E-01  3.78283E-11 -2.06444E-10 -6.11717E-12 -7.35238E-13
  1.720E+02  9.95134E-01  3.81509E-11 -2.06407E-10 -5.75854E-12 -6.95052E-13
  1.725E+02  9.95722E-01  3.84537E-11 -2.06373E-10 -5.39968E-12 -6.54309E-13
  1.730E+02  9.96273E-01  3.87369E-11 -2.06340E-10 -5.04062E-12 -6.13045E-13
  1.735E+02  9.96786E-01  3.90004E-11 -2.06309E-10 -4.68137E-12 -5.71293E-13
  1.740E+02  9.97261E-01  3.92444E-11 -2.06280E-10 -4.32194E-12 -5.29089E-13
  1.745E+02  9.97698E-01  3.94687E-11 -2.06253E-10 -3.96235E-12 -4.86467E-13
  1.750E+02  9.98097E-01  3.96735E-11 -2.06229E-10 -3.60261E-12 -4.43462E-13
  1.755E+02  9.98459E-01  3.98587E-11 -2.06207E-10 -3.24273E-12 -4.00108E-13
  1.760E+02  9.98782E-01  4.00244E-11 -2.06186E-10 -2.88273E-12 -3.56442E-13
  1.765E+02  9.99067E-01  4.01706E-11 -2.06169E-10 -2.52263E-12 -3.12496E-13
  1.770E+02  9.99315E-01  4.02972E-11 -2.06153E-10 -2.16243E-12 -2.68307E-13
  1.775E+02  9.99524E-01  4.04044E-11 -2.06140E-10 -1.80215E-12 -2.23908E-13
  1.780E+02  9.99695E-01  4.04920E-11 -2.06129E-10 -1.44180E-12 -1.79336E-13
  1.785E+02  9.99829E-01  4.05602E-11 -2.06121E-10 -1.08139E-12 -1.34624E-13
  1.790E+02  9.99924E-01  4.06089E-11 -2.06115E-10 -7.20952E-13 -8.98073E-14
  1.795E+02  9.99981E-01  4.06381E-11 -2.06111E-10 -3.60483E-13 -4.49211E-14
  1.800E+02  1.00000E+00  4.06478E-11 -2.06110E-10 -5.05884E-27 -6.30478E-28
