

  **** PARTIAL WAVE ANALYSIS (DPWA0) ******************************************


  KINETIC ENERGY = 2.50000E+04 eV

      L       PHASE(SPIN UP)     PHASE(SPIN DOWN)
  -----------------------------------------------
       0      1.02748322E-01      0.00000000E+00
       1      7.88378386E-02      7.97033339E-02
       2      6.68569407E-02      6.73320602E-02
       3      5.88761537E-02      5.92063041E-02
       4      5.29058643E-02      5.31589119E-02
       5      4.81482504E-02      4.83530870E-02
       6      4.42035977E-02      4.43752977E-02
       7      4.08430718E-02      4.09905224E-02
       8      3.79233785E-02      3.80522701E-02
       9      3.53487896E-02      3.54629910E-02
      10      3.30521386E-02      3.31544027E-02
      11      3.09844466E-02      3.10768045E-02
      12      2.91088676E-02      2.91928622E-02
      13      2.73969607E-02      2.74737930E-02
      14      2.58262929E-02      2.58969169E-02
      15      2.43788402E-02      2.44440274E-02
      16      2.30398887E-02      2.31002723E-02
      17      2.17972583E-02      2.18533651E-02
      18      2.06407423E-02      2.06930156E-02
      19      1.95616941E-02      1.96105111E-02
      20      1.85527177E-02      1.85984019E-02
      21      1.76074312E-02      1.76502628E-02
      22      1.67202846E-02      1.67605080E-02
      23      1.58864168E-02      1.59242466E-02
      24      1.51015428E-02      1.51371687E-02
      25      1.43618628E-02      1.43954532E-02
      26      1.36639893E-02      1.36956949E-02
      27      1.30048874E-02      1.30348431E-02
      28      1.23818256E-02      1.24101535E-02
      29      1.17923357E-02      1.18191458E-02
      30      1.12341781E-02      1.12595709E-02
      31      1.07053143E-02      1.07293809E-02
      32      1.02038821E-02      1.02267062E-02
      33      9.72817554E-03      9.74983357E-03
      34      9.27662717E-03      9.29718970E-03
      35      8.84779337E-03      8.86732537E-03
      36      8.44034113E-03      8.45890264E-03
      37      8.05303695E-03      8.07068358E-03
      38      7.68473693E-03      7.70152031E-03
      39      7.33437833E-03      7.35034643E-03
      40      7.00097193E-03      7.01616946E-03
      41      6.68359547E-03      6.69806414E-03
      42      6.38138778E-03      6.39516654E-03
      43      6.09354348E-03      6.10666879E-03
      44      5.81930845E-03      5.83181448E-03
      45      5.55797560E-03      5.56989439E-03
      46      5.30888118E-03      5.32024282E-03
      47      5.07140143E-03      5.08223420E-03
      48      4.84494954E-03      4.85528009E-03
      49      4.62897298E-03      4.63882637E-03
      50      4.42295095E-03      4.43235084E-03
      51      4.22639221E-03      4.23536092E-03
      52      4.03883300E-03      4.04739160E-03
      53      3.85983517E-03      3.86800357E-03
      54      3.68898448E-03      3.69678151E-03
      55      3.52588905E-03      3.53333254E-03
      56      3.37017791E-03      3.37728473E-03
      57      3.22149968E-03      3.22828581E-03
      58      3.07952135E-03      3.08600196E-03
      59      2.94392719E-03      2.95011664E-03
      60      2.81441765E-03      2.82032959E-03
      61      2.69070845E-03      2.69635581E-03
      62      2.57252967E-03      2.57792475E-03
      63      2.45962491E-03      2.46477939E-03
      64      2.35175054E-03      2.35667551E-03
      65      2.24867496E-03      2.25338098E-03
      66      2.15017793E-03      2.15467503E-03
      67      2.05604999E-03      2.06034772E-03
      68      1.96609180E-03      1.97019925E-03
      69      1.88011366E-03      1.88403947E-03
      70      1.79793496E-03      1.80168737E-03
      71      1.71938371E-03      1.72297056E-03
      72      1.64429609E-03      1.64772485E-03
      73      1.57251602E-03      1.57579380E-03
      74      1.50389478E-03      1.50702837E-03
      75      1.43829060E-03      1.44128647E-03
      76      1.37556835E-03      1.37843266E-03
      77      1.31559918E-03      1.31833780E-03
      78      1.25826019E-03      1.26087874E-03
      79      1.20343420E-03      1.20593802E-03
      80      1.15100938E-03      1.15340357E-03
      81      1.10087906E-03      1.10316850E-03
      82      1.05294145E-03      1.05513077E-03
      83      1.00709938E-03      1.00919302E-03
      84      9.63260141E-04      9.65262327E-04
      85      9.21335195E-04      9.23249971E-04
      86      8.81240044E-04      8.83071268E-04
      87      8.42893995E-04      8.44645349E-04
      88      8.06219980E-04      8.07894981E-04
      89      7.71144429E-04      7.72746437E-04
      90      7.37597046E-04      7.39129269E-04
      91      7.05510698E-04      7.06976200E-04
      92      6.74821264E-04      6.76222972E-04
      93      6.45467463E-04      6.46808176E-04
      94      6.17390770E-04      6.18673159E-04
      95      5.90535253E-04      5.91761872E-04  i
      96      5.64847466E-04      5.66020755E-04  i
      97      5.40276343E-04      5.41398634E-04  i
      98      5.16773071E-04      5.17846592E-04  i
      99      4.94291009E-04      4.95317890E-04  i
     100      4.72785570E-04      4.73767847E-04  i
     105      3.78480251E-04      3.79267037E-04  i
     110      3.02937142E-04      3.03567440E-04  i
     115      2.42415918E-04      2.42920902E-04  i
     120      1.93925986E-04      1.94330589E-04  i
     125      1.55074579E-04      1.55398758E-04  i
     130      1.23946227E-04      1.24205958E-04  i
     135      9.90069562E-05      9.92150388E-05  i
     140      7.90279273E-05      7.91946144E-05  i
     145      6.30245006E-05      6.31580086E-05  i
     150      5.02076321E-05      5.03145464E-05  i
     155      3.99449037E-05      4.00305013E-05  i
     160      3.17294523E-05      3.17979641E-05  i
     165      2.51549920E-05      2.52098081E-05  i
     170      1.98959162E-05      1.99397543E-05  i
     175      1.56912175E-05      1.57262556E-05  i
     180      1.23317746E-05      1.23597575E-05  i
     185      9.64999044E-06      9.67231709E-06  i
     190      7.51157419E-06      7.52936503E-06  i
     195      5.80898009E-06      5.82313185E-06  i
     200      4.45608203E-06      4.46731296E-06  i
     205      3.38391609E-06      3.39280144E-06  i
     210      2.53728479E-06      2.54428490E-06  i
     215      1.87202915E-06      1.87751215E-06  i
     220      1.35283372E-06      1.35709398E-06  i
     225      9.51463152E-07      9.54736317E-07  i
     230      6.45353140E-07      6.47828339E-07  i
     235      4.16477432E-07      4.18305577E-07  i
     240      2.50277627E-07      2.51576213E-07  i
     245      1.34770453E-07      1.35641769E-07  i
     250      6.07841310E-08      6.13160969E-08  i
     255      1.91222417E-08      1.93757825E-08  i
     260      3.48466035E-09      3.55103519E-09  i


  *** SCATTERING AMPLITUDES AND DIFFERENTIAL CROSS SECTION ***

    ANGLE      DCS       ASYMMETRY    DIRECT AMPLITUDE       SPIN-FLIP AMPLITUDE     ERROR
    (deg)   (cm**2/sr)                      (cm)                    (cm)
  -------------------------------------------------------------------------------------------
  0.000E+00 3.06795E-17  0.000E+00 ( 5.538E-09, 7.823E-11) ( 0.000E+00, 0.000E+00)  1.59E-07
  1.000E-04 3.06795E-17  0.000E+00 ( 5.538E-09, 7.823E-11) ( 2.255E-16, 3.179E-18)  1.59E-07
  1.250E-04 3.06795E-17  0.000E+00 ( 5.538E-09, 7.823E-11) ( 2.819E-16, 3.974E-18)  1.59E-07
  1.500E-04 3.06795E-17  0.000E+00 ( 5.538E-09, 7.823E-11) ( 3.383E-16, 4.769E-18)  1.59E-07
  1.750E-04 3.06795E-17  0.000E+00 ( 5.538E-09, 7.823E-11) ( 3.947E-16, 5.563E-18)  1.59E-07
  2.000E-04 3.06795E-17  0.000E+00 ( 5.538E-09, 7.823E-11) ( 4.510E-16, 6.358E-18)  1.59E-07
  2.250E-04 3.06795E-17  0.000E+00 ( 5.538E-09, 7.823E-11) ( 5.074E-16, 7.153E-18)  1.59E-07
  2.500E-04 3.06795E-17  0.000E+00 ( 5.538E-09, 7.823E-11) ( 5.638E-16, 7.948E-18)  1.59E-07
  2.750E-04 3.06795E-17  0.000E+00 ( 5.538E-09, 7.823E-11) ( 6.202E-16, 8.743E-18)  1.59E-07
  3.000E-04 3.06795E-17  0.000E+00 ( 5.538E-09, 7.823E-11) ( 6.766E-16, 9.537E-18)  1.59E-07
  3.250E-04 3.06795E-17  0.000E+00 ( 5.538E-09, 7.823E-11) ( 7.329E-16, 1.033E-17)  1.59E-07
  3.500E-04 3.06795E-17  0.000E+00 ( 5.538E-09, 7.823E-11) ( 7.893E-16, 1.113E-17)  1.59E-07
  3.750E-04 3.06795E-17  0.000E+00 ( 5.538E-09, 7.823E-11) ( 8.457E-16, 1.192E-17)  1.59E-07
  4.000E-04 3.06795E-17  0.000E+00 ( 5.538E-09, 7.823E-11) ( 9.021E-16, 1.272E-17)  1.59E-07
  4.250E-04 3.06795E-17  0.000E+00 ( 5.538E-09, 7.823E-11) ( 9.585E-16, 1.351E-17)  1.59E-07
  4.500E-04 3.06795E-17  0.000E+00 ( 5.538E-09, 7.823E-11) ( 1.015E-15, 1.431E-17)  1.59E-07
  4.750E-04 3.06795E-17  0.000E+00 ( 5.538E-09, 7.823E-11) ( 1.071E-15, 1.510E-17)  1.59E-07
  5.000E-04 3.06795E-17  0.000E+00 ( 5.538E-09, 7.823E-11) ( 1.128E-15, 1.590E-17)  1.59E-07
  5.250E-04 3.06795E-17  0.000E+00 ( 5.538E-09, 7.823E-11) ( 1.184E-15, 1.669E-17)  1.59E-07
  5.500E-04 3.06795E-17  0.000E+00 ( 5.538E-09, 7.823E-11) ( 1.240E-15, 1.749E-17)  1.59E-07
  5.750E-04 3.06795E-17  0.000E+00 ( 5.538E-09, 7.823E-11) ( 1.297E-15, 1.828E-17)  1.59E-07
  6.000E-04 3.06795E-17  0.000E+00 ( 5.538E-09, 7.823E-11) ( 1.353E-15, 1.907E-17)  1.59E-07
  6.250E-04 3.06795E-17  0.000E+00 ( 5.538E-09, 7.823E-11) ( 1.409E-15, 1.987E-17)  1.59E-07
  6.500E-04 3.06795E-17  0.000E+00 ( 5.538E-09, 7.823E-11) ( 1.466E-15, 2.066E-17)  1.59E-07
  6.750E-04 3.06795E-17  0.000E+00 ( 5.538E-09, 7.823E-11) ( 1.522E-15, 2.146E-17)  1.59E-07
  7.000E-04 3.06795E-17  0.000E+00 ( 5.538E-09, 7.823E-11) ( 1.579E-15, 2.225E-17)  1.59E-07
  7.250E-04 3.06795E-17  0.000E+00 ( 5.538E-09, 7.823E-11) ( 1.635E-15, 2.305E-17)  1.59E-07
  7.500E-04 3.06795E-17  0.000E+00 ( 5.538E-09, 7.823E-11) ( 1.691E-15, 2.384E-17)  1.59E-07
  7.750E-04 3.06795E-17  0.000E+00 ( 5.538E-09, 7.823E-11) ( 1.748E-15, 2.464E-17)  1.59E-07
  8.000E-04 3.06795E-17  0.000E+00 ( 5.538E-09, 7.823E-11) ( 1.804E-15, 2.543E-17)  1.59E-07
  8.250E-04 3.06795E-17  0.000E+00 ( 5.538E-09, 7.823E-11) ( 1.861E-15, 2.623E-17)  1.59E-07
  8.500E-04 3.06795E-17  0.000E+00 ( 5.538E-09, 7.823E-11) ( 1.917E-15, 2.702E-17)  1.59E-07
  8.750E-04 3.06795E-17  0.000E+00 ( 5.538E-09, 7.823E-11) ( 1.973E-15, 2.782E-17)  1.59E-07
  9.000E-04 3.06795E-17  0.000E+00 ( 5.538E-09, 7.823E-11) ( 2.030E-15, 2.861E-17)  1.59E-07
  9.250E-04 3.06795E-17  0.000E+00 ( 5.538E-09, 7.823E-11) ( 2.086E-15, 2.941E-17)  1.59E-07
  9.500E-04 3.06795E-17  0.000E+00 ( 5.538E-09, 7.823E-11) ( 2.142E-15, 3.020E-17)  1.59E-07
  9.750E-04 3.06795E-17  0.000E+00 ( 5.538E-09, 7.823E-11) ( 2.199E-15, 3.100E-17)  1.59E-07
  1.000E-03 3.06795E-17  0.000E+00 ( 5.538E-09, 7.823E-11) ( 2.255E-15, 3.179E-17)  1.59E-07
  1.250E-03 3.06795E-17  0.000E+00 ( 5.538E-09, 7.823E-11) ( 2.819E-15, 3.974E-17)  1.59E-07
  1.500E-03 3.06795E-17  0.000E+00 ( 5.538E-09, 7.823E-11) ( 3.383E-15, 4.769E-17)  1.59E-07
  1.750E-03 3.06794E-17  0.000E+00 ( 5.538E-09, 7.823E-11) ( 3.947E-15, 5.563E-17)  1.59E-07
  2.000E-03 3.06794E-17  0.000E+00 ( 5.538E-09, 7.823E-11) ( 4.510E-15, 6.358E-17)  1.59E-07
  2.250E-03 3.06794E-17  0.000E+00 ( 5.538E-09, 7.823E-11) ( 5.074E-15, 7.153E-17)  1.59E-07
  2.500E-03 3.06794E-17  0.000E+00 ( 5.538E-09, 7.823E-11) ( 5.638E-15, 7.948E-17)  1.59E-07
  2.750E-03 3.06794E-17  0.000E+00 ( 5.538E-09, 7.823E-11) ( 6.202E-15, 8.743E-17)  1.59E-07
  3.000E-03 3.06794E-17  0.000E+00 ( 5.538E-09, 7.823E-11) ( 6.766E-15, 9.537E-17)  1.59E-07
  3.250E-03 3.06793E-17  0.000E+00 ( 5.538E-09, 7.823E-11) ( 7.329E-15, 1.033E-16)  1.59E-07
  3.500E-03 3.06793E-17  0.000E+00 ( 5.538E-09, 7.823E-11) ( 7.893E-15, 1.113E-16)  1.59E-07
  3.750E-03 3.06793E-17  0.000E+00 ( 5.538E-09, 7.823E-11) ( 8.457E-15, 1.192E-16)  1.59E-07
  4.000E-03 3.06793E-17  0.000E+00 ( 5.538E-09, 7.823E-11) ( 9.021E-15, 1.272E-16)  1.59E-07
  4.250E-03 3.06792E-17  0.000E+00 ( 5.538E-09, 7.823E-11) ( 9.584E-15, 1.351E-16)  1.59E-07
  4.500E-03 3.06792E-17  0.000E+00 ( 5.538E-09, 7.823E-11) ( 1.015E-14, 1.431E-16)  1.59E-07
  4.750E-03 3.06792E-17  0.000E+00 ( 5.538E-09, 7.823E-11) ( 1.071E-14, 1.510E-16)  1.59E-07
  5.000E-03 3.06792E-17  0.000E+00 ( 5.538E-09, 7.823E-11) ( 1.128E-14, 1.590E-16)  1.59E-07
  5.250E-03 3.06791E-17  0.000E+00 ( 5.538E-09, 7.823E-11) ( 1.184E-14, 1.669E-16)  1.59E-07
  5.500E-03 3.06791E-17  0.000E+00 ( 5.538E-09, 7.823E-11) ( 1.240E-14, 1.749E-16)  1.59E-07
  5.750E-03 3.06791E-17  0.000E+00 ( 5.538E-09, 7.823E-11) ( 1.297E-14, 1.828E-16)  1.59E-07
  6.000E-03 3.06790E-17  0.000E+00 ( 5.538E-09, 7.823E-11) ( 1.353E-14, 1.907E-16)  1.59E-07
  6.250E-03 3.06790E-17  0.000E+00 ( 5.538E-09, 7.823E-11) ( 1.409E-14, 1.987E-16)  1.59E-07
  6.500E-03 3.06789E-17  0.000E+00 ( 5.538E-09, 7.823E-11) ( 1.466E-14, 2.066E-16)  1.59E-07
  6.750E-03 3.06789E-17  0.000E+00 ( 5.538E-09, 7.823E-11) ( 1.522E-14, 2.146E-16)  1.59E-07
  7.000E-03 3.06788E-17  0.000E+00 ( 5.538E-09, 7.823E-11) ( 1.579E-14, 2.225E-16)  1.59E-07
  7.250E-03 3.06788E-17  0.000E+00 ( 5.538E-09, 7.823E-11) ( 1.635E-14, 2.305E-16)  1.59E-07
  7.500E-03 3.06788E-17  0.000E+00 ( 5.538E-09, 7.823E-11) ( 1.691E-14, 2.384E-16)  1.59E-07
  7.750E-03 3.06787E-17  0.000E+00 ( 5.538E-09, 7.823E-11) ( 1.748E-14, 2.464E-16)  1.59E-07
  8.000E-03 3.06787E-17  0.000E+00 ( 5.538E-09, 7.823E-11) ( 1.804E-14, 2.543E-16)  1.59E-07
  8.250E-03 3.06786E-17  0.000E+00 ( 5.538E-09, 7.823E-11) ( 1.860E-14, 2.623E-16)  1.59E-07
  8.500E-03 3.06785E-17  0.000E+00 ( 5.538E-09, 7.823E-11) ( 1.917E-14, 2.702E-16)  1.59E-07
  8.750E-03 3.06785E-17  0.000E+00 ( 5.538E-09, 7.823E-11) ( 1.973E-14, 2.782E-16)  1.59E-07
  9.000E-03 3.06784E-17  0.000E+00 ( 5.538E-09, 7.823E-11) ( 2.030E-14, 2.861E-16)  1.59E-07
  9.250E-03 3.06784E-17  0.000E+00 ( 5.538E-09, 7.823E-11) ( 2.086E-14, 2.941E-16)  1.59E-07
  9.500E-03 3.06783E-17  0.000E+00 ( 5.538E-09, 7.823E-11) ( 2.142E-14, 3.020E-16)  1.59E-07
  9.750E-03 3.06783E-17  0.000E+00 ( 5.538E-09, 7.823E-11) ( 2.199E-14, 3.100E-16)  1.59E-07
  1.000E-02 3.06782E-17  0.000E+00 ( 5.538E-09, 7.823E-11) ( 2.255E-14, 3.179E-16)  1.59E-07
  1.250E-02 3.06775E-17  0.000E+00 ( 5.538E-09, 7.823E-11) ( 2.819E-14, 3.974E-16)  1.59E-07
  1.500E-02 3.06766E-17  0.000E+00 ( 5.538E-09, 7.823E-11) ( 3.383E-14, 4.769E-16)  1.59E-07
  1.750E-02 3.06755E-17  0.000E+00 ( 5.538E-09, 7.823E-11) ( 3.946E-14, 5.563E-16)  1.59E-07
  2.000E-02 3.06743E-17  0.000E+00 ( 5.538E-09, 7.823E-11) ( 4.510E-14, 6.358E-16)  1.59E-07
  2.250E-02 3.06729E-17  0.000E+00 ( 5.538E-09, 7.823E-11) ( 5.074E-14, 7.153E-16)  1.59E-07
  2.500E-02 3.06714E-17  0.000E+00 ( 5.538E-09, 7.823E-11) ( 5.637E-14, 7.948E-16)  1.59E-07
  2.750E-02 3.06697E-17  0.000E+00 ( 5.537E-09, 7.822E-11) ( 6.201E-14, 8.742E-16)  1.59E-07
  3.000E-02 3.06678E-17  0.000E+00 ( 5.537E-09, 7.822E-11) ( 6.764E-14, 9.537E-16)  1.59E-07
  3.250E-02 3.06658E-17  0.000E+00 ( 5.537E-09, 7.822E-11) ( 7.328E-14, 1.033E-15)  1.58E-07
  3.500E-02 3.06636E-17  0.000E+00 ( 5.537E-09, 7.822E-11) ( 7.891E-14, 1.113E-15)  1.58E-07
  3.750E-02 3.06613E-17  0.000E+00 ( 5.537E-09, 7.822E-11) ( 8.454E-14, 1.192E-15)  1.58E-07
  4.000E-02 3.06588E-17  0.000E+00 ( 5.536E-09, 7.822E-11) ( 9.018E-14, 1.272E-15)  1.58E-07
  4.250E-02 3.06561E-17  0.000E+00 ( 5.536E-09, 7.822E-11) ( 9.581E-14, 1.351E-15)  1.58E-07
  4.500E-02 3.06533E-17  0.000E+00 ( 5.536E-09, 7.822E-11) ( 1.014E-13, 1.430E-15)  1.58E-07
  4.750E-02 3.06503E-17  0.000E+00 ( 5.536E-09, 7.822E-11) ( 1.071E-13, 1.510E-15)  1.57E-07
  5.000E-02 3.06471E-17  0.000E+00 ( 5.535E-09, 7.822E-11) ( 1.127E-13, 1.589E-15)  1.57E-07
  5.250E-02 3.06438E-17  0.000E+00 ( 5.535E-09, 7.822E-11) ( 1.183E-13, 1.669E-15)  1.57E-07
  5.500E-02 3.06403E-17  0.000E+00 ( 5.535E-09, 7.822E-11) ( 1.240E-13, 1.748E-15)  1.57E-07
  5.750E-02 3.06367E-17  0.000E+00 ( 5.534E-09, 7.822E-11) ( 1.296E-13, 1.828E-15)  1.57E-07
  6.000E-02 3.06329E-17  0.000E+00 ( 5.534E-09, 7.822E-11) ( 1.352E-13, 1.907E-15)  1.56E-07
  6.250E-02 3.06290E-17  0.000E+00 ( 5.534E-09, 7.821E-11) ( 1.408E-13, 1.987E-15)  1.56E-07
  6.500E-02 3.06248E-17  0.000E+00 ( 5.533E-09, 7.821E-11) ( 1.465E-13, 2.066E-15)  1.56E-07
  6.750E-02 3.06206E-17  0.000E+00 ( 5.533E-09, 7.821E-11) ( 1.521E-13, 2.145E-15)  1.56E-07
  7.000E-02 3.06161E-17  0.000E+00 ( 5.533E-09, 7.821E-11) ( 1.577E-13, 2.225E-15)  1.55E-07
  7.250E-02 3.06115E-17  0.000E+00 ( 5.532E-09, 7.821E-11) ( 1.633E-13, 2.304E-15)  1.55E-07
  7.500E-02 3.06068E-17  0.000E+00 ( 5.532E-09, 7.821E-11) ( 1.689E-13, 2.384E-15)  1.55E-07
  7.750E-02 3.06018E-17  0.000E+00 ( 5.531E-09, 7.821E-11) ( 1.746E-13, 2.463E-15)  1.54E-07
  8.000E-02 3.05968E-17  0.000E+00 ( 5.531E-09, 7.821E-11) ( 1.802E-13, 2.543E-15)  1.54E-07
  8.250E-02 3.05915E-17  0.000E+00 ( 5.530E-09, 7.820E-11) ( 1.858E-13, 2.622E-15)  1.54E-07
  8.500E-02 3.05861E-17  0.000E+00 ( 5.530E-09, 7.820E-11) ( 1.914E-13, 2.701E-15)  1.54E-07
  8.750E-02 3.05806E-17  0.000E+00 ( 5.529E-09, 7.820E-11) ( 1.970E-13, 2.781E-15)  1.53E-07
  9.000E-02 3.05748E-17  0.000E+00 ( 5.529E-09, 7.820E-11) ( 2.026E-13, 2.860E-15)  1.53E-07
  9.250E-02 3.05690E-17  0.000E+00 ( 5.528E-09, 7.820E-11) ( 2.082E-13, 2.940E-15)  1.52E-07
  9.500E-02 3.05629E-17  0.000E+00 ( 5.528E-09, 7.820E-11) ( 2.138E-13, 3.019E-15)  1.52E-07
  9.750E-02 3.05567E-17  0.000E+00 ( 5.527E-09, 7.820E-11) ( 2.194E-13, 3.098E-15)  1.52E-07
  1.000E-01 3.05504E-17  0.000E+00 ( 5.527E-09, 7.819E-11) ( 2.250E-13, 3.178E-15)  1.51E-07
  1.250E-01 3.04781E-17  0.000E+00 ( 5.520E-09, 7.817E-11) ( 2.810E-13, 3.971E-15)  1.47E-07
  1.500E-01 3.03900E-17  0.000E+00 ( 5.512E-09, 7.815E-11) ( 3.367E-13, 4.764E-15)  1.42E-07
  1.750E-01 3.02864E-17  0.000E+00 ( 5.503E-09, 7.812E-11) ( 3.921E-13, 5.556E-15)  1.36E-07
  2.000E-01 3.01674E-17  0.000E+00 ( 5.492E-09, 7.809E-11) ( 4.473E-13, 6.347E-15)  1.29E-07
  2.250E-01 3.00333E-17  0.000E+00 ( 5.480E-09, 7.806E-11) ( 5.020E-13, 7.137E-15)  1.21E-07
  2.500E-01 2.98843E-17  0.000E+00 ( 5.466E-09, 7.802E-11) ( 5.564E-13, 7.927E-15)  1.13E-07
  2.750E-01 2.97209E-17  0.000E+00 ( 5.451E-09, 7.797E-11) ( 6.104E-13, 8.714E-15)  1.04E-07
  3.000E-01 2.95432E-17  0.000E+00 ( 5.435E-09, 7.793E-11) ( 6.639E-13, 9.501E-15)  1.00E-07
  3.250E-01 2.93517E-17  0.000E+00 ( 5.417E-09, 7.787E-11) ( 7.169E-13, 1.029E-14)  1.00E-07
  3.500E-01 2.91468E-17  0.000E+00 ( 5.398E-09, 7.782E-11) ( 7.693E-13, 1.107E-14)  1.00E-07
  3.750E-01 2.89288E-17  0.000E+00 ( 5.378E-09, 7.776E-11) ( 8.212E-13, 1.185E-14)  1.00E-07
  4.000E-01 2.86982E-17  0.000E+00 ( 5.357E-09, 7.769E-11) ( 8.725E-13, 1.263E-14)  1.00E-07
  4.250E-01 2.84554E-17  0.000E+00 ( 5.334E-09, 7.763E-11) ( 9.231E-13, 1.341E-14)  1.00E-07
  4.500E-01 2.82009E-17  0.000E+00 ( 5.310E-09, 7.755E-11) ( 9.730E-13, 1.418E-14)  1.00E-07
  4.750E-01 2.79352E-17  0.000E+00 ( 5.285E-09, 7.748E-11) ( 1.022E-12, 1.496E-14)  1.00E-07
  5.000E-01 2.76588E-17  0.000E+00 ( 5.259E-09, 7.740E-11) ( 1.071E-12, 1.573E-14)  1.00E-07
  5.250E-01 2.73722E-17  0.000E+00 ( 5.231E-09, 7.731E-11) ( 1.118E-12, 1.649E-14)  1.00E-07
  5.500E-01 2.70759E-17  0.000E+00 ( 5.203E-09, 7.722E-11) ( 1.165E-12, 1.726E-14)  1.00E-07
  5.750E-01 2.67704E-17  0.000E+00 ( 5.173E-09, 7.713E-11) ( 1.211E-12, 1.802E-14)  1.00E-07
  6.000E-01 2.64563E-17  0.000E+00 ( 5.143E-09, 7.704E-11) ( 1.257E-12, 1.878E-14)  1.00E-07
  6.250E-01 2.61341E-17  0.000E+00 ( 5.112E-09, 7.694E-11) ( 1.301E-12, 1.954E-14)  1.00E-07
  6.500E-01 2.58044E-17  0.000E+00 ( 5.079E-09, 7.683E-11) ( 1.344E-12, 2.030E-14)  1.00E-07
  6.750E-01 2.54677E-17  0.000E+00 ( 5.046E-09, 7.673E-11) ( 1.387E-12, 2.105E-14)  1.00E-07
  7.000E-01 2.51246E-17  0.000E+00 ( 5.012E-09, 7.662E-11) ( 1.429E-12, 2.179E-14)  1.00E-07
  7.250E-01 2.47756E-17  0.000E+00 ( 4.977E-09, 7.650E-11) ( 1.469E-12, 2.254E-14)  1.00E-07
  7.500E-01 2.44213E-17  0.000E+00 ( 4.941E-09, 7.638E-11) ( 1.509E-12, 2.328E-14)  1.00E-07
  7.750E-01 2.40621E-17  0.000E+00 ( 4.905E-09, 7.626E-11) ( 1.548E-12, 2.402E-14)  1.00E-07
  8.000E-01 2.36988E-17  0.000E+00 ( 4.868E-09, 7.614E-11) ( 1.586E-12, 2.475E-14)  1.00E-07
  8.250E-01 2.33316E-17  0.000E+00 ( 4.830E-09, 7.601E-11) ( 1.622E-12, 2.548E-14)  1.00E-07
  8.500E-01 2.29613E-17  0.000E+00 ( 4.791E-09, 7.588E-11) ( 1.658E-12, 2.621E-14)  1.00E-07
  8.750E-01 2.25883E-17  0.000E+00 ( 4.752E-09, 7.574E-11) ( 1.693E-12, 2.693E-14)  1.00E-07
  9.000E-01 2.22130E-17  0.000E+00 ( 4.712E-09, 7.560E-11) ( 1.727E-12, 2.765E-14)  1.00E-07
  9.250E-01 2.18361E-17  0.000E+00 ( 4.672E-09, 7.546E-11) ( 1.760E-12, 2.836E-14)  1.00E-07
  9.500E-01 2.14579E-17  0.000E+00 ( 4.632E-09, 7.531E-11) ( 1.792E-12, 2.907E-14)  1.00E-07
  9.750E-01 2.10789E-17  0.000E+00 ( 4.591E-09, 7.516E-11) ( 1.823E-12, 2.978E-14)  1.00E-07
  1.000E+00 2.06996E-17  0.000E+00 ( 4.549E-09, 7.501E-11) ( 1.852E-12, 3.048E-14)  1.00E-07
  1.100E+00 1.91873E-17  0.000E+00 ( 4.380E-09, 7.437E-11) ( 1.962E-12, 3.324E-14)  1.00E-07
  1.200E+00 1.77010E-17  0.000E+00 ( 4.207E-09, 7.368E-11) ( 2.056E-12, 3.593E-14)  1.00E-07
  1.300E+00 1.62609E-17  0.000E+00 ( 4.032E-09, 7.295E-11) ( 2.134E-12, 3.853E-14)  1.00E-07
  1.400E+00 1.48831E-17  0.000E+00 ( 3.857E-09, 7.217E-11) ( 2.199E-12, 4.106E-14)  1.00E-07
  1.500E+00 1.35789E-17  0.000E+00 ( 3.684E-09, 7.136E-11) ( 2.250E-12, 4.349E-14)  1.00E-07
  1.600E+00 1.23560E-17  0.000E+00 ( 3.514E-09, 7.051E-11) ( 2.290E-12, 4.584E-14)  1.00E-07
  1.700E+00 1.12185E-17  0.000E+00 ( 3.349E-09, 6.963E-11) ( 2.318E-12, 4.810E-14)  1.00E-07
  1.800E+00 1.01676E-17  0.000E+00 ( 3.188E-09, 6.872E-11) ( 2.337E-12, 5.026E-14)  1.00E-07
  1.900E+00 9.20249E-18  0.000E+00 ( 3.033E-09, 6.779E-11) ( 2.347E-12, 5.233E-14)  1.00E-07
  2.000E+00 8.32044E-18  0.000E+00 ( 2.884E-09, 6.683E-11) ( 2.349E-12, 5.430E-14)  1.00E-07
  2.100E+00 7.51760E-18  0.000E+00 ( 2.741E-09, 6.586E-11) ( 2.344E-12, 5.619E-14)  1.00E-07
  2.200E+00 6.78930E-18  0.000E+00 ( 2.605E-09, 6.487E-11) ( 2.334E-12, 5.797E-14)  1.00E-07
  2.300E+00 6.13044E-18  0.000E+00 ( 2.475E-09, 6.386E-11) ( 2.318E-12, 5.967E-14)  1.00E-07
  2.400E+00 5.53572E-18  0.000E+00 ( 2.352E-09, 6.285E-11) ( 2.299E-12, 6.127E-14)  1.00E-07
  2.500E+00 4.99985E-18  0.000E+00 ( 2.235E-09, 6.183E-11) ( 2.276E-12, 6.279E-14)  1.00E-07
  2.600E+00 4.51768E-18  0.000E+00 ( 2.125E-09, 6.080E-11) ( 2.250E-12, 6.421E-14)  1.00E-07
  2.700E+00 4.08428E-18  0.000E+00 ( 2.020E-09, 5.978E-11) ( 2.221E-12, 6.555E-14)  1.00E-07
  2.800E+00 3.69503E-18  0.000E+00 ( 1.921E-09, 5.875E-11) ( 2.191E-12, 6.681E-14)  1.00E-07
  2.900E+00 3.34561E-18  0.000E+00 ( 1.828E-09, 5.772E-11) ( 2.159E-12, 6.798E-14)  1.05E-07
  3.000E+00 3.03202E-18  0.000E+00 ( 1.740E-09, 5.670E-11) ( 2.126E-12, 6.908E-14)  1.00E-07
  3.100E+00 2.75061E-18  0.000E+00 ( 1.658E-09, 5.568E-11) ( 2.093E-12, 7.009E-14)  1.00E-07
  3.200E+00 2.49803E-18  0.000E+00 ( 1.580E-09, 5.467E-11) ( 2.059E-12, 7.104E-14)  1.00E-07
  3.300E+00 2.27124E-18  0.000E+00 ( 1.506E-09, 5.367E-11) ( 2.024E-12, 7.191E-14)  1.00E-07
  3.400E+00 2.06752E-18  0.000E+00 ( 1.437E-09, 5.267E-11) ( 1.990E-12, 7.272E-14)  1.00E-07
  3.500E+00 1.88438E-18  0.000E+00 ( 1.372E-09, 5.169E-11) ( 1.956E-12, 7.345E-14)  1.15E-07
  3.600E+00 1.71961E-18  0.000E+00 ( 1.310E-09, 5.072E-11) ( 1.921E-12, 7.413E-14)  1.32E-07
  3.700E+00 1.57123E-18  0.000E+00 ( 1.252E-09, 4.976E-11) ( 1.888E-12, 7.475E-14)  1.21E-07
  3.800E+00 1.43749E-18  0.000E+00 ( 1.198E-09, 4.882E-11) ( 1.854E-12, 7.531E-14)  1.00E-07
  3.900E+00 1.31680E-18  0.000E+00 ( 1.147E-09, 4.789E-11) ( 1.821E-12, 7.581E-14)  1.00E-07
  4.000E+00 1.20777E-18  0.000E+00 ( 1.098E-09, 4.698E-11) ( 1.789E-12, 7.627E-14)  1.00E-07
  4.100E+00 1.10918E-18  0.000E+00 ( 1.052E-09, 4.608E-11) ( 1.757E-12, 7.667E-14)  1.03E-07
  4.200E+00 1.01992E-18  0.000E+00 ( 1.009E-09, 4.519E-11) ( 1.726E-12, 7.703E-14)  1.47E-07
  4.300E+00 9.39023E-19  0.000E+00 ( 9.680E-10, 4.432E-11) ( 1.696E-12, 7.734E-14)  1.62E-07
  4.400E+00 8.65618E-19  0.000E+00 ( 9.294E-10, 4.347E-11) ( 1.666E-12, 7.762E-14)  1.43E-07
  4.500E+00 7.98937E-19  0.000E+00 ( 8.928E-10, 4.264E-11) ( 1.637E-12, 7.785E-14)  1.00E-07
  4.600E+00 7.38295E-19  0.000E+00 ( 8.582E-10, 4.182E-11) ( 1.608E-12, 7.805E-14)  1.00E-07
  4.700E+00 6.83080E-19  0.000E+00 ( 8.255E-10, 4.102E-11) ( 1.580E-12, 7.821E-14)  1.00E-07
  4.800E+00 6.32746E-19  0.000E+00 ( 7.944E-10, 4.023E-11) ( 1.553E-12, 7.834E-14)  1.36E-07
  4.900E+00 5.86806E-19  0.000E+00 ( 7.650E-10, 3.946E-11) ( 1.527E-12, 7.844E-14)  1.84E-07
  5.000E+00 5.44825E-19  0.000E+00 ( 7.371E-10, 3.871E-11) ( 1.501E-12, 7.851E-14)  1.95E-07
  5.100E+00 5.06416E-19  0.000E+00 ( 7.106E-10, 3.797E-11) ( 1.476E-12, 7.855E-14)  1.66E-07
  5.200E+00 4.71230E-19  0.000E+00 ( 6.854E-10, 3.726E-11) ( 1.452E-12, 7.856E-14)  1.00E-07
  5.300E+00 4.38960E-19  0.000E+00 ( 6.615E-10, 3.655E-11) ( 1.428E-12, 7.856E-14)  1.00E-07
  5.400E+00 4.09329E-19  0.000E+00 ( 6.388E-10, 3.586E-11) ( 1.405E-12, 7.853E-14)  1.00E-07
  5.500E+00 3.82089E-19  0.000E+00 ( 6.171E-10, 3.519E-11) ( 1.383E-12, 7.848E-14)  1.73E-07
  5.600E+00 3.57021E-19  0.000E+00 ( 5.965E-10, 3.454E-11) ( 1.361E-12, 7.841E-14)  2.24E-07
  5.700E+00 3.33926E-19  0.000E+00 ( 5.769E-10, 3.390E-11) ( 1.340E-12, 7.832E-14)  2.30E-07
  5.800E+00 3.12627E-19  0.000E+00 ( 5.581E-10, 3.327E-11) ( 1.319E-12, 7.821E-14)  1.87E-07
  5.900E+00 2.92964E-19  0.000E+00 ( 5.403E-10, 3.266E-11) ( 1.299E-12, 7.809E-14)  1.02E-07
  6.000E+00 2.74793E-19  0.000E+00 ( 5.232E-10, 3.206E-11) ( 1.279E-12, 7.796E-14)  1.00E-07
  6.100E+00 2.57983E-19  0.000E+00 ( 5.069E-10, 3.148E-11) ( 1.260E-12, 7.781E-14)  1.23E-07
  6.200E+00 2.42417E-19  0.000E+00 ( 4.914E-10, 3.091E-11) ( 1.241E-12, 7.765E-14)  2.16E-07
  6.300E+00 2.27988E-19  0.000E+00 ( 4.765E-10, 3.035E-11) ( 1.223E-12, 7.747E-14)  2.68E-07
  6.400E+00 2.14599E-19  0.000E+00 ( 4.623E-10, 2.981E-11) ( 1.205E-12, 7.729E-14)  2.65E-07
  6.500E+00 2.02164E-19  0.000E+00 ( 4.487E-10, 2.928E-11) ( 1.188E-12, 7.709E-14)  2.06E-07
  6.600E+00 1.90603E-19  0.000E+00 ( 4.356E-10, 2.876E-11) ( 1.171E-12, 7.689E-14)  1.01E-07
  6.700E+00 1.79844E-19  0.000E+00 ( 4.231E-10, 2.826E-11) ( 1.155E-12, 7.668E-14)  1.00E-07
  6.800E+00 1.69822E-19  0.000E+00 ( 4.112E-10, 2.777E-11) ( 1.139E-12, 7.646E-14)  1.61E-07
  6.900E+00 1.60479E-19  0.000E+00 ( 3.997E-10, 2.728E-11) ( 1.123E-12, 7.623E-14)  2.63E-07
  7.000E+00 1.51762E-19  0.000E+00 ( 3.886E-10, 2.681E-11) ( 1.108E-12, 7.599E-14)  3.14E-07
  7.100E+00 1.43621E-19  0.000E+00 ( 3.781E-10, 2.636E-11) ( 1.093E-12, 7.575E-14)  3.00E-07
  7.200E+00 1.36012E-19  0.000E+00 ( 3.679E-10, 2.591E-11) ( 1.079E-12, 7.551E-14)  2.22E-07
  7.300E+00 1.28895E-19  0.000E+00 ( 3.581E-10, 2.547E-11) ( 1.065E-12, 7.526E-14)  1.00E-07
  7.400E+00 1.22233E-19  0.000E+00 ( 3.487E-10, 2.504E-11) ( 1.051E-12, 7.500E-14)  1.00E-07
  7.500E+00 1.15992E-19  0.000E+00 ( 3.397E-10, 2.463E-11) ( 1.038E-12, 7.474E-14)  2.05E-07
  7.600E+00 1.10141E-19  0.000E+00 ( 3.310E-10, 2.422E-11) ( 1.025E-12, 7.448E-14)  3.14E-07
  7.700E+00 1.04651E-19  0.000E+00 ( 3.226E-10, 2.382E-11) ( 1.012E-12, 7.421E-14)  3.61E-07
  7.800E+00 9.94966E-20 -3.239E-06 ( 3.146E-10, 2.343E-11) ( 9.993E-13, 7.394E-14)  3.33E-07
  7.900E+00 9.46528E-20 -3.356E-06 ( 3.068E-10, 2.306E-11) ( 9.871E-13, 7.367E-14)  2.34E-07
  8.000E+00 9.00977E-20 -3.475E-06 ( 2.993E-10, 2.269E-11) ( 9.752E-13, 7.339E-14)  1.00E-07
  8.100E+00 8.58111E-20 -3.596E-06 ( 2.921E-10, 2.232E-11) ( 9.636E-13, 7.312E-14)  1.00E-07
  8.200E+00 8.17744E-20 -3.720E-06 ( 2.851E-10, 2.197E-11) ( 9.522E-13, 7.284E-14)  2.55E-07
  8.300E+00 7.79704E-20 -3.846E-06 ( 2.784E-10, 2.162E-11) ( 9.410E-13, 7.256E-14)  3.68E-07
  8.400E+00 7.43834E-20 -3.976E-06 ( 2.719E-10, 2.129E-11) ( 9.301E-13, 7.227E-14)  4.08E-07
  8.500E+00 7.09989E-20 -4.107E-06 ( 2.656E-10, 2.096E-11) ( 9.195E-13, 7.199E-14)  3.63E-07
  8.600E+00 6.78037E-20 -4.242E-06 ( 2.596E-10, 2.063E-11) ( 9.091E-13, 7.171E-14)  2.40E-07
  8.700E+00 6.47852E-20 -4.379E-06 ( 2.537E-10, 2.032E-11) ( 8.989E-13, 7.142E-14)  1.00E-07
  8.800E+00 6.19320E-20 -4.518E-06 ( 2.481E-10, 2.001E-11) ( 8.889E-13, 7.114E-14)  1.34E-07
  8.900E+00 5.92336E-20 -4.660E-06 ( 2.426E-10, 1.971E-11) ( 8.791E-13, 7.085E-14)  3.10E-07
  9.000E+00 5.66799E-20 -4.805E-06 ( 2.373E-10, 1.941E-11) ( 8.696E-13, 7.057E-14)  4.25E-07
  9.100E+00 5.42618E-20 -4.952E-06 ( 2.322E-10, 1.912E-11) ( 8.602E-13, 7.028E-14)  4.55E-07
  9.200E+00 5.19708E-20 -5.103E-06 ( 2.272E-10, 1.884E-11) ( 8.510E-13, 7.000E-14)  3.90E-07
  9.300E+00 4.97989E-20 -5.255E-06 ( 2.224E-10, 1.857E-11) ( 8.420E-13, 6.971E-14)  2.41E-07
  9.400E+00 4.77388E-20 -5.411E-06 ( 2.177E-10, 1.830E-11) ( 8.332E-13, 6.943E-14)  1.00E-07
  9.500E+00 4.57836E-20 -5.569E-06 ( 2.132E-10, 1.803E-11) ( 8.246E-13, 6.914E-14)  1.82E-07
  9.600E+00 4.39270E-20 -5.730E-06 ( 2.088E-10, 1.777E-11) ( 8.162E-13, 6.886E-14)  3.69E-07
  9.700E+00 4.21632E-20 -5.894E-06 ( 2.046E-10, 1.752E-11) ( 8.079E-13, 6.858E-14)  4.84E-07
  9.800E+00 4.04867E-20 -6.060E-06 ( 2.005E-10, 1.727E-11) ( 7.997E-13, 6.829E-14)  5.01E-07
  9.900E+00 3.88924E-20 -6.230E-06 ( 1.965E-10, 1.703E-11) ( 7.918E-13, 6.801E-14)  4.13E-07
  1.000E+01 3.73756E-20 -6.402E-06 ( 1.926E-10, 1.679E-11) ( 7.839E-13, 6.773E-14)  2.35E-07
  1.025E+01 3.38942E-20 -6.844E-06 ( 1.834E-10, 1.622E-11) ( 7.650E-13, 6.703E-14)  3.43E-07
  1.050E+01 3.08084E-20 -7.303E-06 ( 1.748E-10, 1.568E-11) ( 7.470E-13, 6.634E-14)  5.44E-07
  1.075E+01 2.80653E-20 -7.781E-06 ( 1.668E-10, 1.516E-11) ( 7.298E-13, 6.566E-14)  1.00E-07
  1.100E+01 2.56201E-20 -8.276E-06 ( 1.594E-10, 1.467E-11) ( 7.133E-13, 6.499E-14)  5.00E-07
  1.125E+01 2.34350E-20 -8.790E-06 ( 1.524E-10, 1.420E-11) ( 6.976E-13, 6.432E-14)  5.27E-07
  1.150E+01 2.14777E-20 -9.322E-06 ( 1.459E-10, 1.376E-11) ( 6.825E-13, 6.367E-14)  1.00E-07
  1.175E+01 1.97206E-20 -9.872E-06 ( 1.398E-10, 1.333E-11) ( 6.680E-13, 6.302E-14)  6.32E-07
  1.200E+01 1.81396E-20 -1.044E-05 ( 1.341E-10, 1.293E-11) ( 6.541E-13, 6.238E-14)  4.46E-07
  1.225E+01 1.67138E-20 -1.103E-05 ( 1.287E-10, 1.254E-11) ( 6.408E-13, 6.176E-14)  2.93E-07
  1.250E+01 1.54252E-20 -1.163E-05 ( 1.236E-10, 1.218E-11) ( 6.280E-13, 6.114E-14)  7.21E-07
  1.275E+01 1.42585E-20 -1.226E-05 ( 1.188E-10, 1.182E-11) ( 6.157E-13, 6.053E-14)  2.99E-07
  1.300E+01 1.32000E-20 -1.290E-05 ( 1.143E-10, 1.149E-11) ( 6.039E-13, 5.993E-14)  5.08E-07
  1.325E+01 1.22382E-20 -1.357E-05 ( 1.101E-10, 1.116E-11) ( 5.925E-13, 5.935E-14)  7.46E-07
  1.350E+01 1.13624E-20 -1.425E-05 ( 1.060E-10, 1.086E-11) ( 5.815E-13, 5.877E-14)  1.00E-07
  1.375E+01 1.05636E-20 -1.495E-05 ( 1.022E-10, 1.056E-11) ( 5.709E-13, 5.820E-14)  7.06E-07
  1.400E+01 9.83385E-21 -1.567E-05 ( 9.863E-11, 1.028E-11) ( 5.607E-13, 5.764E-14)  6.94E-07
  1.425E+01 9.16609E-21 -1.641E-05 ( 9.521E-11, 1.001E-11) ( 5.508E-13, 5.709E-14)  1.56E-07
  1.450E+01 8.55418E-21 -1.717E-05 ( 9.197E-11, 9.745E-12) ( 5.413E-13, 5.656E-14)  8.61E-07
  1.475E+01 7.99260E-21 -1.795E-05 ( 8.889E-11, 9.495E-12) ( 5.321E-13, 5.603E-14)  5.61E-07
  1.500E+01 7.47643E-21 -1.875E-05 ( 8.597E-11, 9.255E-12) ( 5.232E-13, 5.550E-14)  4.29E-07
  1.525E+01 7.00130E-21 -1.957E-05 ( 8.318E-11, 9.024E-12) ( 5.145E-13, 5.499E-14)  6.15E-07
  1.550E+01 6.56338E-21 -2.041E-05 ( 8.053E-11, 8.802E-12) ( 5.062E-13, 5.449E-14)  3.50E-07
  1.575E+01 6.15926E-21 -2.127E-05 ( 7.801E-11, 8.588E-12) ( 4.981E-13, 5.399E-14)  6.98E-07
  1.600E+01 5.78588E-21 -2.215E-05 ( 7.560E-11, 8.382E-12) ( 4.903E-13, 5.351E-14)  3.52E-07
  1.625E+01 5.44043E-21 -2.305E-05 ( 7.330E-11, 8.184E-12) ( 4.827E-13, 5.303E-14)  1.00E-07
  1.650E+01 5.12044E-21 -2.397E-05 ( 7.111E-11, 7.993E-12) ( 4.753E-13, 5.256E-14)  9.32E-07
  1.675E+01 4.82367E-21 -2.491E-05 ( 6.901E-11, 7.809E-12) ( 4.681E-13, 5.210E-14)  8.57E-07
  1.700E+01 4.54816E-21 -2.587E-05 ( 6.701E-11, 7.631E-12) ( 4.612E-13, 5.164E-14)  2.50E-07
  1.725E+01 4.29211E-21 -2.686E-05 ( 6.509E-11, 7.460E-12) ( 4.544E-13, 5.120E-14)  1.10E-06
  1.750E+01 4.05391E-21 -2.786E-05 ( 6.325E-11, 7.294E-12) ( 4.479E-13, 5.076E-14)  6.65E-07
  1.775E+01 3.83205E-21 -2.888E-05 ( 6.149E-11, 7.135E-12) ( 4.415E-13, 5.033E-14)  5.87E-07
  1.800E+01 3.62520E-21 -2.992E-05 ( 5.980E-11, 6.980E-12) ( 4.353E-13, 4.990E-14)  1.18E-06
  1.825E+01 3.43216E-21 -3.099E-05 ( 5.818E-11, 6.831E-12) ( 4.293E-13, 4.948E-14)  3.82E-07
  1.850E+01 3.25186E-21 -3.207E-05 ( 5.663E-11, 6.687E-12) ( 4.234E-13, 4.907E-14)  9.05E-07
  1.875E+01 3.08330E-21 -3.317E-05 ( 5.514E-11, 6.547E-12) ( 4.177E-13, 4.867E-14)  4.71E-07
  1.900E+01 2.92557E-21 -3.430E-05 ( 5.371E-11, 6.412E-12) ( 4.121E-13, 4.827E-14)  1.00E-07
  1.925E+01 2.77783E-21 -3.545E-05 ( 5.233E-11, 6.282E-12) ( 4.067E-13, 4.788E-14)  1.17E-06
  1.950E+01 2.63933E-21 -3.661E-05 ( 5.100E-11, 6.155E-12) ( 4.014E-13, 4.749E-14)  1.51E-07
  1.975E+01 2.50940E-21 -3.780E-05 ( 4.973E-11, 6.032E-12) ( 3.963E-13, 4.711E-14)  3.64E-07
  2.000E+01 2.38741E-21 -3.901E-05 ( 4.850E-11, 5.914E-12) ( 3.912E-13, 4.674E-14)  1.35E-06
  2.025E+01 2.27278E-21 -4.023E-05 ( 4.732E-11, 5.798E-12) ( 3.863E-13, 4.637E-14)  6.68E-07
  2.050E+01 2.16498E-21 -4.148E-05 ( 4.618E-11, 5.687E-12) ( 3.815E-13, 4.601E-14)  7.63E-07
  2.075E+01 2.06353E-21 -4.275E-05 ( 4.508E-11, 5.578E-12) ( 3.769E-13, 4.565E-14)  1.35E-06
  2.100E+01 1.96797E-21 -4.404E-05 ( 4.402E-11, 5.473E-12) ( 3.723E-13, 4.530E-14)  3.95E-07
  2.125E+01 1.87792E-21 -4.536E-05 ( 4.300E-11, 5.371E-12) ( 3.678E-13, 4.496E-14)  1.13E-06
  2.150E+01 1.79299E-21 -4.669E-05 ( 4.201E-11, 5.272E-12) ( 3.635E-13, 4.462E-14)  8.41E-07
  2.175E+01 1.71284E-21 -4.804E-05 ( 4.106E-11, 5.176E-12) ( 3.592E-13, 4.428E-14)  1.00E-07
  2.200E+01 1.63714E-21 -4.941E-05 ( 4.014E-11, 5.082E-12) ( 3.551E-13, 4.395E-14)  1.41E-06
  2.225E+01 1.56559E-21 -5.081E-05 ( 3.925E-11, 4.991E-12) ( 3.510E-13, 4.362E-14)  3.61E-07
  2.250E+01 1.49794E-21 -5.222E-05 ( 3.839E-11, 4.903E-12) ( 3.470E-13, 4.330E-14)  4.97E-07
  2.275E+01 1.43393E-21 -5.365E-05 ( 3.756E-11, 4.817E-12) ( 3.431E-13, 4.298E-14)  1.59E-06
  2.300E+01 1.37332E-21 -5.511E-05 ( 3.675E-11, 4.734E-12) ( 3.393E-13, 4.267E-14)  1.00E-07
  2.325E+01 1.31591E-21 -5.659E-05 ( 3.597E-11, 4.652E-12) ( 3.356E-13, 4.236E-14)  9.52E-07
  2.350E+01 1.26148E-21 -5.808E-05 ( 3.522E-11, 4.573E-12) ( 3.319E-13, 4.206E-14)  1.34E-06
  2.375E+01 1.20985E-21 -5.960E-05 ( 3.449E-11, 4.496E-12) ( 3.284E-13, 4.176E-14)  3.87E-07
  2.400E+01 1.16086E-21 -6.114E-05 ( 3.378E-11, 4.421E-12) ( 3.249E-13, 4.147E-14)  1.35E-06
  2.425E+01 1.11434E-21 -6.269E-05 ( 3.310E-11, 4.348E-12) ( 3.214E-13, 4.117E-14)  9.81E-07
  2.450E+01 1.07015E-21 -6.427E-05 ( 3.243E-11, 4.277E-12) ( 3.181E-13, 4.089E-14)  1.15E-07
  2.475E+01 1.02814E-21 -6.587E-05 ( 3.179E-11, 4.208E-12) ( 3.148E-13, 4.060E-14)  1.57E-06
  2.500E+01 9.88190E-22 -6.749E-05 ( 3.116E-11, 4.140E-12) ( 3.115E-13, 4.032E-14)  6.22E-07
  2.550E+01 9.13987E-22 -7.079E-05 ( 2.996E-11, 4.010E-12) ( 3.053E-13, 3.978E-14)  1.43E-06
  2.600E+01 8.46678E-22 -7.416E-05 ( 2.884E-11, 3.887E-12) ( 2.992E-13, 3.924E-14)  1.13E-06
  2.650E+01 7.85500E-22 -7.762E-05 ( 2.777E-11, 3.769E-12) ( 2.934E-13, 3.872E-14)  1.00E-07
  2.700E+01 7.29797E-22 -8.116E-05 ( 2.676E-11, 3.657E-12) ( 2.878E-13, 3.821E-14)  9.96E-07
  2.750E+01 6.78992E-22 -8.478E-05 ( 2.581E-11, 3.550E-12) ( 2.824E-13, 3.772E-14)  1.23E-06
  2.800E+01 6.32569E-22 -8.847E-05 ( 2.491E-11, 3.447E-12) ( 2.772E-13, 3.724E-14)  5.56E-07
  2.850E+01 5.90087E-22 -9.224E-05 ( 2.406E-11, 3.350E-12) ( 2.722E-13, 3.677E-14)  4.73E-07
  2.900E+01 5.51149E-22 -9.609E-05 ( 2.325E-11, 3.257E-12) ( 2.673E-13, 3.631E-14)  1.08E-06
  2.950E+01 5.15401E-22 -1.000E-04 ( 2.248E-11, 3.168E-12) ( 2.626E-13, 3.586E-14)  8.64E-07
  3.000E+01 4.82539E-22 -1.040E-04 ( 2.175E-11, 3.082E-12) ( 2.580E-13, 3.542E-14)  1.00E-07
  3.050E+01 4.52284E-22 -1.081E-04 ( 2.105E-11, 3.001E-12) ( 2.536E-13, 3.499E-14)  7.66E-07
  3.100E+01 4.24390E-22 -1.123E-04 ( 2.039E-11, 2.922E-12) ( 2.494E-13, 3.457E-14)  9.53E-07
  3.150E+01 3.98641E-22 -1.165E-04 ( 1.976E-11, 2.847E-12) ( 2.452E-13, 3.416E-14)  4.34E-07
  3.200E+01 3.74840E-22 -1.208E-04 ( 1.916E-11, 2.775E-12) ( 2.412E-13, 3.376E-14)  2.59E-07
  3.250E+01 3.52811E-22 -1.252E-04 ( 1.859E-11, 2.706E-12) ( 2.373E-13, 3.337E-14)  8.48E-07
  3.300E+01 3.32401E-22 -1.296E-04 ( 1.804E-11, 2.640E-12) ( 2.336E-13, 3.298E-14)  6.82E-07
  3.350E+01 3.13464E-22 -1.341E-04 ( 1.752E-11, 2.576E-12) ( 2.299E-13, 3.261E-14)  1.00E-07
  3.400E+01 2.95877E-22 -1.387E-04 ( 1.701E-11, 2.514E-12) ( 2.264E-13, 3.224E-14)  6.03E-07
  3.450E+01 2.79525E-22 -1.433E-04 ( 1.654E-11, 2.455E-12) ( 2.229E-13, 3.188E-14)  7.59E-07
  3.500E+01 2.64304E-22 -1.481E-04 ( 1.608E-11, 2.398E-12) ( 2.195E-13, 3.153E-14)  3.52E-07
  3.550E+01 2.50121E-22 -1.529E-04 ( 1.564E-11, 2.343E-12) ( 2.163E-13, 3.118E-14)  2.87E-07
  3.600E+01 2.36894E-22 -1.577E-04 ( 1.522E-11, 2.290E-12) ( 2.131E-13, 3.084E-14)  6.79E-07
  3.650E+01 2.24543E-22 -1.626E-04 ( 1.481E-11, 2.239E-12) ( 2.100E-13, 3.051E-14)  5.54E-07
  3.700E+01 2.13002E-22 -1.676E-04 ( 1.443E-11, 2.190E-12) ( 2.070E-13, 3.018E-14)  1.00E-07
  3.750E+01 2.02205E-22 -1.727E-04 ( 1.406E-11, 2.143E-12) ( 2.040E-13, 2.986E-14)  1.23E-07
  3.800E+01 1.92097E-22 -1.778E-04 ( 1.370E-11, 2.097E-12) ( 2.011E-13, 2.955E-14)  6.18E-07
  3.850E+01 1.82625E-22 -1.829E-04 ( 1.336E-11, 2.053E-12) ( 1.984E-13, 2.924E-14)  2.95E-07
  3.900E+01 1.73741E-22 -1.882E-04 ( 1.303E-11, 2.010E-12) ( 1.956E-13, 2.893E-14)  2.26E-07
  3.950E+01 1.65402E-22 -1.934E-04 ( 1.271E-11, 1.969E-12) ( 1.930E-13, 2.864E-14)  5.54E-07
  4.000E+01 1.57567E-22 -1.988E-04 ( 1.240E-11, 1.929E-12) ( 1.904E-13, 2.834E-14)  4.60E-07
  4.050E+01 1.50201E-22 -2.042E-04 ( 1.211E-11, 1.890E-12) ( 1.878E-13, 2.806E-14)  1.00E-07
  4.100E+01 1.43270E-22 -2.097E-04 ( 1.182E-11, 1.853E-12) ( 1.854E-13, 2.777E-14)  3.92E-07
  4.150E+01 1.36743E-22 -2.152E-04 ( 1.155E-11, 1.817E-12) ( 1.829E-13, 2.750E-14)  5.12E-07
  4.200E+01 1.30593E-22 -2.207E-04 ( 1.129E-11, 1.781E-12) ( 1.806E-13, 2.722E-14)  2.52E-07
  4.250E+01 1.24792E-22 -2.263E-04 ( 1.103E-11, 1.747E-12) ( 1.783E-13, 2.696E-14)  1.79E-07
  4.300E+01 1.19318E-22 -2.320E-04 ( 1.079E-11, 1.714E-12) ( 1.760E-13, 2.669E-14)  1.00E-07
  4.350E+01 1.14149E-22 -2.377E-04 ( 1.055E-11, 1.683E-12) ( 1.738E-13, 2.643E-14)  3.88E-07
  4.400E+01 1.09263E-22 -2.435E-04 ( 1.032E-11, 1.652E-12) ( 1.716E-13, 2.618E-14)  1.00E-07
  4.450E+01 1.04644E-22 -2.493E-04 ( 1.010E-11, 1.621E-12) ( 1.695E-13, 2.593E-14)  3.21E-07
  4.500E+01 1.00272E-22 -2.552E-04 ( 9.885E-12, 1.592E-12) ( 1.674E-13, 2.568E-14)  4.29E-07
  4.550E+01 9.61332E-23 -2.611E-04 ( 9.678E-12, 1.564E-12) ( 1.654E-13, 2.543E-14)  2.19E-07
  4.600E+01 9.22116E-23 -2.670E-04 ( 9.478E-12, 1.536E-12) ( 1.634E-13, 2.520E-14)  1.41E-07
  4.650E+01 8.84939E-23 -2.730E-04 ( 9.284E-12, 1.510E-12) ( 1.615E-13, 2.496E-14)  3.81E-07
  4.700E+01 8.49674E-23 -2.790E-04 ( 9.096E-12, 1.484E-12) ( 1.596E-13, 2.473E-14)  3.31E-07
  4.750E+01 8.16202E-23 -2.851E-04 ( 8.914E-12, 1.459E-12) ( 1.577E-13, 2.450E-14)  1.00E-07
  4.800E+01 7.84415E-23 -2.912E-04 ( 8.738E-12, 1.434E-12) ( 1.559E-13, 2.427E-14)  2.64E-07
  4.850E+01 7.54211E-23 -2.973E-04 ( 8.568E-12, 1.410E-12) ( 1.541E-13, 2.405E-14)  1.00E-07
  4.900E+01 7.25495E-23 -3.035E-04 ( 8.403E-12, 1.387E-12) ( 1.523E-13, 2.383E-14)  1.92E-07
  4.950E+01 6.98181E-23 -3.097E-04 ( 8.242E-12, 1.364E-12) ( 1.506E-13, 2.361E-14)  1.11E-07
  5.000E+01 6.72185E-23 -3.160E-04 ( 8.087E-12, 1.342E-12) ( 1.489E-13, 2.340E-14)  3.19E-07
  5.050E+01 6.47430E-23 -3.223E-04 ( 7.936E-12, 1.321E-12) ( 1.472E-13, 2.319E-14)  2.85E-07
  5.100E+01 6.23848E-23 -3.286E-04 ( 7.789E-12, 1.300E-12) ( 1.456E-13, 2.298E-14)  1.00E-07
  5.150E+01 6.01369E-23 -3.349E-04 ( 7.647E-12, 1.280E-12) ( 1.440E-13, 2.278E-14)  2.18E-07
  5.200E+01 5.79933E-23 -3.413E-04 ( 7.509E-12, 1.260E-12) ( 1.424E-13, 2.258E-14)  3.09E-07
  5.250E+01 5.59482E-23 -3.477E-04 ( 7.375E-12, 1.241E-12) ( 1.408E-13, 2.238E-14)  1.70E-07
  5.300E+01 5.39960E-23 -3.541E-04 ( 7.244E-12, 1.222E-12) ( 1.393E-13, 2.218E-14)  1.00E-07
  5.350E+01 5.21318E-23 -3.605E-04 ( 7.118E-12, 1.204E-12) ( 1.378E-13, 2.199E-14)  2.69E-07
  5.400E+01 5.03507E-23 -3.670E-04 ( 6.995E-12, 1.186E-12) ( 1.363E-13, 2.180E-14)  1.00E-07
  5.450E+01 4.86483E-23 -3.734E-04 ( 6.875E-12, 1.169E-12) ( 1.349E-13, 2.161E-14)  1.00E-07
  5.500E+01 4.70205E-23 -3.799E-04 ( 6.758E-12, 1.152E-12) ( 1.335E-13, 2.142E-14)  1.81E-07
  5.550E+01 4.54633E-23 -3.865E-04 ( 6.645E-12, 1.135E-12) ( 1.321E-13, 2.124E-14)  2.64E-07
  5.600E+01 4.39729E-23 -3.930E-04 ( 6.535E-12, 1.119E-12) ( 1.307E-13, 2.106E-14)  1.51E-07
  5.650E+01 4.25461E-23 -3.995E-04 ( 6.427E-12, 1.103E-12) ( 1.293E-13, 2.088E-14)  1.00E-07
  5.700E+01 4.11794E-23 -4.061E-04 ( 6.323E-12, 1.088E-12) ( 1.280E-13, 2.070E-14)  2.28E-07
  5.750E+01 3.98699E-23 -4.127E-04 ( 6.221E-12, 1.073E-12) ( 1.267E-13, 2.053E-14)  2.14E-07
  5.800E+01 3.86146E-23 -4.192E-04 ( 6.122E-12, 1.058E-12) ( 1.254E-13, 2.035E-14)  1.00E-07
  5.850E+01 3.74109E-23 -4.258E-04 ( 6.025E-12, 1.044E-12) ( 1.241E-13, 2.018E-14)  1.50E-07
  5.900E+01 3.62562E-23 -4.324E-04 ( 5.931E-12, 1.030E-12) ( 1.229E-13, 2.001E-14)  2.27E-07
  5.950E+01 3.51481E-23 -4.390E-04 ( 5.840E-12, 1.016E-12) ( 1.217E-13, 1.985E-14)  1.30E-07
  6.000E+01 3.40843E-23 -4.456E-04 ( 5.750E-12, 1.003E-12) ( 1.204E-13, 1.968E-14)  1.00E-07
  6.050E+01 3.30628E-23 -4.523E-04 ( 5.663E-12, 9.895E-13) ( 1.193E-13, 1.952E-14)  1.93E-07
  6.100E+01 3.20814E-23 -4.589E-04 ( 5.578E-12, 9.767E-13) ( 1.181E-13, 1.936E-14)  1.86E-07
  6.150E+01 3.11383E-23 -4.655E-04 ( 5.495E-12, 9.642E-13) ( 1.169E-13, 1.920E-14)  1.00E-07
  6.200E+01 3.02316E-23 -4.721E-04 ( 5.414E-12, 9.520E-13) ( 1.158E-13, 1.904E-14)  1.25E-07
  6.250E+01 2.93597E-23 -4.787E-04 ( 5.335E-12, 9.400E-13) ( 1.146E-13, 1.888E-14)  1.95E-07
  6.300E+01 2.85210E-23 -4.853E-04 ( 5.258E-12, 9.283E-13) ( 1.135E-13, 1.873E-14)  1.19E-07
  6.350E+01 2.77139E-23 -4.919E-04 ( 5.183E-12, 9.168E-13) ( 1.124E-13, 1.858E-14)  1.00E-07
  6.400E+01 2.69370E-23 -4.985E-04 ( 5.109E-12, 9.056E-13) ( 1.114E-13, 1.842E-14)  1.64E-07
  6.450E+01 2.61890E-23 -5.051E-04 ( 5.037E-12, 8.946E-13) ( 1.103E-13, 1.828E-14)  1.62E-07
  6.500E+01 2.54684E-23 -5.117E-04 ( 4.967E-12, 8.839E-13) ( 1.092E-13, 1.813E-14)  1.00E-07
  6.550E+01 2.47742E-23 -5.182E-04 ( 4.899E-12, 8.734E-13) ( 1.082E-13, 1.798E-14)  1.04E-07
  6.600E+01 2.41052E-23 -5.248E-04 ( 4.832E-12, 8.631E-13) ( 1.072E-13, 1.784E-14)  1.67E-07
  6.650E+01 2.34601E-23 -5.313E-04 ( 4.767E-12, 8.530E-13) ( 1.062E-13, 1.769E-14)  1.05E-07
  6.700E+01 2.28381E-23 -5.378E-04 ( 4.703E-12, 8.431E-13) ( 1.052E-13, 1.755E-14)  1.00E-07
  6.750E+01 2.22381E-23 -5.443E-04 ( 4.640E-12, 8.334E-13) ( 1.042E-13, 1.741E-14)  1.39E-07
  6.800E+01 2.16592E-23 -5.508E-04 ( 4.579E-12, 8.240E-13) ( 1.032E-13, 1.727E-14)  1.40E-07
  6.850E+01 2.11005E-23 -5.573E-04 ( 4.520E-12, 8.147E-13) ( 1.023E-13, 1.713E-14)  1.00E-07
  6.900E+01 2.05610E-23 -5.637E-04 ( 4.461E-12, 8.056E-13) ( 1.013E-13, 1.700E-14)  1.00E-07
  6.950E+01 2.00401E-23 -5.701E-04 ( 4.404E-12, 7.966E-13) ( 1.004E-13, 1.686E-14)  1.44E-07
  7.000E+01 1.95369E-23 -5.765E-04 ( 4.348E-12, 7.879E-13) ( 9.947E-14, 1.673E-14)  1.00E-07
  7.050E+01 1.90508E-23 -5.829E-04 ( 4.293E-12, 7.793E-13) ( 9.856E-14, 1.660E-14)  1.00E-07
  7.100E+01 1.85810E-23 -5.893E-04 ( 4.240E-12, 7.709E-13) ( 9.766E-14, 1.647E-14)  1.18E-07
  7.150E+01 1.81268E-23 -5.956E-04 ( 4.188E-12, 7.627E-13) ( 9.677E-14, 1.634E-14)  1.22E-07
  7.200E+01 1.76876E-23 -6.019E-04 ( 4.136E-12, 7.546E-13) ( 9.589E-14, 1.621E-14)  1.00E-07
  7.250E+01 1.72629E-23 -6.081E-04 ( 4.086E-12, 7.466E-13) ( 9.502E-14, 1.608E-14)  1.00E-07
  7.300E+01 1.68520E-23 -6.143E-04 ( 4.037E-12, 7.389E-13) ( 9.416E-14, 1.595E-14)  1.23E-07
  7.350E+01 1.64544E-23 -6.205E-04 ( 3.989E-12, 7.312E-13) ( 9.332E-14, 1.583E-14)  1.00E-07
  7.400E+01 1.60695E-23 -6.267E-04 ( 3.942E-12, 7.237E-13) ( 9.248E-14, 1.570E-14)  1.00E-07
  7.450E+01 1.56970E-23 -6.328E-04 ( 3.896E-12, 7.164E-13) ( 9.165E-14, 1.558E-14)  1.00E-07
  7.500E+01 1.53363E-23 -6.389E-04 ( 3.850E-12, 7.092E-13) ( 9.083E-14, 1.546E-14)  1.05E-07
  7.550E+01 1.49869E-23 -6.449E-04 ( 3.806E-12, 7.021E-13) ( 9.002E-14, 1.534E-14)  1.00E-07
  7.600E+01 1.46484E-23 -6.509E-04 ( 3.763E-12, 6.951E-13) ( 8.922E-14, 1.522E-14)  1.00E-07
  7.650E+01 1.43205E-23 -6.568E-04 ( 3.720E-12, 6.883E-13) ( 8.843E-14, 1.510E-14)  1.05E-07
  7.700E+01 1.40026E-23 -6.627E-04 ( 3.678E-12, 6.816E-13) ( 8.764E-14, 1.498E-14)  1.00E-07
  7.750E+01 1.36945E-23 -6.686E-04 ( 3.637E-12, 6.750E-13) ( 8.687E-14, 1.486E-14)  1.00E-07
  7.800E+01 1.33957E-23 -6.744E-04 ( 3.597E-12, 6.686E-13) ( 8.610E-14, 1.475E-14)  1.00E-07
  7.850E+01 1.31060E-23 -6.802E-04 ( 3.558E-12, 6.622E-13) ( 8.534E-14, 1.463E-14)  1.00E-07
  7.900E+01 1.28250E-23 -6.859E-04 ( 3.520E-12, 6.560E-13) ( 8.459E-14, 1.452E-14)  1.00E-07
  7.950E+01 1.25523E-23 -6.916E-04 ( 3.482E-12, 6.499E-13) ( 8.385E-14, 1.440E-14)  1.00E-07
  8.000E+01 1.22877E-23 -6.972E-04 ( 3.445E-12, 6.439E-13) ( 8.312E-14, 1.429E-14)  1.00E-07
  8.050E+01 1.20309E-23 -7.028E-04 ( 3.408E-12, 6.380E-13) ( 8.239E-14, 1.418E-14)  1.00E-07
  8.100E+01 1.17816E-23 -7.083E-04 ( 3.373E-12, 6.322E-13) ( 8.167E-14, 1.407E-14)  1.00E-07
  8.150E+01 1.15395E-23 -7.137E-04 ( 3.338E-12, 6.265E-13) ( 8.096E-14, 1.396E-14)  1.00E-07
  8.200E+01 1.13045E-23 -7.191E-04 ( 3.303E-12, 6.208E-13) ( 8.025E-14, 1.385E-14)  1.00E-07
  8.250E+01 1.10761E-23 -7.245E-04 ( 3.270E-12, 6.153E-13) ( 7.955E-14, 1.374E-14)  1.00E-07
  8.300E+01 1.08543E-23 -7.297E-04 ( 3.237E-12, 6.099E-13) ( 7.886E-14, 1.364E-14)  1.00E-07
  8.350E+01 1.06387E-23 -7.350E-04 ( 3.204E-12, 6.046E-13) ( 7.817E-14, 1.353E-14)  1.00E-07
  8.400E+01 1.04292E-23 -7.401E-04 ( 3.172E-12, 5.994E-13) ( 7.750E-14, 1.343E-14)  1.00E-07
  8.450E+01 1.02256E-23 -7.452E-04 ( 3.141E-12, 5.942E-13) ( 7.682E-14, 1.332E-14)  1.00E-07
  8.500E+01 1.00276E-23 -7.502E-04 ( 3.110E-12, 5.892E-13) ( 7.616E-14, 1.322E-14)  1.00E-07
  8.550E+01 9.83513E-24 -7.552E-04 ( 3.080E-12, 5.842E-13) ( 7.550E-14, 1.311E-14)  1.00E-07
  8.600E+01 9.64792E-24 -7.601E-04 ( 3.051E-12, 5.793E-13) ( 7.485E-14, 1.301E-14)  1.00E-07
  8.650E+01 9.46580E-24 -7.649E-04 ( 3.022E-12, 5.745E-13) ( 7.420E-14, 1.291E-14)  1.00E-07
  8.700E+01 9.28863E-24 -7.697E-04 ( 2.993E-12, 5.698E-13) ( 7.356E-14, 1.281E-14)  1.00E-07
  8.750E+01 9.11624E-24 -7.744E-04 ( 2.965E-12, 5.651E-13) ( 7.292E-14, 1.271E-14)  1.00E-07
  8.800E+01 8.94846E-24 -7.790E-04 ( 2.937E-12, 5.606E-13) ( 7.229E-14, 1.261E-14)  1.00E-07
  8.850E+01 8.78515E-24 -7.835E-04 ( 2.910E-12, 5.561E-13) ( 7.167E-14, 1.251E-14)  1.00E-07
  8.900E+01 8.62618E-24 -7.880E-04 ( 2.884E-12, 5.516E-13) ( 7.105E-14, 1.241E-14)  1.00E-07
  8.950E+01 8.47138E-24 -7.924E-04 ( 2.858E-12, 5.473E-13) ( 7.043E-14, 1.231E-14)  1.00E-07
  9.000E+01 8.32065E-24 -7.967E-04 ( 2.832E-12, 5.430E-13) ( 6.983E-14, 1.222E-14)  1.00E-07
  9.050E+01 8.17383E-24 -8.010E-04 ( 2.807E-12, 5.388E-13) ( 6.922E-14, 1.212E-14)  1.00E-07
  9.100E+01 8.03082E-24 -8.051E-04 ( 2.782E-12, 5.346E-13) ( 6.863E-14, 1.203E-14)  1.00E-07
  9.150E+01 7.89149E-24 -8.092E-04 ( 2.758E-12, 5.305E-13) ( 6.803E-14, 1.193E-14)  1.00E-07
  9.200E+01 7.75573E-24 -8.132E-04 ( 2.734E-12, 5.265E-13) ( 6.744E-14, 1.184E-14)  1.00E-07
  9.250E+01 7.62342E-24 -8.172E-04 ( 2.710E-12, 5.226E-13) ( 6.686E-14, 1.174E-14)  1.00E-07
  9.300E+01 7.49446E-24 -8.210E-04 ( 2.687E-12, 5.187E-13) ( 6.628E-14, 1.165E-14)  1.00E-07
  9.350E+01 7.36875E-24 -8.248E-04 ( 2.664E-12, 5.148E-13) ( 6.571E-14, 1.156E-14)  1.00E-07
  9.400E+01 7.24619E-24 -8.284E-04 ( 2.642E-12, 5.111E-13) ( 6.514E-14, 1.146E-14)  1.00E-07
  9.450E+01 7.12668E-24 -8.320E-04 ( 2.620E-12, 5.074E-13) ( 6.458E-14, 1.137E-14)  1.00E-07
  9.500E+01 7.01013E-24 -8.355E-04 ( 2.598E-12, 5.037E-13) ( 6.402E-14, 1.128E-14)  1.00E-07
  9.550E+01 6.89646E-24 -8.389E-04 ( 2.577E-12, 5.001E-13) ( 6.346E-14, 1.119E-14)  1.00E-07
  9.600E+01 6.78557E-24 -8.423E-04 ( 2.556E-12, 4.966E-13) ( 6.291E-14, 1.110E-14)  1.00E-07
  9.650E+01 6.67739E-24 -8.455E-04 ( 2.536E-12, 4.931E-13) ( 6.236E-14, 1.101E-14)  1.00E-07
  9.700E+01 6.57183E-24 -8.487E-04 ( 2.516E-12, 4.896E-13) ( 6.182E-14, 1.092E-14)  1.00E-07
  9.750E+01 6.46882E-24 -8.517E-04 ( 2.496E-12, 4.863E-13) ( 6.128E-14, 1.084E-14)  1.00E-07
  9.800E+01 6.36828E-24 -8.547E-04 ( 2.476E-12, 4.829E-13) ( 6.075E-14, 1.075E-14)  1.00E-07
  9.850E+01 6.27015E-24 -8.576E-04 ( 2.457E-12, 4.797E-13) ( 6.022E-14, 1.066E-14)  1.00E-07
  9.900E+01 6.17435E-24 -8.603E-04 ( 2.438E-12, 4.764E-13) ( 5.969E-14, 1.058E-14)  1.00E-07
  9.950E+01 6.08081E-24 -8.630E-04 ( 2.419E-12, 4.732E-13) ( 5.917E-14, 1.049E-14)  1.00E-07
  1.000E+02 5.98948E-24 -8.656E-04 ( 2.401E-12, 4.701E-13) ( 5.865E-14, 1.040E-14)  1.00E-07
  1.005E+02 5.90029E-24 -8.681E-04 ( 2.383E-12, 4.670E-13) ( 5.814E-14, 1.032E-14)  1.00E-07
  1.010E+02 5.81318E-24 -8.705E-04 ( 2.365E-12, 4.640E-13) ( 5.762E-14, 1.023E-14)  1.00E-07
  1.015E+02 5.72808E-24 -8.728E-04 ( 2.348E-12, 4.610E-13) ( 5.712E-14, 1.015E-14)  1.00E-07
  1.020E+02 5.64496E-24 -8.750E-04 ( 2.331E-12, 4.580E-13) ( 5.661E-14, 1.007E-14)  1.00E-07
  1.025E+02 5.56374E-24 -8.771E-04 ( 2.314E-12, 4.551E-13) ( 5.611E-14, 9.983E-15)  1.00E-07
  1.030E+02 5.48439E-24 -8.791E-04 ( 2.297E-12, 4.523E-13) ( 5.561E-14, 9.900E-15)  1.00E-07
  1.035E+02 5.40684E-24 -8.810E-04 ( 2.281E-12, 4.494E-13) ( 5.512E-14, 9.818E-15)  1.00E-07
  1.040E+02 5.33104E-24 -8.828E-04 ( 2.265E-12, 4.467E-13) ( 5.463E-14, 9.736E-15)  1.00E-07
  1.045E+02 5.25696E-24 -8.845E-04 ( 2.249E-12, 4.439E-13) ( 5.414E-14, 9.655E-15)  1.00E-07
  1.050E+02 5.18455E-24 -8.861E-04 ( 2.233E-12, 4.412E-13) ( 5.366E-14, 9.573E-15)  1.00E-07
  1.055E+02 5.11375E-24 -8.876E-04 ( 2.218E-12, 4.386E-13) ( 5.318E-14, 9.493E-15)  1.00E-07
  1.060E+02 5.04453E-24 -8.890E-04 ( 2.203E-12, 4.360E-13) ( 5.270E-14, 9.413E-15)  1.00E-07
  1.065E+02 4.97685E-24 -8.903E-04 ( 2.188E-12, 4.334E-13) ( 5.223E-14, 9.333E-15)  1.00E-07
  1.070E+02 4.91066E-24 -8.915E-04 ( 2.173E-12, 4.308E-13) ( 5.175E-14, 9.253E-15)  1.00E-07
  1.075E+02 4.84592E-24 -8.926E-04 ( 2.159E-12, 4.283E-13) ( 5.129E-14, 9.174E-15)  1.00E-07
  1.080E+02 4.78261E-24 -8.936E-04 ( 2.144E-12, 4.259E-13) ( 5.082E-14, 9.096E-15)  1.00E-07
  1.085E+02 4.72067E-24 -8.944E-04 ( 2.130E-12, 4.234E-13) ( 5.036E-14, 9.017E-15)  1.00E-07
  1.090E+02 4.66008E-24 -8.952E-04 ( 2.117E-12, 4.210E-13) ( 4.990E-14, 8.940E-15)  1.00E-07
  1.095E+02 4.60080E-24 -8.958E-04 ( 2.103E-12, 4.187E-13) ( 4.944E-14, 8.862E-15)  1.00E-07
  1.100E+02 4.54280E-24 -8.964E-04 ( 2.090E-12, 4.163E-13) ( 4.899E-14, 8.785E-15)  1.00E-07
  1.105E+02 4.48604E-24 -8.968E-04 ( 2.077E-12, 4.140E-13) ( 4.853E-14, 8.708E-15)  1.00E-07
  1.110E+02 4.43050E-24 -8.971E-04 ( 2.064E-12, 4.118E-13) ( 4.809E-14, 8.632E-15)  1.00E-07
  1.115E+02 4.37614E-24 -8.974E-04 ( 2.051E-12, 4.095E-13) ( 4.764E-14, 8.556E-15)  1.00E-07
  1.120E+02 4.32293E-24 -8.975E-04 ( 2.038E-12, 4.073E-13) ( 4.720E-14, 8.480E-15)  1.00E-07
  1.125E+02 4.27085E-24 -8.975E-04 ( 2.026E-12, 4.052E-13) ( 4.675E-14, 8.405E-15)  1.00E-07
  1.130E+02 4.21987E-24 -8.974E-04 ( 2.014E-12, 4.030E-13) ( 4.632E-14, 8.330E-15)  1.00E-07
  1.135E+02 4.16996E-24 -8.971E-04 ( 2.002E-12, 4.009E-13) ( 4.588E-14, 8.255E-15)  1.00E-07
  1.140E+02 4.12109E-24 -8.968E-04 ( 1.990E-12, 3.989E-13) ( 4.545E-14, 8.180E-15)  1.00E-07
  1.145E+02 4.07324E-24 -8.963E-04 ( 1.978E-12, 3.968E-13) ( 4.502E-14, 8.106E-15)  1.00E-07
  1.150E+02 4.02639E-24 -8.958E-04 ( 1.967E-12, 3.948E-13) ( 4.459E-14, 8.033E-15)  1.00E-07
  1.155E+02 3.98050E-24 -8.951E-04 ( 1.956E-12, 3.928E-13) ( 4.416E-14, 7.959E-15)  1.00E-07
  1.160E+02 3.93557E-24 -8.943E-04 ( 1.944E-12, 3.909E-13) ( 4.374E-14, 7.886E-15)  1.00E-07
  1.165E+02 3.89156E-24 -8.934E-04 ( 1.933E-12, 3.889E-13) ( 4.331E-14, 7.813E-15)  1.00E-07
  1.170E+02 3.84845E-24 -8.924E-04 ( 1.923E-12, 3.870E-13) ( 4.289E-14, 7.741E-15)  1.00E-07
  1.175E+02 3.80622E-24 -8.913E-04 ( 1.912E-12, 3.851E-13) ( 4.248E-14, 7.669E-15)  1.00E-07
  1.180E+02 3.76486E-24 -8.901E-04 ( 1.902E-12, 3.833E-13) ( 4.206E-14, 7.597E-15)  1.00E-07
  1.185E+02 3.72434E-24 -8.887E-04 ( 1.891E-12, 3.815E-13) ( 4.165E-14, 7.525E-15)  1.00E-07
  1.190E+02 3.68464E-24 -8.873E-04 ( 1.881E-12, 3.797E-13) ( 4.124E-14, 7.454E-15)  1.00E-07
  1.195E+02 3.64574E-24 -8.857E-04 ( 1.871E-12, 3.779E-13) ( 4.083E-14, 7.383E-15)  1.00E-07
  1.200E+02 3.60763E-24 -8.840E-04 ( 1.861E-12, 3.762E-13) ( 4.042E-14, 7.312E-15)  1.00E-07
  1.205E+02 3.57028E-24 -8.822E-04 ( 1.852E-12, 3.744E-13) ( 4.002E-14, 7.242E-15)  1.00E-07
  1.210E+02 3.53369E-24 -8.803E-04 ( 1.842E-12, 3.727E-13) ( 3.961E-14, 7.171E-15)  1.00E-07
  1.215E+02 3.49782E-24 -8.783E-04 ( 1.833E-12, 3.711E-13) ( 3.921E-14, 7.102E-15)  1.00E-07
  1.220E+02 3.46268E-24 -8.761E-04 ( 1.823E-12, 3.694E-13) ( 3.881E-14, 7.032E-15)  1.00E-07
  1.225E+02 3.42823E-24 -8.739E-04 ( 1.814E-12, 3.678E-13) ( 3.842E-14, 6.962E-15)  1.00E-07
  1.230E+02 3.39447E-24 -8.715E-04 ( 1.805E-12, 3.662E-13) ( 3.802E-14, 6.893E-15)  1.00E-07
  1.235E+02 3.36138E-24 -8.690E-04 ( 1.796E-12, 3.646E-13) ( 3.763E-14, 6.824E-15)  1.00E-07
  1.240E+02 3.32895E-24 -8.664E-04 ( 1.788E-12, 3.631E-13) ( 3.724E-14, 6.756E-15)  1.00E-07
  1.245E+02 3.29716E-24 -8.637E-04 ( 1.779E-12, 3.615E-13) ( 3.685E-14, 6.687E-15)  1.00E-07
  1.250E+02 3.26600E-24 -8.609E-04 ( 1.771E-12, 3.600E-13) ( 3.646E-14, 6.619E-15)  1.00E-07
  1.255E+02 3.23545E-24 -8.579E-04 ( 1.762E-12, 3.585E-13) ( 3.607E-14, 6.551E-15)  1.00E-07
  1.260E+02 3.20550E-24 -8.549E-04 ( 1.754E-12, 3.571E-13) ( 3.569E-14, 6.483E-15)  1.00E-07
  1.265E+02 3.17614E-24 -8.517E-04 ( 1.746E-12, 3.556E-13) ( 3.530E-14, 6.416E-15)  1.00E-07
  1.270E+02 3.14735E-24 -8.484E-04 ( 1.738E-12, 3.542E-13) ( 3.492E-14, 6.349E-15)  1.00E-07
  1.275E+02 3.11913E-24 -8.450E-04 ( 1.730E-12, 3.528E-13) ( 3.454E-14, 6.282E-15)  1.00E-07
  1.280E+02 3.09147E-24 -8.415E-04 ( 1.722E-12, 3.514E-13) ( 3.416E-14, 6.215E-15)  1.00E-07
  1.285E+02 3.06434E-24 -8.379E-04 ( 1.715E-12, 3.501E-13) ( 3.379E-14, 6.148E-15)  1.00E-07
  1.290E+02 3.03774E-24 -8.342E-04 ( 1.707E-12, 3.487E-13) ( 3.341E-14, 6.082E-15)  1.00E-07
  1.295E+02 3.01167E-24 -8.304E-04 ( 1.700E-12, 3.474E-13) ( 3.304E-14, 6.016E-15)  1.00E-07
  1.300E+02 2.98610E-24 -8.264E-04 ( 1.693E-12, 3.461E-13) ( 3.267E-14, 5.950E-15)  1.00E-07
  1.305E+02 2.96103E-24 -8.223E-04 ( 1.686E-12, 3.448E-13) ( 3.230E-14, 5.884E-15)  1.00E-07
  1.310E+02 2.93645E-24 -8.182E-04 ( 1.679E-12, 3.435E-13) ( 3.193E-14, 5.819E-15)  1.00E-07
  1.315E+02 2.91235E-24 -8.139E-04 ( 1.672E-12, 3.423E-13) ( 3.156E-14, 5.753E-15)  1.00E-07
  1.320E+02 2.88871E-24 -8.095E-04 ( 1.665E-12, 3.411E-13) ( 3.119E-14, 5.688E-15)  1.00E-07
  1.325E+02 2.86554E-24 -8.050E-04 ( 1.658E-12, 3.399E-13) ( 3.083E-14, 5.623E-15)  1.00E-07
  1.330E+02 2.84282E-24 -8.004E-04 ( 1.651E-12, 3.387E-13) ( 3.047E-14, 5.559E-15)  1.00E-07
  1.335E+02 2.82054E-24 -7.957E-04 ( 1.645E-12, 3.375E-13) ( 3.010E-14, 5.494E-15)  1.00E-07
  1.340E+02 2.79870E-24 -7.908E-04 ( 1.638E-12, 3.363E-13) ( 2.974E-14, 5.430E-15)  1.00E-07
  1.345E+02 2.77728E-24 -7.859E-04 ( 1.632E-12, 3.352E-13) ( 2.938E-14, 5.366E-15)  1.00E-07
  1.350E+02 2.75628E-24 -7.809E-04 ( 1.626E-12, 3.341E-13) ( 2.902E-14, 5.302E-15)  1.00E-07
  1.355E+02 2.73569E-24 -7.757E-04 ( 1.620E-12, 3.330E-13) ( 2.867E-14, 5.238E-15)  1.00E-07
  1.360E+02 2.71550E-24 -7.705E-04 ( 1.614E-12, 3.319E-13) ( 2.831E-14, 5.174E-15)  1.00E-07
  1.365E+02 2.69571E-24 -7.651E-04 ( 1.608E-12, 3.308E-13) ( 2.796E-14, 5.111E-15)  1.00E-07
  1.370E+02 2.67630E-24 -7.596E-04 ( 1.602E-12, 3.298E-13) ( 2.760E-14, 5.047E-15)  1.00E-07
  1.375E+02 2.65728E-24 -7.541E-04 ( 1.596E-12, 3.287E-13) ( 2.725E-14, 4.984E-15)  1.00E-07
  1.380E+02 2.63863E-24 -7.484E-04 ( 1.591E-12, 3.277E-13) ( 2.690E-14, 4.921E-15)  1.00E-07
  1.385E+02 2.62034E-24 -7.426E-04 ( 1.585E-12, 3.267E-13) ( 2.655E-14, 4.859E-15)  1.00E-07
  1.390E+02 2.60242E-24 -7.367E-04 ( 1.580E-12, 3.257E-13) ( 2.620E-14, 4.796E-15)  1.00E-07
  1.395E+02 2.58485E-24 -7.307E-04 ( 1.574E-12, 3.247E-13) ( 2.586E-14, 4.733E-15)  1.00E-07
  1.400E+02 2.56763E-24 -7.247E-04 ( 1.569E-12, 3.238E-13) ( 2.551E-14, 4.671E-15)  1.00E-07
  1.405E+02 2.55075E-24 -7.185E-04 ( 1.564E-12, 3.228E-13) ( 2.516E-14, 4.609E-15)  1.00E-07
  1.410E+02 2.53421E-24 -7.122E-04 ( 1.559E-12, 3.219E-13) ( 2.482E-14, 4.547E-15)  1.00E-07
  1.415E+02 2.51800E-24 -7.058E-04 ( 1.554E-12, 3.210E-13) ( 2.448E-14, 4.485E-15)  1.00E-07
  1.420E+02 2.50211E-24 -6.993E-04 ( 1.549E-12, 3.201E-13) ( 2.414E-14, 4.423E-15)  1.00E-07
  1.425E+02 2.48654E-24 -6.927E-04 ( 1.544E-12, 3.192E-13) ( 2.379E-14, 4.362E-15)  1.00E-07
  1.430E+02 2.47129E-24 -6.861E-04 ( 1.539E-12, 3.184E-13) ( 2.345E-14, 4.300E-15)  1.00E-07
  1.435E+02 2.45635E-24 -6.793E-04 ( 1.535E-12, 3.175E-13) ( 2.312E-14, 4.239E-15)  1.00E-07
  1.440E+02 2.44171E-24 -6.724E-04 ( 1.530E-12, 3.167E-13) ( 2.278E-14, 4.178E-15)  1.00E-07
  1.445E+02 2.42736E-24 -6.655E-04 ( 1.525E-12, 3.159E-13) ( 2.244E-14, 4.117E-15)  1.00E-07
  1.450E+02 2.41332E-24 -6.584E-04 ( 1.521E-12, 3.150E-13) ( 2.210E-14, 4.056E-15)  1.00E-07
  1.455E+02 2.39956E-24 -6.513E-04 ( 1.517E-12, 3.143E-13) ( 2.177E-14, 3.995E-15)  1.00E-07
  1.460E+02 2.38609E-24 -6.440E-04 ( 1.512E-12, 3.135E-13) ( 2.143E-14, 3.934E-15)  1.00E-07
  1.465E+02 2.37290E-24 -6.367E-04 ( 1.508E-12, 3.127E-13) ( 2.110E-14, 3.874E-15)  1.00E-07
  1.470E+02 2.35998E-24 -6.293E-04 ( 1.504E-12, 3.120E-13) ( 2.077E-14, 3.814E-15)  1.00E-07
  1.475E+02 2.34734E-24 -6.218E-04 ( 1.500E-12, 3.112E-13) ( 2.043E-14, 3.753E-15)  1.00E-07
  1.480E+02 2.33497E-24 -6.142E-04 ( 1.496E-12, 3.105E-13) ( 2.010E-14, 3.693E-15)  1.00E-07
  1.485E+02 2.32286E-24 -6.065E-04 ( 1.492E-12, 3.098E-13) ( 1.977E-14, 3.633E-15)  1.00E-07
  1.490E+02 2.31101E-24 -5.987E-04 ( 1.488E-12, 3.091E-13) ( 1.944E-14, 3.573E-15)  1.00E-07
  1.495E+02 2.29941E-24 -5.909E-04 ( 1.485E-12, 3.084E-13) ( 1.912E-14, 3.513E-15)  1.00E-07
  1.500E+02 2.28807E-24 -5.829E-04 ( 1.481E-12, 3.077E-13) ( 1.879E-14, 3.454E-15)  1.00E-07
  1.505E+02 2.27698E-24 -5.749E-04 ( 1.477E-12, 3.071E-13) ( 1.846E-14, 3.394E-15)  1.00E-07
  1.510E+02 2.26614E-24 -5.668E-04 ( 1.474E-12, 3.064E-13) ( 1.813E-14, 3.335E-15)  1.00E-07
  1.515E+02 2.25553E-24 -5.586E-04 ( 1.470E-12, 3.058E-13) ( 1.781E-14, 3.275E-15)  1.00E-07
  1.520E+02 2.24517E-24 -5.504E-04 ( 1.467E-12, 3.052E-13) ( 1.748E-14, 3.216E-15)  1.00E-07
  1.525E+02 2.23504E-24 -5.420E-04 ( 1.464E-12, 3.046E-13) ( 1.716E-14, 3.157E-15)  1.00E-07
  1.530E+02 2.22515E-24 -5.336E-04 ( 1.460E-12, 3.040E-13) ( 1.683E-14, 3.098E-15)  1.00E-07
  1.535E+02 2.21549E-24 -5.251E-04 ( 1.457E-12, 3.034E-13) ( 1.651E-14, 3.039E-15)  1.00E-07
  1.540E+02 2.20605E-24 -5.165E-04 ( 1.454E-12, 3.028E-13) ( 1.619E-14, 2.980E-15)  1.00E-07
  1.545E+02 2.19683E-24 -5.079E-04 ( 1.451E-12, 3.022E-13) ( 1.587E-14, 2.921E-15)  1.00E-07
  1.550E+02 2.18784E-24 -4.992E-04 ( 1.448E-12, 3.017E-13) ( 1.555E-14, 2.862E-15)  1.00E-07
  1.555E+02 2.17907E-24 -4.904E-04 ( 1.445E-12, 3.012E-13) ( 1.523E-14, 2.804E-15)  1.00E-07
  1.560E+02 2.17051E-24 -4.815E-04 ( 1.442E-12, 3.006E-13) ( 1.491E-14, 2.745E-15)  1.00E-07
  1.565E+02 2.16217E-24 -4.726E-04 ( 1.439E-12, 3.001E-13) ( 1.459E-14, 2.687E-15)  1.00E-07
  1.570E+02 2.15403E-24 -4.636E-04 ( 1.437E-12, 2.996E-13) ( 1.427E-14, 2.628E-15)  1.00E-07
  1.575E+02 2.14611E-24 -4.545E-04 ( 1.434E-12, 2.991E-13) ( 1.395E-14, 2.570E-15)  1.00E-07
  1.580E+02 2.13839E-24 -4.454E-04 ( 1.431E-12, 2.987E-13) ( 1.363E-14, 2.512E-15)  1.00E-07
  1.585E+02 2.13088E-24 -4.362E-04 ( 1.429E-12, 2.982E-13) ( 1.331E-14, 2.453E-15)  1.00E-07
  1.590E+02 2.12356E-24 -4.270E-04 ( 1.426E-12, 2.978E-13) ( 1.300E-14, 2.395E-15)  1.00E-07
  1.595E+02 2.11645E-24 -4.177E-04 ( 1.424E-12, 2.973E-13) ( 1.268E-14, 2.337E-15)  1.00E-07
  1.600E+02 2.10953E-24 -4.083E-04 ( 1.422E-12, 2.969E-13) ( 1.237E-14, 2.279E-15)  1.00E-07
  1.605E+02 2.10281E-24 -3.988E-04 ( 1.419E-12, 2.965E-13) ( 1.205E-14, 2.222E-15)  1.00E-07
  1.610E+02 2.09629E-24 -3.894E-04 ( 1.417E-12, 2.961E-13) ( 1.174E-14, 2.164E-15)  1.00E-07
  1.615E+02 2.08995E-24 -3.798E-04 ( 1.415E-12, 2.957E-13) ( 1.142E-14, 2.106E-15)  1.00E-07
  1.620E+02 2.08380E-24 -3.702E-04 ( 1.413E-12, 2.953E-13) ( 1.111E-14, 2.048E-15)  1.00E-07
  1.625E+02 2.07785E-24 -3.605E-04 ( 1.411E-12, 2.949E-13) ( 1.080E-14, 1.991E-15)  1.00E-07
  1.630E+02 2.07207E-24 -3.508E-04 ( 1.409E-12, 2.945E-13) ( 1.048E-14, 1.933E-15)  1.00E-07
  1.635E+02 2.06649E-24 -3.411E-04 ( 1.407E-12, 2.942E-13) ( 1.017E-14, 1.876E-15)  1.00E-07
  1.640E+02 2.06108E-24 -3.313E-04 ( 1.405E-12, 2.939E-13) ( 9.857E-15, 1.818E-15)  1.00E-07
  1.645E+02 2.05586E-24 -3.214E-04 ( 1.403E-12, 2.935E-13) ( 9.546E-15, 1.761E-15)  1.00E-07
  1.650E+02 2.05082E-24 -3.115E-04 ( 1.402E-12, 2.932E-13) ( 9.234E-15, 1.704E-15)  1.00E-07
  1.655E+02 2.04596E-24 -3.016E-04 ( 1.400E-12, 2.929E-13) ( 8.923E-15, 1.646E-15)  1.00E-07
  1.660E+02 2.04127E-24 -2.916E-04 ( 1.398E-12, 2.926E-13) ( 8.612E-15, 1.589E-15)  1.00E-07
  1.665E+02 2.03676E-24 -2.815E-04 ( 1.397E-12, 2.923E-13) ( 8.302E-15, 1.532E-15)  1.00E-07
  1.670E+02 2.03242E-24 -2.715E-04 ( 1.395E-12, 2.920E-13) ( 7.992E-15, 1.475E-15)  1.00E-07
  1.675E+02 2.02826E-24 -2.613E-04 ( 1.394E-12, 2.918E-13) ( 7.682E-15, 1.418E-15)  1.00E-07
  1.680E+02 2.02427E-24 -2.512E-04 ( 1.393E-12, 2.915E-13) ( 7.372E-15, 1.361E-15)  1.00E-07
  1.685E+02 2.02045E-24 -2.410E-04 ( 1.391E-12, 2.913E-13) ( 7.063E-15, 1.304E-15)  1.00E-07
  1.690E+02 2.01681E-24 -2.308E-04 ( 1.390E-12, 2.910E-13) ( 6.754E-15, 1.247E-15)  1.00E-07
  1.695E+02 2.01333E-24 -2.205E-04 ( 1.389E-12, 2.908E-13) ( 6.445E-15, 1.190E-15)  1.00E-07
  1.700E+02 2.01002E-24 -2.102E-04 ( 1.388E-12, 2.906E-13) ( 6.137E-15, 1.133E-15)  1.00E-07
  1.705E+02 2.00687E-24 -1.999E-04 ( 1.387E-12, 2.904E-13) ( 5.829E-15, 1.076E-15)  1.00E-07
  1.710E+02 2.00389E-24 -1.896E-04 ( 1.386E-12, 2.902E-13) ( 5.521E-15, 1.019E-15)  1.00E-07
  1.715E+02 2.00108E-24 -1.792E-04 ( 1.385E-12, 2.900E-13) ( 5.213E-15, 9.625E-16)  1.00E-07
  1.720E+02 1.99844E-24 -1.688E-04 ( 1.384E-12, 2.899E-13) ( 4.905E-15, 9.058E-16)  1.00E-07
  1.725E+02 1.99595E-24 -1.583E-04 ( 1.383E-12, 2.897E-13) ( 4.598E-15, 8.490E-16)  1.00E-07
  1.730E+02 1.99363E-24 -1.479E-04 ( 1.382E-12, 2.896E-13) ( 4.290E-15, 7.923E-16)  1.00E-07
  1.735E+02 1.99148E-24 -1.374E-04 ( 1.381E-12, 2.894E-13) ( 3.983E-15, 7.356E-16)  1.00E-07
  1.740E+02 1.98948E-24 -1.269E-04 ( 1.380E-12, 2.893E-13) ( 3.676E-15, 6.789E-16)  1.00E-07
  1.745E+02 1.98765E-24 -1.164E-04 ( 1.380E-12, 2.892E-13) ( 3.369E-15, 6.223E-16)  1.00E-07
  1.750E+02 1.98597E-24 -1.059E-04 ( 1.379E-12, 2.891E-13) ( 3.063E-15, 5.657E-16)  1.00E-07
  1.755E+02 1.98446E-24 -9.534E-05 ( 1.379E-12, 2.890E-13) ( 2.756E-15, 5.091E-16)  1.00E-07
  1.760E+02 1.98311E-24 -8.478E-05 ( 1.378E-12, 2.889E-13) ( 2.450E-15, 4.525E-16)  1.00E-07
  1.765E+02 1.98192E-24 -7.421E-05 ( 1.378E-12, 2.888E-13) ( 2.143E-15, 3.959E-16)  1.00E-07
  1.770E+02 1.98089E-24 -6.363E-05 ( 1.378E-12, 2.887E-13) ( 1.837E-15, 3.393E-16)  1.00E-07
  1.775E+02 1.98002E-24 -5.304E-05 ( 1.377E-12, 2.887E-13) ( 1.531E-15, 2.827E-16)  1.00E-07
  1.780E+02 1.97930E-24 -4.244E-05 ( 1.377E-12, 2.886E-13) ( 1.224E-15, 2.262E-16)  1.00E-07
  1.785E+02 1.97875E-24 -3.184E-05 ( 1.377E-12, 2.886E-13) ( 9.183E-16, 1.696E-16)  1.00E-07
  1.790E+02 1.97835E-24 -2.123E-05 ( 1.377E-12, 2.886E-13) ( 6.122E-16, 1.131E-16)  1.00E-07
  1.795E+02 1.97811E-24 -1.061E-05 ( 1.377E-12, 2.886E-13) ( 3.061E-16, 5.654E-17)  1.00E-07
  1.800E+02 1.97803E-24 -1.490E-19 ( 1.377E-12, 2.886E-13) ( 4.295E-30, 7.934E-31)  2.11E-07

  TOTAL ELASTIC CROSS SECTION = 1.198980E-19 cm**2
               FROM DCS TABLE = 1.198573E-19  (REL. DIF. = 3.39E-04)

  1ST TRANSPORT CROSS SECTION = 4.167342E-22 cm**2
               FROM DCS TABLE = 4.167132E-22  (REL. DIF. = 5.02E-05)

  2ND TRANSPORT CROSS SECTION = 1.093493E-21 cm**2

  **** DPWA0 ENDED ************************************************************

