 #  Scattering field.
 #  All quantities in atomic units (a.u.), unless otherwise indicated.
 #  Z =   1, NELEC =   1,   projectile: electron
 #  Kinetic energy = 9.18733E+02 a.u. = 2.50000E+04 eV
 #
 #  Muffin-tin radius = RAD(587) = 6.08492E+00 a.u.
 #  Zero-energy shift = -1.20674E-05 a.u. = -3.28371E-04 eV
 #  Effective kinetic energy = 9.18733E+02 a.u. = 2.50000E+04 eV
 #
 #   i       r           r*V         r*Vst        r*Vex       r*Vpol       r*Wabs        rho_e
 #------------------------------------------------------------------------------------------------
     1  0.00000E+00 -0.00000E+00 -0.00000E+00  0.00000E+00  0.00000E+00  0.00000E+00  9.35049E+03
     2  5.41833E-08 -1.94892E-03 -1.94888E-03 -4.31224E-08  0.00000E+00  0.00000E+00  9.35049E+03
     3  1.09815E-07 -3.94988E-03 -3.94984E-03 -4.31246E-08  0.00000E+00  0.00000E+00  4.61374E+03
     4  1.66934E-07 -6.00429E-03 -6.00425E-03 -4.31265E-08  0.00000E+00  0.00000E+00  3.03519E+03
     5  2.25579E-07 -8.11356E-03 -8.11351E-03 -4.31286E-08  0.00000E+00  0.00000E+00  2.24620E+03
     6  2.85792E-07 -1.02791E-02 -1.02791E-02 -4.31308E-08  0.00000E+00  0.00000E+00  1.77302E+03
     7  3.47614E-07 -1.25025E-02 -1.25024E-02 -4.31331E-08  0.00000E+00  0.00000E+00  1.45775E+03
     8  4.11088E-07 -1.47852E-02 -1.47851E-02 -4.31356E-08  0.00000E+00  0.00000E+00  1.23271E+03
     9  4.76258E-07 -1.71287E-02 -1.71286E-02 -4.31384E-08  0.00000E+00  0.00000E+00  1.06407E+03
    10  5.43171E-07 -1.95347E-02 -1.95346E-02 -4.31413E-08  0.00000E+00  0.00000E+00  9.33031E+02
    11  6.11872E-07 -2.20047E-02 -2.20047E-02 -4.31445E-08  0.00000E+00  0.00000E+00  8.28306E+02
    12  6.82409E-07 -2.45405E-02 -2.45405E-02 -4.31480E-08  0.00000E+00  0.00000E+00  7.42721E+02
    13  7.54831E-07 -2.71438E-02 -2.71438E-02 -4.31517E-08  0.00000E+00  0.00000E+00  6.71491E+02
    14  8.29189E-07 -2.98164E-02 -2.98163E-02 -4.31556E-08  0.00000E+00  0.00000E+00  6.11304E+02
    15  9.05534E-07 -3.25599E-02 -3.25599E-02 -4.31599E-08  0.00000E+00  0.00000E+00  5.59792E+02
    16  9.83920E-07 -3.53763E-02 -3.53763E-02 -4.31645E-08  0.00000E+00  0.00000E+00  5.15220E+02
    17  1.06440E-06 -3.82674E-02 -3.82674E-02 -4.31694E-08  0.00000E+00  0.00000E+00  4.76288E+02
    18  1.14703E-06 -4.12352E-02 -4.12352E-02 -4.31747E-08  0.00000E+00  0.00000E+00  4.41999E+02
    19  1.23187E-06 -4.42817E-02 -4.42816E-02 -4.31803E-08  0.00000E+00  0.00000E+00  4.11580E+02
    20  1.31898E-06 -4.74087E-02 -4.74087E-02 -4.31864E-08  0.00000E+00  0.00000E+00  3.84419E+02
    21  1.40842E-06 -5.06185E-02 -5.06184E-02 -4.31928E-08  0.00000E+00  0.00000E+00  3.60028E+02
    22  1.50024E-06 -5.39130E-02 -5.39130E-02 -4.31997E-08  0.00000E+00  0.00000E+00  3.38011E+02
    23  1.59452E-06 -5.72945E-02 -5.72945E-02 -4.32071E-08  0.00000E+00  0.00000E+00  3.18044E+02
    24  1.69132E-06 -6.07652E-02 -6.07651E-02 -4.32150E-08  0.00000E+00  0.00000E+00  2.99860E+02
    25  1.79071E-06 -6.43271E-02 -6.43271E-02 -4.32234E-08  0.00000E+00  0.00000E+00  2.83235E+02
    26  1.89275E-06 -6.79828E-02 -6.79827E-02 -4.32324E-08  0.00000E+00  0.00000E+00  2.67982E+02
    27  1.99752E-06 -7.17344E-02 -7.17344E-02 -4.32420E-08  0.00000E+00  0.00000E+00  2.53943E+02
    28  2.10509E-06 -7.55844E-02 -7.55843E-02 -4.32522E-08  0.00000E+00  0.00000E+00  2.40982E+02
    29  2.21554E-06 -7.95351E-02 -7.95351E-02 -4.32630E-08  0.00000E+00  0.00000E+00  2.28985E+02
    30  2.32894E-06 -8.35891E-02 -8.35891E-02 -4.32746E-08  0.00000E+00  0.00000E+00  2.17851E+02
    31  2.44537E-06 -8.77488E-02 -8.77488E-02 -4.32869E-08  0.00000E+00  0.00000E+00  2.07494E+02
    32  2.56491E-06 -9.20169E-02 -9.20168E-02 -4.33000E-08  0.00000E+00  0.00000E+00  1.97838E+02
    33  2.68764E-06 -9.63958E-02 -9.63957E-02 -4.33139E-08  0.00000E+00  0.00000E+00  1.88818E+02
    34  2.81366E-06 -1.00888E-01 -1.00888E-01 -4.33287E-08  0.00000E+00  0.00000E+00  1.80375E+02
    35  2.94304E-06 -1.05497E-01 -1.05497E-01 -4.33445E-08  0.00000E+00  0.00000E+00  1.72460E+02
    36  3.07588E-06 -1.10224E-01 -1.10224E-01 -4.33612E-08  0.00000E+00  0.00000E+00  1.65025E+02
    37  3.21227E-06 -1.15074E-01 -1.15074E-01 -4.33790E-08  0.00000E+00  0.00000E+00  1.58032E+02
    38  3.35231E-06 -1.20048E-01 -1.20047E-01 -4.33979E-08  0.00000E+00  0.00000E+00  1.51443E+02
    39  3.49609E-06 -1.25149E-01 -1.25149E-01 -4.34179E-08  0.00000E+00  0.00000E+00  1.45228E+02
    40  3.64371E-06 -1.30380E-01 -1.30380E-01 -4.34391E-08  0.00000E+00  0.00000E+00  1.39357E+02
    41  3.79528E-06 -1.35744E-01 -1.35744E-01 -4.34617E-08  0.00000E+00  0.00000E+00  1.33804E+02
    42  3.95090E-06 -1.41244E-01 -1.41244E-01 -4.34856E-08  0.00000E+00  0.00000E+00  1.28547E+02
    43  4.11068E-06 -1.46883E-01 -1.46883E-01 -4.35110E-08  0.00000E+00  0.00000E+00  1.23562E+02
    44  4.27473E-06 -1.52664E-01 -1.52664E-01 -4.35379E-08  0.00000E+00  0.00000E+00  1.18833E+02
    45  4.44316E-06 -1.58590E-01 -1.58590E-01 -4.35664E-08  0.00000E+00  0.00000E+00  1.14340E+02
    46  4.61610E-06 -1.64664E-01 -1.64664E-01 -4.35967E-08  0.00000E+00  0.00000E+00  1.10068E+02
    47  4.79365E-06 -1.70888E-01 -1.70888E-01 -4.36287E-08  0.00000E+00  0.00000E+00  1.06003E+02
    48  4.97596E-06 -1.77266E-01 -1.77266E-01 -4.36626E-08  0.00000E+00  0.00000E+00  1.02131E+02
    49  5.16313E-06 -1.83801E-01 -1.83801E-01 -4.36986E-08  0.00000E+00  0.00000E+00  9.84401E+01
    50  5.35531E-06 -1.90495E-01 -1.90495E-01 -4.37367E-08  0.00000E+00  0.00000E+00  9.49189E+01
    51  5.55262E-06 -1.97352E-01 -1.97352E-01 -4.37770E-08  0.00000E+00  0.00000E+00  9.15572E+01
    52  5.75521E-06 -2.04374E-01 -2.04374E-01 -4.38197E-08  0.00000E+00  0.00000E+00  8.83455E+01
    53  5.96321E-06 -2.11565E-01 -2.11565E-01 -4.38649E-08  0.00000E+00  0.00000E+00  8.52750E+01
    54  6.17677E-06 -2.18926E-01 -2.18926E-01 -4.39127E-08  0.00000E+00  0.00000E+00  8.23375E+01
    55  6.39604E-06 -2.26462E-01 -2.26462E-01 -4.39633E-08  0.00000E+00  0.00000E+00  7.95257E+01
    56  6.62117E-06 -2.34174E-01 -2.34174E-01 -4.40168E-08  0.00000E+00  0.00000E+00  7.68325E+01
    57  6.85232E-06 -2.42065E-01 -2.42065E-01 -4.40735E-08  0.00000E+00  0.00000E+00  7.42514E+01
    58  7.08964E-06 -2.50137E-01 -2.50137E-01 -4.41334E-08  0.00000E+00  0.00000E+00  7.17765E+01
    59  7.33331E-06 -2.58394E-01 -2.58393E-01 -4.41968E-08  0.00000E+00  0.00000E+00  6.94021E+01
    60  7.58349E-06 -2.66836E-01 -2.66836E-01 -4.42639E-08  0.00000E+00  0.00000E+00  6.71229E+01
    61  7.84035E-06 -2.75466E-01 -2.75466E-01 -4.43348E-08  0.00000E+00  0.00000E+00  6.49342E+01
    62  8.10408E-06 -2.84287E-01 -2.84287E-01 -4.44097E-08  0.00000E+00  0.00000E+00  6.28314E+01
    63  8.37486E-06 -2.93299E-01 -2.93299E-01 -4.44890E-08  0.00000E+00  0.00000E+00  6.08102E+01
    64  8.65288E-06 -3.02504E-01 -3.02504E-01 -4.45728E-08  0.00000E+00  0.00000E+00  5.88665E+01
    65  8.93832E-06 -3.11904E-01 -3.11904E-01 -4.46613E-08  0.00000E+00  0.00000E+00  5.69967E+01
    66  9.23140E-06 -3.21499E-01 -3.21499E-01 -4.47550E-08  0.00000E+00  0.00000E+00  5.51973E+01
    67  9.53231E-06 -3.31290E-01 -3.31290E-01 -4.48539E-08  0.00000E+00  0.00000E+00  5.34648E+01
    68  9.84126E-06 -3.41277E-01 -3.41277E-01 -4.49585E-08  0.00000E+00  0.00000E+00  5.17963E+01
    69  1.01585E-05 -3.51461E-01 -3.51461E-01 -4.50690E-08  0.00000E+00  0.00000E+00  5.01888E+01
    70  1.04842E-05 -3.61842E-01 -3.61842E-01 -4.51858E-08  0.00000E+00  0.00000E+00  4.86396E+01
    71  1.08185E-05 -3.72418E-01 -3.72418E-01 -4.53092E-08  0.00000E+00  0.00000E+00  4.71460E+01
    72  1.11619E-05 -3.83188E-01 -3.83188E-01 -4.54395E-08  0.00000E+00  0.00000E+00  4.57056E+01
    73  1.15144E-05 -3.94151E-01 -3.94151E-01 -4.55772E-08  0.00000E+00  0.00000E+00  4.43160E+01
    74  1.18763E-05 -4.05304E-01 -4.05304E-01 -4.57227E-08  0.00000E+00  0.00000E+00  4.29752E+01
    75  1.22479E-05 -4.16645E-01 -4.16645E-01 -4.58764E-08  0.00000E+00  0.00000E+00  4.16809E+01
    76  1.26294E-05 -4.28172E-01 -4.28172E-01 -4.60388E-08  0.00000E+00  0.00000E+00  4.04313E+01
    77  1.30212E-05 -4.39878E-01 -4.39878E-01 -4.62102E-08  0.00000E+00  0.00000E+00  3.92245E+01
    78  1.34234E-05 -4.51762E-01 -4.51762E-01 -4.63913E-08  0.00000E+00  0.00000E+00  3.80587E+01
    79  1.38363E-05 -4.63816E-01 -4.63816E-01 -4.65826E-08  0.00000E+00  0.00000E+00  3.69323E+01
    80  1.42603E-05 -4.76035E-01 -4.76035E-01 -4.67846E-08  0.00000E+00  0.00000E+00  3.58437E+01
    81  1.46956E-05 -4.88413E-01 -4.88413E-01 -4.69979E-08  0.00000E+00  0.00000E+00  3.47913E+01
    82  1.51425E-05 -5.00942E-01 -5.00942E-01 -4.72231E-08  0.00000E+00  0.00000E+00  3.37738E+01
    83  1.56014E-05 -5.13613E-01 -5.13613E-01 -4.74609E-08  0.00000E+00  0.00000E+00  3.27897E+01
    84  1.60726E-05 -5.26418E-01 -5.26418E-01 -4.77120E-08  0.00000E+00  0.00000E+00  3.18377E+01
    85  1.65564E-05 -5.39347E-01 -5.39347E-01 -4.79770E-08  0.00000E+00  0.00000E+00  3.09168E+01
    86  1.70530E-05 -5.52387E-01 -5.52387E-01 -4.82569E-08  0.00000E+00  0.00000E+00  3.00255E+01
    87  1.75630E-05 -5.65528E-01 -5.65528E-01 -4.85522E-08  0.00000E+00  0.00000E+00  2.91629E+01
    88  1.80866E-05 -5.78756E-01 -5.78756E-01 -4.88640E-08  0.00000E+00  0.00000E+00  2.83278E+01
    89  1.86242E-05 -5.92057E-01 -5.92057E-01 -4.91930E-08  0.00000E+00  0.00000E+00  2.75193E+01
    90  1.91761E-05 -6.05418E-01 -6.05418E-01 -4.95402E-08  0.00000E+00  0.00000E+00  2.67363E+01
    91  1.97428E-05 -6.18820E-01 -6.18820E-01 -4.99065E-08  0.00000E+00  0.00000E+00  2.59780E+01
    92  2.03246E-05 -6.32249E-01 -6.32249E-01 -5.02930E-08  0.00000E+00  0.00000E+00  2.52434E+01
    93  2.09220E-05 -6.45686E-01 -6.45686E-01 -5.07006E-08  0.00000E+00  0.00000E+00  2.45316E+01
    94  2.15354E-05 -6.59113E-01 -6.59113E-01 -5.11306E-08  0.00000E+00  0.00000E+00  2.38420E+01
    95  2.21651E-05 -6.72510E-01 -6.72510E-01 -5.15841E-08  0.00000E+00  0.00000E+00  2.31736E+01
    96  2.28117E-05 -6.85857E-01 -6.85857E-01 -5.20622E-08  0.00000E+00  0.00000E+00  2.25257E+01
    97  2.34756E-05 -6.99133E-01 -6.99133E-01 -5.25661E-08  0.00000E+00  0.00000E+00  2.18977E+01
    98  2.41572E-05 -7.12316E-01 -7.12316E-01 -5.30973E-08  0.00000E+00  0.00000E+00  2.12887E+01
    99  2.48570E-05 -7.25386E-01 -7.25386E-01 -5.36569E-08  0.00000E+00  0.00000E+00  2.06983E+01
   100  2.55756E-05 -7.38318E-01 -7.38318E-01 -5.42465E-08  0.00000E+00  0.00000E+00  2.01257E+01
   101  2.63133E-05 -7.51092E-01 -7.51091E-01 -5.48673E-08  0.00000E+00  0.00000E+00  1.95703E+01
   102  2.70708E-05 -7.63683E-01 -7.63683E-01 -5.55210E-08  0.00000E+00  0.00000E+00  1.90316E+01
   103  2.78484E-05 -7.76070E-01 -7.76070E-01 -5.62089E-08  0.00000E+00  0.00000E+00  1.85090E+01
   104  2.86469E-05 -7.88229E-01 -7.88229E-01 -5.69327E-08  0.00000E+00  0.00000E+00  1.80019E+01
   105  2.94667E-05 -8.00140E-01 -8.00140E-01 -5.76939E-08  0.00000E+00  0.00000E+00  1.75099E+01
   106  3.03085E-05 -8.11781E-01 -8.11781E-01 -5.84941E-08  0.00000E+00  0.00000E+00  1.70324E+01
   107  3.11727E-05 -8.23131E-01 -8.23131E-01 -5.93351E-08  0.00000E+00  0.00000E+00  1.65689E+01
   108  3.20600E-05 -8.34171E-01 -8.34170E-01 -6.02184E-08  0.00000E+00  0.00000E+00  1.61191E+01
   109  3.29711E-05 -8.44881E-01 -8.44881E-01 -6.11459E-08  0.00000E+00  0.00000E+00  1.56825E+01
   110  3.39065E-05 -8.55247E-01 -8.55247E-01 -6.21191E-08  0.00000E+00  0.00000E+00  1.52586E+01
   111  3.48669E-05 -8.65250E-01 -8.65250E-01 -6.31398E-08  0.00000E+00  0.00000E+00  1.48470E+01
   112  3.58529E-05 -8.74879E-01 -8.74879E-01 -6.42098E-08  0.00000E+00  0.00000E+00  1.44474E+01
   113  3.68653E-05 -8.84121E-01 -8.84121E-01 -6.53309E-08  0.00000E+00  0.00000E+00  1.40593E+01
   114  3.79048E-05 -8.92966E-01 -8.92966E-01 -6.65046E-08  0.00000E+00  0.00000E+00  1.36825E+01
   115  3.89721E-05 -9.01406E-01 -9.01406E-01 -6.77329E-08  0.00000E+00  0.00000E+00  1.33165E+01
   116  4.00678E-05 -9.09434E-01 -9.09434E-01 -6.90173E-08  0.00000E+00  0.00000E+00  1.29609E+01
   117  4.11929E-05 -9.17049E-01 -9.17048E-01 -7.03597E-08  0.00000E+00  0.00000E+00  1.26156E+01
   118  4.23480E-05 -9.24246E-01 -9.24246E-01 -7.17616E-08  0.00000E+00  0.00000E+00  1.22801E+01
   119  4.35340E-05 -9.31029E-01 -9.31028E-01 -7.32247E-08  0.00000E+00  0.00000E+00  1.19542E+01
   120  4.47517E-05 -9.37398E-01 -9.37398E-01 -7.47507E-08  0.00000E+00  0.00000E+00  1.16376E+01
   121  4.60020E-05 -9.43359E-01 -9.43359E-01 -7.63412E-08  0.00000E+00  0.00000E+00  1.13299E+01
   122  4.72857E-05 -9.48919E-01 -9.48919E-01 -7.79976E-08  0.00000E+00  0.00000E+00  1.10309E+01
   123  4.86036E-05 -9.54087E-01 -9.54086E-01 -7.97216E-08  0.00000E+00  0.00000E+00  1.07404E+01
   124  4.99568E-05 -9.58872E-01 -9.58872E-01 -8.15145E-08  0.00000E+00  0.00000E+00  1.04580E+01
   125  5.13462E-05 -9.63286E-01 -9.63286E-01 -8.33777E-08  0.00000E+00  0.00000E+00  1.01836E+01
   126  5.27727E-05 -9.67344E-01 -9.67344E-01 -8.53127E-08  0.00000E+00  0.00000E+00  9.91690E+00
   127  5.42373E-05 -9.71059E-01 -9.71059E-01 -8.73209E-08  0.00000E+00  0.00000E+00  9.65766E+00
   128  5.57411E-05 -9.74447E-01 -9.74447E-01 -8.94033E-08  0.00000E+00  0.00000E+00  9.40566E+00
   129  5.72850E-05 -9.77525E-01 -9.77524E-01 -9.15614E-08  0.00000E+00  0.00000E+00  9.16070E+00
   130  5.88702E-05 -9.80308E-01 -9.80308E-01 -9.37964E-08  0.00000E+00  0.00000E+00  8.92255E+00
   131  6.04978E-05 -9.82816E-01 -9.82816E-01 -9.61093E-08  0.00000E+00  0.00000E+00  8.69103E+00
   132  6.21689E-05 -9.85065E-01 -9.85065E-01 -9.85014E-08  0.00000E+00  0.00000E+00  8.46593E+00
   133  6.38846E-05 -9.87074E-01 -9.87074E-01 -1.00974E-07  0.00000E+00  0.00000E+00  8.24707E+00
   134  6.56463E-05 -9.88859E-01 -9.88859E-01 -1.03528E-07  0.00000E+00  0.00000E+00  8.03426E+00
   135  6.74549E-05 -9.90439E-01 -9.90439E-01 -1.06164E-07  0.00000E+00  0.00000E+00  7.82733E+00
   136  6.93120E-05 -9.91831E-01 -9.91831E-01 -1.08884E-07  0.00000E+00  0.00000E+00  7.62610E+00
   137  7.12186E-05 -9.93051E-01 -9.93051E-01 -1.11688E-07  0.00000E+00  0.00000E+00  7.43042E+00
   138  7.31762E-05 -9.94115E-01 -9.94115E-01 -1.14579E-07  0.00000E+00  0.00000E+00  7.24011E+00
   139  7.51862E-05 -9.95038E-01 -9.95038E-01 -1.17556E-07  0.00000E+00  0.00000E+00  7.05503E+00
   140  7.72498E-05 -9.95835E-01 -9.95835E-01 -1.20621E-07  0.00000E+00  0.00000E+00  6.87502E+00
   141  7.93686E-05 -9.96519E-01 -9.96519E-01 -1.23776E-07  0.00000E+00  0.00000E+00  6.69995E+00
   142  8.15441E-05 -9.97103E-01 -9.97103E-01 -1.27021E-07  0.00000E+00  0.00000E+00  6.52965E+00
   143  8.37776E-05 -9.97599E-01 -9.97599E-01 -1.30359E-07  0.00000E+00  0.00000E+00  6.36401E+00
   144  8.60709E-05 -9.98018E-01 -9.98017E-01 -1.33789E-07  0.00000E+00  0.00000E+00  6.20289E+00
   145  8.84255E-05 -9.98369E-01 -9.98369E-01 -1.37314E-07  0.00000E+00  0.00000E+00  6.04615E+00
   146  9.08430E-05 -9.98661E-01 -9.98661E-01 -1.40936E-07  0.00000E+00  0.00000E+00  5.89368E+00
   147  9.33251E-05 -9.98904E-01 -9.98904E-01 -1.44655E-07  0.00000E+00  0.00000E+00  5.74536E+00
   148  9.58735E-05 -9.99103E-01 -9.99103E-01 -1.48474E-07  0.00000E+00  0.00000E+00  5.60106E+00
   149  9.84901E-05 -9.99266E-01 -9.99266E-01 -1.52394E-07  0.00000E+00  0.00000E+00  5.46067E+00
   150  1.01177E-04 -9.99398E-01 -9.99398E-01 -1.56417E-07  0.00000E+00  0.00000E+00  5.32408E+00
   151  1.03935E-04 -9.99504E-01 -9.99504E-01 -1.60546E-07  0.00000E+00  0.00000E+00  5.19119E+00
   152  1.06767E-04 -9.99588E-01 -9.99588E-01 -1.64782E-07  0.00000E+00  0.00000E+00  5.06190E+00
   153  1.09675E-04 -9.99655E-01 -9.99655E-01 -1.69127E-07  0.00000E+00  0.00000E+00  4.93609E+00
   154  1.12660E-04 -9.99707E-01 -9.99707E-01 -1.73583E-07  0.00000E+00  0.00000E+00  4.81368E+00
   155  1.15725E-04 -9.99747E-01 -9.99747E-01 -1.78154E-07  0.00000E+00  0.00000E+00  4.69457E+00
   156  1.18872E-04 -9.99778E-01 -9.99778E-01 -1.82841E-07  0.00000E+00  0.00000E+00  4.57867E+00
   157  1.22103E-04 -9.99801E-01 -9.99800E-01 -1.87647E-07  0.00000E+00  0.00000E+00  4.46588E+00
   158  1.25421E-04 -9.99817E-01 -9.99817E-01 -1.92574E-07  0.00000E+00  0.00000E+00  4.35613E+00
   159  1.28827E-04 -9.99829E-01 -9.99829E-01 -1.97626E-07  0.00000E+00  0.00000E+00  4.24932E+00
   160  1.32325E-04 -9.99837E-01 -9.99837E-01 -2.02805E-07  0.00000E+00  0.00000E+00  4.14539E+00
   161  1.35915E-04 -9.99842E-01 -9.99842E-01 -2.08114E-07  0.00000E+00  0.00000E+00  4.04423E+00
   162  1.39602E-04 -9.99844E-01 -9.99844E-01 -2.13555E-07  0.00000E+00  0.00000E+00  3.94579E+00
   163  1.43387E-04 -9.99845E-01 -9.99845E-01 -2.19132E-07  0.00000E+00  0.00000E+00  3.84999E+00
   164  1.47274E-04 -9.99845E-01 -9.99845E-01 -2.24849E-07  0.00000E+00  0.00000E+00  3.75675E+00
   165  1.51264E-04 -9.99843E-01 -9.99843E-01 -2.30708E-07  0.00000E+00  0.00000E+00  3.66600E+00
   166  1.55361E-04 -9.99841E-01 -9.99841E-01 -2.36712E-07  0.00000E+00  0.00000E+00  3.57767E+00
   167  1.59567E-04 -9.99838E-01 -9.99838E-01 -2.42865E-07  0.00000E+00  0.00000E+00  3.49171E+00
   168  1.63886E-04 -9.99834E-01 -9.99834E-01 -2.49171E-07  0.00000E+00  0.00000E+00  3.40804E+00
   169  1.68320E-04 -9.99831E-01 -9.99830E-01 -2.55632E-07  0.00000E+00  0.00000E+00  3.32660E+00
   170  1.72873E-04 -9.99826E-01 -9.99826E-01 -2.62253E-07  0.00000E+00  0.00000E+00  3.24732E+00
   171  1.77548E-04 -9.99822E-01 -9.99822E-01 -2.69038E-07  0.00000E+00  0.00000E+00  3.17016E+00
   172  1.82347E-04 -9.99817E-01 -9.99817E-01 -2.75989E-07  0.00000E+00  0.00000E+00  3.09506E+00
   173  1.87275E-04 -9.99813E-01 -9.99812E-01 -2.83111E-07  0.00000E+00  0.00000E+00  3.02195E+00
   174  1.92334E-04 -9.99808E-01 -9.99807E-01 -2.90407E-07  0.00000E+00  0.00000E+00  2.95079E+00
   175  1.97529E-04 -9.99802E-01 -9.99802E-01 -2.97883E-07  0.00000E+00  0.00000E+00  2.88151E+00
   176  2.02862E-04 -9.99797E-01 -9.99797E-01 -3.05541E-07  0.00000E+00  0.00000E+00  2.81408E+00
   177  2.08338E-04 -9.99792E-01 -9.99791E-01 -3.13387E-07  0.00000E+00  0.00000E+00  2.74843E+00
   178  2.13960E-04 -9.99786E-01 -9.99786E-01 -3.21423E-07  0.00000E+00  0.00000E+00  2.68453E+00
   179  2.19733E-04 -9.99780E-01 -9.99780E-01 -3.29656E-07  0.00000E+00  0.00000E+00  2.62232E+00
   180  2.25660E-04 -9.99774E-01 -9.99774E-01 -3.38088E-07  0.00000E+00  0.00000E+00  2.56176E+00
   181  2.31745E-04 -9.99768E-01 -9.99768E-01 -3.46726E-07  0.00000E+00  0.00000E+00  2.50281E+00
   182  2.37993E-04 -9.99762E-01 -9.99762E-01 -3.55573E-07  0.00000E+00  0.00000E+00  2.44541E+00
   183  2.44407E-04 -9.99756E-01 -9.99755E-01 -3.64633E-07  0.00000E+00  0.00000E+00  2.38954E+00
   184  2.50994E-04 -9.99749E-01 -9.99749E-01 -3.73913E-07  0.00000E+00  0.00000E+00  2.33514E+00
   185  2.57756E-04 -9.99742E-01 -9.99742E-01 -3.83417E-07  0.00000E+00  0.00000E+00  2.28218E+00
   186  2.64699E-04 -9.99735E-01 -9.99735E-01 -3.93150E-07  0.00000E+00  0.00000E+00  2.23062E+00
   187  2.71828E-04 -9.99728E-01 -9.99728E-01 -4.03117E-07  0.00000E+00  0.00000E+00  2.18042E+00
   188  2.79147E-04 -9.99721E-01 -9.99720E-01 -4.13324E-07  0.00000E+00  0.00000E+00  2.13155E+00
   189  2.86661E-04 -9.99713E-01 -9.99713E-01 -4.23776E-07  0.00000E+00  0.00000E+00  2.08397E+00
   190  2.94377E-04 -9.99706E-01 -9.99705E-01 -4.34477E-07  0.00000E+00  0.00000E+00  2.03764E+00
   191  3.02299E-04 -9.99698E-01 -9.99697E-01 -4.45436E-07  0.00000E+00  0.00000E+00  1.99254E+00
   192  3.10432E-04 -9.99690E-01 -9.99689E-01 -4.56655E-07  0.00000E+00  0.00000E+00  1.94863E+00
   193  3.18783E-04 -9.99681E-01 -9.99681E-01 -4.68143E-07  0.00000E+00  0.00000E+00  1.90587E+00
   194  3.27357E-04 -9.99673E-01 -9.99672E-01 -4.79904E-07  0.00000E+00  0.00000E+00  1.86424E+00
   195  3.36160E-04 -9.99664E-01 -9.99663E-01 -4.91945E-07  0.00000E+00  0.00000E+00  1.82370E+00
   196  3.45198E-04 -9.99655E-01 -9.99654E-01 -5.04273E-07  0.00000E+00  0.00000E+00  1.78424E+00
   197  3.54478E-04 -9.99645E-01 -9.99645E-01 -5.16893E-07  0.00000E+00  0.00000E+00  1.74581E+00
   198  3.64006E-04 -9.99636E-01 -9.99635E-01 -5.29812E-07  0.00000E+00  0.00000E+00  1.70840E+00
   199  3.73789E-04 -9.99626E-01 -9.99626E-01 -5.43037E-07  0.00000E+00  0.00000E+00  1.67196E+00
   200  3.83833E-04 -9.99616E-01 -9.99616E-01 -5.56574E-07  0.00000E+00  0.00000E+00  1.63649E+00
   201  3.94145E-04 -9.99606E-01 -9.99605E-01 -5.70432E-07  0.00000E+00  0.00000E+00  1.60195E+00
   202  4.04733E-04 -9.99595E-01 -9.99595E-01 -5.84616E-07  0.00000E+00  0.00000E+00  1.56832E+00
   203  4.15604E-04 -9.99584E-01 -9.99584E-01 -5.99135E-07  0.00000E+00  0.00000E+00  1.53557E+00
   204  4.26766E-04 -9.99573E-01 -9.99573E-01 -6.13996E-07  0.00000E+00  0.00000E+00  1.50368E+00
   205  4.38226E-04 -9.99562E-01 -9.99561E-01 -6.29206E-07  0.00000E+00  0.00000E+00  1.47263E+00
   206  4.49992E-04 -9.99550E-01 -9.99549E-01 -6.44774E-07  0.00000E+00  0.00000E+00  1.44239E+00
   207  4.62072E-04 -9.99538E-01 -9.99537E-01 -6.60708E-07  0.00000E+00  0.00000E+00  1.41295E+00
   208  4.74476E-04 -9.99525E-01 -9.99525E-01 -6.77015E-07  0.00000E+00  0.00000E+00  1.38428E+00
   209  4.87210E-04 -9.99513E-01 -9.99512E-01 -6.93704E-07  0.00000E+00  0.00000E+00  1.35636E+00
   210  5.00286E-04 -9.99500E-01 -9.99499E-01 -7.10785E-07  0.00000E+00  0.00000E+00  1.32918E+00
   211  5.13710E-04 -9.99486E-01 -9.99485E-01 -7.28265E-07  0.00000E+00  0.00000E+00  1.30271E+00
   212  5.27494E-04 -9.99472E-01 -9.99472E-01 -7.46155E-07  0.00000E+00  0.00000E+00  1.27693E+00
   213  5.41645E-04 -9.99458E-01 -9.99457E-01 -7.64462E-07  0.00000E+00  0.00000E+00  1.25183E+00
   214  5.56175E-04 -9.99444E-01 -9.99443E-01 -7.83198E-07  0.00000E+00  0.00000E+00  1.22738E+00
   215  5.71093E-04 -9.99429E-01 -9.99428E-01 -8.02371E-07  0.00000E+00  0.00000E+00  1.20358E+00
   216  5.86410E-04 -9.99413E-01 -9.99413E-01 -8.21993E-07  0.00000E+00  0.00000E+00  1.18040E+00
   217  6.02137E-04 -9.99398E-01 -9.99397E-01 -8.42072E-07  0.00000E+00  0.00000E+00  1.15782E+00
   218  6.18283E-04 -9.99382E-01 -9.99381E-01 -8.62620E-07  0.00000E+00  0.00000E+00  1.13584E+00
   219  6.34861E-04 -9.99365E-01 -9.99364E-01 -8.83647E-07  0.00000E+00  0.00000E+00  1.11443E+00
   220  6.51882E-04 -9.99348E-01 -9.99347E-01 -9.05165E-07  0.00000E+00  0.00000E+00  1.09358E+00
   221  6.69358E-04 -9.99330E-01 -9.99330E-01 -9.27185E-07  0.00000E+00  0.00000E+00  1.07328E+00
   222  6.87301E-04 -9.99313E-01 -9.99312E-01 -9.49719E-07  0.00000E+00  0.00000E+00  1.05351E+00
   223  7.05723E-04 -9.99294E-01 -9.99293E-01 -9.72779E-07  0.00000E+00  0.00000E+00  1.03426E+00
   224  7.24638E-04 -9.99275E-01 -9.99274E-01 -9.96377E-07  0.00000E+00  0.00000E+00  1.01551E+00
   225  7.44058E-04 -9.99256E-01 -9.99255E-01 -1.02053E-06  0.00000E+00  0.00000E+00  9.97247E-01
   226  7.63997E-04 -9.99236E-01 -9.99235E-01 -1.04524E-06  0.00000E+00  0.00000E+00  9.79465E-01
   227  7.84469E-04 -9.99215E-01 -9.99214E-01 -1.07053E-06  0.00000E+00  0.00000E+00  9.62146E-01
   228  8.05488E-04 -9.99194E-01 -9.99193E-01 -1.09641E-06  0.00000E+00  0.00000E+00  9.45281E-01
   229  8.27069E-04 -9.99173E-01 -9.99172E-01 -1.12290E-06  0.00000E+00  0.00000E+00  9.28855E-01
   230  8.49227E-04 -9.99151E-01 -9.99149E-01 -1.15000E-06  0.00000E+00  0.00000E+00  9.12859E-01
   231  8.71976E-04 -9.99128E-01 -9.99127E-01 -1.17774E-06  0.00000E+00  0.00000E+00  8.97280E-01
   232  8.95334E-04 -9.99104E-01 -9.99103E-01 -1.20613E-06  0.00000E+00  0.00000E+00  8.82108E-01
   233  9.19315E-04 -9.99080E-01 -9.99079E-01 -1.23519E-06  0.00000E+00  0.00000E+00  8.67332E-01
   234  9.43938E-04 -9.99056E-01 -9.99055E-01 -1.26493E-06  0.00000E+00  0.00000E+00  8.52941E-01
   235  9.69218E-04 -9.99031E-01 -9.99029E-01 -1.29536E-06  0.00000E+00  0.00000E+00  8.38926E-01
   236  9.95174E-04 -9.99005E-01 -9.99003E-01 -1.32652E-06  0.00000E+00  0.00000E+00  8.25276E-01
   237  1.02182E-03 -9.98978E-01 -9.98977E-01 -1.35840E-06  0.00000E+00  0.00000E+00  8.11982E-01
   238  1.04919E-03 -9.98951E-01 -9.98949E-01 -1.39104E-06  0.00000E+00  0.00000E+00  7.99035E-01
   239  1.07728E-03 -9.98922E-01 -9.98921E-01 -1.42444E-06  0.00000E+00  0.00000E+00  7.86425E-01
   240  1.10612E-03 -9.98894E-01 -9.98892E-01 -1.45864E-06  0.00000E+00  0.00000E+00  7.74143E-01
   241  1.13574E-03 -9.98864E-01 -9.98862E-01 -1.49364E-06  0.00000E+00  0.00000E+00  7.62182E-01
   242  1.16614E-03 -9.98833E-01 -9.98832E-01 -1.52947E-06  0.00000E+00  0.00000E+00  7.50532E-01
   243  1.19736E-03 -9.98802E-01 -9.98801E-01 -1.56615E-06  0.00000E+00  0.00000E+00  7.39185E-01
   244  1.22941E-03 -9.98770E-01 -9.98769E-01 -1.60370E-06  0.00000E+00  0.00000E+00  7.28133E-01
   245  1.26232E-03 -9.98737E-01 -9.98736E-01 -1.64214E-06  0.00000E+00  0.00000E+00  7.17369E-01
   246  1.29611E-03 -9.98703E-01 -9.98702E-01 -1.68150E-06  0.00000E+00  0.00000E+00  7.06885E-01
   247  1.33080E-03 -9.98669E-01 -9.98667E-01 -1.72180E-06  0.00000E+00  0.00000E+00  6.96674E-01
   248  1.36642E-03 -9.98633E-01 -9.98631E-01 -1.76306E-06  0.00000E+00  0.00000E+00  6.86728E-01
   249  1.40299E-03 -9.98597E-01 -9.98595E-01 -1.80530E-06  0.00000E+00  0.00000E+00  6.77041E-01
   250  1.44054E-03 -9.98559E-01 -9.98557E-01 -1.84856E-06  0.00000E+00  0.00000E+00  6.67605E-01
   251  1.47909E-03 -9.98520E-01 -9.98519E-01 -1.89285E-06  0.00000E+00  0.00000E+00  6.58414E-01
   252  1.51867E-03 -9.98481E-01 -9.98479E-01 -1.93821E-06  0.00000E+00  0.00000E+00  6.49462E-01
   253  1.55930E-03 -9.98440E-01 -9.98438E-01 -1.98466E-06  0.00000E+00  0.00000E+00  6.40742E-01
   254  1.60103E-03 -9.98398E-01 -9.98396E-01 -2.03223E-06  0.00000E+00  0.00000E+00  6.32249E-01
   255  1.64387E-03 -9.98356E-01 -9.98353E-01 -2.08095E-06  0.00000E+00  0.00000E+00  6.23976E-01
   256  1.68785E-03 -9.98312E-01 -9.98309E-01 -2.13084E-06  0.00000E+00  0.00000E+00  6.15917E-01
   257  1.73301E-03 -9.98266E-01 -9.98264E-01 -2.18194E-06  0.00000E+00  0.00000E+00  6.08067E-01
   258  1.77937E-03 -9.98220E-01 -9.98218E-01 -2.23429E-06  0.00000E+00  0.00000E+00  6.00420E-01
   259  1.82698E-03 -9.98172E-01 -9.98170E-01 -2.28791E-06  0.00000E+00  0.00000E+00  5.92971E-01
   260  1.87585E-03 -9.98123E-01 -9.98121E-01 -2.34283E-06  0.00000E+00  0.00000E+00  5.85715E-01
   261  1.92603E-03 -9.98073E-01 -9.98071E-01 -2.39909E-06  0.00000E+00  0.00000E+00  5.78647E-01
   262  1.97756E-03 -9.98022E-01 -9.98019E-01 -2.45672E-06  0.00000E+00  0.00000E+00  5.71761E-01
   263  2.03045E-03 -9.97969E-01 -9.97966E-01 -2.51577E-06  0.00000E+00  0.00000E+00  5.65053E-01
   264  2.08477E-03 -9.97914E-01 -9.97912E-01 -2.57626E-06  0.00000E+00  0.00000E+00  5.58519E-01
   265  2.14053E-03 -9.97859E-01 -9.97856E-01 -2.63824E-06  0.00000E+00  0.00000E+00  5.52153E-01
   266  2.19778E-03 -9.97801E-01 -9.97799E-01 -2.70174E-06  0.00000E+00  0.00000E+00  5.45951E-01
   267  2.25656E-03 -9.97743E-01 -9.97740E-01 -2.76681E-06  0.00000E+00  0.00000E+00  5.39909E-01
   268  2.31692E-03 -9.97682E-01 -9.97679E-01 -2.83348E-06  0.00000E+00  0.00000E+00  5.34023E-01
   269  2.37888E-03 -9.97620E-01 -9.97617E-01 -2.90180E-06  0.00000E+00  0.00000E+00  5.28288E-01
   270  2.44250E-03 -9.97557E-01 -9.97554E-01 -2.97181E-06  0.00000E+00  0.00000E+00  5.22700E-01
   271  2.50782E-03 -9.97491E-01 -9.97488E-01 -3.04356E-06  0.00000E+00  0.00000E+00  5.17257E-01
   272  2.57489E-03 -9.97424E-01 -9.97421E-01 -3.11708E-06  0.00000E+00  0.00000E+00  5.11952E-01
   273  2.64375E-03 -9.97355E-01 -9.97352E-01 -3.19244E-06  0.00000E+00  0.00000E+00  5.06784E-01
   274  2.71444E-03 -9.97284E-01 -9.97281E-01 -3.26967E-06  0.00000E+00  0.00000E+00  5.01749E-01
   275  2.78703E-03 -9.97212E-01 -9.97208E-01 -3.34882E-06  0.00000E+00  0.00000E+00  4.96842E-01
   276  2.86155E-03 -9.97137E-01 -9.97134E-01 -3.42996E-06  0.00000E+00  0.00000E+00  4.92061E-01
   277  2.93807E-03 -9.97061E-01 -9.97057E-01 -3.51312E-06  0.00000E+00  0.00000E+00  4.87402E-01
   278  3.01663E-03 -9.96982E-01 -9.96979E-01 -3.59836E-06  0.00000E+00  0.00000E+00  4.82862E-01
   279  3.09728E-03 -9.96901E-01 -9.96898E-01 -3.68574E-06  0.00000E+00  0.00000E+00  4.78438E-01
   280  3.18010E-03 -9.96819E-01 -9.96815E-01 -3.77531E-06  0.00000E+00  0.00000E+00  4.74126E-01
   281  3.26512E-03 -9.96733E-01 -9.96730E-01 -3.86713E-06  0.00000E+00  0.00000E+00  4.69924E-01
   282  3.35242E-03 -9.96646E-01 -9.96642E-01 -3.96126E-06  0.00000E+00  0.00000E+00  4.65828E-01
   283  3.44204E-03 -9.96556E-01 -9.96552E-01 -4.05776E-06  0.00000E+00  0.00000E+00  4.61837E-01
   284  3.53406E-03 -9.96464E-01 -9.96460E-01 -4.15670E-06  0.00000E+00  0.00000E+00  4.57946E-01
   285  3.62854E-03 -9.96370E-01 -9.96366E-01 -4.25813E-06  0.00000E+00  0.00000E+00  4.54154E-01
   286  3.72555E-03 -9.96273E-01 -9.96268E-01 -4.36213E-06  0.00000E+00  0.00000E+00  4.50458E-01
   287  3.82514E-03 -9.96173E-01 -9.96169E-01 -4.46875E-06  0.00000E+00  0.00000E+00  4.46854E-01
   288  3.92739E-03 -9.96071E-01 -9.96066E-01 -4.57807E-06  0.00000E+00  0.00000E+00  4.43342E-01
   289  4.03238E-03 -9.95966E-01 -9.95961E-01 -4.69016E-06  0.00000E+00  0.00000E+00  4.39917E-01
   290  4.14017E-03 -9.95858E-01 -9.95853E-01 -4.80510E-06  0.00000E+00  0.00000E+00  4.36578E-01
   291  4.25083E-03 -9.95747E-01 -9.95742E-01 -4.92294E-06  0.00000E+00  0.00000E+00  4.33323E-01
   292  4.36446E-03 -9.95634E-01 -9.95629E-01 -5.04379E-06  0.00000E+00  0.00000E+00  4.30148E-01
   293  4.48111E-03 -9.95517E-01 -9.95512E-01 -5.16770E-06  0.00000E+00  0.00000E+00  4.27053E-01
   294  4.60089E-03 -9.95397E-01 -9.95392E-01 -5.29476E-06  0.00000E+00  0.00000E+00  4.24035E-01
   295  4.72386E-03 -9.95274E-01 -9.95269E-01 -5.42505E-06  0.00000E+00  0.00000E+00  4.21091E-01
   296  4.85011E-03 -9.95148E-01 -9.95142E-01 -5.55866E-06  0.00000E+00  0.00000E+00  4.18220E-01
   297  4.97974E-03 -9.95018E-01 -9.95012E-01 -5.69567E-06  0.00000E+00  0.00000E+00  4.15419E-01
   298  5.11283E-03 -9.94885E-01 -9.94879E-01 -5.83617E-06  0.00000E+00  0.00000E+00  4.12687E-01
   299  5.24947E-03 -9.94748E-01 -9.94742E-01 -5.98026E-06  0.00000E+00  0.00000E+00  4.10022E-01
   300  5.38976E-03 -9.94608E-01 -9.94602E-01 -6.12801E-06  0.00000E+00  0.00000E+00  4.07422E-01
   301  5.53380E-03 -9.94464E-01 -9.94457E-01 -6.27954E-06  0.00000E+00  0.00000E+00  4.04885E-01
   302  5.68168E-03 -9.94316E-01 -9.94309E-01 -6.43493E-06  0.00000E+00  0.00000E+00  4.02409E-01
   303  5.83351E-03 -9.94164E-01 -9.94157E-01 -6.59429E-06  0.00000E+00  0.00000E+00  3.99993E-01
   304  5.98940E-03 -9.94008E-01 -9.94001E-01 -6.75771E-06  0.00000E+00  0.00000E+00  3.97635E-01
   305  6.14945E-03 -9.93848E-01 -9.93841E-01 -6.92530E-06  0.00000E+00  0.00000E+00  3.95333E-01
   306  6.31377E-03 -9.93683E-01 -9.93676E-01 -7.09717E-06  0.00000E+00  0.00000E+00  3.93086E-01
   307  6.48247E-03 -9.93515E-01 -9.93507E-01 -7.27343E-06  0.00000E+00  0.00000E+00  3.90892E-01
   308  6.65569E-03 -9.93341E-01 -9.93334E-01 -7.45419E-06  0.00000E+00  0.00000E+00  3.88750E-01
   309  6.83352E-03 -9.93163E-01 -9.93156E-01 -7.63956E-06  0.00000E+00  0.00000E+00  3.86657E-01
   310  7.01610E-03 -9.92981E-01 -9.92973E-01 -7.82967E-06  0.00000E+00  0.00000E+00  3.84614E-01
   311  7.20356E-03 -9.92793E-01 -9.92785E-01 -8.02463E-06  0.00000E+00  0.00000E+00  3.82617E-01
   312  7.39602E-03 -9.92601E-01 -9.92592E-01 -8.22456E-06  0.00000E+00  0.00000E+00  3.80667E-01
   313  7.59362E-03 -9.92403E-01 -9.92394E-01 -8.42959E-06  0.00000E+00  0.00000E+00  3.78761E-01
   314  7.79649E-03 -9.92200E-01 -9.92191E-01 -8.63985E-06  0.00000E+00  0.00000E+00  3.76898E-01
   315  8.00478E-03 -9.91992E-01 -9.91983E-01 -8.85547E-06  0.00000E+00  0.00000E+00  3.75077E-01
   316  8.21862E-03 -9.91778E-01 -9.91769E-01 -9.07658E-06  0.00000E+00  0.00000E+00  3.73297E-01
   317  8.43818E-03 -9.91558E-01 -9.91549E-01 -9.30333E-06  0.00000E+00  0.00000E+00  3.71556E-01
   318  8.66359E-03 -9.91333E-01 -9.91323E-01 -9.53585E-06  0.00000E+00  0.00000E+00  3.69853E-01
   319  8.89502E-03 -9.91101E-01 -9.91091E-01 -9.77429E-06  0.00000E+00  0.00000E+00  3.68187E-01
   320  9.13262E-03 -9.90863E-01 -9.90853E-01 -1.00188E-05  0.00000E+00  0.00000E+00  3.66557E-01
   321  9.37657E-03 -9.90619E-01 -9.90609E-01 -1.02695E-05  0.00000E+00  0.00000E+00  3.64962E-01
   322  9.62702E-03 -9.90369E-01 -9.90358E-01 -1.05266E-05  0.00000E+00  0.00000E+00  3.63400E-01
   323  9.88416E-03 -9.90111E-01 -9.90101E-01 -1.07902E-05  0.00000E+00  0.00000E+00  3.61871E-01
   324  1.01482E-02 -9.89847E-01 -9.89836E-01 -1.10605E-05  0.00000E+00  0.00000E+00  3.60374E-01
   325  1.04192E-02 -9.89576E-01 -9.89565E-01 -1.13377E-05  0.00000E+00  0.00000E+00  3.58906E-01
   326  1.06975E-02 -9.89298E-01 -9.89286E-01 -1.16218E-05  0.00000E+00  0.00000E+00  3.57469E-01
   327  1.09832E-02 -9.89012E-01 -9.89000E-01 -1.19132E-05  0.00000E+00  0.00000E+00  3.56059E-01
   328  1.12765E-02 -9.88719E-01 -9.88707E-01 -1.22119E-05  0.00000E+00  0.00000E+00  3.54677E-01
   329  1.15776E-02 -9.88418E-01 -9.88405E-01 -1.25182E-05  0.00000E+00  0.00000E+00  3.53322E-01
   330  1.18868E-02 -9.88108E-01 -9.88095E-01 -1.28322E-05  0.00000E+00  0.00000E+00  3.51992E-01
   331  1.22042E-02 -9.87791E-01 -9.87778E-01 -1.31541E-05  0.00000E+00  0.00000E+00  3.50687E-01
   332  1.25301E-02 -9.87465E-01 -9.87451E-01 -1.34841E-05  0.00000E+00  0.00000E+00  3.49405E-01
   333  1.28647E-02 -9.87130E-01 -9.87116E-01 -1.38224E-05  0.00000E+00  0.00000E+00  3.48147E-01
   334  1.32082E-02 -9.86787E-01 -9.86772E-01 -1.41692E-05  0.00000E+00  0.00000E+00  3.46910E-01
   335  1.35608E-02 -9.86434E-01 -9.86419E-01 -1.45247E-05  0.00000E+00  0.00000E+00  3.45695E-01
   336  1.39229E-02 -9.86072E-01 -9.86057E-01 -1.48891E-05  0.00000E+00  0.00000E+00  3.44500E-01
   337  1.42946E-02 -9.85700E-01 -9.85685E-01 -1.52627E-05  0.00000E+00  0.00000E+00  3.43324E-01
   338  1.46762E-02 -9.85318E-01 -9.85303E-01 -1.56455E-05  0.00000E+00  0.00000E+00  3.42167E-01
   339  1.50680E-02 -9.84926E-01 -9.84910E-01 -1.60379E-05  0.00000E+00  0.00000E+00  3.41028E-01
   340  1.54703E-02 -9.84524E-01 -9.84508E-01 -1.64400E-05  0.00000E+00  0.00000E+00  3.39906E-01
   341  1.58832E-02 -9.84111E-01 -9.84094E-01 -1.68522E-05  0.00000E+00  0.00000E+00  3.38801E-01
   342  1.63072E-02 -9.83687E-01 -9.83670E-01 -1.72745E-05  0.00000E+00  0.00000E+00  3.37711E-01
   343  1.67425E-02 -9.83252E-01 -9.83234E-01 -1.77074E-05  0.00000E+00  0.00000E+00  3.36636E-01
   344  1.71894E-02 -9.82805E-01 -9.82787E-01 -1.81509E-05  0.00000E+00  0.00000E+00  3.35575E-01
   345  1.76481E-02 -9.82346E-01 -9.82328E-01 -1.86053E-05  0.00000E+00  0.00000E+00  3.34528E-01
   346  1.81191E-02 -9.81875E-01 -9.81856E-01 -1.90710E-05  0.00000E+00  0.00000E+00  3.33493E-01
   347  1.86027E-02 -9.81392E-01 -9.81372E-01 -1.95481E-05  0.00000E+00  0.00000E+00  3.32471E-01
   348  1.90991E-02 -9.80896E-01 -9.80875E-01 -2.00368E-05  0.00000E+00  0.00000E+00  3.31459E-01
   349  1.96088E-02 -9.80386E-01 -9.80365E-01 -2.05376E-05  0.00000E+00  0.00000E+00  3.30459E-01
   350  2.01320E-02 -9.79863E-01 -9.79842E-01 -2.10505E-05  0.00000E+00  0.00000E+00  3.29468E-01
   351  2.06692E-02 -9.79326E-01 -9.79304E-01 -2.15760E-05  0.00000E+00  0.00000E+00  3.28487E-01
   352  2.12207E-02 -9.78775E-01 -9.78752E-01 -2.21142E-05  0.00000E+00  0.00000E+00  3.27514E-01
   353  2.17868E-02 -9.78209E-01 -9.78186E-01 -2.26654E-05  0.00000E+00  0.00000E+00  3.26549E-01
   354  2.23681E-02 -9.77628E-01 -9.77604E-01 -2.32300E-05  0.00000E+00  0.00000E+00  3.25592E-01
   355  2.29648E-02 -9.77031E-01 -9.77007E-01 -2.38081E-05  0.00000E+00  0.00000E+00  3.24642E-01
   356  2.35774E-02 -9.76419E-01 -9.76395E-01 -2.44002E-05  0.00000E+00  0.00000E+00  3.23697E-01
   357  2.42063E-02 -9.75790E-01 -9.75765E-01 -2.50064E-05  0.00000E+00  0.00000E+00  3.22758E-01
   358  2.48519E-02 -9.75145E-01 -9.75120E-01 -2.56272E-05  0.00000E+00  0.00000E+00  3.21824E-01
   359  2.55147E-02 -9.74483E-01 -9.74457E-01 -2.62627E-05  0.00000E+00  0.00000E+00  3.20895E-01
   360  2.61952E-02 -9.73803E-01 -9.73776E-01 -2.69132E-05  0.00000E+00  0.00000E+00  3.19969E-01
   361  2.68938E-02 -9.73105E-01 -9.73077E-01 -2.75792E-05  0.00000E+00  0.00000E+00  3.19046E-01
   362  2.76109E-02 -9.72388E-01 -9.72360E-01 -2.82609E-05  0.00000E+00  0.00000E+00  3.18126E-01
   363  2.83471E-02 -9.71653E-01 -9.71624E-01 -2.89586E-05  0.00000E+00  0.00000E+00  3.17207E-01
   364  2.91029E-02 -9.70898E-01 -9.70868E-01 -2.96726E-05  0.00000E+00  0.00000E+00  3.16290E-01
   365  2.98788E-02 -9.70123E-01 -9.70093E-01 -3.04033E-05  0.00000E+00  0.00000E+00  3.15374E-01
   366  3.06754E-02 -9.69327E-01 -9.69296E-01 -3.11509E-05  0.00000E+00  0.00000E+00  3.14458E-01
   367  3.14931E-02 -9.68511E-01 -9.68479E-01 -3.19158E-05  0.00000E+00  0.00000E+00  3.13541E-01
   368  3.23325E-02 -9.67673E-01 -9.67640E-01 -3.26984E-05  0.00000E+00  0.00000E+00  3.12624E-01
   369  3.31943E-02 -9.66812E-01 -9.66779E-01 -3.34989E-05  0.00000E+00  0.00000E+00  3.11705E-01
   370  3.40790E-02 -9.65929E-01 -9.65895E-01 -3.43177E-05  0.00000E+00  0.00000E+00  3.10784E-01
   371  3.49871E-02 -9.65022E-01 -9.64987E-01 -3.51551E-05  0.00000E+00  0.00000E+00  3.09860E-01
   372  3.59194E-02 -9.64092E-01 -9.64056E-01 -3.60115E-05  0.00000E+00  0.00000E+00  3.08933E-01
   373  3.68765E-02 -9.63137E-01 -9.63100E-01 -3.68871E-05  0.00000E+00  0.00000E+00  3.08002E-01
   374  3.78589E-02 -9.62156E-01 -9.62119E-01 -3.77824E-05  0.00000E+00  0.00000E+00  3.07067E-01
   375  3.88675E-02 -9.61150E-01 -9.61112E-01 -3.86976E-05  0.00000E+00  0.00000E+00  3.06127E-01
   376  3.99028E-02 -9.60117E-01 -9.60078E-01 -3.96331E-05  0.00000E+00  0.00000E+00  3.05181E-01
   377  4.09656E-02 -9.59057E-01 -9.59017E-01 -4.05892E-05  0.00000E+00  0.00000E+00  3.04229E-01
   378  4.20567E-02 -9.57969E-01 -9.57928E-01 -4.15662E-05  0.00000E+00  0.00000E+00  3.03271E-01
   379  4.31766E-02 -9.56853E-01 -9.56810E-01 -4.25645E-05  0.00000E+00  0.00000E+00  3.02306E-01
   380  4.43263E-02 -9.55707E-01 -9.55663E-01 -4.35845E-05  0.00000E+00  0.00000E+00  3.01333E-01
   381  4.55065E-02 -9.54530E-01 -9.54486E-01 -4.46263E-05  0.00000E+00  0.00000E+00  3.00352E-01
   382  4.67179E-02 -9.53323E-01 -9.53278E-01 -4.56904E-05  0.00000E+00  0.00000E+00  2.99362E-01
   383  4.79615E-02 -9.52084E-01 -9.52038E-01 -4.67771E-05  0.00000E+00  0.00000E+00  2.98363E-01
   384  4.92381E-02 -9.50813E-01 -9.50765E-01 -4.78866E-05  0.00000E+00  0.00000E+00  2.97354E-01
   385  5.05484E-02 -9.49508E-01 -9.49459E-01 -4.90194E-05  0.00000E+00  0.00000E+00  2.96335E-01
   386  5.18935E-02 -9.48169E-01 -9.48119E-01 -5.01756E-05  0.00000E+00  0.00000E+00  2.95304E-01
   387  5.32743E-02 -9.46795E-01 -9.46743E-01 -5.13556E-05  0.00000E+00  0.00000E+00  2.94262E-01
   388  5.46916E-02 -9.45384E-01 -9.45332E-01 -5.25597E-05  0.00000E+00  0.00000E+00  2.93209E-01
   389  5.61464E-02 -9.43937E-01 -9.43883E-01 -5.37881E-05  0.00000E+00  0.00000E+00  2.92142E-01
   390  5.76397E-02 -9.42452E-01 -9.42397E-01 -5.50411E-05  0.00000E+00  0.00000E+00  2.91062E-01
   391  5.91725E-02 -9.40928E-01 -9.40872E-01 -5.63190E-05  0.00000E+00  0.00000E+00  2.89969E-01
   392  6.07459E-02 -9.39365E-01 -9.39307E-01 -5.76221E-05  0.00000E+00  0.00000E+00  2.88862E-01
   393  6.23609E-02 -9.37760E-01 -9.37701E-01 -5.89505E-05  0.00000E+00  0.00000E+00  2.87739E-01
   394  6.40186E-02 -9.36114E-01 -9.36054E-01 -6.03044E-05  0.00000E+00  0.00000E+00  2.86602E-01
   395  6.57202E-02 -9.34425E-01 -9.34363E-01 -6.16842E-05  0.00000E+00  0.00000E+00  2.85448E-01
   396  6.74667E-02 -9.32692E-01 -9.32629E-01 -6.30899E-05  0.00000E+00  0.00000E+00  2.84279E-01
   397  6.92593E-02 -9.30914E-01 -9.30849E-01 -6.45218E-05  0.00000E+00  0.00000E+00  2.83092E-01
   398  7.10993E-02 -9.29089E-01 -9.29023E-01 -6.59800E-05  0.00000E+00  0.00000E+00  2.81888E-01
   399  7.29878E-02 -9.27218E-01 -9.27150E-01 -6.74646E-05  0.00000E+00  0.00000E+00  2.80666E-01
   400  7.49262E-02 -9.25298E-01 -9.25229E-01 -6.89758E-05  0.00000E+00  0.00000E+00  2.79425E-01
   401  7.69157E-02 -9.23328E-01 -9.23258E-01 -7.05136E-05  0.00000E+00  0.00000E+00  2.78165E-01
   402  7.89577E-02 -9.21308E-01 -9.21236E-01 -7.20782E-05  0.00000E+00  0.00000E+00  2.76886E-01
   403  8.10536E-02 -9.19235E-01 -9.19161E-01 -7.36695E-05  0.00000E+00  0.00000E+00  2.75587E-01
   404  8.32047E-02 -9.17109E-01 -9.17034E-01 -7.52876E-05  0.00000E+00  0.00000E+00  2.74267E-01
   405  8.54124E-02 -9.14929E-01 -9.14852E-01 -7.69324E-05  0.00000E+00  0.00000E+00  2.72925E-01
   406  8.76783E-02 -9.12692E-01 -9.12613E-01 -7.86040E-05  0.00000E+00  0.00000E+00  2.71563E-01
   407  9.00039E-02 -9.10398E-01 -9.10318E-01 -8.03022E-05  0.00000E+00  0.00000E+00  2.70178E-01
   408  9.23907E-02 -9.08046E-01 -9.07964E-01 -8.20269E-05  0.00000E+00  0.00000E+00  2.68770E-01
   409  9.48402E-02 -9.05633E-01 -9.05549E-01 -8.37780E-05  0.00000E+00  0.00000E+00  2.67339E-01
   410  9.73541E-02 -9.03159E-01 -9.03074E-01 -8.55554E-05  0.00000E+00  0.00000E+00  2.65885E-01
   411  9.99342E-02 -9.00622E-01 -9.00535E-01 -8.73587E-05  0.00000E+00  0.00000E+00  2.64406E-01
   412  1.02582E-01 -8.98021E-01 -8.97932E-01 -8.91877E-05  0.00000E+00  0.00000E+00  2.62903E-01
   413  1.05299E-01 -8.95354E-01 -8.95263E-01 -9.10421E-05  0.00000E+00  0.00000E+00  2.61375E-01
   414  1.08088E-01 -8.92619E-01 -8.92526E-01 -9.29215E-05  0.00000E+00  0.00000E+00  2.59821E-01
   415  1.10950E-01 -8.89816E-01 -8.89721E-01 -9.48256E-05  0.00000E+00  0.00000E+00  2.58241E-01
   416  1.13887E-01 -8.86942E-01 -8.86845E-01 -9.67539E-05  0.00000E+00  0.00000E+00  2.56635E-01
   417  1.16900E-01 -8.83996E-01 -8.83897E-01 -9.87058E-05  0.00000E+00  0.00000E+00  2.55002E-01
   418  1.19993E-01 -8.80976E-01 -8.80875E-01 -1.00681E-04  0.00000E+00  0.00000E+00  2.53341E-01
   419  1.23167E-01 -8.77881E-01 -8.77779E-01 -1.02678E-04  0.00000E+00  0.00000E+00  2.51653E-01
   420  1.26424E-01 -8.74709E-01 -8.74605E-01 -1.04698E-04  0.00000E+00  0.00000E+00  2.49937E-01
   421  1.29766E-01 -8.71459E-01 -8.71352E-01 -1.06738E-04  0.00000E+00  0.00000E+00  2.48192E-01
   422  1.33195E-01 -8.68128E-01 -8.68019E-01 -1.08798E-04  0.00000E+00  0.00000E+00  2.46419E-01
   423  1.36714E-01 -8.64715E-01 -8.64605E-01 -1.10878E-04  0.00000E+00  0.00000E+00  2.44616E-01
   424  1.40325E-01 -8.61219E-01 -8.61106E-01 -1.12977E-04  0.00000E+00  0.00000E+00  2.42784E-01
   425  1.44030E-01 -8.57637E-01 -8.57522E-01 -1.15092E-04  0.00000E+00  0.00000E+00  2.40922E-01
   426  1.47831E-01 -8.53968E-01 -8.53851E-01 -1.17224E-04  0.00000E+00  0.00000E+00  2.39029E-01
   427  1.51732E-01 -8.50210E-01 -8.50090E-01 -1.19371E-04  0.00000E+00  0.00000E+00  2.37107E-01
   428  1.55734E-01 -8.46361E-01 -8.46239E-01 -1.21532E-04  0.00000E+00  0.00000E+00  2.35153E-01
   429  1.59840E-01 -8.42420E-01 -8.42296E-01 -1.23706E-04  0.00000E+00  0.00000E+00  2.33169E-01
   430  1.64053E-01 -8.38384E-01 -8.38258E-01 -1.25890E-04  0.00000E+00  0.00000E+00  2.31154E-01
   431  1.68376E-01 -8.34252E-01 -8.34124E-01 -1.28084E-04  0.00000E+00  0.00000E+00  2.29107E-01
   432  1.72811E-01 -8.30022E-01 -8.29892E-01 -1.30287E-04  0.00000E+00  0.00000E+00  2.27029E-01
   433  1.77361E-01 -8.25693E-01 -8.25560E-01 -1.32495E-04  0.00000E+00  0.00000E+00  2.24920E-01
   434  1.82028E-01 -8.21262E-01 -8.21127E-01 -1.34708E-04  0.00000E+00  0.00000E+00  2.22779E-01
   435  1.86817E-01 -8.16728E-01 -8.16591E-01 -1.36924E-04  0.00000E+00  0.00000E+00  2.20606E-01
   436  1.91730E-01 -8.12088E-01 -8.11949E-01 -1.39140E-04  0.00000E+00  0.00000E+00  2.18402E-01
   437  1.96770E-01 -8.07342E-01 -8.07201E-01 -1.41356E-04  0.00000E+00  0.00000E+00  2.16166E-01
   438  2.01940E-01 -8.02487E-01 -8.02344E-01 -1.43567E-04  0.00000E+00  0.00000E+00  2.13898E-01
   439  2.07243E-01 -7.97522E-01 -7.97376E-01 -1.45773E-04  0.00000E+00  0.00000E+00  2.11598E-01
   440  2.12683E-01 -7.92445E-01 -7.92297E-01 -1.47971E-04  0.00000E+00  0.00000E+00  2.09268E-01
   441  2.18264E-01 -7.87254E-01 -7.87104E-01 -1.50158E-04  0.00000E+00  0.00000E+00  2.06905E-01
   442  2.23988E-01 -7.81948E-01 -7.81795E-01 -1.52333E-04  0.00000E+00  0.00000E+00  2.04512E-01
   443  2.29859E-01 -7.76524E-01 -7.76370E-01 -1.54491E-04  0.00000E+00  0.00000E+00  2.02088E-01
   444  2.35882E-01 -7.70983E-01 -7.70826E-01 -1.56631E-04  0.00000E+00  0.00000E+00  1.99633E-01
   445  2.42058E-01 -7.65321E-01 -7.65162E-01 -1.58750E-04  0.00000E+00  0.00000E+00  1.97148E-01
   446  2.48394E-01 -7.59538E-01 -7.59377E-01 -1.60844E-04  0.00000E+00  0.00000E+00  1.94634E-01
   447  2.54891E-01 -7.53632E-01 -7.53469E-01 -1.62912E-04  0.00000E+00  0.00000E+00  1.92089E-01
   448  2.61555E-01 -7.47601E-01 -7.47436E-01 -1.64948E-04  0.00000E+00  0.00000E+00  1.89516E-01
   449  2.68389E-01 -7.41446E-01 -7.41279E-01 -1.66952E-04  0.00000E+00  0.00000E+00  1.86914E-01
   450  2.75398E-01 -7.35163E-01 -7.34994E-01 -1.68918E-04  0.00000E+00  0.00000E+00  1.84285E-01
   451  2.82585E-01 -7.28753E-01 -7.28582E-01 -1.70844E-04  0.00000E+00  0.00000E+00  1.81628E-01
   452  2.89955E-01 -7.22214E-01 -7.22041E-01 -1.72726E-04  0.00000E+00  0.00000E+00  1.78945E-01
   453  2.97513E-01 -7.15545E-01 -7.15371E-01 -1.74561E-04  0.00000E+00  0.00000E+00  1.76235E-01
   454  3.05263E-01 -7.08746E-01 -7.08570E-01 -1.76344E-04  0.00000E+00  0.00000E+00  1.73501E-01
   455  3.13209E-01 -7.01816E-01 -7.01638E-01 -1.78074E-04  0.00000E+00  0.00000E+00  1.70743E-01
   456  3.21357E-01 -6.94754E-01 -6.94575E-01 -1.79745E-04  0.00000E+00  0.00000E+00  1.67961E-01
   457  3.29710E-01 -6.87561E-01 -6.87379E-01 -1.81353E-04  0.00000E+00  0.00000E+00  1.65158E-01
   458  3.38275E-01 -6.80235E-01 -6.80052E-01 -1.82896E-04  0.00000E+00  0.00000E+00  1.62333E-01
   459  3.47056E-01 -6.72776E-01 -6.72592E-01 -1.84369E-04  0.00000E+00  0.00000E+00  1.59488E-01
   460  3.56059E-01 -6.65185E-01 -6.65000E-01 -1.85769E-04  0.00000E+00  0.00000E+00  1.56624E-01
   461  3.65287E-01 -6.57462E-01 -6.57275E-01 -1.87090E-04  0.00000E+00  0.00000E+00  1.53742E-01
   462  3.74748E-01 -6.49608E-01 -6.49420E-01 -1.88331E-04  0.00000E+00  0.00000E+00  1.50844E-01
   463  3.84445E-01 -6.41622E-01 -6.41433E-01 -1.89485E-04  0.00000E+00  0.00000E+00  1.47930E-01
   464  3.94386E-01 -6.33506E-01 -6.33316E-01 -1.90551E-04  0.00000E+00  0.00000E+00  1.45003E-01
   465  4.04575E-01 -6.25261E-01 -6.25069E-01 -1.91524E-04  0.00000E+00  0.00000E+00  1.42063E-01
   466  4.15018E-01 -6.16888E-01 -6.16695E-01 -1.92399E-04  0.00000E+00  0.00000E+00  1.39113E-01
   467  4.25721E-01 -6.08388E-01 -6.08195E-01 -1.93174E-04  0.00000E+00  0.00000E+00  1.36154E-01
   468  4.36691E-01 -5.99763E-01 -5.99569E-01 -1.93845E-04  0.00000E+00  0.00000E+00  1.33186E-01
   469  4.47932E-01 -5.91015E-01 -5.90821E-01 -1.94407E-04  0.00000E+00  0.00000E+00  1.30213E-01
   470  4.59453E-01 -5.82147E-01 -5.81952E-01 -1.94858E-04  0.00000E+00  0.00000E+00  1.27236E-01
   471  4.71257E-01 -5.73160E-01 -5.72965E-01 -1.95195E-04  0.00000E+00  0.00000E+00  1.24256E-01
   472  4.83354E-01 -5.64058E-01 -5.63863E-01 -1.95413E-04  0.00000E+00  0.00000E+00  1.21276E-01
   473  4.95748E-01 -5.54844E-01 -5.54648E-01 -1.95510E-04  0.00000E+00  0.00000E+00  1.18297E-01
   474  5.08447E-01 -5.45520E-01 -5.45324E-01 -1.95483E-04  0.00000E+00  0.00000E+00  1.15321E-01
   475  5.21457E-01 -5.36090E-01 -5.35895E-01 -1.95330E-04  0.00000E+00  0.00000E+00  1.12350E-01
   476  5.34785E-01 -5.26559E-01 -5.26364E-01 -1.95047E-04  0.00000E+00  0.00000E+00  1.09386E-01
   477  5.48439E-01 -5.16931E-01 -5.16736E-01 -1.94632E-04  0.00000E+00  0.00000E+00  1.06431E-01
   478  5.62426E-01 -5.07209E-01 -5.07015E-01 -1.94084E-04  0.00000E+00  0.00000E+00  1.03488E-01
   479  5.76753E-01 -4.97400E-01 -4.97206E-01 -1.93400E-04  0.00000E+00  0.00000E+00  1.00558E-01
   480  5.91427E-01 -4.87507E-01 -4.87315E-01 -1.92579E-04  0.00000E+00  0.00000E+00  9.76425E-02
   481  6.06456E-01 -4.77538E-01 -4.77346E-01 -1.91619E-04  0.00000E+00  0.00000E+00  9.47448E-02
   482  6.21847E-01 -4.67496E-01 -4.67305E-01 -1.90521E-04  0.00000E+00  0.00000E+00  9.18666E-02
   483  6.37610E-01 -4.57389E-01 -4.57199E-01 -1.89282E-04  0.00000E+00  0.00000E+00  8.90100E-02
   484  6.53750E-01 -4.47222E-01 -4.47034E-01 -1.87904E-04  0.00000E+00  0.00000E+00  8.61771E-02
   485  6.70277E-01 -4.37004E-01 -4.36817E-01 -1.86385E-04  0.00000E+00  0.00000E+00  8.33701E-02
   486  6.87199E-01 -4.26739E-01 -4.26555E-01 -1.84726E-04  0.00000E+00  0.00000E+00  8.05909E-02
   487  7.04524E-01 -4.16437E-01 -4.16254E-01 -1.82928E-04  0.00000E+00  0.00000E+00  7.78418E-02
   488  7.22260E-01 -4.06104E-01 -4.05923E-01 -1.80993E-04  0.00000E+00  0.00000E+00  7.51247E-02
   489  7.40416E-01 -3.95749E-01 -3.95570E-01 -1.78921E-04  0.00000E+00  0.00000E+00  7.24417E-02
   490  7.59001E-01 -3.85379E-01 -3.85202E-01 -1.76715E-04  0.00000E+00  0.00000E+00  6.97948E-02
   491  7.78023E-01 -3.75003E-01 -3.74829E-01 -1.74377E-04  0.00000E+00  0.00000E+00  6.71858E-02
   492  7.97492E-01 -3.64629E-01 -3.64457E-01 -1.71910E-04  0.00000E+00  0.00000E+00  6.46168E-02
   493  8.17416E-01 -3.54267E-01 -3.54098E-01 -1.69317E-04  0.00000E+00  0.00000E+00  6.20895E-02
   494  8.37804E-01 -3.43926E-01 -3.43759E-01 -1.66602E-04  0.00000E+00  0.00000E+00  5.96057E-02
   495  8.58667E-01 -3.33613E-01 -3.33450E-01 -1.63768E-04  0.00000E+00  0.00000E+00  5.71671E-02
   496  8.80012E-01 -3.23340E-01 -3.23179E-01 -1.60820E-04  0.00000E+00  0.00000E+00  5.47754E-02
   497  9.01851E-01 -3.13115E-01 -3.12958E-01 -1.57764E-04  0.00000E+00  0.00000E+00  5.24321E-02
   498  9.24192E-01 -3.02948E-01 -3.02794E-01 -1.54603E-04  0.00000E+00  0.00000E+00  5.01388E-02
   499  9.47044E-01 -2.92849E-01 -2.92698E-01 -1.51344E-04  0.00000E+00  0.00000E+00  4.78967E-02
   500  9.70419E-01 -2.82827E-01 -2.82679E-01 -1.47993E-04  0.00000E+00  0.00000E+00  4.57072E-02
   501  9.94326E-01 -2.72892E-01 -2.72747E-01 -1.44555E-04  0.00000E+00  0.00000E+00  4.35715E-02
   502  1.01877E+00 -2.63053E-01 -2.62912E-01 -1.41038E-04  0.00000E+00  0.00000E+00  4.14906E-02
   503  1.04377E+00 -2.53321E-01 -2.53184E-01 -1.37448E-04  0.00000E+00  0.00000E+00  3.94655E-02
   504  1.06934E+00 -2.43704E-01 -2.43571E-01 -1.33792E-04  0.00000E+00  0.00000E+00  3.74971E-02
   505  1.09547E+00 -2.34212E-01 -2.34082E-01 -1.30078E-04  0.00000E+00  0.00000E+00  3.55862E-02
   506  1.12219E+00 -2.24855E-01 -2.24728E-01 -1.26314E-04  0.00000E+00  0.00000E+00  3.37333E-02
   507  1.14950E+00 -2.15640E-01 -2.15518E-01 -1.22507E-04  0.00000E+00  0.00000E+00  3.19390E-02
   508  1.17742E+00 -2.06577E-01 -2.06459E-01 -1.18665E-04  0.00000E+00  0.00000E+00  3.02037E-02
   509  1.20595E+00 -1.97675E-01 -1.97560E-01 -1.14796E-04  0.00000E+00  0.00000E+00  2.85276E-02
   510  1.23510E+00 -1.88941E-01 -1.88830E-01 -1.10909E-04  0.00000E+00  0.00000E+00  2.69108E-02
   511  1.26489E+00 -1.80383E-01 -1.80276E-01 -1.07011E-04  0.00000E+00  0.00000E+00  2.53534E-02
   512  1.29533E+00 -1.72009E-01 -1.71905E-01 -1.03111E-04  0.00000E+00  0.00000E+00  2.38553E-02
   513  1.32643E+00 -1.63825E-01 -1.63725E-01 -9.92166E-05  0.00000E+00  0.00000E+00  2.24162E-02
   514  1.35820E+00 -1.55838E-01 -1.55742E-01 -9.53363E-05  0.00000E+00  0.00000E+00  2.10357E-02
   515  1.39064E+00 -1.48054E-01 -1.47962E-01 -9.14778E-05  0.00000E+00  0.00000E+00  1.97135E-02
   516  1.42378E+00 -1.40479E-01 -1.40391E-01 -8.76489E-05  0.00000E+00  0.00000E+00  1.84488E-02
   517  1.45762E+00 -1.33117E-01 -1.33033E-01 -8.38574E-05  0.00000E+00  0.00000E+00  1.72411E-02
   518  1.49217E+00 -1.25973E-01 -1.25893E-01 -8.01106E-05  0.00000E+00  0.00000E+00  1.60894E-02
   519  1.52745E+00 -1.19051E-01 -1.18975E-01 -7.64155E-05  0.00000E+00  0.00000E+00  1.49930E-02
   520  1.56346E+00 -1.12354E-01 -1.12282E-01 -7.27789E-05  0.00000E+00  0.00000E+00  1.39507E-02
   521  1.60022E+00 -1.05885E-01 -1.05816E-01 -6.92075E-05  0.00000E+00  0.00000E+00  1.29616E-02
   522  1.63774E+00 -9.96462E-02 -9.95804E-02 -6.57072E-05  0.00000E+00  0.00000E+00  1.20243E-02
   523  1.67603E+00 -9.36382E-02 -9.35759E-02 -6.22837E-05  0.00000E+00  0.00000E+00  1.11376E-02
   524  1.71510E+00 -8.78622E-02 -8.78033E-02 -5.89425E-05  0.00000E+00  0.00000E+00  1.03003E-02
   525  1.75496E+00 -8.23185E-02 -8.22628E-02 -5.56883E-05  0.00000E+00  0.00000E+00  9.51077E-03
   526  1.79563E+00 -7.70066E-02 -7.69541E-02 -5.25256E-05  0.00000E+00  0.00000E+00  8.76770E-03
   527  1.83711E+00 -7.19254E-02 -7.18759E-02 -4.94582E-05  0.00000E+00  0.00000E+00  8.06954E-03
   528  1.87941E+00 -6.70733E-02 -6.70268E-02 -4.64897E-05  0.00000E+00  0.00000E+00  7.41472E-03
   529  1.92256E+00 -6.24481E-02 -6.24045E-02 -4.36230E-05  0.00000E+00  0.00000E+00  6.80165E-03
   530  1.96655E+00 -5.80471E-02 -5.80062E-02 -4.08606E-05  0.00000E+00  0.00000E+00  6.22870E-03
   531  2.01140E+00 -5.38668E-02 -5.38286E-02 -3.82044E-05  0.00000E+00  0.00000E+00  5.69423E-03
   532  2.05712E+00 -4.99036E-02 -4.98679E-02 -3.56559E-05  0.00000E+00  0.00000E+00  5.19657E-03
   533  2.10372E+00 -4.61531E-02 -4.61198E-02 -3.32162E-05  0.00000E+00  0.00000E+00  4.73406E-03
   534  2.15121E+00 -4.26105E-02 -4.25796E-02 -3.08856E-05  0.00000E+00  0.00000E+00  4.30504E-03
   535  2.19961E+00 -3.92708E-02 -3.92421E-02 -2.86643E-05  0.00000E+00  0.00000E+00  3.90783E-03
   536  2.24892E+00 -3.61283E-02 -3.61018E-02 -2.65519E-05  0.00000E+00  0.00000E+00  3.54081E-03
   537  2.29915E+00 -3.31773E-02 -3.31527E-02 -2.45475E-05  0.00000E+00  0.00000E+00  3.20233E-03
   538  2.35032E+00 -3.04115E-02 -3.03888E-02 -2.26500E-05  0.00000E+00  0.00000E+00  2.89081E-03
   539  2.40243E+00 -2.78245E-02 -2.78036E-02 -2.08577E-05  0.00000E+00  0.00000E+00  2.60466E-03
   540  2.45550E+00 -2.54096E-02 -2.53905E-02 -1.91687E-05  0.00000E+00  0.00000E+00  2.34237E-03
   541  2.50953E+00 -2.31601E-02 -2.31425E-02 -1.75808E-05  0.00000E+00  0.00000E+00  2.10242E-03
   542  2.56454E+00 -2.10690E-02 -2.10529E-02 -1.60912E-05  0.00000E+00  0.00000E+00  1.88339E-03
   543  2.62054E+00 -1.91291E-02 -1.91144E-02 -1.46972E-05  0.00000E+00  0.00000E+00  1.68385E-03
   544  2.67753E+00 -1.73334E-02 -1.73200E-02 -1.33958E-05  0.00000E+00  0.00000E+00  1.50247E-03
   545  2.73553E+00 -1.56747E-02 -1.56625E-02 -1.21837E-05  0.00000E+00  0.00000E+00  1.33793E-03
   546  2.79454E+00 -1.41458E-02 -1.41348E-02 -1.10574E-05  0.00000E+00  0.00000E+00  1.18901E-03
   547  2.85457E+00 -1.27398E-02 -1.27297E-02 -1.00134E-05  0.00000E+00  0.00000E+00  1.05450E-03
   548  2.91564E+00 -1.14495E-02 -1.14404E-02 -9.04792E-06  0.00000E+00  0.00000E+00  9.33284E-04
   549  2.97774E+00 -1.02680E-02 -1.02599E-02 -8.15733E-06  0.00000E+00  0.00000E+00  8.24287E-04
   550  3.04090E+00 -9.18873E-03 -9.18140E-03 -7.33778E-06  0.00000E+00  0.00000E+00  7.26497E-04
   551  3.10512E+00 -8.20495E-03 -8.19836E-03 -6.58546E-06  0.00000E+00  0.00000E+00  6.38958E-04
   552  3.17041E+00 -7.31027E-03 -7.30438E-03 -5.89655E-06  0.00000E+00  0.00000E+00  5.60773E-04
   553  3.23677E+00 -6.49851E-03 -6.49324E-03 -5.26727E-06  0.00000E+00  0.00000E+00  4.91103E-04
   554  3.30421E+00 -5.76368E-03 -5.75899E-03 -4.69390E-06  0.00000E+00  0.00000E+00  4.29162E-04
   555  3.37275E+00 -5.10005E-03 -5.09587E-03 -4.17276E-06  0.00000E+00  0.00000E+00  3.74222E-04
   556  3.44238E+00 -4.50211E-03 -4.49841E-03 -3.70028E-06  0.00000E+00  0.00000E+00  3.25604E-04
   557  3.51312E+00 -3.96465E-03 -3.96137E-03 -3.27301E-06  0.00000E+00  0.00000E+00  2.82682E-04
   558  3.58498E+00 -3.48268E-03 -3.47979E-03 -2.88760E-06  0.00000E+00  0.00000E+00  2.44878E-04
   559  3.65795E+00 -3.05152E-03 -3.04898E-03 -2.54081E-06  0.00000E+00  0.00000E+00  2.11661E-04
   560  3.73205E+00 -2.66673E-03 -2.66450E-03 -2.22959E-06  0.00000E+00  0.00000E+00  1.82545E-04
   561  3.80728E+00 -2.32415E-03 -2.32220E-03 -1.95098E-06  0.00000E+00  0.00000E+00  1.57085E-04
   562  3.88366E+00 -2.01988E-03 -2.01818E-03 -1.70221E-06  0.00000E+00  0.00000E+00  1.34875E-04
   563  3.96118E+00 -1.75031E-03 -1.74883E-03 -1.48065E-06  0.00000E+00  0.00000E+00  1.15548E-04
   564  4.03985E+00 -1.51205E-03 -1.51076E-03 -1.28384E-06  0.00000E+00  0.00000E+00  9.87716E-05
   565  4.11967E+00 -1.30198E-03 -1.30087E-03 -1.10944E-06  0.00000E+00  0.00000E+00  8.42444E-05
   566  4.20066E+00 -1.11722E-03 -1.11626E-03 -9.55320E-07  0.00000E+00  0.00000E+00  7.16966E-05
   567  4.28281E+00 -9.55112E-04 -9.54292E-04 -8.19459E-07  0.00000E+00  0.00000E+00  6.08858E-05
   568  4.36613E+00 -8.13238E-04 -8.12538E-04 -7.00007E-07  0.00000E+00  0.00000E+00  5.15952E-05
   569  4.45063E+00 -6.89380E-04 -6.88784E-04 -5.95254E-07  0.00000E+00  0.00000E+00  4.36318E-05
   570  4.53631E+00 -5.81520E-04 -5.81016E-04 -5.03634E-07  0.00000E+00  0.00000E+00  3.68241E-05
   571  4.62317E+00 -4.87831E-04 -4.87407E-04 -4.23713E-07  0.00000E+00  0.00000E+00  3.10200E-05
   572  4.71121E+00 -4.06666E-04 -4.06312E-04 -3.54189E-07  0.00000E+00  0.00000E+00  2.60857E-05
   573  4.80045E+00 -3.36541E-04 -3.36247E-04 -2.93881E-07  0.00000E+00  0.00000E+00  2.19032E-05
   574  4.89088E+00 -2.76131E-04 -2.75889E-04 -2.41725E-07  0.00000E+00  0.00000E+00  1.83692E-05
   575  4.98250E+00 -2.24254E-04 -2.24057E-04 -1.96769E-07  0.00000E+00  0.00000E+00  1.53937E-05
   576  5.07532E+00 -1.79864E-04 -1.79706E-04 -1.58163E-07  0.00000E+00  0.00000E+00  1.28984E-05
   577  5.16935E+00 -1.42043E-04 -1.41918E-04 -1.25157E-07  0.00000E+00  0.00000E+00  1.08157E-05
   578  5.26457E+00 -1.09990E-04 -1.09893E-04 -9.70925E-08  0.00000E+00  0.00000E+00  9.08742E-06
   579  5.36100E+00 -8.30150E-05 -8.29416E-05 -7.34022E-08  0.00000E+00  0.00000E+00  7.66412E-06
   580  5.45863E+00 -6.05334E-05 -6.04798E-05 -5.36028E-08  0.00000E+00  0.00000E+00  6.50406E-06
   581  5.55747E+00 -4.20625E-05 -4.20252E-05 -3.72943E-08  0.00000E+00  0.00000E+00  5.57257E-06
   582  5.65751E+00 -2.72189E-05 -2.71947E-05 -2.41592E-08  0.00000E+00  0.00000E+00  4.84145E-06
   583  5.75877E+00 -1.57188E-05 -1.57048E-05 -1.39638E-08  0.00000E+00  0.00000E+00  4.28854E-06
   584  5.86123E+00 -7.38142E-06 -7.37485E-06 -6.56146E-09  0.00000E+00  0.00000E+00  3.89747E-06
   585  5.96490E+00 -2.13618E-06 -2.13428E-06 -1.89965E-09  0.00000E+00  0.00000E+00  3.65750E-06
   586  6.06978E+00 -3.43961E-08 -3.43655E-08 -3.06026E-11  0.00000E+00  0.00000E+00  3.56360E-06
   587  6.08492E+00  0.00000E+00 -0.00000E+00  0.00000E+00  0.00000E+00  0.00000E+00  3.56209E-06
   588  6.08492E+00 -0.00000E+00 -0.00000E+00  0.00000E+00  0.00000E+00  0.00000E+00  0.00000E+00
   589  1.21698E+01 -0.00000E+00 -0.00000E+00  0.00000E+00  0.00000E+00  0.00000E+00  0.00000E+00
   590  2.43397E+01 -0.00000E+00 -0.00000E+00  0.00000E+00  0.00000E+00  0.00000E+00  0.00000E+00
   591  4.86793E+01 -0.00000E+00 -0.00000E+00  0.00000E+00  0.00000E+00  0.00000E+00  0.00000E+00
   592  9.73587E+01 -0.00000E+00 -0.00000E+00  0.00000E+00  0.00000E+00  0.00000E+00  0.00000E+00
   593  1.94717E+02 -0.00000E+00 -0.00000E+00  0.00000E+00  0.00000E+00  0.00000E+00  0.00000E+00
   594  3.89435E+02 -0.00000E+00 -0.00000E+00  0.00000E+00  0.00000E+00  0.00000E+00  0.00000E+00
   595  7.78870E+02 -0.00000E+00 -0.00000E+00  0.00000E+00  0.00000E+00  0.00000E+00  0.00000E+00
   596  1.55774E+03 -0.00000E+00 -0.00000E+00  0.00000E+00  0.00000E+00  0.00000E+00  0.00000E+00
   597  3.11548E+03 -0.00000E+00 -0.00000E+00  0.00000E+00  0.00000E+00  0.00000E+00  0.00000E+00
   598  6.23096E+03 -0.00000E+00 -0.00000E+00  0.00000E+00  0.00000E+00  0.00000E+00  0.00000E+00
   599  1.24619E+04 -0.00000E+00 -0.00000E+00  0.00000E+00  0.00000E+00  0.00000E+00  0.00000E+00
