 #  Scattering amplitudes (in cm)      MU=(1-cos(TH))/2
 #  Z =  14,   projectile: electron
 #  Kinetic energy = 2.50000E+04 eV
 #
 # TH (deg)      MU          Re(F)        Im(F)        Re(G)        Im(G)
 #--------------------------------------------------------------------------
  0.000E+00  0.00000E+00  5.94722E-08  6.16645E-09  0.00000E+00  0.00000E+00
  1.000E-04  7.61557E-13  5.94722E-08  6.16645E-09  2.42778E-15  2.55937E-16
  1.250E-04  1.18994E-12  5.94722E-08  6.16645E-09  3.03472E-15  3.19922E-16
  1.500E-04  1.71346E-12  5.94722E-08  6.16645E-09  3.64167E-15  3.83906E-16
  1.750E-04  2.33225E-12  5.94722E-08  6.16645E-09  4.24861E-15  4.47890E-16
  2.000E-04  3.04617E-12  5.94722E-08  6.16645E-09  4.85556E-15  5.11875E-16
  2.250E-04  3.85530E-12  5.94722E-08  6.16645E-09  5.46250E-15  5.75859E-16
  2.500E-04  4.75964E-12  5.94722E-08  6.16645E-09  6.06944E-15  6.39844E-16
  2.750E-04  5.75917E-12  5.94722E-08  6.16645E-09  6.67639E-15  7.03828E-16
  3.000E-04  6.85391E-12  5.94722E-08  6.16645E-09  7.28333E-15  7.67812E-16
  3.250E-04  8.04379E-12  5.94722E-08  6.16645E-09  7.89028E-15  8.31797E-16
  3.500E-04  9.32893E-12  5.94722E-08  6.16645E-09  8.49722E-15  8.95781E-16
  3.750E-04  1.07092E-11  5.94722E-08  6.16645E-09  9.10417E-15  9.59765E-16
  4.000E-04  1.21847E-11  5.94722E-08  6.16645E-09  9.71111E-15  1.02375E-15
  4.250E-04  1.37554E-11  5.94722E-08  6.16645E-09  1.03181E-14  1.08773E-15
  4.500E-04  1.54213E-11  5.94722E-08  6.16645E-09  1.09250E-14  1.15172E-15
  4.750E-04  1.71823E-11  5.94722E-08  6.16645E-09  1.15319E-14  1.21570E-15
  5.000E-04  1.90386E-11  5.94722E-08  6.16645E-09  1.21389E-14  1.27969E-15
  5.250E-04  2.09900E-11  5.94722E-08  6.16645E-09  1.27458E-14  1.34367E-15
  5.500E-04  2.30367E-11  5.94722E-08  6.16645E-09  1.33528E-14  1.40766E-15
  5.750E-04  2.51785E-11  5.94722E-08  6.16645E-09  1.39597E-14  1.47164E-15
  6.000E-04  2.74156E-11  5.94722E-08  6.16645E-09  1.45667E-14  1.53562E-15
  6.250E-04  2.97478E-11  5.94722E-08  6.16645E-09  1.51736E-14  1.59961E-15
  6.500E-04  3.21752E-11  5.94722E-08  6.16645E-09  1.57806E-14  1.66359E-15
  6.750E-04  3.46979E-11  5.94722E-08  6.16645E-09  1.63875E-14  1.72758E-15
  7.000E-04  3.73157E-11  5.94722E-08  6.16645E-09  1.69944E-14  1.79156E-15
  7.250E-04  4.00286E-11  5.94722E-08  6.16645E-09  1.76014E-14  1.85555E-15
  7.500E-04  4.28368E-11  5.94722E-08  6.16645E-09  1.82083E-14  1.91953E-15
  7.750E-04  4.57402E-11  5.94722E-08  6.16645E-09  1.88153E-14  1.98351E-15
  8.000E-04  4.87388E-11  5.94722E-08  6.16645E-09  1.94222E-14  2.04750E-15
  8.250E-04  5.18325E-11  5.94722E-08  6.16645E-09  2.00292E-14  2.11148E-15
  8.500E-04  5.50215E-11  5.94722E-08  6.16645E-09  2.06361E-14  2.17547E-15
  8.750E-04  5.83057E-11  5.94722E-08  6.16645E-09  2.12430E-14  2.23945E-15
  9.000E-04  6.16850E-11  5.94722E-08  6.16645E-09  2.18500E-14  2.30344E-15
  9.250E-04  6.51595E-11  5.94722E-08  6.16645E-09  2.24569E-14  2.36742E-15
  9.500E-04  6.87293E-11  5.94722E-08  6.16645E-09  2.30639E-14  2.43141E-15
  9.750E-04  7.23943E-11  5.94722E-08  6.16645E-09  2.36708E-14  2.49539E-15
  1.000E-03  7.61544E-11  5.94722E-08  6.16645E-09  2.42778E-14  2.55937E-15
  1.250E-03  1.18991E-10  5.94722E-08  6.16645E-09  3.03472E-14  3.19922E-15
  1.500E-03  1.71347E-10  5.94722E-08  6.16645E-09  3.64166E-14  3.83906E-15
  1.750E-03  2.33223E-10  5.94722E-08  6.16645E-09  4.24861E-14  4.47890E-15
  2.000E-03  3.04617E-10  5.94721E-08  6.16645E-09  4.85555E-14  5.11875E-15
  2.250E-03  3.85531E-10  5.94721E-08  6.16645E-09  5.46249E-14  5.75859E-15
  2.500E-03  4.75965E-10  5.94721E-08  6.16645E-09  6.06943E-14  6.39843E-15
  2.750E-03  5.75917E-10  5.94721E-08  6.16645E-09  6.67637E-14  7.03828E-15
  3.000E-03  6.85389E-10  5.94720E-08  6.16645E-09  7.28331E-14  7.67812E-15
  3.250E-03  8.04380E-10  5.94720E-08  6.16645E-09  7.89025E-14  8.31796E-15
  3.500E-03  9.32891E-10  5.94719E-08  6.16645E-09  8.49718E-14  8.95780E-15
  3.750E-03  1.07092E-09  5.94719E-08  6.16645E-09  9.10412E-14  9.59764E-15
  4.000E-03  1.21847E-09  5.94719E-08  6.16645E-09  9.71105E-14  1.02375E-14
  4.250E-03  1.37554E-09  5.94718E-08  6.16645E-09  1.03180E-13  1.08773E-14
  4.500E-03  1.54213E-09  5.94718E-08  6.16645E-09  1.09249E-13  1.15172E-14
  4.750E-03  1.71823E-09  5.94717E-08  6.16644E-09  1.15318E-13  1.21570E-14
  5.000E-03  1.90386E-09  5.94717E-08  6.16644E-09  1.21388E-13  1.27969E-14
  5.250E-03  2.09900E-09  5.94716E-08  6.16644E-09  1.27457E-13  1.34367E-14
  5.500E-03  2.30367E-09  5.94715E-08  6.16644E-09  1.33526E-13  1.40765E-14
  5.750E-03  2.51785E-09  5.94715E-08  6.16644E-09  1.39595E-13  1.47164E-14
  6.000E-03  2.74156E-09  5.94714E-08  6.16644E-09  1.45665E-13  1.53562E-14
  6.250E-03  2.97478E-09  5.94713E-08  6.16644E-09  1.51734E-13  1.59961E-14
  6.500E-03  3.21752E-09  5.94713E-08  6.16644E-09  1.57803E-13  1.66359E-14
  6.750E-03  3.46978E-09  5.94712E-08  6.16644E-09  1.63872E-13  1.72757E-14
  7.000E-03  3.73156E-09  5.94711E-08  6.16643E-09  1.69941E-13  1.79156E-14
  7.250E-03  4.00286E-09  5.94710E-08  6.16643E-09  1.76010E-13  1.85554E-14
  7.500E-03  4.28368E-09  5.94709E-08  6.16643E-09  1.82079E-13  1.91952E-14
  7.750E-03  4.57402E-09  5.94708E-08  6.16643E-09  1.88148E-13  1.98351E-14
  8.000E-03  4.87388E-09  5.94708E-08  6.16643E-09  1.94217E-13  2.04749E-14
  8.250E-03  5.18326E-09  5.94707E-08  6.16643E-09  2.00286E-13  2.11147E-14
  8.500E-03  5.50215E-09  5.94706E-08  6.16643E-09  2.06355E-13  2.17546E-14
  8.750E-03  5.83057E-09  5.94705E-08  6.16642E-09  2.12424E-13  2.23944E-14
  9.000E-03  6.16850E-09  5.94704E-08  6.16642E-09  2.18493E-13  2.30343E-14
  9.250E-03  6.51596E-09  5.94703E-08  6.16642E-09  2.24562E-13  2.36741E-14
  9.500E-03  6.87293E-09  5.94702E-08  6.16642E-09  2.30631E-13  2.43139E-14
  9.750E-03  7.23942E-09  5.94700E-08  6.16642E-09  2.36700E-13  2.49538E-14
  1.000E-02  7.61544E-09  5.94699E-08  6.16642E-09  2.42768E-13  2.55936E-14
  1.250E-02  1.18991E-08  5.94686E-08  6.16639E-09  3.03454E-13  3.19919E-14
  1.500E-02  1.71347E-08  5.94671E-08  6.16637E-09  3.64135E-13  3.83901E-14
  1.750E-02  2.33223E-08  5.94652E-08  6.16634E-09  4.24811E-13  4.47882E-14
  2.000E-02  3.04617E-08  5.94630E-08  6.16630E-09  4.85481E-13  5.11862E-14
  2.250E-02  3.85531E-08  5.94606E-08  6.16626E-09  5.46144E-13  5.75842E-14
  2.500E-02  4.75965E-08  5.94579E-08  6.16622E-09  6.06798E-13  6.39819E-14
  2.750E-02  5.75917E-08  5.94549E-08  6.16617E-09  6.67445E-13  7.03796E-14
  3.000E-02  6.85389E-08  5.94516E-08  6.16611E-09  7.28081E-13  7.67771E-14
  3.250E-02  8.04380E-08  5.94480E-08  6.16605E-09  7.88707E-13  8.31744E-14
  3.500E-02  9.32891E-08  5.94441E-08  6.16599E-09  8.49322E-13  8.95715E-14
  3.750E-02  1.07092E-07  5.94400E-08  6.16592E-09  9.09924E-13  9.59684E-14
  4.000E-02  1.21847E-07  5.94355E-08  6.16585E-09  9.70513E-13  1.02365E-13
  4.250E-02  1.37554E-07  5.94308E-08  6.16577E-09  1.03109E-12  1.08762E-13
  4.500E-02  1.54213E-07  5.94258E-08  6.16569E-09  1.09165E-12  1.15158E-13
  4.750E-02  1.71823E-07  5.94205E-08  6.16560E-09  1.15219E-12  1.21554E-13
  5.000E-02  1.90386E-07  5.94149E-08  6.16551E-09  1.21272E-12  1.27949E-13
  5.250E-02  2.09900E-07  5.94090E-08  6.16541E-09  1.27323E-12  1.34345E-13
  5.500E-02  2.30367E-07  5.94029E-08  6.16531E-09  1.33372E-12  1.40740E-13
  5.750E-02  2.51785E-07  5.93964E-08  6.16521E-09  1.39420E-12  1.47135E-13
  6.000E-02  2.74156E-07  5.93897E-08  6.16509E-09  1.45465E-12  1.53529E-13
  6.250E-02  2.97478E-07  5.93827E-08  6.16498E-09  1.51508E-12  1.59923E-13
  6.500E-02  3.21752E-07  5.93754E-08  6.16486E-09  1.57549E-12  1.66317E-13
  6.750E-02  3.46978E-07  5.93678E-08  6.16473E-09  1.63588E-12  1.72710E-13
  7.000E-02  3.73156E-07  5.93600E-08  6.16460E-09  1.69624E-12  1.79103E-13
  7.250E-02  4.00286E-07  5.93518E-08  6.16447E-09  1.75658E-12  1.85496E-13
  7.500E-02  4.28368E-07  5.93434E-08  6.16433E-09  1.81690E-12  1.91888E-13
  7.750E-02  4.57402E-07  5.93347E-08  6.16419E-09  1.87719E-12  1.98280E-13
  8.000E-02  4.87388E-07  5.93257E-08  6.16404E-09  1.93745E-12  2.04671E-13
  8.250E-02  5.18325E-07  5.93164E-08  6.16388E-09  1.99768E-12  2.11062E-13
  8.500E-02  5.50215E-07  5.93068E-08  6.16373E-09  2.05789E-12  2.17452E-13
  8.750E-02  5.83057E-07  5.92970E-08  6.16356E-09  2.11806E-12  2.23842E-13
  9.000E-02  6.16850E-07  5.92869E-08  6.16340E-09  2.17821E-12  2.30232E-13
  9.250E-02  6.51596E-07  5.92765E-08  6.16322E-09  2.23832E-12  2.36620E-13
  9.500E-02  6.87293E-07  5.92658E-08  6.16305E-09  2.29840E-12  2.43009E-13
  9.750E-02  7.23942E-07  5.92548E-08  6.16287E-09  2.35845E-12  2.49396E-13
  1.000E-01  7.61543E-07  5.92435E-08  6.16268E-09  2.41847E-12  2.55784E-13
  1.250E-01  1.18991E-06  5.91156E-08  6.16056E-09  3.01657E-12  3.19621E-13
  1.500E-01  1.71347E-06  5.89599E-08  6.15797E-09  3.61038E-12  3.83387E-13
  1.750E-01  2.33223E-06  5.87769E-08  6.15492E-09  4.19906E-12  4.47067E-13
  2.000E-01  3.04617E-06  5.85669E-08  6.15140E-09  4.78184E-12  5.10647E-13
  2.250E-01  3.85531E-06  5.83306E-08  6.14742E-09  5.35792E-12  5.74113E-13
  2.500E-01  4.75964E-06  5.80686E-08  6.14297E-09  5.92657E-12  6.37450E-13
  2.750E-01  5.75916E-06  5.77814E-08  6.13807E-09  6.48707E-12  7.00646E-13
  3.000E-01  6.85388E-06  5.74699E-08  6.13272E-09  7.03875E-12  7.63686E-13
  3.250E-01  8.04378E-06  5.71347E-08  6.12691E-09  7.58096E-12  8.26557E-13
  3.500E-01  9.32888E-06  5.67766E-08  6.12066E-09  8.11308E-12  8.89245E-13
  3.750E-01  1.07092E-05  5.63965E-08  6.11396E-09  8.63455E-12  9.51739E-13
  4.000E-01  1.21846E-05  5.59953E-08  6.10682E-09  9.14484E-12  1.01402E-12
  4.250E-01  1.37553E-05  5.55739E-08  6.09924E-09  9.64347E-12  1.07609E-12
  4.500E-01  1.54212E-05  5.51332E-08  6.09123E-09  1.01300E-11  1.13792E-12
  4.750E-01  1.71822E-05  5.46741E-08  6.08280E-09  1.06040E-11  1.19950E-12
  5.000E-01  1.90385E-05  5.41977E-08  6.07394E-09  1.10651E-11  1.26083E-12
  5.250E-01  2.09899E-05  5.37050E-08  6.06467E-09  1.15130E-11  1.32188E-12
  5.500E-01  2.30365E-05  5.31969E-08  6.05498E-09  1.19475E-11  1.38266E-12
  5.750E-01  2.51783E-05  5.26745E-08  6.04489E-09  1.23682E-11  1.44314E-12
  6.000E-01  2.74153E-05  5.21388E-08  6.03439E-09  1.27751E-11  1.50332E-12
  6.250E-01  2.97475E-05  5.15907E-08  6.02351E-09  1.31679E-11  1.56318E-12
  6.500E-01  3.21749E-05  5.10313E-08  6.01223E-09  1.35466E-11  1.62272E-12
  6.750E-01  3.46974E-05  5.04617E-08  6.00057E-09  1.39110E-11  1.68192E-12
  7.000E-01  3.73152E-05  4.98826E-08  5.98854E-09  1.42612E-11  1.74078E-12
  7.250E-01  4.00281E-05  4.92952E-08  5.97613E-09  1.45971E-11  1.79929E-12
  7.500E-01  4.28362E-05  4.87004E-08  5.96337E-09  1.49188E-11  1.85743E-12
  7.750E-01  4.57395E-05  4.80991E-08  5.95024E-09  1.52264E-11  1.91519E-12
  8.000E-01  4.87380E-05  4.74922E-08  5.93677E-09  1.55198E-11  1.97258E-12
  8.250E-01  5.18317E-05  4.68806E-08  5.92296E-09  1.57994E-11  2.02957E-12
  8.500E-01  5.50205E-05  4.62651E-08  5.90881E-09  1.60651E-11  2.08617E-12
  8.750E-01  5.83045E-05  4.56466E-08  5.89434E-09  1.63172E-11  2.14237E-12
  9.000E-01  6.16838E-05  4.50258E-08  5.87954E-09  1.65559E-11  2.19815E-12
  9.250E-01  6.51582E-05  4.44035E-08  5.86444E-09  1.67814E-11  2.25351E-12
  9.500E-01  6.87277E-05  4.37804E-08  5.84903E-09  1.69939E-11  2.30844E-12
  9.750E-01  7.23925E-05  4.31573E-08  5.83332E-09  1.71938E-11  2.36295E-12
  1.000E+00  7.61524E-05  4.25348E-08  5.81732E-09  1.73811E-11  2.41701E-12
  1.100E+00  9.21439E-05  4.00628E-08  5.75059E-09  1.80119E-11  2.62878E-12
  1.200E+00  1.09658E-04  3.76451E-08  5.67985E-09  1.84679E-11  2.83314E-12
  1.300E+00  1.28695E-04  3.53088E-08  5.60561E-09  1.87700E-11  3.02987E-12
  1.400E+00  1.49255E-04  3.30737E-08  5.52836E-09  1.89395E-11  3.21882E-12
  1.500E+00  1.71338E-04  3.09531E-08  5.44860E-09  1.89968E-11  3.39994E-12
  1.600E+00  1.94942E-04  2.89550E-08  5.36680E-09  1.89611E-11  3.57321E-12
  1.700E+00  2.20070E-04  2.70829E-08  5.28340E-09  1.88498E-11  3.73869E-12
  1.800E+00  2.46720E-04  2.53370E-08  5.19882E-09  1.86785E-11  3.89651E-12
  1.900E+00  2.74892E-04  2.37150E-08  5.11347E-09  1.84607E-11  4.04681E-12
  2.000E+00  3.04586E-04  2.22125E-08  5.02771E-09  1.82080E-11  4.18981E-12
  2.100E+00  3.35803E-04  2.08239E-08  4.94187E-09  1.79303E-11  4.32573E-12
  2.200E+00  3.68542E-04  1.95429E-08  4.85625E-09  1.76358E-11  4.45484E-12
  2.300E+00  4.02802E-04  1.83626E-08  4.77111E-09  1.73312E-11  4.57740E-12
  2.400E+00  4.38585E-04  1.72761E-08  4.68671E-09  1.70220E-11  4.69372E-12
  2.500E+00  4.75889E-04  1.62763E-08  4.60323E-09  1.67124E-11  4.80409E-12
  2.600E+00  5.14715E-04  1.53564E-08  4.52086E-09  1.64060E-11  4.90881E-12
  2.700E+00  5.55063E-04  1.45100E-08  4.43975E-09  1.61052E-11  5.00817E-12
  2.800E+00  5.96931E-04  1.37307E-08  4.36002E-09  1.58121E-11  5.10248E-12
  2.900E+00  6.40321E-04  1.30130E-08  4.28178E-09  1.55279E-11  5.19202E-12
  3.000E+00  6.85233E-04  1.23512E-08  4.20510E-09  1.52536E-11  5.27707E-12
  3.100E+00  7.31665E-04  1.17405E-08  4.13004E-09  1.49897E-11  5.35789E-12
  3.200E+00  7.79618E-04  1.11762E-08  4.05664E-09  1.47366E-11  5.43475E-12
  3.300E+00  8.29092E-04  1.06541E-08  3.98495E-09  1.44941E-11  5.50787E-12
  3.400E+00  8.80086E-04  1.01705E-08  3.91495E-09  1.42621E-11  5.57749E-12
  3.500E+00  9.32601E-04  9.72169E-09  3.84667E-09  1.40404E-11  5.64382E-12
  3.600E+00  9.86636E-04  9.30464E-09  3.78010E-09  1.38286E-11  5.70705E-12
  3.700E+00  1.04219E-03  8.91643E-09  3.71520E-09  1.36261E-11  5.76737E-12
  3.800E+00  1.09927E-03  8.55445E-09  3.65198E-09  1.34326E-11  5.82495E-12
  3.900E+00  1.15786E-03  8.21635E-09  3.59038E-09  1.32474E-11  5.87995E-12
  4.000E+00  1.21797E-03  7.89999E-09  3.53039E-09  1.30700E-11  5.93250E-12
  4.100E+00  1.27961E-03  7.60345E-09  3.47196E-09  1.28998E-11  5.98275E-12
  4.200E+00  1.34276E-03  7.32501E-09  3.41505E-09  1.27364E-11  6.03080E-12
  4.300E+00  1.40743E-03  7.06310E-09  3.35962E-09  1.25791E-11  6.07679E-12
  4.400E+00  1.47362E-03  6.81631E-09  3.30562E-09  1.24275E-11  6.12079E-12
  4.500E+00  1.54133E-03  6.58337E-09  3.25301E-09  1.22812E-11  6.16291E-12
  4.600E+00  1.61056E-03  6.36314E-09  3.20174E-09  1.21396E-11  6.20323E-12
  4.700E+00  1.68131E-03  6.15458E-09  3.15178E-09  1.20023E-11  6.24182E-12
  4.800E+00  1.75357E-03  5.95676E-09  3.10306E-09  1.18690E-11  6.27876E-12
  4.900E+00  1.82735E-03  5.76884E-09  3.05555E-09  1.17393E-11  6.31411E-12
  5.000E+00  1.90265E-03  5.59006E-09  3.00920E-09  1.16127E-11  6.34793E-12
  5.100E+00  1.97947E-03  5.41972E-09  2.96397E-09  1.14892E-11  6.38026E-12
  5.200E+00  2.05780E-03  5.25722E-09  2.91983E-09  1.13682E-11  6.41117E-12
  5.300E+00  2.13765E-03  5.10199E-09  2.87672E-09  1.12497E-11  6.44069E-12
  5.400E+00  2.21902E-03  4.95351E-09  2.83461E-09  1.11333E-11  6.46887E-12
  5.500E+00  2.30190E-03  4.81133E-09  2.79346E-09  1.10188E-11  6.49574E-12
  5.600E+00  2.38630E-03  4.67502E-09  2.75324E-09  1.09061E-11  6.52134E-12
  5.700E+00  2.47222E-03  4.54420E-09  2.71391E-09  1.07950E-11  6.54571E-12
  5.800E+00  2.55965E-03  4.41852E-09  2.67544E-09  1.06853E-11  6.56887E-12
  5.900E+00  2.64859E-03  4.29767E-09  2.63780E-09  1.05769E-11  6.59086E-12
  6.000E+00  2.73905E-03  4.18135E-09  2.60096E-09  1.04697E-11  6.61169E-12
  6.100E+00  2.83103E-03  4.06931E-09  2.56488E-09  1.03636E-11  6.63142E-12
  6.200E+00  2.92452E-03  3.96129E-09  2.52955E-09  1.02585E-11  6.65004E-12
  6.300E+00  3.01952E-03  3.85708E-09  2.49494E-09  1.01543E-11  6.66760E-12
  6.400E+00  3.11604E-03  3.75647E-09  2.46102E-09  1.00510E-11  6.68411E-12
  6.500E+00  3.21407E-03  3.65927E-09  2.42777E-09  9.94840E-12  6.69960E-12
  6.600E+00  3.31362E-03  3.56531E-09  2.39516E-09  9.84658E-12  6.71409E-12
  6.700E+00  3.41468E-03  3.47444E-09  2.36318E-09  9.74546E-12  6.72761E-12
  6.800E+00  3.51725E-03  3.38649E-09  2.33181E-09  9.64502E-12  6.74017E-12
  6.900E+00  3.62133E-03  3.30134E-09  2.30103E-09  9.54521E-12  6.75179E-12
  7.000E+00  3.72692E-03  3.21885E-09  2.27081E-09  9.44603E-12  6.76250E-12
  7.100E+00  3.83403E-03  3.13891E-09  2.24115E-09  9.34745E-12  6.77232E-12
  7.200E+00  3.94265E-03  3.06141E-09  2.21202E-09  9.24947E-12  6.78127E-12
  7.300E+00  4.05278E-03  2.98624E-09  2.18342E-09  9.15207E-12  6.78936E-12
  7.400E+00  4.16442E-03  2.91331E-09  2.15532E-09  9.05525E-12  6.79662E-12
  7.500E+00  4.27757E-03  2.84253E-09  2.12771E-09  8.95901E-12  6.80307E-12
  7.600E+00  4.39223E-03  2.77381E-09  2.10059E-09  8.86335E-12  6.80873E-12
  7.700E+00  4.50840E-03  2.70707E-09  2.07393E-09  8.76828E-12  6.81361E-12
  7.800E+00  4.62608E-03  2.64225E-09  2.04773E-09  8.67378E-12  6.81774E-12
  7.900E+00  4.74527E-03  2.57925E-09  2.02196E-09  8.57989E-12  6.82113E-12
  8.000E+00  4.86597E-03  2.51803E-09  1.99664E-09  8.48659E-12  6.82380E-12
  8.100E+00  4.98817E-03  2.45852E-09  1.97173E-09  8.39390E-12  6.82578E-12
  8.200E+00  5.11188E-03  2.40065E-09  1.94724E-09  8.30183E-12  6.82707E-12
  8.300E+00  5.23711E-03  2.34438E-09  1.92315E-09  8.21039E-12  6.82770E-12
  8.400E+00  5.36383E-03  2.28964E-09  1.89945E-09  8.11959E-12  6.82769E-12
  8.500E+00  5.49207E-03  2.23638E-09  1.87613E-09  8.02943E-12  6.82705E-12
  8.600E+00  5.62181E-03  2.18456E-09  1.85320E-09  7.93993E-12  6.82580E-12
  8.700E+00  5.75306E-03  2.13413E-09  1.83063E-09  7.85109E-12  6.82396E-12
  8.800E+00  5.88581E-03  2.08504E-09  1.80842E-09  7.76294E-12  6.82155E-12
  8.900E+00  6.02007E-03  2.03725E-09  1.78656E-09  7.67547E-12  6.81857E-12
  9.000E+00  6.15583E-03  1.99072E-09  1.76505E-09  7.58870E-12  6.81506E-12
  9.100E+00  6.29310E-03  1.94542E-09  1.74387E-09  7.50264E-12  6.81102E-12
  9.200E+00  6.43187E-03  1.90130E-09  1.72303E-09  7.41729E-12  6.80647E-12
  9.300E+00  6.57214E-03  1.85832E-09  1.70251E-09  7.33266E-12  6.80142E-12
  9.400E+00  6.71392E-03  1.81646E-09  1.68231E-09  7.24877E-12  6.79590E-12
  9.500E+00  6.85720E-03  1.77568E-09  1.66243E-09  7.16561E-12  6.78991E-12
  9.600E+00  7.00198E-03  1.73594E-09  1.64284E-09  7.08321E-12  6.78347E-12
  9.700E+00  7.14827E-03  1.69722E-09  1.62356E-09  7.00155E-12  6.77660E-12
  9.800E+00  7.29605E-03  1.65949E-09  1.60458E-09  6.92065E-12  6.76932E-12
  9.900E+00  7.44534E-03  1.62271E-09  1.58588E-09  6.84051E-12  6.76162E-12
  1.000E+01  7.59612E-03  1.58687E-09  1.56747E-09  6.76115E-12  6.75354E-12
  1.025E+01  7.97965E-03  1.50115E-09  1.52264E-09  6.56611E-12  6.73170E-12
  1.050E+01  8.37255E-03  1.42068E-09  1.47948E-09  6.37594E-12  6.70770E-12
  1.075E+01  8.77480E-03  1.34510E-09  1.43792E-09  6.19067E-12  6.68173E-12
  1.100E+01  9.18641E-03  1.27408E-09  1.39787E-09  6.01030E-12  6.65397E-12
  1.125E+01  9.60736E-03  1.20732E-09  1.35928E-09  5.83483E-12  6.62459E-12
  1.150E+01  1.00376E-02  1.14451E-09  1.32209E-09  5.66421E-12  6.59375E-12
  1.175E+01  1.04773E-02  1.08541E-09  1.28623E-09  5.49842E-12  6.56160E-12
  1.200E+01  1.09262E-02  1.02977E-09  1.25166E-09  5.33739E-12  6.52827E-12
  1.225E+01  1.13844E-02  9.77355E-10  1.21832E-09  5.18105E-12  6.49391E-12
  1.250E+01  1.18520E-02  9.27962E-10  1.18615E-09  5.02933E-12  6.45862E-12
  1.275E+01  1.23288E-02  8.81394E-10  1.15511E-09  4.88214E-12  6.42252E-12
  1.300E+01  1.28150E-02  8.37471E-10  1.12516E-09  4.73939E-12  6.38571E-12
  1.325E+01  1.33104E-02  7.96021E-10  1.09625E-09  4.60097E-12  6.34829E-12
  1.350E+01  1.38150E-02  7.56890E-10  1.06833E-09  4.46679E-12  6.31035E-12
  1.375E+01  1.43290E-02  7.19929E-10  1.04137E-09  4.33672E-12  6.27197E-12
  1.400E+01  1.48521E-02  6.85003E-10  1.01533E-09  4.21068E-12  6.23323E-12
  1.425E+01  1.53845E-02  6.51984E-10  9.90176E-10  4.08853E-12  6.19419E-12
  1.450E+01  1.59262E-02  6.20755E-10  9.65865E-10  3.97018E-12  6.15492E-12
  1.475E+01  1.64770E-02  5.91206E-10  9.42368E-10  3.85550E-12  6.11548E-12
  1.500E+01  1.70371E-02  5.63232E-10  9.19652E-10  3.74439E-12  6.07592E-12
  1.525E+01  1.76063E-02  5.36738E-10  8.97686E-10  3.63673E-12  6.03629E-12
  1.550E+01  1.81848E-02  5.11635E-10  8.76440E-10  3.53241E-12  5.99663E-12
  1.575E+01  1.87724E-02  4.87839E-10  8.55887E-10  3.43133E-12  5.95699E-12
  1.600E+01  1.93692E-02  4.65271E-10  8.35998E-10  3.33337E-12  5.91741E-12
  1.625E+01  1.99751E-02  4.43859E-10  8.16749E-10  3.23843E-12  5.87791E-12
  1.650E+01  2.05901E-02  4.23535E-10  7.98115E-10  3.14641E-12  5.83853E-12
  1.675E+01  2.12143E-02  4.04235E-10  7.80072E-10  3.05722E-12  5.79929E-12
  1.700E+01  2.18476E-02  3.85899E-10  7.62596E-10  2.97074E-12  5.76023E-12
  1.725E+01  2.24900E-02  3.68472E-10  7.45667E-10  2.88689E-12  5.72135E-12
  1.750E+01  2.31415E-02  3.51901E-10  7.29263E-10  2.80557E-12  5.68269E-12
  1.775E+01  2.38021E-02  3.36138E-10  7.13364E-10  2.72669E-12  5.64427E-12
  1.800E+01  2.44717E-02  3.21137E-10  6.97952E-10  2.65018E-12  5.60608E-12
  1.825E+01  2.51504E-02  3.06855E-10  6.83008E-10  2.57594E-12  5.56816E-12
  1.850E+01  2.58382E-02  2.93252E-10  6.68514E-10  2.50389E-12  5.53052E-12
  1.875E+01  2.65349E-02  2.80291E-10  6.54454E-10  2.43395E-12  5.49316E-12
  1.900E+01  2.72407E-02  2.67935E-10  6.40812E-10  2.36606E-12  5.45609E-12
  1.925E+01  2.79555E-02  2.56153E-10  6.27572E-10  2.30013E-12  5.41933E-12
  1.950E+01  2.86793E-02  2.44913E-10  6.14719E-10  2.23610E-12  5.38287E-12
  1.975E+01  2.94120E-02  2.34185E-10  6.02240E-10  2.17390E-12  5.34674E-12
  2.000E+01  3.01537E-02  2.23944E-10  5.90120E-10  2.11346E-12  5.31092E-12
  2.025E+01  3.09043E-02  2.14162E-10  5.78347E-10  2.05472E-12  5.27543E-12
  2.050E+01  3.16639E-02  2.04815E-10  5.66908E-10  1.99762E-12  5.24026E-12
  2.075E+01  3.24324E-02  1.95882E-10  5.55792E-10  1.94211E-12  5.20543E-12
  2.100E+01  3.32098E-02  1.87340E-10  5.44986E-10  1.88812E-12  5.17093E-12
  2.125E+01  3.39961E-02  1.79170E-10  5.34480E-10  1.83561E-12  5.13676E-12
  2.150E+01  3.47912E-02  1.71352E-10  5.24263E-10  1.78452E-12  5.10293E-12
  2.175E+01  3.55952E-02  1.63870E-10  5.14326E-10  1.73480E-12  5.06943E-12
  2.200E+01  3.64081E-02  1.56704E-10  5.04658E-10  1.68641E-12  5.03626E-12
  2.225E+01  3.72297E-02  1.49842E-10  4.95250E-10  1.63929E-12  5.00343E-12
  2.250E+01  3.80602E-02  1.43266E-10  4.86094E-10  1.59341E-12  4.97093E-12
  2.275E+01  3.88995E-02  1.36963E-10  4.77180E-10  1.54873E-12  4.93875E-12
  2.300E+01  3.97476E-02  1.30920E-10  4.68500E-10  1.50520E-12  4.90691E-12
  2.325E+01  4.06044E-02  1.25125E-10  4.60047E-10  1.46278E-12  4.87539E-12
  2.350E+01  4.14700E-02  1.19565E-10  4.51813E-10  1.42144E-12  4.84420E-12
  2.375E+01  4.23443E-02  1.14229E-10  4.43791E-10  1.38114E-12  4.81332E-12
  2.400E+01  4.32273E-02  1.09107E-10  4.35973E-10  1.34185E-12  4.78277E-12
  2.425E+01  4.41190E-02  1.04189E-10  4.28353E-10  1.30354E-12  4.75253E-12
  2.450E+01  4.50194E-02  9.94644E-11  4.20924E-10  1.26616E-12  4.72260E-12
  2.475E+01  4.59284E-02  9.49256E-11  4.13681E-10  1.22970E-12  4.69298E-12
  2.500E+01  4.68461E-02  9.05636E-11  4.06617E-10  1.19412E-12  4.66367E-12
  2.550E+01  4.87074E-02  8.23384E-11  3.93004E-10  1.12550E-12  4.60594E-12
  2.600E+01  5.06030E-02  7.47297E-11  3.80042E-10  1.06008E-12  4.54939E-12
  2.650E+01  5.25328E-02  6.76843E-11  3.67690E-10  9.97676E-13  4.49399E-12
  2.700E+01  5.44967E-02  6.11542E-11  3.55912E-10  9.38103E-13  4.43971E-12
  2.750E+01  5.64946E-02  5.50963E-11  3.44673E-10  8.81195E-13  4.38652E-12
  2.800E+01  5.85262E-02  4.94715E-11  3.33941E-10  8.26795E-13  4.33439E-12
  2.850E+01  6.05914E-02  4.42446E-11  3.23686E-10  7.74762E-13  4.28329E-12
  2.900E+01  6.26901E-02  3.93837E-11  3.13881E-10  7.24961E-13  4.23319E-12
  2.950E+01  6.48222E-02  3.48598E-11  3.04500E-10  6.77270E-13  4.18406E-12
  3.000E+01  6.69873E-02  3.06466E-11  2.95519E-10  6.31574E-13  4.13587E-12
  3.050E+01  6.91854E-02  2.67202E-11  2.86916E-10  5.87767E-13  4.08860E-12
  3.100E+01  7.14163E-02  2.30589E-11  2.78670E-10  5.45750E-13  4.04223E-12
  3.150E+01  7.36799E-02  1.96427E-11  2.70762E-10  5.05430E-13  3.99671E-12
  3.200E+01  7.59760E-02  1.64536E-11  2.63173E-10  4.66721E-13  3.95203E-12
  3.250E+01  7.83043E-02  1.34749E-11  2.55888E-10  4.29543E-13  3.90817E-12
  3.300E+01  8.06647E-02  1.06916E-11  2.48890E-10  3.93820E-13  3.86510E-12
  3.350E+01  8.30571E-02  8.08971E-12  2.42164E-10  3.59484E-13  3.82280E-12
  3.400E+01  8.54812E-02  5.65644E-12  2.35696E-10  3.26468E-13  3.78124E-12
  3.450E+01  8.79369E-02  3.38010E-12  2.29474E-10  2.94710E-13  3.74041E-12
  3.500E+01  9.04240E-02  1.24990E-12  2.23486E-10  2.64153E-13  3.70029E-12
  3.550E+01  9.29422E-02 -7.44091E-13  2.17719E-10  2.34742E-13  3.66085E-12
  3.600E+01  9.54915E-02 -2.61102E-12  2.12164E-10  2.06426E-13  3.62207E-12
  3.650E+01  9.80716E-02 -4.35933E-12  2.06810E-10  1.79158E-13  3.58395E-12
  3.700E+01  1.00682E-01 -5.99683E-12  2.01648E-10  1.52892E-13  3.54645E-12
  3.750E+01  1.03323E-01 -7.53073E-12  1.96668E-10  1.27585E-13  3.50957E-12
  3.800E+01  1.05995E-01 -8.96771E-12  1.91863E-10  1.03198E-13  3.47329E-12
  3.850E+01  1.08696E-01 -1.03140E-11  1.87224E-10  7.96921E-14  3.43759E-12
  3.900E+01  1.11427E-01 -1.15752E-11  1.82744E-10  5.70312E-14  3.40246E-12
  3.950E+01  1.14188E-01 -1.27569E-11  1.78415E-10  3.51816E-14  3.36787E-12
  4.000E+01  1.16978E-01 -1.38638E-11  1.74232E-10  1.41110E-14  3.33383E-12
  4.050E+01  1.19797E-01 -1.49006E-11  1.70188E-10 -6.21118E-15  3.30031E-12
  4.100E+01  1.22645E-01 -1.58716E-11  1.66277E-10 -2.58139E-14  3.26731E-12
  4.150E+01  1.25522E-01 -1.67807E-11  1.62493E-10 -4.47248E-14  3.23480E-12
  4.200E+01  1.28428E-01 -1.76318E-11  1.58831E-10 -6.29698E-14  3.20278E-12
  4.250E+01  1.31361E-01 -1.84282E-11  1.55285E-10 -8.05741E-14  3.17124E-12
  4.300E+01  1.34323E-01 -1.91732E-11  1.51852E-10 -9.75612E-14  3.14016E-12
  4.350E+01  1.37313E-01 -1.98699E-11  1.48526E-10 -1.13954E-13  3.10953E-12
  4.400E+01  1.40330E-01 -2.05211E-11  1.45303E-10 -1.29773E-13  3.07935E-12
  4.450E+01  1.43375E-01 -2.11293E-11  1.42180E-10 -1.45040E-13  3.04960E-12
  4.500E+01  1.46447E-01 -2.16972E-11  1.39151E-10 -1.59774E-13  3.02027E-12
  4.550E+01  1.49545E-01 -2.22270E-11  1.36213E-10 -1.73994E-13  2.99136E-12
  4.600E+01  1.52671E-01 -2.27208E-11  1.33364E-10 -1.87717E-13  2.96284E-12
  4.650E+01  1.55823E-01 -2.31809E-11  1.30599E-10 -2.00961E-13  2.93473E-12
  4.700E+01  1.59001E-01 -2.36090E-11  1.27915E-10 -2.13742E-13  2.90700E-12
  4.750E+01  1.62205E-01 -2.40069E-11  1.25309E-10 -2.26076E-13  2.87965E-12
  4.800E+01  1.65435E-01 -2.43764E-11  1.22778E-10 -2.37977E-13  2.85267E-12
  4.850E+01  1.68690E-01 -2.47191E-11  1.20320E-10 -2.49461E-13  2.82605E-12
  4.900E+01  1.71970E-01 -2.50364E-11  1.17932E-10 -2.60540E-13  2.79978E-12
  4.950E+01  1.75276E-01 -2.53297E-11  1.15611E-10 -2.71229E-13  2.77386E-12
  5.000E+01  1.78606E-01 -2.56004E-11  1.13355E-10 -2.81539E-13  2.74828E-12
  5.050E+01  1.81961E-01 -2.58497E-11  1.11161E-10 -2.91483E-13  2.72303E-12
  5.100E+01  1.85340E-01 -2.60789E-11  1.09028E-10 -3.01073E-13  2.69811E-12
  5.150E+01  1.88743E-01 -2.62889E-11  1.06953E-10 -3.10320E-13  2.67351E-12
  5.200E+01  1.92169E-01 -2.64809E-11  1.04934E-10 -3.19235E-13  2.64922E-12
  5.250E+01  1.95619E-01 -2.66558E-11  1.02969E-10 -3.27828E-13  2.62523E-12
  5.300E+01  1.99092E-01 -2.68146E-11  1.01057E-10 -3.36108E-13  2.60155E-12
  5.350E+01  2.02589E-01 -2.69581E-11  9.91950E-11 -3.44087E-13  2.57816E-12
  5.400E+01  2.06107E-01 -2.70872E-11  9.73822E-11 -3.51773E-13  2.55505E-12
  5.450E+01  2.09649E-01 -2.72027E-11  9.56167E-11 -3.59174E-13  2.53223E-12
  5.500E+01  2.13212E-01 -2.73053E-11  9.38969E-11 -3.66301E-13  2.50969E-12
  5.550E+01  2.16797E-01 -2.73957E-11  9.22214E-11 -3.73160E-13  2.48742E-12
  5.600E+01  2.20404E-01 -2.74746E-11  9.05886E-11 -3.79760E-13  2.46541E-12
  5.650E+01  2.24032E-01 -2.75425E-11  8.89972E-11 -3.86108E-13  2.44367E-12
  5.700E+01  2.27680E-01 -2.76002E-11  8.74458E-11 -3.92213E-13  2.42218E-12
  5.750E+01  2.31350E-01 -2.76481E-11  8.59332E-11 -3.98080E-13  2.40095E-12
  5.800E+01  2.35040E-01 -2.76868E-11  8.44582E-11 -4.03718E-13  2.37996E-12
  5.850E+01  2.38751E-01 -2.77168E-11  8.30195E-11 -4.09133E-13  2.35921E-12
  5.900E+01  2.42481E-01 -2.77386E-11  8.16161E-11 -4.14330E-13  2.33871E-12
  5.950E+01  2.46231E-01 -2.77526E-11  8.02468E-11 -4.19318E-13  2.31843E-12
  6.000E+01  2.50000E-01 -2.77592E-11  7.89106E-11 -4.24101E-13  2.29838E-12
  6.050E+01  2.53788E-01 -2.77589E-11  7.76065E-11 -4.28685E-13  2.27856E-12
  6.100E+01  2.57595E-01 -2.77521E-11  7.63336E-11 -4.33076E-13  2.25896E-12
  6.150E+01  2.61421E-01 -2.77390E-11  7.50908E-11 -4.37280E-13  2.23958E-12
  6.200E+01  2.65264E-01 -2.77202E-11  7.38773E-11 -4.41301E-13  2.22041E-12
  6.250E+01  2.69126E-01 -2.76958E-11  7.26922E-11 -4.45145E-13  2.20144E-12
  6.300E+01  2.73005E-01 -2.76662E-11  7.15346E-11 -4.48817E-13  2.18269E-12
  6.350E+01  2.76901E-01 -2.76317E-11  7.04038E-11 -4.52321E-13  2.16413E-12
  6.400E+01  2.80814E-01 -2.75926E-11  6.92991E-11 -4.55663E-13  2.14577E-12
  6.450E+01  2.84744E-01 -2.75492E-11  6.82195E-11 -4.58846E-13  2.12761E-12
  6.500E+01  2.88691E-01 -2.75016E-11  6.71645E-11 -4.61875E-13  2.10964E-12
  6.550E+01  2.92653E-01 -2.74502E-11  6.61332E-11 -4.64754E-13  2.09186E-12
  6.600E+01  2.96632E-01 -2.73952E-11  6.51252E-11 -4.67487E-13  2.07426E-12
  6.650E+01  3.00625E-01 -2.73368E-11  6.41395E-11 -4.70078E-13  2.05684E-12
  6.700E+01  3.04634E-01 -2.72751E-11  6.31758E-11 -4.72531E-13  2.03960E-12
  6.750E+01  3.08658E-01 -2.72105E-11  6.22333E-11 -4.74850E-13  2.02253E-12
  6.800E+01  3.12697E-01 -2.71431E-11  6.13115E-11 -4.77038E-13  2.00564E-12
  6.850E+01  3.16749E-01 -2.70730E-11  6.04097E-11 -4.79099E-13  1.98892E-12
  6.900E+01  3.20816E-01 -2.70005E-11  5.95275E-11 -4.81035E-13  1.97236E-12
  6.950E+01  3.24896E-01 -2.69256E-11  5.86644E-11 -4.82851E-13  1.95597E-12
  7.000E+01  3.28990E-01 -2.68486E-11  5.78197E-11 -4.84549E-13  1.93974E-12
  7.050E+01  3.33097E-01 -2.67696E-11  5.69930E-11 -4.86133E-13  1.92366E-12
  7.100E+01  3.37216E-01 -2.66887E-11  5.61839E-11 -4.87605E-13  1.90774E-12
  7.150E+01  3.41348E-01 -2.66061E-11  5.53918E-11 -4.88969E-13  1.89198E-12
  7.200E+01  3.45492E-01 -2.65219E-11  5.46164E-11 -4.90226E-13  1.87636E-12
  7.250E+01  3.49647E-01 -2.64361E-11  5.38571E-11 -4.91381E-13  1.86089E-12
  7.300E+01  3.53814E-01 -2.63490E-11  5.31136E-11 -4.92435E-13  1.84557E-12
  7.350E+01  3.57992E-01 -2.62606E-11  5.23854E-11 -4.93391E-13  1.83039E-12
  7.400E+01  3.62181E-01 -2.61711E-11  5.16723E-11 -4.94252E-13  1.81535E-12
  7.450E+01  3.66381E-01 -2.60805E-11  5.09736E-11 -4.95020E-13  1.80045E-12
  7.500E+01  3.70590E-01 -2.59889E-11  5.02892E-11 -4.95697E-13  1.78569E-12
  7.550E+01  3.74810E-01 -2.58964E-11  4.96187E-11 -4.96286E-13  1.77106E-12
  7.600E+01  3.79039E-01 -2.58030E-11  4.89616E-11 -4.96789E-13  1.75656E-12
  7.650E+01  3.83277E-01 -2.57090E-11  4.83177E-11 -4.97207E-13  1.74219E-12
  7.700E+01  3.87524E-01 -2.56143E-11  4.76867E-11 -4.97544E-13  1.72795E-12
  7.750E+01  3.91780E-01 -2.55190E-11  4.70681E-11 -4.97801E-13  1.71383E-12
  7.800E+01  3.96044E-01 -2.54232E-11  4.64618E-11 -4.97980E-13  1.69984E-12
  7.850E+01  4.00316E-01 -2.53270E-11  4.58674E-11 -4.98083E-13  1.68597E-12
  7.900E+01  4.04596E-01 -2.52304E-11  4.52846E-11 -4.98112E-13  1.67222E-12
  7.950E+01  4.08882E-01 -2.51334E-11  4.47131E-11 -4.98069E-13  1.65859E-12
  8.000E+01  4.13176E-01 -2.50362E-11  4.41528E-11 -4.97955E-13  1.64507E-12
  8.050E+01  4.17476E-01 -2.49387E-11  4.36032E-11 -4.97773E-13  1.63167E-12
  8.100E+01  4.21783E-01 -2.48411E-11  4.30642E-11 -4.97523E-13  1.61838E-12
  8.150E+01  4.26095E-01 -2.47434E-11  4.25355E-11 -4.97208E-13  1.60520E-12
  8.200E+01  4.30413E-01 -2.46455E-11  4.20168E-11 -4.96829E-13  1.59213E-12
  8.250E+01  4.34737E-01 -2.45477E-11  4.15080E-11 -4.96387E-13  1.57916E-12
  8.300E+01  4.39065E-01 -2.44498E-11  4.10088E-11 -4.95885E-13  1.56631E-12
  8.350E+01  4.43398E-01 -2.43521E-11  4.05189E-11 -4.95323E-13  1.55355E-12
  8.400E+01  4.47736E-01 -2.42543E-11  4.00382E-11 -4.94703E-13  1.54090E-12
  8.450E+01  4.52077E-01 -2.41567E-11  3.95664E-11 -4.94027E-13  1.52835E-12
  8.500E+01  4.56422E-01 -2.40593E-11  3.91034E-11 -4.93295E-13  1.51590E-12
  8.550E+01  4.60770E-01 -2.39621E-11  3.86489E-11 -4.92510E-13  1.50355E-12
  8.600E+01  4.65122E-01 -2.38650E-11  3.82028E-11 -4.91671E-13  1.49129E-12
  8.650E+01  4.69476E-01 -2.37682E-11  3.77649E-11 -4.90781E-13  1.47913E-12
  8.700E+01  4.73832E-01 -2.36717E-11  3.73349E-11 -4.89841E-13  1.46706E-12
  8.750E+01  4.78190E-01 -2.35754E-11  3.69128E-11 -4.88852E-13  1.45508E-12
  8.800E+01  4.82550E-01 -2.34795E-11  3.64982E-11 -4.87815E-13  1.44319E-12
  8.850E+01  4.86912E-01 -2.33839E-11  3.60912E-11 -4.86732E-13  1.43140E-12
  8.900E+01  4.91274E-01 -2.32887E-11  3.56914E-11 -4.85602E-13  1.41969E-12
  8.950E+01  4.95637E-01 -2.31939E-11  3.52988E-11 -4.84428E-13  1.40806E-12
  9.000E+01  5.00000E-01 -2.30994E-11  3.49132E-11 -4.83210E-13  1.39653E-12
  9.050E+01  5.04363E-01 -2.30054E-11  3.45344E-11 -4.81950E-13  1.38507E-12
  9.100E+01  5.08726E-01 -2.29119E-11  3.41624E-11 -4.80648E-13  1.37370E-12
  9.150E+01  5.13088E-01 -2.28187E-11  3.37968E-11 -4.79305E-13  1.36242E-12
  9.200E+01  5.17450E-01 -2.27261E-11  3.34377E-11 -4.77922E-13  1.35121E-12
  9.250E+01  5.21810E-01 -2.26339E-11  3.30849E-11 -4.76501E-13  1.34008E-12
  9.300E+01  5.26168E-01 -2.25422E-11  3.27382E-11 -4.75042E-13  1.32903E-12
  9.350E+01  5.30524E-01 -2.24510E-11  3.23975E-11 -4.73545E-13  1.31806E-12
  9.400E+01  5.34878E-01 -2.23604E-11  3.20628E-11 -4.72013E-13  1.30716E-12
  9.450E+01  5.39230E-01 -2.22703E-11  3.17338E-11 -4.70445E-13  1.29633E-12
  9.500E+01  5.43578E-01 -2.21807E-11  3.14104E-11 -4.68842E-13  1.28558E-12
  9.550E+01  5.47923E-01 -2.20917E-11  3.10926E-11 -4.67205E-13  1.27491E-12
  9.600E+01  5.52264E-01 -2.20032E-11  3.07802E-11 -4.65536E-13  1.26430E-12
  9.650E+01  5.56602E-01 -2.19153E-11  3.04731E-11 -4.63834E-13  1.25377E-12
  9.700E+01  5.60935E-01 -2.18280E-11  3.01713E-11 -4.62100E-13  1.24330E-12
  9.750E+01  5.65263E-01 -2.17412E-11  2.98745E-11 -4.60335E-13  1.23291E-12
  9.800E+01  5.69587E-01 -2.16551E-11  2.95827E-11 -4.58541E-13  1.22258E-12
  9.850E+01  5.73905E-01 -2.15695E-11  2.92959E-11 -4.56716E-13  1.21232E-12
  9.900E+01  5.78217E-01 -2.14846E-11  2.90138E-11 -4.54863E-13  1.20212E-12
  9.950E+01  5.82524E-01 -2.14003E-11  2.87365E-11 -4.52981E-13  1.19199E-12
  1.000E+02  5.86824E-01 -2.13165E-11  2.84637E-11 -4.51072E-13  1.18192E-12
  1.005E+02  5.91118E-01 -2.12334E-11  2.81955E-11 -4.49136E-13  1.17191E-12
  1.010E+02  5.95404E-01 -2.11509E-11  2.79318E-11 -4.47173E-13  1.16197E-12
  1.015E+02  5.99684E-01 -2.10691E-11  2.76724E-11 -4.45185E-13  1.15209E-12
  1.020E+02  6.03956E-01 -2.09878E-11  2.74173E-11 -4.43171E-13  1.14226E-12
  1.025E+02  6.08220E-01 -2.09072E-11  2.71663E-11 -4.41133E-13  1.13250E-12
  1.030E+02  6.12476E-01 -2.08273E-11  2.69195E-11 -4.39070E-13  1.12280E-12
  1.035E+02  6.16723E-01 -2.07479E-11  2.66767E-11 -4.36984E-13  1.11315E-12
  1.040E+02  6.20961E-01 -2.06693E-11  2.64379E-11 -4.34874E-13  1.10356E-12
  1.045E+02  6.25190E-01 -2.05912E-11  2.62029E-11 -4.32742E-13  1.09403E-12
  1.050E+02  6.29410E-01 -2.05138E-11  2.59718E-11 -4.30588E-13  1.08455E-12
  1.055E+02  6.33619E-01 -2.04370E-11  2.57444E-11 -4.28412E-13  1.07513E-12
  1.060E+02  6.37819E-01 -2.03609E-11  2.55207E-11 -4.26215E-13  1.06576E-12
  1.065E+02  6.42008E-01 -2.02854E-11  2.53006E-11 -4.23997E-13  1.05644E-12
  1.070E+02  6.46186E-01 -2.02106E-11  2.50840E-11 -4.21759E-13  1.04718E-12
  1.075E+02  6.50353E-01 -2.01364E-11  2.48709E-11 -4.19501E-13  1.03796E-12
  1.080E+02  6.54508E-01 -2.00629E-11  2.46612E-11 -4.17223E-13  1.02880E-12
  1.085E+02  6.58652E-01 -1.99900E-11  2.44549E-11 -4.14927E-13  1.01969E-12
  1.090E+02  6.62784E-01 -1.99178E-11  2.42519E-11 -4.12611E-13  1.01063E-12
  1.095E+02  6.66903E-01 -1.98462E-11  2.40521E-11 -4.10278E-13  1.00161E-12
  1.100E+02  6.71010E-01 -1.97752E-11  2.38554E-11 -4.07927E-13  9.92649E-13
  1.105E+02  6.75104E-01 -1.97049E-11  2.36619E-11 -4.05558E-13  9.83731E-13
  1.110E+02  6.79184E-01 -1.96352E-11  2.34715E-11 -4.03173E-13  9.74860E-13
  1.115E+02  6.83251E-01 -1.95662E-11  2.32841E-11 -4.00770E-13  9.66035E-13
  1.120E+02  6.87303E-01 -1.94978E-11  2.30996E-11 -3.98352E-13  9.57256E-13
  1.125E+02  6.91342E-01 -1.94301E-11  2.29180E-11 -3.95917E-13  9.48521E-13
  1.130E+02  6.95366E-01 -1.93630E-11  2.27393E-11 -3.93467E-13  9.39831E-13
  1.135E+02  6.99375E-01 -1.92965E-11  2.25635E-11 -3.91001E-13  9.31184E-13
  1.140E+02  7.03368E-01 -1.92307E-11  2.23903E-11 -3.88520E-13  9.22581E-13
  1.145E+02  7.07347E-01 -1.91655E-11  2.22199E-11 -3.86025E-13  9.14019E-13
  1.150E+02  7.11309E-01 -1.91010E-11  2.20522E-11 -3.83515E-13  9.05500E-13
  1.155E+02  7.15256E-01 -1.90370E-11  2.18871E-11 -3.80991E-13  8.97022E-13
  1.160E+02  7.19186E-01 -1.89737E-11  2.17246E-11 -3.78454E-13  8.88584E-13
  1.165E+02  7.23099E-01 -1.89111E-11  2.15646E-11 -3.75903E-13  8.80187E-13
  1.170E+02  7.26995E-01 -1.88490E-11  2.14071E-11 -3.73339E-13  8.71829E-13
  1.175E+02  7.30874E-01 -1.87876E-11  2.12521E-11 -3.70761E-13  8.63511E-13
  1.180E+02  7.34736E-01 -1.87268E-11  2.10995E-11 -3.68172E-13  8.55230E-13
  1.185E+02  7.38579E-01 -1.86666E-11  2.09493E-11 -3.65569E-13  8.46988E-13
  1.190E+02  7.42405E-01 -1.86071E-11  2.08014E-11 -3.62955E-13  8.38783E-13
  1.195E+02  7.46212E-01 -1.85481E-11  2.06558E-11 -3.60329E-13  8.30615E-13
  1.200E+02  7.50000E-01 -1.84898E-11  2.05125E-11 -3.57691E-13  8.22484E-13
  1.205E+02  7.53769E-01 -1.84321E-11  2.03714E-11 -3.55042E-13  8.14388E-13
  1.210E+02  7.57519E-01 -1.83750E-11  2.02326E-11 -3.52381E-13  8.06327E-13
  1.215E+02  7.61249E-01 -1.83185E-11  2.00959E-11 -3.49710E-13  7.98302E-13
  1.220E+02  7.64960E-01 -1.82625E-11  1.99613E-11 -3.47028E-13  7.90311E-13
  1.225E+02  7.68650E-01 -1.82072E-11  1.98288E-11 -3.44336E-13  7.82354E-13
  1.230E+02  7.72320E-01 -1.81525E-11  1.96984E-11 -3.41633E-13  7.74430E-13
  1.235E+02  7.75968E-01 -1.80984E-11  1.95700E-11 -3.38921E-13  7.66539E-13
  1.240E+02  7.79596E-01 -1.80449E-11  1.94436E-11 -3.36198E-13  7.58681E-13
  1.245E+02  7.83203E-01 -1.79920E-11  1.93192E-11 -3.33466E-13  7.50855E-13
  1.250E+02  7.86788E-01 -1.79396E-11  1.91967E-11 -3.30725E-13  7.43060E-13
  1.255E+02  7.90351E-01 -1.78879E-11  1.90762E-11 -3.27974E-13  7.35297E-13
  1.260E+02  7.93893E-01 -1.78367E-11  1.89575E-11 -3.25214E-13  7.27564E-13
  1.265E+02  7.97411E-01 -1.77861E-11  1.88407E-11 -3.22446E-13  7.19862E-13
  1.270E+02  8.00908E-01 -1.77361E-11  1.87257E-11 -3.19669E-13  7.12189E-13
  1.275E+02  8.04381E-01 -1.76866E-11  1.86126E-11 -3.16883E-13  7.04546E-13
  1.280E+02  8.07831E-01 -1.76378E-11  1.85012E-11 -3.14089E-13  6.96932E-13
  1.285E+02  8.11257E-01 -1.75895E-11  1.83916E-11 -3.11287E-13  6.89346E-13
  1.290E+02  8.14660E-01 -1.75417E-11  1.82837E-11 -3.08477E-13  6.81789E-13
  1.295E+02  8.18039E-01 -1.74946E-11  1.81775E-11 -3.05660E-13  6.74259E-13
  1.300E+02  8.21394E-01 -1.74479E-11  1.80729E-11 -3.02834E-13  6.66756E-13
  1.305E+02  8.24724E-01 -1.74019E-11  1.79701E-11 -3.00001E-13  6.59281E-13
  1.310E+02  8.28030E-01 -1.73564E-11  1.78689E-11 -2.97161E-13  6.51832E-13
  1.315E+02  8.31310E-01 -1.73115E-11  1.77693E-11 -2.94314E-13  6.44410E-13
  1.320E+02  8.34565E-01 -1.72671E-11  1.76712E-11 -2.91460E-13  6.37013E-13
  1.325E+02  8.37795E-01 -1.72232E-11  1.75748E-11 -2.88599E-13  6.29641E-13
  1.330E+02  8.40999E-01 -1.71799E-11  1.74799E-11 -2.85731E-13  6.22295E-13
  1.335E+02  8.44177E-01 -1.71372E-11  1.73865E-11 -2.82857E-13  6.14973E-13
  1.340E+02  8.47329E-01 -1.70950E-11  1.72947E-11 -2.79976E-13  6.07676E-13
  1.345E+02  8.50455E-01 -1.70533E-11  1.72043E-11 -2.77089E-13  6.00402E-13
  1.350E+02  8.53553E-01 -1.70122E-11  1.71154E-11 -2.74196E-13  5.93152E-13
  1.355E+02  8.56625E-01 -1.69716E-11  1.70280E-11 -2.71297E-13  5.85926E-13
  1.360E+02  8.59670E-01 -1.69315E-11  1.69419E-11 -2.68391E-13  5.78722E-13
  1.365E+02  8.62687E-01 -1.68919E-11  1.68573E-11 -2.65481E-13  5.71540E-13
  1.370E+02  8.65677E-01 -1.68529E-11  1.67741E-11 -2.62564E-13  5.64381E-13
  1.375E+02  8.68639E-01 -1.68144E-11  1.66923E-11 -2.59642E-13  5.57244E-13
  1.380E+02  8.71572E-01 -1.67764E-11  1.66118E-11 -2.56714E-13  5.50128E-13
  1.385E+02  8.74478E-01 -1.67390E-11  1.65327E-11 -2.53782E-13  5.43033E-13
  1.390E+02  8.77355E-01 -1.67020E-11  1.64549E-11 -2.50844E-13  5.35960E-13
  1.395E+02  8.80203E-01 -1.66656E-11  1.63785E-11 -2.47901E-13  5.28906E-13
  1.400E+02  8.83022E-01 -1.66297E-11  1.63033E-11 -2.44953E-13  5.21873E-13
  1.405E+02  8.85812E-01 -1.65943E-11  1.62294E-11 -2.42000E-13  5.14860E-13
  1.410E+02  8.88573E-01 -1.65594E-11  1.61568E-11 -2.39042E-13  5.07866E-13
  1.415E+02  8.91304E-01 -1.65250E-11  1.60854E-11 -2.36080E-13  5.00891E-13
  1.420E+02  8.94005E-01 -1.64911E-11  1.60152E-11 -2.33113E-13  4.93936E-13
  1.425E+02  8.96677E-01 -1.64577E-11  1.59463E-11 -2.30142E-13  4.86998E-13
  1.430E+02  8.99318E-01 -1.64248E-11  1.58786E-11 -2.27166E-13  4.80080E-13
  1.435E+02  9.01928E-01 -1.63924E-11  1.58121E-11 -2.24187E-13  4.73179E-13
  1.440E+02  9.04508E-01 -1.63605E-11  1.57468E-11 -2.21203E-13  4.66296E-13
  1.445E+02  9.07058E-01 -1.63291E-11  1.56827E-11 -2.18215E-13  4.59430E-13
  1.450E+02  9.09576E-01 -1.62981E-11  1.56197E-11 -2.15223E-13  4.52581E-13
  1.455E+02  9.12063E-01 -1.62677E-11  1.55578E-11 -2.12227E-13  4.45749E-13
  1.460E+02  9.14519E-01 -1.62377E-11  1.54971E-11 -2.09227E-13  4.38934E-13
  1.465E+02  9.16943E-01 -1.62083E-11  1.54375E-11 -2.06224E-13  4.32134E-13
  1.470E+02  9.19335E-01 -1.61793E-11  1.53791E-11 -2.03217E-13  4.25351E-13
  1.475E+02  9.21696E-01 -1.61507E-11  1.53217E-11 -2.00206E-13  4.18583E-13
  1.480E+02  9.24024E-01 -1.61227E-11  1.52654E-11 -1.97192E-13  4.11831E-13
  1.485E+02  9.26320E-01 -1.60951E-11  1.52102E-11 -1.94175E-13  4.05094E-13
  1.490E+02  9.28584E-01 -1.60681E-11  1.51561E-11 -1.91154E-13  3.98371E-13
  1.495E+02  9.30815E-01 -1.60414E-11  1.51030E-11 -1.88130E-13  3.91663E-13
  1.500E+02  9.33013E-01 -1.60153E-11  1.50510E-11 -1.85103E-13  3.84970E-13
  1.505E+02  9.35178E-01 -1.59896E-11  1.50000E-11 -1.82072E-13  3.78290E-13
  1.510E+02  9.37310E-01 -1.59644E-11  1.49500E-11 -1.79039E-13  3.71624E-13
  1.515E+02  9.39409E-01 -1.59397E-11  1.49011E-11 -1.76003E-13  3.64971E-13
  1.520E+02  9.41474E-01 -1.59154E-11  1.48531E-11 -1.72964E-13  3.58332E-13
  1.525E+02  9.43505E-01 -1.58915E-11  1.48062E-11 -1.69922E-13  3.51705E-13
  1.530E+02  9.45503E-01 -1.58682E-11  1.47602E-11 -1.66878E-13  3.45091E-13
  1.535E+02  9.47467E-01 -1.58453E-11  1.47153E-11 -1.63831E-13  3.38490E-13
  1.540E+02  9.49397E-01 -1.58228E-11  1.46713E-11 -1.60781E-13  3.31900E-13
  1.545E+02  9.51293E-01 -1.58008E-11  1.46283E-11 -1.57729E-13  3.25323E-13
  1.550E+02  9.53154E-01 -1.57793E-11  1.45862E-11 -1.54674E-13  3.18757E-13
  1.555E+02  9.54981E-01 -1.57582E-11  1.45451E-11 -1.51617E-13  3.12202E-13
  1.560E+02  9.56773E-01 -1.57375E-11  1.45050E-11 -1.48557E-13  3.05659E-13
  1.565E+02  9.58530E-01 -1.57173E-11  1.44657E-11 -1.45495E-13  2.99126E-13
  1.570E+02  9.60252E-01 -1.56976E-11  1.44274E-11 -1.42432E-13  2.92604E-13
  1.575E+02  9.61940E-01 -1.56783E-11  1.43901E-11 -1.39365E-13  2.86092E-13
  1.580E+02  9.63592E-01 -1.56594E-11  1.43536E-11 -1.36297E-13  2.79591E-13
  1.585E+02  9.65209E-01 -1.56410E-11  1.43181E-11 -1.33227E-13  2.73099E-13
  1.590E+02  9.66790E-01 -1.56230E-11  1.42834E-11 -1.30155E-13  2.66617E-13
  1.595E+02  9.68336E-01 -1.56055E-11  1.42497E-11 -1.27081E-13  2.60144E-13
  1.600E+02  9.69846E-01 -1.55884E-11  1.42168E-11 -1.24005E-13  2.53681E-13
  1.605E+02  9.71321E-01 -1.55717E-11  1.41848E-11 -1.20927E-13  2.47226E-13
  1.610E+02  9.72759E-01 -1.55555E-11  1.41537E-11 -1.17847E-13  2.40780E-13
  1.615E+02  9.74162E-01 -1.55397E-11  1.41235E-11 -1.14766E-13  2.34343E-13
  1.620E+02  9.75528E-01 -1.55244E-11  1.40942E-11 -1.11683E-13  2.27913E-13
  1.625E+02  9.76858E-01 -1.55095E-11  1.40657E-11 -1.08598E-13  2.21492E-13
  1.630E+02  9.78152E-01 -1.54950E-11  1.40380E-11 -1.05512E-13  2.15078E-13
  1.635E+02  9.79410E-01 -1.54809E-11  1.40113E-11 -1.02425E-13  2.08672E-13
  1.640E+02  9.80631E-01 -1.54673E-11  1.39853E-11 -9.93358E-14  2.02273E-13
  1.645E+02  9.81815E-01 -1.54541E-11  1.39603E-11 -9.62453E-14  1.95881E-13
  1.650E+02  9.82963E-01 -1.54413E-11  1.39360E-11 -9.31536E-14  1.89496E-13
  1.655E+02  9.84074E-01 -1.54290E-11  1.39126E-11 -9.00605E-14  1.83118E-13
  1.660E+02  9.85148E-01 -1.54171E-11  1.38900E-11 -8.69662E-14  1.76745E-13
  1.665E+02  9.86185E-01 -1.54056E-11  1.38683E-11 -8.38707E-14  1.70379E-13
  1.670E+02  9.87185E-01 -1.53945E-11  1.38473E-11 -8.07740E-14  1.64019E-13
  1.675E+02  9.88148E-01 -1.53839E-11  1.38272E-11 -7.76762E-14  1.57665E-13
  1.680E+02  9.89074E-01 -1.53737E-11  1.38079E-11 -7.45773E-14  1.51316E-13
  1.685E+02  9.89962E-01 -1.53639E-11  1.37895E-11 -7.14775E-14  1.44972E-13
  1.690E+02  9.90814E-01 -1.53545E-11  1.37718E-11 -6.83766E-14  1.38633E-13
  1.695E+02  9.91627E-01 -1.53456E-11  1.37549E-11 -6.52749E-14  1.32299E-13
  1.700E+02  9.92404E-01 -1.53370E-11  1.37389E-11 -6.21722E-14  1.25970E-13
  1.705E+02  9.93143E-01 -1.53289E-11  1.37236E-11 -5.90687E-14  1.19645E-13
  1.710E+02  9.93844E-01 -1.53213E-11  1.37091E-11 -5.59644E-14  1.13323E-13
  1.715E+02  9.94508E-01 -1.53140E-11  1.36955E-11 -5.28594E-14  1.07006E-13
  1.720E+02  9.95134E-01 -1.53071E-11  1.36826E-11 -4.97537E-14  1.00693E-13
  1.725E+02  9.95722E-01 -1.53007E-11  1.36705E-11 -4.66472E-14  9.43829E-14
  1.730E+02  9.96273E-01 -1.52947E-11  1.36592E-11 -4.35402E-14  8.80761E-14
  1.735E+02  9.96786E-01 -1.52891E-11  1.36487E-11 -4.04326E-14  8.17724E-14
  1.740E+02  9.97261E-01 -1.52839E-11  1.36390E-11 -3.73245E-14  7.54714E-14
  1.745E+02  9.97698E-01 -1.52791E-11  1.36301E-11 -3.42158E-14  6.91731E-14
  1.750E+02  9.98097E-01 -1.52748E-11  1.36219E-11 -3.11067E-14  6.28771E-14
  1.755E+02  9.98459E-01 -1.52708E-11  1.36145E-11 -2.79972E-14  5.65832E-14
  1.760E+02  9.98782E-01 -1.52673E-11  1.36079E-11 -2.48874E-14  5.02913E-14
  1.765E+02  9.99067E-01 -1.52642E-11  1.36021E-11 -2.17771E-14  4.40012E-14
  1.770E+02  9.99315E-01 -1.52615E-11  1.35971E-11 -1.86667E-14  3.77125E-14
  1.775E+02  9.99524E-01 -1.52592E-11  1.35928E-11 -1.55559E-14  3.14251E-14
  1.780E+02  9.99695E-01 -1.52574E-11  1.35893E-11 -1.24450E-14  2.51388E-14
  1.785E+02  9.99829E-01 -1.52559E-11  1.35866E-11 -9.33388E-15  1.88533E-14
  1.790E+02  9.99924E-01 -1.52549E-11  1.35847E-11 -6.22266E-15  1.25685E-14
  1.795E+02  9.99981E-01 -1.52543E-11  1.35835E-11 -3.11135E-15  6.28416E-15
  1.800E+02  1.00000E+00 -1.52541E-11  1.35831E-11 -4.36630E-29  8.81878E-29
